kind,etag,id,snippet,replies,authorChannelId,publishedAt,textOriginal,nextPageToken,extraction_date
youtube#commentThread,t9SN599I97dfMJWiNKwNALg4prs,Ugx3YyD6y1QnYOJx7Ax4AaABAg,"{'videoId': 'k_P4GppwXwQ', 'topLevelComment': {'kind': 'youtube#comment', 'etag': 'r6sS87nrbbQSqh42SM7w9gbmICk', 'id': 'Ugx3YyD6y1QnYOJx7Ax4AaABAg', 'snippet': {'videoId': 'k_P4GppwXwQ', 'textDisplay': 'JÁ  ESTÁ  NA HORA DO CONGRESSO TOMAR UMA ATITUDE  . ESTE INTEGRANTE DO STF E PRESIDENTE DO STE ESTÁ  EXTRAPOLANDO.  ESSE ALEXANDRE DE MORAES  ESTÁ  PASSANDO  DOS LIMITES. SÓ  O CONGRESSO PARA DAR UM BASTA NISSO.  O CONGRESSO NÃO  FEZ O IMPEACHMENT  DE DILMA ROUSSEFF  . AGORA É  HORA DE VOTAR O IMPEACHMENT  DE ALEXANDRE DE MORAES.  TENENTE RENZETTI DE MESQUITA,RJ.', 'textOriginal': 'JÁ  ESTÁ  NA HORA DO CONGRESSO TOMAR UMA ATITUDE  . ESTE INTEGRANTE DO STF E PRESIDENTE DO STE ESTÁ  EXTRAPOLANDO.  ESSE ALEXANDRE DE MORAES  ESTÁ  PASSANDO  DOS LIMITES. SÓ  O CONGRESSO PARA DAR UM BASTA NISSO.  O CONGRESSO NÃO  FEZ O IMPEACHMENT  DE DILMA ROUSSEFF  . AGORA É  HORA DE VOTAR O IMPEACHMENT  DE ALEXANDRE DE MORAES.  TENENTE RENZETTI DE MESQUITA,RJ.', 'authorDisplayName': 'Ronaldo Renzetti', 'authorProfileImageUrl': 'https://yt3.ggpht.com/ytc/AGIKgqPf2TktpeFyu6Kq1roBlKou9J9XD8DgJL_5TH-6fMRbv8AfC3LQcwiP6VoReq0B=s48-c-k-c0x00ffffff-no-rj', 'authorChannelUrl': 'http://www.youtube.com/channel/UCAzuXPg_Ne3NlWrOEazISjg', 'authorChannelId': {'value': 'UCAzuXPg_Ne3NlWrOEazISjg'}, 'canRate': True, 'viewerRating': 'none', 'likeCount': 0, 'publishedAt': '2022-10-22T20:20:40Z', 'updatedAt': '2022-10-22T20:20:40Z'}}, 'canReply': True, 'totalReplyCount': 0, 'isPublic': True}",,UCAzuXPg_Ne3NlWrOEazISjg,2022-10-22T20:20:40Z,"JÁ  ESTÁ  NA HORA DO CONGRESSO TOMAR UMA ATITUDE  . ESTE INTEGRANTE DO STF E PRESIDENTE DO STE ESTÁ  EXTRAPOLANDO.  ESSE ALEXANDRE DE MORAES  ESTÁ  PASSANDO  DOS LIMITES. SÓ  O CONGRESSO PARA DAR UM BASTA NISSO.  O CONGRESSO NÃO  FEZ O IMPEACHMENT  DE DILMA ROUSSEFF  . AGORA É  HORA DE VOTAR O IMPEACHMENT  DE ALEXANDRE DE MORAES.  TENENTE RENZETTI DE MESQUITA,RJ.",QURTSl9pMl9vb3dseFRmYUZ2U3I3WjYtTXh3b2NEYmVlRDVuLXJILVBKUEwtd1hVZnl1T0lBY2Z5cXJUd0JiSWdIaGdqT0tlSGtBVldKdw==,2023-06-08 15:27:03.875074
youtube#commentThread,Z8SRS_8KNpAfd_nH1fNPYZ9NA_4,Ugw3aowgNljcr-1XWWB4AaABAg,"{'videoId': 'k_P4GppwXwQ', 'topLevelComment': {'kind': 'youtube#comment', 'etag': 'kxa2-2hAx8vbCRLri7-dFn5JYFg', 'id': 'Ugw3aowgNljcr-1XWWB4AaABAg', 'snippet': {'videoId': 'k_P4GppwXwQ', 'textDisplay': 'PARABENS DEPUTADO VAN HATTEN PELA SUA CORAGEM EM DEFENDER A  JOVEM PAN. ISTO QUE O MINISTRO  FEZ FOI UMA ARBITRARIADADE. QUERO VER OUTROS  DEPUTADOS  TAMBÉM  SE PRONUNCIAREM. ESTA ESCOLHA DOS  INTEGRANTES DO STF É  OBSOLETA . OS MINISTROS DO STF DEVERIAM SER ESCOLHIDOS  POR CONCURSO E NÃO  PELO QI , QUEM INDICOU.  TENENTE RENZETTI DE MESQUITA, RJ.', 'textOriginal': 'PARABENS DEPUTADO VAN HATTEN PELA SUA CORAGEM EM DEFENDER A  JOVEM PAN. ISTO QUE O MINISTRO  FEZ FOI UMA ARBITRARIADADE. QUERO VER OUTROS  DEPUTADOS  TAMBÉM  SE PRONUNCIAREM. ESTA ESCOLHA DOS  INTEGRANTES DO STF É  OBSOLETA . OS MINISTROS DO STF DEVERIAM SER ESCOLHIDOS  POR CONCURSO E NÃO  PELO QI , QUEM INDICOU.  TENENTE RENZETTI DE MESQUITA, RJ.', 'authorDisplayName': 'Ronaldo Renzetti', 'authorProfileImageUrl': 'https://yt3.ggpht.com/ytc/AGIKgqPf2TktpeFyu6Kq1roBlKou9J9XD8DgJL_5TH-6fMRbv8AfC3LQcwiP6VoReq0B=s48-c-k-c0x00ffffff-no-rj', 'authorChannelUrl': 'http://www.youtube.com/channel/UCAzuXPg_Ne3NlWrOEazISjg', 'authorChannelId': {'value': 'UCAzuXPg_Ne3NlWrOEazISjg'}, 'canRate': True, 'viewerRating': 'none', 'likeCount': 0, 'publishedAt': '2022-10-22T20:12:05Z', 'updatedAt': '2022-10-22T20:12:05Z'}}, 'canReply': True, 'totalReplyCount': 0, 'isPublic': True}",,UCAzuXPg_Ne3NlWrOEazISjg,2022-10-22T20:12:05Z,"PARABENS DEPUTADO VAN HATTEN PELA SUA CORAGEM EM DEFENDER A  JOVEM PAN. ISTO QUE O MINISTRO  FEZ FOI UMA ARBITRARIADADE. QUERO VER OUTROS  DEPUTADOS  TAMBÉM  SE PRONUNCIAREM. ESTA ESCOLHA DOS  INTEGRANTES DO STF É  OBSOLETA . OS MINISTROS DO STF DEVERIAM SER ESCOLHIDOS  POR CONCURSO E NÃO  PELO QI , QUEM INDICOU.  TENENTE RENZETTI DE MESQUITA, RJ.",QURTSl9pMl9vb3dseFRmYUZ2U3I3WjYtTXh3b2NEYmVlRDVuLXJILVBKUEwtd1hVZnl1T0lBY2Z5cXJUd0JiSWdIaGdqT0tlSGtBVldKdw==,2023-06-08 15:27:03.875074
youtube#commentThread,r8-PmTDEZDiVYpiE4DC6GIdOwKs,UgzkFo_7WLsmYfTgv094AaABAg,"{'videoId': 'w_0RDBrt21w', 'topLevelComment': {'kind': 'youtube#comment', 'etag': 'f8QVshUy8j58wNplvRLiwUzf_Ls', 'id': 'UgzkFo_7WLsmYfTgv094AaABAg', 'snippet': {'videoId': 'w_0RDBrt21w', 'textDisplay': 'A ABRATEL NÃO  CONCORDA COM A ATITUDE DO TSE DE CENSURAR  OS ÓRGÃOS  DE COMUNICAÇÃO.  A CRISTINA ESTÁ  CERTA A GLOBO NEWS FALA O TEMPO TODO QUE O BOLSONARO NÃO  FEZ NADA PELO PAÍS.  QUANDO É  SOBRE O LULA , A GLOBO NEWS NÃO  COMENTA NADA QUE DESABONE  A CONDUTA DO LULA.  NÃO  ESTÁO  RESPEITANDO A CONSTITUICAO. O QUE DIRIA O SAUDOSO ULISSES GUIMARÃES,DEFENSOR FERRENHO DA CONSTITUIÇÃO  QUE ELE  PROMULGOU EM 1988. TENENTE RENZETTI DE MESQUITA RJ', 'textOriginal': 'A ABRATEL NÃO  CONCORDA COM A ATITUDE DO TSE DE CENSURAR  OS ÓRGÃOS  DE COMUNICAÇÃO.  A CRISTINA ESTÁ  CERTA A GLOBO NEWS FALA O TEMPO TODO QUE O BOLSONARO NÃO  FEZ NADA PELO PAÍS.  QUANDO É  SOBRE O LULA , A GLOBO NEWS NÃO  COMENTA NADA QUE DESABONE  A CONDUTA DO LULA.  NÃO  ESTÁO  RESPEITANDO A CONSTITUICAO. O QUE DIRIA O SAUDOSO ULISSES GUIMARÃES,DEFENSOR FERRENHO DA CONSTITUIÇÃO  QUE ELE  PROMULGOU EM 1988. TENENTE RENZETTI DE MESQUITA RJ', 'authorDisplayName': 'Ronaldo Renzetti', 'authorProfileImageUrl': 'https://yt3.ggpht.com/ytc/AGIKgqPf2TktpeFyu6Kq1roBlKou9J9XD8DgJL_5TH-6fMRbv8AfC3LQcwiP6VoReq0B=s48-c-k-c0x00ffffff-no-rj', 'authorChannelUrl': 'http://www.youtube.com/channel/UCAzuXPg_Ne3NlWrOEazISjg', 'authorChannelId': {'value': 'UCAzuXPg_Ne3NlWrOEazISjg'}, 'canRate': True, 'viewerRating': 'none', 'likeCount': 0, 'publishedAt': '2022-10-20T13:59:39Z', 'updatedAt': '2022-10-20T13:59:39Z'}}, 'canReply': True, 'totalReplyCount': 0, 'isPublic': True}",,UCAzuXPg_Ne3NlWrOEazISjg,2022-10-20T13:59:39Z,"A ABRATEL NÃO  CONCORDA COM A ATITUDE DO TSE DE CENSURAR  OS ÓRGÃOS  DE COMUNICAÇÃO.  A CRISTINA ESTÁ  CERTA A GLOBO NEWS FALA O TEMPO TODO QUE O BOLSONARO NÃO  FEZ NADA PELO PAÍS.  QUANDO É  SOBRE O LULA , A GLOBO NEWS NÃO  COMENTA NADA QUE DESABONE  A CONDUTA DO LULA.  NÃO  ESTÁO  RESPEITANDO A CONSTITUICAO. O QUE DIRIA O SAUDOSO ULISSES GUIMARÃES,DEFENSOR FERRENHO DA CONSTITUIÇÃO  QUE ELE  PROMULGOU EM 1988. TENENTE RENZETTI DE MESQUITA RJ",QURTSl9pMFdKaklhbUl2MFRqZGI0VTdpcVkybTAtX1EwQ3RMQnV2ZXA2VTFSMGp6dXFJNHRyMXZBQ01yYTBTdUw1clU0dl9MUjN6RnFHbw==,2023-06-08 15:30:37.423163
youtube#commentThread,Rhp4pQqSZxGMSSSexkPHk7cvl5Q,UgzAkkB3TMFJfhAaFf54AaABAg,"{'videoId': 'w_0RDBrt21w', 'topLevelComment': {'kind': 'youtube#comment', 'etag': 'nqd_wllnguZUu2Ha7TXZN-rX_qs', 'id': 'UgzAkkB3TMFJfhAaFf54AaABAg', 'snippet': {'videoId': 'w_0RDBrt21w', 'textDisplay': 'CONSTAMTINO VOCÊ  ESTÁ  CERTO. O PIPERNO É A AMANDA KLEIN  PODEM FALAR DO BOLSONARO .NÓS  NÃO  PODEMOS FALAR DO EX-PRESIDIÁRIO.  ATE QUE ENFIM O PIPERNO  FALOU ALGUMA COISA QUE PRESTE, ELE É  CONTRA  A CENSURA JORNALÍSTICA.  TENENTE RENZETTI DE MESQUITA RJ', 'textOriginal': 'CONSTAMTINO VOCÊ  ESTÁ  CERTO. O PIPERNO É A AMANDA KLEIN  PODEM FALAR DO BOLSONARO .NÓS  NÃO  PODEMOS FALAR DO EX-PRESIDIÁRIO.  ATE QUE ENFIM O PIPERNO  FALOU ALGUMA COISA QUE PRESTE, ELE É  CONTRA  A CENSURA JORNALÍSTICA.  TENENTE RENZETTI DE MESQUITA RJ', 'authorDisplayName': 'Ronaldo Renzetti', 'authorProfileImageUrl': 'https://yt3.ggpht.com/ytc/AGIKgqPf2TktpeFyu6Kq1roBlKou9J9XD8DgJL_5TH-6fMRbv8AfC3LQcwiP6VoReq0B=s48-c-k-c0x00ffffff-no-rj', 'authorChannelUrl': 'http://www.youtube.com/channel/UCAzuXPg_Ne3NlWrOEazISjg', 'authorChannelId': {'value': 'UCAzuXPg_Ne3NlWrOEazISjg'}, 'canRate': True, 'viewerRating': 'none', 'likeCount': 0, 'publishedAt': '2022-10-20T13:46:49Z', 'updatedAt': '2022-10-20T13:46:49Z'}}, 'canReply': True, 'totalReplyCount': 0, 'isPublic': True}",,UCAzuXPg_Ne3NlWrOEazISjg,2022-10-20T13:46:49Z,"CONSTAMTINO VOCÊ  ESTÁ  CERTO. O PIPERNO É A AMANDA KLEIN  PODEM FALAR DO BOLSONARO .NÓS  NÃO  PODEMOS FALAR DO EX-PRESIDIÁRIO.  ATE QUE ENFIM O PIPERNO  FALOU ALGUMA COISA QUE PRESTE, ELE É  CONTRA  A CENSURA JORNALÍSTICA.  TENENTE RENZETTI DE MESQUITA RJ",QURTSl9pMFdKaklhbUl2MFRqZGI0VTdpcVkybTAtX1EwQ3RMQnV2ZXA2VTFSMGp6dXFJNHRyMXZBQ01yYTBTdUw1clU0dl9MUjN6RnFHbw==,2023-06-08 15:30:37.423163
youtube#commentThread,oH9VLYSdVVsSzH8t0YLX0U1eE50,UgxMwpqMy7t0dMZCS514AaABAg,"{'videoId': 'EQ8NAgkqSbo', 'topLevelComment': {'kind': 'youtube#comment', 'etag': 'O0cFOWzKD3nLoW8oGeIZ_Ew1n7k', 'id': 'UgxMwpqMy7t0dMZCS514AaABAg', 'snippet': {'videoId': 'EQ8NAgkqSbo', 'textDisplay': 'ISSO É  UMA LEVIANDADE FAZER CENSURA PRÉVIA  A JOVEM PAN.FELIZMENTE A ASSOCIAÇÃO  DE RÁDIOS E TELEVISÃO  SE COLOCOU CONTRA ESTA CENSURA. CAJURU DISSE QUE O PÚBLICO É  QUEM DEVE JULGAR SE A EMISSORA DIZ A VERDADE OU NÃO. A GLOBO NUNCA VAI SER SOLIDÁRIA A JOVEM PAN<br>TENENTE  RENZETT, MESQUITA , RJ', 'textOriginal': 'ISSO É  UMA LEVIANDADE FAZER CENSURA PRÉVIA  A JOVEM PAN.FELIZMENTE A ASSOCIAÇÃO  DE RÁDIOS E TELEVISÃO  SE COLOCOU CONTRA ESTA CENSURA. CAJURU DISSE QUE O PÚBLICO É  QUEM DEVE JULGAR SE A EMISSORA DIZ A VERDADE OU NÃO. A GLOBO NUNCA VAI SER SOLIDÁRIA A JOVEM PAN\\\\nTENENTE  RENZETT, MESQUITA , RJ', 'authorDisplayName': 'Ronaldo Renzetti', 'authorProfileImageUrl': 'https://yt3.ggpht.com/ytc/AGIKgqPf2TktpeFyu6Kq1roBlKou9J9XD8DgJL_5TH-6fMRbv8AfC3LQcwiP6VoReq0B=s48-c-k-c0x00ffffff-no-rj', 'authorChannelUrl': 'http://www.youtube.com/channel/UCAzuXPg_Ne3NlWrOEazISjg', 'authorChannelId': {'value': 'UCAzuXPg_Ne3NlWrOEazISjg'}, 'canRate': True, 'viewerRating': 'none', 'likeCount': 0, 'publishedAt': '2022-10-19T23:29:46Z', 'updatedAt': '2022-10-19T23:29:46Z'}}, 'canReply': True, 'totalReplyCount': 0, 'isPublic': True}",,UCAzuXPg_Ne3NlWrOEazISjg,2022-10-19T23:29:46Z,"ISSO É  UMA LEVIANDADE FAZER CENSURA PRÉVIA  A JOVEM PAN.FELIZMENTE A ASSOCIAÇÃO  DE RÁDIOS E TELEVISÃO  SE COLOCOU CONTRA ESTA CENSURA. CAJURU DISSE QUE O PÚBLICO É  QUEM DEVE JULGAR SE A EMISSORA DIZ A VERDADE OU NÃO. A GLOBO NUNCA VAI SER SOLIDÁRIA A JOVEM PAN
TENENTE  RENZETT, MESQUITA , RJ",QURTSl9pMU9hNFRHT1daT1JhalNjMkVCclhRam1veWUzaU1qN2xiM2hBOWRMeVQ4QkVSWFQ5VlY0RjE3ZkpocVc5OVZ4S3JOc2pkMWxSMA==,2023-06-08 15:31:42.793061
youtube#commentThread,WE977LNvSajAjwQ8Xmwai2GDPYw,UgyPhur4fw28DuqNoQt4AaABAg,"{'videoId': 'EQ8NAgkqSbo', 'topLevelComment': {'kind': 'youtube#comment', 'etag': 'L_RR6cV21bJg_XWyTETrGHytgZY', 'id': 'UgyPhur4fw28DuqNoQt4AaABAg', 'snippet': {'videoId': 'EQ8NAgkqSbo', 'textDisplay': 'QUE TRIO: MINISTRO MARCO AURÉLIO, SENADOR EDUARDO GIRAO   E O SENADOR JORGE CAJURU. O GIRAO FICOU REVOLTADO COM A CENSURA À  IMPRENSA<br>O CAJURU ELOGIOU A JOVEM PAN É DISSE QUE OUTRAS EMISSORAS NÃO  O CONVIDAM PORQUÊ  TEM MEDO DELE FALAR A VERDADE. O MARCO AURELIO  NÃO  CONCORDA QUE HAJA CENSURA NA IMPRENSA. DISSE CASO ALGUÉM  DA IMPRENSA  FAÇA  CALÚNIAS  QUE SEJA PUNIDO COMFORME A LEGISLAÇÃO.  ELE CONTOU QUE FOI AO REDTAURANTE É COMEU LULA. ISSO DEU UM PROBLEMA DANADO. TENENTE RENZETTI DE MESQUITA,RJ', 'textOriginal': 'QUE TRIO: MINISTRO MARCO AURÉLIO, SENADOR EDUARDO GIRAO   E O SENADOR JORGE CAJURU. O GIRAO FICOU REVOLTADO COM A CENSURA À  IMPRENSA\\\\nO CAJURU ELOGIOU A JOVEM PAN É DISSE QUE OUTRAS EMISSORAS NÃO  O CONVIDAM PORQUÊ  TEM MEDO DELE FALAR A VERDADE. O MARCO AURELIO  NÃO  CONCORDA QUE HAJA CENSURA NA IMPRENSA. DISSE CASO ALGUÉM  DA IMPRENSA  FAÇA  CALÚNIAS  QUE SEJA PUNIDO COMFORME A LEGISLAÇÃO.  ELE CONTOU QUE FOI AO REDTAURANTE É COMEU LULA. ISSO DEU UM PROBLEMA DANADO. TENENTE RENZETTI DE MESQUITA,RJ', 'authorDisplayName': 'Ronaldo Renzetti', 'authorProfileImageUrl': 'https://yt3.ggpht.com/ytc/AGIKgqPf2TktpeFyu6Kq1roBlKou9J9XD8DgJL_5TH-6fMRbv8AfC3LQcwiP6VoReq0B=s48-c-k-c0x00ffffff-no-rj', 'authorChannelUrl': 'http://www.youtube.com/channel/UCAzuXPg_Ne3NlWrOEazISjg', 'authorChannelId': {'value': 'UCAzuXPg_Ne3NlWrOEazISjg'}, 'canRate': True, 'viewerRating': 'none', 'likeCount': 0, 'publishedAt': '2022-10-19T23:20:08Z', 'updatedAt': '2022-10-19T23:20:08Z'}}, 'canReply': True, 'totalReplyCount': 0, 'isPublic': True}",,UCAzuXPg_Ne3NlWrOEazISjg,2022-10-19T23:20:08Z,"QUE TRIO: MINISTRO MARCO AURÉLIO, SENADOR EDUARDO GIRAO   E O SENADOR JORGE CAJURU. O GIRAO FICOU REVOLTADO COM A CENSURA À  IMPRENSA
O CAJURU ELOGIOU A JOVEM PAN É DISSE QUE OUTRAS EMISSORAS NÃO  O CONVIDAM PORQUÊ  TEM MEDO DELE FALAR A VERDADE. O MARCO AURELIO  NÃO  CONCORDA QUE HAJA CENSURA NA IMPRENSA. DISSE CASO ALGUÉM  DA IMPRENSA  FAÇA  CALÚNIAS  QUE SEJA PUNIDO COMFORME A LEGISLAÇÃO.  ELE CONTOU QUE FOI AO REDTAURANTE É COMEU LULA. ISSO DEU UM PROBLEMA DANADO. TENENTE RENZETTI DE MESQUITA,RJ",QURTSl9pMGVpVEdXMUcwSGFpM2tsbWNjQld2T0JMaWtHb0pBU1h0TktHTHRsazA0aFJTRUFnSVRhSlVGd3JuOUJnU2gwcTZXb1lNaWlCcw==,2023-06-08 15:31:43.593286
youtube#commentThread,M8csUQkG0w21XHThwyy-j2X5W_k,UgzArFHD8eqXnvTpR0h4AaABAg,"{'videoId': 'jWcU3EbWjD4', 'topLevelComment': {'kind': 'youtube#comment', 'etag': 'tZ9qeT3lLnxLIBUYS9oLYVJoUrc', 'id': 'UgzArFHD8eqXnvTpR0h4AaABAg', 'snippet': {'videoId': 'jWcU3EbWjD4', 'textDisplay': 'ESSA REGULAÇÃO  DA MÍDIA  É  UMA PIADA DE MAL GOSTO DO LULA. ELE FALA DE TODO MUNDO, MAS A PESSOAL DA ESQUERDA ACHA BONITINHO AS BESTEIRAS QUE O EX-PRESIDIÁRIO  DIZ. LULA VOCÊ  SE DIZ TÃO  DEMOCRÁTICO, MAS  QUER CENSURAR A IMPRENSA. TENENTE  RENZETTI DE MESQUITA,RJ.', 'textOriginal': 'ESSA REGULAÇÃO  DA MÍDIA  É  UMA PIADA DE MAL GOSTO DO LULA. ELE FALA DE TODO MUNDO, MAS A PESSOAL DA ESQUERDA ACHA BONITINHO AS BESTEIRAS QUE O EX-PRESIDIÁRIO  DIZ. LULA VOCÊ  SE DIZ TÃO  DEMOCRÁTICO, MAS  QUER CENSURAR A IMPRENSA. TENENTE  RENZETTI DE MESQUITA,RJ.', 'authorDisplayName': 'Ronaldo Renzetti', 'authorProfileImageUrl': 'https://yt3.ggpht.com/ytc/AGIKgqPf2TktpeFyu6Kq1roBlKou9J9XD8DgJL_5TH-6fMRbv8AfC3LQcwiP6VoReq0B=s48-c-k-c0x00ffffff-no-rj', 'authorChannelUrl': 'http://www.youtube.com/channel/UCAzuXPg_Ne3NlWrOEazISjg', 'authorChannelId': {'value': 'UCAzuXPg_Ne3NlWrOEazISjg'}, 'canRate': True, 'viewerRating': 'none', 'likeCount': 0, 'publishedAt': '2022-10-19T22:24:59Z', 'updatedAt': '2022-10-19T22:24:59Z'}}, 'canReply': True, 'totalReplyCount': 0, 'isPublic': True}",,UCAzuXPg_Ne3NlWrOEazISjg,2022-10-19T22:24:59Z,"ESSA REGULAÇÃO  DA MÍDIA  É  UMA PIADA DE MAL GOSTO DO LULA. ELE FALA DE TODO MUNDO, MAS A PESSOAL DA ESQUERDA ACHA BONITINHO AS BESTEIRAS QUE O EX-PRESIDIÁRIO  DIZ. LULA VOCÊ  SE DIZ TÃO  DEMOCRÁTICO, MAS  QUER CENSURAR A IMPRENSA. TENENTE  RENZETTI DE MESQUITA,RJ.",QURTSl9pMjRQRnFZR2JaM2RSZkFwWXdMWVZnenNRZ1ZLbTJ5RlUzcnprNHNicEZSQlJ0Y0FJaWI2T0szcTRFZW96alpLXzFhYjRtT0IxZw==,2023-06-08 15:36:35.063736
youtube#commentThread,GHeHWFienKhV6BHlsOjtZZj-Bds,UgzfgGqO9U2s7bYYJa14AaABAg,"{'videoId': 'jWcU3EbWjD4', 'topLevelComment': {'kind': 'youtube#comment', 'etag': 'MPuvMdfYxOe4sz-c5EbsO93gshk', 'id': 'UgzfgGqO9U2s7bYYJa14AaABAg', 'snippet': {'videoId': 'jWcU3EbWjD4', 'textDisplay': 'DA IMPRENSA O LULA QUER CALAR A VOZ DE VOCES. AGORA OS JORNALISTAS TEM QUE SER VAQUINHA DE PRESÉPIO. LULA A IMPRENSA TEM QUE SER LIVRE. CASO ALGUÉM  DA IMPRENSA FALA O QUE NÃO  DEVE SERÁ  PUNIDO DE ACORDO COM A CONSTITUIÇÃO.', 'textOriginal': 'DA IMPRENSA O LULA QUER CALAR A VOZ DE VOCES. AGORA OS JORNALISTAS TEM QUE SER VAQUINHA DE PRESÉPIO. LULA A IMPRENSA TEM QUE SER LIVRE. CASO ALGUÉM  DA IMPRENSA FALA O QUE NÃO  DEVE SERÁ  PUNIDO DE ACORDO COM A CONSTITUIÇÃO.', 'authorDisplayName': 'Ronaldo Renzetti', 'authorProfileImageUrl': 'https://yt3.ggpht.com/ytc/AGIKgqPf2TktpeFyu6Kq1roBlKou9J9XD8DgJL_5TH-6fMRbv8AfC3LQcwiP6VoReq0B=s48-c-k-c0x00ffffff-no-rj', 'authorChannelUrl': 'http://www.youtube.com/channel/UCAzuXPg_Ne3NlWrOEazISjg', 'authorChannelId': {'value': 'UCAzuXPg_Ne3NlWrOEazISjg'}, 'canRate': True, 'viewerRating': 'none', 'likeCount': 0, 'publishedAt': '2022-10-19T22:19:09Z', 'updatedAt': '2022-10-19T22:19:09Z'}}, 'canReply': True, 'totalReplyCount': 0, 'isPublic': True}",,UCAzuXPg_Ne3NlWrOEazISjg,2022-10-19T22:19:09Z,DA IMPRENSA O LULA QUER CALAR A VOZ DE VOCES. AGORA OS JORNALISTAS TEM QUE SER VAQUINHA DE PRESÉPIO. LULA A IMPRENSA TEM QUE SER LIVRE. CASO ALGUÉM  DA IMPRENSA FALA O QUE NÃO  DEVE SERÁ  PUNIDO DE ACORDO COM A CONSTITUIÇÃO.,QURTSl9pMjRQRnFZR2JaM2RSZkFwWXdMWVZnenNRZ1ZLbTJ5RlUzcnprNHNicEZSQlJ0Y0FJaWI2T0szcTRFZW96alpLXzFhYjRtT0IxZw==,2023-06-08 15:36:35.063736
youtube#commentThread,EQ3UyjG5SkPXwM_EUTSOkG9klHI,UgxX26j4piQQRM60rZB4AaABAg,"{'videoId': 'jWcU3EbWjD4', 'topLevelComment': {'kind': 'youtube#comment', 'etag': 'PrsQgiPMSIQDtIX9vxn2RQR_XUE', 'id': 'UgxX26j4piQQRM60rZB4AaABAg', 'snippet': {'videoId': 'jWcU3EbWjD4', 'textDisplay': 'O LULA CONTINUA O MESMO. FALA .FALA . É NÃO  DIZ NADA.CUIDADO PRSSOAL DA IMPRE', 'textOriginal': 'O LULA CONTINUA O MESMO. FALA .FALA . É NÃO  DIZ NADA.CUIDADO PRSSOAL DA IMPRE', 'authorDisplayName': 'Ronaldo Renzetti', 'authorProfileImageUrl': 'https://yt3.ggpht.com/ytc/AGIKgqPf2TktpeFyu6Kq1roBlKou9J9XD8DgJL_5TH-6fMRbv8AfC3LQcwiP6VoReq0B=s48-c-k-c0x00ffffff-no-rj', 'authorChannelUrl': 'http://www.youtube.com/channel/UCAzuXPg_Ne3NlWrOEazISjg', 'authorChannelId': {'value': 'UCAzuXPg_Ne3NlWrOEazISjg'}, 'canRate': True, 'viewerRating': 'none', 'likeCount': 0, 'publishedAt': '2022-10-19T22:13:37Z', 'updatedAt': '2022-10-19T22:13:37Z'}}, 'canReply': True, 'totalReplyCount': 0, 'isPublic': True}",,UCAzuXPg_Ne3NlWrOEazISjg,2022-10-19T22:13:37Z,O LULA CONTINUA O MESMO. FALA .FALA . É NÃO  DIZ NADA.CUIDADO PRSSOAL DA IMPRE,QURTSl9pMjRQRnFZR2JaM2RSZkFwWXdMWVZnenNRZ1ZLbTJ5RlUzcnprNHNicEZSQlJ0Y0FJaWI2T0szcTRFZW96alpLXzFhYjRtT0IxZw==,2023-06-08 15:36:35.063736
youtube#commentThread,TjrVh1g0ZMPqyA6ovqPujH8HErw,UgyIcSvCG-2iNrstwKx4AaABAg,"{'videoId': 'GFCcG8GmWDo', 'topLevelComment': {'kind': 'youtube#comment', 'etag': '48qetYtoxsJ0LqPACU87QAAHR5Y', 'id': 'UgyIcSvCG-2iNrstwKx4AaABAg', 'snippet': {'videoId': 'GFCcG8GmWDo', 'textDisplay': 'INFELIZMENTE ALGUNS MILITANTES DO PSDB ESTÃO  VOTANDO NO    EX-!PRESIDIARIO.  AINDA BEM QUE NÓS  TEMOS DEPUTADOS COMO ESTE QUE ESTÁ  SENDO  ENTREVISTADO  SABE QUE O PT É  RUIM PARA O PAÍS. O LULA FOI CONTRA O PLANO REAL  E É  CONTR AS PRIVATIZAÇÕES.  PARABÉNS  DEPUTADO CARLOS SAMPAIO PELA SUA COERENCIA . É PARABÉNS  AO GOVERNADOR RODRIGO GARCIA POR ESTAR COM O PRESIDENTE BOLSONARO. TENENTE RENZETTI DE MESQUITA,RJ.', 'textOriginal': 'INFELIZMENTE ALGUNS MILITANTES DO PSDB ESTÃO  VOTANDO NO    EX-!PRESIDIARIO.  AINDA BEM QUE NÓS  TEMOS DEPUTADOS COMO ESTE QUE ESTÁ  SENDO  ENTREVISTADO  SABE QUE O PT É  RUIM PARA O PAÍS. O LULA FOI CONTRA O PLANO REAL  E É  CONTR AS PRIVATIZAÇÕES.  PARABÉNS  DEPUTADO CARLOS SAMPAIO PELA SUA COERENCIA . É PARABÉNS  AO GOVERNADOR RODRIGO GARCIA POR ESTAR COM O PRESIDENTE BOLSONARO. TENENTE RENZETTI DE MESQUITA,RJ.', 'authorDisplayName': 'Ronaldo Renzetti', 'authorProfileImageUrl': 'https://yt3.ggpht.com/ytc/AGIKgqPf2TktpeFyu6Kq1roBlKou9J9XD8DgJL_5TH-6fMRbv8AfC3LQcwiP6VoReq0B=s48-c-k-c0x00ffffff-no-rj', 'authorChannelUrl': 'http://www.youtube.com/channel/UCAzuXPg_Ne3NlWrOEazISjg', 'authorChannelId': {'value': 'UCAzuXPg_Ne3NlWrOEazISjg'}, 'canRate': True, 'viewerRating': 'none', 'likeCount': 0, 'publishedAt': '2022-10-19T17:27:24Z', 'updatedAt': '2022-10-19T17:27:24Z'}}, 'canReply': True, 'totalReplyCount': 0, 'isPublic': True}",,UCAzuXPg_Ne3NlWrOEazISjg,2022-10-19T17:27:24Z,"INFELIZMENTE ALGUNS MILITANTES DO PSDB ESTÃO  VOTANDO NO    EX-!PRESIDIARIO.  AINDA BEM QUE NÓS  TEMOS DEPUTADOS COMO ESTE QUE ESTÁ  SENDO  ENTREVISTADO  SABE QUE O PT É  RUIM PARA O PAÍS. O LULA FOI CONTRA O PLANO REAL  E É  CONTR AS PRIVATIZAÇÕES.  PARABÉNS  DEPUTADO CARLOS SAMPAIO PELA SUA COERENCIA . É PARABÉNS  AO GOVERNADOR RODRIGO GARCIA POR ESTAR COM O PRESIDENTE BOLSONARO. TENENTE RENZETTI DE MESQUITA,RJ.",QURTSl9pMU1KTkdxVU9zcVNta0hOZTBPS2lDZGd5VDV6SElCUzRqVFNDc2Q2bzZoTkNpU1VrcmNsOEJJZlBQLVd1SnB4dFE4ZExlQnBsRQ==,2023-06-08 15:39:16.268304
youtube#commentThread,nBrrGg-jA9yN-x9glUF-vWbcJPQ,UgyZGqlamizjEv4G4iB4AaABAg,"{'videoId': 'GFCcG8GmWDo', 'topLevelComment': {'kind': 'youtube#comment', 'etag': 'K2krYwB4vzfreaTRLGGY9JrhNYo', 'id': 'UgyZGqlamizjEv4G4iB4AaABAg', 'snippet': {'videoId': 'GFCcG8GmWDo', 'textDisplay': 'EU NÃO  ENTENDO O EX-!PREDIDENTE FERRNAMDO HENRIQUE DAR APOIO  AO LULS. O MESMO LULA QUE FOI CONTRA O PLANO REAL. POR ISSO O PSDB ESTÁ  MINGUANDO. TENENTE  RENZETTI DE MESQUITA RJ', 'textOriginal': 'EU NÃO  ENTENDO O EX-!PREDIDENTE FERRNAMDO HENRIQUE DAR APOIO  AO LULS. O MESMO LULA QUE FOI CONTRA O PLANO REAL. POR ISSO O PSDB ESTÁ  MINGUANDO. TENENTE  RENZETTI DE MESQUITA RJ', 'authorDisplayName': 'Ronaldo Renzetti', 'authorProfileImageUrl': 'https://yt3.ggpht.com/ytc/AGIKgqPf2TktpeFyu6Kq1roBlKou9J9XD8DgJL_5TH-6fMRbv8AfC3LQcwiP6VoReq0B=s48-c-k-c0x00ffffff-no-rj', 'authorChannelUrl': 'http://www.youtube.com/channel/UCAzuXPg_Ne3NlWrOEazISjg', 'authorChannelId': {'value': 'UCAzuXPg_Ne3NlWrOEazISjg'}, 'canRate': True, 'viewerRating': 'none', 'likeCount': 0, 'publishedAt': '2022-10-19T15:58:52Z', 'updatedAt': '2022-10-19T15:58:52Z'}}, 'canReply': True, 'totalReplyCount': 0, 'isPublic': True}",,UCAzuXPg_Ne3NlWrOEazISjg,2022-10-19T15:58:52Z,EU NÃO  ENTENDO O EX-!PREDIDENTE FERRNAMDO HENRIQUE DAR APOIO  AO LULS. O MESMO LULA QUE FOI CONTRA O PLANO REAL. POR ISSO O PSDB ESTÁ  MINGUANDO. TENENTE  RENZETTI DE MESQUITA RJ,QURTSl9pMU1KTkdxVU9zcVNta0hOZTBPS2lDZGd5VDV6SElCUzRqVFNDc2Q2bzZoTkNpU1VrcmNsOEJJZlBQLVd1SnB4dFE4ZExlQnBsRQ==,2023-06-08 15:39:16.268304
youtube#commentThread,90hy-P1VW0s60t1Su12RqshodZA,UgwiuG6oFJmm6_tP4GF4AaABAg,"{'videoId': 'Tt_9u66SXsk', 'topLevelComment': {'kind': 'youtube#comment', 'etag': 's-IGC7ndn4eV9XnbLzCX_r6dszs', 'id': 'UgwiuG6oFJmm6_tP4GF4AaABAg', 'snippet': {'videoId': 'Tt_9u66SXsk', 'textDisplay': 'O SBT ACABA DE COMUNICAR  QUE O EX-PRESIDIÁRIO  LULA NÃO  COMPARECERA AO DEBATE, NA PRÓXIMA  SEXTA-FEIRA , ÀS  <a href=""https://www.youtube.com/watch?v=Tt_9u66SXsk&amp;t=21m30s"">21:30</a> HORAS. O SBT FARÁ  UMA ENTREVISTA COM O  BOLSONARO. LULA VOCÊ  ESTÁ  COM MEDO? TENENTE RENZETTI, MESQUITA RJ.', 'textOriginal': 'O SBT ACABA DE COMUNICAR  QUE O EX-PRESIDIÁRIO  LULA NÃO  COMPARECERA AO DEBATE, NA PRÓXIMA  SEXTA-FEIRA , ÀS  21:30 HORAS. O SBT FARÁ  UMA ENTREVISTA COM O  BOLSONARO. LULA VOCÊ  ESTÁ  COM MEDO? TENENTE RENZETTI, MESQUITA RJ.', 'authorDisplayName': 'Ronaldo Renzetti', 'authorProfileImageUrl': 'https://yt3.ggpht.com/ytc/AGIKgqPf2TktpeFyu6Kq1roBlKou9J9XD8DgJL_5TH-6fMRbv8AfC3LQcwiP6VoReq0B=s48-c-k-c0x00ffffff-no-rj', 'authorChannelUrl': 'http://www.youtube.com/channel/UCAzuXPg_Ne3NlWrOEazISjg', 'authorChannelId': {'value': 'UCAzuXPg_Ne3NlWrOEazISjg'}, 'canRate': True, 'viewerRating': 'none', 'likeCount': 0, 'publishedAt': '2022-10-18T23:38:58Z', 'updatedAt': '2022-10-18T23:38:58Z'}}, 'canReply': True, 'totalReplyCount': 0, 'isPublic': True}",,UCAzuXPg_Ne3NlWrOEazISjg,2022-10-18T23:38:58Z,"O SBT ACABA DE COMUNICAR  QUE O EX-PRESIDIÁRIO  LULA NÃO  COMPARECERA AO DEBATE, NA PRÓXIMA  SEXTA-FEIRA , ÀS  21:30 HORAS. O SBT FARÁ  UMA ENTREVISTA COM O  BOLSONARO. LULA VOCÊ  ESTÁ  COM MEDO? TENENTE RENZETTI, MESQUITA RJ.",QURTSl9pMXgzbnZVRnJyS21ZREUtY3FLYjRGR1pwWHAtdVVCM3c1NFlHVVFxNFFLOW8wYWt1Q3lneDFmQmswcjlsamNzTWtveWlkNzQ4NA==,2023-06-08 15:43:17.006809
youtube#commentThread,79WO2ouJyT2pKJeRT4QHBEGjN_c,Ugy5gtnwHnGNEshyiup4AaABAg,"{'videoId': 'Tt_9u66SXsk', 'topLevelComment': {'kind': 'youtube#comment', 'etag': 'XkFYlfNaqr2Y-hY-lJ-M5N8wcZs', 'id': 'Ugy5gtnwHnGNEshyiup4AaABAg', 'snippet': {'videoId': 'Tt_9u66SXsk', 'textDisplay': 'VOCÊ  ESTÁ  CERTO TARCISIO A CAMERA INIBI O POLICIAL. O GOVERNO TEM DE CONFIAR NA POLÍCIA.  CASO UM POLICIAL COMETA UM ERRO . ELE DEVE SER PUNIDO. TENENTE  RENZETTI DE MESQUITA,RJ', 'textOriginal': 'VOCÊ  ESTÁ  CERTO TARCISIO A CAMERA INIBI O POLICIAL. O GOVERNO TEM DE CONFIAR NA POLÍCIA.  CASO UM POLICIAL COMETA UM ERRO . ELE DEVE SER PUNIDO. TENENTE  RENZETTI DE MESQUITA,RJ', 'authorDisplayName': 'Ronaldo Renzetti', 'authorProfileImageUrl': 'https://yt3.ggpht.com/ytc/AGIKgqPf2TktpeFyu6Kq1roBlKou9J9XD8DgJL_5TH-6fMRbv8AfC3LQcwiP6VoReq0B=s48-c-k-c0x00ffffff-no-rj', 'authorChannelUrl': 'http://www.youtube.com/channel/UCAzuXPg_Ne3NlWrOEazISjg', 'authorChannelId': {'value': 'UCAzuXPg_Ne3NlWrOEazISjg'}, 'canRate': True, 'viewerRating': 'none', 'likeCount': 0, 'publishedAt': '2022-10-18T23:31:18Z', 'updatedAt': '2022-10-18T23:31:18Z'}}, 'canReply': True, 'totalReplyCount': 0, 'isPublic': True}",,UCAzuXPg_Ne3NlWrOEazISjg,2022-10-18T23:31:18Z,"VOCÊ  ESTÁ  CERTO TARCISIO A CAMERA INIBI O POLICIAL. O GOVERNO TEM DE CONFIAR NA POLÍCIA.  CASO UM POLICIAL COMETA UM ERRO . ELE DEVE SER PUNIDO. TENENTE  RENZETTI DE MESQUITA,RJ",QURTSl9pMXgzbnZVRnJyS21ZREUtY3FLYjRGR1pwWHAtdVVCM3c1NFlHVVFxNFFLOW8wYWt1Q3lneDFmQmswcjlsamNzTWtveWlkNzQ4NA==,2023-06-08 15:43:17.006809
youtube#commentThread,bQeMExHQIkVr17eamq-uK6wiFOg,Ugxq_89O5ue3DrYcyaZ4AaABAg,"{'videoId': '95t9iTXd9VM', 'topLevelComment': {'kind': 'youtube#comment', 'etag': 'xk4P8rEdn3qcV3yHPZAx9-E6zRc', 'id': 'Ugxq_89O5ue3DrYcyaZ4AaABAg', 'snippet': {'videoId': '95t9iTXd9VM', 'textDisplay': 'ENGRAÇADO  SÓ  ACONTECE COM OS  APOIADORES DO BOLSONARO. EU NÃO  QUERO AFIRMAR NADA, MAS O LULA QUANDO ESTEVE NO MORRO DA ALEMÃO  FOI ESCOLTADO PELOS TRAFICANTES. O TARCISIO TEM RAZÃO  LEVAR O ESTADO PAR AS ÁREAS  CARENTES. TARCISIO SE ELES DEIXAREM. BOLSONARO NA CABEÇA <br> TENENTE  RENZETTI MESQUITA  , RJ', 'textOriginal': 'ENGRAÇADO  SÓ  ACONTECE COM OS  APOIADORES DO BOLSONARO. EU NÃO  QUERO AFIRMAR NADA, MAS O LULA QUANDO ESTEVE NO MORRO DA ALEMÃO  FOI ESCOLTADO PELOS TRAFICANTES. O TARCISIO TEM RAZÃO  LEVAR O ESTADO PAR AS ÁREAS  CARENTES. TARCISIO SE ELES DEIXAREM. BOLSONARO NA CABEÇA \\\\n TENENTE  RENZETTI MESQUITA  , RJ', 'authorDisplayName': 'Ronaldo Renzetti', 'authorProfileImageUrl': 'https://yt3.ggpht.com/ytc/AGIKgqPf2TktpeFyu6Kq1roBlKou9J9XD8DgJL_5TH-6fMRbv8AfC3LQcwiP6VoReq0B=s48-c-k-c0x00ffffff-no-rj', 'authorChannelUrl': 'http://www.youtube.com/channel/UCAzuXPg_Ne3NlWrOEazISjg', 'authorChannelId': {'value': 'UCAzuXPg_Ne3NlWrOEazISjg'}, 'canRate': True, 'viewerRating': 'none', 'likeCount': 0, 'publishedAt': '2022-10-18T12:51:08Z', 'updatedAt': '2022-10-18T12:51:08Z'}}, 'canReply': True, 'totalReplyCount': 0, 'isPublic': True}",,UCAzuXPg_Ne3NlWrOEazISjg,2022-10-18T12:51:08Z,"ENGRAÇADO  SÓ  ACONTECE COM OS  APOIADORES DO BOLSONARO. EU NÃO  QUERO AFIRMAR NADA, MAS O LULA QUANDO ESTEVE NO MORRO DA ALEMÃO  FOI ESCOLTADO PELOS TRAFICANTES. O TARCISIO TEM RAZÃO  LEVAR O ESTADO PAR AS ÁREAS  CARENTES. TARCISIO SE ELES DEIXAREM. BOLSONARO NA CABEÇA 
 TENENTE  RENZETTI MESQUITA  , RJ",QURTSl9pME5sWVZGRVFnS3VJY0xOeFVzRVNpZGswY3JaUi1KTlFuX1N6clM0OGEzWlZjOHdPN2xCWGFjazhMenlkQ001TFpUS0ptSDZjZw==,2023-06-08 15:45:00.616098
youtube#commentThread,Q8P6fQQ8R8lbOtwLLCX_LizC4FE,UgwC4dQlxAAT2zpz9054AaABAg,"{'videoId': 'wkoEkUxqo1k', 'topLevelComment': {'kind': 'youtube#comment', 'etag': 'ysjrFEmfkLOMmLqEka9BycQDY_E', 'id': 'UgwC4dQlxAAT2zpz9054AaABAg', 'snippet': {'videoId': 'wkoEkUxqo1k', 'textDisplay': 'FORÇA  TARCISIO . ESTÁ  FALTANDO POUCO PARA SUA VITÓRIA. VOCÊ  ESTÁ  CERTO FOI UMA INTIMIDAÇÃO  QUE O CRIME ORGANIZADO ESTÁ  FAZENDO. ELES  NÃO  QUEREM A PRESENÇA  DO ESTADO NAS COMUNIDADES. E A PRESENÇA  DE UM CANDIDATO A GOVERNADOR ASSUSTA OS FORA DA LEI. AGORA ACHO ESTRANHO NÃO  ACONTECER O MESMO COM O HADDAD.', 'textOriginal': 'FORÇA  TARCISIO . ESTÁ  FALTANDO POUCO PARA SUA VITÓRIA. VOCÊ  ESTÁ  CERTO FOI UMA INTIMIDAÇÃO  QUE O CRIME ORGANIZADO ESTÁ  FAZENDO. ELES  NÃO  QUEREM A PRESENÇA  DO ESTADO NAS COMUNIDADES. E A PRESENÇA  DE UM CANDIDATO A GOVERNADOR ASSUSTA OS FORA DA LEI. AGORA ACHO ESTRANHO NÃO  ACONTECER O MESMO COM O HADDAD.', 'authorDisplayName': 'Ronaldo Renzetti', 'authorProfileImageUrl': 'https://yt3.ggpht.com/ytc/AGIKgqPf2TktpeFyu6Kq1roBlKou9J9XD8DgJL_5TH-6fMRbv8AfC3LQcwiP6VoReq0B=s48-c-k-c0x00ffffff-no-rj', 'authorChannelUrl': 'http://www.youtube.com/channel/UCAzuXPg_Ne3NlWrOEazISjg', 'authorChannelId': {'value': 'UCAzuXPg_Ne3NlWrOEazISjg'}, 'canRate': True, 'viewerRating': 'none', 'likeCount': 0, 'publishedAt': '2022-10-17T23:30:45Z', 'updatedAt': '2022-10-17T23:30:45Z'}}, 'canReply': True, 'totalReplyCount': 0, 'isPublic': True}",,UCAzuXPg_Ne3NlWrOEazISjg,2022-10-17T23:30:45Z,FORÇA  TARCISIO . ESTÁ  FALTANDO POUCO PARA SUA VITÓRIA. VOCÊ  ESTÁ  CERTO FOI UMA INTIMIDAÇÃO  QUE O CRIME ORGANIZADO ESTÁ  FAZENDO. ELES  NÃO  QUEREM A PRESENÇA  DO ESTADO NAS COMUNIDADES. E A PRESENÇA  DE UM CANDIDATO A GOVERNADOR ASSUSTA OS FORA DA LEI. AGORA ACHO ESTRANHO NÃO  ACONTECER O MESMO COM O HADDAD.,QURTSl9pMUhhLUhMZ0VPNThfV3dPekJ1SW5FelJ1MzUyREdyelFUc3dfOTBjT3doakZaUVFYdDBnb0hDcDFtSklud1hLVExweGdUcFJmaw==,2023-06-08 15:46:53.512285
youtube#commentThread,u-3wdf4weeqV1fL2jC74KJXTdfs,UgxvOpqFA6X31a_QUyF4AaABAg,"{'videoId': 'wkoEkUxqo1k', 'topLevelComment': {'kind': 'youtube#comment', 'etag': '_cC0Zns1eMQYTUDmhW7_48fHH08', 'id': 'UgxvOpqFA6X31a_QUyF4AaABAg', 'snippet': {'videoId': 'wkoEkUxqo1k', 'textDisplay': 'É PREOCUPANTE ESTE ACONTECIMENTO COM O TARCISIO FREITAS. O CRIME ORGANIZADO ESTÁ  CADA VEZ MAIS CONFIANTE NA IMPUNIDADE. TENENTE  RENZETTI DE MESQUITA  , RJ.', 'textOriginal': 'É PREOCUPANTE ESTE ACONTECIMENTO COM O TARCISIO FREITAS. O CRIME ORGANIZADO ESTÁ  CADA VEZ MAIS CONFIANTE NA IMPUNIDADE. TENENTE  RENZETTI DE MESQUITA  , RJ.', 'authorDisplayName': 'Ronaldo Renzetti', 'authorProfileImageUrl': 'https://yt3.ggpht.com/ytc/AGIKgqPf2TktpeFyu6Kq1roBlKou9J9XD8DgJL_5TH-6fMRbv8AfC3LQcwiP6VoReq0B=s48-c-k-c0x00ffffff-no-rj', 'authorChannelUrl': 'http://www.youtube.com/channel/UCAzuXPg_Ne3NlWrOEazISjg', 'authorChannelId': {'value': 'UCAzuXPg_Ne3NlWrOEazISjg'}, 'canRate': True, 'viewerRating': 'none', 'likeCount': 2, 'publishedAt': '2022-10-17T23:23:30Z', 'updatedAt': '2022-10-17T23:23:30Z'}}, 'canReply': True, 'totalReplyCount': 0, 'isPublic': True}",,UCAzuXPg_Ne3NlWrOEazISjg,2022-10-17T23:23:30Z,"É PREOCUPANTE ESTE ACONTECIMENTO COM O TARCISIO FREITAS. O CRIME ORGANIZADO ESTÁ  CADA VEZ MAIS CONFIANTE NA IMPUNIDADE. TENENTE  RENZETTI DE MESQUITA  , RJ.",QURTSl9pMVdNaklGdDdRNXRmaVJzQmVVY1lpSzBubE5laGVjTk9UN2RudVBSbmU2WDhQU0xCc1pKc2RIRlU4TkNNSUowYk1mS0NqNXVfaw==,2023-06-08 15:46:54.370910
youtube#commentThread,MuIUFvGjMi0-o4kYJ5hLLRXV0CU,Ugz05FN-BW6dJenARpt4AaABAg,"{'videoId': 'WkoWTtZXbmc', 'topLevelComment': {'kind': 'youtube#comment', 'etag': '9NanhnMRZ56fvcCuY8tV7Hb6wD4', 'id': 'Ugz05FN-BW6dJenARpt4AaABAg', 'snippet': {'videoId': 'WkoWTtZXbmc', 'textDisplay': 'TO.MARS QUE  A GLOBO SIGA O EXEMPLO DA BANDEIRANTE FAÇA  O DEBATE MAIS CEDO. O TRABALHADOR NÃO  PODE ASSISTIR PORQUÊ  É  MUITO TARDE. TENENTE RENZETTI DE MESQUITA  RJ.', 'textOriginal': 'TO.MARS QUE  A GLOBO SIGA O EXEMPLO DA BANDEIRANTE FAÇA  O DEBATE MAIS CEDO. O TRABALHADOR NÃO  PODE ASSISTIR PORQUÊ  É  MUITO TARDE. TENENTE RENZETTI DE MESQUITA  RJ.', 'authorDisplayName': 'Ronaldo Renzetti', 'authorProfileImageUrl': 'https://yt3.ggpht.com/ytc/AGIKgqPf2TktpeFyu6Kq1roBlKou9J9XD8DgJL_5TH-6fMRbv8AfC3LQcwiP6VoReq0B=s48-c-k-c0x00ffffff-no-rj', 'authorChannelUrl': 'http://www.youtube.com/channel/UCAzuXPg_Ne3NlWrOEazISjg', 'authorChannelId': {'value': 'UCAzuXPg_Ne3NlWrOEazISjg'}, 'canRate': True, 'viewerRating': 'none', 'likeCount': 0, 'publishedAt': '2022-10-17T18:32:02Z', 'updatedAt': '2022-10-17T18:32:02Z'}}, 'canReply': True, 'totalReplyCount': 0, 'isPublic': True}",,UCAzuXPg_Ne3NlWrOEazISjg,2022-10-17T18:32:02Z,TO.MARS QUE  A GLOBO SIGA O EXEMPLO DA BANDEIRANTE FAÇA  O DEBATE MAIS CEDO. O TRABALHADOR NÃO  PODE ASSISTIR PORQUÊ  É  MUITO TARDE. TENENTE RENZETTI DE MESQUITA  RJ.,QURTSl9pMWhwcW0tUWxpQ1ZIYjNjTFVUREVyS2FFRXhndGpYeWJDOG9rNExCbVdHRm1BQnFFTzZJQ09sRXFqZlYtbXFsd3E5U20yX01DMA==,2023-06-08 15:49:09.896633
youtube#commentThread,9UgX5tcCfyCO9-5vn9k8H2NjbMk,UgynuAkJISOoR0CMpgd4AaABAg,"{'videoId': 'KnoSAtrZsw4', 'topLevelComment': {'kind': 'youtube#comment', 'etag': 'xT3bnoalN1ZCEIw0i1RV2suDo6Q', 'id': 'UgynuAkJISOoR0CMpgd4AaABAg', 'snippet': {'videoId': 'KnoSAtrZsw4', 'textDisplay': 'ESSA ESQUERDA NÃO  TEM JEITO AGORA ACUSA O PRESIDENTE DE PEDOFILO.  JÁ  DISSE QUE BOLSONARO PRATICA CANIBALISMO, QUE É  FACISTA, QUE É  DITADOR.QUAL VAI SER A PRÓXIMA.  ESTÁ  BATENDO DESESPERO AO LULA E SEUS ALIADOS. TENENTE RENZETTI DE MESQUITA,RJ.', 'textOriginal': 'ESSA ESQUERDA NÃO  TEM JEITO AGORA ACUSA O PRESIDENTE DE PEDOFILO.  JÁ  DISSE QUE BOLSONARO PRATICA CANIBALISMO, QUE É  FACISTA, QUE É  DITADOR.QUAL VAI SER A PRÓXIMA.  ESTÁ  BATENDO DESESPERO AO LULA E SEUS ALIADOS. TENENTE RENZETTI DE MESQUITA,RJ.', 'authorDisplayName': 'Ronaldo Renzetti', 'authorProfileImageUrl': 'https://yt3.ggpht.com/ytc/AGIKgqPf2TktpeFyu6Kq1roBlKou9J9XD8DgJL_5TH-6fMRbv8AfC3LQcwiP6VoReq0B=s48-c-k-c0x00ffffff-no-rj', 'authorChannelUrl': 'http://www.youtube.com/channel/UCAzuXPg_Ne3NlWrOEazISjg', 'authorChannelId': {'value': 'UCAzuXPg_Ne3NlWrOEazISjg'}, 'canRate': True, 'viewerRating': 'none', 'likeCount': 0, 'publishedAt': '2022-10-17T01:44:09Z', 'updatedAt': '2022-10-17T01:44:09Z'}}, 'canReply': True, 'totalReplyCount': 0, 'isPublic': True}",,UCAzuXPg_Ne3NlWrOEazISjg,2022-10-17T01:44:09Z,"ESSA ESQUERDA NÃO  TEM JEITO AGORA ACUSA O PRESIDENTE DE PEDOFILO.  JÁ  DISSE QUE BOLSONARO PRATICA CANIBALISMO, QUE É  FACISTA, QUE É  DITADOR.QUAL VAI SER A PRÓXIMA.  ESTÁ  BATENDO DESESPERO AO LULA E SEUS ALIADOS. TENENTE RENZETTI DE MESQUITA,RJ.",QURTSl9pM0pwRkFKYW50RDR3cGhPeF9hNTVHVVZyWUZraGxKU1h4bTZheFFhd2twU1dxOVRlYU4ycHBpNE10ZGVCeDdXTG9xRlJnenBtOA==,2023-06-08 15:50:11.660622
youtube#commentThread,HrnJmMEzDbcAqLP7KlKU25SY5K0,Ugx4QtmimIsw0n18_6J4AaABAg,"{'videoId': '_IN_1CbjKgM', 'topLevelComment': {'kind': 'youtube#comment', 'etag': 'cSct94j3jsLxos_KRMKgLjdpnfQ', 'id': 'Ugx4QtmimIsw0n18_6J4AaABAg', 'snippet': {'videoId': '_IN_1CbjKgM', 'textDisplay': 'O EMILIO SURITA TINHA QUE ESTÁ  AÍ  PARA MORALIZAR E MANTER A  ORDEM NESSA ZONA. TODO MUNDO FALA AO MESMO TEMPO. TENENTE RENZETTI DE MESQUITA, RJ', 'textOriginal': 'O EMILIO SURITA TINHA QUE ESTÁ  AÍ  PARA MORALIZAR E MANTER A  ORDEM NESSA ZONA. TODO MUNDO FALA AO MESMO TEMPO. TENENTE RENZETTI DE MESQUITA, RJ', 'authorDisplayName': 'Ronaldo Renzetti', 'authorProfileImageUrl': 'https://yt3.ggpht.com/ytc/AGIKgqPf2TktpeFyu6Kq1roBlKou9J9XD8DgJL_5TH-6fMRbv8AfC3LQcwiP6VoReq0B=s48-c-k-c0x00ffffff-no-rj', 'authorChannelUrl': 'http://www.youtube.com/channel/UCAzuXPg_Ne3NlWrOEazISjg', 'authorChannelId': {'value': 'UCAzuXPg_Ne3NlWrOEazISjg'}, 'canRate': True, 'viewerRating': 'none', 'likeCount': 0, 'publishedAt': '2022-10-16T01:59:06Z', 'updatedAt': '2022-10-16T01:59:06Z'}}, 'canReply': True, 'totalReplyCount': 0, 'isPublic': True}",,UCAzuXPg_Ne3NlWrOEazISjg,2022-10-16T01:59:06Z,"O EMILIO SURITA TINHA QUE ESTÁ  AÍ  PARA MORALIZAR E MANTER A  ORDEM NESSA ZONA. TODO MUNDO FALA AO MESMO TEMPO. TENENTE RENZETTI DE MESQUITA, RJ",QURTSl9pMWZ2VzNLX0hNSGhfbTBiZFdNazR6YkY3bjdqUDRYOG9LZl9KdDhUTUItWWVObUt2Nm1QQXFzZDZfc2JlZXhyUjRSc05MeC01dw==,2023-06-08 18:00:06.856995
youtube#commentThread,qke8_vXitiTArNSpu6tWadGicTI,UgxD5jdZBxnl6hsvdhN4AaABAg,"{'videoId': '_IN_1CbjKgM', 'topLevelComment': {'kind': 'youtube#comment', 'etag': 'dWokqWH2zTOPu8m7_fdd2QeruSA', 'id': 'UgxD5jdZBxnl6hsvdhN4AaABAg', 'snippet': {'videoId': '_IN_1CbjKgM', 'textDisplay': 'DOMINGO A BANDEIRANTE IRÁ  REALIZAR O DEBATE COM OS PRESIDENCIAVEIS ÀS  20 HORAS. ISTO TEM DE SERVIR DE EXEMPLO PARA A GLOBO QUE REALIZA DEBATE   DEPOIS DA NOVELA DAS 21 HORAS. AÍ  O TRABALHADOR NÃO  ASSISTI  PORQUÊ  TEM DE ACORDAR CEDO..TENENTE  RENZETTI DE MESQUITA,RJ.', 'textOriginal': 'DOMINGO A BANDEIRANTE IRÁ  REALIZAR O DEBATE COM OS PRESIDENCIAVEIS ÀS  20 HORAS. ISTO TEM DE SERVIR DE EXEMPLO PARA A GLOBO QUE REALIZA DEBATE   DEPOIS DA NOVELA DAS 21 HORAS. AÍ  O TRABALHADOR NÃO  ASSISTI  PORQUÊ  TEM DE ACORDAR CEDO..TENENTE  RENZETTI DE MESQUITA,RJ.', 'authorDisplayName': 'Ronaldo Renzetti', 'authorProfileImageUrl': 'https://yt3.ggpht.com/ytc/AGIKgqPf2TktpeFyu6Kq1roBlKou9J9XD8DgJL_5TH-6fMRbv8AfC3LQcwiP6VoReq0B=s48-c-k-c0x00ffffff-no-rj', 'authorChannelUrl': 'http://www.youtube.com/channel/UCAzuXPg_Ne3NlWrOEazISjg', 'authorChannelId': {'value': 'UCAzuXPg_Ne3NlWrOEazISjg'}, 'canRate': True, 'viewerRating': 'none', 'likeCount': 0, 'publishedAt': '2022-10-16T01:51:03Z', 'updatedAt': '2022-10-16T01:51:03Z'}}, 'canReply': True, 'totalReplyCount': 0, 'isPublic': True}",,UCAzuXPg_Ne3NlWrOEazISjg,2022-10-16T01:51:03Z,"DOMINGO A BANDEIRANTE IRÁ  REALIZAR O DEBATE COM OS PRESIDENCIAVEIS ÀS  20 HORAS. ISTO TEM DE SERVIR DE EXEMPLO PARA A GLOBO QUE REALIZA DEBATE   DEPOIS DA NOVELA DAS 21 HORAS. AÍ  O TRABALHADOR NÃO  ASSISTI  PORQUÊ  TEM DE ACORDAR CEDO..TENENTE  RENZETTI DE MESQUITA,RJ.",QURTSl9pMWZ2VzNLX0hNSGhfbTBiZFdNazR6YkY3bjdqUDRYOG9LZl9KdDhUTUItWWVObUt2Nm1QQXFzZDZfc2JlZXhyUjRSc05MeC01dw==,2023-06-08 18:00:06.856995
youtube#commentThread,w0nC6OxEzsiHfw3LdmVMUfeM6FI,Ugy_mYptnhLRXDHm7RN4AaABAg,"{'videoId': '_IN_1CbjKgM', 'topLevelComment': {'kind': 'youtube#comment', 'etag': 'wNrgeLJdgONHJaCrx5vt9a9BJSQ', 'id': 'Ugy_mYptnhLRXDHm7RN4AaABAg', 'snippet': {'videoId': '_IN_1CbjKgM', 'textDisplay': 'HOJE EU QUERO PARABENIZAR OS PROFESSORES DE TODO BRASIL  PELO DIA DO PROFESSOR. ATÉ  O PRESIDENTE BOLSONARO FOI ALUNO DE UMA PROFESSORA PRIMÁRIA.  PROF. RENZETTI DO RIO DE JANEIRO.', 'textOriginal': 'HOJE EU QUERO PARABENIZAR OS PROFESSORES DE TODO BRASIL  PELO DIA DO PROFESSOR. ATÉ  O PRESIDENTE BOLSONARO FOI ALUNO DE UMA PROFESSORA PRIMÁRIA.  PROF. RENZETTI DO RIO DE JANEIRO.', 'authorDisplayName': 'Ronaldo Renzetti', 'authorProfileImageUrl': 'https://yt3.ggpht.com/ytc/AGIKgqPf2TktpeFyu6Kq1roBlKou9J9XD8DgJL_5TH-6fMRbv8AfC3LQcwiP6VoReq0B=s48-c-k-c0x00ffffff-no-rj', 'authorChannelUrl': 'http://www.youtube.com/channel/UCAzuXPg_Ne3NlWrOEazISjg', 'authorChannelId': {'value': 'UCAzuXPg_Ne3NlWrOEazISjg'}, 'canRate': True, 'viewerRating': 'none', 'likeCount': 3, 'publishedAt': '2022-10-16T01:42:05Z', 'updatedAt': '2022-10-16T01:42:05Z'}}, 'canReply': True, 'totalReplyCount': 0, 'isPublic': True}",,UCAzuXPg_Ne3NlWrOEazISjg,2022-10-16T01:42:05Z,HOJE EU QUERO PARABENIZAR OS PROFESSORES DE TODO BRASIL  PELO DIA DO PROFESSOR. ATÉ  O PRESIDENTE BOLSONARO FOI ALUNO DE UMA PROFESSORA PRIMÁRIA.  PROF. RENZETTI DO RIO DE JANEIRO.,QURTSl9pMWZ2VzNLX0hNSGhfbTBiZFdNazR6YkY3bjdqUDRYOG9LZl9KdDhUTUItWWVObUt2Nm1QQXFzZDZfc2JlZXhyUjRSc05MeC01dw==,2023-06-08 18:00:06.856995
youtube#commentThread,VQg-zX0oQEdxMC8nnBj782-f8cU,UgzBaEQKE_TegqTtj714AaABAg,"{'videoId': '_IN_1CbjKgM', 'topLevelComment': {'kind': 'youtube#comment', 'etag': 'RvE58HYWLAKr-VzCo4gHhZ-PAFQ', 'id': 'UgzBaEQKE_TegqTtj714AaABAg', 'snippet': {'videoId': '_IN_1CbjKgM', 'textDisplay': 'EU NÃO  SABIA QUE O LEONARDO FOI SEGURANÇA  DO LADRÃO  ZE DIRCEU. POR ISSO QUE ELE DEFENDE O PT. EU ENTENDI BEM ELE ESTÁ  CONTRA O BOULOS. ESTÁ  DIFÍCIL  ACREDITAR NESSES PETISTAS. O LEONARDO VAI SE CATAR. PARE DE DEFENDER O EX - PRESIDIARIO.  TENENTE RENZETTI DE MESQUITA', 'textOriginal': 'EU NÃO  SABIA QUE O LEONARDO FOI SEGURANÇA  DO LADRÃO  ZE DIRCEU. POR ISSO QUE ELE DEFENDE O PT. EU ENTENDI BEM ELE ESTÁ  CONTRA O BOULOS. ESTÁ  DIFÍCIL  ACREDITAR NESSES PETISTAS. O LEONARDO VAI SE CATAR. PARE DE DEFENDER O EX - PRESIDIARIO.  TENENTE RENZETTI DE MESQUITA', 'authorDisplayName': 'Ronaldo Renzetti', 'authorProfileImageUrl': 'https://yt3.ggpht.com/ytc/AGIKgqPf2TktpeFyu6Kq1roBlKou9J9XD8DgJL_5TH-6fMRbv8AfC3LQcwiP6VoReq0B=s48-c-k-c0x00ffffff-no-rj', 'authorChannelUrl': 'http://www.youtube.com/channel/UCAzuXPg_Ne3NlWrOEazISjg', 'authorChannelId': {'value': 'UCAzuXPg_Ne3NlWrOEazISjg'}, 'canRate': True, 'viewerRating': 'none', 'likeCount': 0, 'publishedAt': '2022-10-16T01:34:23Z', 'updatedAt': '2022-10-16T01:34:23Z'}}, 'canReply': True, 'totalReplyCount': 0, 'isPublic': True}",,UCAzuXPg_Ne3NlWrOEazISjg,2022-10-16T01:34:23Z,EU NÃO  SABIA QUE O LEONARDO FOI SEGURANÇA  DO LADRÃO  ZE DIRCEU. POR ISSO QUE ELE DEFENDE O PT. EU ENTENDI BEM ELE ESTÁ  CONTRA O BOULOS. ESTÁ  DIFÍCIL  ACREDITAR NESSES PETISTAS. O LEONARDO VAI SE CATAR. PARE DE DEFENDER O EX - PRESIDIARIO.  TENENTE RENZETTI DE MESQUITA,QURTSl9pMWZ2VzNLX0hNSGhfbTBiZFdNazR6YkY3bjdqUDRYOG9LZl9KdDhUTUItWWVObUt2Nm1QQXFzZDZfc2JlZXhyUjRSc05MeC01dw==,2023-06-08 18:00:06.856995
youtube#commentThread,Z6qzKX5-CuYERtnPK8-L4CCaJ30,Ugzk5y7iWaQmhFFZTat4AaABAg,"{'videoId': 'nAaBs_Yu-mU', 'topLevelComment': {'kind': 'youtube#comment', 'etag': 'bRcYaPKCbsBQB5FMPhNiQ5OF5vU', 'id': 'Ugzk5y7iWaQmhFFZTat4AaABAg', 'snippet': {'videoId': 'nAaBs_Yu-mU', 'textDisplay': 'NÃO  ADIANTA LULA O BOLSONARO TEM A MAIORIA NO CONGRESSO. O ZEMA FALOU DO QUE O PT É  CSPAZ. DESCONTOU DE 270.000 SERVIDORES NO EMPRÉSTIMO  CONSIGNADO E NÃO  REPASSOU PARA OS BANCOS. OS SERVIDORES FORAM PARAR NO SPC.  ISTO É  UMA VERGONHA. TENENTE RENZETTI, MESQUITA, RJ.', 'textOriginal': 'NÃO  ADIANTA LULA O BOLSONARO TEM A MAIORIA NO CONGRESSO. O ZEMA FALOU DO QUE O PT É  CSPAZ. DESCONTOU DE 270.000 SERVIDORES NO EMPRÉSTIMO  CONSIGNADO E NÃO  REPASSOU PARA OS BANCOS. OS SERVIDORES FORAM PARAR NO SPC.  ISTO É  UMA VERGONHA. TENENTE RENZETTI, MESQUITA, RJ.', 'authorDisplayName': 'Ronaldo Renzetti', 'authorProfileImageUrl': 'https://yt3.ggpht.com/ytc/AGIKgqPf2TktpeFyu6Kq1roBlKou9J9XD8DgJL_5TH-6fMRbv8AfC3LQcwiP6VoReq0B=s48-c-k-c0x00ffffff-no-rj', 'authorChannelUrl': 'http://www.youtube.com/channel/UCAzuXPg_Ne3NlWrOEazISjg', 'authorChannelId': {'value': 'UCAzuXPg_Ne3NlWrOEazISjg'}, 'canRate': True, 'viewerRating': 'none', 'likeCount': 0, 'publishedAt': '2022-10-15T01:35:43Z', 'updatedAt': '2022-10-15T01:35:43Z'}}, 'canReply': True, 'totalReplyCount': 0, 'isPublic': True}",,UCAzuXPg_Ne3NlWrOEazISjg,2022-10-15T01:35:43Z,"NÃO  ADIANTA LULA O BOLSONARO TEM A MAIORIA NO CONGRESSO. O ZEMA FALOU DO QUE O PT É  CSPAZ. DESCONTOU DE 270.000 SERVIDORES NO EMPRÉSTIMO  CONSIGNADO E NÃO  REPASSOU PARA OS BANCOS. OS SERVIDORES FORAM PARAR NO SPC.  ISTO É  UMA VERGONHA. TENENTE RENZETTI, MESQUITA, RJ.",QURTSl9pMWxjeGR1c0c4RjFaVnlhNWgwY0ZJbko4Z0VXcmZ0Mk56ekw5c1dhQzdWRXgyVVpsbVJtY2RGTURGV0p1VlVkNXFmNzZzdzhxQQ==,2023-06-08 18:03:11.408360
youtube#commentThread,W-8hU5ZDGMaB9HCgEkUvry2c27g,UgzMFdggrX_u8vxN8t54AaABAg,"{'videoId': 'nAaBs_Yu-mU', 'topLevelComment': {'kind': 'youtube#comment', 'etag': 'tpniqr1nEbwKXSxAhdf3UJeWRzU', 'id': 'UgzMFdggrX_u8vxN8t54AaABAg', 'snippet': {'videoId': 'nAaBs_Yu-mU', 'textDisplay': 'O LULA NÃO  APRENDE. CHEGA DE PROMESSAS. OS GOVERNOS DO PT  FORAM PERNICIOSOS  PARA O BRASIL. LULA DIZ QUE VAI CRIAR EMPREGOS<br>O LULA QUEM CRIA EMPREGOS É  A INICIATIVA PRIVADA. A OBRIGAÇÃO  DO GOVERNO É  INCENTIVAR AS EMPRESAS COM INCENTIVO E CREDITOS. TENENTE RENZETTI , MESQUITA RJ', 'textOriginal': 'O LULA NÃO  APRENDE. CHEGA DE PROMESSAS. OS GOVERNOS DO PT  FORAM PERNICIOSOS  PARA O BRASIL. LULA DIZ QUE VAI CRIAR EMPREGOS\\\\nO LULA QUEM CRIA EMPREGOS É  A INICIATIVA PRIVADA. A OBRIGAÇÃO  DO GOVERNO É  INCENTIVAR AS EMPRESAS COM INCENTIVO E CREDITOS. TENENTE RENZETTI , MESQUITA RJ', 'authorDisplayName': 'Ronaldo Renzetti', 'authorProfileImageUrl': 'https://yt3.ggpht.com/ytc/AGIKgqPf2TktpeFyu6Kq1roBlKou9J9XD8DgJL_5TH-6fMRbv8AfC3LQcwiP6VoReq0B=s48-c-k-c0x00ffffff-no-rj', 'authorChannelUrl': 'http://www.youtube.com/channel/UCAzuXPg_Ne3NlWrOEazISjg', 'authorChannelId': {'value': 'UCAzuXPg_Ne3NlWrOEazISjg'}, 'canRate': True, 'viewerRating': 'none', 'likeCount': 0, 'publishedAt': '2022-10-15T01:09:35Z', 'updatedAt': '2022-10-15T01:09:35Z'}}, 'canReply': True, 'totalReplyCount': 0, 'isPublic': True}",,UCAzuXPg_Ne3NlWrOEazISjg,2022-10-15T01:09:35Z,"O LULA NÃO  APRENDE. CHEGA DE PROMESSAS. OS GOVERNOS DO PT  FORAM PERNICIOSOS  PARA O BRASIL. LULA DIZ QUE VAI CRIAR EMPREGOS
O LULA QUEM CRIA EMPREGOS É  A INICIATIVA PRIVADA. A OBRIGAÇÃO  DO GOVERNO É  INCENTIVAR AS EMPRESAS COM INCENTIVO E CREDITOS. TENENTE RENZETTI , MESQUITA RJ",QURTSl9pMWxjeGR1c0c4RjFaVnlhNWgwY0ZJbko4Z0VXcmZ0Mk56ekw5c1dhQzdWRXgyVVpsbVJtY2RGTURGV0p1VlVkNXFmNzZzdzhxQQ==,2023-06-08 18:03:11.408360
youtube#commentThread,3clUNUVP154DfInblLCXuj9ZFaQ,UgwMhOLUWejOjjlgfzx4AaABAg,"{'videoId': 'ksjOGME3s0c', 'topLevelComment': {'kind': 'youtube#comment', 'etag': 'IZzU5T56UVWfPZNWwSQxSitb0rU', 'id': 'UgwMhOLUWejOjjlgfzx4AaABAg', 'snippet': {'videoId': 'ksjOGME3s0c', 'textDisplay': 'LULA EM MINAS GERAIS O BOLSONARO ESTEVE REUNIDO COM 4OO PREFEITOS E O GOVERNADOR ZEMA.AGORA O BOLSONARO VAI TER MAIS VOTOS DO QUE O EX-PRESIDIÁRIO  LULA. MAIS DE DEZ GOVERNADORES ESTÃO  COM O CAPITÃO  DO POVO. A MAIORIA DOS CONGRESSISTAS ESTÃO  COM BOLSONARO. POR ISSO QUE ACHO QUE ESSAS PESQUISAS ESTÃO  MENTINDO. PROF. RENZETTI , RIO DE JANEIRO.', 'textOriginal': 'LULA EM MINAS GERAIS O BOLSONARO ESTEVE REUNIDO COM 4OO PREFEITOS E O GOVERNADOR ZEMA.AGORA O BOLSONARO VAI TER MAIS VOTOS DO QUE O EX-PRESIDIÁRIO  LULA. MAIS DE DEZ GOVERNADORES ESTÃO  COM O CAPITÃO  DO POVO. A MAIORIA DOS CONGRESSISTAS ESTÃO  COM BOLSONARO. POR ISSO QUE ACHO QUE ESSAS PESQUISAS ESTÃO  MENTINDO. PROF. RENZETTI , RIO DE JANEIRO.', 'authorDisplayName': 'Ronaldo Renzetti', 'authorProfileImageUrl': 'https://yt3.ggpht.com/ytc/AGIKgqPf2TktpeFyu6Kq1roBlKou9J9XD8DgJL_5TH-6fMRbv8AfC3LQcwiP6VoReq0B=s48-c-k-c0x00ffffff-no-rj', 'authorChannelUrl': 'http://www.youtube.com/channel/UCAzuXPg_Ne3NlWrOEazISjg', 'authorChannelId': {'value': 'UCAzuXPg_Ne3NlWrOEazISjg'}, 'canRate': True, 'viewerRating': 'none', 'likeCount': 0, 'publishedAt': '2022-10-15T01:55:37Z', 'updatedAt': '2022-10-15T01:55:37Z'}}, 'canReply': True, 'totalReplyCount': 0, 'isPublic': True}",,UCAzuXPg_Ne3NlWrOEazISjg,2022-10-15T01:55:37Z,"LULA EM MINAS GERAIS O BOLSONARO ESTEVE REUNIDO COM 4OO PREFEITOS E O GOVERNADOR ZEMA.AGORA O BOLSONARO VAI TER MAIS VOTOS DO QUE O EX-PRESIDIÁRIO  LULA. MAIS DE DEZ GOVERNADORES ESTÃO  COM O CAPITÃO  DO POVO. A MAIORIA DOS CONGRESSISTAS ESTÃO  COM BOLSONARO. POR ISSO QUE ACHO QUE ESSAS PESQUISAS ESTÃO  MENTINDO. PROF. RENZETTI , RIO DE JANEIRO.",QURTSl9pMFdjRUR5OU1NekRhOFAwWFZTVDhhNVlUREg2SndpdWlmNlhaRlY0c1I2d01zejg5dU13dGZDdTRFXzFONzFiOGJSR2VkUXQ0UQ==,2023-06-08 18:03:16.879181
youtube#commentThread,OqAh-F3vKsxlbeGtl2tE48bt8qA,UgwKcPuVfaD8gT8hinN4AaABAg,"{'videoId': 'ksjOGME3s0c', 'topLevelComment': {'kind': 'youtube#comment', 'etag': 'a4QDPx8o82goj4gBg8TW_RAFluw', 'id': 'UgwKcPuVfaD8gT8hinN4AaABAg', 'snippet': {'videoId': 'ksjOGME3s0c', 'textDisplay': 'BOLSONARO E MUITO QUERIDO EM CAXIAS NÃO  PRECISOU PAGAR 150, OO REAIS PARA OS PARTICIPANTES IREM AO EVENTO. OS ELEITORES FORAM POR LIVRE VONTADE.  TENENTE RENZETTI MESQUITA , RJ.', 'textOriginal': 'BOLSONARO E MUITO QUERIDO EM CAXIAS NÃO  PRECISOU PAGAR 150, OO REAIS PARA OS PARTICIPANTES IREM AO EVENTO. OS ELEITORES FORAM POR LIVRE VONTADE.  TENENTE RENZETTI MESQUITA , RJ.', 'authorDisplayName': 'Ronaldo Renzetti', 'authorProfileImageUrl': 'https://yt3.ggpht.com/ytc/AGIKgqPf2TktpeFyu6Kq1roBlKou9J9XD8DgJL_5TH-6fMRbv8AfC3LQcwiP6VoReq0B=s48-c-k-c0x00ffffff-no-rj', 'authorChannelUrl': 'http://www.youtube.com/channel/UCAzuXPg_Ne3NlWrOEazISjg', 'authorChannelId': {'value': 'UCAzuXPg_Ne3NlWrOEazISjg'}, 'canRate': True, 'viewerRating': 'none', 'likeCount': 2, 'publishedAt': '2022-10-15T01:45:58Z', 'updatedAt': '2022-10-15T01:45:58Z'}}, 'canReply': True, 'totalReplyCount': 0, 'isPublic': True}",,UCAzuXPg_Ne3NlWrOEazISjg,2022-10-15T01:45:58Z,"BOLSONARO E MUITO QUERIDO EM CAXIAS NÃO  PRECISOU PAGAR 150, OO REAIS PARA OS PARTICIPANTES IREM AO EVENTO. OS ELEITORES FORAM POR LIVRE VONTADE.  TENENTE RENZETTI MESQUITA , RJ.",QURTSl9pMVEtbzVWTG82SU9Zem5KbGVJc2F6OGtCZHJxeEJoM095bmw3RnVXTWQ2OFBDT3JHQ3pOd19CbUZ6SW5ZeXhRX0FBWTZ0QjFzWQ==,2023-06-08 18:03:17.699650
youtube#commentThread,Vv6msajoDm0_A_Ut9hYoClFYDX0,Ugy_EE5IJlfIyeUeuct4AaABAg,"{'videoId': 'vipcjrd1ZWc', 'topLevelComment': {'kind': 'youtube#comment', 'etag': 'LYmAwCUa2v3rcK_SyKms_T5TB0g', 'id': 'Ugy_EE5IJlfIyeUeuct4AaABAg', 'snippet': {'videoId': 'vipcjrd1ZWc', 'textDisplay': 'PIPERNO ATÉ  QUE EU ACHAVA VOCÊ  , ESQUERDISTA , MAS COERENTE.  VOCÊ  ESTÁ  ME DECPCIONANDO. O PIPERNO APRENDE UMA COISA, NÃO  SE PODE CANTAR VITORIA ANTES DA ELEIÇÃO.  PIPERNO VOCÊ  DEVE LEMBRAR DO BRIZOLA, EM 1982, ERA O ULTIMO  , NAS PRSQUISAS. O MOREIRA FRANCO FALAVA: NEM MIRO ,NEM SANDRA. VOTE EM MOREIRA FRANCO.SSBE O QUE ACOMTECEU PIPERNO,  O BRIZOLA, MESMO COM O ROUBO DA PROCONSULT, GANHOU DE LAVADA A ELEIÇÃO  É ELEGEU MUITOS CANDIDATOS DO PDT. PIPERNO AS PESQUISAS DIZIAM QUE O LULA GANHARIA NO PRIMRIRO TURNO. MESMO COM ROUBO, O CAPITÃO  DO POVO FOI PARA O SEGUNDO TURNO. A MESMA COISA ESTÁ  ACONTECENDO  AGORA.   ALGUNS ORGAOS DE PESQUISA COLOCAM O LULADRAO  NA FRENTE, INDUZINDO O ELEITOR A VOTAR EM QUEM ESTÁ   , NA PRIMEIRA COLOCAÇÃO. AGUARDEM, A PERFORMANCE DO PRESIDENTE BOLSONARO,!NO DEBATE DA BANDEIRANTE, HOJE, ÀS  20 HORAS.VAMOS VER  SE AS PESQUISAS VÃO  FALAR A VERDADE.O LULA SÓ  PODE MOSTRAR COISAS DO PASSADO. O LULA FICA REVOLTADO QUANDO O BOLSONARO DKZ QUE LEVOU ÁGUA  PARA O NORDESTE. O PT DORMIU NO PONTO É O BOLSONARO QUE NÃO  É  BOBO ACABOU COM OSONHO DO PT CONCLUIU A OBRA. TENENTE RENZETTI DE MESQUITA, RJ.', 'textOriginal': 'PIPERNO ATÉ  QUE EU ACHAVA VOCÊ  , ESQUERDISTA , MAS COERENTE.  VOCÊ  ESTÁ  ME DECPCIONANDO. O PIPERNO APRENDE UMA COISA, NÃO  SE PODE CANTAR VITORIA ANTES DA ELEIÇÃO.  PIPERNO VOCÊ  DEVE LEMBRAR DO BRIZOLA, EM 1982, ERA O ULTIMO  , NAS PRSQUISAS. O MOREIRA FRANCO FALAVA: NEM MIRO ,NEM SANDRA. VOTE EM MOREIRA FRANCO.SSBE O QUE ACOMTECEU PIPERNO,  O BRIZOLA, MESMO COM O ROUBO DA PROCONSULT, GANHOU DE LAVADA A ELEIÇÃO  É ELEGEU MUITOS CANDIDATOS DO PDT. PIPERNO AS PESQUISAS DIZIAM QUE O LULA GANHARIA NO PRIMRIRO TURNO. MESMO COM ROUBO, O CAPITÃO  DO POVO FOI PARA O SEGUNDO TURNO. A MESMA COISA ESTÁ  ACONTECENDO  AGORA.   ALGUNS ORGAOS DE PESQUISA COLOCAM O LULADRAO  NA FRENTE, INDUZINDO O ELEITOR A VOTAR EM QUEM ESTÁ   , NA PRIMEIRA COLOCAÇÃO. AGUARDEM, A PERFORMANCE DO PRESIDENTE BOLSONARO,!NO DEBATE DA BANDEIRANTE, HOJE, ÀS  20 HORAS.VAMOS VER  SE AS PESQUISAS VÃO  FALAR A VERDADE.O LULA SÓ  PODE MOSTRAR COISAS DO PASSADO. O LULA FICA REVOLTADO QUANDO O BOLSONARO DKZ QUE LEVOU ÁGUA  PARA O NORDESTE. O PT DORMIU NO PONTO É O BOLSONARO QUE NÃO  É  BOBO ACABOU COM OSONHO DO PT CONCLUIU A OBRA. TENENTE RENZETTI DE MESQUITA, RJ.', 'authorDisplayName': 'Ronaldo Renzetti', 'authorProfileImageUrl': 'https://yt3.ggpht.com/ytc/AGIKgqPf2TktpeFyu6Kq1roBlKou9J9XD8DgJL_5TH-6fMRbv8AfC3LQcwiP6VoReq0B=s48-c-k-c0x00ffffff-no-rj', 'authorChannelUrl': 'http://www.youtube.com/channel/UCAzuXPg_Ne3NlWrOEazISjg', 'authorChannelId': {'value': 'UCAzuXPg_Ne3NlWrOEazISjg'}, 'canRate': True, 'viewerRating': 'none', 'likeCount': 0, 'publishedAt': '2022-10-16T13:38:16Z', 'updatedAt': '2022-10-16T13:38:16Z'}}, 'canReply': True, 'totalReplyCount': 0, 'isPublic': True}",,UCAzuXPg_Ne3NlWrOEazISjg,2022-10-16T13:38:16Z,"PIPERNO ATÉ  QUE EU ACHAVA VOCÊ  , ESQUERDISTA , MAS COERENTE.  VOCÊ  ESTÁ  ME DECPCIONANDO. O PIPERNO APRENDE UMA COISA, NÃO  SE PODE CANTAR VITORIA ANTES DA ELEIÇÃO.  PIPERNO VOCÊ  DEVE LEMBRAR DO BRIZOLA, EM 1982, ERA O ULTIMO  , NAS PRSQUISAS. O MOREIRA FRANCO FALAVA: NEM MIRO ,NEM SANDRA. VOTE EM MOREIRA FRANCO.SSBE O QUE ACOMTECEU PIPERNO,  O BRIZOLA, MESMO COM O ROUBO DA PROCONSULT, GANHOU DE LAVADA A ELEIÇÃO  É ELEGEU MUITOS CANDIDATOS DO PDT. PIPERNO AS PESQUISAS DIZIAM QUE O LULA GANHARIA NO PRIMRIRO TURNO. MESMO COM ROUBO, O CAPITÃO  DO POVO FOI PARA O SEGUNDO TURNO. A MESMA COISA ESTÁ  ACONTECENDO  AGORA.   ALGUNS ORGAOS DE PESQUISA COLOCAM O LULADRAO  NA FRENTE, INDUZINDO O ELEITOR A VOTAR EM QUEM ESTÁ   , NA PRIMEIRA COLOCAÇÃO. AGUARDEM, A PERFORMANCE DO PRESIDENTE BOLSONARO,!NO DEBATE DA BANDEIRANTE, HOJE, ÀS  20 HORAS.VAMOS VER  SE AS PESQUISAS VÃO  FALAR A VERDADE.O LULA SÓ  PODE MOSTRAR COISAS DO PASSADO. O LULA FICA REVOLTADO QUANDO O BOLSONARO DKZ QUE LEVOU ÁGUA  PARA O NORDESTE. O PT DORMIU NO PONTO É O BOLSONARO QUE NÃO  É  BOBO ACABOU COM OSONHO DO PT CONCLUIU A OBRA. TENENTE RENZETTI DE MESQUITA, RJ.",QURTSl9pMGNEeV9OMENnV0FyY2o1Sm93OTJjeVp6RkVWaVVjSjR4eEhwSC03bFJieUdNSlhSUkxlaWczVEZTM0k2bEx5TUZzeUtoRC1yOA==,2023-06-08 18:03:22.750632
youtube#commentThread,tiylZhboj5JtC_2bnh8ZsePU3sA,UgyBdbviYUElBjHBGCV4AaABAg,"{'videoId': 'vipcjrd1ZWc', 'topLevelComment': {'kind': 'youtube#comment', 'etag': 'HkYEGE7fdCbCmBwhT8a6Q3dNCRI', 'id': 'UgyBdbviYUElBjHBGCV4AaABAg', 'snippet': {'videoId': 'vipcjrd1ZWc', 'textDisplay': 'CONTRA FSTOS NÃO  HÁ  SRGUMENTOS. O ALCMIN HOJE ALIADO DO LULA DISSE QUE O MESMO É CORRUPTO, FALOU DO PETROLAO, DO MENSALÃO.  O CIRO GOMES DISSE QUE O LULA RECEBIA PROPINA DAS EMPRESTEIRAS:ODEBRECH ,DELTA. É QUE TINHA CONTA NA SUÍÇA  COM DINHEIRO DA CORRUPÇÃO.  A SIMONE , NO DEBATE CHAMOU O LULA DE CORRUPTO. LULA SE ALIOU A GEDEL, O HOMEM QUE FOI FLAGRADO COM DINHEIRO NA CUECA. MEU DEUS COMO ESSE CIDADÃO  COM ESTE CURRÍCULO  PODE SER CANDIDATO A PRESIDÊNCIA  DA REPÚBLICA.  COM A PALAVRA O SENADOR ELEITO SÉRGIO  MORO E DE QUEBRA DANTON DELAGNOL ELEITO DEPUTADO FEDERAL. LULA ABRE O TEU OLHO O BOLSONARO NÃO   VAI  COLOCAR A FAIXA PRESIDENCIAL EM VOCÊ. O MÍNIMO  QUE ELE PODE FAZER É CHAMAR  A POLÍCIA FEDERAL É COLOCAR ALGEMAS EM SUAS MÃOS.  LULA O DINHEIRO QUE VOCÊ  MANDOU PARA O MADURO, PRESIDENTE DA VENEZUELA , NÃO  FOI PARA AS MÃOS  DOS VENEZUELANOS.O GOVERNADOR DE RORAIMA  DEU ASILO AOS POBRES VENEZUELANOS,CRIANDO ASILOS PARA OS MESMOS.DEU PENA UMA VENEZUELANA FOI INDAGADA PELO GOVERNADOR:QUAL A RAZÃO  DA SENHORA ABANDONAR SUA PÁTRIA? ELA RESPONDEU EU FUGI DO PRESIDENTE MADURO,EU AMO MEU PAÍS.  É O LULA VENERA O MADURO. O GOVERNADOR DE RORAIMA DISSE NÃO  VOTE NA ESQUERDA ,POIS SE  O LULA GANHAR ,TEREMOS QUE ABANDONAR O NOSSO BRASIL.DINHEIRO PARA FAZER METRÔ  , EM CARACAS TEM , PARA MATAR A FOME DOS COMPATRIOTAS NÃO  TEM.GENTE É DE CORTAR O CORAÇÃO, UMA VENEZUELA , UM DOS MAIORES PRODUTORES DE PETRÓLEO,NESTA SITUAÇÃO. SEGUNDO O GOVERNADOR DE RORAIMA, OS VENEZUELANOS ESTÃO  FAZENDO CAMPANHA PARA O CAPITÃO  DO POVO,POIS TEM MEDO QUE O EX-PRESIDIARIO FAÇA  O MESMO NO BRASIL, CASO O LULA SEJA ELEITO. TENENTE RENZETTI DE MESQUITA,RJ.', 'textOriginal': 'CONTRA FSTOS NÃO  HÁ  SRGUMENTOS. O ALCMIN HOJE ALIADO DO LULA DISSE QUE O MESMO É CORRUPTO, FALOU DO PETROLAO, DO MENSALÃO.  O CIRO GOMES DISSE QUE O LULA RECEBIA PROPINA DAS EMPRESTEIRAS:ODEBRECH ,DELTA. É QUE TINHA CONTA NA SUÍÇA  COM DINHEIRO DA CORRUPÇÃO.  A SIMONE , NO DEBATE CHAMOU O LULA DE CORRUPTO. LULA SE ALIOU A GEDEL, O HOMEM QUE FOI FLAGRADO COM DINHEIRO NA CUECA. MEU DEUS COMO ESSE CIDADÃO  COM ESTE CURRÍCULO  PODE SER CANDIDATO A PRESIDÊNCIA  DA REPÚBLICA.  COM A PALAVRA O SENADOR ELEITO SÉRGIO  MORO E DE QUEBRA DANTON DELAGNOL ELEITO DEPUTADO FEDERAL. LULA ABRE O TEU OLHO O BOLSONARO NÃO   VAI  COLOCAR A FAIXA PRESIDENCIAL EM VOCÊ. O MÍNIMO  QUE ELE PODE FAZER É CHAMAR  A POLÍCIA FEDERAL É COLOCAR ALGEMAS EM SUAS MÃOS.  LULA O DINHEIRO QUE VOCÊ  MANDOU PARA O MADURO, PRESIDENTE DA VENEZUELA , NÃO  FOI PARA AS MÃOS  DOS VENEZUELANOS.O GOVERNADOR DE RORAIMA  DEU ASILO AOS POBRES VENEZUELANOS,CRIANDO ASILOS PARA OS MESMOS.DEU PENA UMA VENEZUELANA FOI INDAGADA PELO GOVERNADOR:QUAL A RAZÃO  DA SENHORA ABANDONAR SUA PÁTRIA? ELA RESPONDEU EU FUGI DO PRESIDENTE MADURO,EU AMO MEU PAÍS.  É O LULA VENERA O MADURO. O GOVERNADOR DE RORAIMA DISSE NÃO  VOTE NA ESQUERDA ,POIS SE  O LULA GANHAR ,TEREMOS QUE ABANDONAR O NOSSO BRASIL.DINHEIRO PARA FAZER METRÔ  , EM CARACAS TEM , PARA MATAR A FOME DOS COMPATRIOTAS NÃO  TEM.GENTE É DE CORTAR O CORAÇÃO, UMA VENEZUELA , UM DOS MAIORES PRODUTORES DE PETRÓLEO,NESTA SITUAÇÃO. SEGUNDO O GOVERNADOR DE RORAIMA, OS VENEZUELANOS ESTÃO  FAZENDO CAMPANHA PARA O CAPITÃO  DO POVO,POIS TEM MEDO QUE O EX-PRESIDIARIO FAÇA  O MESMO NO BRASIL, CASO O LULA SEJA ELEITO. TENENTE RENZETTI DE MESQUITA,RJ.', 'authorDisplayName': 'Ronaldo Renzetti', 'authorProfileImageUrl': 'https://yt3.ggpht.com/ytc/AGIKgqPf2TktpeFyu6Kq1roBlKou9J9XD8DgJL_5TH-6fMRbv8AfC3LQcwiP6VoReq0B=s48-c-k-c0x00ffffff-no-rj', 'authorChannelUrl': 'http://www.youtube.com/channel/UCAzuXPg_Ne3NlWrOEazISjg', 'authorChannelId': {'value': 'UCAzuXPg_Ne3NlWrOEazISjg'}, 'canRate': True, 'viewerRating': 'none', 'likeCount': 0, 'publishedAt': '2022-10-16T13:00:10Z', 'updatedAt': '2022-10-16T13:00:10Z'}}, 'canReply': True, 'totalReplyCount': 0, 'isPublic': True}",,UCAzuXPg_Ne3NlWrOEazISjg,2022-10-16T13:00:10Z,"CONTRA FSTOS NÃO  HÁ  SRGUMENTOS. O ALCMIN HOJE ALIADO DO LULA DISSE QUE O MESMO É CORRUPTO, FALOU DO PETROLAO, DO MENSALÃO.  O CIRO GOMES DISSE QUE O LULA RECEBIA PROPINA DAS EMPRESTEIRAS:ODEBRECH ,DELTA. É QUE TINHA CONTA NA SUÍÇA  COM DINHEIRO DA CORRUPÇÃO.  A SIMONE , NO DEBATE CHAMOU O LULA DE CORRUPTO. LULA SE ALIOU A GEDEL, O HOMEM QUE FOI FLAGRADO COM DINHEIRO NA CUECA. MEU DEUS COMO ESSE CIDADÃO  COM ESTE CURRÍCULO  PODE SER CANDIDATO A PRESIDÊNCIA  DA REPÚBLICA.  COM A PALAVRA O SENADOR ELEITO SÉRGIO  MORO E DE QUEBRA DANTON DELAGNOL ELEITO DEPUTADO FEDERAL. LULA ABRE O TEU OLHO O BOLSONARO NÃO   VAI  COLOCAR A FAIXA PRESIDENCIAL EM VOCÊ. O MÍNIMO  QUE ELE PODE FAZER É CHAMAR  A POLÍCIA FEDERAL É COLOCAR ALGEMAS EM SUAS MÃOS.  LULA O DINHEIRO QUE VOCÊ  MANDOU PARA O MADURO, PRESIDENTE DA VENEZUELA , NÃO  FOI PARA AS MÃOS  DOS VENEZUELANOS.O GOVERNADOR DE RORAIMA  DEU ASILO AOS POBRES VENEZUELANOS,CRIANDO ASILOS PARA OS MESMOS.DEU PENA UMA VENEZUELANA FOI INDAGADA PELO GOVERNADOR:QUAL A RAZÃO  DA SENHORA ABANDONAR SUA PÁTRIA? ELA RESPONDEU EU FUGI DO PRESIDENTE MADURO,EU AMO MEU PAÍS.  É O LULA VENERA O MADURO. O GOVERNADOR DE RORAIMA DISSE NÃO  VOTE NA ESQUERDA ,POIS SE  O LULA GANHAR ,TEREMOS QUE ABANDONAR O NOSSO BRASIL.DINHEIRO PARA FAZER METRÔ  , EM CARACAS TEM , PARA MATAR A FOME DOS COMPATRIOTAS NÃO  TEM.GENTE É DE CORTAR O CORAÇÃO, UMA VENEZUELA , UM DOS MAIORES PRODUTORES DE PETRÓLEO,NESTA SITUAÇÃO. SEGUNDO O GOVERNADOR DE RORAIMA, OS VENEZUELANOS ESTÃO  FAZENDO CAMPANHA PARA O CAPITÃO  DO POVO,POIS TEM MEDO QUE O EX-PRESIDIARIO FAÇA  O MESMO NO BRASIL, CASO O LULA SEJA ELEITO. TENENTE RENZETTI DE MESQUITA,RJ.",QURTSl9pMGNEeV9OMENnV0FyY2o1Sm93OTJjeVp6RkVWaVVjSjR4eEhwSC03bFJieUdNSlhSUkxlaWczVEZTM0k2bEx5TUZzeUtoRC1yOA==,2023-06-08 18:03:22.750632
youtube#commentThread,EWiqHL02n86zzoVw2zmjAnvKJoY,UgynJP2OO2P81_2m2y54AaABAg,"{'videoId': '2ewj4UEG34A', 'topLevelComment': {'kind': 'youtube#comment', 'etag': 'pMSUT78MVfrfDuObsq1ywIyv-Sc', 'id': 'UgynJP2OO2P81_2m2y54AaABAg', 'snippet': {'videoId': '2ewj4UEG34A', 'textDisplay': 'O DEBATE É  IMPORTANTE PORQUÊ  NÓS  PODEMOS AVALIAR O DESEMPENHO DOS CANDIDATOS.  NO.  DEBATE ENTRE OS CANDIDATOS A GOVERNADOR DE SÃO  PAULO DEU PARAOBSERVAR QUE O  CANDIDATO TARCISIO DEMONSTROU MAIS SEGURANÇA  DO QUE O FERNANDO HADDAD. O TARCISIO É  PROGRESSISTA E O OUTRO FICA FALANDO DO PASSADO. ACREDITO QUE ESSE DEBATE DEFINIRÁ  A ELEIÇÃO.  TENENTE RENZETTI DE MESQUITA RIO', 'textOriginal': 'O DEBATE É  IMPORTANTE PORQUÊ  NÓS  PODEMOS AVALIAR O DESEMPENHO DOS CANDIDATOS.  NO.  DEBATE ENTRE OS CANDIDATOS A GOVERNADOR DE SÃO  PAULO DEU PARAOBSERVAR QUE O  CANDIDATO TARCISIO DEMONSTROU MAIS SEGURANÇA  DO QUE O FERNANDO HADDAD. O TARCISIO É  PROGRESSISTA E O OUTRO FICA FALANDO DO PASSADO. ACREDITO QUE ESSE DEBATE DEFINIRÁ  A ELEIÇÃO.  TENENTE RENZETTI DE MESQUITA RIO', 'authorDisplayName': 'Ronaldo Renzetti', 'authorProfileImageUrl': 'https://yt3.ggpht.com/ytc/AGIKgqPf2TktpeFyu6Kq1roBlKou9J9XD8DgJL_5TH-6fMRbv8AfC3LQcwiP6VoReq0B=s48-c-k-c0x00ffffff-no-rj', 'authorChannelUrl': 'http://www.youtube.com/channel/UCAzuXPg_Ne3NlWrOEazISjg', 'authorChannelId': {'value': 'UCAzuXPg_Ne3NlWrOEazISjg'}, 'canRate': True, 'viewerRating': 'none', 'likeCount': 0, 'publishedAt': '2022-10-16T16:38:14Z', 'updatedAt': '2022-10-16T16:38:14Z'}}, 'canReply': True, 'totalReplyCount': 0, 'isPublic': True}",,UCAzuXPg_Ne3NlWrOEazISjg,2022-10-16T16:38:14Z,O DEBATE É  IMPORTANTE PORQUÊ  NÓS  PODEMOS AVALIAR O DESEMPENHO DOS CANDIDATOS.  NO.  DEBATE ENTRE OS CANDIDATOS A GOVERNADOR DE SÃO  PAULO DEU PARAOBSERVAR QUE O  CANDIDATO TARCISIO DEMONSTROU MAIS SEGURANÇA  DO QUE O FERNANDO HADDAD. O TARCISIO É  PROGRESSISTA E O OUTRO FICA FALANDO DO PASSADO. ACREDITO QUE ESSE DEBATE DEFINIRÁ  A ELEIÇÃO.  TENENTE RENZETTI DE MESQUITA RIO,QURTSl9pMllXbHRUVjV5RGltaTdfQW0wVjhjS19IT1ZKZmFjdzVKdXkwbjRweERaMTdhQW83TXBIMm1KVFVFN0xnUThqcHJXS0lwRWFoWQ==,2023-06-08 18:07:01.009187
youtube#commentThread,8dyiFixYs4-HgamgFNPfcFuMSWk,UgzkA9APrp_CHN9dQ4p4AaABAg,"{'videoId': 'f-tlAl5zFfg', 'topLevelComment': {'kind': 'youtube#comment', 'etag': 'wn7k7BbgnBYFRNg07WCHvpz70jE', 'id': 'UgzkA9APrp_CHN9dQ4p4AaABAg', 'snippet': {'videoId': 'f-tlAl5zFfg', 'textDisplay': 'ESSA DO TSE DE PROIBIR  A PRF E PF DE NAO  FAZER OPERAÇÕES  QUE  ATRAPALHE  A LOCOMOÇÃO  DE ELEITORES, É  RIDÍCULO.  A ATUAÇÃO  DESSAS POLICIAS SAO ROTINEIRAMENTE.  ATÉ  NISSO O XANDAO  QUER DAR PITACO. A PRF TEM QUE FICAR ATENTA  COM  O CONTRABANDO  E CO TRÁFICO  DE DRPGAS.TENENTE RENZETTI DE MESQUITA  , RJ', 'textOriginal': 'ESSA DO TSE DE PROIBIR  A PRF E PF DE NAO  FAZER OPERAÇÕES  QUE  ATRAPALHE  A LOCOMOÇÃO  DE ELEITORES, É  RIDÍCULO.  A ATUAÇÃO  DESSAS POLICIAS SAO ROTINEIRAMENTE.  ATÉ  NISSO O XANDAO  QUER DAR PITACO. A PRF TEM QUE FICAR ATENTA  COM  O CONTRABANDO  E CO TRÁFICO  DE DRPGAS.TENENTE RENZETTI DE MESQUITA  , RJ', 'authorDisplayName': 'Ronaldo Renzetti', 'authorProfileImageUrl': 'https://yt3.ggpht.com/ytc/AGIKgqPf2TktpeFyu6Kq1roBlKou9J9XD8DgJL_5TH-6fMRbv8AfC3LQcwiP6VoReq0B=s48-c-k-c0x00ffffff-no-rj', 'authorChannelUrl': 'http://www.youtube.com/channel/UCAzuXPg_Ne3NlWrOEazISjg', 'authorChannelId': {'value': 'UCAzuXPg_Ne3NlWrOEazISjg'}, 'canRate': True, 'viewerRating': 'none', 'likeCount': 0, 'publishedAt': '2022-10-30T17:45:36Z', 'updatedAt': '2022-10-30T17:45:36Z'}}, 'canReply': True, 'totalReplyCount': 0, 'isPublic': True}",,UCAzuXPg_Ne3NlWrOEazISjg,2022-10-30T17:45:36Z,"ESSA DO TSE DE PROIBIR  A PRF E PF DE NAO  FAZER OPERAÇÕES  QUE  ATRAPALHE  A LOCOMOÇÃO  DE ELEITORES, É  RIDÍCULO.  A ATUAÇÃO  DESSAS POLICIAS SAO ROTINEIRAMENTE.  ATÉ  NISSO O XANDAO  QUER DAR PITACO. A PRF TEM QUE FICAR ATENTA  COM  O CONTRABANDO  E CO TRÁFICO  DE DRPGAS.TENENTE RENZETTI DE MESQUITA  , RJ",QURTSl9pMDE4YWN0QWdpWTVrNU90cnRqVXQ2cFpMZXJ4UmI2Q3JzMmw5VjJUUVJobHRPejRRSjNKcFV4WDVLMUQtU2dGekNXZVFGcG5uaw==,2023-06-08 14:12:35.330554
youtube#commentThread,0CrvWCwiBWrZaG28x3Uux4U9j1g,Ugzsur2puQu_AGwzczh4AaABAg,"{'videoId': 'fDoNmbvjj6c', 'topLevelComment': {'kind': 'youtube#comment', 'etag': 'U-d__Nt2TXC1UYFHZE8Sk0P_Hdg', 'id': 'Ugzsur2puQu_AGwzczh4AaABAg', 'snippet': {'videoId': 'fDoNmbvjj6c', 'textDisplay': 'ISTO TARCÍSIO.  NÓS  CONFIAMOS EM VOCÊ.  SÃO  PAULO MERECE  UM GOVERNADOR ATUANTE E COMPETENTE. ATÉ  QUE A AMANDA KLEIN  ESTÁ  FAZENDO  UM EXCELENTE COMENTÁRIO. ELA RECONHECE  QUE  O BOLSONARO  CRESCEU NO SUDESTE. CONTINUA  A FALAR SOBRE O CASO DAS VENEZUELANAS , DO JEFFERSON  É DAS INSERÇÕES  DE PROPAGANDA NAS RÁDIOS.  TENENTE RENZETTI DE MESQUITA RJ', 'textOriginal': 'ISTO TARCÍSIO.  NÓS  CONFIAMOS EM VOCÊ.  SÃO  PAULO MERECE  UM GOVERNADOR ATUANTE E COMPETENTE. ATÉ  QUE A AMANDA KLEIN  ESTÁ  FAZENDO  UM EXCELENTE COMENTÁRIO. ELA RECONHECE  QUE  O BOLSONARO  CRESCEU NO SUDESTE. CONTINUA  A FALAR SOBRE O CASO DAS VENEZUELANAS , DO JEFFERSON  É DAS INSERÇÕES  DE PROPAGANDA NAS RÁDIOS.  TENENTE RENZETTI DE MESQUITA RJ', 'authorDisplayName': 'Ronaldo Renzetti', 'authorProfileImageUrl': 'https://yt3.ggpht.com/ytc/AGIKgqPf2TktpeFyu6Kq1roBlKou9J9XD8DgJL_5TH-6fMRbv8AfC3LQcwiP6VoReq0B=s48-c-k-c0x00ffffff-no-rj', 'authorChannelUrl': 'http://www.youtube.com/channel/UCAzuXPg_Ne3NlWrOEazISjg', 'authorChannelId': {'value': 'UCAzuXPg_Ne3NlWrOEazISjg'}, 'canRate': True, 'viewerRating': 'none', 'likeCount': 0, 'publishedAt': '2022-10-30T17:38:21Z', 'updatedAt': '2022-10-30T17:38:21Z'}}, 'canReply': True, 'totalReplyCount': 0, 'isPublic': True}",,UCAzuXPg_Ne3NlWrOEazISjg,2022-10-30T17:38:21Z,"ISTO TARCÍSIO.  NÓS  CONFIAMOS EM VOCÊ.  SÃO  PAULO MERECE  UM GOVERNADOR ATUANTE E COMPETENTE. ATÉ  QUE A AMANDA KLEIN  ESTÁ  FAZENDO  UM EXCELENTE COMENTÁRIO. ELA RECONHECE  QUE  O BOLSONARO  CRESCEU NO SUDESTE. CONTINUA  A FALAR SOBRE O CASO DAS VENEZUELANAS , DO JEFFERSON  É DAS INSERÇÕES  DE PROPAGANDA NAS RÁDIOS.  TENENTE RENZETTI DE MESQUITA RJ",QURTSl9pMVprM2haSVlRczZIejhsd09uYnJNN1NGOVRLd2luTG1lcXZzVlpEdEJOSTIzazJhSXRjalVhMzdNN0dRM3ZvVVF2bFE4Zzgwbw==,2023-06-08 14:12:45.838589
youtube#commentThread,ip42kyppekgm9v3exOdn4zLxILo,UgyYieTguAJdb1hz5_t4AaABAg,"{'videoId': 'yc3Dw_Aeb60', 'topLevelComment': {'kind': 'youtube#comment', 'etag': 'ypnKGKMy0lqanQ8gykenWjZ6Nfs', 'id': 'UgyYieTguAJdb1hz5_t4AaABAg', 'snippet': {'videoId': 'yc3Dw_Aeb60', 'textDisplay': 'BOLSONARO TEM QUE DIZER COM MAIS ENFASE QUE CONCLUIU A OBRA DA TRANSPOSIÇÃO  DO RIO SAO  FRANCISCO.BOLSONARO   TAMBÉM  TEM QUE FALAR PARA OS NORDESTINOS SOBRE O AUXÍLIO  BRASIL, DIZENDO QUE MESMO SE A PESSOA CONSEGUIR  EMPREGO NÃO  PERDE O AUXILIO QUE É  DE 600, 00 REAIS. NO GOVERNO LULA A BOLSA FAMÍLIA  ERA DE 42, 00 POR PESSOA. E SE  A PESSOA ARRUMAR EMPREGO PERDE O BOLSA FAMÍLIA.  EU ACHO QUE O TARCISIO É O ZEMA  SERÃO  O FIEL DA BALANÇA  NESTA ELEIÇÃO.  TENENTE RENZETTI DE MESQUITA, RJ.', 'textOriginal': 'BOLSONARO TEM QUE DIZER COM MAIS ENFASE QUE CONCLUIU A OBRA DA TRANSPOSIÇÃO  DO RIO SAO  FRANCISCO.BOLSONARO   TAMBÉM  TEM QUE FALAR PARA OS NORDESTINOS SOBRE O AUXÍLIO  BRASIL, DIZENDO QUE MESMO SE A PESSOA CONSEGUIR  EMPREGO NÃO  PERDE O AUXILIO QUE É  DE 600, 00 REAIS. NO GOVERNO LULA A BOLSA FAMÍLIA  ERA DE 42, 00 POR PESSOA. E SE  A PESSOA ARRUMAR EMPREGO PERDE O BOLSA FAMÍLIA.  EU ACHO QUE O TARCISIO É O ZEMA  SERÃO  O FIEL DA BALANÇA  NESTA ELEIÇÃO.  TENENTE RENZETTI DE MESQUITA, RJ.', 'authorDisplayName': 'Ronaldo Renzetti', 'authorProfileImageUrl': 'https://yt3.ggpht.com/ytc/AGIKgqPf2TktpeFyu6Kq1roBlKou9J9XD8DgJL_5TH-6fMRbv8AfC3LQcwiP6VoReq0B=s48-c-k-c0x00ffffff-no-rj', 'authorChannelUrl': 'http://www.youtube.com/channel/UCAzuXPg_Ne3NlWrOEazISjg', 'authorChannelId': {'value': 'UCAzuXPg_Ne3NlWrOEazISjg'}, 'canRate': True, 'viewerRating': 'none', 'likeCount': 0, 'publishedAt': '2022-10-21T22:31:58Z', 'updatedAt': '2022-10-21T22:31:58Z'}}, 'canReply': True, 'totalReplyCount': 0, 'isPublic': True}",,UCAzuXPg_Ne3NlWrOEazISjg,2022-10-21T22:31:58Z,"BOLSONARO TEM QUE DIZER COM MAIS ENFASE QUE CONCLUIU A OBRA DA TRANSPOSIÇÃO  DO RIO SAO  FRANCISCO.BOLSONARO   TAMBÉM  TEM QUE FALAR PARA OS NORDESTINOS SOBRE O AUXÍLIO  BRASIL, DIZENDO QUE MESMO SE A PESSOA CONSEGUIR  EMPREGO NÃO  PERDE O AUXILIO QUE É  DE 600, 00 REAIS. NO GOVERNO LULA A BOLSA FAMÍLIA  ERA DE 42, 00 POR PESSOA. E SE  A PESSOA ARRUMAR EMPREGO PERDE O BOLSA FAMÍLIA.  EU ACHO QUE O TARCISIO É O ZEMA  SERÃO  O FIEL DA BALANÇA  NESTA ELEIÇÃO.  TENENTE RENZETTI DE MESQUITA, RJ.",QURTSl9pM28wSkxnVGtib3lpUldEdXJwWEROX2h4QXBpdEZBMXhneWhOYkd4R3JYWHVUTEwyS1A3NFI1TUlCd0FZbzFsTEZ6T0lHZGE4QQ==,2023-06-08 18:09:37.102218
youtube#commentThread,Q_IxxLOac4yuhlYQ9v2cPLYwyxU,Ugw0133o_FZjOZZX2Vd4AaABAg,"{'videoId': 'yc3Dw_Aeb60', 'topLevelComment': {'kind': 'youtube#comment', 'etag': 'K4iNMv7hcX1Q87yWi_nPMk_V9Qk', 'id': 'Ugw0133o_FZjOZZX2Vd4AaABAg', 'snippet': {'videoId': 'yc3Dw_Aeb60', 'textDisplay': 'A POPULAÇÃO  CARENTE NÃO  ESTÁ  NEM AÍ  PARA O TEMA CORRUPÇÃO.  SE O TEMA CORRUPÇÃO  FOSSE IMPORTANTE O BOLSONARO ESTAVA NA FRENTE. MAIS CORRUPTO  DO QUE O LULA E  O PT  NÃO  TEVE NO BRASIL. TENENTE RENZETTI DE MESQUITA, RJ.', 'textOriginal': 'A POPULAÇÃO  CARENTE NÃO  ESTÁ  NEM AÍ  PARA O TEMA CORRUPÇÃO.  SE O TEMA CORRUPÇÃO  FOSSE IMPORTANTE O BOLSONARO ESTAVA NA FRENTE. MAIS CORRUPTO  DO QUE O LULA E  O PT  NÃO  TEVE NO BRASIL. TENENTE RENZETTI DE MESQUITA, RJ.', 'authorDisplayName': 'Ronaldo Renzetti', 'authorProfileImageUrl': 'https://yt3.ggpht.com/ytc/AGIKgqPf2TktpeFyu6Kq1roBlKou9J9XD8DgJL_5TH-6fMRbv8AfC3LQcwiP6VoReq0B=s48-c-k-c0x00ffffff-no-rj', 'authorChannelUrl': 'http://www.youtube.com/channel/UCAzuXPg_Ne3NlWrOEazISjg', 'authorChannelId': {'value': 'UCAzuXPg_Ne3NlWrOEazISjg'}, 'canRate': True, 'viewerRating': 'none', 'likeCount': 0, 'publishedAt': '2022-10-21T22:19:33Z', 'updatedAt': '2022-10-21T22:19:33Z'}}, 'canReply': True, 'totalReplyCount': 0, 'isPublic': True}",,UCAzuXPg_Ne3NlWrOEazISjg,2022-10-21T22:19:33Z,"A POPULAÇÃO  CARENTE NÃO  ESTÁ  NEM AÍ  PARA O TEMA CORRUPÇÃO.  SE O TEMA CORRUPÇÃO  FOSSE IMPORTANTE O BOLSONARO ESTAVA NA FRENTE. MAIS CORRUPTO  DO QUE O LULA E  O PT  NÃO  TEVE NO BRASIL. TENENTE RENZETTI DE MESQUITA, RJ.",QURTSl9pM28wSkxnVGtib3lpUldEdXJwWEROX2h4QXBpdEZBMXhneWhOYkd4R3JYWHVUTEwyS1A3NFI1TUlCd0FZbzFsTEZ6T0lHZGE4QQ==,2023-06-08 18:09:37.102218
youtube#commentThread,13WkgrNPEPAS02AfX3DTBoV5j80,Ugy2rFslIcEa02k6Y-Z4AaABAg,"{'videoId': 'oQ0KmrKYUFw', 'topLevelComment': {'kind': 'youtube#comment', 'etag': 'A6zLNAXjxMycKVvyPIIr3O6jnZs', 'id': 'Ugy2rFslIcEa02k6Y-Z4AaABAg', 'snippet': {'videoId': 'oQ0KmrKYUFw', 'textDisplay': 'NA MINHA OPINIÃO  É  O TARCÍSIO.  O BOLSONARO  VAI REFLETIR  . NADA  ESTÁ  PERDIDO . ELE AJUDOU  A ELEGER  VÁRIOS  DEPUTADOS E VÁRIOS  SENADORES. NINGUÉM  PODE CONTESTAR  QUE ELE FEZ NASCER NOS BRASILEIROS  O PATRIOTISMO. TENENTE RENZETTI DE MESQUITA, RK', 'textOriginal': 'NA MINHA OPINIÃO  É  O TARCÍSIO.  O BOLSONARO  VAI REFLETIR  . NADA  ESTÁ  PERDIDO . ELE AJUDOU  A ELEGER  VÁRIOS  DEPUTADOS E VÁRIOS  SENADORES. NINGUÉM  PODE CONTESTAR  QUE ELE FEZ NASCER NOS BRASILEIROS  O PATRIOTISMO. TENENTE RENZETTI DE MESQUITA, RK', 'authorDisplayName': 'Ronaldo Renzetti', 'authorProfileImageUrl': 'https://yt3.ggpht.com/ytc/AGIKgqPf2TktpeFyu6Kq1roBlKou9J9XD8DgJL_5TH-6fMRbv8AfC3LQcwiP6VoReq0B=s48-c-k-c0x00ffffff-no-rj', 'authorChannelUrl': 'http://www.youtube.com/channel/UCAzuXPg_Ne3NlWrOEazISjg', 'authorChannelId': {'value': 'UCAzuXPg_Ne3NlWrOEazISjg'}, 'canRate': True, 'viewerRating': 'none', 'likeCount': 1, 'publishedAt': '2022-10-31T19:46:34Z', 'updatedAt': '2022-10-31T19:46:34Z'}}, 'canReply': True, 'totalReplyCount': 0, 'isPublic': True}",,UCAzuXPg_Ne3NlWrOEazISjg,2022-10-31T19:46:34Z,"NA MINHA OPINIÃO  É  O TARCÍSIO.  O BOLSONARO  VAI REFLETIR  . NADA  ESTÁ  PERDIDO . ELE AJUDOU  A ELEGER  VÁRIOS  DEPUTADOS E VÁRIOS  SENADORES. NINGUÉM  PODE CONTESTAR  QUE ELE FEZ NASCER NOS BRASILEIROS  O PATRIOTISMO. TENENTE RENZETTI DE MESQUITA, RK",QURTSl9pMnlYNUF0NlNSc3pSdy1WdTBoQ3FST0s2ZFFRX2F6ck90UmFpX0FPa0lDNzdnQV96d3VWUF92RWFjWTl6UWZtY0FvYWt6emNGTQ==,2023-06-08 13:57:16.277195
youtube#commentThread,0nx-ZNTIVZBxKN_qMNzQ3jDugiM,UgxoI0koVTktS0FDpm94AaABAg,"{'videoId': 'gwgufZVqLU4', 'topLevelComment': {'kind': 'youtube#comment', 'etag': 'xlAIT_l3wmK9fOBJeTmOcIu7nKg', 'id': 'UgxoI0koVTktS0FDpm94AaABAg', 'snippet': {'videoId': 'gwgufZVqLU4', 'textDisplay': 'HOJE É  UM DIA MUITO IMPORTANTE PARA MIM MINHA MÃE, JÁ  FALECIDA FARIA ANIVERSÁRIO  NESTE DIA. MINHA MÃE  ERA MUITO CARIDOSA E FAZER ANIVERSÁRIO  COM  A NOSSA SENHORA APARECIDA É  EMOCIONANTE PARA MINHA FAMILIA. ELA ESTÁ  OLHANDO POR NÓS  ONDE QUER QUE ELA ESTEJA. PROF. RENZETTI , RIO DE JANEIRO.', 'textOriginal': 'HOJE É  UM DIA MUITO IMPORTANTE PARA MIM MINHA MÃE, JÁ  FALECIDA FARIA ANIVERSÁRIO  NESTE DIA. MINHA MÃE  ERA MUITO CARIDOSA E FAZER ANIVERSÁRIO  COM  A NOSSA SENHORA APARECIDA É  EMOCIONANTE PARA MINHA FAMILIA. ELA ESTÁ  OLHANDO POR NÓS  ONDE QUER QUE ELA ESTEJA. PROF. RENZETTI , RIO DE JANEIRO.', 'authorDisplayName': 'Ronaldo Renzetti', 'authorProfileImageUrl': 'https://yt3.ggpht.com/ytc/AGIKgqPf2TktpeFyu6Kq1roBlKou9J9XD8DgJL_5TH-6fMRbv8AfC3LQcwiP6VoReq0B=s48-c-k-c0x00ffffff-no-rj', 'authorChannelUrl': 'http://www.youtube.com/channel/UCAzuXPg_Ne3NlWrOEazISjg', 'authorChannelId': {'value': 'UCAzuXPg_Ne3NlWrOEazISjg'}, 'canRate': True, 'viewerRating': 'none', 'likeCount': 7, 'publishedAt': '2022-10-12T16:18:11Z', 'updatedAt': '2022-10-12T16:18:11Z'}}, 'canReply': True, 'totalReplyCount': 0, 'isPublic': True}",,UCAzuXPg_Ne3NlWrOEazISjg,2022-10-12T16:18:11Z,"HOJE É  UM DIA MUITO IMPORTANTE PARA MIM MINHA MÃE, JÁ  FALECIDA FARIA ANIVERSÁRIO  NESTE DIA. MINHA MÃE  ERA MUITO CARIDOSA E FAZER ANIVERSÁRIO  COM  A NOSSA SENHORA APARECIDA É  EMOCIONANTE PARA MINHA FAMILIA. ELA ESTÁ  OLHANDO POR NÓS  ONDE QUER QUE ELA ESTEJA. PROF. RENZETTI , RIO DE JANEIRO.",,2023-06-08 18:13:55.767766
youtube#commentThread,QFGd_W6RNssk5sBFgrRvR2JMpjo,UgyElbEj_nOKKrJlwy94AaABAg,"{'videoId': 'b5rSghbJir8', 'topLevelComment': {'kind': 'youtube#comment', 'etag': 'yZtfcrQVqfX8Cjuxzd3IDelAuI4', 'id': 'UgyElbEj_nOKKrJlwy94AaABAg', 'snippet': {'videoId': 'b5rSghbJir8', 'textDisplay': 'ESSE NEGÓCIO  DE FALAR  QUE O TARCISIO É  FOFASTEIRO. O LULA É  NORDESTINO E TEM DOMICILIO ELEITORAL EM      SAO  PAULO. TENEMTE RENZETTI MESQUITA, RJ', 'textOriginal': 'ESSE NEGÓCIO  DE FALAR  QUE O TARCISIO É  FOFASTEIRO. O LULA É  NORDESTINO E TEM DOMICILIO ELEITORAL EM      SAO  PAULO. TENEMTE RENZETTI MESQUITA, RJ', 'authorDisplayName': 'Ronaldo Renzetti', 'authorProfileImageUrl': 'https://yt3.ggpht.com/ytc/AGIKgqPf2TktpeFyu6Kq1roBlKou9J9XD8DgJL_5TH-6fMRbv8AfC3LQcwiP6VoReq0B=s48-c-k-c0x00ffffff-no-rj', 'authorChannelUrl': 'http://www.youtube.com/channel/UCAzuXPg_Ne3NlWrOEazISjg', 'authorChannelId': {'value': 'UCAzuXPg_Ne3NlWrOEazISjg'}, 'canRate': True, 'viewerRating': 'none', 'likeCount': 0, 'publishedAt': '2022-10-11T18:18:08Z', 'updatedAt': '2022-10-11T18:18:08Z'}}, 'canReply': True, 'totalReplyCount': 0, 'isPublic': True}",,UCAzuXPg_Ne3NlWrOEazISjg,2022-10-11T18:18:08Z,"ESSE NEGÓCIO  DE FALAR  QUE O TARCISIO É  FOFASTEIRO. O LULA É  NORDESTINO E TEM DOMICILIO ELEITORAL EM      SAO  PAULO. TENEMTE RENZETTI MESQUITA, RJ",QURTSl9pMFZYUDh5Y3JHX3lrek5YSTA4YWFZcFIydjk4ZEk2UFlNcms5QUtjZGxhN1VCS1lESE5Zd0ltWDVNY2lYZ3NhbFJiMGQybjN3dw==,2023-06-08 18:17:36.789671
youtube#commentThread,Q6oCTTmBBNRfnoTijcE9SgWGX-o,Ugx_GwSkYr_JqfAsD2d4AaABAg,"{'videoId': 'b5rSghbJir8', 'topLevelComment': {'kind': 'youtube#comment', 'etag': 'ZQjtIMh8z31Pq0AH_oafyjbCcMU', 'id': 'Ugx_GwSkYr_JqfAsD2d4AaABAg', 'snippet': {'videoId': 'b5rSghbJir8', 'textDisplay': 'ATÉ  QUE OS DEBATEDORES FORAM BEM  BOLSONARO AGIU CORRETAMEMTE. O ICMS  É  ESTADUAL.O HADDAD  ERROU NESSA. TARCISIO DESMACAROU HADDAD.', 'textOriginal': 'ATÉ  QUE OS DEBATEDORES FORAM BEM  BOLSONARO AGIU CORRETAMEMTE. O ICMS  É  ESTADUAL.O HADDAD  ERROU NESSA. TARCISIO DESMACAROU HADDAD.', 'authorDisplayName': 'Ronaldo Renzetti', 'authorProfileImageUrl': 'https://yt3.ggpht.com/ytc/AGIKgqPf2TktpeFyu6Kq1roBlKou9J9XD8DgJL_5TH-6fMRbv8AfC3LQcwiP6VoReq0B=s48-c-k-c0x00ffffff-no-rj', 'authorChannelUrl': 'http://www.youtube.com/channel/UCAzuXPg_Ne3NlWrOEazISjg', 'authorChannelId': {'value': 'UCAzuXPg_Ne3NlWrOEazISjg'}, 'canRate': True, 'viewerRating': 'none', 'likeCount': 0, 'publishedAt': '2022-10-11T18:05:26Z', 'updatedAt': '2022-10-11T18:05:26Z'}}, 'canReply': True, 'totalReplyCount': 0, 'isPublic': True}",,UCAzuXPg_Ne3NlWrOEazISjg,2022-10-11T18:05:26Z,ATÉ  QUE OS DEBATEDORES FORAM BEM  BOLSONARO AGIU CORRETAMEMTE. O ICMS  É  ESTADUAL.O HADDAD  ERROU NESSA. TARCISIO DESMACAROU HADDAD.,QURTSl9pMFZYUDh5Y3JHX3lrek5YSTA4YWFZcFIydjk4ZEk2UFlNcms5QUtjZGxhN1VCS1lESE5Zd0ltWDVNY2lYZ3NhbFJiMGQybjN3dw==,2023-06-08 18:17:36.789671
youtube#commentThread,zCyRGsAJnhAxz1kogrQ_craK1uQ,UgzWxd8OvqkPn58Nw0J4AaABAg,"{'videoId': '6_c4M_TwnEA', 'topLevelComment': {'kind': 'youtube#comment', 'etag': 'xC0PUPAlv33rUal_oeB1cwol7cQ', 'id': 'UgzWxd8OvqkPn58Nw0J4AaABAg', 'snippet': {'videoId': '6_c4M_TwnEA', 'textDisplay': 'EU SÓ  QUERO VER  SE O LULADRAO  VAI ISENTAR OS CONTRIBUINTES  , QUE GANHAM ATÉ  5 MIL REAIS.  É TAMBÉM  SE VAI AUMENTAR OS SALÁRIOS  ACIMA DA INFLAÇÃO. ELE TERÁ  DIFICULDADES  DE FAZER AS REFORMAS  QUE  O BRASIL PRECISA. LULA FEZ MUITAS PROMESSAS.  SERÁ  QUE ELE  VAI CUMPRIR  O QUE  PROMETEU  ? TENENTE RENZETTI RJ.', 'textOriginal': 'EU SÓ  QUERO VER  SE O LULADRAO  VAI ISENTAR OS CONTRIBUINTES  , QUE GANHAM ATÉ  5 MIL REAIS.  É TAMBÉM  SE VAI AUMENTAR OS SALÁRIOS  ACIMA DA INFLAÇÃO. ELE TERÁ  DIFICULDADES  DE FAZER AS REFORMAS  QUE  O BRASIL PRECISA. LULA FEZ MUITAS PROMESSAS.  SERÁ  QUE ELE  VAI CUMPRIR  O QUE  PROMETEU  ? TENENTE RENZETTI RJ.', 'authorDisplayName': 'Ronaldo Renzetti', 'authorProfileImageUrl': 'https://yt3.ggpht.com/ytc/AGIKgqPf2TktpeFyu6Kq1roBlKou9J9XD8DgJL_5TH-6fMRbv8AfC3LQcwiP6VoReq0B=s48-c-k-c0x00ffffff-no-rj', 'authorChannelUrl': 'http://www.youtube.com/channel/UCAzuXPg_Ne3NlWrOEazISjg', 'authorChannelId': {'value': 'UCAzuXPg_Ne3NlWrOEazISjg'}, 'canRate': True, 'viewerRating': 'none', 'likeCount': 0, 'publishedAt': '2022-10-31T21:11:49Z', 'updatedAt': '2022-10-31T21:11:49Z'}}, 'canReply': True, 'totalReplyCount': 0, 'isPublic': True}",,UCAzuXPg_Ne3NlWrOEazISjg,2022-10-31T21:11:49Z,"EU SÓ  QUERO VER  SE O LULADRAO  VAI ISENTAR OS CONTRIBUINTES  , QUE GANHAM ATÉ  5 MIL REAIS.  É TAMBÉM  SE VAI AUMENTAR OS SALÁRIOS  ACIMA DA INFLAÇÃO. ELE TERÁ  DIFICULDADES  DE FAZER AS REFORMAS  QUE  O BRASIL PRECISA. LULA FEZ MUITAS PROMESSAS.  SERÁ  QUE ELE  VAI CUMPRIR  O QUE  PROMETEU  ? TENENTE RENZETTI RJ.",QURTSl9pMEZOY3hwMzgwVXdBMEx0OGFhZjFjaWtCQmJ4cm9HRzBHVDhvQnVESnRGRmFjbnJKM1RRaU9yZWN5TUJUVjVHYTdCS25OWHo5MA==,2023-06-08 13:57:55.526316
youtube#commentThread,Fl-mSa1xNp-h0_tEawVcSBSIxRc,UgyRawZFl1SsUZfbIcx4AaABAg,"{'videoId': 'tu665LfsR1g', 'topLevelComment': {'kind': 'youtube#comment', 'etag': 'B-euJCDbGjSikeaiuVpyJ-VAoZs', 'id': 'UgyRawZFl1SsUZfbIcx4AaABAg', 'snippet': {'videoId': 'tu665LfsR1g', 'textDisplay': 'VOCÊ  QUE NÃO  VOTOU FAÇA  UM EXAME DE  CONSCIÊNCIA  O BRASIL PRECISA DO SEU VOTO. OBSERVE O QUE ESTE GOVERNO FEZ . OLHA NORDESTINOS A TRANSPOSIÇÃO  DO RIO SÃO  FRANCISCO , JÁ  É  UMA REALIDADE, O AUXÍLIO  BRASIL, A EVOLUÇÃO  DO  CAMPO,COM O AGRO NEGÓCIO, AS DÍVIDAS  QUE OS UNIVERSITÁRIOS  TINHAM COM O FIES, AGORA PODEM SER PAGAS,VOCÊ  QUE QUER  ABRIR UM PEQUENO NEGÓCIO  PODE TIRAR UM EMPRÉSTIMO  , ATRAVÉS  DO AUXILIO BRASIL.COMO ESSE GOVERNO AJUDOU OS CAMINHONEIROS ,DANDO O AUXILIO DE MIL REAIS POR MÊS. O QUE O OUTRO GOVERNO FEZ LEVOU O PAÍS A BEIRA DA FALÊNCIA. A CORRUPÇÃO  FOI VERGONHOSA. O BRASIL NÃO  AGUENTA  MAIS TANTO RETROCESSO.OBSERVEM AS PESSOAS QUE ESTÃO  COM  LULA. A MAIORIA FALAVAM MAL DELE É AGORA COM A MAIOR CARA DE PAU ESTÃO  APOIA DO O LULA.VEJA QUEM ESTÃO  COM BOLDONARO , DEZ GOVERNADORES INTEGROS, SENADORES DEPUTADOS FEDERAIS, O NICOLA FERREIRA,UM JOVEM DE 26 ANOS QUE TEVE A MAIOR VOTAÇÃO  DE DEPUTADO FEDERAL DO BRASIL, POR ESSAS E OUTRAS É  QUE ESTOU COM O CAPITÃO  DO POVO. TENENTE RENZETTI, DO RIO DE JANEIRO.', 'textOriginal': 'VOCÊ  QUE NÃO  VOTOU FAÇA  UM EXAME DE  CONSCIÊNCIA  O BRASIL PRECISA DO SEU VOTO. OBSERVE O QUE ESTE GOVERNO FEZ . OLHA NORDESTINOS A TRANSPOSIÇÃO  DO RIO SÃO  FRANCISCO , JÁ  É  UMA REALIDADE, O AUXÍLIO  BRASIL, A EVOLUÇÃO  DO  CAMPO,COM O AGRO NEGÓCIO, AS DÍVIDAS  QUE OS UNIVERSITÁRIOS  TINHAM COM O FIES, AGORA PODEM SER PAGAS,VOCÊ  QUE QUER  ABRIR UM PEQUENO NEGÓCIO  PODE TIRAR UM EMPRÉSTIMO  , ATRAVÉS  DO AUXILIO BRASIL.COMO ESSE GOVERNO AJUDOU OS CAMINHONEIROS ,DANDO O AUXILIO DE MIL REAIS POR MÊS. O QUE O OUTRO GOVERNO FEZ LEVOU O PAÍS A BEIRA DA FALÊNCIA. A CORRUPÇÃO  FOI VERGONHOSA. O BRASIL NÃO  AGUENTA  MAIS TANTO RETROCESSO.OBSERVEM AS PESSOAS QUE ESTÃO  COM  LULA. A MAIORIA FALAVAM MAL DELE É AGORA COM A MAIOR CARA DE PAU ESTÃO  APOIA DO O LULA.VEJA QUEM ESTÃO  COM BOLDONARO , DEZ GOVERNADORES INTEGROS, SENADORES DEPUTADOS FEDERAIS, O NICOLA FERREIRA,UM JOVEM DE 26 ANOS QUE TEVE A MAIOR VOTAÇÃO  DE DEPUTADO FEDERAL DO BRASIL, POR ESSAS E OUTRAS É  QUE ESTOU COM O CAPITÃO  DO POVO. TENENTE RENZETTI, DO RIO DE JANEIRO.', 'authorDisplayName': 'Ronaldo Renzetti', 'authorProfileImageUrl': 'https://yt3.ggpht.com/ytc/AGIKgqPf2TktpeFyu6Kq1roBlKou9J9XD8DgJL_5TH-6fMRbv8AfC3LQcwiP6VoReq0B=s48-c-k-c0x00ffffff-no-rj', 'authorChannelUrl': 'http://www.youtube.com/channel/UCAzuXPg_Ne3NlWrOEazISjg', 'authorChannelId': {'value': 'UCAzuXPg_Ne3NlWrOEazISjg'}, 'canRate': True, 'viewerRating': 'none', 'likeCount': 0, 'publishedAt': '2022-10-10T18:07:25Z', 'updatedAt': '2022-10-10T18:07:25Z'}}, 'canReply': True, 'totalReplyCount': 0, 'isPublic': True}",,UCAzuXPg_Ne3NlWrOEazISjg,2022-10-10T18:07:25Z,"VOCÊ  QUE NÃO  VOTOU FAÇA  UM EXAME DE  CONSCIÊNCIA  O BRASIL PRECISA DO SEU VOTO. OBSERVE O QUE ESTE GOVERNO FEZ . OLHA NORDESTINOS A TRANSPOSIÇÃO  DO RIO SÃO  FRANCISCO , JÁ  É  UMA REALIDADE, O AUXÍLIO  BRASIL, A EVOLUÇÃO  DO  CAMPO,COM O AGRO NEGÓCIO, AS DÍVIDAS  QUE OS UNIVERSITÁRIOS  TINHAM COM O FIES, AGORA PODEM SER PAGAS,VOCÊ  QUE QUER  ABRIR UM PEQUENO NEGÓCIO  PODE TIRAR UM EMPRÉSTIMO  , ATRAVÉS  DO AUXILIO BRASIL.COMO ESSE GOVERNO AJUDOU OS CAMINHONEIROS ,DANDO O AUXILIO DE MIL REAIS POR MÊS. O QUE O OUTRO GOVERNO FEZ LEVOU O PAÍS A BEIRA DA FALÊNCIA. A CORRUPÇÃO  FOI VERGONHOSA. O BRASIL NÃO  AGUENTA  MAIS TANTO RETROCESSO.OBSERVEM AS PESSOAS QUE ESTÃO  COM  LULA. A MAIORIA FALAVAM MAL DELE É AGORA COM A MAIOR CARA DE PAU ESTÃO  APOIA DO O LULA.VEJA QUEM ESTÃO  COM BOLDONARO , DEZ GOVERNADORES INTEGROS, SENADORES DEPUTADOS FEDERAIS, O NICOLA FERREIRA,UM JOVEM DE 26 ANOS QUE TEVE A MAIOR VOTAÇÃO  DE DEPUTADO FEDERAL DO BRASIL, POR ESSAS E OUTRAS É  QUE ESTOU COM O CAPITÃO  DO POVO. TENENTE RENZETTI, DO RIO DE JANEIRO.",QURTSl9pMzktSjZIa1J6d1Uza05wM2JJMGE1MkFBWGJ2OGZvMWtWeTdBa1NsWF9fVUVLcUNYUTJGWm9xb0FESURGQ1pLTU93b3FWTU5IRQ==,2023-06-08 18:22:53.551138
youtube#commentThread,RCEg0sx_umpzjzQ8O31r5gvBv1Q,UgyYFz1VUwvjxb5PEO94AaABAg,"{'videoId': 'DfRYsiPA1ZA', 'topLevelComment': {'kind': 'youtube#comment', 'etag': 'rjr1ILZ66VfDXLyuO4P0QGsVPs0', 'id': 'UgyYFz1VUwvjxb5PEO94AaABAg', 'snippet': {'videoId': 'DfRYsiPA1ZA', 'textDisplay': 'A FATIMA GARCÍA  MUDOU O VOTO PORQUÊ  O LULA É  CONTRA  OS EMPREENDEDORES.  PARABÉNS  FATIMA. VOCÊ  É  UMA PESSOA POLITIZADA. TOMARA QUE  OUTRAS PESSOAS  FAÇAM  COMO VOCÊ.  ISTO  QUE O LULA FALOU  PEGOU  MUITO MAL. EU TAMBÉM  FIQUEI CHATEADO. QUANDO  O. TSE CENSUROU  A JOVEM  PAN. O LULA QUER  TAMBÉM  FAZER O MESMO.  TENENTE RENZETTI DE MESQUITA, RJ.', 'textOriginal': 'A FATIMA GARCÍA  MUDOU O VOTO PORQUÊ  O LULA É  CONTRA  OS EMPREENDEDORES.  PARABÉNS  FATIMA. VOCÊ  É  UMA PESSOA POLITIZADA. TOMARA QUE  OUTRAS PESSOAS  FAÇAM  COMO VOCÊ.  ISTO  QUE O LULA FALOU  PEGOU  MUITO MAL. EU TAMBÉM  FIQUEI CHATEADO. QUANDO  O. TSE CENSUROU  A JOVEM  PAN. O LULA QUER  TAMBÉM  FAZER O MESMO.  TENENTE RENZETTI DE MESQUITA, RJ.', 'authorDisplayName': 'Ronaldo Renzetti', 'authorProfileImageUrl': 'https://yt3.ggpht.com/ytc/AGIKgqPf2TktpeFyu6Kq1roBlKou9J9XD8DgJL_5TH-6fMRbv8AfC3LQcwiP6VoReq0B=s48-c-k-c0x00ffffff-no-rj', 'authorChannelUrl': 'http://www.youtube.com/channel/UCAzuXPg_Ne3NlWrOEazISjg', 'authorChannelId': {'value': 'UCAzuXPg_Ne3NlWrOEazISjg'}, 'canRate': True, 'viewerRating': 'none', 'likeCount': 0, 'publishedAt': '2022-10-30T11:55:52Z', 'updatedAt': '2022-10-30T11:55:52Z'}}, 'canReply': True, 'totalReplyCount': 0, 'isPublic': True}",,UCAzuXPg_Ne3NlWrOEazISjg,2022-10-30T11:55:52Z,"A FATIMA GARCÍA  MUDOU O VOTO PORQUÊ  O LULA É  CONTRA  OS EMPREENDEDORES.  PARABÉNS  FATIMA. VOCÊ  É  UMA PESSOA POLITIZADA. TOMARA QUE  OUTRAS PESSOAS  FAÇAM  COMO VOCÊ.  ISTO  QUE O LULA FALOU  PEGOU  MUITO MAL. EU TAMBÉM  FIQUEI CHATEADO. QUANDO  O. TSE CENSUROU  A JOVEM  PAN. O LULA QUER  TAMBÉM  FAZER O MESMO.  TENENTE RENZETTI DE MESQUITA, RJ.",QURTSl9pMWZxM1ZDaW1nMTdHcGFOcXZwZlRfbmp0WU5oZmhtcnc5OEJOcVNpM3JQajR5THk3UVBIRTNsSlZZUUEzRHlxU2VaWTNFUkJWWQ==,2023-06-08 14:14:44.384266
youtube#commentThread,J8iA4LxhngldPY0EcDuuZNrYTys,Ugwdl3cljY8k8WXwCnR4AaABAg,"{'videoId': 'DfRYsiPA1ZA', 'topLevelComment': {'kind': 'youtube#comment', 'etag': 'qCo3ly7nsXlKoigTBRUUs-UKDos', 'id': 'Ugwdl3cljY8k8WXwCnR4AaABAg', 'snippet': {'videoId': 'DfRYsiPA1ZA', 'textDisplay': 'MESMO SENDO PT, EU GOSTO DO LEONARDO. ELE NÃO  É  RADICAL. GOSTEI DA POSIÇÃO  DELE , EM DEFENDER A JOVEM PAN. AGORA O PT AGIU ERRADAMENTE, EM QUERER EXPULSAR  O LEO DO PARTIDO. ACHEI UMA ATITUDE  DITATORIAL. O LEONARDO  NÃO  MERECIA ISTO.  TENENTE RENZETTI DE MESQUITA,RJ', 'textOriginal': 'MESMO SENDO PT, EU GOSTO DO LEONARDO. ELE NÃO  É  RADICAL. GOSTEI DA POSIÇÃO  DELE , EM DEFENDER A JOVEM PAN. AGORA O PT AGIU ERRADAMENTE, EM QUERER EXPULSAR  O LEO DO PARTIDO. ACHEI UMA ATITUDE  DITATORIAL. O LEONARDO  NÃO  MERECIA ISTO.  TENENTE RENZETTI DE MESQUITA,RJ', 'authorDisplayName': 'Ronaldo Renzetti', 'authorProfileImageUrl': 'https://yt3.ggpht.com/ytc/AGIKgqPf2TktpeFyu6Kq1roBlKou9J9XD8DgJL_5TH-6fMRbv8AfC3LQcwiP6VoReq0B=s48-c-k-c0x00ffffff-no-rj', 'authorChannelUrl': 'http://www.youtube.com/channel/UCAzuXPg_Ne3NlWrOEazISjg', 'authorChannelId': {'value': 'UCAzuXPg_Ne3NlWrOEazISjg'}, 'canRate': True, 'viewerRating': 'none', 'likeCount': 0, 'publishedAt': '2022-10-30T11:46:19Z', 'updatedAt': '2022-10-30T11:46:19Z'}}, 'canReply': True, 'totalReplyCount': 0, 'isPublic': True}",,UCAzuXPg_Ne3NlWrOEazISjg,2022-10-30T11:46:19Z,"MESMO SENDO PT, EU GOSTO DO LEONARDO. ELE NÃO  É  RADICAL. GOSTEI DA POSIÇÃO  DELE , EM DEFENDER A JOVEM PAN. AGORA O PT AGIU ERRADAMENTE, EM QUERER EXPULSAR  O LEO DO PARTIDO. ACHEI UMA ATITUDE  DITATORIAL. O LEONARDO  NÃO  MERECIA ISTO.  TENENTE RENZETTI DE MESQUITA,RJ",QURTSl9pMWZxM1ZDaW1nMTdHcGFOcXZwZlRfbmp0WU5oZmhtcnc5OEJOcVNpM3JQajR5THk3UVBIRTNsSlZZUUEzRHlxU2VaWTNFUkJWWQ==,2023-06-08 14:14:44.384266
youtube#commentThread,OBJJAQiWBFGxnGvmFYmj3g01vzA,Ugx8YjZ95TQCcRnq2WB4AaABAg,"{'videoId': 'CjpfE8kZFn8', 'topLevelComment': {'kind': 'youtube#comment', 'etag': 'fZ-wAu-PCHfLg79TkXg_fJcUVIc', 'id': 'Ugx8YjZ95TQCcRnq2WB4AaABAg', 'snippet': {'videoId': 'CjpfE8kZFn8', 'textDisplay': 'EU NÃO  SEI PORQUÊ, AINDA  , TEM PESSOAS QUE CONFIAM NESSE  CIDADÃO  , LUIS INÁCIO  LULA DA SILVA. ELE É. MUITO CINICO. NOS DEBATES ELE TEM UMA FISIONOMIA  SOFRIDA.TUDO FALSIDADE. É  UM LOBO , VASTIDO DE CORDEIRO. ELE  É O SEU PT QUASE  QUEBRARAM  O BRASIL. GRAÇAS  A DEUS APARECEU UM CIDADÃO  DIGNO CHAMADO : JAIR MESSIAS BOLSINARO , QUE COM A SUA EQUIPE, COLOCOU O BRASIL , NOS TRILHOS. TENENTE RENZETTI DE MESQUITA,RJ', 'textOriginal': 'EU NÃO  SEI PORQUÊ, AINDA  , TEM PESSOAS QUE CONFIAM NESSE  CIDADÃO  , LUIS INÁCIO  LULA DA SILVA. ELE É. MUITO CINICO. NOS DEBATES ELE TEM UMA FISIONOMIA  SOFRIDA.TUDO FALSIDADE. É  UM LOBO , VASTIDO DE CORDEIRO. ELE  É O SEU PT QUASE  QUEBRARAM  O BRASIL. GRAÇAS  A DEUS APARECEU UM CIDADÃO  DIGNO CHAMADO : JAIR MESSIAS BOLSINARO , QUE COM A SUA EQUIPE, COLOCOU O BRASIL , NOS TRILHOS. TENENTE RENZETTI DE MESQUITA,RJ', 'authorDisplayName': 'Ronaldo Renzetti', 'authorProfileImageUrl': 'https://yt3.ggpht.com/ytc/AGIKgqPf2TktpeFyu6Kq1roBlKou9J9XD8DgJL_5TH-6fMRbv8AfC3LQcwiP6VoReq0B=s48-c-k-c0x00ffffff-no-rj', 'authorChannelUrl': 'http://www.youtube.com/channel/UCAzuXPg_Ne3NlWrOEazISjg', 'authorChannelId': {'value': 'UCAzuXPg_Ne3NlWrOEazISjg'}, 'canRate': True, 'viewerRating': 'none', 'likeCount': 0, 'publishedAt': '2022-10-30T00:50:26Z', 'updatedAt': '2022-10-30T00:50:26Z'}}, 'canReply': True, 'totalReplyCount': 0, 'isPublic': True}",,UCAzuXPg_Ne3NlWrOEazISjg,2022-10-30T00:50:26Z,"EU NÃO  SEI PORQUÊ, AINDA  , TEM PESSOAS QUE CONFIAM NESSE  CIDADÃO  , LUIS INÁCIO  LULA DA SILVA. ELE É. MUITO CINICO. NOS DEBATES ELE TEM UMA FISIONOMIA  SOFRIDA.TUDO FALSIDADE. É  UM LOBO , VASTIDO DE CORDEIRO. ELE  É O SEU PT QUASE  QUEBRARAM  O BRASIL. GRAÇAS  A DEUS APARECEU UM CIDADÃO  DIGNO CHAMADO : JAIR MESSIAS BOLSINARO , QUE COM A SUA EQUIPE, COLOCOU O BRASIL , NOS TRILHOS. TENENTE RENZETTI DE MESQUITA,RJ",QURTSl9pMXNhWFk3VkpUcGJBVFBFdnhuSFg4eHN2NWdKWFRST0VKM3oxclRFLUotU0V1Z3JOblQ0aktYTnhEWjctQXFTNWh5V3RqQ0gzTQ==,2023-06-08 14:15:15.364391
youtube#commentThread,M3x8-cLLAlKJSbPH9J653NJndqs,UgyejY3GF01-gk6gopF4AaABAg,"{'videoId': 'CjpfE8kZFn8', 'topLevelComment': {'kind': 'youtube#comment', 'etag': 'HxDr7DyxAPBgW3B9YEF0wsorfBg', 'id': 'UgyejY3GF01-gk6gopF4AaABAg', 'snippet': {'videoId': 'CjpfE8kZFn8', 'textDisplay': 'ESTOU PEDINDO A DEUS QUE ILUMINE O CIDADÃO  BRASILEIRO , PARA QUE VOTEMOS NO HOMEM QUE RDSPEITA A FAMILIA, A PÁTRIA, A DEMOCRACIA  E OS CREDOS RELIGIOSOS. TENENTE RENZETTI DE MESQUITA,RJ', 'textOriginal': 'ESTOU PEDINDO A DEUS QUE ILUMINE O CIDADÃO  BRASILEIRO , PARA QUE VOTEMOS NO HOMEM QUE RDSPEITA A FAMILIA, A PÁTRIA, A DEMOCRACIA  E OS CREDOS RELIGIOSOS. TENENTE RENZETTI DE MESQUITA,RJ', 'authorDisplayName': 'Ronaldo Renzetti', 'authorProfileImageUrl': 'https://yt3.ggpht.com/ytc/AGIKgqPf2TktpeFyu6Kq1roBlKou9J9XD8DgJL_5TH-6fMRbv8AfC3LQcwiP6VoReq0B=s48-c-k-c0x00ffffff-no-rj', 'authorChannelUrl': 'http://www.youtube.com/channel/UCAzuXPg_Ne3NlWrOEazISjg', 'authorChannelId': {'value': 'UCAzuXPg_Ne3NlWrOEazISjg'}, 'canRate': True, 'viewerRating': 'none', 'likeCount': 1, 'publishedAt': '2022-10-30T00:39:56Z', 'updatedAt': '2022-10-30T00:39:56Z'}}, 'canReply': True, 'totalReplyCount': 0, 'isPublic': True}",,UCAzuXPg_Ne3NlWrOEazISjg,2022-10-30T00:39:56Z,"ESTOU PEDINDO A DEUS QUE ILUMINE O CIDADÃO  BRASILEIRO , PARA QUE VOTEMOS NO HOMEM QUE RDSPEITA A FAMILIA, A PÁTRIA, A DEMOCRACIA  E OS CREDOS RELIGIOSOS. TENENTE RENZETTI DE MESQUITA,RJ",QURTSl9pMXNhWFk3VkpUcGJBVFBFdnhuSFg4eHN2NWdKWFRST0VKM3oxclRFLUotU0V1Z3JOblQ0aktYTnhEWjctQXFTNWh5V3RqQ0gzTQ==,2023-06-08 14:15:15.364391
youtube#commentThread,ya8iHaknOb_jOzv8dDpIHIiFoho,UgzzcpznTnljUPSghbx4AaABAg,"{'videoId': 'AJLPJtW7FVs', 'topLevelComment': {'kind': 'youtube#comment', 'etag': 'sL8f1iBX0CcGWz_9vSFf9usqSQQ', 'id': 'UgzzcpznTnljUPSghbx4AaABAg', 'snippet': {'videoId': 'AJLPJtW7FVs', 'textDisplay': 'ESTE É  UM SENHOR EMPRESARIO. É PENSAR QUE A GOVERNADORA DO RIO GRANDE DO  NORTE  CRIOU O MAIOR PROBLEMA PARA O LUCIANO ABRIR UMA LOJA  DA HAVAN , EM NATAL. É O  LUCIANO INVESTIU MAIS DE 50 MILHÕES  NA LOJA.FOI UMA SACANAGEM DO PT. TENENTE RENZETTI , RJ', 'textOriginal': 'ESTE É  UM SENHOR EMPRESARIO. É PENSAR QUE A GOVERNADORA DO RIO GRANDE DO  NORTE  CRIOU O MAIOR PROBLEMA PARA O LUCIANO ABRIR UMA LOJA  DA HAVAN , EM NATAL. É O  LUCIANO INVESTIU MAIS DE 50 MILHÕES  NA LOJA.FOI UMA SACANAGEM DO PT. TENENTE RENZETTI , RJ', 'authorDisplayName': 'Ronaldo Renzetti', 'authorProfileImageUrl': 'https://yt3.ggpht.com/ytc/AGIKgqPf2TktpeFyu6Kq1roBlKou9J9XD8DgJL_5TH-6fMRbv8AfC3LQcwiP6VoReq0B=s48-c-k-c0x00ffffff-no-rj', 'authorChannelUrl': 'http://www.youtube.com/channel/UCAzuXPg_Ne3NlWrOEazISjg', 'authorChannelId': {'value': 'UCAzuXPg_Ne3NlWrOEazISjg'}, 'canRate': True, 'viewerRating': 'none', 'likeCount': 0, 'publishedAt': '2022-10-11T20:58:14Z', 'updatedAt': '2022-10-11T20:58:14Z'}}, 'canReply': True, 'totalReplyCount': 0, 'isPublic': True}",,UCAzuXPg_Ne3NlWrOEazISjg,2022-10-11T20:58:14Z,"ESTE É  UM SENHOR EMPRESARIO. É PENSAR QUE A GOVERNADORA DO RIO GRANDE DO  NORTE  CRIOU O MAIOR PROBLEMA PARA O LUCIANO ABRIR UMA LOJA  DA HAVAN , EM NATAL. É O  LUCIANO INVESTIU MAIS DE 50 MILHÕES  NA LOJA.FOI UMA SACANAGEM DO PT. TENENTE RENZETTI , RJ",QURTSl9pMjN0cC1hU1pLWHZYZGVWcWE3ZDNHV2JNc1pfbTdDUlBhQ1hIRUVQMGtHQ0ZkUFFyaGtXeDh3WWRSQnNFNEg4ZnNKV2N6NUNMSQ==,2023-06-08 18:25:30.953810
youtube#commentThread,WO4iRjWPS8Z1_jicfRnR0VYXclU,UgzDU7PzPkxXo2WMdYx4AaABAg,"{'videoId': 'AJLPJtW7FVs', 'topLevelComment': {'kind': 'youtube#comment', 'etag': 'JELGR92kDcab4NKGqPHKCRuFIwE', 'id': 'UgzDU7PzPkxXo2WMdYx4AaABAg', 'snippet': {'videoId': 'AJLPJtW7FVs', 'textDisplay': 'VOCÊ  ESTÁ  CERTO , O ELEITOR NÃO  É  MAIS BOBO. ELE NÃO  QUER PICANHA E CERVEJA. O POVO QUER EMPREGO.', 'textOriginal': 'VOCÊ  ESTÁ  CERTO , O ELEITOR NÃO  É  MAIS BOBO. ELE NÃO  QUER PICANHA E CERVEJA. O POVO QUER EMPREGO.', 'authorDisplayName': 'Ronaldo Renzetti', 'authorProfileImageUrl': 'https://yt3.ggpht.com/ytc/AGIKgqPf2TktpeFyu6Kq1roBlKou9J9XD8DgJL_5TH-6fMRbv8AfC3LQcwiP6VoReq0B=s48-c-k-c0x00ffffff-no-rj', 'authorChannelUrl': 'http://www.youtube.com/channel/UCAzuXPg_Ne3NlWrOEazISjg', 'authorChannelId': {'value': 'UCAzuXPg_Ne3NlWrOEazISjg'}, 'canRate': True, 'viewerRating': 'none', 'likeCount': 0, 'publishedAt': '2022-10-08T23:21:48Z', 'updatedAt': '2022-10-08T23:21:48Z'}}, 'canReply': True, 'totalReplyCount': 0, 'isPublic': True}",,UCAzuXPg_Ne3NlWrOEazISjg,2022-10-08T23:21:48Z,"VOCÊ  ESTÁ  CERTO , O ELEITOR NÃO  É  MAIS BOBO. ELE NÃO  QUER PICANHA E CERVEJA. O POVO QUER EMPREGO.",QURTSl9pMDZyaFNaWjdfaTkzRnY5R0RLRWlrRlJPSzFYR3FXMFFmWnRUbnBpZzJsUmU5bXRyTkxaZ2dzZjVYYUhZMEdrX1l2ZUlxYjBXbw==,2023-06-08 18:25:47.148418
youtube#commentThread,NEl4hjHlon9uSfqX3AmscvSybno,UgwZ-ntDHGddR-74qlB4AaABAg,"{'videoId': 'AJLPJtW7FVs', 'topLevelComment': {'kind': 'youtube#comment', 'etag': 'cF5bhTKEq2Wv7fejnOKntboqS_o', 'id': 'UgwZ-ntDHGddR-74qlB4AaABAg', 'snippet': {'videoId': 'AJLPJtW7FVs', 'textDisplay': 'ESSE  É  UM SENHOR EMPRESÁRIO.  PAGA SEUS IMPOSTOS EM DIA. DÁ  MILHARES DE EMPREGOS.E AINDA É  POLITIZADO.  BRAVO LUCIANO NADA DE PICANHA O LULA QUER COMPRAR O  ELEITOR COM PROMESSA DE PICANHA . QUE DEUS NOS ACUDA. RONALDO RENZETTI DE MEDQUITA.', 'textOriginal': 'ESSE  É  UM SENHOR EMPRESÁRIO.  PAGA SEUS IMPOSTOS EM DIA. DÁ  MILHARES DE EMPREGOS.E AINDA É  POLITIZADO.  BRAVO LUCIANO NADA DE PICANHA O LULA QUER COMPRAR O  ELEITOR COM PROMESSA DE PICANHA . QUE DEUS NOS ACUDA. RONALDO RENZETTI DE MEDQUITA.', 'authorDisplayName': 'Ronaldo Renzetti', 'authorProfileImageUrl': 'https://yt3.ggpht.com/ytc/AGIKgqPf2TktpeFyu6Kq1roBlKou9J9XD8DgJL_5TH-6fMRbv8AfC3LQcwiP6VoReq0B=s48-c-k-c0x00ffffff-no-rj', 'authorChannelUrl': 'http://www.youtube.com/channel/UCAzuXPg_Ne3NlWrOEazISjg', 'authorChannelId': {'value': 'UCAzuXPg_Ne3NlWrOEazISjg'}, 'canRate': True, 'viewerRating': 'none', 'likeCount': 0, 'publishedAt': '2022-10-08T23:06:15Z', 'updatedAt': '2022-10-08T23:06:15Z'}}, 'canReply': True, 'totalReplyCount': 0, 'isPublic': True}",,UCAzuXPg_Ne3NlWrOEazISjg,2022-10-08T23:06:15Z,ESSE  É  UM SENHOR EMPRESÁRIO.  PAGA SEUS IMPOSTOS EM DIA. DÁ  MILHARES DE EMPREGOS.E AINDA É  POLITIZADO.  BRAVO LUCIANO NADA DE PICANHA O LULA QUER COMPRAR O  ELEITOR COM PROMESSA DE PICANHA . QUE DEUS NOS ACUDA. RONALDO RENZETTI DE MEDQUITA.,QURTSl9pMDZyaFNaWjdfaTkzRnY5R0RLRWlrRlJPSzFYR3FXMFFmWnRUbnBpZzJsUmU5bXRyTkxaZ2dzZjVYYUhZMEdrX1l2ZUlxYjBXbw==,2023-06-08 18:25:47.148418
youtube#commentThread,R4wjAkGG2yJc-RD9v6-JxZOpklw,UgzyHwUi8dIV8K_f2lJ4AaABAg,"{'videoId': 'ljLZ7MmwUBY', 'topLevelComment': {'kind': 'youtube#comment', 'etag': 'jcAl7Aokr39UpG5Xz6k27_h6aq0', 'id': 'UgzyHwUi8dIV8K_f2lJ4AaABAg', 'snippet': {'videoId': 'ljLZ7MmwUBY', 'textDisplay': 'CONCORDO COM O TSRCISIO . VAMOS   ACELERAR . ELE  APLAUDE O GOVRRNADOR RODRIGO GARCIA QUE  APOIARÁ  TARCISIO NO SEGUMDO  TURNO. TENEMTE RENZETTI, MESQUITA,RJ', 'textOriginal': 'CONCORDO COM O TSRCISIO . VAMOS   ACELERAR . ELE  APLAUDE O GOVRRNADOR RODRIGO GARCIA QUE  APOIARÁ  TARCISIO NO SEGUMDO  TURNO. TENEMTE RENZETTI, MESQUITA,RJ', 'authorDisplayName': 'Ronaldo Renzetti', 'authorProfileImageUrl': 'https://yt3.ggpht.com/ytc/AGIKgqPf2TktpeFyu6Kq1roBlKou9J9XD8DgJL_5TH-6fMRbv8AfC3LQcwiP6VoReq0B=s48-c-k-c0x00ffffff-no-rj', 'authorChannelUrl': 'http://www.youtube.com/channel/UCAzuXPg_Ne3NlWrOEazISjg', 'authorChannelId': {'value': 'UCAzuXPg_Ne3NlWrOEazISjg'}, 'canRate': True, 'viewerRating': 'none', 'likeCount': 1, 'publishedAt': '2022-10-08T17:14:38Z', 'updatedAt': '2022-10-08T17:14:38Z'}}, 'canReply': True, 'totalReplyCount': 0, 'isPublic': True}",,UCAzuXPg_Ne3NlWrOEazISjg,2022-10-08T17:14:38Z,"CONCORDO COM O TSRCISIO . VAMOS   ACELERAR . ELE  APLAUDE O GOVRRNADOR RODRIGO GARCIA QUE  APOIARÁ  TARCISIO NO SEGUMDO  TURNO. TENEMTE RENZETTI, MESQUITA,RJ",,2023-06-08 18:26:08.795692
youtube#commentThread,K5ijFJz0OydvxxUr5asGhoYTBnY,UgxlWq4_mbWpA3So_l14AaABAg,"{'videoId': 'UFv1X_GDw1E', 'topLevelComment': {'kind': 'youtube#comment', 'etag': 'daweUgcZzmoyN09DpqhYkxI8GQk', 'id': 'UgxlWq4_mbWpA3So_l14AaABAg', 'snippet': {'videoId': 'UFv1X_GDw1E', 'textDisplay': 'NÃO  SEI QUAL O PARTIDO DO VAN HATTER, MAS EU CONCORDO COM ELE, O PRESIDENTE TEM QUE SER MAIS COMEDIDO. É  BOM GOVERNAR CO. HARMONIA. UM EXEMPLO É  O TARCISIO QUE  É  COMBATIVO , MAS É  MUITO EDUCADO. TENENTE REMZETTI , RIO DE JANEIRO.', 'textOriginal': 'NÃO  SEI QUAL O PARTIDO DO VAN HATTER, MAS EU CONCORDO COM ELE, O PRESIDENTE TEM QUE SER MAIS COMEDIDO. É  BOM GOVERNAR CO. HARMONIA. UM EXEMPLO É  O TARCISIO QUE  É  COMBATIVO , MAS É  MUITO EDUCADO. TENENTE REMZETTI , RIO DE JANEIRO.', 'authorDisplayName': 'Ronaldo Renzetti', 'authorProfileImageUrl': 'https://yt3.ggpht.com/ytc/AGIKgqPf2TktpeFyu6Kq1roBlKou9J9XD8DgJL_5TH-6fMRbv8AfC3LQcwiP6VoReq0B=s48-c-k-c0x00ffffff-no-rj', 'authorChannelUrl': 'http://www.youtube.com/channel/UCAzuXPg_Ne3NlWrOEazISjg', 'authorChannelId': {'value': 'UCAzuXPg_Ne3NlWrOEazISjg'}, 'canRate': True, 'viewerRating': 'none', 'likeCount': 0, 'publishedAt': '2022-10-08T20:42:37Z', 'updatedAt': '2022-10-08T20:42:37Z'}}, 'canReply': True, 'totalReplyCount': 0, 'isPublic': True}",,UCAzuXPg_Ne3NlWrOEazISjg,2022-10-08T20:42:37Z,"NÃO  SEI QUAL O PARTIDO DO VAN HATTER, MAS EU CONCORDO COM ELE, O PRESIDENTE TEM QUE SER MAIS COMEDIDO. É  BOM GOVERNAR CO. HARMONIA. UM EXEMPLO É  O TARCISIO QUE  É  COMBATIVO , MAS É  MUITO EDUCADO. TENENTE REMZETTI , RIO DE JANEIRO.",QURTSl9pMTNuM1p4RHhhQVcwa0NvWXAtelF4aVk4WE9QdWJjakYwLWdLTlNGOW96cmZJczVFcG92ekdQVmM2QUlId1BsWjl3SFpVbjh0RQ==,2023-06-08 18:28:46.471093
youtube#commentThread,J-JF_iH_QxMbrhp2GlwFRlaIy78,UgzmCNXkaC6_GEh6s-J4AaABAg,"{'videoId': 'UFv1X_GDw1E', 'topLevelComment': {'kind': 'youtube#comment', 'etag': '3YlcmRTLZdTy_0g74AoRN0ys-BA', 'id': 'UgzmCNXkaC6_GEh6s-J4AaABAg', 'snippet': {'videoId': 'UFv1X_GDw1E', 'textDisplay': 'PELO MENOS O CIRO GOMES NÃO  VAI APOIAR O LULA OSTENSIVAMENTE,ELE SEGUIU A ORIENTAÇÃO   DO PDT , DE BRIZOLA.   A TEBET DEVIA FICAR NEUTRA. ELA VAI FICAR MARCADA PORQUÊ  FALOU  MAL DO LULA E DO BOLSONARO. BEM FEZ A SENADORA SORAYA QUE FICOU NEUTRA. O RODRIGO GARCIA QUE ESTAVA COM A SIMONE, AGORA APOIA O CAPITÃO  DO POVO. O PRESIDENTE BOLSONARO TEM O APOIO DE MAIS DE DOZE GOVERNADORES. TENENTE RENZETTI,! MESQUITA,!!RJ.', 'textOriginal': 'PELO MENOS O CIRO GOMES NÃO  VAI APOIAR O LULA OSTENSIVAMENTE,ELE SEGUIU A ORIENTAÇÃO   DO PDT , DE BRIZOLA.   A TEBET DEVIA FICAR NEUTRA. ELA VAI FICAR MARCADA PORQUÊ  FALOU  MAL DO LULA E DO BOLSONARO. BEM FEZ A SENADORA SORAYA QUE FICOU NEUTRA. O RODRIGO GARCIA QUE ESTAVA COM A SIMONE, AGORA APOIA O CAPITÃO  DO POVO. O PRESIDENTE BOLSONARO TEM O APOIO DE MAIS DE DOZE GOVERNADORES. TENENTE RENZETTI,! MESQUITA,!!RJ.', 'authorDisplayName': 'Ronaldo Renzetti', 'authorProfileImageUrl': 'https://yt3.ggpht.com/ytc/AGIKgqPf2TktpeFyu6Kq1roBlKou9J9XD8DgJL_5TH-6fMRbv8AfC3LQcwiP6VoReq0B=s48-c-k-c0x00ffffff-no-rj', 'authorChannelUrl': 'http://www.youtube.com/channel/UCAzuXPg_Ne3NlWrOEazISjg', 'authorChannelId': {'value': 'UCAzuXPg_Ne3NlWrOEazISjg'}, 'canRate': True, 'viewerRating': 'none', 'likeCount': 0, 'publishedAt': '2022-10-08T20:29:52Z', 'updatedAt': '2022-10-08T20:29:52Z'}}, 'canReply': True, 'totalReplyCount': 0, 'isPublic': True}",,UCAzuXPg_Ne3NlWrOEazISjg,2022-10-08T20:29:52Z,"PELO MENOS O CIRO GOMES NÃO  VAI APOIAR O LULA OSTENSIVAMENTE,ELE SEGUIU A ORIENTAÇÃO   DO PDT , DE BRIZOLA.   A TEBET DEVIA FICAR NEUTRA. ELA VAI FICAR MARCADA PORQUÊ  FALOU  MAL DO LULA E DO BOLSONARO. BEM FEZ A SENADORA SORAYA QUE FICOU NEUTRA. O RODRIGO GARCIA QUE ESTAVA COM A SIMONE, AGORA APOIA O CAPITÃO  DO POVO. O PRESIDENTE BOLSONARO TEM O APOIO DE MAIS DE DOZE GOVERNADORES. TENENTE RENZETTI,! MESQUITA,!!RJ.",QURTSl9pMTNuM1p4RHhhQVcwa0NvWXAtelF4aVk4WE9QdWJjakYwLWdLTlNGOW96cmZJczVFcG92ekdQVmM2QUlId1BsWjl3SFpVbjh0RQ==,2023-06-08 18:28:46.471093
youtube#commentThread,VY-miiOO397hwK_JkVduT0DClr4,Ugxifp7gQZT2ZUwiM894AaABAg,"{'videoId': 'rUYtWDZM_04', 'topLevelComment': {'kind': 'youtube#comment', 'etag': '8kjo9MF4RBrRCffJrtGaYXtgJzY', 'id': 'Ugxifp7gQZT2ZUwiM894AaABAg', 'snippet': {'videoId': 'rUYtWDZM_04', 'textDisplay': 'ROBERTO JUSTUS O SR.   ESCOLHEU O LADO CERTO. UM CANDIDATO QUE QUER O  BEM DO POVO BRASILEIRO. QUER UM POVO LIVRE, O PSTRIOTISMO DE VOLTA. É  O VERDE AMARELO CONTRA O  VERMELHO DO LULA. TENENTE RENZETTI. MESQUITA,RJ.', 'textOriginal': 'ROBERTO JUSTUS O SR.   ESCOLHEU O LADO CERTO. UM CANDIDATO QUE QUER O  BEM DO POVO BRASILEIRO. QUER UM POVO LIVRE, O PSTRIOTISMO DE VOLTA. É  O VERDE AMARELO CONTRA O  VERMELHO DO LULA. TENENTE RENZETTI. MESQUITA,RJ.', 'authorDisplayName': 'Ronaldo Renzetti', 'authorProfileImageUrl': 'https://yt3.ggpht.com/ytc/AGIKgqPf2TktpeFyu6Kq1roBlKou9J9XD8DgJL_5TH-6fMRbv8AfC3LQcwiP6VoReq0B=s48-c-k-c0x00ffffff-no-rj', 'authorChannelUrl': 'http://www.youtube.com/channel/UCAzuXPg_Ne3NlWrOEazISjg', 'authorChannelId': {'value': 'UCAzuXPg_Ne3NlWrOEazISjg'}, 'canRate': True, 'viewerRating': 'none', 'likeCount': 0, 'publishedAt': '2022-10-08T23:34:29Z', 'updatedAt': '2022-10-08T23:34:29Z'}}, 'canReply': True, 'totalReplyCount': 0, 'isPublic': True}",,UCAzuXPg_Ne3NlWrOEazISjg,2022-10-08T23:34:29Z,"ROBERTO JUSTUS O SR.   ESCOLHEU O LADO CERTO. UM CANDIDATO QUE QUER O  BEM DO POVO BRASILEIRO. QUER UM POVO LIVRE, O PSTRIOTISMO DE VOLTA. É  O VERDE AMARELO CONTRA O  VERMELHO DO LULA. TENENTE RENZETTI. MESQUITA,RJ.",QURTSl9pMi1ZNjNKeWpMVkN4RmtwRG01ZGxXM2NzNkNtcEJhMjNDeTBPMmRFbUhnT3VTM1ZKMElhQWc1ZngxUDNnUkhxNjQxb1IwOGM3dw==,2023-06-08 18:28:56.530854
youtube#commentThread,kaHcx80Gas_8BbNa7fp7eHyP75E,Ugw7kedlY7S14CnEOr94AaABAg,"{'videoId': 'jE8W1f-btk0', 'topLevelComment': {'kind': 'youtube#comment', 'etag': 'XrOiFRrjVOGwnIm9ZPjbtvuX_mo', 'id': 'Ugw7kedlY7S14CnEOr94AaABAg', 'snippet': {'videoId': 'jE8W1f-btk0', 'textDisplay': 'QUE DOBRADINHA PERFEITA: TARCISIO PRESIDENTE É ROMEU ZEMA , VICE - PRESIDENTE.', 'textOriginal': 'QUE DOBRADINHA PERFEITA: TARCISIO PRESIDENTE É ROMEU ZEMA , VICE - PRESIDENTE.', 'authorDisplayName': 'Ronaldo Renzetti', 'authorProfileImageUrl': 'https://yt3.ggpht.com/ytc/AGIKgqPf2TktpeFyu6Kq1roBlKou9J9XD8DgJL_5TH-6fMRbv8AfC3LQcwiP6VoReq0B=s48-c-k-c0x00ffffff-no-rj', 'authorChannelUrl': 'http://www.youtube.com/channel/UCAzuXPg_Ne3NlWrOEazISjg', 'authorChannelId': {'value': 'UCAzuXPg_Ne3NlWrOEazISjg'}, 'canRate': True, 'viewerRating': 'none', 'likeCount': 0, 'publishedAt': '2022-10-20T23:22:13Z', 'updatedAt': '2022-10-20T23:22:13Z'}}, 'canReply': True, 'totalReplyCount': 0, 'isPublic': True}",,UCAzuXPg_Ne3NlWrOEazISjg,2022-10-20T23:22:13Z,"QUE DOBRADINHA PERFEITA: TARCISIO PRESIDENTE É ROMEU ZEMA , VICE - PRESIDENTE.",QURTSl9pMTVySmEtV1lOdWE5ZlE0OUlKOUNLX1NmS3lXYUo1eVpPcjN6UGducW9JOU91eTRfcUxxRDlmaTl6V3VTYlAyUWNybUJuWU0zYw==,2023-06-08 18:29:48.296797
youtube#commentThread,_jiR7T8RitJe7SBOKXPkoQ85MSQ,UgwuEak_ZFQiv5G5D5R4AaABAg,"{'videoId': 'jE8W1f-btk0', 'topLevelComment': {'kind': 'youtube#comment', 'etag': '2y7LwdVmzmOdA09jTIrHze1j52U', 'id': 'UgwuEak_ZFQiv5G5D5R4AaABAg', 'snippet': {'videoId': 'jE8W1f-btk0', 'textDisplay': 'VEJA A SIMPLICIDADE DO GOVERNADOR DE MINAS GERAIS ROMEU ZEMA. ELE É  DIRETO  E HONESTO. ELE FALOU SOBRE REAJUSTE DOS SERVIDORES. PELO QUE ENTENDI  , O GOVERNADOR DEU DEZ POR CENTO. ELE ASSUMIU O GOVERNO NUMA SITUAÇÃO  CAÓTICA. ELE FEZ UM BOM TRABALHO , POR ISTO FOI ELEITO NO PRIMEIRO  TURNO. ELE É  CONTRA O TOMA LÁ  DA CÁ. COM O PRESIDENTE BOLSONARO  MINAS VAI CRESCER MUITO MAIS. ZEMA DISSE QUE É  DO INTERIOR. O PT TEVE MAIS VOTO  NA PARTE DO NORDESTE. O PT ARRASOU COM MINAS GERAIS.SEGUNDO ZEMA , DILMA FOI UM DESASTRE. TENENTE RENZETTI DE MESQUITA RJ', 'textOriginal': 'VEJA A SIMPLICIDADE DO GOVERNADOR DE MINAS GERAIS ROMEU ZEMA. ELE É  DIRETO  E HONESTO. ELE FALOU SOBRE REAJUSTE DOS SERVIDORES. PELO QUE ENTENDI  , O GOVERNADOR DEU DEZ POR CENTO. ELE ASSUMIU O GOVERNO NUMA SITUAÇÃO  CAÓTICA. ELE FEZ UM BOM TRABALHO , POR ISTO FOI ELEITO NO PRIMEIRO  TURNO. ELE É  CONTRA O TOMA LÁ  DA CÁ. COM O PRESIDENTE BOLSONARO  MINAS VAI CRESCER MUITO MAIS. ZEMA DISSE QUE É  DO INTERIOR. O PT TEVE MAIS VOTO  NA PARTE DO NORDESTE. O PT ARRASOU COM MINAS GERAIS.SEGUNDO ZEMA , DILMA FOI UM DESASTRE. TENENTE RENZETTI DE MESQUITA RJ', 'authorDisplayName': 'Ronaldo Renzetti', 'authorProfileImageUrl': 'https://yt3.ggpht.com/ytc/AGIKgqPf2TktpeFyu6Kq1roBlKou9J9XD8DgJL_5TH-6fMRbv8AfC3LQcwiP6VoReq0B=s48-c-k-c0x00ffffff-no-rj', 'authorChannelUrl': 'http://www.youtube.com/channel/UCAzuXPg_Ne3NlWrOEazISjg', 'authorChannelId': {'value': 'UCAzuXPg_Ne3NlWrOEazISjg'}, 'canRate': True, 'viewerRating': 'none', 'likeCount': 0, 'publishedAt': '2022-10-20T22:55:17Z', 'updatedAt': '2022-10-20T22:55:17Z'}}, 'canReply': True, 'totalReplyCount': 0, 'isPublic': True}",,UCAzuXPg_Ne3NlWrOEazISjg,2022-10-20T22:55:17Z,"VEJA A SIMPLICIDADE DO GOVERNADOR DE MINAS GERAIS ROMEU ZEMA. ELE É  DIRETO  E HONESTO. ELE FALOU SOBRE REAJUSTE DOS SERVIDORES. PELO QUE ENTENDI  , O GOVERNADOR DEU DEZ POR CENTO. ELE ASSUMIU O GOVERNO NUMA SITUAÇÃO  CAÓTICA. ELE FEZ UM BOM TRABALHO , POR ISTO FOI ELEITO NO PRIMEIRO  TURNO. ELE É  CONTRA O TOMA LÁ  DA CÁ. COM O PRESIDENTE BOLSONARO  MINAS VAI CRESCER MUITO MAIS. ZEMA DISSE QUE É  DO INTERIOR. O PT TEVE MAIS VOTO  NA PARTE DO NORDESTE. O PT ARRASOU COM MINAS GERAIS.SEGUNDO ZEMA , DILMA FOI UM DESASTRE. TENENTE RENZETTI DE MESQUITA RJ",QURTSl9pMTVySmEtV1lOdWE5ZlE0OUlKOUNLX1NmS3lXYUo1eVpPcjN6UGducW9JOU91eTRfcUxxRDlmaTl6V3VTYlAyUWNybUJuWU0zYw==,2023-06-08 18:29:48.296797
youtube#commentThread,gJBRfja4aRVmcwwjZW2e6Z6wQGU,UgwVgqMt6-Jit7qoTA14AaABAg,"{'videoId': 'jE8W1f-btk0', 'topLevelComment': {'kind': 'youtube#comment', 'etag': 'hc5J6UYtjxv6XSTocLsjc1y4DwA', 'id': 'UgwVgqMt6-Jit7qoTA14AaABAg', 'snippet': {'videoId': 'jE8W1f-btk0', 'textDisplay': '0LHA A HUMILDADE DESTE GOVERNADOR. ELE RESPONDEU AO REPÓRTER QUE AGORA NÃO  ESTÁ  PENSANDO EM CANDIDATURA PSRA PRESIDENTE. ELE DEU UM GRANDE EXEMPLO . NA CONSTRUÇÃO  DE UM PREDIO VAMOS DAR ATENÇÃO  AO PRIMEIRO ANDAR NÃO  O VIGESIMO. TENENTE RENZETTI , MESQUITA RJ.', 'textOriginal': '0LHA A HUMILDADE DESTE GOVERNADOR. ELE RESPONDEU AO REPÓRTER QUE AGORA NÃO  ESTÁ  PENSANDO EM CANDIDATURA PSRA PRESIDENTE. ELE DEU UM GRANDE EXEMPLO . NA CONSTRUÇÃO  DE UM PREDIO VAMOS DAR ATENÇÃO  AO PRIMEIRO ANDAR NÃO  O VIGESIMO. TENENTE RENZETTI , MESQUITA RJ.', 'authorDisplayName': 'Ronaldo Renzetti', 'authorProfileImageUrl': 'https://yt3.ggpht.com/ytc/AGIKgqPf2TktpeFyu6Kq1roBlKou9J9XD8DgJL_5TH-6fMRbv8AfC3LQcwiP6VoReq0B=s48-c-k-c0x00ffffff-no-rj', 'authorChannelUrl': 'http://www.youtube.com/channel/UCAzuXPg_Ne3NlWrOEazISjg', 'authorChannelId': {'value': 'UCAzuXPg_Ne3NlWrOEazISjg'}, 'canRate': True, 'viewerRating': 'none', 'likeCount': 0, 'publishedAt': '2022-10-08T18:26:33Z', 'updatedAt': '2022-10-08T18:26:33Z'}}, 'canReply': True, 'totalReplyCount': 0, 'isPublic': True}",,UCAzuXPg_Ne3NlWrOEazISjg,2022-10-08T18:26:33Z,"0LHA A HUMILDADE DESTE GOVERNADOR. ELE RESPONDEU AO REPÓRTER QUE AGORA NÃO  ESTÁ  PENSANDO EM CANDIDATURA PSRA PRESIDENTE. ELE DEU UM GRANDE EXEMPLO . NA CONSTRUÇÃO  DE UM PREDIO VAMOS DAR ATENÇÃO  AO PRIMEIRO ANDAR NÃO  O VIGESIMO. TENENTE RENZETTI , MESQUITA RJ.",QURTSl9pM1hrZk5UTU5UTU41TFVyallyWFFzNE9NZzlHaWh3a19TYkFuS0xjSjZ3N2gzaXpjRmd5UEpGSnRUZmd0VFRvWkl5UDV0U0gtdw==,2023-06-08 18:29:53.317395
youtube#commentThread,HenxmQn3GgNaJmu8dQ6r3r20C0I,UgyKs4jffKw4mdCdH854AaABAg,"{'videoId': 'jE8W1f-btk0', 'topLevelComment': {'kind': 'youtube#comment', 'etag': 'adVg0DMESKlqr1uoHqv028F36Ms', 'id': 'UgyKs4jffKw4mdCdH854AaABAg', 'snippet': {'videoId': 'jE8W1f-btk0', 'textDisplay': 'O GOBERNADOR ROMEU ZEMA FOI BRILHANTE ,NO PRIMEIRO MANDATO. PEGOU UM GOVERNO INDIVIDADO QUE O PETISTA PIMENTEL DEIXOU. O QUE EU MAIS FIQUEI DESCRENTE DA  ADMINISTRACAO  DO PT ,FOI DESCONTAR DOS FUNCIONARIOS  O EMPRESTIMO CONSIGNADO E NÃO  REPASSOU PARA OS BANCOS. O RESULTADO É  QUE MILHARES DE SERVIDORES  FORAM PARAR NO SPC. É O ZEMA RESTABELECEU O CRÉDITO  PZRA OS SERVIDORES. TENENTE RENZETTI DE MESQUITA.', 'textOriginal': 'O GOBERNADOR ROMEU ZEMA FOI BRILHANTE ,NO PRIMEIRO MANDATO. PEGOU UM GOVERNO INDIVIDADO QUE O PETISTA PIMENTEL DEIXOU. O QUE EU MAIS FIQUEI DESCRENTE DA  ADMINISTRACAO  DO PT ,FOI DESCONTAR DOS FUNCIONARIOS  O EMPRESTIMO CONSIGNADO E NÃO  REPASSOU PARA OS BANCOS. O RESULTADO É  QUE MILHARES DE SERVIDORES  FORAM PARAR NO SPC. É O ZEMA RESTABELECEU O CRÉDITO  PZRA OS SERVIDORES. TENENTE RENZETTI DE MESQUITA.', 'authorDisplayName': 'Ronaldo Renzetti', 'authorProfileImageUrl': 'https://yt3.ggpht.com/ytc/AGIKgqPf2TktpeFyu6Kq1roBlKou9J9XD8DgJL_5TH-6fMRbv8AfC3LQcwiP6VoReq0B=s48-c-k-c0x00ffffff-no-rj', 'authorChannelUrl': 'http://www.youtube.com/channel/UCAzuXPg_Ne3NlWrOEazISjg', 'authorChannelId': {'value': 'UCAzuXPg_Ne3NlWrOEazISjg'}, 'canRate': True, 'viewerRating': 'none', 'likeCount': 0, 'publishedAt': '2022-10-08T18:11:49Z', 'updatedAt': '2022-10-08T18:11:49Z'}}, 'canReply': True, 'totalReplyCount': 0, 'isPublic': True}",,UCAzuXPg_Ne3NlWrOEazISjg,2022-10-08T18:11:49Z,"O GOBERNADOR ROMEU ZEMA FOI BRILHANTE ,NO PRIMEIRO MANDATO. PEGOU UM GOVERNO INDIVIDADO QUE O PETISTA PIMENTEL DEIXOU. O QUE EU MAIS FIQUEI DESCRENTE DA  ADMINISTRACAO  DO PT ,FOI DESCONTAR DOS FUNCIONARIOS  O EMPRESTIMO CONSIGNADO E NÃO  REPASSOU PARA OS BANCOS. O RESULTADO É  QUE MILHARES DE SERVIDORES  FORAM PARAR NO SPC. É O ZEMA RESTABELECEU O CRÉDITO  PZRA OS SERVIDORES. TENENTE RENZETTI DE MESQUITA.",QURTSl9pM1hrZk5UTU5UTU41TFVyallyWFFzNE9NZzlHaWh3a19TYkFuS0xjSjZ3N2gzaXpjRmd5UEpGSnRUZmd0VFRvWkl5UDV0U0gtdw==,2023-06-08 18:29:53.317395
youtube#commentThread,31nm98Mg0Go7JS9DVseb251tL48,UgzmdGR5Saxb3_VJQZt4AaABAg,"{'videoId': 'NyTu5J7oGSc', 'topLevelComment': {'kind': 'youtube#comment', 'etag': 'Sm5qFmkbGRH1Co3iVDTTiegQ6qs', 'id': 'UgzmdGR5Saxb3_VJQZt4AaABAg', 'snippet': {'videoId': 'NyTu5J7oGSc', 'textDisplay': 'A AMANDA NÃO  TOMA JEITO LEVOU UM GRANDE FORA DO PRESIDENTE , AGORA LEVA UM FORA DO DEPUTADO DELLAGNOL. ELA PRNSA QUE ESTÁ  NUM DEBATE E NÃO  NUMA EMTREVISTA , COMO DISSE O MOTTA. TENENTE RENZETTI , MESQUITA.RJ.', 'textOriginal': 'A AMANDA NÃO  TOMA JEITO LEVOU UM GRANDE FORA DO PRESIDENTE , AGORA LEVA UM FORA DO DEPUTADO DELLAGNOL. ELA PRNSA QUE ESTÁ  NUM DEBATE E NÃO  NUMA EMTREVISTA , COMO DISSE O MOTTA. TENENTE RENZETTI , MESQUITA.RJ.', 'authorDisplayName': 'Ronaldo Renzetti', 'authorProfileImageUrl': 'https://yt3.ggpht.com/ytc/AGIKgqPf2TktpeFyu6Kq1roBlKou9J9XD8DgJL_5TH-6fMRbv8AfC3LQcwiP6VoReq0B=s48-c-k-c0x00ffffff-no-rj', 'authorChannelUrl': 'http://www.youtube.com/channel/UCAzuXPg_Ne3NlWrOEazISjg', 'authorChannelId': {'value': 'UCAzuXPg_Ne3NlWrOEazISjg'}, 'canRate': True, 'viewerRating': 'none', 'likeCount': 0, 'publishedAt': '2022-10-08T18:54:27Z', 'updatedAt': '2022-10-08T18:54:27Z'}}, 'canReply': True, 'totalReplyCount': 0, 'isPublic': True}",,UCAzuXPg_Ne3NlWrOEazISjg,2022-10-08T18:54:27Z,"A AMANDA NÃO  TOMA JEITO LEVOU UM GRANDE FORA DO PRESIDENTE , AGORA LEVA UM FORA DO DEPUTADO DELLAGNOL. ELA PRNSA QUE ESTÁ  NUM DEBATE E NÃO  NUMA EMTREVISTA , COMO DISSE O MOTTA. TENENTE RENZETTI , MESQUITA.RJ.",QURTSl9pMjRJQjlQdVNNUGZLb2xfSjBUaXZqSjA5V0NEVkNQb2NhTTF4RGM4LUY2RTYwSDdySm15eF9QVEY3RjJtUjFlbXJkekZtb3llSQ==,2023-06-08 18:31:14.534179
youtube#commentThread,WrG3Nm6h-EH-8MEqopaxYCHHsNk,UgyB0tgq8VA0y1crwhV4AaABAg,"{'videoId': 'NyTu5J7oGSc', 'topLevelComment': {'kind': 'youtube#comment', 'etag': 'OxrUZft1V5cpQ5OtCGu08S0Odts', 'id': 'UgyB0tgq8VA0y1crwhV4AaABAg', 'snippet': {'videoId': 'NyTu5J7oGSc', 'textDisplay': 'ESSE É MAIS UM DEPUTADO QUE VAI DIGNIFICAR O CONGRESSO NACIONAL. O POVO ESTÁ  DESPERTANDO E NÃO  ESTÁ  CAINDO NO CONTO DO VIGÁRIO, ESTÃO  VOTANDO EM CANDIDATOS DECENTES. COMO É  O DELLAGNOL. TENENTE RENZETTI , MESQUITA , RJ.', 'textOriginal': 'ESSE É MAIS UM DEPUTADO QUE VAI DIGNIFICAR O CONGRESSO NACIONAL. O POVO ESTÁ  DESPERTANDO E NÃO  ESTÁ  CAINDO NO CONTO DO VIGÁRIO, ESTÃO  VOTANDO EM CANDIDATOS DECENTES. COMO É  O DELLAGNOL. TENENTE RENZETTI , MESQUITA , RJ.', 'authorDisplayName': 'Ronaldo Renzetti', 'authorProfileImageUrl': 'https://yt3.ggpht.com/ytc/AGIKgqPf2TktpeFyu6Kq1roBlKou9J9XD8DgJL_5TH-6fMRbv8AfC3LQcwiP6VoReq0B=s48-c-k-c0x00ffffff-no-rj', 'authorChannelUrl': 'http://www.youtube.com/channel/UCAzuXPg_Ne3NlWrOEazISjg', 'authorChannelId': {'value': 'UCAzuXPg_Ne3NlWrOEazISjg'}, 'canRate': True, 'viewerRating': 'none', 'likeCount': 0, 'publishedAt': '2022-10-08T18:44:16Z', 'updatedAt': '2022-10-08T18:44:16Z'}}, 'canReply': True, 'totalReplyCount': 0, 'isPublic': True}",,UCAzuXPg_Ne3NlWrOEazISjg,2022-10-08T18:44:16Z,"ESSE É MAIS UM DEPUTADO QUE VAI DIGNIFICAR O CONGRESSO NACIONAL. O POVO ESTÁ  DESPERTANDO E NÃO  ESTÁ  CAINDO NO CONTO DO VIGÁRIO, ESTÃO  VOTANDO EM CANDIDATOS DECENTES. COMO É  O DELLAGNOL. TENENTE RENZETTI , MESQUITA , RJ.",QURTSl9pMjRJQjlQdVNNUGZLb2xfSjBUaXZqSjA5V0NEVkNQb2NhTTF4RGM4LUY2RTYwSDdySm15eF9QVEY3RjJtUjFlbXJkekZtb3llSQ==,2023-06-08 18:31:14.534179
youtube#commentThread,iX5PHQ-qvapHXCZ8UcSngzykYjM,UgzGW5LXlS4OAOFy2Fx4AaABAg,"{'videoId': '7l97iJyGX6k', 'topLevelComment': {'kind': 'youtube#comment', 'etag': 'NGbvbf_gPcxEi5WXUym5xEqhAFw', 'id': 'UgzGW5LXlS4OAOFy2Fx4AaABAg', 'snippet': {'videoId': '7l97iJyGX6k', 'textDisplay': 'O CAIO COPPOLA É  UM SENHOR COMENTARISTA.OS GOVERNADORES ELEITOS TEM QUE ARREGAÇAR  AS MANGAS DA CAMISA PARS TIRAR ESSA DIFERENÇA   DE VOTOS ENTRE OS GOVERNADORES E O PRESIDENTE BOLSONARO. NÓS  TEMOS QUE AJUDAR O PRESIDENTE . VAMOS TRABALHAR COM OS INDECISOS. TENENTE RENZETTI,RIO DE JANEIRO.', 'textOriginal': 'O CAIO COPPOLA É  UM SENHOR COMENTARISTA.OS GOVERNADORES ELEITOS TEM QUE ARREGAÇAR  AS MANGAS DA CAMISA PARS TIRAR ESSA DIFERENÇA   DE VOTOS ENTRE OS GOVERNADORES E O PRESIDENTE BOLSONARO. NÓS  TEMOS QUE AJUDAR O PRESIDENTE . VAMOS TRABALHAR COM OS INDECISOS. TENENTE RENZETTI,RIO DE JANEIRO.', 'authorDisplayName': 'Ronaldo Renzetti', 'authorProfileImageUrl': 'https://yt3.ggpht.com/ytc/AGIKgqPf2TktpeFyu6Kq1roBlKou9J9XD8DgJL_5TH-6fMRbv8AfC3LQcwiP6VoReq0B=s48-c-k-c0x00ffffff-no-rj', 'authorChannelUrl': 'http://www.youtube.com/channel/UCAzuXPg_Ne3NlWrOEazISjg', 'authorChannelId': {'value': 'UCAzuXPg_Ne3NlWrOEazISjg'}, 'canRate': True, 'viewerRating': 'none', 'likeCount': 0, 'publishedAt': '2022-10-07T00:05:39Z', 'updatedAt': '2022-10-07T00:05:39Z'}}, 'canReply': True, 'totalReplyCount': 0, 'isPublic': True}",,UCAzuXPg_Ne3NlWrOEazISjg,2022-10-07T00:05:39Z,"O CAIO COPPOLA É  UM SENHOR COMENTARISTA.OS GOVERNADORES ELEITOS TEM QUE ARREGAÇAR  AS MANGAS DA CAMISA PARS TIRAR ESSA DIFERENÇA   DE VOTOS ENTRE OS GOVERNADORES E O PRESIDENTE BOLSONARO. NÓS  TEMOS QUE AJUDAR O PRESIDENTE . VAMOS TRABALHAR COM OS INDECISOS. TENENTE RENZETTI,RIO DE JANEIRO.",QURTSl9pM3RmTHc4bkxWMW1tU1loZi1saDdqMUpBWUpXS0ZuRHY4dTA5V292eGlHUEx3c3dLYi15Y3VJQVRsWFdHTUQxVXB6Nnh4VTZvNA==,2023-06-08 18:35:37.985466
youtube#commentThread,StgpiixOEbtunA75z3LLhp5oh08,UgzMoJgj9l0XckkDCFt4AaABAg,"{'videoId': 'adz7pvZL_kw', 'topLevelComment': {'kind': 'youtube#comment', 'etag': '2j6P2UgX_PXcgRlva2Q9T812_Xo', 'id': 'UgzMoJgj9l0XckkDCFt4AaABAg', 'snippet': {'videoId': 'adz7pvZL_kw', 'textDisplay': 'REALMENTE FALTOU DISCUTIR  PROPOSTAS . O LULA SÓ  FALOU NO QUE  FEZ. MAS PROPOSTAS PARA O FUTURO QUASE NADA, O LULA FALA QUE VAI AUMENTAR O SALÁRIO  MÍNIMO  ACIMA DA INFLAÇÃO.  É ISENTAR DE IMPOSTO DE RENDA  QUEM GANHA ATÉ  5.000,00 REAIS. SERÁ  QUE VAI FAZER ISTO.  NÃO  SABEMOS. PROMETER É  FÁCIL, FAZER É  QUE SÃO  ELAS. TENENTE RENZETTI DE MESQUITA, RJ', 'textOriginal': 'REALMENTE FALTOU DISCUTIR  PROPOSTAS . O LULA SÓ  FALOU NO QUE  FEZ. MAS PROPOSTAS PARA O FUTURO QUASE NADA, O LULA FALA QUE VAI AUMENTAR O SALÁRIO  MÍNIMO  ACIMA DA INFLAÇÃO.  É ISENTAR DE IMPOSTO DE RENDA  QUEM GANHA ATÉ  5.000,00 REAIS. SERÁ  QUE VAI FAZER ISTO.  NÃO  SABEMOS. PROMETER É  FÁCIL, FAZER É  QUE SÃO  ELAS. TENENTE RENZETTI DE MESQUITA, RJ', 'authorDisplayName': 'Ronaldo Renzetti', 'authorProfileImageUrl': 'https://yt3.ggpht.com/ytc/AGIKgqPf2TktpeFyu6Kq1roBlKou9J9XD8DgJL_5TH-6fMRbv8AfC3LQcwiP6VoReq0B=s48-c-k-c0x00ffffff-no-rj', 'authorChannelUrl': 'http://www.youtube.com/channel/UCAzuXPg_Ne3NlWrOEazISjg', 'authorChannelId': {'value': 'UCAzuXPg_Ne3NlWrOEazISjg'}, 'canRate': True, 'viewerRating': 'none', 'likeCount': 0, 'publishedAt': '2022-10-29T13:55:31Z', 'updatedAt': '2022-10-29T13:55:31Z'}}, 'canReply': True, 'totalReplyCount': 0, 'isPublic': True}",,UCAzuXPg_Ne3NlWrOEazISjg,2022-10-29T13:55:31Z,"REALMENTE FALTOU DISCUTIR  PROPOSTAS . O LULA SÓ  FALOU NO QUE  FEZ. MAS PROPOSTAS PARA O FUTURO QUASE NADA, O LULA FALA QUE VAI AUMENTAR O SALÁRIO  MÍNIMO  ACIMA DA INFLAÇÃO.  É ISENTAR DE IMPOSTO DE RENDA  QUEM GANHA ATÉ  5.000,00 REAIS. SERÁ  QUE VAI FAZER ISTO.  NÃO  SABEMOS. PROMETER É  FÁCIL, FAZER É  QUE SÃO  ELAS. TENENTE RENZETTI DE MESQUITA, RJ",QURTSl9pM181azIwczNJSVM5VVVQb0RadkhMWjhvaVVWa21neHVkeVpwdlV2UEROMUt2SUJvVUtpc2FTOFF4eHNMdzgtSTR4MEtWNi1jUQ==,2023-06-08 14:17:00.638654
youtube#commentThread,E9O6uZufH8DZlxPB5Ed5bwO16ro,UgwjvlOdDO-rb5d7l714AaABAg,"{'videoId': 'S6Gb0mzoC50', 'topLevelComment': {'kind': 'youtube#comment', 'etag': 'RXy7t8oYJeDYh-qG8SHMkEKn1_E', 'id': 'UgwjvlOdDO-rb5d7l714AaABAg', 'snippet': {'videoId': 'S6Gb0mzoC50', 'textDisplay': 'EU NÃO  VO CONCORDO   COM O CONRADO.  O LULA TEM VANTAGEM  NO NORDESTE. MAS O BOLSONARO VEM CRESCENDO. O GRANDE ERRO DA DILMA  FOI NÃO  CONCLUIR  A OBRA DA TRANSPOSIÇÃO  DO RIO SAO FRANCISCO.BOLSONARO FOI  LÁ  E CONVLUIU A OBRA. O POVO NÃO  É  BOBO. A CORRUPÇÃO  NÃO  DEIXOU FAZER A OBRA. OUTRA COISA , MUITKS NORDESTINOS RECEBEM  O AUXÍLIO  BRASIL E NO GOVERNO LULA ERA  DE 190, 00 REAIS. BOLSONARO PASSOU PARA 600, 00 REAIS E ALÉM  DISSO , NO GOVERNO  DO PT , A PESSOA QUE CONSEGUE  EMPREGO   PERDIA O BOLSA FAMÍLIA, ENQUANTO QUE NO GOVERNO  BOLSONARO, ALÉM  DE NÃO  PERDER, RECEBE MAIS DUZENTOS  REAIS. ISTO VAI DIMINUIR OS VOTOS DO LULA NO NORDESTE.  TENENTE RENZETTI DE MESQUITA RIO DE JANEIRO.', 'textOriginal': 'EU NÃO  VO CONCORDO   COM O CONRADO.  O LULA TEM VANTAGEM  NO NORDESTE. MAS O BOLSONARO VEM CRESCENDO. O GRANDE ERRO DA DILMA  FOI NÃO  CONCLUIR  A OBRA DA TRANSPOSIÇÃO  DO RIO SAO FRANCISCO.BOLSONARO FOI  LÁ  E CONVLUIU A OBRA. O POVO NÃO  É  BOBO. A CORRUPÇÃO  NÃO  DEIXOU FAZER A OBRA. OUTRA COISA , MUITKS NORDESTINOS RECEBEM  O AUXÍLIO  BRASIL E NO GOVERNO LULA ERA  DE 190, 00 REAIS. BOLSONARO PASSOU PARA 600, 00 REAIS E ALÉM  DISSO , NO GOVERNO  DO PT , A PESSOA QUE CONSEGUE  EMPREGO   PERDIA O BOLSA FAMÍLIA, ENQUANTO QUE NO GOVERNO  BOLSONARO, ALÉM  DE NÃO  PERDER, RECEBE MAIS DUZENTOS  REAIS. ISTO VAI DIMINUIR OS VOTOS DO LULA NO NORDESTE.  TENENTE RENZETTI DE MESQUITA RIO DE JANEIRO.', 'authorDisplayName': 'Ronaldo Renzetti', 'authorProfileImageUrl': 'https://yt3.ggpht.com/ytc/AGIKgqPf2TktpeFyu6Kq1roBlKou9J9XD8DgJL_5TH-6fMRbv8AfC3LQcwiP6VoReq0B=s48-c-k-c0x00ffffff-no-rj', 'authorChannelUrl': 'http://www.youtube.com/channel/UCAzuXPg_Ne3NlWrOEazISjg', 'authorChannelId': {'value': 'UCAzuXPg_Ne3NlWrOEazISjg'}, 'canRate': True, 'viewerRating': 'none', 'likeCount': 0, 'publishedAt': '2022-10-29T14:44:55Z', 'updatedAt': '2022-10-29T14:44:55Z'}}, 'canReply': True, 'totalReplyCount': 0, 'isPublic': True}",,UCAzuXPg_Ne3NlWrOEazISjg,2022-10-29T14:44:55Z,"EU NÃO  VO CONCORDO   COM O CONRADO.  O LULA TEM VANTAGEM  NO NORDESTE. MAS O BOLSONARO VEM CRESCENDO. O GRANDE ERRO DA DILMA  FOI NÃO  CONCLUIR  A OBRA DA TRANSPOSIÇÃO  DO RIO SAO FRANCISCO.BOLSONARO FOI  LÁ  E CONVLUIU A OBRA. O POVO NÃO  É  BOBO. A CORRUPÇÃO  NÃO  DEIXOU FAZER A OBRA. OUTRA COISA , MUITKS NORDESTINOS RECEBEM  O AUXÍLIO  BRASIL E NO GOVERNO LULA ERA  DE 190, 00 REAIS. BOLSONARO PASSOU PARA 600, 00 REAIS E ALÉM  DISSO , NO GOVERNO  DO PT , A PESSOA QUE CONSEGUE  EMPREGO   PERDIA O BOLSA FAMÍLIA, ENQUANTO QUE NO GOVERNO  BOLSONARO, ALÉM  DE NÃO  PERDER, RECEBE MAIS DUZENTOS  REAIS. ISTO VAI DIMINUIR OS VOTOS DO LULA NO NORDESTE.  TENENTE RENZETTI DE MESQUITA RIO DE JANEIRO.",QURTSl9pMGdmSUNmY2RycmNNMnU5U3JDekFtY2U1VWVWWEdjTk1qQkdiY3dwVmtGNmY0R1BvWFEzeFNpUDRjTVRJSWlvQUtRTTU5aFVtYw==,2023-06-08 14:17:15.609932
youtube#commentThread,Aebjh4AP9XGtdaukUhGwselty-k,UgxcW_57dQIO1zrxdFB4AaABAg,"{'videoId': 'S6Gb0mzoC50', 'topLevelComment': {'kind': 'youtube#comment', 'etag': 'svur42oF42GvNwKnSMq_vdesp_k', 'id': 'UgxcW_57dQIO1zrxdFB4AaABAg', 'snippet': {'videoId': 'S6Gb0mzoC50', 'textDisplay': 'EU, PARTICULARMENTE  , NÃO  ACREDITO , EM PESQUISAS. SE FOSSE ACREDITAR  DA MESMA O LULADRAO  TINHA  GANHO NO PRIMEIRO  TURNO. ISTO  NÃO  OCORREU.  NÃO  DEVIA  TER PESQUISAS  ANTES DAS ELEIÇÕES. MUITOS ELEITORES NÃO  GOSTAM DE PERDER O VOTO. ENTÃO  VOTA NAQUELE  QUE ESTÁ  GANHANDO. ISTO DÁ  VANTAGEM AO LULADRAO.   TENENTE RENZETTI DE MESQUITA RJ.', 'textOriginal': 'EU, PARTICULARMENTE  , NÃO  ACREDITO , EM PESQUISAS. SE FOSSE ACREDITAR  DA MESMA O LULADRAO  TINHA  GANHO NO PRIMEIRO  TURNO. ISTO  NÃO  OCORREU.  NÃO  DEVIA  TER PESQUISAS  ANTES DAS ELEIÇÕES. MUITOS ELEITORES NÃO  GOSTAM DE PERDER O VOTO. ENTÃO  VOTA NAQUELE  QUE ESTÁ  GANHANDO. ISTO DÁ  VANTAGEM AO LULADRAO.   TENENTE RENZETTI DE MESQUITA RJ.', 'authorDisplayName': 'Ronaldo Renzetti', 'authorProfileImageUrl': 'https://yt3.ggpht.com/ytc/AGIKgqPf2TktpeFyu6Kq1roBlKou9J9XD8DgJL_5TH-6fMRbv8AfC3LQcwiP6VoReq0B=s48-c-k-c0x00ffffff-no-rj', 'authorChannelUrl': 'http://www.youtube.com/channel/UCAzuXPg_Ne3NlWrOEazISjg', 'authorChannelId': {'value': 'UCAzuXPg_Ne3NlWrOEazISjg'}, 'canRate': True, 'viewerRating': 'none', 'likeCount': 0, 'publishedAt': '2022-10-29T14:30:07Z', 'updatedAt': '2022-10-29T14:30:07Z'}}, 'canReply': True, 'totalReplyCount': 0, 'isPublic': True}",,UCAzuXPg_Ne3NlWrOEazISjg,2022-10-29T14:30:07Z,"EU, PARTICULARMENTE  , NÃO  ACREDITO , EM PESQUISAS. SE FOSSE ACREDITAR  DA MESMA O LULADRAO  TINHA  GANHO NO PRIMEIRO  TURNO. ISTO  NÃO  OCORREU.  NÃO  DEVIA  TER PESQUISAS  ANTES DAS ELEIÇÕES. MUITOS ELEITORES NÃO  GOSTAM DE PERDER O VOTO. ENTÃO  VOTA NAQUELE  QUE ESTÁ  GANHANDO. ISTO DÁ  VANTAGEM AO LULADRAO.   TENENTE RENZETTI DE MESQUITA RJ.",QURTSl9pMGdmSUNmY2RycmNNMnU5U3JDekFtY2U1VWVWWEdjTk1qQkdiY3dwVmtGNmY0R1BvWFEzeFNpUDRjTVRJSWlvQUtRTTU5aFVtYw==,2023-06-08 14:17:15.609932
youtube#commentThread,QQniXUoCX8fHmPmgwZcHknc3k7Y,UgyXgsB6iM3hjhoG3Eh4AaABAg,"{'videoId': 'wD7h9V3CrV0', 'topLevelComment': {'kind': 'youtube#comment', 'etag': '0hfN8BIy8tZX1YoBivhF-JaUtlk', 'id': 'UgyXgsB6iM3hjhoG3Eh4AaABAg', 'snippet': {'videoId': 'wD7h9V3CrV0', 'textDisplay': 'A REDE  GLOBO  FAZ O QUE  QUER.  O DEBATE  COMEÇAR  DEPOIS  DA NOVELA  DAS NOVE É  DESUMANO.  EMBORA  O DEBATE SEJA NA SEXTA-FEIRA, MUITOS TRABALHAM  SÁBADO. O LULA COMENTOU  SOBRE O DEBATE DOS GOVERNADORES E CRITICOU A GLOBO POR IR COM O DEBATE  ATÉ  DE MADRUGADA. LULA A GLOBO NÃO  ABRE MÃO  DE SUAS NOVELAS. ELA ESTÁ  SE LIXANDO  PARA OS TELESPECTADORES.  TENENTE RENZETTI DE MESQUITA RIO DE JANEIRO.', 'textOriginal': 'A REDE  GLOBO  FAZ O QUE  QUER.  O DEBATE  COMEÇAR  DEPOIS  DA NOVELA  DAS NOVE É  DESUMANO.  EMBORA  O DEBATE SEJA NA SEXTA-FEIRA, MUITOS TRABALHAM  SÁBADO. O LULA COMENTOU  SOBRE O DEBATE DOS GOVERNADORES E CRITICOU A GLOBO POR IR COM O DEBATE  ATÉ  DE MADRUGADA. LULA A GLOBO NÃO  ABRE MÃO  DE SUAS NOVELAS. ELA ESTÁ  SE LIXANDO  PARA OS TELESPECTADORES.  TENENTE RENZETTI DE MESQUITA RIO DE JANEIRO.', 'authorDisplayName': 'Ronaldo Renzetti', 'authorProfileImageUrl': 'https://yt3.ggpht.com/ytc/AGIKgqPf2TktpeFyu6Kq1roBlKou9J9XD8DgJL_5TH-6fMRbv8AfC3LQcwiP6VoReq0B=s48-c-k-c0x00ffffff-no-rj', 'authorChannelUrl': 'http://www.youtube.com/channel/UCAzuXPg_Ne3NlWrOEazISjg', 'authorChannelId': {'value': 'UCAzuXPg_Ne3NlWrOEazISjg'}, 'canRate': True, 'viewerRating': 'none', 'likeCount': 0, 'publishedAt': '2022-10-28T20:01:40Z', 'updatedAt': '2022-10-28T20:01:40Z'}}, 'canReply': True, 'totalReplyCount': 0, 'isPublic': True}",,UCAzuXPg_Ne3NlWrOEazISjg,2022-10-28T20:01:40Z,"A REDE  GLOBO  FAZ O QUE  QUER.  O DEBATE  COMEÇAR  DEPOIS  DA NOVELA  DAS NOVE É  DESUMANO.  EMBORA  O DEBATE SEJA NA SEXTA-FEIRA, MUITOS TRABALHAM  SÁBADO. O LULA COMENTOU  SOBRE O DEBATE DOS GOVERNADORES E CRITICOU A GLOBO POR IR COM O DEBATE  ATÉ  DE MADRUGADA. LULA A GLOBO NÃO  ABRE MÃO  DE SUAS NOVELAS. ELA ESTÁ  SE LIXANDO  PARA OS TELESPECTADORES.  TENENTE RENZETTI DE MESQUITA RIO DE JANEIRO.",QURTSl9pM0hMNk5NSzlDU014cjNOSVZHakJKdFNKRGRUeU5Xc19RdXliV0ZzOEhzU0hBQUJIZU1TWVdDQUdzUXpoQW12UmdXRk9mS2RSNA==,2023-06-08 14:23:01.487951
youtube#commentThread,d0vZ8L76LmXxDx5j4nM2qDXFaHA,Ugzkm6tL-Ss_QFeZc7t4AaABAg,"{'videoId': 'vA533Kvs7gA', 'topLevelComment': {'kind': 'youtube#comment', 'etag': 'Yr7o43z680ORcgp9dD736xLktOQ', 'id': 'Ugzkm6tL-Ss_QFeZc7t4AaABAg', 'snippet': {'videoId': 'vA533Kvs7gA', 'textDisplay': 'O TSE TEM QUE INVESTIGAR AS RÁDIOS  QUE NÃO  VEICULARAM PROPAGANDA DO CANDIDATO  JAIR BOLSONARO.  O MINISTRO  SE DIZ INCOMPETENTE PARA JULGAR ESTA VEICULAÇÃO.  É AGORA QUAL VAI SER A ATITUDE  DOS JURISTAS DA CAMPANHA  DO PRESIDENTE  BOLSONARO? TENENTE RENZETTI RJ', 'textOriginal': 'O TSE TEM QUE INVESTIGAR AS RÁDIOS  QUE NÃO  VEICULARAM PROPAGANDA DO CANDIDATO  JAIR BOLSONARO.  O MINISTRO  SE DIZ INCOMPETENTE PARA JULGAR ESTA VEICULAÇÃO.  É AGORA QUAL VAI SER A ATITUDE  DOS JURISTAS DA CAMPANHA  DO PRESIDENTE  BOLSONARO? TENENTE RENZETTI RJ', 'authorDisplayName': 'Ronaldo Renzetti', 'authorProfileImageUrl': 'https://yt3.ggpht.com/ytc/AGIKgqPf2TktpeFyu6Kq1roBlKou9J9XD8DgJL_5TH-6fMRbv8AfC3LQcwiP6VoReq0B=s48-c-k-c0x00ffffff-no-rj', 'authorChannelUrl': 'http://www.youtube.com/channel/UCAzuXPg_Ne3NlWrOEazISjg', 'authorChannelId': {'value': 'UCAzuXPg_Ne3NlWrOEazISjg'}, 'canRate': True, 'viewerRating': 'none', 'likeCount': 0, 'publishedAt': '2022-10-28T01:17:14Z', 'updatedAt': '2022-10-28T01:17:14Z'}}, 'canReply': True, 'totalReplyCount': 0, 'isPublic': True}",,UCAzuXPg_Ne3NlWrOEazISjg,2022-10-28T01:17:14Z,O TSE TEM QUE INVESTIGAR AS RÁDIOS  QUE NÃO  VEICULARAM PROPAGANDA DO CANDIDATO  JAIR BOLSONARO.  O MINISTRO  SE DIZ INCOMPETENTE PARA JULGAR ESTA VEICULAÇÃO.  É AGORA QUAL VAI SER A ATITUDE  DOS JURISTAS DA CAMPANHA  DO PRESIDENTE  BOLSONARO? TENENTE RENZETTI RJ,QURTSl9pMjlxdkMyU3BsWWFfSHZyeUZrU3R4OU13eFZROTJvNHBneld0Nnd0QXNoNFkzLVE4XzgtOEt2ak9KMG5lTTBSOWJRMnhseHB0bw==,2023-06-08 14:27:52.077852
youtube#commentThread,wERm14EfbYZJTU_sVWX1dQHX_Cg,Ugz9OtNinTyIEIM7gEV4AaABAg,"{'videoId': 'vA533Kvs7gA', 'topLevelComment': {'kind': 'youtube#comment', 'etag': 'WBlbjZJFcyOXqVbx9HmqWCu9BFA', 'id': 'Ugz9OtNinTyIEIM7gEV4AaABAg', 'snippet': {'videoId': 'vA533Kvs7gA', 'textDisplay': 'NÃO  ADIANTA O TSE É  PARCIAL. JÁ  É  NOTÓRIO, O MINISTRO  ALEXANDRE  DE MORAES, EMBORA  DESMINTA, TOMA ATITUDES QUE AJUDAM  INDIRETAMENTE  O CANDIDATO   LUIS INÁCIO  LULA DA SILVA. TENENTE RENZETTI DE MESQUITA RJ', 'textOriginal': 'NÃO  ADIANTA O TSE É  PARCIAL. JÁ  É  NOTÓRIO, O MINISTRO  ALEXANDRE  DE MORAES, EMBORA  DESMINTA, TOMA ATITUDES QUE AJUDAM  INDIRETAMENTE  O CANDIDATO   LUIS INÁCIO  LULA DA SILVA. TENENTE RENZETTI DE MESQUITA RJ', 'authorDisplayName': 'Ronaldo Renzetti', 'authorProfileImageUrl': 'https://yt3.ggpht.com/ytc/AGIKgqPf2TktpeFyu6Kq1roBlKou9J9XD8DgJL_5TH-6fMRbv8AfC3LQcwiP6VoReq0B=s48-c-k-c0x00ffffff-no-rj', 'authorChannelUrl': 'http://www.youtube.com/channel/UCAzuXPg_Ne3NlWrOEazISjg', 'authorChannelId': {'value': 'UCAzuXPg_Ne3NlWrOEazISjg'}, 'canRate': True, 'viewerRating': 'none', 'likeCount': 0, 'publishedAt': '2022-10-28T01:02:21Z', 'updatedAt': '2022-10-28T01:02:21Z'}}, 'canReply': True, 'totalReplyCount': 0, 'isPublic': True}",,UCAzuXPg_Ne3NlWrOEazISjg,2022-10-28T01:02:21Z,"NÃO  ADIANTA O TSE É  PARCIAL. JÁ  É  NOTÓRIO, O MINISTRO  ALEXANDRE  DE MORAES, EMBORA  DESMINTA, TOMA ATITUDES QUE AJUDAM  INDIRETAMENTE  O CANDIDATO   LUIS INÁCIO  LULA DA SILVA. TENENTE RENZETTI DE MESQUITA RJ",QURTSl9pMjlxdkMyU3BsWWFfSHZyeUZrU3R4OU13eFZROTJvNHBneld0Nnd0QXNoNFkzLVE4XzgtOEt2ak9KMG5lTTBSOWJRMnhseHB0bw==,2023-06-08 14:27:52.077852
youtube#commentThread,8oTPkw6Gu0YA5wUSNv8HfHqu41k,UgzqAX2wbCjvs8c-n4p4AaABAg,"{'videoId': 'teMCjkSdAqI', 'topLevelComment': {'kind': 'youtube#comment', 'etag': '5RFnMxyoKByD83WYWLBYk-TOSpI', 'id': 'UgzqAX2wbCjvs8c-n4p4AaABAg', 'snippet': {'videoId': 'teMCjkSdAqI', 'textDisplay': 'JÁ  ESTOU CO. PENA DO ALEXANDRE  GOMES. ELE VAI SER O BODE EXPIATÓRIO  DO TSE. É O PIOR QUE ACUSA O SERVIDOR DE  ASSÉDIO  MORAL. O MINISTRO DA JUSTIÇA  JÁ  TOMOU  CIÊNCIA  DO FATO.  ISSO VAI DAR PANOS PARA MANGA. O TSE VIROU UM PUXADINHO  DO TSE. FALOU CONSTANTINO. SERÁ  QUE  ISSO É  UM MOTIVO PARA PRORROGAR O PRAZO DA ELEIÇÃO.  ATÉ  O PIPRRNO ACHA QUE O XANDAO  EXTRAPOLOU  , QUANDO  EXPEDIU  UM MANDADO CONTRA  OITO EMPRESÁRIOS.  A POLÍCIA  FEDERAL  FOI NAS CASAS DELES FAZER BUSCA E APREENSÃO  DE MATERIAIS DELES . O CONSTANTINO  MATOU A CHARADA O ALEXANDRE  DE MORAES  É  DO PSDB, PARTIDO DO VICE-PRESIDENTE  ALCKIMIN , AGORA ALIADO DO LULADRAO . TENENTE RENZETTI DE MESQUITA, R', 'textOriginal': 'JÁ  ESTOU CO. PENA DO ALEXANDRE  GOMES. ELE VAI SER O BODE EXPIATÓRIO  DO TSE. É O PIOR QUE ACUSA O SERVIDOR DE  ASSÉDIO  MORAL. O MINISTRO DA JUSTIÇA  JÁ  TOMOU  CIÊNCIA  DO FATO.  ISSO VAI DAR PANOS PARA MANGA. O TSE VIROU UM PUXADINHO  DO TSE. FALOU CONSTANTINO. SERÁ  QUE  ISSO É  UM MOTIVO PARA PRORROGAR O PRAZO DA ELEIÇÃO.  ATÉ  O PIPRRNO ACHA QUE O XANDAO  EXTRAPOLOU  , QUANDO  EXPEDIU  UM MANDADO CONTRA  OITO EMPRESÁRIOS.  A POLÍCIA  FEDERAL  FOI NAS CASAS DELES FAZER BUSCA E APREENSÃO  DE MATERIAIS DELES . O CONSTANTINO  MATOU A CHARADA O ALEXANDRE  DE MORAES  É  DO PSDB, PARTIDO DO VICE-PRESIDENTE  ALCKIMIN , AGORA ALIADO DO LULADRAO . TENENTE RENZETTI DE MESQUITA, R', 'authorDisplayName': 'Ronaldo Renzetti', 'authorProfileImageUrl': 'https://yt3.ggpht.com/ytc/AGIKgqPf2TktpeFyu6Kq1roBlKou9J9XD8DgJL_5TH-6fMRbv8AfC3LQcwiP6VoReq0B=s48-c-k-c0x00ffffff-no-rj', 'authorChannelUrl': 'http://www.youtube.com/channel/UCAzuXPg_Ne3NlWrOEazISjg', 'authorChannelId': {'value': 'UCAzuXPg_Ne3NlWrOEazISjg'}, 'canRate': True, 'viewerRating': 'none', 'likeCount': 0, 'publishedAt': '2022-10-26T22:19:13Z', 'updatedAt': '2022-10-26T22:19:13Z'}}, 'canReply': True, 'totalReplyCount': 0, 'isPublic': True}",,UCAzuXPg_Ne3NlWrOEazISjg,2022-10-26T22:19:13Z,"JÁ  ESTOU CO. PENA DO ALEXANDRE  GOMES. ELE VAI SER O BODE EXPIATÓRIO  DO TSE. É O PIOR QUE ACUSA O SERVIDOR DE  ASSÉDIO  MORAL. O MINISTRO DA JUSTIÇA  JÁ  TOMOU  CIÊNCIA  DO FATO.  ISSO VAI DAR PANOS PARA MANGA. O TSE VIROU UM PUXADINHO  DO TSE. FALOU CONSTANTINO. SERÁ  QUE  ISSO É  UM MOTIVO PARA PRORROGAR O PRAZO DA ELEIÇÃO.  ATÉ  O PIPRRNO ACHA QUE O XANDAO  EXTRAPOLOU  , QUANDO  EXPEDIU  UM MANDADO CONTRA  OITO EMPRESÁRIOS.  A POLÍCIA  FEDERAL  FOI NAS CASAS DELES FAZER BUSCA E APREENSÃO  DE MATERIAIS DELES . O CONSTANTINO  MATOU A CHARADA O ALEXANDRE  DE MORAES  É  DO PSDB, PARTIDO DO VICE-PRESIDENTE  ALCKIMIN , AGORA ALIADO DO LULADRAO . TENENTE RENZETTI DE MESQUITA, R",QURTSl9pMWxQQnNRNzBzbi16MFYxWkNyRXZEMnBxQUVzY3puRlZRRlV2V2pUb3RRaGxncHpwVW1FdzlUTHI4d2RWU2ZRdnhQTktDeXlPZw==,2023-06-08 14:31:47.462956
youtube#commentThread,HMfiDAKONt63yPoGbi2hx7Q0Vhc,UgzZYdw7oWs_aA90Aj14AaABAg,"{'videoId': 'teMCjkSdAqI', 'topLevelComment': {'kind': 'youtube#comment', 'etag': 'sEaMfNFnRXc-qZzcm4JR3cwZhfM', 'id': 'UgzZYdw7oWs_aA90Aj14AaABAg', 'snippet': {'videoId': 'teMCjkSdAqI', 'textDisplay': 'AGORA  ESTÃO  ACUSANDO O SERVIDOR  DE ASSÉDIO  MORAL. O TSE SEMPRE TEM UM DESCULPA.  DAQUI A POUCO O TSE VAI COLOCAR A CULPA NOS APOIADORES  DO CAPITÃO  DO POVO. TENENTE RENZETTI DE MESQUITA!, RJ.', 'textOriginal': 'AGORA  ESTÃO  ACUSANDO O SERVIDOR  DE ASSÉDIO  MORAL. O TSE SEMPRE TEM UM DESCULPA.  DAQUI A POUCO O TSE VAI COLOCAR A CULPA NOS APOIADORES  DO CAPITÃO  DO POVO. TENENTE RENZETTI DE MESQUITA!, RJ.', 'authorDisplayName': 'Ronaldo Renzetti', 'authorProfileImageUrl': 'https://yt3.ggpht.com/ytc/AGIKgqPf2TktpeFyu6Kq1roBlKou9J9XD8DgJL_5TH-6fMRbv8AfC3LQcwiP6VoReq0B=s48-c-k-c0x00ffffff-no-rj', 'authorChannelUrl': 'http://www.youtube.com/channel/UCAzuXPg_Ne3NlWrOEazISjg', 'authorChannelId': {'value': 'UCAzuXPg_Ne3NlWrOEazISjg'}, 'canRate': True, 'viewerRating': 'none', 'likeCount': 2, 'publishedAt': '2022-10-26T21:37:50Z', 'updatedAt': '2022-10-26T21:37:50Z'}}, 'canReply': True, 'totalReplyCount': 1, 'isPublic': True}","{'comments': [{'kind': 'youtube#comment', 'etag': 'g6EDvswb12F1DN8vD6_ZMeG3r3w', 'id': 'UgzZYdw7oWs_aA90Aj14AaABAg.9heoTZYBMwe9hew-FeCgh6', 'snippet': {'videoId': 'teMCjkSdAqI', 'textDisplay': 'ISSO AI VAI SER CULPA DE BOLSONARO KKKKKK KD AS FORÇAS ARMADAS ?', 'textOriginal': 'ISSO AI VAI SER CULPA DE BOLSONARO KKKKKK KD AS FORÇAS ARMADAS ?', 'parentId': 'UgzZYdw7oWs_aA90Aj14AaABAg', 'authorDisplayName': 'Diógenes Vieira Ferreira', 'authorProfileImageUrl': 'https://yt3.ggpht.com/ytc/AGIKgqP4WkLERLPmWvCeSihzkrWWQZjynZzE4mXNT7CR0DM=s48-c-k-c0x00ffffff-no-rj', 'authorChannelUrl': 'http://www.youtube.com/channel/UC0rkTNrBnTycxdgirzFYxrQ', 'authorChannelId': {'value': 'UC0rkTNrBnTycxdgirzFYxrQ'}, 'canRate': True, 'viewerRating': 'none', 'likeCount': 0, 'publishedAt': '2022-10-26T22:43:36Z', 'updatedAt': '2022-10-26T22:43:36Z'}}]}",UCAzuXPg_Ne3NlWrOEazISjg,2022-10-26T21:37:50Z,"AGORA  ESTÃO  ACUSANDO O SERVIDOR  DE ASSÉDIO  MORAL. O TSE SEMPRE TEM UM DESCULPA.  DAQUI A POUCO O TSE VAI COLOCAR A CULPA NOS APOIADORES  DO CAPITÃO  DO POVO. TENENTE RENZETTI DE MESQUITA!, RJ.",QURTSl9pMGFmbDY2Y0MyYnB1U1BjeXJLQk55VG9IV0NJVVpTWnU1SjQwYV9ZRlRzaGNzbzVyYk04VnYyOV9xRVl1dUdIdk1JVllSOXNSZw==,2023-06-08 14:31:48.405748
youtube#commentThread,ih5szcEfjxGXKmuVVtw-7meMKSg,UgyQ9Ha0XjhFQXG_LI14AaABAg,"{'videoId': '7VLa79S49mg', 'topLevelComment': {'kind': 'youtube#comment', 'etag': 'cZ8Zg9vdDRjLZwyoPAowP0Dm9m8', 'id': 'UgyQ9Ha0XjhFQXG_LI14AaABAg', 'snippet': {'videoId': '7VLa79S49mg', 'textDisplay': 'ELE VAI COLOCAR  NO SEU SECRETARIADO  , PESSOAS  TECNICAS. A AMANDA LEVOU  UM FORA ,DISSE QUE ELE IA COLOCAR UM CAPITÃO  NA SECRETARIA DE SEGURANÇA.  ELE NÃO  INDICOU NINGUÉM  AINDA , OUVIU AMANDA ?  TENENTE RENZETTI RJ', 'textOriginal': 'ELE VAI COLOCAR  NO SEU SECRETARIADO  , PESSOAS  TECNICAS. A AMANDA LEVOU  UM FORA ,DISSE QUE ELE IA COLOCAR UM CAPITÃO  NA SECRETARIA DE SEGURANÇA.  ELE NÃO  INDICOU NINGUÉM  AINDA , OUVIU AMANDA ?  TENENTE RENZETTI RJ', 'authorDisplayName': 'Ronaldo Renzetti', 'authorProfileImageUrl': 'https://yt3.ggpht.com/ytc/AGIKgqPf2TktpeFyu6Kq1roBlKou9J9XD8DgJL_5TH-6fMRbv8AfC3LQcwiP6VoReq0B=s48-c-k-c0x00ffffff-no-rj', 'authorChannelUrl': 'http://www.youtube.com/channel/UCAzuXPg_Ne3NlWrOEazISjg', 'authorChannelId': {'value': 'UCAzuXPg_Ne3NlWrOEazISjg'}, 'canRate': True, 'viewerRating': 'none', 'likeCount': 0, 'publishedAt': '2022-10-31T13:37:08Z', 'updatedAt': '2022-10-31T13:37:08Z'}}, 'canReply': True, 'totalReplyCount': 0, 'isPublic': True}",,UCAzuXPg_Ne3NlWrOEazISjg,2022-10-31T13:37:08Z,"ELE VAI COLOCAR  NO SEU SECRETARIADO  , PESSOAS  TECNICAS. A AMANDA LEVOU  UM FORA ,DISSE QUE ELE IA COLOCAR UM CAPITÃO  NA SECRETARIA DE SEGURANÇA.  ELE NÃO  INDICOU NINGUÉM  AINDA , OUVIU AMANDA ?  TENENTE RENZETTI RJ",QURTSl9pMG1LVzJFZTBmME1Gc28zT0FrYzZjOGdaODdRQjBlMm0zOWFMbFVrZjNxUWljY2JUNWNxeGN0UWF4cHZrMEwxdkNjN0p5amlnTQ==,2023-06-08 14:01:13.753507
youtube#commentThread,6_AyYV9oIaaPIBCnrlI1YpZPGV4,UgytEn3r251F3Leal0x4AaABAg,"{'videoId': 'X-l6yPvAmLs', 'topLevelComment': {'kind': 'youtube#comment', 'etag': 'LWnfSB_3-_fvYRaMOtc0HnaoY1I', 'id': 'UgytEn3r251F3Leal0x4AaABAg', 'snippet': {'videoId': 'X-l6yPvAmLs', 'textDisplay': '154.000 INSERÇÕES  É  MUITA COISA.  É AINDA DIZEM  QUE A ELEIÇÃO  FOI TRANSPARENTE.  O XARÁ  ALEXANDRE MACHADO  FICOU COMO BODE EXPIATÓRIO.  É  ASSIM QUE PROCEDE O XANDAO.  ELE NUNCA  ASSUME NADA. O FUNCIONÁRIO  FOI. NA POLÍCIA  FEDERAL, POIS ELE JÁ  VINHA DENUNCIANDO  FATOS COMO ESTE DESDE 2018. É COMO  FICA O PRESIDENTE BOLSONARO. TIRARAM  DELE O DIREITO DE SE CKMUNICAR COM OS NORDESTINOS. ISTO  É  MAIS UMA PROVA QUE O TSE ESTÁ  DO LADO DA ESQUERDA.  TENENTE RENZETTI DE MESQUITA,RJ', 'textOriginal': '154.000 INSERÇÕES  É  MUITA COISA.  É AINDA DIZEM  QUE A ELEIÇÃO  FOI TRANSPARENTE.  O XARÁ  ALEXANDRE MACHADO  FICOU COMO BODE EXPIATÓRIO.  É  ASSIM QUE PROCEDE O XANDAO.  ELE NUNCA  ASSUME NADA. O FUNCIONÁRIO  FOI. NA POLÍCIA  FEDERAL, POIS ELE JÁ  VINHA DENUNCIANDO  FATOS COMO ESTE DESDE 2018. É COMO  FICA O PRESIDENTE BOLSONARO. TIRARAM  DELE O DIREITO DE SE CKMUNICAR COM OS NORDESTINOS. ISTO  É  MAIS UMA PROVA QUE O TSE ESTÁ  DO LADO DA ESQUERDA.  TENENTE RENZETTI DE MESQUITA,RJ', 'authorDisplayName': 'Ronaldo Renzetti', 'authorProfileImageUrl': 'https://yt3.ggpht.com/ytc/AGIKgqPf2TktpeFyu6Kq1roBlKou9J9XD8DgJL_5TH-6fMRbv8AfC3LQcwiP6VoReq0B=s48-c-k-c0x00ffffff-no-rj', 'authorChannelUrl': 'http://www.youtube.com/channel/UCAzuXPg_Ne3NlWrOEazISjg', 'authorChannelId': {'value': 'UCAzuXPg_Ne3NlWrOEazISjg'}, 'canRate': True, 'viewerRating': 'none', 'likeCount': 0, 'publishedAt': '2022-11-04T20:14:34Z', 'updatedAt': '2022-11-04T20:14:34Z'}}, 'canReply': True, 'totalReplyCount': 0, 'isPublic': True}",,UCAzuXPg_Ne3NlWrOEazISjg,2022-11-04T20:14:34Z,"154.000 INSERÇÕES  É  MUITA COISA.  É AINDA DIZEM  QUE A ELEIÇÃO  FOI TRANSPARENTE.  O XARÁ  ALEXANDRE MACHADO  FICOU COMO BODE EXPIATÓRIO.  É  ASSIM QUE PROCEDE O XANDAO.  ELE NUNCA  ASSUME NADA. O FUNCIONÁRIO  FOI. NA POLÍCIA  FEDERAL, POIS ELE JÁ  VINHA DENUNCIANDO  FATOS COMO ESTE DESDE 2018. É COMO  FICA O PRESIDENTE BOLSONARO. TIRARAM  DELE O DIREITO DE SE CKMUNICAR COM OS NORDESTINOS. ISTO  É  MAIS UMA PROVA QUE O TSE ESTÁ  DO LADO DA ESQUERDA.  TENENTE RENZETTI DE MESQUITA,RJ",QURTSl9pMVdpcEE5X0Z4WDFKT3dtaDZmdTJIRDVWeGFYMnp2UE82Z05Sd0xRM2EyaEF3SERydUlNMUZHaWpJQkVWbmpGQ2ZmV0xXNnhjUQ==,2023-06-08 14:34:23.882092
youtube#commentThread,rr4SW1hHKMuT-fmWhF9U191saeY,Ugz9rQ9T8_E2rjDZtwt4AaABAg,"{'videoId': 'X-l6yPvAmLs', 'topLevelComment': {'kind': 'youtube#comment', 'etag': 'ObNj1EXAxeAZ50rlY6-2RxkTm4c', 'id': 'Ugz9rQ9T8_E2rjDZtwt4AaABAg', 'snippet': {'videoId': 'X-l6yPvAmLs', 'textDisplay': 'CLARO QUE A MÍDIA  ATRAPALHOU O PRESIDENTE  BOLSONARO. O ALEXANDRE MACHADO , XARÁ  DO XANDAO FOI DEMITIDO DO TSE. ELE PAGOU O PATO. PROPAGANDAS DO BOLSONARO NÃO  FORAM VEICULADAS NAS RÁDIOS.  PRINCIPALMENTE NO NORDESTE. O MINISTRO DAS COMUNICAÇÕES, FABIO FARIA DENUNCIOU O  TSE. O ALEXANDRE MACHADO RECEBEU UM EMAIL DIZENDO  QUE UMA RÁDIO  NÃO  VEICULOU PROPAGANDA DO BOLSONARO. PEGOU MAL, XANDAO.  ISSO É  UM CRIME EITORAL. TENENTE RENZETTI DE MESQUITA, RJ.', 'textOriginal': 'CLARO QUE A MÍDIA  ATRAPALHOU O PRESIDENTE  BOLSONARO. O ALEXANDRE MACHADO , XARÁ  DO XANDAO FOI DEMITIDO DO TSE. ELE PAGOU O PATO. PROPAGANDAS DO BOLSONARO NÃO  FORAM VEICULADAS NAS RÁDIOS.  PRINCIPALMENTE NO NORDESTE. O MINISTRO DAS COMUNICAÇÕES, FABIO FARIA DENUNCIOU O  TSE. O ALEXANDRE MACHADO RECEBEU UM EMAIL DIZENDO  QUE UMA RÁDIO  NÃO  VEICULOU PROPAGANDA DO BOLSONARO. PEGOU MAL, XANDAO.  ISSO É  UM CRIME EITORAL. TENENTE RENZETTI DE MESQUITA, RJ.', 'authorDisplayName': 'Ronaldo Renzetti', 'authorProfileImageUrl': 'https://yt3.ggpht.com/ytc/AGIKgqPf2TktpeFyu6Kq1roBlKou9J9XD8DgJL_5TH-6fMRbv8AfC3LQcwiP6VoReq0B=s48-c-k-c0x00ffffff-no-rj', 'authorChannelUrl': 'http://www.youtube.com/channel/UCAzuXPg_Ne3NlWrOEazISjg', 'authorChannelId': {'value': 'UCAzuXPg_Ne3NlWrOEazISjg'}, 'canRate': True, 'viewerRating': 'none', 'likeCount': 0, 'publishedAt': '2022-11-01T23:48:44Z', 'updatedAt': '2022-11-01T23:48:44Z'}}, 'canReply': True, 'totalReplyCount': 0, 'isPublic': True}",,UCAzuXPg_Ne3NlWrOEazISjg,2022-11-01T23:48:44Z,"CLARO QUE A MÍDIA  ATRAPALHOU O PRESIDENTE  BOLSONARO. O ALEXANDRE MACHADO , XARÁ  DO XANDAO FOI DEMITIDO DO TSE. ELE PAGOU O PATO. PROPAGANDAS DO BOLSONARO NÃO  FORAM VEICULADAS NAS RÁDIOS.  PRINCIPALMENTE NO NORDESTE. O MINISTRO DAS COMUNICAÇÕES, FABIO FARIA DENUNCIOU O  TSE. O ALEXANDRE MACHADO RECEBEU UM EMAIL DIZENDO  QUE UMA RÁDIO  NÃO  VEICULOU PROPAGANDA DO BOLSONARO. PEGOU MAL, XANDAO.  ISSO É  UM CRIME EITORAL. TENENTE RENZETTI DE MESQUITA, RJ.",QURTSl9pM1RhVDZDQjFrZmoya0lFX2ptSWJiY3kxd25wdXRNQTlxYWp0OEpLOFNuNEJTemczLU55ZWRNMV92NEVzWjZmeDc5S0hWM0VMbw==,2023-06-08 14:34:25.613004
youtube#commentThread,xFPyRzqscvxUQXGmFZ7Kj4J3s7w,UgxoNkADNBQj6pF8DWp4AaABAg,"{'videoId': 'tmTdkMEg5NE', 'topLevelComment': {'kind': 'youtube#comment', 'etag': '43jntJAAnbdCkKNoXktGee2iDDA', 'id': 'UgxoNkADNBQj6pF8DWp4AaABAg', 'snippet': {'videoId': 'tmTdkMEg5NE', 'textDisplay': 'O SENADOR  EDIUARDO GOMES PARABENIZA  A JOVEM PAN PELO FURO  DE REPORTAGEM. O MINISTRO   TEM DE FAZER UM PRONUNCIAMENTO À  POPULAÇÃO.  O BOLSONARO VEM COMENTANDO HA MUITO TEMPO QUE O TSE ESTÁ  DE UM LADO. COMO CONFIAR NA LISURA  DO TSE.  TENENTE RENZETTI DE MESQUITA, RJ.', 'textOriginal': 'O SENADOR  EDIUARDO GOMES PARABENIZA  A JOVEM PAN PELO FURO  DE REPORTAGEM. O MINISTRO   TEM DE FAZER UM PRONUNCIAMENTO À  POPULAÇÃO.  O BOLSONARO VEM COMENTANDO HA MUITO TEMPO QUE O TSE ESTÁ  DE UM LADO. COMO CONFIAR NA LISURA  DO TSE.  TENENTE RENZETTI DE MESQUITA, RJ.', 'authorDisplayName': 'Ronaldo Renzetti', 'authorProfileImageUrl': 'https://yt3.ggpht.com/ytc/AGIKgqPf2TktpeFyu6Kq1roBlKou9J9XD8DgJL_5TH-6fMRbv8AfC3LQcwiP6VoReq0B=s48-c-k-c0x00ffffff-no-rj', 'authorChannelUrl': 'http://www.youtube.com/channel/UCAzuXPg_Ne3NlWrOEazISjg', 'authorChannelId': {'value': 'UCAzuXPg_Ne3NlWrOEazISjg'}, 'canRate': True, 'viewerRating': 'none', 'likeCount': 0, 'publishedAt': '2022-10-26T20:02:36Z', 'updatedAt': '2022-10-26T20:02:36Z'}}, 'canReply': True, 'totalReplyCount': 0, 'isPublic': True}",,UCAzuXPg_Ne3NlWrOEazISjg,2022-10-26T20:02:36Z,"O SENADOR  EDIUARDO GOMES PARABENIZA  A JOVEM PAN PELO FURO  DE REPORTAGEM. O MINISTRO   TEM DE FAZER UM PRONUNCIAMENTO À  POPULAÇÃO.  O BOLSONARO VEM COMENTANDO HA MUITO TEMPO QUE O TSE ESTÁ  DE UM LADO. COMO CONFIAR NA LISURA  DO TSE.  TENENTE RENZETTI DE MESQUITA, RJ.",QURTSl9pM1l1YnlnUTdFRG1ES1JHN284Y25fQzk1UERaUGdWLTY1QTV0N1ZsSXZpTVkxWDdhZXhLR1Iwa29QRk5zYk5QbkFYZmhuS09Xdw==,2023-06-08 14:35:01.494436
youtube#commentThread,BY8-qvZj4HqPFGBtVhz3ruejqyI,Ugzyj4kMYqL5hA-uiyd4AaABAg,"{'videoId': 'tmTdkMEg5NE', 'topLevelComment': {'kind': 'youtube#comment', 'etag': 'sEQWSZUbqc0vF-fa9-30k4tNGcY', 'id': 'Ugzyj4kMYqL5hA-uiyd4AaABAg', 'snippet': {'videoId': 'tmTdkMEg5NE', 'textDisplay': 'É  UMA PERGUNTA  INTERESSANTE.  O SERVIDOR, EM QUESTÃO  TEM FILIAÇÃO  PARTIDÁRIA? DIZEM QUE ELE NÃO  TEM. QUEM GARANTE  QUE  É  VERDADE?  ESTOU  GOSTANDO  DO COMENTÁRIO  DO LEONARDO. ESSE EPISÓDIO  ESTÁ  SENDO COMEMTADO POR  TODOS LIGADOS  À CAMPANHA  DO CAPITÃO  DO POVO. A GRANDE MÍDIA  NÃO  FSLA NADA . E A GLOBO NEWS  VAI DIZER  O QUE? TENENTE RENZETTI RJ', 'textOriginal': 'É  UMA PERGUNTA  INTERESSANTE.  O SERVIDOR, EM QUESTÃO  TEM FILIAÇÃO  PARTIDÁRIA? DIZEM QUE ELE NÃO  TEM. QUEM GARANTE  QUE  É  VERDADE?  ESTOU  GOSTANDO  DO COMENTÁRIO  DO LEONARDO. ESSE EPISÓDIO  ESTÁ  SENDO COMEMTADO POR  TODOS LIGADOS  À CAMPANHA  DO CAPITÃO  DO POVO. A GRANDE MÍDIA  NÃO  FSLA NADA . E A GLOBO NEWS  VAI DIZER  O QUE? TENENTE RENZETTI RJ', 'authorDisplayName': 'Ronaldo Renzetti', 'authorProfileImageUrl': 'https://yt3.ggpht.com/ytc/AGIKgqPf2TktpeFyu6Kq1roBlKou9J9XD8DgJL_5TH-6fMRbv8AfC3LQcwiP6VoReq0B=s48-c-k-c0x00ffffff-no-rj', 'authorChannelUrl': 'http://www.youtube.com/channel/UCAzuXPg_Ne3NlWrOEazISjg', 'authorChannelId': {'value': 'UCAzuXPg_Ne3NlWrOEazISjg'}, 'canRate': True, 'viewerRating': 'none', 'likeCount': 0, 'publishedAt': '2022-10-26T19:48:55Z', 'updatedAt': '2022-10-26T19:48:55Z'}}, 'canReply': True, 'totalReplyCount': 0, 'isPublic': True}",,UCAzuXPg_Ne3NlWrOEazISjg,2022-10-26T19:48:55Z,"É  UMA PERGUNTA  INTERESSANTE.  O SERVIDOR, EM QUESTÃO  TEM FILIAÇÃO  PARTIDÁRIA? DIZEM QUE ELE NÃO  TEM. QUEM GARANTE  QUE  É  VERDADE?  ESTOU  GOSTANDO  DO COMENTÁRIO  DO LEONARDO. ESSE EPISÓDIO  ESTÁ  SENDO COMEMTADO POR  TODOS LIGADOS  À CAMPANHA  DO CAPITÃO  DO POVO. A GRANDE MÍDIA  NÃO  FSLA NADA . E A GLOBO NEWS  VAI DIZER  O QUE? TENENTE RENZETTI RJ",QURTSl9pM1l1YnlnUTdFRG1ES1JHN284Y25fQzk1UERaUGdWLTY1QTV0N1ZsSXZpTVkxWDdhZXhLR1Iwa29QRk5zYk5QbkFYZmhuS09Xdw==,2023-06-08 14:35:01.494436
youtube#commentThread,JAPJnrSKKNEFP-IUoDHDQGwj69Q,Ugzofz67oym0a0ouDRR4AaABAg,"{'videoId': 'tmTdkMEg5NE', 'topLevelComment': {'kind': 'youtube#comment', 'etag': 'AC7p4FGzfVAjFACJ5NYVstmhRmM', 'id': 'Ugzofz67oym0a0ouDRR4AaABAg', 'snippet': {'videoId': 'tmTdkMEg5NE', 'textDisplay': 'ISSO É  CASO DE POLICIA. ESSE RSPAZ ERA COORDENADOR DE DISTRIBUIÇÃO  DAS PROPAGANDAS. É AGORA COMO É  QUE  FICA?  SE DESCOBRIU  AGORA  A INFRAÇÃO  FOI DESCOBERTA. ISTO AFETOU A CAMPANHA DO NOSSO PRESIDENTE.  JÁ  IMAGINOU AS INSERÇÕES  QUE NÃO  FORAM COLOCADAS. O TSE SE METE NAQUILO  QUE  NÃO  É  DE  SUA COMPETEMCIA É DEIXA PASSAR  UM TEMA TÃO  GRAVE  COMO ESTE. ISSO É  UMA VERGONHA. TENENTE RENZETTI DE MESQUITA, RJ', 'textOriginal': 'ISSO É  CASO DE POLICIA. ESSE RSPAZ ERA COORDENADOR DE DISTRIBUIÇÃO  DAS PROPAGANDAS. É AGORA COMO É  QUE  FICA?  SE DESCOBRIU  AGORA  A INFRAÇÃO  FOI DESCOBERTA. ISTO AFETOU A CAMPANHA DO NOSSO PRESIDENTE.  JÁ  IMAGINOU AS INSERÇÕES  QUE NÃO  FORAM COLOCADAS. O TSE SE METE NAQUILO  QUE  NÃO  É  DE  SUA COMPETEMCIA É DEIXA PASSAR  UM TEMA TÃO  GRAVE  COMO ESTE. ISSO É  UMA VERGONHA. TENENTE RENZETTI DE MESQUITA, RJ', 'authorDisplayName': 'Ronaldo Renzetti', 'authorProfileImageUrl': 'https://yt3.ggpht.com/ytc/AGIKgqPf2TktpeFyu6Kq1roBlKou9J9XD8DgJL_5TH-6fMRbv8AfC3LQcwiP6VoReq0B=s48-c-k-c0x00ffffff-no-rj', 'authorChannelUrl': 'http://www.youtube.com/channel/UCAzuXPg_Ne3NlWrOEazISjg', 'authorChannelId': {'value': 'UCAzuXPg_Ne3NlWrOEazISjg'}, 'canRate': True, 'viewerRating': 'none', 'likeCount': 0, 'publishedAt': '2022-10-26T19:38:53Z', 'updatedAt': '2022-10-26T19:38:53Z'}}, 'canReply': True, 'totalReplyCount': 0, 'isPublic': True}",,UCAzuXPg_Ne3NlWrOEazISjg,2022-10-26T19:38:53Z,"ISSO É  CASO DE POLICIA. ESSE RSPAZ ERA COORDENADOR DE DISTRIBUIÇÃO  DAS PROPAGANDAS. É AGORA COMO É  QUE  FICA?  SE DESCOBRIU  AGORA  A INFRAÇÃO  FOI DESCOBERTA. ISTO AFETOU A CAMPANHA DO NOSSO PRESIDENTE.  JÁ  IMAGINOU AS INSERÇÕES  QUE NÃO  FORAM COLOCADAS. O TSE SE METE NAQUILO  QUE  NÃO  É  DE  SUA COMPETEMCIA É DEIXA PASSAR  UM TEMA TÃO  GRAVE  COMO ESTE. ISSO É  UMA VERGONHA. TENENTE RENZETTI DE MESQUITA, RJ",QURTSl9pM1l1YnlnUTdFRG1ES1JHN284Y25fQzk1UERaUGdWLTY1QTV0N1ZsSXZpTVkxWDdhZXhLR1Iwa29QRk5zYk5QbkFYZmhuS09Xdw==,2023-06-08 14:35:01.494436
youtube#commentThread,UfBxAoqCdDm_Voxtx4PPIBAwfy4,UgwIZkGq7dinupm5MO94AaABAg,"{'videoId': 'tmTdkMEg5NE', 'topLevelComment': {'kind': 'youtube#comment', 'etag': 'u7QOj01ljoyBnOskCoQHRu77-ck', 'id': 'UgwIZkGq7dinupm5MO94AaABAg', 'snippet': {'videoId': 'tmTdkMEg5NE', 'textDisplay': 'TODO MUNDO ESTÁ  PERCEBENDO  QUE O TSE VEM PROTEGENDO O CANDIDATO LULA. UM ASSESSOR DO TSE FOI EXONERADO  POR CAUSA  DE  DESCONFIANÇA  NA PROPAGANDA ELRITORAL. PIOR  SE FOR  COMPROVADO NÃO  HAVERÁ  TEMPO PARA CORRIGIR  O ERRO. TENENTE RENZETTI DE MESQUITA, RJ', 'textOriginal': 'TODO MUNDO ESTÁ  PERCEBENDO  QUE O TSE VEM PROTEGENDO O CANDIDATO LULA. UM ASSESSOR DO TSE FOI EXONERADO  POR CAUSA  DE  DESCONFIANÇA  NA PROPAGANDA ELRITORAL. PIOR  SE FOR  COMPROVADO NÃO  HAVERÁ  TEMPO PARA CORRIGIR  O ERRO. TENENTE RENZETTI DE MESQUITA, RJ', 'authorDisplayName': 'Ronaldo Renzetti', 'authorProfileImageUrl': 'https://yt3.ggpht.com/ytc/AGIKgqPf2TktpeFyu6Kq1roBlKou9J9XD8DgJL_5TH-6fMRbv8AfC3LQcwiP6VoReq0B=s48-c-k-c0x00ffffff-no-rj', 'authorChannelUrl': 'http://www.youtube.com/channel/UCAzuXPg_Ne3NlWrOEazISjg', 'authorChannelId': {'value': 'UCAzuXPg_Ne3NlWrOEazISjg'}, 'canRate': True, 'viewerRating': 'none', 'likeCount': 0, 'publishedAt': '2022-10-26T19:26:00Z', 'updatedAt': '2022-10-26T19:26:00Z'}}, 'canReply': True, 'totalReplyCount': 0, 'isPublic': True}",,UCAzuXPg_Ne3NlWrOEazISjg,2022-10-26T19:26:00Z,"TODO MUNDO ESTÁ  PERCEBENDO  QUE O TSE VEM PROTEGENDO O CANDIDATO LULA. UM ASSESSOR DO TSE FOI EXONERADO  POR CAUSA  DE  DESCONFIANÇA  NA PROPAGANDA ELRITORAL. PIOR  SE FOR  COMPROVADO NÃO  HAVERÁ  TEMPO PARA CORRIGIR  O ERRO. TENENTE RENZETTI DE MESQUITA, RJ",QURTSl9pM1l1YnlnUTdFRG1ES1JHN284Y25fQzk1UERaUGdWLTY1QTV0N1ZsSXZpTVkxWDdhZXhLR1Iwa29QRk5zYk5QbkFYZmhuS09Xdw==,2023-06-08 14:35:01.494436
youtube#commentThread,VMQPCONpediYTK_n1IwNiiPl0rw,Ugy2GcnUiQ8jeZQuO6x4AaABAg,"{'videoId': 'W8qND9c-Zw8', 'topLevelComment': {'kind': 'youtube#comment', 'etag': '-sfaNrLYCq1ckvzGbV49VEpvjtI', 'id': 'Ugy2GcnUiQ8jeZQuO6x4AaABAg', 'snippet': {'videoId': 'W8qND9c-Zw8', 'textDisplay': 'O ÚNICO  PREJUDICADO  FOI O PRESIDENTE  BOLSONARO. PARECE QUE A JUSTIÇA  ELEITORAL  NÃO  TEM COMPETÊNCIA  PARA FISCALIZAR A PROPAGANDA  ELEITORAL  NAS RÁDIOS.  ELA EXISTE  PRA QUE?   JÁ  PASSOU DA HORA DO CONGRESSO  TOMAR  UMA  ATITUDE  SENÃO  A ELEIÇÃO  FICARÁ  SIB SUSPEIÇÃO.  TENENTE RENZETTI DE MESQUITA,RJ.', 'textOriginal': 'O ÚNICO  PREJUDICADO  FOI O PRESIDENTE  BOLSONARO. PARECE QUE A JUSTIÇA  ELEITORAL  NÃO  TEM COMPETÊNCIA  PARA FISCALIZAR A PROPAGANDA  ELEITORAL  NAS RÁDIOS.  ELA EXISTE  PRA QUE?   JÁ  PASSOU DA HORA DO CONGRESSO  TOMAR  UMA  ATITUDE  SENÃO  A ELEIÇÃO  FICARÁ  SIB SUSPEIÇÃO.  TENENTE RENZETTI DE MESQUITA,RJ.', 'authorDisplayName': 'Ronaldo Renzetti', 'authorProfileImageUrl': 'https://yt3.ggpht.com/ytc/AGIKgqPf2TktpeFyu6Kq1roBlKou9J9XD8DgJL_5TH-6fMRbv8AfC3LQcwiP6VoReq0B=s48-c-k-c0x00ffffff-no-rj', 'authorChannelUrl': 'http://www.youtube.com/channel/UCAzuXPg_Ne3NlWrOEazISjg', 'authorChannelId': {'value': 'UCAzuXPg_Ne3NlWrOEazISjg'}, 'canRate': True, 'viewerRating': 'none', 'likeCount': 0, 'publishedAt': '2022-10-26T23:15:59Z', 'updatedAt': '2022-10-26T23:15:59Z'}}, 'canReply': True, 'totalReplyCount': 0, 'isPublic': True}",,UCAzuXPg_Ne3NlWrOEazISjg,2022-10-26T23:15:59Z,"O ÚNICO  PREJUDICADO  FOI O PRESIDENTE  BOLSONARO. PARECE QUE A JUSTIÇA  ELEITORAL  NÃO  TEM COMPETÊNCIA  PARA FISCALIZAR A PROPAGANDA  ELEITORAL  NAS RÁDIOS.  ELA EXISTE  PRA QUE?   JÁ  PASSOU DA HORA DO CONGRESSO  TOMAR  UMA  ATITUDE  SENÃO  A ELEIÇÃO  FICARÁ  SIB SUSPEIÇÃO.  TENENTE RENZETTI DE MESQUITA,RJ.",QURTSl9pMXZZYUw3LWJkZ1Q4V29WeFF6MWN5TlA5WVowM3RlSGlKVmlOQkVVdldBcHc1OER3dFF6LXdJNzNMdFYxbUdvNHdkbXVXRUhxRQ==,2023-06-08 14:35:59.868579
youtube#commentThread,3TSA_yWSkogLBoqFPDwX4czxYNw,UgzKeRDwprBH36qTLfF4AaABAg,"{'videoId': 'SGEMC6HNdYw', 'topLevelComment': {'kind': 'youtube#comment', 'etag': 'CJsleCePCdkm0hkpfzqUZraKZTI', 'id': 'UgzKeRDwprBH36qTLfF4AaABAg', 'snippet': {'videoId': 'SGEMC6HNdYw', 'textDisplay': 'SERÁ  QUE O LULA VAI COMPARECER  AO DEBATE.? EU ACREDITI QUE ELE VÁ, PORQUÊ  NA GLOBO ELE TEM UM GRANDE ALIADO: O BONNER QUE O ISENTOU DE CULPA  EM OURTROS DEBATES. O DEBATE ESTÁ  PREVISTO PARA SEXTA-FEIRA, DEPOIS DA NOVELA DAS NOVE. NEM PARA A DEMOCRACIA A GLOBO NÃO  ABRE MÃO  DA NOVELA: TRAVESSIA. TENENTE RENZETTI DE MESQUITA, RJ.', 'textOriginal': 'SERÁ  QUE O LULA VAI COMPARECER  AO DEBATE.? EU ACREDITI QUE ELE VÁ, PORQUÊ  NA GLOBO ELE TEM UM GRANDE ALIADO: O BONNER QUE O ISENTOU DE CULPA  EM OURTROS DEBATES. O DEBATE ESTÁ  PREVISTO PARA SEXTA-FEIRA, DEPOIS DA NOVELA DAS NOVE. NEM PARA A DEMOCRACIA A GLOBO NÃO  ABRE MÃO  DA NOVELA: TRAVESSIA. TENENTE RENZETTI DE MESQUITA, RJ.', 'authorDisplayName': 'Ronaldo Renzetti', 'authorProfileImageUrl': 'https://yt3.ggpht.com/ytc/AGIKgqPf2TktpeFyu6Kq1roBlKou9J9XD8DgJL_5TH-6fMRbv8AfC3LQcwiP6VoReq0B=s48-c-k-c0x00ffffff-no-rj', 'authorChannelUrl': 'http://www.youtube.com/channel/UCAzuXPg_Ne3NlWrOEazISjg', 'authorChannelId': {'value': 'UCAzuXPg_Ne3NlWrOEazISjg'}, 'canRate': True, 'viewerRating': 'none', 'likeCount': 0, 'publishedAt': '2022-10-26T15:26:29Z', 'updatedAt': '2022-10-26T15:26:29Z'}}, 'canReply': True, 'totalReplyCount': 0, 'isPublic': True}",,UCAzuXPg_Ne3NlWrOEazISjg,2022-10-26T15:26:29Z,"SERÁ  QUE O LULA VAI COMPARECER  AO DEBATE.? EU ACREDITI QUE ELE VÁ, PORQUÊ  NA GLOBO ELE TEM UM GRANDE ALIADO: O BONNER QUE O ISENTOU DE CULPA  EM OURTROS DEBATES. O DEBATE ESTÁ  PREVISTO PARA SEXTA-FEIRA, DEPOIS DA NOVELA DAS NOVE. NEM PARA A DEMOCRACIA A GLOBO NÃO  ABRE MÃO  DA NOVELA: TRAVESSIA. TENENTE RENZETTI DE MESQUITA, RJ.",QURTSl9pMjFHbmxPV0ZYTTVzeUZnWXpBZ3o5R1lrV19wd0VZVlhlY1dqaW5ZLS1RV0NUaEFXQ0daNnBSV0pET1piMTZFMlpqUnlXS1kyRQ==,2023-06-08 14:37:21.890656
youtube#commentThread,tRfFpso98fq1LWyJIFFD7Bf5a5s,UgwS-mQ-a-c4VE3RzMp4AaABAg,"{'videoId': '9kY2eid3l6A', 'topLevelComment': {'kind': 'youtube#comment', 'etag': '0S7CJuOED4spnizINvZmy6985VM', 'id': 'UgwS-mQ-a-c4VE3RzMp4AaABAg', 'snippet': {'videoId': '9kY2eid3l6A', 'textDisplay': 'TEM QUE FAZER A REFORMA POLÍTICA  SIM . É  INADMISSÍVEL  TERMOS MSIS DE TRINTA PARTIDOS. É TODOS ELES FICAM DE OLHO NAS VERBAS PARTIDÁRIAS.  POR  ESTÁ  RAZAO  É  BOM SER PRESIDENTE  DE PARTIDO. TENENTE RENZETTI DE MESQUITA,RJ', 'textOriginal': 'TEM QUE FAZER A REFORMA POLÍTICA  SIM . É  INADMISSÍVEL  TERMOS MSIS DE TRINTA PARTIDOS. É TODOS ELES FICAM DE OLHO NAS VERBAS PARTIDÁRIAS.  POR  ESTÁ  RAZAO  É  BOM SER PRESIDENTE  DE PARTIDO. TENENTE RENZETTI DE MESQUITA,RJ', 'authorDisplayName': 'Ronaldo Renzetti', 'authorProfileImageUrl': 'https://yt3.ggpht.com/ytc/AGIKgqPf2TktpeFyu6Kq1roBlKou9J9XD8DgJL_5TH-6fMRbv8AfC3LQcwiP6VoReq0B=s48-c-k-c0x00ffffff-no-rj', 'authorChannelUrl': 'http://www.youtube.com/channel/UCAzuXPg_Ne3NlWrOEazISjg', 'authorChannelId': {'value': 'UCAzuXPg_Ne3NlWrOEazISjg'}, 'canRate': True, 'viewerRating': 'none', 'likeCount': 1, 'publishedAt': '2022-10-26T12:57:46Z', 'updatedAt': '2022-10-26T12:57:46Z'}}, 'canReply': True, 'totalReplyCount': 0, 'isPublic': True}",,UCAzuXPg_Ne3NlWrOEazISjg,2022-10-26T12:57:46Z,"TEM QUE FAZER A REFORMA POLÍTICA  SIM . É  INADMISSÍVEL  TERMOS MSIS DE TRINTA PARTIDOS. É TODOS ELES FICAM DE OLHO NAS VERBAS PARTIDÁRIAS.  POR  ESTÁ  RAZAO  É  BOM SER PRESIDENTE  DE PARTIDO. TENENTE RENZETTI DE MESQUITA,RJ",QURTSl9pMWNweVlCU0p0aS14MHpRMlZWcXVxZ3BmQWVpVXhzYk1Oa1dPNUtkOFBQUlFjQTN2c2pfWnFGNGpCOHBVTGFIU3pmTmY0YXE2SQ==,2023-06-08 14:38:04.699821
youtube#commentThread,bpNFOmrZvGqVavM3DmpSqsEXTWw,UgyFAFUpSF9kb1JNNWJ4AaABAg,"{'videoId': '9kY2eid3l6A', 'topLevelComment': {'kind': 'youtube#comment', 'etag': 'IAMZKoYhsIqd_bqczWzmssbx41I', 'id': 'UgyFAFUpSF9kb1JNNWJ4AaABAg', 'snippet': {'videoId': '9kY2eid3l6A', 'textDisplay': 'MAIS UM GOVERNADOR  APOIANDO O PRESIDENTE. MAURO MENDES SABE O QUE QUER. ISTO É  PARA SIMONE TEBET ABRIR O OLHO. A EQUIPE DO BOLSONARO JÁ  ESTÁ  FORMADA . O LULA DÁ  DESCULPAS PORQUÊ  ELE DEVE FAVOR AOS DEZ PARTIDOS QUE  O AJUDAM. ENTÃO  VAI PREVALECER O TOMA LÁ  DÁ  CÁ. O GOVERNADOR , AMANDA É  UM ENGENHEIRO  ELETRICISTA.  OLHA A PERGUNTINHA  DA AMANDA. O AGRONEGÓCIO  ESTÁ  SENDO PRESTIGIADO PELO GOVERNO  BOLSONARO. VEJA A RESPOSTA EDUCADA QUE ELE DEU PARA AMANDA. GOSTEI DO GOVERNADOR, ELE NÃO  É  RADICAL. HOJE  OS SEM TERRAS NAO ESTÃO  INVADINDO TERRAS. BOLSONARO  ESTÁ  DANDO TITULOS DE POSSE DE TERRAS PARA ELES. TENENTE RENZETTI DE MESQUITA  ,RJ', 'textOriginal': 'MAIS UM GOVERNADOR  APOIANDO O PRESIDENTE. MAURO MENDES SABE O QUE QUER. ISTO É  PARA SIMONE TEBET ABRIR O OLHO. A EQUIPE DO BOLSONARO JÁ  ESTÁ  FORMADA . O LULA DÁ  DESCULPAS PORQUÊ  ELE DEVE FAVOR AOS DEZ PARTIDOS QUE  O AJUDAM. ENTÃO  VAI PREVALECER O TOMA LÁ  DÁ  CÁ. O GOVERNADOR , AMANDA É  UM ENGENHEIRO  ELETRICISTA.  OLHA A PERGUNTINHA  DA AMANDA. O AGRONEGÓCIO  ESTÁ  SENDO PRESTIGIADO PELO GOVERNO  BOLSONARO. VEJA A RESPOSTA EDUCADA QUE ELE DEU PARA AMANDA. GOSTEI DO GOVERNADOR, ELE NÃO  É  RADICAL. HOJE  OS SEM TERRAS NAO ESTÃO  INVADINDO TERRAS. BOLSONARO  ESTÁ  DANDO TITULOS DE POSSE DE TERRAS PARA ELES. TENENTE RENZETTI DE MESQUITA  ,RJ', 'authorDisplayName': 'Ronaldo Renzetti', 'authorProfileImageUrl': 'https://yt3.ggpht.com/ytc/AGIKgqPf2TktpeFyu6Kq1roBlKou9J9XD8DgJL_5TH-6fMRbv8AfC3LQcwiP6VoReq0B=s48-c-k-c0x00ffffff-no-rj', 'authorChannelUrl': 'http://www.youtube.com/channel/UCAzuXPg_Ne3NlWrOEazISjg', 'authorChannelId': {'value': 'UCAzuXPg_Ne3NlWrOEazISjg'}, 'canRate': True, 'viewerRating': 'none', 'likeCount': 0, 'publishedAt': '2022-10-26T12:53:10Z', 'updatedAt': '2022-10-26T12:53:10Z'}}, 'canReply': True, 'totalReplyCount': 0, 'isPublic': True}",,UCAzuXPg_Ne3NlWrOEazISjg,2022-10-26T12:53:10Z,"MAIS UM GOVERNADOR  APOIANDO O PRESIDENTE. MAURO MENDES SABE O QUE QUER. ISTO É  PARA SIMONE TEBET ABRIR O OLHO. A EQUIPE DO BOLSONARO JÁ  ESTÁ  FORMADA . O LULA DÁ  DESCULPAS PORQUÊ  ELE DEVE FAVOR AOS DEZ PARTIDOS QUE  O AJUDAM. ENTÃO  VAI PREVALECER O TOMA LÁ  DÁ  CÁ. O GOVERNADOR , AMANDA É  UM ENGENHEIRO  ELETRICISTA.  OLHA A PERGUNTINHA  DA AMANDA. O AGRONEGÓCIO  ESTÁ  SENDO PRESTIGIADO PELO GOVERNO  BOLSONARO. VEJA A RESPOSTA EDUCADA QUE ELE DEU PARA AMANDA. GOSTEI DO GOVERNADOR, ELE NÃO  É  RADICAL. HOJE  OS SEM TERRAS NAO ESTÃO  INVADINDO TERRAS. BOLSONARO  ESTÁ  DANDO TITULOS DE POSSE DE TERRAS PARA ELES. TENENTE RENZETTI DE MESQUITA  ,RJ",QURTSl9pMWNweVlCU0p0aS14MHpRMlZWcXVxZ3BmQWVpVXhzYk1Oa1dPNUtkOFBQUlFjQTN2c2pfWnFGNGpCOHBVTGFIU3pmTmY0YXE2SQ==,2023-06-08 14:38:04.699821
youtube#commentThread,SNR0Xw2xK6vBn8FbWGVCnueka_4,UgzqcbMjKxBTBLy7fGV4AaABAg,"{'videoId': 'OhRGQ4_zbUc', 'topLevelComment': {'kind': 'youtube#comment', 'etag': 'OFE1m8uDB8fWs-Y_pQDX642zB0c', 'id': 'UgzqcbMjKxBTBLy7fGV4AaABAg', 'snippet': {'videoId': 'OhRGQ4_zbUc', 'textDisplay': 'OLHA EU ESTAVA ILUDIDO COM A POLITICAGEM, MAS VENDO A ENTREVISTA  COM SERGIO MORO , ESTOU MUDANDO DE PENSAMENTO.  A AMANDA CONTINUA A FAZER PERGUNTINHAS QUE O MORO RESPONDE COM A MAIOR NATURALIDADE. ELE VAI DEFENDER OS PROJETOS  IMPORTANTES  PARA O POVO  BRASILEIRO. EM NENHUM MOMENTO DA ENTREVISTA ELE FALOU  MAL DO LULA, SÓ  FALOU DA CORRUPÇÃO  DO GOVERNO  DELE. ENQUANTO QUE O LULA O CHAMOU DE PILANTRA.ELE FOI DESRESPEITOSO COM UM E-X JUIZ. ESSE É  O LULA QUE  NÓS  CONHECEMOS.', 'textOriginal': 'OLHA EU ESTAVA ILUDIDO COM A POLITICAGEM, MAS VENDO A ENTREVISTA  COM SERGIO MORO , ESTOU MUDANDO DE PENSAMENTO.  A AMANDA CONTINUA A FAZER PERGUNTINHAS QUE O MORO RESPONDE COM A MAIOR NATURALIDADE. ELE VAI DEFENDER OS PROJETOS  IMPORTANTES  PARA O POVO  BRASILEIRO. EM NENHUM MOMENTO DA ENTREVISTA ELE FALOU  MAL DO LULA, SÓ  FALOU DA CORRUPÇÃO  DO GOVERNO  DELE. ENQUANTO QUE O LULA O CHAMOU DE PILANTRA.ELE FOI DESRESPEITOSO COM UM E-X JUIZ. ESSE É  O LULA QUE  NÓS  CONHECEMOS.', 'authorDisplayName': 'Ronaldo Renzetti', 'authorProfileImageUrl': 'https://yt3.ggpht.com/ytc/AGIKgqPf2TktpeFyu6Kq1roBlKou9J9XD8DgJL_5TH-6fMRbv8AfC3LQcwiP6VoReq0B=s48-c-k-c0x00ffffff-no-rj', 'authorChannelUrl': 'http://www.youtube.com/channel/UCAzuXPg_Ne3NlWrOEazISjg', 'authorChannelId': {'value': 'UCAzuXPg_Ne3NlWrOEazISjg'}, 'canRate': True, 'viewerRating': 'none', 'likeCount': 1, 'publishedAt': '2022-10-26T12:40:05Z', 'updatedAt': '2022-10-26T12:40:05Z'}}, 'canReply': True, 'totalReplyCount': 0, 'isPublic': True}",,UCAzuXPg_Ne3NlWrOEazISjg,2022-10-26T12:40:05Z,"OLHA EU ESTAVA ILUDIDO COM A POLITICAGEM, MAS VENDO A ENTREVISTA  COM SERGIO MORO , ESTOU MUDANDO DE PENSAMENTO.  A AMANDA CONTINUA A FAZER PERGUNTINHAS QUE O MORO RESPONDE COM A MAIOR NATURALIDADE. ELE VAI DEFENDER OS PROJETOS  IMPORTANTES  PARA O POVO  BRASILEIRO. EM NENHUM MOMENTO DA ENTREVISTA ELE FALOU  MAL DO LULA, SÓ  FALOU DA CORRUPÇÃO  DO GOVERNO  DELE. ENQUANTO QUE O LULA O CHAMOU DE PILANTRA.ELE FOI DESRESPEITOSO COM UM E-X JUIZ. ESSE É  O LULA QUE  NÓS  CONHECEMOS.",QURTSl9pMlZGZGxnVXdrdlg1RmxCUzNHZndYX2xDRlE5OGttektfQk1JblJHZHA2WFJtQWVEZE1CSUpLajFGaE1fNjJTamlSR2VYQ0lOTQ==,2023-06-08 14:39:09.966798
youtube#commentThread,JugdhtBbvZjNu1TXa_Jac3xsa0c,UgyyUbs3b6q9OzVO40B4AaABAg,"{'videoId': 'OhRGQ4_zbUc', 'topLevelComment': {'kind': 'youtube#comment', 'etag': 'Bex6VDvYEhCuo5vny_tvdIl_bZo', 'id': 'UgyyUbs3b6q9OzVO40B4AaABAg', 'snippet': {'videoId': 'OhRGQ4_zbUc', 'textDisplay': 'QUE RESPOSTA  DADO A PETISTA  AMANDA KLEIN.  ELE NÃO  NEGA QUE TEM DIVERGÊNCIAS  COM O BOLSONARO. GPSTEI . ELE DISSE QUE VAI SER UM SENADOR  INDEPENDENTE. TENENTE RENZETTI DE MESQUITA RJ', 'textOriginal': 'QUE RESPOSTA  DADO A PETISTA  AMANDA KLEIN.  ELE NÃO  NEGA QUE TEM DIVERGÊNCIAS  COM O BOLSONARO. GPSTEI . ELE DISSE QUE VAI SER UM SENADOR  INDEPENDENTE. TENENTE RENZETTI DE MESQUITA RJ', 'authorDisplayName': 'Ronaldo Renzetti', 'authorProfileImageUrl': 'https://yt3.ggpht.com/ytc/AGIKgqPf2TktpeFyu6Kq1roBlKou9J9XD8DgJL_5TH-6fMRbv8AfC3LQcwiP6VoReq0B=s48-c-k-c0x00ffffff-no-rj', 'authorChannelUrl': 'http://www.youtube.com/channel/UCAzuXPg_Ne3NlWrOEazISjg', 'authorChannelId': {'value': 'UCAzuXPg_Ne3NlWrOEazISjg'}, 'canRate': True, 'viewerRating': 'none', 'likeCount': 0, 'publishedAt': '2022-10-26T12:26:11Z', 'updatedAt': '2022-10-26T12:26:11Z'}}, 'canReply': True, 'totalReplyCount': 0, 'isPublic': True}",,UCAzuXPg_Ne3NlWrOEazISjg,2022-10-26T12:26:11Z,QUE RESPOSTA  DADO A PETISTA  AMANDA KLEIN.  ELE NÃO  NEGA QUE TEM DIVERGÊNCIAS  COM O BOLSONARO. GPSTEI . ELE DISSE QUE VAI SER UM SENADOR  INDEPENDENTE. TENENTE RENZETTI DE MESQUITA RJ,QURTSl9pM0xMeklGWHFiRDJnM0s4QXcwZzRXTHoyVUQ2SnV6Q2t2Wi1kdEY3UXFRQ1BCQkJZalBSaEp3a3EyblZxS0llT3EtUjZ6NndRWQ==,2023-06-08 14:39:13.375541
youtube#commentThread,7nC0UkEx2qVcaYAyHBedhxWgFWA,Ugw_158_QJFMvXdmrw54AaABAg,"{'videoId': 'OhRGQ4_zbUc', 'topLevelComment': {'kind': 'youtube#comment', 'etag': 'm9izjWmEgVo5Dj69Q4detEPidyM', 'id': 'Ugw_158_QJFMvXdmrw54AaABAg', 'snippet': {'videoId': 'OhRGQ4_zbUc', 'textDisplay': 'O LULA DEVE ESTAR MORRENDO  DE MEDO.  JÁ  PENSOU SERGIO MORO, SENADOR  E O DANTON DELAGNOL, DEPUTADO  FEDERAL.  A LAVA JATO  VAI SER  RESTABELECIDA.  TENENTE RENZETTI DE MESQUITA RJ.', 'textOriginal': 'O LULA DEVE ESTAR MORRENDO  DE MEDO.  JÁ  PENSOU SERGIO MORO, SENADOR  E O DANTON DELAGNOL, DEPUTADO  FEDERAL.  A LAVA JATO  VAI SER  RESTABELECIDA.  TENENTE RENZETTI DE MESQUITA RJ.', 'authorDisplayName': 'Ronaldo Renzetti', 'authorProfileImageUrl': 'https://yt3.ggpht.com/ytc/AGIKgqPf2TktpeFyu6Kq1roBlKou9J9XD8DgJL_5TH-6fMRbv8AfC3LQcwiP6VoReq0B=s48-c-k-c0x00ffffff-no-rj', 'authorChannelUrl': 'http://www.youtube.com/channel/UCAzuXPg_Ne3NlWrOEazISjg', 'authorChannelId': {'value': 'UCAzuXPg_Ne3NlWrOEazISjg'}, 'canRate': True, 'viewerRating': 'none', 'likeCount': 0, 'publishedAt': '2022-10-26T12:20:46Z', 'updatedAt': '2022-10-26T12:20:46Z'}}, 'canReply': True, 'totalReplyCount': 0, 'isPublic': True}",,UCAzuXPg_Ne3NlWrOEazISjg,2022-10-26T12:20:46Z,"O LULA DEVE ESTAR MORRENDO  DE MEDO.  JÁ  PENSOU SERGIO MORO, SENADOR  E O DANTON DELAGNOL, DEPUTADO  FEDERAL.  A LAVA JATO  VAI SER  RESTABELECIDA.  TENENTE RENZETTI DE MESQUITA RJ.",QURTSl9pMUlicFROR0p3OVU0cFZVR3A5b3JkN2phN05zdVQ2V0JYdkt5UnB4cFFfOTllY0tCOGU4SmV4S3ZHRjVOWUhrLWlWY1NEOFIyQQ==,2023-06-08 14:39:14.204558
youtube#commentThread,adnmWdioYpvwu3YyJ2xFUwCABiQ,UgzCzj_KJW4qXDtQnpR4AaABAg,"{'videoId': 'NIecvCCylqs', 'topLevelComment': {'kind': 'youtube#comment', 'etag': 'K-Zry8edP0fjv1t7xfhUQUEQUV4', 'id': 'UgzCzj_KJW4qXDtQnpR4AaABAg', 'snippet': {'videoId': 'NIecvCCylqs', 'textDisplay': 'NÃO  DÁ  PARA  ENTENDER  A POSIÇÃO  DO PSDB. UM PARTIDO  QUE SEMPRE  FOI CONTRA  O PT.HOJE O FERNANDO HENRIQUE CARDOSO   APOIA  O LULA, QUEM  DIRIA.  O GOVERNADOR  DE SÃO  PSULO APOIA O BOLSONARO. QUEM DIRIA O ALCKMIN  COMO VICE-PRESIDENTE  DO LULA<br> ESTÁ  CONFUNDINDO  A CABEÇA  DO ELEITOR.  TENENTE RENZETTI DE MESQUITA, RJ', 'textOriginal': 'NÃO  DÁ  PARA  ENTENDER  A POSIÇÃO  DO PSDB. UM PARTIDO  QUE SEMPRE  FOI CONTRA  O PT.HOJE O FERNANDO HENRIQUE CARDOSO   APOIA  O LULA, QUEM  DIRIA.  O GOVERNADOR  DE SÃO  PSULO APOIA O BOLSONARO. QUEM DIRIA O ALCKMIN  COMO VICE-PRESIDENTE  DO LULA\\\\n ESTÁ  CONFUNDINDO  A CABEÇA  DO ELEITOR.  TENENTE RENZETTI DE MESQUITA, RJ', 'authorDisplayName': 'Ronaldo Renzetti', 'authorProfileImageUrl': 'https://yt3.ggpht.com/ytc/AGIKgqPf2TktpeFyu6Kq1roBlKou9J9XD8DgJL_5TH-6fMRbv8AfC3LQcwiP6VoReq0B=s48-c-k-c0x00ffffff-no-rj', 'authorChannelUrl': 'http://www.youtube.com/channel/UCAzuXPg_Ne3NlWrOEazISjg', 'authorChannelId': {'value': 'UCAzuXPg_Ne3NlWrOEazISjg'}, 'canRate': True, 'viewerRating': 'none', 'likeCount': 0, 'publishedAt': '2022-10-25T21:13:22Z', 'updatedAt': '2022-10-25T21:13:22Z'}}, 'canReply': True, 'totalReplyCount': 0, 'isPublic': True}",,UCAzuXPg_Ne3NlWrOEazISjg,2022-10-25T21:13:22Z,"NÃO  DÁ  PARA  ENTENDER  A POSIÇÃO  DO PSDB. UM PARTIDO  QUE SEMPRE  FOI CONTRA  O PT.HOJE O FERNANDO HENRIQUE CARDOSO   APOIA  O LULA, QUEM  DIRIA.  O GOVERNADOR  DE SÃO  PSULO APOIA O BOLSONARO. QUEM DIRIA O ALCKMIN  COMO VICE-PRESIDENTE  DO LULA
 ESTÁ  CONFUNDINDO  A CABEÇA  DO ELEITOR.  TENENTE RENZETTI DE MESQUITA, RJ",QURTSl9pMEhyLU1OWF9sS09WSjZ1cm1rMFN5ZzZrSnVnNzd4Vk9IQmRVY2g4Yl9YOC1ra1k0aUItQ19KQmdib1ViUjNzTE9PS2pDRGFoWQ==,2023-06-08 14:41:03.673422
youtube#commentThread,kZ3Fd2zkf1eDAvaveMS-ZxvEHBs,Ugyz4plMyGrYFn_2-St4AaABAg,"{'videoId': '55aqAWl8xto', 'topLevelComment': {'kind': 'youtube#comment', 'etag': 'Wm5bXd2PmQrjY7X-At_vRdv6riI', 'id': 'Ugyz4plMyGrYFn_2-St4AaABAg', 'snippet': {'videoId': '55aqAWl8xto', 'textDisplay': 'CAMILA  ISTO  QUE  VOCÊ  ESTÁ  FALANDO  DEIXÁ  OS PESSIMISTAS PETISTAS SEM GRAÇA.  RLES NÃO  TÊM  .MAIS NADA QUE  COME TAR. A ECONOMIA  ESTÁ BOMBANDO.  TENENTE RENZETTI DE MESQUITA   , RJ', 'textOriginal': 'CAMILA  ISTO  QUE  VOCÊ  ESTÁ  FALANDO  DEIXÁ  OS PESSIMISTAS PETISTAS SEM GRAÇA.  RLES NÃO  TÊM  .MAIS NADA QUE  COME TAR. A ECONOMIA  ESTÁ BOMBANDO.  TENENTE RENZETTI DE MESQUITA   , RJ', 'authorDisplayName': 'Ronaldo Renzetti', 'authorProfileImageUrl': 'https://yt3.ggpht.com/ytc/AGIKgqPf2TktpeFyu6Kq1roBlKou9J9XD8DgJL_5TH-6fMRbv8AfC3LQcwiP6VoReq0B=s48-c-k-c0x00ffffff-no-rj', 'authorChannelUrl': 'http://www.youtube.com/channel/UCAzuXPg_Ne3NlWrOEazISjg', 'authorChannelId': {'value': 'UCAzuXPg_Ne3NlWrOEazISjg'}, 'canRate': True, 'viewerRating': 'none', 'likeCount': 3, 'publishedAt': '2022-10-25T20:21:47Z', 'updatedAt': '2022-10-25T20:21:47Z'}}, 'canReply': True, 'totalReplyCount': 0, 'isPublic': True}",,UCAzuXPg_Ne3NlWrOEazISjg,2022-10-25T20:21:47Z,"CAMILA  ISTO  QUE  VOCÊ  ESTÁ  FALANDO  DEIXÁ  OS PESSIMISTAS PETISTAS SEM GRAÇA.  RLES NÃO  TÊM  .MAIS NADA QUE  COME TAR. A ECONOMIA  ESTÁ BOMBANDO.  TENENTE RENZETTI DE MESQUITA   , RJ",,2023-06-08 14:41:09.619999
youtube#commentThread,WmmkuYEwPLg7nacV9caurH9zxjk,UgzefT_oKFyf1xpAF1V4AaABAg,"{'videoId': 'nGwStMJW2q8', 'topLevelComment': {'kind': 'youtube#comment', 'etag': 'TE4mdGWE-LfZSbqqDFl-udigv6w', 'id': 'UgzefT_oKFyf1xpAF1V4AaABAg', 'snippet': {'videoId': 'nGwStMJW2q8', 'textDisplay': 'O PT DEVE ESTÁ  COM A   SÍNDROME  DO ESQUECIMENTO. QUEM FOI JOSÉ  DIRCEU.  ELE FOI O MAIOR CORRUPTO  DO GOVERNO LULA. O ROBERTO JEFFERSON GANHOU MUITOS INIMIGOS  PORQUE    DENUNCIOU  O ESQUEMA DO MENSALÃO.  DEPOIS  ELE SE CORROMPEU  E GANHOU  UM  CALA BOCA DE QUSTRO MILHÕES  DE REAIS. AÍ  VEIO S TONA O PETROLAO  É OUTRAS  COISAS MAIS.   TENENTE RENZETTI DE MESQUITA RJ.', 'textOriginal': 'O PT DEVE ESTÁ  COM A   SÍNDROME  DO ESQUECIMENTO. QUEM FOI JOSÉ  DIRCEU.  ELE FOI O MAIOR CORRUPTO  DO GOVERNO LULA. O ROBERTO JEFFERSON GANHOU MUITOS INIMIGOS  PORQUE    DENUNCIOU  O ESQUEMA DO MENSALÃO.  DEPOIS  ELE SE CORROMPEU  E GANHOU  UM  CALA BOCA DE QUSTRO MILHÕES  DE REAIS. AÍ  VEIO S TONA O PETROLAO  É OUTRAS  COISAS MAIS.   TENENTE RENZETTI DE MESQUITA RJ.', 'authorDisplayName': 'Ronaldo Renzetti', 'authorProfileImageUrl': 'https://yt3.ggpht.com/ytc/AGIKgqPf2TktpeFyu6Kq1roBlKou9J9XD8DgJL_5TH-6fMRbv8AfC3LQcwiP6VoReq0B=s48-c-k-c0x00ffffff-no-rj', 'authorChannelUrl': 'http://www.youtube.com/channel/UCAzuXPg_Ne3NlWrOEazISjg', 'authorChannelId': {'value': 'UCAzuXPg_Ne3NlWrOEazISjg'}, 'canRate': True, 'viewerRating': 'none', 'likeCount': 0, 'publishedAt': '2022-10-25T19:50:32Z', 'updatedAt': '2022-10-25T19:50:32Z'}}, 'canReply': True, 'totalReplyCount': 0, 'isPublic': True}",,UCAzuXPg_Ne3NlWrOEazISjg,2022-10-25T19:50:32Z,O PT DEVE ESTÁ  COM A   SÍNDROME  DO ESQUECIMENTO. QUEM FOI JOSÉ  DIRCEU.  ELE FOI O MAIOR CORRUPTO  DO GOVERNO LULA. O ROBERTO JEFFERSON GANHOU MUITOS INIMIGOS  PORQUE    DENUNCIOU  O ESQUEMA DO MENSALÃO.  DEPOIS  ELE SE CORROMPEU  E GANHOU  UM  CALA BOCA DE QUSTRO MILHÕES  DE REAIS. AÍ  VEIO S TONA O PETROLAO  É OUTRAS  COISAS MAIS.   TENENTE RENZETTI DE MESQUITA RJ.,QURTSl9pMTBhVDRuTHFWRkZLMVFwSUJ3c3VXc0Rwc3VCa0h1TkM1TmxET194bTZPSl9uWEZ2aU1OemtWNllOY3p4X3RncE9ZR3lEY0FGdw==,2023-06-08 14:41:30.531516
youtube#commentThread,P47IwMm5bYsa7WHcocmgrdXKc2s,UgwCOZIDa5zyRBKDf_54AaABAg,"{'videoId': 's4v7Cpbz6Rc', 'topLevelComment': {'kind': 'youtube#comment', 'etag': '9-jzF60YdLyAcaxYVH6EjCdpJX0', 'id': 'UgwCOZIDa5zyRBKDf_54AaABAg', 'snippet': {'videoId': 's4v7Cpbz6Rc', 'textDisplay': 'DEPUTADO  RICARDO BARROS TENHO CERTEZA QUE O BOLSONARO LUTOU CONTRA  TUDO. NÃO  PRECISO  COMENTAR   AS ATITUDES DOS  ALGOZES DO PRESIDENTE.  SÓ  ESPERO QUE OS CONGRESSISTAS ELEITOS  , NÃO  SE VENDAM  PARA O LULADRAO.  JÁ  ESTOU VENDO A CARA DA AMANDA KLEIN ,  PARECE UMA COBRA ESPERANDO , PARA DAR O BOTE. ACHO QUE ELA DEVERÁ  TER UM EMPREGUINHO NO GOVERNO FEDERAL. NÃO  SEI SE LEONARDO  TAMBÉM  SERÁ  AGRACIADO COM UMA COLOCAÇÃO  NO GOVERNO, PORQUÊ  ELE FOI CONTRA A CENSURA, IMPOSTA  À  JOVEM PAN PELO XANDAO.  O STF É O STE FORAM PARCIAIS , MAS ELES QUE AGUARDEM OS ACONTECIMENTOS. TENENTE RENZETTI DE MESQUITA , RJ.', 'textOriginal': 'DEPUTADO  RICARDO BARROS TENHO CERTEZA QUE O BOLSONARO LUTOU CONTRA  TUDO. NÃO  PRECISO  COMENTAR   AS ATITUDES DOS  ALGOZES DO PRESIDENTE.  SÓ  ESPERO QUE OS CONGRESSISTAS ELEITOS  , NÃO  SE VENDAM  PARA O LULADRAO.  JÁ  ESTOU VENDO A CARA DA AMANDA KLEIN ,  PARECE UMA COBRA ESPERANDO , PARA DAR O BOTE. ACHO QUE ELA DEVERÁ  TER UM EMPREGUINHO NO GOVERNO FEDERAL. NÃO  SEI SE LEONARDO  TAMBÉM  SERÁ  AGRACIADO COM UMA COLOCAÇÃO  NO GOVERNO, PORQUÊ  ELE FOI CONTRA A CENSURA, IMPOSTA  À  JOVEM PAN PELO XANDAO.  O STF É O STE FORAM PARCIAIS , MAS ELES QUE AGUARDEM OS ACONTECIMENTOS. TENENTE RENZETTI DE MESQUITA , RJ.', 'authorDisplayName': 'Ronaldo Renzetti', 'authorProfileImageUrl': 'https://yt3.ggpht.com/ytc/AGIKgqPf2TktpeFyu6Kq1roBlKou9J9XD8DgJL_5TH-6fMRbv8AfC3LQcwiP6VoReq0B=s48-c-k-c0x00ffffff-no-rj', 'authorChannelUrl': 'http://www.youtube.com/channel/UCAzuXPg_Ne3NlWrOEazISjg', 'authorChannelId': {'value': 'UCAzuXPg_Ne3NlWrOEazISjg'}, 'canRate': True, 'viewerRating': 'none', 'likeCount': 0, 'publishedAt': '2022-10-31T13:01:22Z', 'updatedAt': '2022-10-31T13:01:22Z'}}, 'canReply': True, 'totalReplyCount': 0, 'isPublic': True}",,UCAzuXPg_Ne3NlWrOEazISjg,2022-10-31T13:01:22Z,"DEPUTADO  RICARDO BARROS TENHO CERTEZA QUE O BOLSONARO LUTOU CONTRA  TUDO. NÃO  PRECISO  COMENTAR   AS ATITUDES DOS  ALGOZES DO PRESIDENTE.  SÓ  ESPERO QUE OS CONGRESSISTAS ELEITOS  , NÃO  SE VENDAM  PARA O LULADRAO.  JÁ  ESTOU VENDO A CARA DA AMANDA KLEIN ,  PARECE UMA COBRA ESPERANDO , PARA DAR O BOTE. ACHO QUE ELA DEVERÁ  TER UM EMPREGUINHO NO GOVERNO FEDERAL. NÃO  SEI SE LEONARDO  TAMBÉM  SERÁ  AGRACIADO COM UMA COLOCAÇÃO  NO GOVERNO, PORQUÊ  ELE FOI CONTRA A CENSURA, IMPOSTA  À  JOVEM PAN PELO XANDAO.  O STF É O STE FORAM PARCIAIS , MAS ELES QUE AGUARDEM OS ACONTECIMENTOS. TENENTE RENZETTI DE MESQUITA , RJ.",QURTSl9pMW1hdG9ZalpYOE9GZHo3U2pYS3doRXFYUk1TUmprYTUtX3ltcC1BLVc4R2xzcFFQRE9RbVctazRzc2RvT0l0Rl9adzE3R1huYw==,2023-06-08 14:03:18.408927
youtube#commentThread,-thX0TVNEuTevyHPHZPOOB74syI,UgyRE11Z4qiSvDgapeh4AaABAg,"{'videoId': 'YGihPaI_gmE', 'topLevelComment': {'kind': 'youtube#comment', 'etag': 'lc3ceoO4JlRbrBPdGieUjtgftH0', 'id': 'UgyRE11Z4qiSvDgapeh4AaABAg', 'snippet': {'videoId': 'YGihPaI_gmE', 'textDisplay': 'O DEPUTADO  JOÃO  ROMA VAI FAZER A DIFERENÇA  NA BAHIA.  ELE ELEGEU A ESPOSA DELE A DEPUTADA FEDERAL.  FOI A MAIS VOTADA. O ACM NETO ESTÁ   NEUTRO.  A AMANDA COM A PERGUNTINHA  DELA , DIZENDO QUE O LULA TEVE MAIS VOTAÇÃO  NA BAHIA, NA ELEIÇÃO.  O SEGUNDO TURNO , AMANDS, É  OUTRA ELEIÇÃO.   TENENTE RENZETTI DE MESQUITA,RJ', 'textOriginal': 'O DEPUTADO  JOÃO  ROMA VAI FAZER A DIFERENÇA  NA BAHIA.  ELE ELEGEU A ESPOSA DELE A DEPUTADA FEDERAL.  FOI A MAIS VOTADA. O ACM NETO ESTÁ   NEUTRO.  A AMANDA COM A PERGUNTINHA  DELA , DIZENDO QUE O LULA TEVE MAIS VOTAÇÃO  NA BAHIA, NA ELEIÇÃO.  O SEGUNDO TURNO , AMANDS, É  OUTRA ELEIÇÃO.   TENENTE RENZETTI DE MESQUITA,RJ', 'authorDisplayName': 'Ronaldo Renzetti', 'authorProfileImageUrl': 'https://yt3.ggpht.com/ytc/AGIKgqPf2TktpeFyu6Kq1roBlKou9J9XD8DgJL_5TH-6fMRbv8AfC3LQcwiP6VoReq0B=s48-c-k-c0x00ffffff-no-rj', 'authorChannelUrl': 'http://www.youtube.com/channel/UCAzuXPg_Ne3NlWrOEazISjg', 'authorChannelId': {'value': 'UCAzuXPg_Ne3NlWrOEazISjg'}, 'canRate': True, 'viewerRating': 'none', 'likeCount': 0, 'publishedAt': '2022-10-25T14:35:43Z', 'updatedAt': '2022-10-25T14:35:43Z'}}, 'canReply': True, 'totalReplyCount': 1, 'isPublic': True}","{'comments': [{'kind': 'youtube#comment', 'etag': 'l5UABctymNZ5vdztpLLSLd-C_cw', 'id': 'UgyRE11Z4qiSvDgapeh4AaABAg.9hbUN1cb2BH9hbUfa6p_Mb', 'snippet': {'videoId': 'YGihPaI_gmE', 'textDisplay': 'Lula perdeu só em 2 cidades do estado da balhia toda  Poo não discuta !', 'textOriginal': 'Lula perdeu só em 2 cidades do estado da balhia toda  Poo não discuta !', 'parentId': 'UgyRE11Z4qiSvDgapeh4AaABAg', 'authorDisplayName': 'Carlos Tomazin', 'authorProfileImageUrl': 'https://yt3.ggpht.com/ytc/AGIKgqOT4xeXUzZie3zjg6LJ-liXIC19BkxqPPrufLyj=s48-c-k-c0x00ffffff-no-rj', 'authorChannelUrl': 'http://www.youtube.com/channel/UCw_tWxPxBEFvOEclJIKCt_A', 'authorChannelId': {'value': 'UCw_tWxPxBEFvOEclJIKCt_A'}, 'canRate': True, 'viewerRating': 'none', 'likeCount': 0, 'publishedAt': '2022-10-25T14:38:23Z', 'updatedAt': '2022-10-25T14:38:23Z'}}]}",UCAzuXPg_Ne3NlWrOEazISjg,2022-10-25T14:35:43Z,"O DEPUTADO  JOÃO  ROMA VAI FAZER A DIFERENÇA  NA BAHIA.  ELE ELEGEU A ESPOSA DELE A DEPUTADA FEDERAL.  FOI A MAIS VOTADA. O ACM NETO ESTÁ   NEUTRO.  A AMANDA COM A PERGUNTINHA  DELA , DIZENDO QUE O LULA TEVE MAIS VOTAÇÃO  NA BAHIA, NA ELEIÇÃO.  O SEGUNDO TURNO , AMANDS, É  OUTRA ELEIÇÃO.   TENENTE RENZETTI DE MESQUITA,RJ",QURTSl9pMzRERzh5Nk5wYWQ5Q2ZDQlZHUmJwZGZRcHJvZVNXVGFZMVg3NGNxYTU3LVExdzY2RmV2R0xOUmhsOVpNN0J3UTktalFkaWUwdw==,2023-06-08 14:42:44.907384
youtube#commentThread,70b85w6KiD9ZJKJf2D2Svhwt7yg,Ugy70xoM9KOm6kDERX14AaABAg,"{'videoId': 'bwqD1XWeNgQ', 'topLevelComment': {'kind': 'youtube#comment', 'etag': 'zsaTdfucUXnhE3we5A6kx1O_1kc', 'id': 'Ugy70xoM9KOm6kDERX14AaABAg', 'snippet': {'videoId': 'bwqD1XWeNgQ', 'textDisplay': 'AMANDA DO JEITO QUE VOCÊ  FALA. VOCÊ  NÃO  ASSISTIU  A ENTREVISTA QUE O BOLSONARO  DEU A RECOR TV. O PRESIDENTE  REPUDIOU A ATITUDE  DO ROBERTO  JEFFERSON GANHOU MUITOS INIMIGOS', 'textOriginal': 'AMANDA DO JEITO QUE VOCÊ  FALA. VOCÊ  NÃO  ASSISTIU  A ENTREVISTA QUE O BOLSONARO  DEU A RECOR TV. O PRESIDENTE  REPUDIOU A ATITUDE  DO ROBERTO  JEFFERSON GANHOU MUITOS INIMIGOS', 'authorDisplayName': 'Ronaldo Renzetti', 'authorProfileImageUrl': 'https://yt3.ggpht.com/ytc/AGIKgqPf2TktpeFyu6Kq1roBlKou9J9XD8DgJL_5TH-6fMRbv8AfC3LQcwiP6VoReq0B=s48-c-k-c0x00ffffff-no-rj', 'authorChannelUrl': 'http://www.youtube.com/channel/UCAzuXPg_Ne3NlWrOEazISjg', 'authorChannelId': {'value': 'UCAzuXPg_Ne3NlWrOEazISjg'}, 'canRate': True, 'viewerRating': 'none', 'likeCount': 0, 'publishedAt': '2022-10-25T13:52:47Z', 'updatedAt': '2022-10-25T13:52:47Z'}}, 'canReply': True, 'totalReplyCount': 0, 'isPublic': True}",,UCAzuXPg_Ne3NlWrOEazISjg,2022-10-25T13:52:47Z,AMANDA DO JEITO QUE VOCÊ  FALA. VOCÊ  NÃO  ASSISTIU  A ENTREVISTA QUE O BOLSONARO  DEU A RECOR TV. O PRESIDENTE  REPUDIOU A ATITUDE  DO ROBERTO  JEFFERSON GANHOU MUITOS INIMIGOS,QURTSl9pMVEzOVpaRHNXY29JWnE3eVAxajc5V3JHOC1wblE5VnQwcmlCZ0lWc28xYm1vU3QwYzhsUWxZeVpzVUliTTVZVHBjMmkxYk4wSQ==,2023-06-08 14:43:36.187699
youtube#commentThread,G4Fh40F3PELPfAwtS3-SlLjuPFM,UgxMDw2kbJAZoGoHZ8V4AaABAg,"{'videoId': 'bwqD1XWeNgQ', 'topLevelComment': {'kind': 'youtube#comment', 'etag': 'k7yO7g3VvPtUlEVSR0T7Kdxs0hI', 'id': 'UgxMDw2kbJAZoGoHZ8V4AaABAg', 'snippet': {'videoId': 'bwqD1XWeNgQ', 'textDisplay': 'GOSTEI   DA ATITUDE DO MINISTRO  ALEXANDRE DE MORAES. ELE DEMONSTROU  QUE O DEPUTADO  JANONES ESTAVA ERRANDO EM ASSOCIAR  ROBERTO JEFFERSON  A BOLSONARO. E MENTIU ESCANDALOSAMENTE, DIZENDO QUE JEFFERSON  É  COORDENADOR DA CAMPANHA DO CAPITÃO  DO POVO. PARABÉNS  MINISTRO. TENENTE RENZETTI DE MESQUITA, RJ.', 'textOriginal': 'GOSTEI   DA ATITUDE DO MINISTRO  ALEXANDRE DE MORAES. ELE DEMONSTROU  QUE O DEPUTADO  JANONES ESTAVA ERRANDO EM ASSOCIAR  ROBERTO JEFFERSON  A BOLSONARO. E MENTIU ESCANDALOSAMENTE, DIZENDO QUE JEFFERSON  É  COORDENADOR DA CAMPANHA DO CAPITÃO  DO POVO. PARABÉNS  MINISTRO. TENENTE RENZETTI DE MESQUITA, RJ.', 'authorDisplayName': 'Ronaldo Renzetti', 'authorProfileImageUrl': 'https://yt3.ggpht.com/ytc/AGIKgqPf2TktpeFyu6Kq1roBlKou9J9XD8DgJL_5TH-6fMRbv8AfC3LQcwiP6VoReq0B=s48-c-k-c0x00ffffff-no-rj', 'authorChannelUrl': 'http://www.youtube.com/channel/UCAzuXPg_Ne3NlWrOEazISjg', 'authorChannelId': {'value': 'UCAzuXPg_Ne3NlWrOEazISjg'}, 'canRate': True, 'viewerRating': 'none', 'likeCount': 0, 'publishedAt': '2022-10-25T13:49:35Z', 'updatedAt': '2022-10-25T13:49:35Z'}}, 'canReply': True, 'totalReplyCount': 0, 'isPublic': True}",,UCAzuXPg_Ne3NlWrOEazISjg,2022-10-25T13:49:35Z,"GOSTEI   DA ATITUDE DO MINISTRO  ALEXANDRE DE MORAES. ELE DEMONSTROU  QUE O DEPUTADO  JANONES ESTAVA ERRANDO EM ASSOCIAR  ROBERTO JEFFERSON  A BOLSONARO. E MENTIU ESCANDALOSAMENTE, DIZENDO QUE JEFFERSON  É  COORDENADOR DA CAMPANHA DO CAPITÃO  DO POVO. PARABÉNS  MINISTRO. TENENTE RENZETTI DE MESQUITA, RJ.",QURTSl9pMVEzOVpaRHNXY29JWnE3eVAxajc5V3JHOC1wblE5VnQwcmlCZ0lWc28xYm1vU3QwYzhsUWxZeVpzVUliTTVZVHBjMmkxYk4wSQ==,2023-06-08 14:43:36.187699
youtube#commentThread,UejTLnst0A0Q2uYMQWajJOLAaWY,UgwBYrJK5YKxER9CFcN4AaABAg,"{'videoId': 'CAdWM62yTXg', 'topLevelComment': {'kind': 'youtube#comment', 'etag': 'ovk6DiiLvxgdGiKc3tE6qwSrnXw', 'id': 'UgwBYrJK5YKxER9CFcN4AaABAg', 'snippet': {'videoId': 'CAdWM62yTXg', 'textDisplay': 'ESSA ELEIÇÃO  ESTÁ  HORRÍVEL.  TODOS CONTRA BOLSONARO. O MINISTRO  FABIO  FARIA ESTÁ  APRESENTANDO  DENÚNCIAS  DE QUE OS MEIOS  DE COMUNICAÇÃO  ESTÃO  DE COMUM ACORDO  COM O PT. ISTO É  CRIME ELEITORAL . TENENTE RENZETTI DE MESQUITA  RJ', 'textOriginal': 'ESSA ELEIÇÃO  ESTÁ  HORRÍVEL.  TODOS CONTRA BOLSONARO. O MINISTRO  FABIO  FARIA ESTÁ  APRESENTANDO  DENÚNCIAS  DE QUE OS MEIOS  DE COMUNICAÇÃO  ESTÃO  DE COMUM ACORDO  COM O PT. ISTO É  CRIME ELEITORAL . TENENTE RENZETTI DE MESQUITA  RJ', 'authorDisplayName': 'Ronaldo Renzetti', 'authorProfileImageUrl': 'https://yt3.ggpht.com/ytc/AGIKgqPf2TktpeFyu6Kq1roBlKou9J9XD8DgJL_5TH-6fMRbv8AfC3LQcwiP6VoReq0B=s48-c-k-c0x00ffffff-no-rj', 'authorChannelUrl': 'http://www.youtube.com/channel/UCAzuXPg_Ne3NlWrOEazISjg', 'authorChannelId': {'value': 'UCAzuXPg_Ne3NlWrOEazISjg'}, 'canRate': True, 'viewerRating': 'none', 'likeCount': 0, 'publishedAt': '2022-10-25T19:26:07Z', 'updatedAt': '2022-10-25T19:26:07Z'}}, 'canReply': True, 'totalReplyCount': 0, 'isPublic': True}",,UCAzuXPg_Ne3NlWrOEazISjg,2022-10-25T19:26:07Z,ESSA ELEIÇÃO  ESTÁ  HORRÍVEL.  TODOS CONTRA BOLSONARO. O MINISTRO  FABIO  FARIA ESTÁ  APRESENTANDO  DENÚNCIAS  DE QUE OS MEIOS  DE COMUNICAÇÃO  ESTÃO  DE COMUM ACORDO  COM O PT. ISTO É  CRIME ELEITORAL . TENENTE RENZETTI DE MESQUITA  RJ,QURTSl9pMDV6eFJHLVZkX1dLd0dpWWJFY0JkNW1RNG9NVjhGRnNKNERaVDZOWi0yVHVUaGVtUlNpMU5USHVhcjJiZ1ZqQllpLUczTlhNaw==,2023-06-08 14:45:00.681123
youtube#commentThread,3b9jOY0S0Jqwn5ROA1USElsZd-w,UgzoOs--FQ0w8t6P0KV4AaABAg,"{'videoId': 'CAdWM62yTXg', 'topLevelComment': {'kind': 'youtube#comment', 'etag': 'FJTBSrjpeqho4L_reMooIp8qg-g', 'id': 'UgzoOs--FQ0w8t6P0KV4AaABAg', 'snippet': {'videoId': 'CAdWM62yTXg', 'textDisplay': 'O PT NÃO  TEM JEITO, NA REGIÃO  NORDESTE  OS MEIOS  DE COMUNICAÇÃO  ESTÃO  FAVORECENDO AO CANDIDATO  LULA. O MINISTRO FABIO ESTÁ  DENUNCIANDO  ISTO.  TENENTE RENZETTI DE MESQUITA  RJ', 'textOriginal': 'O PT NÃO  TEM JEITO, NA REGIÃO  NORDESTE  OS MEIOS  DE COMUNICAÇÃO  ESTÃO  FAVORECENDO AO CANDIDATO  LULA. O MINISTRO FABIO ESTÁ  DENUNCIANDO  ISTO.  TENENTE RENZETTI DE MESQUITA  RJ', 'authorDisplayName': 'Ronaldo Renzetti', 'authorProfileImageUrl': 'https://yt3.ggpht.com/ytc/AGIKgqPf2TktpeFyu6Kq1roBlKou9J9XD8DgJL_5TH-6fMRbv8AfC3LQcwiP6VoReq0B=s48-c-k-c0x00ffffff-no-rj', 'authorChannelUrl': 'http://www.youtube.com/channel/UCAzuXPg_Ne3NlWrOEazISjg', 'authorChannelId': {'value': 'UCAzuXPg_Ne3NlWrOEazISjg'}, 'canRate': True, 'viewerRating': 'none', 'likeCount': 0, 'publishedAt': '2022-10-25T19:21:15Z', 'updatedAt': '2022-10-25T19:21:15Z'}}, 'canReply': True, 'totalReplyCount': 0, 'isPublic': True}",,UCAzuXPg_Ne3NlWrOEazISjg,2022-10-25T19:21:15Z,"O PT NÃO  TEM JEITO, NA REGIÃO  NORDESTE  OS MEIOS  DE COMUNICAÇÃO  ESTÃO  FAVORECENDO AO CANDIDATO  LULA. O MINISTRO FABIO ESTÁ  DENUNCIANDO  ISTO.  TENENTE RENZETTI DE MESQUITA  RJ",QURTSl9pMDV6eFJHLVZkX1dLd0dpWWJFY0JkNW1RNG9NVjhGRnNKNERaVDZOWi0yVHVUaGVtUlNpMU5USHVhcjJiZ1ZqQllpLUczTlhNaw==,2023-06-08 14:45:00.681123
youtube#commentThread,uitQlvFF8pA8LPdVCxd64AhgDm8,UgyVyqgvN9yybtetJFB4AaABAg,"{'videoId': '6tMQViZhPIk', 'topLevelComment': {'kind': 'youtube#comment', 'etag': '-UY6fZRYugCP9BpVzRDlCCUjOkI', 'id': 'UgyVyqgvN9yybtetJFB4AaABAg', 'snippet': {'videoId': '6tMQViZhPIk', 'textDisplay': 'ESSE PAULO TEIXEIRA  É  MUITO CARA DE PAU. O TEU CANDIDATO É  UM , CONDENADO EM TRÊS  ESTANCIAS. DEPUTADO JUNIOR AMARAL DESMASCARA ESSE SEU COLEGA QUE MENTE DIZENDO QUE  O COMBUSTÍVEL  ESTÁ  AUMENTANDO. ESSE DEPUTADO  PETISTA ESTÁ  COM DOR DE COTOVELO. O QUE ELE FALA DO FUJAO, QUE NÃO  COMPARECE À DEBATES. ELE ESTÁ  COM MEDO. NO DEBATE DA BAND ELE FOI  NOCAUTEADO  PELO BOLSONARO  QUE ATÉ  SENTIU PENA DO LULADRAO.  TENENTE RENZETTI DE MESQUITA  , RJ.', 'textOriginal': 'ESSE PAULO TEIXEIRA  É  MUITO CARA DE PAU. O TEU CANDIDATO É  UM , CONDENADO EM TRÊS  ESTANCIAS. DEPUTADO JUNIOR AMARAL DESMASCARA ESSE SEU COLEGA QUE MENTE DIZENDO QUE  O COMBUSTÍVEL  ESTÁ  AUMENTANDO. ESSE DEPUTADO  PETISTA ESTÁ  COM DOR DE COTOVELO. O QUE ELE FALA DO FUJAO, QUE NÃO  COMPARECE À DEBATES. ELE ESTÁ  COM MEDO. NO DEBATE DA BAND ELE FOI  NOCAUTEADO  PELO BOLSONARO  QUE ATÉ  SENTIU PENA DO LULADRAO.  TENENTE RENZETTI DE MESQUITA  , RJ.', 'authorDisplayName': 'Ronaldo Renzetti', 'authorProfileImageUrl': 'https://yt3.ggpht.com/ytc/AGIKgqPf2TktpeFyu6Kq1roBlKou9J9XD8DgJL_5TH-6fMRbv8AfC3LQcwiP6VoReq0B=s48-c-k-c0x00ffffff-no-rj', 'authorChannelUrl': 'http://www.youtube.com/channel/UCAzuXPg_Ne3NlWrOEazISjg', 'authorChannelId': {'value': 'UCAzuXPg_Ne3NlWrOEazISjg'}, 'canRate': True, 'viewerRating': 'none', 'likeCount': 0, 'publishedAt': '2022-10-25T00:11:50Z', 'updatedAt': '2022-10-25T00:11:50Z'}}, 'canReply': True, 'totalReplyCount': 0, 'isPublic': True}",,UCAzuXPg_Ne3NlWrOEazISjg,2022-10-25T00:11:50Z,"ESSE PAULO TEIXEIRA  É  MUITO CARA DE PAU. O TEU CANDIDATO É  UM , CONDENADO EM TRÊS  ESTANCIAS. DEPUTADO JUNIOR AMARAL DESMASCARA ESSE SEU COLEGA QUE MENTE DIZENDO QUE  O COMBUSTÍVEL  ESTÁ  AUMENTANDO. ESSE DEPUTADO  PETISTA ESTÁ  COM DOR DE COTOVELO. O QUE ELE FALA DO FUJAO, QUE NÃO  COMPARECE À DEBATES. ELE ESTÁ  COM MEDO. NO DEBATE DA BAND ELE FOI  NOCAUTEADO  PELO BOLSONARO  QUE ATÉ  SENTIU PENA DO LULADRAO.  TENENTE RENZETTI DE MESQUITA  , RJ.",QURTSl9pMHVoQnhmM21mNXVza2dOYk1yOTZxQXpFVXp6d1hFX0x2S1VBV0p5eHRuUFJEeVFFMmJOZnJIS2hqUWZjaWFRSlpfaV9oczVSYw==,2023-06-08 14:46:29.813714
youtube#commentThread,kPA6qVXGcTFKeEFBAzIe0v6lqoc,Ugy6or8u--dYq0t_aSp4AaABAg,"{'videoId': '6tMQViZhPIk', 'topLevelComment': {'kind': 'youtube#comment', 'etag': 'XtdTRxClkqlsM_slLdZKpkWEcyg', 'id': 'Ugy6or8u--dYq0t_aSp4AaABAg', 'snippet': {'videoId': '6tMQViZhPIk', 'textDisplay': 'ESSE COMENTARISTA ESTÁ  MENTINDO  . O JEFFERSON  NÃO  É  COORDENADOR DE CAMPANHA DE BOLSONARO. JÁ  DEU PARA ENTENDER QUE O DEPUTADO PAULO TEIXEIRA É  MENTIROSO. ELE ESTÁ  NA ESCOLA DO EX-PRESIDIÁRIO LULA. BOA , QUEM TEM ALIADOS AO CRIME  É  O PT. LULA FICOU  CARTANDO QUE FOI AO MORRO DO É ALEMÃO, SEM SEGURANÇA.  A SEGURANÇA  DO SAPO BARBUDO ERA FEITA PELA BANDIDAGEM. O DEPUTADO JUNIOR  DEFINIU BEM O QUE É  O PT. É  O PARTIDO  DA ILEGALIDADE. TENENTE RENZETTI DE MESQUITA,RJ.', 'textOriginal': 'ESSE COMENTARISTA ESTÁ  MENTINDO  . O JEFFERSON  NÃO  É  COORDENADOR DE CAMPANHA DE BOLSONARO. JÁ  DEU PARA ENTENDER QUE O DEPUTADO PAULO TEIXEIRA É  MENTIROSO. ELE ESTÁ  NA ESCOLA DO EX-PRESIDIÁRIO LULA. BOA , QUEM TEM ALIADOS AO CRIME  É  O PT. LULA FICOU  CARTANDO QUE FOI AO MORRO DO É ALEMÃO, SEM SEGURANÇA.  A SEGURANÇA  DO SAPO BARBUDO ERA FEITA PELA BANDIDAGEM. O DEPUTADO JUNIOR  DEFINIU BEM O QUE É  O PT. É  O PARTIDO  DA ILEGALIDADE. TENENTE RENZETTI DE MESQUITA,RJ.', 'authorDisplayName': 'Ronaldo Renzetti', 'authorProfileImageUrl': 'https://yt3.ggpht.com/ytc/AGIKgqPf2TktpeFyu6Kq1roBlKou9J9XD8DgJL_5TH-6fMRbv8AfC3LQcwiP6VoReq0B=s48-c-k-c0x00ffffff-no-rj', 'authorChannelUrl': 'http://www.youtube.com/channel/UCAzuXPg_Ne3NlWrOEazISjg', 'authorChannelId': {'value': 'UCAzuXPg_Ne3NlWrOEazISjg'}, 'canRate': True, 'viewerRating': 'none', 'likeCount': 0, 'publishedAt': '2022-10-24T23:58:58Z', 'updatedAt': '2022-10-24T23:58:58Z'}}, 'canReply': True, 'totalReplyCount': 0, 'isPublic': True}",,UCAzuXPg_Ne3NlWrOEazISjg,2022-10-24T23:58:58Z,"ESSE COMENTARISTA ESTÁ  MENTINDO  . O JEFFERSON  NÃO  É  COORDENADOR DE CAMPANHA DE BOLSONARO. JÁ  DEU PARA ENTENDER QUE O DEPUTADO PAULO TEIXEIRA É  MENTIROSO. ELE ESTÁ  NA ESCOLA DO EX-PRESIDIÁRIO LULA. BOA , QUEM TEM ALIADOS AO CRIME  É  O PT. LULA FICOU  CARTANDO QUE FOI AO MORRO DO É ALEMÃO, SEM SEGURANÇA.  A SEGURANÇA  DO SAPO BARBUDO ERA FEITA PELA BANDIDAGEM. O DEPUTADO JUNIOR  DEFINIU BEM O QUE É  O PT. É  O PARTIDO  DA ILEGALIDADE. TENENTE RENZETTI DE MESQUITA,RJ.",QURTSl9pMGUta29BcURvT0ZqLUdVRUpDMkhHLXVMQ3c0UmFPVlU3TDU2WExkc3F5b05TbkJxUS1ZbjhvT045dGJfQkQ0dWMzRXdFYkZrUQ==,2023-06-08 14:46:31.554412
youtube#commentThread,jU6rUG3VzEG6jX8oX8_g9L3FdUs,Ugz9InwdN_sSKVQzEpF4AaABAg,"{'videoId': '8pBTAz_Bi2w', 'topLevelComment': {'kind': 'youtube#comment', 'etag': 'tmBJ4iKusffFYoLVOsJ3ewaTtKU', 'id': 'Ugz9InwdN_sSKVQzEpF4AaABAg', 'snippet': {'videoId': '8pBTAz_Bi2w', 'textDisplay': 'INFELIZMENTE  OS TRABALHADORES  DOS ÓRGÃOS  DE COMUNICAÇÃO  NÃO  SÃO  UNIDOS  , NINGUÉM  FALA NADA  SOBRE A DECISÃO  DO TSE DE CENSURAR A JOVEM PAN. ISTO É  MUITO PREOCUPANTE. SE ANTES DA ELEIÇÃO  JÁ  ESTA HAVENDO PERSEGUIÇÃO   À  MÍDIA.  IMAGINA SE O LULADRAO  GANHAR.  ACABOU A DEMOCRACIA. MUITOS ÓRGÃOS  DE COMUNICAÇÃO  VÃO  SER FECHADOS, MENOS A GLOBO E SUAS AFILHADAS. ISTO É  UMA VERGONHA. TENENTE RENZETTI DE MESQUITA  , RJ.', 'textOriginal': 'INFELIZMENTE  OS TRABALHADORES  DOS ÓRGÃOS  DE COMUNICAÇÃO  NÃO  SÃO  UNIDOS  , NINGUÉM  FALA NADA  SOBRE A DECISÃO  DO TSE DE CENSURAR A JOVEM PAN. ISTO É  MUITO PREOCUPANTE. SE ANTES DA ELEIÇÃO  JÁ  ESTA HAVENDO PERSEGUIÇÃO   À  MÍDIA.  IMAGINA SE O LULADRAO  GANHAR.  ACABOU A DEMOCRACIA. MUITOS ÓRGÃOS  DE COMUNICAÇÃO  VÃO  SER FECHADOS, MENOS A GLOBO E SUAS AFILHADAS. ISTO É  UMA VERGONHA. TENENTE RENZETTI DE MESQUITA  , RJ.', 'authorDisplayName': 'Ronaldo Renzetti', 'authorProfileImageUrl': 'https://yt3.ggpht.com/ytc/AGIKgqPf2TktpeFyu6Kq1roBlKou9J9XD8DgJL_5TH-6fMRbv8AfC3LQcwiP6VoReq0B=s48-c-k-c0x00ffffff-no-rj', 'authorChannelUrl': 'http://www.youtube.com/channel/UCAzuXPg_Ne3NlWrOEazISjg', 'authorChannelId': {'value': 'UCAzuXPg_Ne3NlWrOEazISjg'}, 'canRate': True, 'viewerRating': 'none', 'likeCount': 0, 'publishedAt': '2022-10-24T15:32:09Z', 'updatedAt': '2022-10-24T15:32:09Z'}}, 'canReply': True, 'totalReplyCount': 0, 'isPublic': True}",,UCAzuXPg_Ne3NlWrOEazISjg,2022-10-24T15:32:09Z,"INFELIZMENTE  OS TRABALHADORES  DOS ÓRGÃOS  DE COMUNICAÇÃO  NÃO  SÃO  UNIDOS  , NINGUÉM  FALA NADA  SOBRE A DECISÃO  DO TSE DE CENSURAR A JOVEM PAN. ISTO É  MUITO PREOCUPANTE. SE ANTES DA ELEIÇÃO  JÁ  ESTA HAVENDO PERSEGUIÇÃO   À  MÍDIA.  IMAGINA SE O LULADRAO  GANHAR.  ACABOU A DEMOCRACIA. MUITOS ÓRGÃOS  DE COMUNICAÇÃO  VÃO  SER FECHADOS, MENOS A GLOBO E SUAS AFILHADAS. ISTO É  UMA VERGONHA. TENENTE RENZETTI DE MESQUITA  , RJ.",QURTSl9pMVB4Zzhobk5kNUZ3OUlNbmxyal9iLUZuZmxhWWFiTzJNQ0diMWRQY3cxSlV5RG1KMmJhdGhJYUZMR0JMUFVrdjlIRVo0b09VYw==,2023-06-08 14:49:54.800879
youtube#commentThread,F_vRkw0NBCGXjgunDePdngE3B-8,UgzdcRJREhOjCm6UcY94AaABAg,"{'videoId': '8pBTAz_Bi2w', 'topLevelComment': {'kind': 'youtube#comment', 'etag': 'YeOpqUGE17cWIOF4BWLYLOmBX1Q', 'id': 'UgzdcRJREhOjCm6UcY94AaABAg', 'snippet': {'videoId': '8pBTAz_Bi2w', 'textDisplay': 'O LULA NOVAMENTE  DECEPCIONOU  OS SEUS ELEITORES,   NÃO  COMPARECEU ONTEM, NO DEBATE DA RECORD, DAS DUAS  A UMA: OU ELE EDTAVA COM MEDO OU PENSA QUE JÁ  GANHOU. BOLSONARO É. QUE SE DEU BEM CHAMOU O LULA DE FUJAO.  SERÁ  QUE ELE CKMPARECERA  , NO DEBATE DA REDE GLOBO , NA SEXTA-FEIRA, DEPOIS DA NOVELA DAS NOVE : TRAVESSIA.  DIZEM  AS MÁS  LÍNGUAS  QUE O EX-PRESIDIÁRIO  VAI COMPARECER  PORQUE  TERÁ  UM GRANDE ALIADO: O BONNER.  TENENTE RENZETTI DE MESQUITA, RJ.', 'textOriginal': 'O LULA NOVAMENTE  DECEPCIONOU  OS SEUS ELEITORES,   NÃO  COMPARECEU ONTEM, NO DEBATE DA RECORD, DAS DUAS  A UMA: OU ELE EDTAVA COM MEDO OU PENSA QUE JÁ  GANHOU. BOLSONARO É. QUE SE DEU BEM CHAMOU O LULA DE FUJAO.  SERÁ  QUE ELE CKMPARECERA  , NO DEBATE DA REDE GLOBO , NA SEXTA-FEIRA, DEPOIS DA NOVELA DAS NOVE : TRAVESSIA.  DIZEM  AS MÁS  LÍNGUAS  QUE O EX-PRESIDIÁRIO  VAI COMPARECER  PORQUE  TERÁ  UM GRANDE ALIADO: O BONNER.  TENENTE RENZETTI DE MESQUITA, RJ.', 'authorDisplayName': 'Ronaldo Renzetti', 'authorProfileImageUrl': 'https://yt3.ggpht.com/ytc/AGIKgqPf2TktpeFyu6Kq1roBlKou9J9XD8DgJL_5TH-6fMRbv8AfC3LQcwiP6VoReq0B=s48-c-k-c0x00ffffff-no-rj', 'authorChannelUrl': 'http://www.youtube.com/channel/UCAzuXPg_Ne3NlWrOEazISjg', 'authorChannelId': {'value': 'UCAzuXPg_Ne3NlWrOEazISjg'}, 'canRate': True, 'viewerRating': 'none', 'likeCount': 0, 'publishedAt': '2022-10-24T15:24:39Z', 'updatedAt': '2022-10-24T15:24:39Z'}}, 'canReply': True, 'totalReplyCount': 0, 'isPublic': True}",,UCAzuXPg_Ne3NlWrOEazISjg,2022-10-24T15:24:39Z,"O LULA NOVAMENTE  DECEPCIONOU  OS SEUS ELEITORES,   NÃO  COMPARECEU ONTEM, NO DEBATE DA RECORD, DAS DUAS  A UMA: OU ELE EDTAVA COM MEDO OU PENSA QUE JÁ  GANHOU. BOLSONARO É. QUE SE DEU BEM CHAMOU O LULA DE FUJAO.  SERÁ  QUE ELE CKMPARECERA  , NO DEBATE DA REDE GLOBO , NA SEXTA-FEIRA, DEPOIS DA NOVELA DAS NOVE : TRAVESSIA.  DIZEM  AS MÁS  LÍNGUAS  QUE O EX-PRESIDIÁRIO  VAI COMPARECER  PORQUE  TERÁ  UM GRANDE ALIADO: O BONNER.  TENENTE RENZETTI DE MESQUITA, RJ.",QURTSl9pMVB4Zzhobk5kNUZ3OUlNbmxyal9iLUZuZmxhWWFiTzJNQ0diMWRQY3cxSlV5RG1KMmJhdGhJYUZMR0JMUFVrdjlIRVo0b09VYw==,2023-06-08 14:49:54.800879
youtube#commentThread,ze0zHpedFXBOBxcHLViY8xec5us,Ugzvc9zGiBYp-C6K5Kh4AaABAg,"{'videoId': 'hSqysLm1yx0', 'topLevelComment': {'kind': 'youtube#comment', 'etag': 'XIpDNkK1-YwXJyJ7OaUF-4YVFIE', 'id': 'Ugzvc9zGiBYp-C6K5Kh4AaABAg', 'snippet': {'videoId': 'hSqysLm1yx0', 'textDisplay': 'CONHEÇO  ROBERTO JEFFERSON  DESDE 1982, QUANDO ELE SE ELEGEU PELA PRIMEIRA VEZ DEPUTADO FEDERAL NAQUELA ÉPOCA  DO VOTO VINCULADO, ELE TEVE <a href=""http://8o.ooo/"">8O.OOO</a> VOTOS. ELE DEFENDIA OS POBRES COMO ADVOGADO  DO POVO, NO PROGRAMA  O POVO NA  TV. ROBERTO, MUITA CALMA NESSA HORA  COMPANHEIRO. A VIDA  CONTINUA. NO DIA 30 DE OUTUBRO NÓS  VAMOS DAR A RESPOSTA  NAS URNAS. É  BOLSONARO 22. VAMOS  ELEGER O CAPITÃO  DO POVO E COM O CONGRESSO DO NOSSO  LADO, ENCONTRAREMOS UMA FÓRMULA  DEMOCRÁTICA  PARA INTERVIR NESSE STF AUTORITÁRIO.  TENENTE  RENZETTI DE MESQUITA, RJ.', 'textOriginal': 'CONHEÇO  ROBERTO JEFFERSON  DESDE 1982, QUANDO ELE SE ELEGEU PELA PRIMEIRA VEZ DEPUTADO FEDERAL NAQUELA ÉPOCA  DO VOTO VINCULADO, ELE TEVE 8O.OOO VOTOS. ELE DEFENDIA OS POBRES COMO ADVOGADO  DO POVO, NO PROGRAMA  O POVO NA  TV. ROBERTO, MUITA CALMA NESSA HORA  COMPANHEIRO. A VIDA  CONTINUA. NO DIA 30 DE OUTUBRO NÓS  VAMOS DAR A RESPOSTA  NAS URNAS. É  BOLSONARO 22. VAMOS  ELEGER O CAPITÃO  DO POVO E COM O CONGRESSO DO NOSSO  LADO, ENCONTRAREMOS UMA FÓRMULA  DEMOCRÁTICA  PARA INTERVIR NESSE STF AUTORITÁRIO.  TENENTE  RENZETTI DE MESQUITA, RJ.', 'authorDisplayName': 'Ronaldo Renzetti', 'authorProfileImageUrl': 'https://yt3.ggpht.com/ytc/AGIKgqPf2TktpeFyu6Kq1roBlKou9J9XD8DgJL_5TH-6fMRbv8AfC3LQcwiP6VoReq0B=s48-c-k-c0x00ffffff-no-rj', 'authorChannelUrl': 'http://www.youtube.com/channel/UCAzuXPg_Ne3NlWrOEazISjg', 'authorChannelId': {'value': 'UCAzuXPg_Ne3NlWrOEazISjg'}, 'canRate': True, 'viewerRating': 'none', 'likeCount': 0, 'publishedAt': '2022-10-23T23:11:21Z', 'updatedAt': '2022-10-23T23:11:21Z'}}, 'canReply': True, 'totalReplyCount': 0, 'isPublic': True}",,UCAzuXPg_Ne3NlWrOEazISjg,2022-10-23T23:11:21Z,"CONHEÇO  ROBERTO JEFFERSON  DESDE 1982, QUANDO ELE SE ELEGEU PELA PRIMEIRA VEZ DEPUTADO FEDERAL NAQUELA ÉPOCA  DO VOTO VINCULADO, ELE TEVE 8O.OOO VOTOS. ELE DEFENDIA OS POBRES COMO ADVOGADO  DO POVO, NO PROGRAMA  O POVO NA  TV. ROBERTO, MUITA CALMA NESSA HORA  COMPANHEIRO. A VIDA  CONTINUA. NO DIA 30 DE OUTUBRO NÓS  VAMOS DAR A RESPOSTA  NAS URNAS. É  BOLSONARO 22. VAMOS  ELEGER O CAPITÃO  DO POVO E COM O CONGRESSO DO NOSSO  LADO, ENCONTRAREMOS UMA FÓRMULA  DEMOCRÁTICA  PARA INTERVIR NESSE STF AUTORITÁRIO.  TENENTE  RENZETTI DE MESQUITA, RJ.",QURTSl9pMHNhODNJaVBROWRoQmJvY0p5V0E5aHQwZnZCa3JhbF9PSE0xY0hiSW5mdjRWdWRrM0NwY0dNcWVHYTNpQlRIV3NLOVpoOHNpOA==,2023-06-08 14:58:57.918128
youtube#commentThread,R-Cqqu6XWoq0Yf5jr4OkNQcToRw,UgwBy3KC6gVFyp5xcBR4AaABAg,"{'videoId': 'a4j46Lcf0I4', 'topLevelComment': {'kind': 'youtube#comment', 'etag': '518oGHHedt8HCBXhclJvRkugl2A', 'id': 'UgwBy3KC6gVFyp5xcBR4AaABAg', 'snippet': {'videoId': 'a4j46Lcf0I4', 'textDisplay': 'É  MUITA HIPOCRISIA  DO TSE  TIRAR DO AR PROPAGANDA QUE FALA SOBRE OS ATOS NEGATIVOS DO LULA, ENQUANTO  AS PROPAGANDAS DO PT  , QUE ENXOVALHAM  O NOME  DO CAPITÃO  DO POVO, NÃO  SOFRE NENHUMA RESTRIÇÃO.  O POVO DARÁ  A RESPOSTA NO DIA 30 DE OUTUBRO, ELEGENDO JAIR MESSIAS BOLSONAO PRESIDENTE. E QUANTO AO OMISSO, RODRIGO PACHECO  NÃO  PERDE POR ESPERAR SAIRÁ  DA PRESIDÊNCIA  E NA PRÓXIMA  ELEIÇÃO  NAO SERÁ  ELEITO  A NENHUM CARGO ELETIVO. O POVO NÃO  GOSTA DE COVARDES. TENENTE RENZETTI DE MESQUITA,RJ.', 'textOriginal': 'É  MUITA HIPOCRISIA  DO TSE  TIRAR DO AR PROPAGANDA QUE FALA SOBRE OS ATOS NEGATIVOS DO LULA, ENQUANTO  AS PROPAGANDAS DO PT  , QUE ENXOVALHAM  O NOME  DO CAPITÃO  DO POVO, NÃO  SOFRE NENHUMA RESTRIÇÃO.  O POVO DARÁ  A RESPOSTA NO DIA 30 DE OUTUBRO, ELEGENDO JAIR MESSIAS BOLSONAO PRESIDENTE. E QUANTO AO OMISSO, RODRIGO PACHECO  NÃO  PERDE POR ESPERAR SAIRÁ  DA PRESIDÊNCIA  E NA PRÓXIMA  ELEIÇÃO  NAO SERÁ  ELEITO  A NENHUM CARGO ELETIVO. O POVO NÃO  GOSTA DE COVARDES. TENENTE RENZETTI DE MESQUITA,RJ.', 'authorDisplayName': 'Ronaldo Renzetti', 'authorProfileImageUrl': 'https://yt3.ggpht.com/ytc/AGIKgqPf2TktpeFyu6Kq1roBlKou9J9XD8DgJL_5TH-6fMRbv8AfC3LQcwiP6VoReq0B=s48-c-k-c0x00ffffff-no-rj', 'authorChannelUrl': 'http://www.youtube.com/channel/UCAzuXPg_Ne3NlWrOEazISjg', 'authorChannelId': {'value': 'UCAzuXPg_Ne3NlWrOEazISjg'}, 'canRate': True, 'viewerRating': 'none', 'likeCount': 0, 'publishedAt': '2022-10-24T15:11:58Z', 'updatedAt': '2022-10-24T15:11:58Z'}}, 'canReply': True, 'totalReplyCount': 0, 'isPublic': True}",,UCAzuXPg_Ne3NlWrOEazISjg,2022-10-24T15:11:58Z,"É  MUITA HIPOCRISIA  DO TSE  TIRAR DO AR PROPAGANDA QUE FALA SOBRE OS ATOS NEGATIVOS DO LULA, ENQUANTO  AS PROPAGANDAS DO PT  , QUE ENXOVALHAM  O NOME  DO CAPITÃO  DO POVO, NÃO  SOFRE NENHUMA RESTRIÇÃO.  O POVO DARÁ  A RESPOSTA NO DIA 30 DE OUTUBRO, ELEGENDO JAIR MESSIAS BOLSONAO PRESIDENTE. E QUANTO AO OMISSO, RODRIGO PACHECO  NÃO  PERDE POR ESPERAR SAIRÁ  DA PRESIDÊNCIA  E NA PRÓXIMA  ELEIÇÃO  NAO SERÁ  ELEITO  A NENHUM CARGO ELETIVO. O POVO NÃO  GOSTA DE COVARDES. TENENTE RENZETTI DE MESQUITA,RJ.",QURTSl9pMlJXaTY2alJ0a0x6eGZ0Y3BHMkZqRWxiajFIbU5fUllQZHRzYW1HTHZMZF92cnRMOHlkYWgxR20yUUY0Ym1TaERBWnNmeFhldw==,2023-06-08 15:02:53.695743
youtube#commentThread,Uh6N953z_HQh7XOW4qomc2BDzho,Ugw63ZU4U00OgNA1qpV4AaABAg,"{'videoId': 'a4j46Lcf0I4', 'topLevelComment': {'kind': 'youtube#comment', 'etag': 'HUkfqRqsQAbwWNakzohY3X3KLbw', 'id': 'Ugw63ZU4U00OgNA1qpV4AaABAg', 'snippet': {'videoId': 'a4j46Lcf0I4', 'textDisplay': 'OS  CAMIMHONEIROS TÊM  MUITA CREDIBILIDADE.  REALMENTE A CENSURA A JOVEM  PAN É  UM ACINTE. A JOVEM PAN É  DEMOCRATICA. NOS DEBATES PARTICIPAM  SIMPATIZANTES DO PT. COMO: LEONARDO, PIPERNO, AMANDA KLEIN , ENTRE  OUTROS. ENTÃO  COM A EXPLICAÇÃO  DO TSE POR ESTA ATITUDE.    E O QUE ME INTRIGA É  O CONGRESSO  NACIONAL FICAR OMISSO COM OS ACONTECIMENTOS. EU TENHO ESPERANÇAS  QUE ISTO VAI MUDAR , NA PRÓXIMA  LEGISLATUR, POIS VÁRIOS  CONGRESSISTA DEMOCRATICOS. VEJA O QUE ACONTECEU  COM O LEONARDO.  ELE FOI CONTRA A CENSURA DA JOVEM PAN. E O PT QUER EXPULSAR , ESTE GAROTO, DOS QUADROS  DESSE PARTIDO. ISSO É  UMA VERGONHA.  TENENTE RENZETTI DE MESQUITA, RJ.', 'textOriginal': 'OS  CAMIMHONEIROS TÊM  MUITA CREDIBILIDADE.  REALMENTE A CENSURA A JOVEM  PAN É  UM ACINTE. A JOVEM PAN É  DEMOCRATICA. NOS DEBATES PARTICIPAM  SIMPATIZANTES DO PT. COMO: LEONARDO, PIPERNO, AMANDA KLEIN , ENTRE  OUTROS. ENTÃO  COM A EXPLICAÇÃO  DO TSE POR ESTA ATITUDE.    E O QUE ME INTRIGA É  O CONGRESSO  NACIONAL FICAR OMISSO COM OS ACONTECIMENTOS. EU TENHO ESPERANÇAS  QUE ISTO VAI MUDAR , NA PRÓXIMA  LEGISLATUR, POIS VÁRIOS  CONGRESSISTA DEMOCRATICOS. VEJA O QUE ACONTECEU  COM O LEONARDO.  ELE FOI CONTRA A CENSURA DA JOVEM PAN. E O PT QUER EXPULSAR , ESTE GAROTO, DOS QUADROS  DESSE PARTIDO. ISSO É  UMA VERGONHA.  TENENTE RENZETTI DE MESQUITA, RJ.', 'authorDisplayName': 'Ronaldo Renzetti', 'authorProfileImageUrl': 'https://yt3.ggpht.com/ytc/AGIKgqPf2TktpeFyu6Kq1roBlKou9J9XD8DgJL_5TH-6fMRbv8AfC3LQcwiP6VoReq0B=s48-c-k-c0x00ffffff-no-rj', 'authorChannelUrl': 'http://www.youtube.com/channel/UCAzuXPg_Ne3NlWrOEazISjg', 'authorChannelId': {'value': 'UCAzuXPg_Ne3NlWrOEazISjg'}, 'canRate': True, 'viewerRating': 'none', 'likeCount': 0, 'publishedAt': '2022-10-24T14:59:27Z', 'updatedAt': '2022-10-24T14:59:27Z'}}, 'canReply': True, 'totalReplyCount': 0, 'isPublic': True}",,UCAzuXPg_Ne3NlWrOEazISjg,2022-10-24T14:59:27Z,"OS  CAMIMHONEIROS TÊM  MUITA CREDIBILIDADE.  REALMENTE A CENSURA A JOVEM  PAN É  UM ACINTE. A JOVEM PAN É  DEMOCRATICA. NOS DEBATES PARTICIPAM  SIMPATIZANTES DO PT. COMO: LEONARDO, PIPERNO, AMANDA KLEIN , ENTRE  OUTROS. ENTÃO  COM A EXPLICAÇÃO  DO TSE POR ESTA ATITUDE.    E O QUE ME INTRIGA É  O CONGRESSO  NACIONAL FICAR OMISSO COM OS ACONTECIMENTOS. EU TENHO ESPERANÇAS  QUE ISTO VAI MUDAR , NA PRÓXIMA  LEGISLATUR, POIS VÁRIOS  CONGRESSISTA DEMOCRATICOS. VEJA O QUE ACONTECEU  COM O LEONARDO.  ELE FOI CONTRA A CENSURA DA JOVEM PAN. E O PT QUER EXPULSAR , ESTE GAROTO, DOS QUADROS  DESSE PARTIDO. ISSO É  UMA VERGONHA.  TENENTE RENZETTI DE MESQUITA, RJ.",QURTSl9pMlJXaTY2alJ0a0x6eGZ0Y3BHMkZqRWxiajFIbU5fUllQZHRzYW1HTHZMZF92cnRMOHlkYWgxR20yUUY0Ym1TaERBWnNmeFhldw==,2023-06-08 15:02:53.695743
youtube#commentThread,CStPXa_75jJbzCf2Mbxqy0t1-c4,UgxxJu68oUXv2PH_StB4AaABAg,"{'videoId': '2NdIdCUrx9w', 'topLevelComment': {'kind': 'youtube#comment', 'etag': 'vdR1XXMEIiiicSOrX8CLS83Mvic', 'id': 'UgxxJu68oUXv2PH_StB4AaABAg', 'snippet': {'videoId': '2NdIdCUrx9w', 'textDisplay': 'O LULA FICOU  DESORIENTADO   TANTO É    QUE ELE FALTOU AO DEBATE , NO SBT E JÁ  AVISOU QUE NÃO  COMPARECERA NO DEBATE , NA RECORD TV, QUE SERÁ  REALIZADO HOJE. COM ISTO O BOLSONARO ESTÁ  DEITANDO E ROLANDO. ELE DEVE IR NO DEBATE DA GLOBO , NA SEXTA-FEIRA.  DEPOIS DA NOVELA DAS NOVE. ELE DEVE TER AJUDA DO SEU FIEL ESCUDEIRO: BONNER.  TENENTE RENZETTI DE MESQUITA, RJ', 'textOriginal': 'O LULA FICOU  DESORIENTADO   TANTO É    QUE ELE FALTOU AO DEBATE , NO SBT E JÁ  AVISOU QUE NÃO  COMPARECERA NO DEBATE , NA RECORD TV, QUE SERÁ  REALIZADO HOJE. COM ISTO O BOLSONARO ESTÁ  DEITANDO E ROLANDO. ELE DEVE IR NO DEBATE DA GLOBO , NA SEXTA-FEIRA.  DEPOIS DA NOVELA DAS NOVE. ELE DEVE TER AJUDA DO SEU FIEL ESCUDEIRO: BONNER.  TENENTE RENZETTI DE MESQUITA, RJ', 'authorDisplayName': 'Ronaldo Renzetti', 'authorProfileImageUrl': 'https://yt3.ggpht.com/ytc/AGIKgqPf2TktpeFyu6Kq1roBlKou9J9XD8DgJL_5TH-6fMRbv8AfC3LQcwiP6VoReq0B=s48-c-k-c0x00ffffff-no-rj', 'authorChannelUrl': 'http://www.youtube.com/channel/UCAzuXPg_Ne3NlWrOEazISjg', 'authorChannelId': {'value': 'UCAzuXPg_Ne3NlWrOEazISjg'}, 'canRate': True, 'viewerRating': 'none', 'likeCount': 0, 'publishedAt': '2022-10-23T11:17:53Z', 'updatedAt': '2022-10-23T11:17:53Z'}}, 'canReply': True, 'totalReplyCount': 0, 'isPublic': True}",,UCAzuXPg_Ne3NlWrOEazISjg,2022-10-23T11:17:53Z,"O LULA FICOU  DESORIENTADO   TANTO É    QUE ELE FALTOU AO DEBATE , NO SBT E JÁ  AVISOU QUE NÃO  COMPARECERA NO DEBATE , NA RECORD TV, QUE SERÁ  REALIZADO HOJE. COM ISTO O BOLSONARO ESTÁ  DEITANDO E ROLANDO. ELE DEVE IR NO DEBATE DA GLOBO , NA SEXTA-FEIRA.  DEPOIS DA NOVELA DAS NOVE. ELE DEVE TER AJUDA DO SEU FIEL ESCUDEIRO: BONNER.  TENENTE RENZETTI DE MESQUITA, RJ",QURTSl9pMnNvTUh4VVB6LWxwUHhPVXdBQlE0bUNVcnNpa2Z4dTR2TDRpUG1OdEtRNlgzb0Q5clR3VU1QZi1XV2xxVXByWG1FRkFldjFrYw==,2023-06-08 15:04:16.147039
youtube#commentThread,3WhaWJI4dKQhR0v6MGDAbeae9Vs,UgzjtgKjF8k6lVHvl6J4AaABAg,"{'videoId': '2NdIdCUrx9w', 'topLevelComment': {'kind': 'youtube#comment', 'etag': 'a8F9L1FjrgHRcP3RUzLZ32RsGT8', 'id': 'UgzjtgKjF8k6lVHvl6J4AaABAg', 'snippet': {'videoId': '2NdIdCUrx9w', 'textDisplay': 'A SURRA  QUE O BOLSONARO  DEU NO MOLUSCO  FEZ COM QUE O EX-PRESIDIÁRIO  NÃO  PARTICIPARIA DO DEBATE DO SBT E REVORD TV. ELE DEVE IR NO DEBATE  DA GLOBO. PORQUÊ  LÁ  ELE TEM A PROTEÇÃO  DO BONNER. TENENTE RENZETTI DE MESQUITA,RJ', 'textOriginal': 'A SURRA  QUE O BOLSONARO  DEU NO MOLUSCO  FEZ COM QUE O EX-PRESIDIÁRIO  NÃO  PARTICIPARIA DO DEBATE DO SBT E REVORD TV. ELE DEVE IR NO DEBATE  DA GLOBO. PORQUÊ  LÁ  ELE TEM A PROTEÇÃO  DO BONNER. TENENTE RENZETTI DE MESQUITA,RJ', 'authorDisplayName': 'Ronaldo Renzetti', 'authorProfileImageUrl': 'https://yt3.ggpht.com/ytc/AGIKgqPf2TktpeFyu6Kq1roBlKou9J9XD8DgJL_5TH-6fMRbv8AfC3LQcwiP6VoReq0B=s48-c-k-c0x00ffffff-no-rj', 'authorChannelUrl': 'http://www.youtube.com/channel/UCAzuXPg_Ne3NlWrOEazISjg', 'authorChannelId': {'value': 'UCAzuXPg_Ne3NlWrOEazISjg'}, 'canRate': True, 'viewerRating': 'none', 'likeCount': 0, 'publishedAt': '2022-10-23T09:25:46Z', 'updatedAt': '2022-10-23T09:25:46Z'}}, 'canReply': True, 'totalReplyCount': 0, 'isPublic': True}",,UCAzuXPg_Ne3NlWrOEazISjg,2022-10-23T09:25:46Z,"A SURRA  QUE O BOLSONARO  DEU NO MOLUSCO  FEZ COM QUE O EX-PRESIDIÁRIO  NÃO  PARTICIPARIA DO DEBATE DO SBT E REVORD TV. ELE DEVE IR NO DEBATE  DA GLOBO. PORQUÊ  LÁ  ELE TEM A PROTEÇÃO  DO BONNER. TENENTE RENZETTI DE MESQUITA,RJ",QURTSl9pMnNvTUh4VVB6LWxwUHhPVXdBQlE0bUNVcnNpa2Z4dTR2TDRpUG1OdEtRNlgzb0Q5clR3VU1QZi1XV2xxVXByWG1FRkFldjFrYw==,2023-06-08 15:04:16.147039
youtube#commentThread,KhB_3dvQKs7ZY9ndb_mwW0x91ww,Ugzfr8yW1rxYmMK1mIR4AaABAg,"{'videoId': 'mD4Mwlx3WNo', 'topLevelComment': {'kind': 'youtube#comment', 'etag': 'kJsI_Bk8Af7K2F2v5j7UBLAcoS4', 'id': 'Ugzfr8yW1rxYmMK1mIR4AaABAg', 'snippet': {'videoId': 'mD4Mwlx3WNo', 'textDisplay': 'POR QUE O PSOL FOI CRIADO. ERA UM DISSIDÊNCIA  DO PT.  EMBORA EU NÃO  SEJA DA ESQUERDA EU RESPEITO OS MILITANTES DESSE PARTIDO POSSO CITAR O DEPUTADO  E PROFESSOR CHICO ALENCAR, O TARCISIO TAMBÉM  DEPUTADO E PROFESSOR.  A ESQUERDA OFUSCA OS ÓRGÃOS  DE COMUNICAÇÃO . EU NÃO  TOLERO NEM A ESQUERDA, NEM A DIREITA RADICAL. TEMOS DE RESPEITAR TODAS AS OPINIÕES.  TENENTE RENZETTI DE MESQUITA,RJ', 'textOriginal': 'POR QUE O PSOL FOI CRIADO. ERA UM DISSIDÊNCIA  DO PT.  EMBORA EU NÃO  SEJA DA ESQUERDA EU RESPEITO OS MILITANTES DESSE PARTIDO POSSO CITAR O DEPUTADO  E PROFESSOR CHICO ALENCAR, O TARCISIO TAMBÉM  DEPUTADO E PROFESSOR.  A ESQUERDA OFUSCA OS ÓRGÃOS  DE COMUNICAÇÃO . EU NÃO  TOLERO NEM A ESQUERDA, NEM A DIREITA RADICAL. TEMOS DE RESPEITAR TODAS AS OPINIÕES.  TENENTE RENZETTI DE MESQUITA,RJ', 'authorDisplayName': 'Ronaldo Renzetti', 'authorProfileImageUrl': 'https://yt3.ggpht.com/ytc/AGIKgqPf2TktpeFyu6Kq1roBlKou9J9XD8DgJL_5TH-6fMRbv8AfC3LQcwiP6VoReq0B=s48-c-k-c0x00ffffff-no-rj', 'authorChannelUrl': 'http://www.youtube.com/channel/UCAzuXPg_Ne3NlWrOEazISjg', 'authorChannelId': {'value': 'UCAzuXPg_Ne3NlWrOEazISjg'}, 'canRate': True, 'viewerRating': 'none', 'likeCount': 0, 'publishedAt': '2022-10-21T19:39:52Z', 'updatedAt': '2022-10-21T19:39:52Z'}}, 'canReply': True, 'totalReplyCount': 0, 'isPublic': True}",,UCAzuXPg_Ne3NlWrOEazISjg,2022-10-21T19:39:52Z,"POR QUE O PSOL FOI CRIADO. ERA UM DISSIDÊNCIA  DO PT.  EMBORA EU NÃO  SEJA DA ESQUERDA EU RESPEITO OS MILITANTES DESSE PARTIDO POSSO CITAR O DEPUTADO  E PROFESSOR CHICO ALENCAR, O TARCISIO TAMBÉM  DEPUTADO E PROFESSOR.  A ESQUERDA OFUSCA OS ÓRGÃOS  DE COMUNICAÇÃO . EU NÃO  TOLERO NEM A ESQUERDA, NEM A DIREITA RADICAL. TEMOS DE RESPEITAR TODAS AS OPINIÕES.  TENENTE RENZETTI DE MESQUITA,RJ",QURTSl9pMGpjdmV3c1VpazdRcVN0SHZxMWZzWjRqelBFUV9DRTVJNVhWS2tOZGx5QUlURzdCZl9kUjJQWXhEWmhKelAxaGZtd0RwZzNwSQ==,2023-06-08 15:15:12.584008
youtube#commentThread,FzSGEgS74C7novJTQ2BYzNorpgQ,Ugz9466imeUo2Y6fSnR4AaABAg,"{'videoId': 'mD4Mwlx3WNo', 'topLevelComment': {'kind': 'youtube#comment', 'etag': 'lFQ5MvwEjKVrSaE3XsLkeln1VNU', 'id': 'Ugz9466imeUo2Y6fSnR4AaABAg', 'snippet': {'videoId': 'mD4Mwlx3WNo', 'textDisplay': 'PELO MENOS O LEONARDO GANDRINE  É  EDUCADO . ELE É  PT , MAS PAFECE QJE ELE NÃO  É  RSDICAL. GOSTEI DA ATITUDE DELE EM DEFENDER A JOVEM PAN. NÃO  DÊ  IMPORTÂNCIA  AOS PETISTAS QUE XINGARAM  VOCÊ.  LEO SE O PT EXPULSAR VOCÊ  , EU TENHO CERTEZA QUE VOCÊ  TERÁ  LUGAR EM QUALQUER PARTIDO QUE VOCÊ  ESCOOLHER. GAROTO NÃO  FICA TRISTE. DEUS ESTÁ  DO SEU LADO. EU SEMPRE ASSISTI OS SEUS COMENTÁRIO  É VOCÊ  NUNCA TRATOU OS SEUS ADVERSÁRIOS  POLITICOS DE MANEIRA DESRESPEITOSA. PARABÉNS.  TENENTE  RENZETTI DE MESQUITA  , RJ', 'textOriginal': 'PELO MENOS O LEONARDO GANDRINE  É  EDUCADO . ELE É  PT , MAS PAFECE QJE ELE NÃO  É  RSDICAL. GOSTEI DA ATITUDE DELE EM DEFENDER A JOVEM PAN. NÃO  DÊ  IMPORTÂNCIA  AOS PETISTAS QUE XINGARAM  VOCÊ.  LEO SE O PT EXPULSAR VOCÊ  , EU TENHO CERTEZA QUE VOCÊ  TERÁ  LUGAR EM QUALQUER PARTIDO QUE VOCÊ  ESCOOLHER. GAROTO NÃO  FICA TRISTE. DEUS ESTÁ  DO SEU LADO. EU SEMPRE ASSISTI OS SEUS COMENTÁRIO  É VOCÊ  NUNCA TRATOU OS SEUS ADVERSÁRIOS  POLITICOS DE MANEIRA DESRESPEITOSA. PARABÉNS.  TENENTE  RENZETTI DE MESQUITA  , RJ', 'authorDisplayName': 'Ronaldo Renzetti', 'authorProfileImageUrl': 'https://yt3.ggpht.com/ytc/AGIKgqPf2TktpeFyu6Kq1roBlKou9J9XD8DgJL_5TH-6fMRbv8AfC3LQcwiP6VoReq0B=s48-c-k-c0x00ffffff-no-rj', 'authorChannelUrl': 'http://www.youtube.com/channel/UCAzuXPg_Ne3NlWrOEazISjg', 'authorChannelId': {'value': 'UCAzuXPg_Ne3NlWrOEazISjg'}, 'canRate': True, 'viewerRating': 'none', 'likeCount': 0, 'publishedAt': '2022-10-21T19:29:26Z', 'updatedAt': '2022-10-21T19:29:26Z'}}, 'canReply': True, 'totalReplyCount': 0, 'isPublic': True}",,UCAzuXPg_Ne3NlWrOEazISjg,2022-10-21T19:29:26Z,"PELO MENOS O LEONARDO GANDRINE  É  EDUCADO . ELE É  PT , MAS PAFECE QJE ELE NÃO  É  RSDICAL. GOSTEI DA ATITUDE DELE EM DEFENDER A JOVEM PAN. NÃO  DÊ  IMPORTÂNCIA  AOS PETISTAS QUE XINGARAM  VOCÊ.  LEO SE O PT EXPULSAR VOCÊ  , EU TENHO CERTEZA QUE VOCÊ  TERÁ  LUGAR EM QUALQUER PARTIDO QUE VOCÊ  ESCOOLHER. GAROTO NÃO  FICA TRISTE. DEUS ESTÁ  DO SEU LADO. EU SEMPRE ASSISTI OS SEUS COMENTÁRIO  É VOCÊ  NUNCA TRATOU OS SEUS ADVERSÁRIOS  POLITICOS DE MANEIRA DESRESPEITOSA. PARABÉNS.  TENENTE  RENZETTI DE MESQUITA  , RJ",QURTSl9pM05vMGRzUkJraU5HMEltU3lQalAxV0d2MExNZWJQb1FhUFdXZENWSDBpck96NkFUb0o1TmhQVEloenNWVW9vbXp3T09zWGZWaw==,2023-06-08 15:15:16.855866
youtube#commentThread,lcblG9YCzNwpuqeKpvs88B97ghQ,UgwC1HmoWYtmC0ZlZyp4AaABAg,"{'videoId': 'vgaFL6LReA4', 'topLevelComment': {'kind': 'youtube#comment', 'etag': 'ue41DXyehojuJ2zeTLdSUuwB65M', 'id': 'UgwC1HmoWYtmC0ZlZyp4AaABAg', 'snippet': {'videoId': 'vgaFL6LReA4', 'textDisplay': 'O GOVERNADOR CLAUDIO CASTRO ESTÁ  CORRETO TEM QUE COMBATER OS SAFADOS QUE FAZEM VIOLÊNCIA  CONTRA AS MULHERES TEMOS DE CRIAR MAIS DELEGACIAS DE MULHERES PARA DAR RESPALDO AS VITIMAS. TENENTE RENZETTI DE MESQUITA  , RJ.', 'textOriginal': 'O GOVERNADOR CLAUDIO CASTRO ESTÁ  CORRETO TEM QUE COMBATER OS SAFADOS QUE FAZEM VIOLÊNCIA  CONTRA AS MULHERES TEMOS DE CRIAR MAIS DELEGACIAS DE MULHERES PARA DAR RESPALDO AS VITIMAS. TENENTE RENZETTI DE MESQUITA  , RJ.', 'authorDisplayName': 'Ronaldo Renzetti', 'authorProfileImageUrl': 'https://yt3.ggpht.com/ytc/AGIKgqPf2TktpeFyu6Kq1roBlKou9J9XD8DgJL_5TH-6fMRbv8AfC3LQcwiP6VoReq0B=s48-c-k-c0x00ffffff-no-rj', 'authorChannelUrl': 'http://www.youtube.com/channel/UCAzuXPg_Ne3NlWrOEazISjg', 'authorChannelId': {'value': 'UCAzuXPg_Ne3NlWrOEazISjg'}, 'canRate': True, 'viewerRating': 'none', 'likeCount': 0, 'publishedAt': '2022-10-21T19:15:47Z', 'updatedAt': '2022-10-21T19:15:47Z'}}, 'canReply': True, 'totalReplyCount': 0, 'isPublic': True}",,UCAzuXPg_Ne3NlWrOEazISjg,2022-10-21T19:15:47Z,"O GOVERNADOR CLAUDIO CASTRO ESTÁ  CORRETO TEM QUE COMBATER OS SAFADOS QUE FAZEM VIOLÊNCIA  CONTRA AS MULHERES TEMOS DE CRIAR MAIS DELEGACIAS DE MULHERES PARA DAR RESPALDO AS VITIMAS. TENENTE RENZETTI DE MESQUITA  , RJ.",,2023-06-08 15:15:51.252541
youtube#commentThread,ZfigSi1U8kNahmuG6VLRKeJZa9g,UgzlUOpVFmi-LxU6O1p4AaABAg,"{'videoId': 'rDEvRvcCAhQ', 'topLevelComment': {'kind': 'youtube#comment', 'etag': 'mVCMBDBapd4xkPYQ1-_TVrbBud0', 'id': 'UgzlUOpVFmi-LxU6O1p4AaABAg', 'snippet': {'videoId': 'rDEvRvcCAhQ', 'textDisplay': 'BOLSONARO , SE DEUS QUISER, GANHARÁ  NOS ESTADOS COM O MAIOR NÚMERO  DE ELRITORES: SÃO  PAULO, MINAS GERAIS E RIO DE JANEIRO. NO PARANÁ  VAI DAR UM BANHO. O PROBLEMA ESTÁ  NO NORDESTE INFELIZMENTE O POVO NORDESTINO , NÃO  TODOS, AINDA ACREDITA NAS MEMTIRAS DO LULA O EX-PRESIDIÁRIO  MAIS MENTIROSO DK BRADIL. TENENTE RENZETTI DE MESQUITA, RJ.', 'textOriginal': 'BOLSONARO , SE DEUS QUISER, GANHARÁ  NOS ESTADOS COM O MAIOR NÚMERO  DE ELRITORES: SÃO  PAULO, MINAS GERAIS E RIO DE JANEIRO. NO PARANÁ  VAI DAR UM BANHO. O PROBLEMA ESTÁ  NO NORDESTE INFELIZMENTE O POVO NORDESTINO , NÃO  TODOS, AINDA ACREDITA NAS MEMTIRAS DO LULA O EX-PRESIDIÁRIO  MAIS MENTIROSO DK BRADIL. TENENTE RENZETTI DE MESQUITA, RJ.', 'authorDisplayName': 'Ronaldo Renzetti', 'authorProfileImageUrl': 'https://yt3.ggpht.com/ytc/AGIKgqPf2TktpeFyu6Kq1roBlKou9J9XD8DgJL_5TH-6fMRbv8AfC3LQcwiP6VoReq0B=s48-c-k-c0x00ffffff-no-rj', 'authorChannelUrl': 'http://www.youtube.com/channel/UCAzuXPg_Ne3NlWrOEazISjg', 'authorChannelId': {'value': 'UCAzuXPg_Ne3NlWrOEazISjg'}, 'canRate': True, 'viewerRating': 'none', 'likeCount': 0, 'publishedAt': '2022-10-21T20:14:03Z', 'updatedAt': '2022-10-21T20:14:03Z'}}, 'canReply': True, 'totalReplyCount': 0, 'isPublic': True}",,UCAzuXPg_Ne3NlWrOEazISjg,2022-10-21T20:14:03Z,"BOLSONARO , SE DEUS QUISER, GANHARÁ  NOS ESTADOS COM O MAIOR NÚMERO  DE ELRITORES: SÃO  PAULO, MINAS GERAIS E RIO DE JANEIRO. NO PARANÁ  VAI DAR UM BANHO. O PROBLEMA ESTÁ  NO NORDESTE INFELIZMENTE O POVO NORDESTINO , NÃO  TODOS, AINDA ACREDITA NAS MEMTIRAS DO LULA O EX-PRESIDIÁRIO  MAIS MENTIROSO DK BRADIL. TENENTE RENZETTI DE MESQUITA, RJ.",QURTSl9pMmxlbndQRTZFX0NJMWg4ejdRc1Y5TjJzM3dwOXdtR2t2UnNFeE5iZGY4QWlwbFBUMHM1b1J3Q2tGREdubDMxQTVsTGpmUGhPbw==,2023-06-08 15:15:54.466163
youtube#commentThread,aDSKY22wrHnGVBhorL4gLeFtf3g,Ugzfo11l-Y8VEeklOD94AaABAg,"{'videoId': 'rDEvRvcCAhQ', 'topLevelComment': {'kind': 'youtube#comment', 'etag': 'OLY8S_xdf0VcYuZHhgaUf9o1Afc', 'id': 'Ugzfo11l-Y8VEeklOD94AaABAg', 'snippet': {'videoId': 'rDEvRvcCAhQ', 'textDisplay': 'MAIS APOIO  AO  NOSSO PRESIDENTE , OS LUTADORES DO MMA. LIDERADOS PELO JOSE ALDO. ESTOU SENTINDO FALTA DO VICTOR BELFORT. EU SÓ  QUERO VER OS COMENTARIOS PARCIAIS DA GLOBO NEWS. A REPÓRTER  DIVULGOU A ENTREVISTA DO CAPITÃO  DO POVO, NO SBT,HOJE, ÀS  <a href=""https://www.youtube.com/watch?v=rDEvRvcCAhQ&amp;t=21m30s"">21:30</a>. O LULA NÃO  VAI  O QUE SERIA UM DEBATE. SERÁ  MEDO OU ACHA QUE JÁ  GANHOU. CUIDADO LULA , O BOLSONARO JÁ  VIROU EM MINAS GERAIS. ISTO SE DEVE AO GOVERNADOR ROMEU ZEMA É O DEPUTADO NIKOLAS FERRRIRA O MAIS VOTADO DO BRASIL. DIZEM OS ENTENDIDOS  QUE O CSNDIDATO QUR GANHAR , NESSE ESTADO, GANHA A  ELEIÇÃO.  TENENTE RENZETTI DE MESQUITA,RJ.', 'textOriginal': 'MAIS APOIO  AO  NOSSO PRESIDENTE , OS LUTADORES DO MMA. LIDERADOS PELO JOSE ALDO. ESTOU SENTINDO FALTA DO VICTOR BELFORT. EU SÓ  QUERO VER OS COMENTARIOS PARCIAIS DA GLOBO NEWS. A REPÓRTER  DIVULGOU A ENTREVISTA DO CAPITÃO  DO POVO, NO SBT,HOJE, ÀS  21:30. O LULA NÃO  VAI  O QUE SERIA UM DEBATE. SERÁ  MEDO OU ACHA QUE JÁ  GANHOU. CUIDADO LULA , O BOLSONARO JÁ  VIROU EM MINAS GERAIS. ISTO SE DEVE AO GOVERNADOR ROMEU ZEMA É O DEPUTADO NIKOLAS FERRRIRA O MAIS VOTADO DO BRASIL. DIZEM OS ENTENDIDOS  QUE O CSNDIDATO QUR GANHAR , NESSE ESTADO, GANHA A  ELEIÇÃO.  TENENTE RENZETTI DE MESQUITA,RJ.', 'authorDisplayName': 'Ronaldo Renzetti', 'authorProfileImageUrl': 'https://yt3.ggpht.com/ytc/AGIKgqPf2TktpeFyu6Kq1roBlKou9J9XD8DgJL_5TH-6fMRbv8AfC3LQcwiP6VoReq0B=s48-c-k-c0x00ffffff-no-rj', 'authorChannelUrl': 'http://www.youtube.com/channel/UCAzuXPg_Ne3NlWrOEazISjg', 'authorChannelId': {'value': 'UCAzuXPg_Ne3NlWrOEazISjg'}, 'canRate': True, 'viewerRating': 'none', 'likeCount': 0, 'publishedAt': '2022-10-21T20:04:33Z', 'updatedAt': '2022-10-21T20:04:33Z'}}, 'canReply': True, 'totalReplyCount': 0, 'isPublic': True}",,UCAzuXPg_Ne3NlWrOEazISjg,2022-10-21T20:04:33Z,"MAIS APOIO  AO  NOSSO PRESIDENTE , OS LUTADORES DO MMA. LIDERADOS PELO JOSE ALDO. ESTOU SENTINDO FALTA DO VICTOR BELFORT. EU SÓ  QUERO VER OS COMENTARIOS PARCIAIS DA GLOBO NEWS. A REPÓRTER  DIVULGOU A ENTREVISTA DO CAPITÃO  DO POVO, NO SBT,HOJE, ÀS  21:30. O LULA NÃO  VAI  O QUE SERIA UM DEBATE. SERÁ  MEDO OU ACHA QUE JÁ  GANHOU. CUIDADO LULA , O BOLSONARO JÁ  VIROU EM MINAS GERAIS. ISTO SE DEVE AO GOVERNADOR ROMEU ZEMA É O DEPUTADO NIKOLAS FERRRIRA O MAIS VOTADO DO BRASIL. DIZEM OS ENTENDIDOS  QUE O CSNDIDATO QUR GANHAR , NESSE ESTADO, GANHA A  ELEIÇÃO.  TENENTE RENZETTI DE MESQUITA,RJ.",QURTSl9pMmxlbndQRTZFX0NJMWg4ejdRc1Y5TjJzM3dwOXdtR2t2UnNFeE5iZGY4QWlwbFBUMHM1b1J3Q2tGREdubDMxQTVsTGpmUGhPbw==,2023-06-08 15:15:54.466163
youtube#commentThread,udDILNqEaz2gQTITX3E2zjCAH_0,Ugwdl5OjoSCD1cGW61F4AaABAg,"{'videoId': 'MjE_oaNkVrc', 'topLevelComment': {'kind': 'youtube#comment', 'etag': 'DYTEk6oktcBhC2MwlQXzMo_XPeI', 'id': 'Ugwdl5OjoSCD1cGW61F4AaABAg', 'snippet': {'videoId': 'MjE_oaNkVrc', 'textDisplay': 'ESTA ELEIÇÃO  DO LULA FOI UM RETROCESSO. SÓ  QUERO VER QUEM  SERÁ  O MINISTRO DA ECONOMIA. ESTÃO  DIZENDO QUE VAI SER O HADDAD. SERÁ  QUE O CONGRESSO  VAI SER COMBATIVO OU VAI SER : TOMA LÁ  DA CÁ.  ESTOU PREOCUPADO  COM O BNDES. OS AMIGUINHOS DO LULA ESTÁO  CHEGANDO, E ELES VÃO  PEDIR  DINHEIRO AO LULA.  DE ONDE VAI SAIR  A GRANA? DO BNDES.TEREMOS 34 MINISTROS. NO  GOVERNO BOLSONARO  POUCO MAIS DE VINTE. OS COMPANHEIROS DO LULA ESTÁO  RINDO À  TOA , TAMBÉM  PUDERA, TERÃO  EMPREGOS GARANTIDOS. OUTRA  COISA  , EU QUERO VER SE O LULADRAO   VAI ISENTAR O CONTRIBUINTE  DO IMPOSTO DE RENDA. ELE DISSE QUE NÃO  PAGARA IMPOSTO  QUEM GANHA ATÉ  CINCO MIL REAIS. QUERO VER PRA CRER. TENENTE RENZETTI DE MESQUITA,RJ.', 'textOriginal': 'ESTA ELEIÇÃO  DO LULA FOI UM RETROCESSO. SÓ  QUERO VER QUEM  SERÁ  O MINISTRO DA ECONOMIA. ESTÃO  DIZENDO QUE VAI SER O HADDAD. SERÁ  QUE O CONGRESSO  VAI SER COMBATIVO OU VAI SER : TOMA LÁ  DA CÁ.  ESTOU PREOCUPADO  COM O BNDES. OS AMIGUINHOS DO LULA ESTÁO  CHEGANDO, E ELES VÃO  PEDIR  DINHEIRO AO LULA.  DE ONDE VAI SAIR  A GRANA? DO BNDES.TEREMOS 34 MINISTROS. NO  GOVERNO BOLSONARO  POUCO MAIS DE VINTE. OS COMPANHEIROS DO LULA ESTÁO  RINDO À  TOA , TAMBÉM  PUDERA, TERÃO  EMPREGOS GARANTIDOS. OUTRA  COISA  , EU QUERO VER SE O LULADRAO   VAI ISENTAR O CONTRIBUINTE  DO IMPOSTO DE RENDA. ELE DISSE QUE NÃO  PAGARA IMPOSTO  QUEM GANHA ATÉ  CINCO MIL REAIS. QUERO VER PRA CRER. TENENTE RENZETTI DE MESQUITA,RJ.', 'authorDisplayName': 'Ronaldo Renzetti', 'authorProfileImageUrl': 'https://yt3.ggpht.com/ytc/AGIKgqPf2TktpeFyu6Kq1roBlKou9J9XD8DgJL_5TH-6fMRbv8AfC3LQcwiP6VoReq0B=s48-c-k-c0x00ffffff-no-rj', 'authorChannelUrl': 'http://www.youtube.com/channel/UCAzuXPg_Ne3NlWrOEazISjg', 'authorChannelId': {'value': 'UCAzuXPg_Ne3NlWrOEazISjg'}, 'canRate': True, 'viewerRating': 'none', 'likeCount': 0, 'publishedAt': '2022-11-01T23:08:52Z', 'updatedAt': '2022-11-01T23:08:52Z'}}, 'canReply': True, 'totalReplyCount': 0, 'isPublic': True}",,UCAzuXPg_Ne3NlWrOEazISjg,2022-11-01T23:08:52Z,"ESTA ELEIÇÃO  DO LULA FOI UM RETROCESSO. SÓ  QUERO VER QUEM  SERÁ  O MINISTRO DA ECONOMIA. ESTÃO  DIZENDO QUE VAI SER O HADDAD. SERÁ  QUE O CONGRESSO  VAI SER COMBATIVO OU VAI SER : TOMA LÁ  DA CÁ.  ESTOU PREOCUPADO  COM O BNDES. OS AMIGUINHOS DO LULA ESTÁO  CHEGANDO, E ELES VÃO  PEDIR  DINHEIRO AO LULA.  DE ONDE VAI SAIR  A GRANA? DO BNDES.TEREMOS 34 MINISTROS. NO  GOVERNO BOLSONARO  POUCO MAIS DE VINTE. OS COMPANHEIROS DO LULA ESTÁO  RINDO À  TOA , TAMBÉM  PUDERA, TERÃO  EMPREGOS GARANTIDOS. OUTRA  COISA  , EU QUERO VER SE O LULADRAO   VAI ISENTAR O CONTRIBUINTE  DO IMPOSTO DE RENDA. ELE DISSE QUE NÃO  PAGARA IMPOSTO  QUEM GANHA ATÉ  CINCO MIL REAIS. QUERO VER PRA CRER. TENENTE RENZETTI DE MESQUITA,RJ.",QURTSl9pMVFIMHotdG1VT2NDdjVXRlA5YlpRM3M0VnUyY0NENThuTldpVWhNRW1KN2o3RXo1Z2pxVFpQM3VIYXZoZWxZWExqalBOY2p3OA==,2023-06-08 14:07:04.976491
youtube#commentThread,JvrVYMYTBaXO4oCF-5vVul1bPQ8,UgxZK6Iz5Yb_1VYP-6l4AaABAg,"{'videoId': 'MjE_oaNkVrc', 'topLevelComment': {'kind': 'youtube#comment', 'etag': 'S2mfrd8IAe0NQgICnSMXRCvBTU0', 'id': 'UgxZK6Iz5Yb_1VYP-6l4AaABAg', 'snippet': {'videoId': 'MjE_oaNkVrc', 'textDisplay': 'O TARCISIO  É  MUITO SEGURO. ELE NÃO  OFENDE NINGUÉM.  DISSE  QUE  VAI TRATAR LULA DE FORMA  DEMOCRÁTICA.  TARCISIO  FEZ UM DISCURSO TÉCNICO. O LULA FEZ UM DISCURSO  POLÍTICO.  O DISCURSO FOI ESCRITO PELA SUA EQUIPE.  TENENTE RENZETTI DE MESQUITA, RJ.', 'textOriginal': 'O TARCISIO  É  MUITO SEGURO. ELE NÃO  OFENDE NINGUÉM.  DISSE  QUE  VAI TRATAR LULA DE FORMA  DEMOCRÁTICA.  TARCISIO  FEZ UM DISCURSO TÉCNICO. O LULA FEZ UM DISCURSO  POLÍTICO.  O DISCURSO FOI ESCRITO PELA SUA EQUIPE.  TENENTE RENZETTI DE MESQUITA, RJ.', 'authorDisplayName': 'Ronaldo Renzetti', 'authorProfileImageUrl': 'https://yt3.ggpht.com/ytc/AGIKgqPf2TktpeFyu6Kq1roBlKou9J9XD8DgJL_5TH-6fMRbv8AfC3LQcwiP6VoReq0B=s48-c-k-c0x00ffffff-no-rj', 'authorChannelUrl': 'http://www.youtube.com/channel/UCAzuXPg_Ne3NlWrOEazISjg', 'authorChannelId': {'value': 'UCAzuXPg_Ne3NlWrOEazISjg'}, 'canRate': True, 'viewerRating': 'none', 'likeCount': 0, 'publishedAt': '2022-11-01T22:51:17Z', 'updatedAt': '2022-11-01T22:51:17Z'}}, 'canReply': True, 'totalReplyCount': 0, 'isPublic': True}",,UCAzuXPg_Ne3NlWrOEazISjg,2022-11-01T22:51:17Z,"O TARCISIO  É  MUITO SEGURO. ELE NÃO  OFENDE NINGUÉM.  DISSE  QUE  VAI TRATAR LULA DE FORMA  DEMOCRÁTICA.  TARCISIO  FEZ UM DISCURSO TÉCNICO. O LULA FEZ UM DISCURSO  POLÍTICO.  O DISCURSO FOI ESCRITO PELA SUA EQUIPE.  TENENTE RENZETTI DE MESQUITA, RJ.",QURTSl9pMVFIMHotdG1VT2NDdjVXRlA5YlpRM3M0VnUyY0NENThuTldpVWhNRW1KN2o3RXo1Z2pxVFpQM3VIYXZoZWxZWExqalBOY2p3OA==,2023-06-08 14:07:04.976491
youtube#commentThread,4iaIvXyiplAyhju_E3QKUx7IkhA,UgxUvzvm-wOFtc3onFZ4AaABAg,"{'videoId': 'TMuEuRub-lc', 'topLevelComment': {'kind': 'youtube#comment', 'etag': 'xux-5jPOhaLd4CpiZCY0cxl_160', 'id': 'UgxUvzvm-wOFtc3onFZ4AaABAg', 'snippet': {'videoId': 'TMuEuRub-lc', 'textDisplay': 'TODO  MUNDO  ESTÁ  OBSERVANDO  QUE  O  STF E O STE  ESTÃO  DEMONSTRANDO PARCIALIDADE  COM RELAÇÃO  A ELEIÇÃO.  ESTÃO  APOIANDO O CANDIDATO  ESQUERDISTA. A ATITUDE  DELE DE CENSURAR  A JOVEM PAN. OS COMENTARISTAS SÓ  FALAM A VERDADE É POR UMA DECISÃO, DE UM MINISTRO  A JOVEM PAN   NÃO  PODE   DIZER  A VERDADE. O XANDAO  ESTÁ  DESRESPEITANDO  A CONSTITUIÇÃO.  ISSO É  UMA VERGONHA. OS OUVINTES ESTÃO  INDIGNADOS  E O TIRO ESTÁ  SAINDO PELA CULATRA, A AUDIÊNCIA  DA JOVEM PAN  ESTÁ  AUMENTANDO  CADA VEZ MAIS. TENENTE RENZETTI DE MESQUITA RJ.', 'textOriginal': 'TODO  MUNDO  ESTÁ  OBSERVANDO  QUE  O  STF E O STE  ESTÃO  DEMONSTRANDO PARCIALIDADE  COM RELAÇÃO  A ELEIÇÃO.  ESTÃO  APOIANDO O CANDIDATO  ESQUERDISTA. A ATITUDE  DELE DE CENSURAR  A JOVEM PAN. OS COMENTARISTAS SÓ  FALAM A VERDADE É POR UMA DECISÃO, DE UM MINISTRO  A JOVEM PAN   NÃO  PODE   DIZER  A VERDADE. O XANDAO  ESTÁ  DESRESPEITANDO  A CONSTITUIÇÃO.  ISSO É  UMA VERGONHA. OS OUVINTES ESTÃO  INDIGNADOS  E O TIRO ESTÁ  SAINDO PELA CULATRA, A AUDIÊNCIA  DA JOVEM PAN  ESTÁ  AUMENTANDO  CADA VEZ MAIS. TENENTE RENZETTI DE MESQUITA RJ.', 'authorDisplayName': 'Ronaldo Renzetti', 'authorProfileImageUrl': 'https://yt3.ggpht.com/ytc/AGIKgqPf2TktpeFyu6Kq1roBlKou9J9XD8DgJL_5TH-6fMRbv8AfC3LQcwiP6VoReq0B=s48-c-k-c0x00ffffff-no-rj', 'authorChannelUrl': 'http://www.youtube.com/channel/UCAzuXPg_Ne3NlWrOEazISjg', 'authorChannelId': {'value': 'UCAzuXPg_Ne3NlWrOEazISjg'}, 'canRate': True, 'viewerRating': 'none', 'likeCount': 0, 'publishedAt': '2022-10-24T12:56:31Z', 'updatedAt': '2022-10-24T12:56:31Z'}}, 'canReply': True, 'totalReplyCount': 0, 'isPublic': True}",,UCAzuXPg_Ne3NlWrOEazISjg,2022-10-24T12:56:31Z,"TODO  MUNDO  ESTÁ  OBSERVANDO  QUE  O  STF E O STE  ESTÃO  DEMONSTRANDO PARCIALIDADE  COM RELAÇÃO  A ELEIÇÃO.  ESTÃO  APOIANDO O CANDIDATO  ESQUERDISTA. A ATITUDE  DELE DE CENSURAR  A JOVEM PAN. OS COMENTARISTAS SÓ  FALAM A VERDADE É POR UMA DECISÃO, DE UM MINISTRO  A JOVEM PAN   NÃO  PODE   DIZER  A VERDADE. O XANDAO  ESTÁ  DESRESPEITANDO  A CONSTITUIÇÃO.  ISSO É  UMA VERGONHA. OS OUVINTES ESTÃO  INDIGNADOS  E O TIRO ESTÁ  SAINDO PELA CULATRA, A AUDIÊNCIA  DA JOVEM PAN  ESTÁ  AUMENTANDO  CADA VEZ MAIS. TENENTE RENZETTI DE MESQUITA RJ.",QURTSl9pM3FpSW9qejBlSVhZX1BWWWdObDJBcEpYT0otTkNfMHNJbDlfRHM0N2dJWTNKRkN2NG5HdHM4M2o5S3VoU0o4alhZMTVodFBTOA==,2023-06-08 15:21:09.346292
youtube#commentThread,hd1hhMBkU6cTS5SU92otPFJJcDs,UgxHb-K5X4EGcaIoFEF4AaABAg,"{'videoId': 'TMuEuRub-lc', 'topLevelComment': {'kind': 'youtube#comment', 'etag': 'yo9Ijc0C4MXkSMsogb-HUMQS8Ao', 'id': 'UgxHb-K5X4EGcaIoFEF4AaABAg', 'snippet': {'videoId': 'TMuEuRub-lc', 'textDisplay': 'DEPUTADO VAN HATTER OLHA A  ATITUDE DO EX-DEPUTADO ROBERTO JEFFERSON.  TUDO  COMEÇOU  COM COMENTÁRIOS  GROSSEIROS A MINISTRA CARMEN  LUCIA. O XANDAO  LOGO DECRETOU  A PRISÃO  DO JEFFERSON ISTO É  MOTIVO PARA PRISAO? ELE SE DESESPEROU E TOMOU UMA ATITUDE  ANORMAL. LOGO ELE QUE É 1982 ERA  INTITULADO  O ADVOGADO DO POVO, NO PROGRAMA , DIRIGIDO , POR WILTON FRANCO: O POVO NA TV, DO SBT. O POVO NA TV  TINHA UMA AUDIÊNCIA  MONSTRUOSA, TANTO É  QUE ELE FOI ELEITO DEPUTADO FEDERAL  , COM MAIS DE 80.000 MIL VOTOS. CONCLUSÃO  ELE ERROU, POIS UM ERRO  NÃO  JUSTIFICA  O OUTRO.  MAS VAMOS NOS  COLOCAR  NO LUGAR  DELE. O STF NÃO  PERMITIU QUE ELE FOSSE CANDIDATO, PORÉM  ADMITIU  A CANDIDATURA  DE UM EX- PRESIDIARIO.  E AÍ  DEPUTADO  VAN HATTER O QUE O SR. ME DIZ ?TENENTE RENZETTI RJ', 'textOriginal': 'DEPUTADO VAN HATTER OLHA A  ATITUDE DO EX-DEPUTADO ROBERTO JEFFERSON.  TUDO  COMEÇOU  COM COMENTÁRIOS  GROSSEIROS A MINISTRA CARMEN  LUCIA. O XANDAO  LOGO DECRETOU  A PRISÃO  DO JEFFERSON ISTO É  MOTIVO PARA PRISAO? ELE SE DESESPEROU E TOMOU UMA ATITUDE  ANORMAL. LOGO ELE QUE É 1982 ERA  INTITULADO  O ADVOGADO DO POVO, NO PROGRAMA , DIRIGIDO , POR WILTON FRANCO: O POVO NA TV, DO SBT. O POVO NA TV  TINHA UMA AUDIÊNCIA  MONSTRUOSA, TANTO É  QUE ELE FOI ELEITO DEPUTADO FEDERAL  , COM MAIS DE 80.000 MIL VOTOS. CONCLUSÃO  ELE ERROU, POIS UM ERRO  NÃO  JUSTIFICA  O OUTRO.  MAS VAMOS NOS  COLOCAR  NO LUGAR  DELE. O STF NÃO  PERMITIU QUE ELE FOSSE CANDIDATO, PORÉM  ADMITIU  A CANDIDATURA  DE UM EX- PRESIDIARIO.  E AÍ  DEPUTADO  VAN HATTER O QUE O SR. ME DIZ ?TENENTE RENZETTI RJ', 'authorDisplayName': 'Ronaldo Renzetti', 'authorProfileImageUrl': 'https://yt3.ggpht.com/ytc/AGIKgqPf2TktpeFyu6Kq1roBlKou9J9XD8DgJL_5TH-6fMRbv8AfC3LQcwiP6VoReq0B=s48-c-k-c0x00ffffff-no-rj', 'authorChannelUrl': 'http://www.youtube.com/channel/UCAzuXPg_Ne3NlWrOEazISjg', 'authorChannelId': {'value': 'UCAzuXPg_Ne3NlWrOEazISjg'}, 'canRate': True, 'viewerRating': 'none', 'likeCount': 0, 'publishedAt': '2022-10-24T12:39:34Z', 'updatedAt': '2022-10-24T12:39:34Z'}}, 'canReply': True, 'totalReplyCount': 0, 'isPublic': True}",,UCAzuXPg_Ne3NlWrOEazISjg,2022-10-24T12:39:34Z,"DEPUTADO VAN HATTER OLHA A  ATITUDE DO EX-DEPUTADO ROBERTO JEFFERSON.  TUDO  COMEÇOU  COM COMENTÁRIOS  GROSSEIROS A MINISTRA CARMEN  LUCIA. O XANDAO  LOGO DECRETOU  A PRISÃO  DO JEFFERSON ISTO É  MOTIVO PARA PRISAO? ELE SE DESESPEROU E TOMOU UMA ATITUDE  ANORMAL. LOGO ELE QUE É 1982 ERA  INTITULADO  O ADVOGADO DO POVO, NO PROGRAMA , DIRIGIDO , POR WILTON FRANCO: O POVO NA TV, DO SBT. O POVO NA TV  TINHA UMA AUDIÊNCIA  MONSTRUOSA, TANTO É  QUE ELE FOI ELEITO DEPUTADO FEDERAL  , COM MAIS DE 80.000 MIL VOTOS. CONCLUSÃO  ELE ERROU, POIS UM ERRO  NÃO  JUSTIFICA  O OUTRO.  MAS VAMOS NOS  COLOCAR  NO LUGAR  DELE. O STF NÃO  PERMITIU QUE ELE FOSSE CANDIDATO, PORÉM  ADMITIU  A CANDIDATURA  DE UM EX- PRESIDIARIO.  E AÍ  DEPUTADO  VAN HATTER O QUE O SR. ME DIZ ?TENENTE RENZETTI RJ",QURTSl9pM3FpSW9qejBlSVhZX1BWWWdObDJBcEpYT0otTkNfMHNJbDlfRHM0N2dJWTNKRkN2NG5HdHM4M2o5S3VoU0o4alhZMTVodFBTOA==,2023-06-08 15:21:09.346292
youtube#commentThread,wwztKNsZ_ttYEs7hRdPA9jgsvFI,UgytR2ggb3B21XwLLMt4AaABAg,"{'videoId': 'MVhypP13-EI', 'topLevelComment': {'kind': 'youtube#comment', 'etag': '8GlGcv9KzA3zfLSXjWJUkDN5o1Y', 'id': 'UgytR2ggb3B21XwLLMt4AaABAg', 'snippet': {'videoId': 'MVhypP13-EI', 'textDisplay': 'COM A PALAVRA O EX-DEPUTADO  ROBERTO  JEFFERSON.  ESTE QUE FOI O ADVOGADO DO POVO NO PROGRAMA  O POVO NA TV ,DO SAUDOSO WILTON FRANCO SABERÁ  DEFINIR AS ATITUDES DO SR. ALEXANDRE DE MORAES. TENENTE  RENZETTI DE MESQUITA RJ.', 'textOriginal': 'COM A PALAVRA O EX-DEPUTADO  ROBERTO  JEFFERSON.  ESTE QUE FOI O ADVOGADO DO POVO NO PROGRAMA  O POVO NA TV ,DO SAUDOSO WILTON FRANCO SABERÁ  DEFINIR AS ATITUDES DO SR. ALEXANDRE DE MORAES. TENENTE  RENZETTI DE MESQUITA RJ.', 'authorDisplayName': 'Ronaldo Renzetti', 'authorProfileImageUrl': 'https://yt3.ggpht.com/ytc/AGIKgqPf2TktpeFyu6Kq1roBlKou9J9XD8DgJL_5TH-6fMRbv8AfC3LQcwiP6VoReq0B=s48-c-k-c0x00ffffff-no-rj', 'authorChannelUrl': 'http://www.youtube.com/channel/UCAzuXPg_Ne3NlWrOEazISjg', 'authorChannelId': {'value': 'UCAzuXPg_Ne3NlWrOEazISjg'}, 'canRate': True, 'viewerRating': 'none', 'likeCount': 0, 'publishedAt': '2022-10-20T22:40:17Z', 'updatedAt': '2022-10-20T22:40:17Z'}}, 'canReply': True, 'totalReplyCount': 0, 'isPublic': True}",,UCAzuXPg_Ne3NlWrOEazISjg,2022-10-20T22:40:17Z,"COM A PALAVRA O EX-DEPUTADO  ROBERTO  JEFFERSON.  ESTE QUE FOI O ADVOGADO DO POVO NO PROGRAMA  O POVO NA TV ,DO SAUDOSO WILTON FRANCO SABERÁ  DEFINIR AS ATITUDES DO SR. ALEXANDRE DE MORAES. TENENTE  RENZETTI DE MESQUITA RJ.",QURTSl9pMzdMcXdxanpLdm5QSTV2bXExa3lpVko2UUNUT1BEelp6TERKcDIzWXhzQzlSME1TVGZiaWlVV29MTGF1cmc4dGlkRjVYTzRSTQ==,2023-06-08 15:22:54.409674
youtube#commentThread,WoT9ynQ3MbysC2eXxE6DMtp2s34,UgymAdGYHl87wj22sMB4AaABAg,"{'videoId': 'MVhypP13-EI', 'topLevelComment': {'kind': 'youtube#comment', 'etag': '3HPvQnL0ONqbcazGqI9n7wGgSiI', 'id': 'UgymAdGYHl87wj22sMB4AaABAg', 'snippet': {'videoId': 'MVhypP13-EI', 'textDisplay': 'DÁ  PARA OBSERVAR QUE O TSE ESTÁ  SENDO  PARCIAL.ESTE ALEXANDRE É  DESCARADAMENTE PETISTA. CADA VEZ MAIS EU FICO ABORRECIDO COM ESSED MINISTROS  DO STF. ESTA  DIFÍCIL  FAZER POLÍTICA  , NESTE PAÍS.  TENENTE RENZETTI DE MESQUITA, RJ.', 'textOriginal': 'DÁ  PARA OBSERVAR QUE O TSE ESTÁ  SENDO  PARCIAL.ESTE ALEXANDRE É  DESCARADAMENTE PETISTA. CADA VEZ MAIS EU FICO ABORRECIDO COM ESSED MINISTROS  DO STF. ESTA  DIFÍCIL  FAZER POLÍTICA  , NESTE PAÍS.  TENENTE RENZETTI DE MESQUITA, RJ.', 'authorDisplayName': 'Ronaldo Renzetti', 'authorProfileImageUrl': 'https://yt3.ggpht.com/ytc/AGIKgqPf2TktpeFyu6Kq1roBlKou9J9XD8DgJL_5TH-6fMRbv8AfC3LQcwiP6VoReq0B=s48-c-k-c0x00ffffff-no-rj', 'authorChannelUrl': 'http://www.youtube.com/channel/UCAzuXPg_Ne3NlWrOEazISjg', 'authorChannelId': {'value': 'UCAzuXPg_Ne3NlWrOEazISjg'}, 'canRate': True, 'viewerRating': 'none', 'likeCount': 0, 'publishedAt': '2022-10-20T22:22:30Z', 'updatedAt': '2022-10-20T22:22:30Z'}}, 'canReply': True, 'totalReplyCount': 0, 'isPublic': True}",,UCAzuXPg_Ne3NlWrOEazISjg,2022-10-20T22:22:30Z,"DÁ  PARA OBSERVAR QUE O TSE ESTÁ  SENDO  PARCIAL.ESTE ALEXANDRE É  DESCARADAMENTE PETISTA. CADA VEZ MAIS EU FICO ABORRECIDO COM ESSED MINISTROS  DO STF. ESTA  DIFÍCIL  FAZER POLÍTICA  , NESTE PAÍS.  TENENTE RENZETTI DE MESQUITA, RJ.",QURTSl9pM1BnUF9iemtEeXZYUWJ3MUIzb2VCV205UFJfdjZneWU0SzUyZk5pVElSWndMYUFOMWhxTXM1OGVNOVJQT0NhZWhjYzNkczhIYw==,2023-06-08 15:22:56.784032
youtube#commentThread,_F3KM2wnTiTMOO-m9eiKqX5AmqA,UgwriQjk-bMar8pCEjt4AaABAg,"{'videoId': 'QxIlLr44Agk', 'topLevelComment': {'kind': 'youtube#comment', 'etag': 'CVQuyrlhgPz7Zd194wR5J0RW_0U', 'id': 'UgwriQjk-bMar8pCEjt4AaABAg', 'snippet': {'videoId': 'QxIlLr44Agk', 'textDisplay': 'VOCÊ  ESTÁ  CERTO , BORIS CASOI. O SEU BORDÃO   É  PERFEITO: ISTO  É  UMA VERGONHA . ESTA DECISÃO  COLOCA SOB SUSPEITA A IMPARCIALIDADE  DO TSE. A CATEGORIA TEM OBRIGAÇÃO  DE DEFENDER A JOVEM  PAN.  TENENTE RENZETTI DE MESQUITA RJ.', 'textOriginal': 'VOCÊ  ESTÁ  CERTO , BORIS CASOI. O SEU BORDÃO   É  PERFEITO: ISTO  É  UMA VERGONHA . ESTA DECISÃO  COLOCA SOB SUSPEITA A IMPARCIALIDADE  DO TSE. A CATEGORIA TEM OBRIGAÇÃO  DE DEFENDER A JOVEM  PAN.  TENENTE RENZETTI DE MESQUITA RJ.', 'authorDisplayName': 'Ronaldo Renzetti', 'authorProfileImageUrl': 'https://yt3.ggpht.com/ytc/AGIKgqPf2TktpeFyu6Kq1roBlKou9J9XD8DgJL_5TH-6fMRbv8AfC3LQcwiP6VoReq0B=s48-c-k-c0x00ffffff-no-rj', 'authorChannelUrl': 'http://www.youtube.com/channel/UCAzuXPg_Ne3NlWrOEazISjg', 'authorChannelId': {'value': 'UCAzuXPg_Ne3NlWrOEazISjg'}, 'canRate': True, 'viewerRating': 'none', 'likeCount': 0, 'publishedAt': '2022-10-20T23:52:18Z', 'updatedAt': '2022-10-20T23:52:18Z'}}, 'canReply': True, 'totalReplyCount': 0, 'isPublic': True}",,UCAzuXPg_Ne3NlWrOEazISjg,2022-10-20T23:52:18Z,"VOCÊ  ESTÁ  CERTO , BORIS CASOI. O SEU BORDÃO   É  PERFEITO: ISTO  É  UMA VERGONHA . ESTA DECISÃO  COLOCA SOB SUSPEITA A IMPARCIALIDADE  DO TSE. A CATEGORIA TEM OBRIGAÇÃO  DE DEFENDER A JOVEM  PAN.  TENENTE RENZETTI DE MESQUITA RJ.",QURTSl9pM2dnV05fTkZuUHlwaVF5a2M4ZEdraTctREQyRHVTQUlJT2ZSTktSbGRYUkdOM3F2ZXJBa3ZBS0Vhem5oV185bFVyOWE4YlZzZw==,2023-06-08 15:23:42.558508
