kind,etag,id,snippet,replies,authorChannelId,publishedAt,textOriginal,nextPageToken,extraction_date
youtube#commentThread,6wh8N0BgA4fOMfd3hxwtMj3WuVE,Ugze83tLgnER-losx054AaABAg,"{'videoId': '7ekUtgMfteo', 'topLevelComment': {'kind': 'youtube#comment', 'etag': 'zaGoW0Oj2u5EnPcLjOV3ybwP3MA', 'id': 'Ugze83tLgnER-losx054AaABAg', 'snippet': {'videoId': '7ekUtgMfteo', 'textDisplay': 'Narcotraficante vagabundo', 'textOriginal': 'Narcotraficante vagabundo', 'authorDisplayName': 'Valdir Audi', 'authorProfileImageUrl': 'https://yt3.ggpht.com/ytc/AGIKgqNDLi2rjxcVaS-ffxtoRyAQYFPptQ8EjPbWVw=s48-c-k-c0x00ffffff-no-rj', 'authorChannelUrl': 'http://www.youtube.com/channel/UCZaDJ3mlDOHTyMxNG5r2feA', 'authorChannelId': {'value': 'UCZaDJ3mlDOHTyMxNG5r2feA'}, 'canRate': True, 'viewerRating': 'none', 'likeCount': 0, 'publishedAt': '2022-10-20T16:12:25Z', 'updatedAt': '2022-10-20T16:12:25Z'}}, 'canReply': True, 'totalReplyCount': 0, 'isPublic': True}",,UCZaDJ3mlDOHTyMxNG5r2feA,2022-10-20T16:12:25Z,Narcotraficante vagabundo,QURTSl9pMkpCY1lnLTdkVWo0Mno4bVZhaEtjMF9Sd1JQemsxMHNuNzhqS1BfVFl4bjdaVkFHUWVqNU14MFdxU1M1NE1Ta084MFdxaFRKWQ==,2023-06-08 15:40:06.858888
youtube#commentThread,l9Za2zzkhteJluBhy8CwjboJnGI,Ugw_uNfcjyp2GE5abZp4AaABAg,"{'videoId': 'XOLbLHJQm6Q', 'topLevelComment': {'kind': 'youtube#comment', 'etag': '5x-2w2BJ3e4Z4c0yKkuntpXkvss', 'id': 'Ugw_uNfcjyp2GE5abZp4AaABAg', 'snippet': {'videoId': 'XOLbLHJQm6Q', 'textDisplay': 'Não empreguem nordestinos', 'textOriginal': 'Não empreguem nordestinos', 'authorDisplayName': 'Valdir Audi', 'authorProfileImageUrl': 'https://yt3.ggpht.com/ytc/AGIKgqNDLi2rjxcVaS-ffxtoRyAQYFPptQ8EjPbWVw=s48-c-k-c0x00ffffff-no-rj', 'authorChannelUrl': 'http://www.youtube.com/channel/UCZaDJ3mlDOHTyMxNG5r2feA', 'authorChannelId': {'value': 'UCZaDJ3mlDOHTyMxNG5r2feA'}, 'canRate': True, 'viewerRating': 'none', 'likeCount': 0, 'publishedAt': '2022-10-31T20:28:41Z', 'updatedAt': '2022-10-31T20:28:41Z'}}, 'canReply': True, 'totalReplyCount': 0, 'isPublic': True}",,UCZaDJ3mlDOHTyMxNG5r2feA,2022-10-31T20:28:41Z,Não empreguem nordestinos,QURTSl9pM1ByQVg0YVVNWVMxdkVrWVJyc3ZtN05qd3ZZUjBabjFWX3RmUHR1Q2Z6ZHZTYi1lQzNrTVZFUmV0RGFTSklucllqUi1CQkM4UQ==,2023-06-08 13:56:53.175229
youtube#commentThread,BT48No2u8VqXtIQ_c6IlvYntux0,Ugwp_DWpHDyiGEHCnD14AaABAg,"{'videoId': 'uPQD5QPGqsg', 'topLevelComment': {'kind': 'youtube#comment', 'etag': 'uUDpn--NyakOw5orG-OVaUuS6K0', 'id': 'Ugwp_DWpHDyiGEHCnD14AaABAg', 'snippet': {'videoId': 'uPQD5QPGqsg', 'textDisplay': 'Três bandidos', 'textOriginal': 'Três bandidos', 'authorDisplayName': 'Valdir Audi', 'authorProfileImageUrl': 'https://yt3.ggpht.com/ytc/AGIKgqNDLi2rjxcVaS-ffxtoRyAQYFPptQ8EjPbWVw=s48-c-k-c0x00ffffff-no-rj', 'authorChannelUrl': 'http://www.youtube.com/channel/UCZaDJ3mlDOHTyMxNG5r2feA', 'authorChannelId': {'value': 'UCZaDJ3mlDOHTyMxNG5r2feA'}, 'canRate': True, 'viewerRating': 'none', 'likeCount': 0, 'publishedAt': '2022-10-30T20:05:37Z', 'updatedAt': '2022-10-30T20:05:37Z'}}, 'canReply': True, 'totalReplyCount': 0, 'isPublic': True}",,UCZaDJ3mlDOHTyMxNG5r2feA,2022-10-30T20:05:37Z,Três bandidos,QURTSl9pMTI1MmwtNkdJNzVBcHpHbHlqUVFTc0JYTC1XbEtoUlh2MUVGNVBoNkFyNWIxNTBzQ1FfSVB5QlY0NlB0T2VKTXFjNFVRcEVSZw==,2023-06-08 14:11:00.596001
youtube#commentThread,KuZuuqCFxyy3YiKtw5I54b7Xz0Q,UgyaE7blKMBw2Jv7cZx4AaABAg,"{'videoId': 'uPQD5QPGqsg', 'topLevelComment': {'kind': 'youtube#comment', 'etag': 'vdYO6J6kVKZlvTkc9ayboFibZhI', 'id': 'UgyaE7blKMBw2Jv7cZx4AaABAg', 'snippet': {'videoId': 'uPQD5QPGqsg', 'textDisplay': 'Avisa o vagabundo que o jeep  está  a caminho', 'textOriginal': 'Avisa o vagabundo que o jeep  está  a caminho', 'authorDisplayName': 'Valdir Audi', 'authorProfileImageUrl': 'https://yt3.ggpht.com/ytc/AGIKgqNDLi2rjxcVaS-ffxtoRyAQYFPptQ8EjPbWVw=s48-c-k-c0x00ffffff-no-rj', 'authorChannelUrl': 'http://www.youtube.com/channel/UCZaDJ3mlDOHTyMxNG5r2feA', 'authorChannelId': {'value': 'UCZaDJ3mlDOHTyMxNG5r2feA'}, 'canRate': True, 'viewerRating': 'none', 'likeCount': 0, 'publishedAt': '2022-10-30T20:05:24Z', 'updatedAt': '2022-10-30T20:05:24Z'}}, 'canReply': True, 'totalReplyCount': 0, 'isPublic': True}",,UCZaDJ3mlDOHTyMxNG5r2feA,2022-10-30T20:05:24Z,Avisa o vagabundo que o jeep  está  a caminho,QURTSl9pMTI1MmwtNkdJNzVBcHpHbHlqUVFTc0JYTC1XbEtoUlh2MUVGNVBoNkFyNWIxNTBzQ1FfSVB5QlY0NlB0T2VKTXFjNFVRcEVSZw==,2023-06-08 14:11:00.596001
youtube#commentThread,c9n8oZ0OrZ10Q3E7VoB1KLLXBw4,UgwxiPEXJi1INTtBbUl4AaABAg,"{'videoId': 'i2GzzIW-aKA', 'topLevelComment': {'kind': 'youtube#comment', 'etag': 'TCwKSM-Yv8NcxRzly_9wbDZThcU', 'id': 'UgwxiPEXJi1INTtBbUl4AaABAg', 'snippet': {'videoId': 'i2GzzIW-aKA', 'textDisplay': 'Avisa o vagabundo que o jeep  já  estaa caminho', 'textOriginal': 'Avisa o vagabundo que o jeep  já  estaa caminho', 'authorDisplayName': 'Valdir Audi', 'authorProfileImageUrl': 'https://yt3.ggpht.com/ytc/AGIKgqNDLi2rjxcVaS-ffxtoRyAQYFPptQ8EjPbWVw=s48-c-k-c0x00ffffff-no-rj', 'authorChannelUrl': 'http://www.youtube.com/channel/UCZaDJ3mlDOHTyMxNG5r2feA', 'authorChannelId': {'value': 'UCZaDJ3mlDOHTyMxNG5r2feA'}, 'canRate': True, 'viewerRating': 'none', 'likeCount': 0, 'publishedAt': '2022-10-30T18:51:10Z', 'updatedAt': '2022-10-30T18:51:10Z'}}, 'canReply': True, 'totalReplyCount': 0, 'isPublic': True}",,UCZaDJ3mlDOHTyMxNG5r2feA,2022-10-30T18:51:10Z,Avisa o vagabundo que o jeep  já  estaa caminho,,2023-06-08 14:11:23.174471
youtube#commentThread,dV63ZWJrA2WTGhZ4z1gf7l7g-RI,UgwAg8PWCDOvw6YdATZ4AaABAg,"{'videoId': 'oy4bo6fUc70', 'topLevelComment': {'kind': 'youtube#comment', 'etag': 'ijNrAC25Zl67L8gMClLc2DqoSjk', 'id': 'UgwAg8PWCDOvw6YdATZ4AaABAg', 'snippet': {'videoId': 'oy4bo6fUc70', 'textDisplay': 'Não de emprego a nordestino', 'textOriginal': 'Não de emprego a nordestino', 'authorDisplayName': 'Valdir Audi', 'authorProfileImageUrl': 'https://yt3.ggpht.com/ytc/AGIKgqNDLi2rjxcVaS-ffxtoRyAQYFPptQ8EjPbWVw=s48-c-k-c0x00ffffff-no-rj', 'authorChannelUrl': 'http://www.youtube.com/channel/UCZaDJ3mlDOHTyMxNG5r2feA', 'authorChannelId': {'value': 'UCZaDJ3mlDOHTyMxNG5r2feA'}, 'canRate': True, 'viewerRating': 'none', 'likeCount': 2, 'publishedAt': '2022-10-31T20:23:08Z', 'updatedAt': '2022-10-31T20:23:08Z'}}, 'canReply': True, 'totalReplyCount': 0, 'isPublic': True}",,UCZaDJ3mlDOHTyMxNG5r2feA,2022-10-31T20:23:08Z,Não de emprego a nordestino,QURTSl9pMGR1SnRIUHFfWGgzeFVCQU14X3Vkc3l1eXNnbzVpYWZkZXlDUGZ2WHJNYTZqMzR0TExITzROd00xOUgwNHhPQXV1ZW5MUVVGcw==,2023-06-08 13:57:07.408556
youtube#commentThread,oi5sUzGZmHSdFl3HJhnVZCSjLXo,UgxNmXO_HcF6HezqDhF4AaABAg,"{'videoId': 'Q6lntnLj_lI', 'topLevelComment': {'kind': 'youtube#comment', 'etag': '0C1xz2klaueUoFPkejwgvijGX-A', 'id': 'UgxNmXO_HcF6HezqDhF4AaABAg', 'snippet': {'videoId': 'Q6lntnLj_lI', 'textDisplay': 'Lula bandido é ladrão', 'textOriginal': 'Lula bandido é ladrão', 'authorDisplayName': 'Valdir Audi', 'authorProfileImageUrl': 'https://yt3.ggpht.com/ytc/AGIKgqNDLi2rjxcVaS-ffxtoRyAQYFPptQ8EjPbWVw=s48-c-k-c0x00ffffff-no-rj', 'authorChannelUrl': 'http://www.youtube.com/channel/UCZaDJ3mlDOHTyMxNG5r2feA', 'authorChannelId': {'value': 'UCZaDJ3mlDOHTyMxNG5r2feA'}, 'canRate': True, 'viewerRating': 'none', 'likeCount': 0, 'publishedAt': '2022-10-30T15:33:12Z', 'updatedAt': '2022-10-30T15:33:12Z'}}, 'canReply': True, 'totalReplyCount': 0, 'isPublic': True}",,UCZaDJ3mlDOHTyMxNG5r2feA,2022-10-30T15:33:12Z,Lula bandido é ladrão,,2023-06-08 14:12:34.622145
youtube#commentThread,wf7PELomzpqdaQmiqQG5OHx3fhM,UgxzVvWET8tEWlNa9Yx4AaABAg,"{'videoId': '0nBkSG50X1U', 'topLevelComment': {'kind': 'youtube#comment', 'etag': '5Q6KH6F9A1qEtM83UNptw5zjxNo', 'id': 'UgxzVvWET8tEWlNa9Yx4AaABAg', 'snippet': {'videoId': '0nBkSG50X1U', 'textDisplay': 'Lula ladrão  ladrão  ladrão  ladrão  ladrão  ladrão  ladrão  ladrão  ladrão  ladrão  ladrão  ladrão  ladrão  ladrão  ladrão  ladrão  ladrão  ladrão  ladrão  ladrão  ladrão  ladrão  ladrão  ladrão  ladrão  ladrão  ladrão', 'textOriginal': 'Lula ladrão  ladrão  ladrão  ladrão  ladrão  ladrão  ladrão  ladrão  ladrão  ladrão  ladrão  ladrão  ladrão  ladrão  ladrão  ladrão  ladrão  ladrão  ladrão  ladrão  ladrão  ladrão  ladrão  ladrão  ladrão  ladrão  ladrão', 'authorDisplayName': 'Valdir Audi', 'authorProfileImageUrl': 'https://yt3.ggpht.com/ytc/AGIKgqNDLi2rjxcVaS-ffxtoRyAQYFPptQ8EjPbWVw=s48-c-k-c0x00ffffff-no-rj', 'authorChannelUrl': 'http://www.youtube.com/channel/UCZaDJ3mlDOHTyMxNG5r2feA', 'authorChannelId': {'value': 'UCZaDJ3mlDOHTyMxNG5r2feA'}, 'canRate': True, 'viewerRating': 'none', 'likeCount': 0, 'publishedAt': '2022-10-30T13:27:33Z', 'updatedAt': '2022-10-30T13:27:33Z'}}, 'canReply': True, 'totalReplyCount': 0, 'isPublic': True}",,UCZaDJ3mlDOHTyMxNG5r2feA,2022-10-30T13:27:33Z,Lula ladrão  ladrão  ladrão  ladrão  ladrão  ladrão  ladrão  ladrão  ladrão  ladrão  ladrão  ladrão  ladrão  ladrão  ladrão  ladrão  ladrão  ladrão  ladrão  ladrão  ladrão  ladrão  ladrão  ladrão  ladrão  ladrão  ladrão,QURTSl9pMnc1YlVoSkVHdXVCRko2SGx1U2dyQVFZTWIwRGtXZzlSVldnUUdOZXlfTGVlTzBHRUlBbVFBLTVrZ2YwYzIwZk9nYkR6NkF5aw==,2023-06-08 14:13:18.149530
youtube#commentThread,SefndBAO4mKs5vmbhoiG0i8_76Y,UgxLhy21RjUaOHB-Qal4AaABAg,"{'videoId': 'oQ0KmrKYUFw', 'topLevelComment': {'kind': 'youtube#comment', 'etag': 'mMGW3CCriU_7cGXBTiyOYwSkeG0', 'id': 'UgxLhy21RjUaOHB-Qal4AaABAg', 'snippet': {'videoId': 'oQ0KmrKYUFw', 'textDisplay': 'Vai entregar a faixa para bandidos', 'textOriginal': 'Vai entregar a faixa para bandidos', 'authorDisplayName': 'Valdir Audi', 'authorProfileImageUrl': 'https://yt3.ggpht.com/ytc/AGIKgqNDLi2rjxcVaS-ffxtoRyAQYFPptQ8EjPbWVw=s48-c-k-c0x00ffffff-no-rj', 'authorChannelUrl': 'http://www.youtube.com/channel/UCZaDJ3mlDOHTyMxNG5r2feA', 'authorChannelId': {'value': 'UCZaDJ3mlDOHTyMxNG5r2feA'}, 'canRate': True, 'viewerRating': 'none', 'likeCount': 0, 'publishedAt': '2022-10-31T20:34:06Z', 'updatedAt': '2022-10-31T20:34:06Z'}}, 'canReply': True, 'totalReplyCount': 0, 'isPublic': True}",,UCZaDJ3mlDOHTyMxNG5r2feA,2022-10-31T20:34:06Z,Vai entregar a faixa para bandidos,QURTSl9pMjl3UWk2c05aVnhMakI5OU5mMFhiMmxwcF9yN1I3aVdLckY5akdZVGl6Vk9NR0RGUkQ0U2tkNWVJdHdDUzFEcXZsQ2UteUFSRQ==,2023-06-08 13:57:12.706534
youtube#commentThread,BTfTwVzo3afegtYR15jy_HwwvaE,UgwziPMYnqVVFNkJHOd4AaABAg,"{'videoId': 'oQ0KmrKYUFw', 'topLevelComment': {'kind': 'youtube#comment', 'etag': 'A3zKcX8un_zQWbxwpvOUrX6MalY', 'id': 'UgwziPMYnqVVFNkJHOd4AaABAg', 'snippet': {'videoId': 'oQ0KmrKYUFw', 'textDisplay': 'Não só  vai fazer a transição como cai bater continência para lua e maduro', 'textOriginal': 'Não só  vai fazer a transição como cai bater continência para lua e maduro', 'authorDisplayName': 'Valdir Audi', 'authorProfileImageUrl': 'https://yt3.ggpht.com/ytc/AGIKgqNDLi2rjxcVaS-ffxtoRyAQYFPptQ8EjPbWVw=s48-c-k-c0x00ffffff-no-rj', 'authorChannelUrl': 'http://www.youtube.com/channel/UCZaDJ3mlDOHTyMxNG5r2feA', 'authorChannelId': {'value': 'UCZaDJ3mlDOHTyMxNG5r2feA'}, 'canRate': True, 'viewerRating': 'none', 'likeCount': 0, 'publishedAt': '2022-10-31T20:33:41Z', 'updatedAt': '2022-10-31T20:33:41Z'}}, 'canReply': True, 'totalReplyCount': 0, 'isPublic': True}",,UCZaDJ3mlDOHTyMxNG5r2feA,2022-10-31T20:33:41Z,Não só  vai fazer a transição como cai bater continência para lua e maduro,QURTSl9pMjl3UWk2c05aVnhMakI5OU5mMFhiMmxwcF9yN1I3aVdLckY5akdZVGl6Vk9NR0RGUkQ0U2tkNWVJdHdDUzFEcXZsQ2UteUFSRQ==,2023-06-08 13:57:12.706534
youtube#commentThread,1mkZwqIDB8NIx_KnJkaqr1lN8MI,UgwgQdi6-HTa_f9haWJ4AaABAg,"{'videoId': 'opzzOvvebkQ', 'topLevelComment': {'kind': 'youtube#comment', 'etag': '6VgbdWJYDkpCzrnhIeRhIpjH9q8', 'id': 'UgwgQdi6-HTa_f9haWJ4AaABAg', 'snippet': {'videoId': 'opzzOvvebkQ', 'textDisplay': 'Pergunta ao boca de veludo', 'textOriginal': 'Pergunta ao boca de veludo', 'authorDisplayName': 'Valdir Audi', 'authorProfileImageUrl': 'https://yt3.ggpht.com/ytc/AGIKgqNDLi2rjxcVaS-ffxtoRyAQYFPptQ8EjPbWVw=s48-c-k-c0x00ffffff-no-rj', 'authorChannelUrl': 'http://www.youtube.com/channel/UCZaDJ3mlDOHTyMxNG5r2feA', 'authorChannelId': {'value': 'UCZaDJ3mlDOHTyMxNG5r2feA'}, 'canRate': True, 'viewerRating': 'none', 'likeCount': 0, 'publishedAt': '2022-10-15T13:47:53Z', 'updatedAt': '2022-10-15T13:47:53Z'}}, 'canReply': True, 'totalReplyCount': 0, 'isPublic': True}",,UCZaDJ3mlDOHTyMxNG5r2feA,2022-10-15T13:47:53Z,Pergunta ao boca de veludo,QURTSl9pMG9weVE2SDlUY2p2VU5SSzl3clJlajA3ZDdBa01HX0pXSl9YSmF2N1haTVNyeUpudFFwb0lwWDR1bWdSUHRlYXZlc3dEaUVsZw==,2023-06-08 18:14:04.847978
youtube#commentThread,vXHo4YTceAHd2ItsTdxaxbozwyc,UgzclEl0H-ocjl5OV0B4AaABAg,"{'videoId': '6_c4M_TwnEA', 'topLevelComment': {'kind': 'youtube#comment', 'etag': 'ozHT6UpLTyjxtNUmt8t8R6XHHA8', 'id': 'UgzclEl0H-ocjl5OV0B4AaABAg', 'snippet': {'videoId': '6_c4M_TwnEA', 'textDisplay': 'Explica que ele vai meter o pé no balde e pendurar em pau de arara todos os bandido', 'textOriginal': 'Explica que ele vai meter o pé no balde e pendurar em pau de arara todos os bandido', 'authorDisplayName': 'Valdir Audi', 'authorProfileImageUrl': 'https://yt3.ggpht.com/ytc/AGIKgqNDLi2rjxcVaS-ffxtoRyAQYFPptQ8EjPbWVw=s48-c-k-c0x00ffffff-no-rj', 'authorChannelUrl': 'http://www.youtube.com/channel/UCZaDJ3mlDOHTyMxNG5r2feA', 'authorChannelId': {'value': 'UCZaDJ3mlDOHTyMxNG5r2feA'}, 'canRate': True, 'viewerRating': 'none', 'likeCount': 0, 'publishedAt': '2022-10-31T22:41:00Z', 'updatedAt': '2022-10-31T22:41:00Z'}}, 'canReply': True, 'totalReplyCount': 0, 'isPublic': True}",,UCZaDJ3mlDOHTyMxNG5r2feA,2022-10-31T22:41:00Z,Explica que ele vai meter o pé no balde e pendurar em pau de arara todos os bandido,QURTSl9pM1gyXzBfeElDZ1JyTjNvY2N6cXJOaG1sNDJXZkswWE8xV3VfY3ZCUDJmTDlHMGQ2ZkQtYXl3d0lvRFljMU9PUElTeVFRU1ZJNA==,2023-06-08 13:57:44.464311
youtube#commentThread,qDGHejKUSP1WL7XuN88JFgQan7c,Ugyyd6_8HhILUYogYEF4AaABAg,"{'videoId': 'LFytmGrYWYg', 'topLevelComment': {'kind': 'youtube#comment', 'etag': 'ZufWbEXj1nMGtf9IQRnbWUkBzfk', 'id': 'Ugyyd6_8HhILUYogYEF4AaABAg', 'snippet': {'videoId': 'LFytmGrYWYg', 'textDisplay': 'Avisa o bandido que o jeep  já  está  a caminho', 'textOriginal': 'Avisa o bandido que o jeep  já  está  a caminho', 'authorDisplayName': 'Valdir Audi', 'authorProfileImageUrl': 'https://yt3.ggpht.com/ytc/AGIKgqNDLi2rjxcVaS-ffxtoRyAQYFPptQ8EjPbWVw=s48-c-k-c0x00ffffff-no-rj', 'authorChannelUrl': 'http://www.youtube.com/channel/UCZaDJ3mlDOHTyMxNG5r2feA', 'authorChannelId': {'value': 'UCZaDJ3mlDOHTyMxNG5r2feA'}, 'canRate': True, 'viewerRating': 'none', 'likeCount': 0, 'publishedAt': '2022-10-29T18:40:22Z', 'updatedAt': '2022-10-29T18:40:22Z'}}, 'canReply': True, 'totalReplyCount': 0, 'isPublic': True}",,UCZaDJ3mlDOHTyMxNG5r2feA,2022-10-29T18:40:22Z,Avisa o bandido que o jeep  já  está  a caminho,QURTSl9pMzdJZEhoWFVLR2dOc3lacVRzR1NRS1FEOW41RVZ6aVNYYzZNZUFjVHJPNnQyaXc3QlFKRld5NWpoVUR0LW9qZmdsMHVtenNpVQ==,2023-06-08 14:16:10.328125
youtube#commentThread,tjNnYGLurVX4uGt09ODfk_XWAlI,UgwUAsHBddTLwvA7mMZ4AaABAg,"{'videoId': 'xbfbSydJkNk', 'topLevelComment': {'kind': 'youtube#comment', 'etag': 'tMakSbFH4elv-x3KpEVoNIGOOT8', 'id': 'UgwUAsHBddTLwvA7mMZ4AaABAg', 'snippet': {'videoId': 'xbfbSydJkNk', 'textDisplay': 'Avisa o puteiro que na segunda feira o jeep  estará na porta', 'textOriginal': 'Avisa o puteiro que na segunda feira o jeep  estará na porta', 'authorDisplayName': 'Valdir Audi', 'authorProfileImageUrl': 'https://yt3.ggpht.com/ytc/AGIKgqNDLi2rjxcVaS-ffxtoRyAQYFPptQ8EjPbWVw=s48-c-k-c0x00ffffff-no-rj', 'authorChannelUrl': 'http://www.youtube.com/channel/UCZaDJ3mlDOHTyMxNG5r2feA', 'authorChannelId': {'value': 'UCZaDJ3mlDOHTyMxNG5r2feA'}, 'canRate': True, 'viewerRating': 'none', 'likeCount': 1, 'publishedAt': '2022-10-29T14:05:40Z', 'updatedAt': '2022-10-29T14:05:40Z'}}, 'canReply': True, 'totalReplyCount': 0, 'isPublic': True}",,UCZaDJ3mlDOHTyMxNG5r2feA,2022-10-29T14:05:40Z,Avisa o puteiro que na segunda feira o jeep  estará na porta,,2023-06-08 14:16:36.069858
youtube#commentThread,79AtuE_89hnR6pi_jhHYQyNDQxQ,Ugx5sUGS8pBROOM_cMd4AaABAg,"{'videoId': 'jrPKnxnRMs8', 'topLevelComment': {'kind': 'youtube#comment', 'etag': 'RH6jn5xourOzRR_jbV2rlD8g9BU', 'id': 'Ugx5sUGS8pBROOM_cMd4AaABAg', 'snippet': {'videoId': 'jrPKnxnRMs8', 'textDisplay': 'Vamos separar o nordeste do brasil não  faça turismo no nordeste e não empregue nordestinos', 'textOriginal': 'Vamos separar o nordeste do brasil não  faça turismo no nordeste e não empregue nordestinos', 'authorDisplayName': 'Valdir Audi', 'authorProfileImageUrl': 'https://yt3.ggpht.com/ytc/AGIKgqNDLi2rjxcVaS-ffxtoRyAQYFPptQ8EjPbWVw=s48-c-k-c0x00ffffff-no-rj', 'authorChannelUrl': 'http://www.youtube.com/channel/UCZaDJ3mlDOHTyMxNG5r2feA', 'authorChannelId': {'value': 'UCZaDJ3mlDOHTyMxNG5r2feA'}, 'canRate': True, 'viewerRating': 'none', 'likeCount': 0, 'publishedAt': '2022-10-31T16:56:48Z', 'updatedAt': '2022-10-31T16:56:48Z'}}, 'canReply': True, 'totalReplyCount': 0, 'isPublic': True}",,UCZaDJ3mlDOHTyMxNG5r2feA,2022-10-31T16:56:48Z,Vamos separar o nordeste do brasil não  faça turismo no nordeste e não empregue nordestinos,QURTSl9pMDVpQTU5Tll5LW9OMmVMamZZY0xFNnZIeWNGTzM0c01mRUdBTE5tamNWRWpZN1lnRnF0QUpFWmlpTXZoUDk0WmdKaEt0bHREUQ==,2023-06-08 13:58:40.059443
youtube#commentThread,zRQSLAhuaPr3jIY-6XWuYH13ysI,UgzNUNYBT_sFZRlIYTB4AaABAg,"{'videoId': 'dIha4Ru7kXA', 'topLevelComment': {'kind': 'youtube#comment', 'etag': 'NKUaP-B_8_wDdnkwMXZHNLAe538', 'id': 'UgzNUNYBT_sFZRlIYTB4AaABAg', 'snippet': {'videoId': 'dIha4Ru7kXA', 'textDisplay': 'Avisa o vagabundo que o jeep  está a caminho', 'textOriginal': 'Avisa o vagabundo que o jeep  está a caminho', 'authorDisplayName': 'Valdir Audi', 'authorProfileImageUrl': 'https://yt3.ggpht.com/ytc/AGIKgqNDLi2rjxcVaS-ffxtoRyAQYFPptQ8EjPbWVw=s48-c-k-c0x00ffffff-no-rj', 'authorChannelUrl': 'http://www.youtube.com/channel/UCZaDJ3mlDOHTyMxNG5r2feA', 'authorChannelId': {'value': 'UCZaDJ3mlDOHTyMxNG5r2feA'}, 'canRate': True, 'viewerRating': 'none', 'likeCount': 0, 'publishedAt': '2022-10-28T21:53:13Z', 'updatedAt': '2022-10-28T21:53:13Z'}}, 'canReply': True, 'totalReplyCount': 0, 'isPublic': True}",,UCZaDJ3mlDOHTyMxNG5r2feA,2022-10-28T21:53:13Z,Avisa o vagabundo que o jeep  está a caminho,QURTSl9pMUlRMkFtTUpZeWpwc2xUS3djLUV3bFBxZjQ1TzVkaFNBY3JiZkY3SWJobzhPMC1oX1ZMNkhxWlM5Z3NtQUQ1RHV3OG1jWVpnMA==,2023-06-08 14:23:18.788905
youtube#commentThread,UC3GQ3gXvFg_TEPghc44OhWznuo,UgxYoltlTSldt8fvznV4AaABAg,"{'videoId': 'X444T4abd5Q', 'topLevelComment': {'kind': 'youtube#comment', 'etag': 'EYmiC5bovf3v6QU0e7G2pzUThxY', 'id': 'UgxYoltlTSldt8fvznV4AaABAg', 'snippet': {'videoId': 'X444T4abd5Q', 'textDisplay': '99,9 % do judiciário brasileiro é composto por bandidos', 'textOriginal': '99,9 % do judiciário brasileiro é composto por bandidos', 'authorDisplayName': 'Valdir Audi', 'authorProfileImageUrl': 'https://yt3.ggpht.com/ytc/AGIKgqNDLi2rjxcVaS-ffxtoRyAQYFPptQ8EjPbWVw=s48-c-k-c0x00ffffff-no-rj', 'authorChannelUrl': 'http://www.youtube.com/channel/UCZaDJ3mlDOHTyMxNG5r2feA', 'authorChannelId': {'value': 'UCZaDJ3mlDOHTyMxNG5r2feA'}, 'canRate': True, 'viewerRating': 'none', 'likeCount': 2, 'publishedAt': '2022-10-28T14:44:36Z', 'updatedAt': '2022-10-28T14:44:36Z'}}, 'canReply': True, 'totalReplyCount': 0, 'isPublic': True}",,UCZaDJ3mlDOHTyMxNG5r2feA,2022-10-28T14:44:36Z,"99,9 % do judiciário brasileiro é composto por bandidos",,2023-06-08 14:24:21.814818
youtube#commentThread,Y8GDyK5vFtCXdHE_mmZY3t4j64Y,UgylhttEr6dfBBLrFyB4AaABAg,"{'videoId': 'o1Jakdul3bg', 'topLevelComment': {'kind': 'youtube#comment', 'etag': 'ki2H4B5yhSsEjHYVaN66sZBC_fo', 'id': 'UgylhttEr6dfBBLrFyB4AaABAg', 'snippet': {'videoId': 'o1Jakdul3bg', 'textDisplay': 'Avisa o canalha que o jeep  está a caminho', 'textOriginal': 'Avisa o canalha que o jeep  está a caminho', 'authorDisplayName': 'Valdir Audi', 'authorProfileImageUrl': 'https://yt3.ggpht.com/ytc/AGIKgqNDLi2rjxcVaS-ffxtoRyAQYFPptQ8EjPbWVw=s48-c-k-c0x00ffffff-no-rj', 'authorChannelUrl': 'http://www.youtube.com/channel/UCZaDJ3mlDOHTyMxNG5r2feA', 'authorChannelId': {'value': 'UCZaDJ3mlDOHTyMxNG5r2feA'}, 'canRate': True, 'viewerRating': 'none', 'likeCount': 3, 'publishedAt': '2022-10-27T23:28:37Z', 'updatedAt': '2022-10-27T23:28:37Z'}}, 'canReply': True, 'totalReplyCount': 0, 'isPublic': True}",,UCZaDJ3mlDOHTyMxNG5r2feA,2022-10-27T23:28:37Z,Avisa o canalha que o jeep  está a caminho,,2023-06-08 14:26:47.798705
youtube#commentThread,e3F--6lfnUwSc6yNOp6eCwjTZJA,UgwJrNp8FwrJQ2fY8yV4AaABAg,"{'videoId': 'cWfyPPf4i2M', 'topLevelComment': {'kind': 'youtube#comment', 'etag': 'dSFQOj1LmKmu79XYFRy3w9CEf0c', 'id': 'UgwJrNp8FwrJQ2fY8yV4AaABAg', 'snippet': {'videoId': 'cWfyPPf4i2M', 'textDisplay': 'Bandido é canalha', 'textOriginal': 'Bandido é canalha', 'authorDisplayName': 'Valdir Audi', 'authorProfileImageUrl': 'https://yt3.ggpht.com/ytc/AGIKgqNDLi2rjxcVaS-ffxtoRyAQYFPptQ8EjPbWVw=s48-c-k-c0x00ffffff-no-rj', 'authorChannelUrl': 'http://www.youtube.com/channel/UCZaDJ3mlDOHTyMxNG5r2feA', 'authorChannelId': {'value': 'UCZaDJ3mlDOHTyMxNG5r2feA'}, 'canRate': True, 'viewerRating': 'none', 'likeCount': 0, 'publishedAt': '2022-10-27T21:59:50Z', 'updatedAt': '2022-10-27T21:59:50Z'}}, 'canReply': True, 'totalReplyCount': 0, 'isPublic': True}",,UCZaDJ3mlDOHTyMxNG5r2feA,2022-10-27T21:59:50Z,Bandido é canalha,QURTSl9pMi1fNVhrRTFmcEdkTUM3LVdSMzBQREhOc1dIYzV3Q016dmI0M18tUEZTTkNmMldqZEVydmxVQWVEUXBndjRfaklCblNoUlRvOA==,2023-06-08 14:27:07.568250
youtube#commentThread,guKmrmEUBnmIomj3h4z7i2sRwCM,UgwbEnlCvvffHfkIcuB4AaABAg,"{'videoId': 'vA533Kvs7gA', 'topLevelComment': {'kind': 'youtube#comment', 'etag': '1fE_60YZdev7cTbimcCzn4M1XN0', 'id': 'UgwbEnlCvvffHfkIcuB4AaABAg', 'snippet': {'videoId': 'vA533Kvs7gA', 'textDisplay': 'Avisa esse vagabundo que o jeep está a caminho', 'textOriginal': 'Avisa esse vagabundo que o jeep está a caminho', 'authorDisplayName': 'Valdir Audi', 'authorProfileImageUrl': 'https://yt3.ggpht.com/ytc/AGIKgqNDLi2rjxcVaS-ffxtoRyAQYFPptQ8EjPbWVw=s48-c-k-c0x00ffffff-no-rj', 'authorChannelUrl': 'http://www.youtube.com/channel/UCZaDJ3mlDOHTyMxNG5r2feA', 'authorChannelId': {'value': 'UCZaDJ3mlDOHTyMxNG5r2feA'}, 'canRate': True, 'viewerRating': 'none', 'likeCount': 1, 'publishedAt': '2022-10-27T22:57:23Z', 'updatedAt': '2022-10-27T22:57:23Z'}}, 'canReply': True, 'totalReplyCount': 0, 'isPublic': True}",,UCZaDJ3mlDOHTyMxNG5r2feA,2022-10-27T22:57:23Z,Avisa esse vagabundo que o jeep está a caminho,QURTSl9pMGtKVFBNMXlZdVhqNVg4LVR5bVVrZ0dpRVVnS2tPOE1nTkhpdjBuWHJ3NDlLSFlfVzVodUFEZkhZZFk2T0d0S2VaQ3JkVEIxYw==,2023-06-08 14:27:58.894108
youtube#commentThread,3EyomGQB8D70PAOoU4Bl__d4-z4,UgzgXqNa1p11miMBTUJ4AaABAg,"{'videoId': 'vA533Kvs7gA', 'topLevelComment': {'kind': 'youtube#comment', 'etag': 'fSPLFflR_zldYm5IQRX9_B2cCnc', 'id': 'UgzgXqNa1p11miMBTUJ4AaABAg', 'snippet': {'videoId': 'vA533Kvs7gA', 'textDisplay': 'Canalha vagabundo', 'textOriginal': 'Canalha vagabundo', 'authorDisplayName': 'Valdir Audi', 'authorProfileImageUrl': 'https://yt3.ggpht.com/ytc/AGIKgqNDLi2rjxcVaS-ffxtoRyAQYFPptQ8EjPbWVw=s48-c-k-c0x00ffffff-no-rj', 'authorChannelUrl': 'http://www.youtube.com/channel/UCZaDJ3mlDOHTyMxNG5r2feA', 'authorChannelId': {'value': 'UCZaDJ3mlDOHTyMxNG5r2feA'}, 'canRate': True, 'viewerRating': 'none', 'likeCount': 0, 'publishedAt': '2022-10-27T22:01:39Z', 'updatedAt': '2022-10-27T22:01:39Z'}}, 'canReply': True, 'totalReplyCount': 0, 'isPublic': True}",,UCZaDJ3mlDOHTyMxNG5r2feA,2022-10-27T22:01:39Z,Canalha vagabundo,QURTSl9pMGhyaExLWklET200N09lYkFlYTVXZXNfSll1YnR5UXFRMlllUUViWEt1d3U2QTVPb1VlM0JMUGNxQXU2Z2t4NlFrWFB4NHRnSQ==,2023-06-08 14:28:03.327747
youtube#commentThread,_N-DJnRt3EvncQGnwylNxbXnNSA,UgwIJg1WEmQx_xuoR7V4AaABAg,"{'videoId': 'vA533Kvs7gA', 'topLevelComment': {'kind': 'youtube#comment', 'etag': '0cO6t1-ZwRrwWmvQIhsfTDc17_A', 'id': 'UgwIJg1WEmQx_xuoR7V4AaABAg', 'snippet': {'videoId': 'vA533Kvs7gA', 'textDisplay': 'Avisa os canalhas que o jeep  está a caminho', 'textOriginal': 'Avisa os canalhas que o jeep  está a caminho', 'authorDisplayName': 'Valdir Audi', 'authorProfileImageUrl': 'https://yt3.ggpht.com/ytc/AGIKgqNDLi2rjxcVaS-ffxtoRyAQYFPptQ8EjPbWVw=s48-c-k-c0x00ffffff-no-rj', 'authorChannelUrl': 'http://www.youtube.com/channel/UCZaDJ3mlDOHTyMxNG5r2feA', 'authorChannelId': {'value': 'UCZaDJ3mlDOHTyMxNG5r2feA'}, 'canRate': True, 'viewerRating': 'none', 'likeCount': 0, 'publishedAt': '2022-10-27T21:25:12Z', 'updatedAt': '2022-10-27T21:25:12Z'}}, 'canReply': True, 'totalReplyCount': 0, 'isPublic': True}",,UCZaDJ3mlDOHTyMxNG5r2feA,2022-10-27T21:25:12Z,Avisa os canalhas que o jeep  está a caminho,QURTSl9pMjR1MzlMdVp2Y1c2bVl0ZUdDT0djeUg0WHpMOTJZN1pHaXp1dFNaeWxGMW1EczlHWE9KN0sxUk42c0kyUmw5WW1YQWtYMkVNSQ==,2023-06-08 14:28:06.995774
youtube#commentThread,Yb6d_mLN_qFtwUiYGLBp53u8bKE,UgyAaKoXQ_WCDG-bt1F4AaABAg,"{'videoId': '6F7Ea9JGB4Y', 'topLevelComment': {'kind': 'youtube#comment', 'etag': 'GUrtiHhv-msE3tgfousyclsg5U4', 'id': 'UgyAaKoXQ_WCDG-bt1F4AaABAg', 'snippet': {'videoId': '6F7Ea9JGB4Y', 'textDisplay': 'Bandido', 'textOriginal': 'Bandido', 'authorDisplayName': 'Valdir Audi', 'authorProfileImageUrl': 'https://yt3.ggpht.com/ytc/AGIKgqNDLi2rjxcVaS-ffxtoRyAQYFPptQ8EjPbWVw=s48-c-k-c0x00ffffff-no-rj', 'authorChannelUrl': 'http://www.youtube.com/channel/UCZaDJ3mlDOHTyMxNG5r2feA', 'authorChannelId': {'value': 'UCZaDJ3mlDOHTyMxNG5r2feA'}, 'canRate': True, 'viewerRating': 'none', 'likeCount': 1, 'publishedAt': '2022-10-27T00:26:39Z', 'updatedAt': '2022-10-27T00:26:39Z'}}, 'canReply': True, 'totalReplyCount': 0, 'isPublic': True}",,UCZaDJ3mlDOHTyMxNG5r2feA,2022-10-27T00:26:39Z,Bandido,QURTSl9pMkpoSEVZNXY0d1c3Zk5ZSGlMLTVCc21VZ3N6WjdXUERUek5fUG5PWG9wVkgxaW9saVViY1N0Sl9Ca3pJWGs4RUdYRGlFV1NMcw==,2023-06-08 14:31:37.754120
youtube#commentThread,0mssf7AySCzWDGGt__BaPowrxNo,UgwhDvagY0oIBqEa6oJ4AaABAg,"{'videoId': '7VLa79S49mg', 'topLevelComment': {'kind': 'youtube#comment', 'etag': 'dTGt7PXEx-OH6LSP_xKGVwiT1zE', 'id': 'UgwhDvagY0oIBqEa6oJ4AaABAg', 'snippet': {'videoId': '7VLa79S49mg', 'textDisplay': 'Esse vaganundo ganhou na cola de bolsonaro agora já  está passando para o lado da vandidagem<br>Canalha traidor', 'textOriginal': 'Esse vaganundo ganhou na cola de bolsonaro agora já  está passando para o lado da vandidagem\\\\nCanalha traidor', 'authorDisplayName': 'Valdir Audi', 'authorProfileImageUrl': 'https://yt3.ggpht.com/ytc/AGIKgqNDLi2rjxcVaS-ffxtoRyAQYFPptQ8EjPbWVw=s48-c-k-c0x00ffffff-no-rj', 'authorChannelUrl': 'http://www.youtube.com/channel/UCZaDJ3mlDOHTyMxNG5r2feA', 'authorChannelId': {'value': 'UCZaDJ3mlDOHTyMxNG5r2feA'}, 'canRate': True, 'viewerRating': 'none', 'likeCount': 0, 'publishedAt': '2022-10-31T15:58:46Z', 'updatedAt': '2022-10-31T15:58:46Z'}}, 'canReply': True, 'totalReplyCount': 0, 'isPublic': True}",,UCZaDJ3mlDOHTyMxNG5r2feA,2022-10-31T15:58:46Z,"Esse vaganundo ganhou na cola de bolsonaro agora já  está passando para o lado da vandidagem
Canalha traidor",QURTSl9pMEMwbGhiZEpqcVlvNHNFSEpFeExJV25JTUMzQ3poU0RWTC1MbGZIb2NRa3hLZzVsQnpUMHdRWGZBWThVN2tkM2Z4Wmp1MGdyMA==,2023-06-08 14:00:56.061926
youtube#commentThread,ZFORNexbvK-C54dJ_LWUY9i5Nno,UgwxYB_vwTvToD3h7Ed4AaABAg,"{'videoId': '_5J78gRL9lg', 'topLevelComment': {'kind': 'youtube#comment', 'etag': 'QehpCm4MH-l7fzYDbHFcaUxtrCs', 'id': 'UgwxYB_vwTvToD3h7Ed4AaABAg', 'snippet': {'videoId': '_5J78gRL9lg', 'textDisplay': 'Lula ladrão  Pacheco covardão', 'textOriginal': 'Lula ladrão  Pacheco covardão', 'authorDisplayName': 'Valdir Audi', 'authorProfileImageUrl': 'https://yt3.ggpht.com/ytc/AGIKgqNDLi2rjxcVaS-ffxtoRyAQYFPptQ8EjPbWVw=s48-c-k-c0x00ffffff-no-rj', 'authorChannelUrl': 'http://www.youtube.com/channel/UCZaDJ3mlDOHTyMxNG5r2feA', 'authorChannelId': {'value': 'UCZaDJ3mlDOHTyMxNG5r2feA'}, 'canRate': True, 'viewerRating': 'none', 'likeCount': 0, 'publishedAt': '2022-10-26T23:30:51Z', 'updatedAt': '2022-10-26T23:30:51Z'}}, 'canReply': True, 'totalReplyCount': 0, 'isPublic': True}",,UCZaDJ3mlDOHTyMxNG5r2feA,2022-10-26T23:30:51Z,Lula ladrão  Pacheco covardão,QURTSl9pM3prekM4Y3g0TGk4UmRrTjF2alo3cFpfVVo1WWRqcUZNek00dVhyTHVvNGh3SndHSlllYmhQeVNQUXlmTU02UTNPUmlFY3FhOA==,2023-06-08 14:32:37.140847
youtube#commentThread,FSkzlERY4_Q5AbTc8WFpXpyAAVQ,UgyU5aac1_t3IDKQRZh4AaABAg,"{'videoId': 'uTrf5qYNZzA', 'topLevelComment': {'kind': 'youtube#comment', 'etag': 'nBTHpaV48WNahhNE3q5xoocus3M', 'id': 'UgyU5aac1_t3IDKQRZh4AaABAg', 'snippet': {'videoId': 'uTrf5qYNZzA', 'textDisplay': 'Bob só  fala a verdade não  faz ofensa', 'textOriginal': 'Bob só  fala a verdade não  faz ofensa', 'authorDisplayName': 'Valdir Audi', 'authorProfileImageUrl': 'https://yt3.ggpht.com/ytc/AGIKgqNDLi2rjxcVaS-ffxtoRyAQYFPptQ8EjPbWVw=s48-c-k-c0x00ffffff-no-rj', 'authorChannelUrl': 'http://www.youtube.com/channel/UCZaDJ3mlDOHTyMxNG5r2feA', 'authorChannelId': {'value': 'UCZaDJ3mlDOHTyMxNG5r2feA'}, 'canRate': True, 'viewerRating': 'none', 'likeCount': 0, 'publishedAt': '2022-10-26T15:40:23Z', 'updatedAt': '2022-10-26T15:40:23Z'}}, 'canReply': True, 'totalReplyCount': 0, 'isPublic': True}",,UCZaDJ3mlDOHTyMxNG5r2feA,2022-10-26T15:40:23Z,Bob só  fala a verdade não  faz ofensa,QURTSl9pMkV3T0MzRHVwTkxjYk5OUzVJTDd0UEQwTm53azk4VWFfcnJiWEgtSzJsbDE4MEJ0RFVJSTRjVHdha2xsSTBqcHZuSVpkdllySQ==,2023-06-08 14:39:45.794838
youtube#commentThread,Vdhw4CwEq82e8JETghGdY89jy2s,UgweItJSzZcbbPWOtbR4AaABAg,"{'videoId': '8w9v69Xa9uE', 'topLevelComment': {'kind': 'youtube#comment', 'etag': '84xYFeaNcfWchCRQTkcUSwZMSkc', 'id': 'UgweItJSzZcbbPWOtbR4AaABAg', 'snippet': {'videoId': '8w9v69Xa9uE', 'textDisplay': 'Não fassa turismo no nordeste deixe esses vagabundos morrerem de fome', 'textOriginal': 'Não fassa turismo no nordeste deixe esses vagabundos morrerem de fome', 'authorDisplayName': 'Valdir Audi', 'authorProfileImageUrl': 'https://yt3.ggpht.com/ytc/AGIKgqNDLi2rjxcVaS-ffxtoRyAQYFPptQ8EjPbWVw=s48-c-k-c0x00ffffff-no-rj', 'authorChannelUrl': 'http://www.youtube.com/channel/UCZaDJ3mlDOHTyMxNG5r2feA', 'authorChannelId': {'value': 'UCZaDJ3mlDOHTyMxNG5r2feA'}, 'canRate': True, 'viewerRating': 'none', 'likeCount': 0, 'publishedAt': '2022-10-31T13:51:14Z', 'updatedAt': '2022-10-31T13:51:14Z'}}, 'canReply': True, 'totalReplyCount': 0, 'isPublic': True}",,UCZaDJ3mlDOHTyMxNG5r2feA,2022-10-31T13:51:14Z,Não fassa turismo no nordeste deixe esses vagabundos morrerem de fome,QURTSl9pMjIwaTVCS0p5VEdQWXpMSDBIME9hSkRUcFRSRDJlQVBjeVRKck1Pak9oSlN0Z0VYZ2xWb1JKdE40QmFYcTRvc0dSSFg0MmlxVQ==,2023-06-08 14:02:03.778915
youtube#commentThread,iPy59-t3_2z33TaakMVhd4mHDEs,UgzA07PdtZIewkp4bdt4AaABAg,"{'videoId': 'xzUk_ulCNU4', 'topLevelComment': {'kind': 'youtube#comment', 'etag': 'xHooiEzTZIEtM0xPmghGnlKX1fU', 'id': 'UgzA07PdtZIewkp4bdt4AaABAg', 'snippet': {'videoId': 'xzUk_ulCNU4', 'textDisplay': 'Bandido safado', 'textOriginal': 'Bandido safado', 'authorDisplayName': 'Valdir Audi', 'authorProfileImageUrl': 'https://yt3.ggpht.com/ytc/AGIKgqNDLi2rjxcVaS-ffxtoRyAQYFPptQ8EjPbWVw=s48-c-k-c0x00ffffff-no-rj', 'authorChannelUrl': 'http://www.youtube.com/channel/UCZaDJ3mlDOHTyMxNG5r2feA', 'authorChannelId': {'value': 'UCZaDJ3mlDOHTyMxNG5r2feA'}, 'canRate': True, 'viewerRating': 'none', 'likeCount': 0, 'publishedAt': '2022-10-26T23:37:56Z', 'updatedAt': '2022-10-26T23:37:56Z'}}, 'canReply': True, 'totalReplyCount': 0, 'isPublic': True}",,UCZaDJ3mlDOHTyMxNG5r2feA,2022-10-26T23:37:56Z,Bandido safado,QURTSl9pMFhDb0pmYzJQUDN2S2plVmUzRU05a2QwcXE5UVhNRmhJbUx1QS1DcklQZ2FJZWtJZGhmWmxpVWRfc2lWQ0loWG9qZjZSdS1lNA==,2023-06-08 14:41:36.970449
youtube#commentThread,_nzp1B6TNuGqAASnpTT8KRmPBqg,Ugwf4UHMvvNW_kE9gaV4AaABAg,"{'videoId': 'xzUk_ulCNU4', 'topLevelComment': {'kind': 'youtube#comment', 'etag': 'fC6fdZy2foM4lQb-IvzuD4hGvTE', 'id': 'Ugwf4UHMvvNW_kE9gaV4AaABAg', 'snippet': {'videoId': 'xzUk_ulCNU4', 'textDisplay': 'Bandidos', 'textOriginal': 'Bandidos', 'authorDisplayName': 'Valdir Audi', 'authorProfileImageUrl': 'https://yt3.ggpht.com/ytc/AGIKgqNDLi2rjxcVaS-ffxtoRyAQYFPptQ8EjPbWVw=s48-c-k-c0x00ffffff-no-rj', 'authorChannelUrl': 'http://www.youtube.com/channel/UCZaDJ3mlDOHTyMxNG5r2feA', 'authorChannelId': {'value': 'UCZaDJ3mlDOHTyMxNG5r2feA'}, 'canRate': True, 'viewerRating': 'none', 'likeCount': 0, 'publishedAt': '2022-10-25T18:47:03Z', 'updatedAt': '2022-10-25T18:47:03Z'}}, 'canReply': True, 'totalReplyCount': 0, 'isPublic': True}",,UCZaDJ3mlDOHTyMxNG5r2feA,2022-10-25T18:47:03Z,Bandidos,QURTSl9pMnlGbEJkR1ctTkl4SzRla2NBcXBkMTdqcl9DMjlacHZKamwzdUFzZ3c2bTQxZFNzel9UdDEzVWdROW5tY1J3d3pKMWQ0YTFVMA==,2023-06-08 14:41:40.649686
youtube#commentThread,rOMnzMWzttPZMXAvY4CTYx6yJ9Y,Ugw2ELV6rJJsoB1NBZ54AaABAg,"{'videoId': 'esErAK3sbWY', 'topLevelComment': {'kind': 'youtube#comment', 'etag': 'kE7nv8ipyeFwDXM9oYlOstXEEDo', 'id': 'Ugw2ELV6rJJsoB1NBZ54AaABAg', 'snippet': {'videoId': 'esErAK3sbWY', 'textDisplay': 'Lula ladrão é bandido', 'textOriginal': 'Lula ladrão é bandido', 'authorDisplayName': 'Valdir Audi', 'authorProfileImageUrl': 'https://yt3.ggpht.com/ytc/AGIKgqNDLi2rjxcVaS-ffxtoRyAQYFPptQ8EjPbWVw=s48-c-k-c0x00ffffff-no-rj', 'authorChannelUrl': 'http://www.youtube.com/channel/UCZaDJ3mlDOHTyMxNG5r2feA', 'authorChannelId': {'value': 'UCZaDJ3mlDOHTyMxNG5r2feA'}, 'canRate': True, 'viewerRating': 'none', 'likeCount': 0, 'publishedAt': '2022-10-25T15:08:29Z', 'updatedAt': '2022-10-25T15:08:29Z'}}, 'canReply': True, 'totalReplyCount': 0, 'isPublic': True}",,UCZaDJ3mlDOHTyMxNG5r2feA,2022-10-25T15:08:29Z,Lula ladrão é bandido,QURTSl9pMHRVcUZvUkRvZV8wVUhheWtYV2hERVM5ZzRlN0E3QkhDdTJTcHRUYXdoVVFISk9JUWV6bDA2QVp1OTZiRU5JR29tQVQzU2lPVQ==,2023-06-08 14:42:02.966214
youtube#commentThread,7V3zS5MmeqwMzz6jMc35LEygYZY,UgyP-Th-kxFfelCVs-54AaABAg,"{'videoId': '3o945lfRKec', 'topLevelComment': {'kind': 'youtube#comment', 'etag': 'b1qpLsFpSR53FWaVtmuXVY8oOt0', 'id': 'UgyP-Th-kxFfelCVs-54AaABAg', 'snippet': {'videoId': '3o945lfRKec', 'textDisplay': 'Bebum e covarde', 'textOriginal': 'Bebum e covarde', 'authorDisplayName': 'Valdir Audi', 'authorProfileImageUrl': 'https://yt3.ggpht.com/ytc/AGIKgqNDLi2rjxcVaS-ffxtoRyAQYFPptQ8EjPbWVw=s48-c-k-c0x00ffffff-no-rj', 'authorChannelUrl': 'http://www.youtube.com/channel/UCZaDJ3mlDOHTyMxNG5r2feA', 'authorChannelId': {'value': 'UCZaDJ3mlDOHTyMxNG5r2feA'}, 'canRate': True, 'viewerRating': 'none', 'likeCount': 0, 'publishedAt': '2022-10-25T21:43:16Z', 'updatedAt': '2022-10-25T21:43:16Z'}}, 'canReply': True, 'totalReplyCount': 0, 'isPublic': True}",,UCZaDJ3mlDOHTyMxNG5r2feA,2022-10-25T21:43:16Z,Bebum e covarde,QURTSl9pM0QtNVJqU3U2NW02WmdpOFdwcmFYampEZHprRGVhQVljOUNQSWVieHVITFBQcktlT0xlLXdJTkV4MEdkd2ZHMy1CYWhLTEhVaw==,2023-06-08 14:47:50.347189
youtube#commentThread,KNqW3_RY3mXQS2tihUFwLh8IxbQ,Ugxl-jqFX88Ywi9DoTx4AaABAg,"{'videoId': 'jBleJU8mTps', 'topLevelComment': {'kind': 'youtube#comment', 'etag': 'aNCf2cgZQUPAYRiy-gf7SGLkSoc', 'id': 'Ugxl-jqFX88Ywi9DoTx4AaABAg', 'snippet': {'videoId': 'jBleJU8mTps', 'textDisplay': 'Qual é  mais bandido?', 'textOriginal': 'Qual é  mais bandido?', 'authorDisplayName': 'Valdir Audi', 'authorProfileImageUrl': 'https://yt3.ggpht.com/ytc/AGIKgqNDLi2rjxcVaS-ffxtoRyAQYFPptQ8EjPbWVw=s48-c-k-c0x00ffffff-no-rj', 'authorChannelUrl': 'http://www.youtube.com/channel/UCZaDJ3mlDOHTyMxNG5r2feA', 'authorChannelId': {'value': 'UCZaDJ3mlDOHTyMxNG5r2feA'}, 'canRate': True, 'viewerRating': 'none', 'likeCount': 0, 'publishedAt': '2022-10-24T19:31:45Z', 'updatedAt': '2022-10-24T19:31:45Z'}}, 'canReply': True, 'totalReplyCount': 0, 'isPublic': True}",,UCZaDJ3mlDOHTyMxNG5r2feA,2022-10-24T19:31:45Z,Qual é  mais bandido?,QURTSl9pMF8tQVROWC1hVnU1SWd6ZWEyNWJmWWYwOXRFMmR2S0NhVVk2NnJQMy1La0VmaW1LQkh4QWJrLWZjSXBUbk1hMXo5QnoydWpEaw==,2023-06-08 14:48:48.540503
youtube#commentThread,SbFz-gUQgcO6ZYAgSzPRwnkFQw4,UgwiVVSp0fBBTUeFJNZ4AaABAg,"{'videoId': '0b_v2Ik_3vQ', 'topLevelComment': {'kind': 'youtube#comment', 'etag': 'zbSsdf17Y_FZO9RBb42ohrxIli0', 'id': 'UgwiVVSp0fBBTUeFJNZ4AaABAg', 'snippet': {'videoId': '0b_v2Ik_3vQ', 'textDisplay': 'Viva a russia', 'textOriginal': 'Viva a russia', 'authorDisplayName': 'Valdir Audi', 'authorProfileImageUrl': 'https://yt3.ggpht.com/ytc/AGIKgqNDLi2rjxcVaS-ffxtoRyAQYFPptQ8EjPbWVw=s48-c-k-c0x00ffffff-no-rj', 'authorChannelUrl': 'http://www.youtube.com/channel/UCZaDJ3mlDOHTyMxNG5r2feA', 'authorChannelId': {'value': 'UCZaDJ3mlDOHTyMxNG5r2feA'}, 'canRate': True, 'viewerRating': 'none', 'likeCount': 2, 'publishedAt': '2022-10-24T13:51:55Z', 'updatedAt': '2022-10-24T13:51:55Z'}}, 'canReply': True, 'totalReplyCount': 0, 'isPublic': True}",,UCZaDJ3mlDOHTyMxNG5r2feA,2022-10-24T13:51:55Z,Viva a russia,,2023-06-08 15:03:08.333563
youtube#commentThread,AFnP-CGpsAY658b5Phd2yJqaQyk,UgyeqQzVhtAxgbkHFTF4AaABAg,"{'videoId': 'edCV2mDfpo4', 'topLevelComment': {'kind': 'youtube#comment', 'etag': 'URESyCn_5IewNLYlsZBEKJcr-4k', 'id': 'UgyeqQzVhtAxgbkHFTF4AaABAg', 'snippet': {'videoId': 'edCV2mDfpo4', 'textDisplay': 'Covil de bandidos', 'textOriginal': 'Covil de bandidos', 'authorDisplayName': 'Valdir Audi', 'authorProfileImageUrl': 'https://yt3.ggpht.com/ytc/AGIKgqNDLi2rjxcVaS-ffxtoRyAQYFPptQ8EjPbWVw=s48-c-k-c0x00ffffff-no-rj', 'authorChannelUrl': 'http://www.youtube.com/channel/UCZaDJ3mlDOHTyMxNG5r2feA', 'authorChannelId': {'value': 'UCZaDJ3mlDOHTyMxNG5r2feA'}, 'canRate': True, 'viewerRating': 'none', 'likeCount': 1, 'publishedAt': '2022-10-23T18:51:00Z', 'updatedAt': '2022-10-23T18:51:00Z'}}, 'canReply': True, 'totalReplyCount': 0, 'isPublic': True}",,UCZaDJ3mlDOHTyMxNG5r2feA,2022-10-23T18:51:00Z,Covil de bandidos,,2023-06-08 15:04:51.923552
youtube#commentThread,gGER4dddXIXqwlfuRsrDAO4KiOg,UgwzRYr-GKVlLkfvJO94AaABAg,"{'videoId': '80OeKyYt-v0', 'topLevelComment': {'kind': 'youtube#comment', 'etag': '-YuP38sgodQ-_jp_CYCLMmLVMZA', 'id': 'UgwzRYr-GKVlLkfvJO94AaABAg', 'snippet': {'videoId': '80OeKyYt-v0', 'textDisplay': 'Não de emprego a nordestinos nem faça  turismo no nordeste', 'textOriginal': 'Não de emprego a nordestinos nem faça  turismo no nordeste', 'authorDisplayName': 'Valdir Audi', 'authorProfileImageUrl': 'https://yt3.ggpht.com/ytc/AGIKgqNDLi2rjxcVaS-ffxtoRyAQYFPptQ8EjPbWVw=s48-c-k-c0x00ffffff-no-rj', 'authorChannelUrl': 'http://www.youtube.com/channel/UCZaDJ3mlDOHTyMxNG5r2feA', 'authorChannelId': {'value': 'UCZaDJ3mlDOHTyMxNG5r2feA'}, 'canRate': True, 'viewerRating': 'none', 'likeCount': 0, 'publishedAt': '2022-10-31T21:05:30Z', 'updatedAt': '2022-10-31T21:05:30Z'}}, 'canReply': True, 'totalReplyCount': 0, 'isPublic': True}",,UCZaDJ3mlDOHTyMxNG5r2feA,2022-10-31T21:05:30Z,Não de emprego a nordestinos nem faça  turismo no nordeste,QURTSl9pMHVtX0hmLVY4NGZwOEp6eXVCUWlGYjdaNzlnWVNYVUVqV0JDR3F0S3JuZVBhVTB6VkFqUnpET0pHTkUwSGl1cWFSRWpTSFR6bw==,2023-06-08 13:56:23.364554
youtube#commentThread,CJtOXBJNBQmsV-vTdvPV7kqrI18,Ugy6zAVe94V8xNi7jeB4AaABAg,"{'videoId': 'Ugzshhgf7Lw', 'topLevelComment': {'kind': 'youtube#comment', 'etag': '4YYA37Mc5FMmcv2EkD5uAxG2uoU', 'id': 'Ugy6zAVe94V8xNi7jeB4AaABAg', 'snippet': {'videoId': 'Ugzshhgf7Lw', 'textDisplay': 'Esse  Tarcísio  também é bandido era ministro da Dilma anta', 'textOriginal': 'Esse  Tarcísio  também é bandido era ministro da Dilma anta', 'authorDisplayName': 'Valdir Audi', 'authorProfileImageUrl': 'https://yt3.ggpht.com/ytc/AGIKgqNDLi2rjxcVaS-ffxtoRyAQYFPptQ8EjPbWVw=s48-c-k-c0x00ffffff-no-rj', 'authorChannelUrl': 'http://www.youtube.com/channel/UCZaDJ3mlDOHTyMxNG5r2feA', 'authorChannelId': {'value': 'UCZaDJ3mlDOHTyMxNG5r2feA'}, 'canRate': True, 'viewerRating': 'none', 'likeCount': 0, 'publishedAt': '2022-10-31T01:59:32Z', 'updatedAt': '2022-10-31T01:59:32Z'}}, 'canReply': True, 'totalReplyCount': 0, 'isPublic': True}",,UCZaDJ3mlDOHTyMxNG5r2feA,2022-10-31T01:59:32Z,Esse  Tarcísio  também é bandido era ministro da Dilma anta,QURTSl9pMG42S2Y2NDh4b1A2TDdDUmVDY1E1WHlXYjZIc2xkNGxBeU4wbEFGUjczb3A0cC1XM3NzVzVNZUk5THlJTWZBMFVNMU5NUl84WQ==,2023-06-08 14:07:22.391577
youtube#commentThread,LUxqQQfHohc0kkKz1oyOv2QsWLA,UgxHJ8DBbbOmozRP4l94AaABAg,"{'videoId': 'LM6U8obLlWo', 'topLevelComment': {'kind': 'youtube#comment', 'etag': 'PZtKauMC6Yvax89G8baHOQqYY5Y', 'id': 'UgxHJ8DBbbOmozRP4l94AaABAg', 'snippet': {'videoId': 'LM6U8obLlWo', 'textDisplay': 'Foi o Zé Dirceu  aquele bandid', 'textOriginal': 'Foi o Zé Dirceu  aquele bandid', 'authorDisplayName': 'Valdir Audi', 'authorProfileImageUrl': 'https://yt3.ggpht.com/ytc/AGIKgqNDLi2rjxcVaS-ffxtoRyAQYFPptQ8EjPbWVw=s48-c-k-c0x00ffffff-no-rj', 'authorChannelUrl': 'http://www.youtube.com/channel/UCZaDJ3mlDOHTyMxNG5r2feA', 'authorChannelId': {'value': 'UCZaDJ3mlDOHTyMxNG5r2feA'}, 'canRate': True, 'viewerRating': 'none', 'likeCount': 0, 'publishedAt': '2022-10-31T01:42:19Z', 'updatedAt': '2022-10-31T01:42:19Z'}}, 'canReply': True, 'totalReplyCount': 0, 'isPublic': True}",,UCZaDJ3mlDOHTyMxNG5r2feA,2022-10-31T01:42:19Z,Foi o Zé Dirceu  aquele bandid,QURTSl9pMEFUVXFXZDdXTWFDWEY0WTQtZzQ4b1RrRjVReEkwSEV0Sm5Wc0ZnTHlrUThGcTRDS0E5YmYxTXZibll2cEJZem9VdXJfY0xCaw==,2023-06-08 14:07:56.018287
youtube#commentThread,Nru3LgItc38HQAEFxcvfkzl3zlg,UgxqX7iZ9COdt6aTJ5x4AaABAg,"{'videoId': 'LM6U8obLlWo', 'topLevelComment': {'kind': 'youtube#comment', 'etag': 'qq0L0b_PvdLxaNfzxrqTi9F-BzA', 'id': 'UgxqX7iZ9COdt6aTJ5x4AaABAg', 'snippet': {'videoId': 'LM6U8obLlWo', 'textDisplay': 'Novo bhoverno?<br>Não  vai ter governo de bandidos no brasil', 'textOriginal': 'Novo bhoverno?\\\\nNão  vai ter governo de bandidos no brasil', 'authorDisplayName': 'Valdir Audi', 'authorProfileImageUrl': 'https://yt3.ggpht.com/ytc/AGIKgqNDLi2rjxcVaS-ffxtoRyAQYFPptQ8EjPbWVw=s48-c-k-c0x00ffffff-no-rj', 'authorChannelUrl': 'http://www.youtube.com/channel/UCZaDJ3mlDOHTyMxNG5r2feA', 'authorChannelId': {'value': 'UCZaDJ3mlDOHTyMxNG5r2feA'}, 'canRate': True, 'viewerRating': 'none', 'likeCount': 0, 'publishedAt': '2022-10-31T01:40:15Z', 'updatedAt': '2022-10-31T01:40:15Z'}}, 'canReply': True, 'totalReplyCount': 0, 'isPublic': True}",,UCZaDJ3mlDOHTyMxNG5r2feA,2022-10-31T01:40:15Z,"Novo bhoverno?
Não  vai ter governo de bandidos no brasil",QURTSl9pMTY3OWs1dmlhNEh2R1NldC11ZEd3N0pDWm44Q1dGdzZ0NHlGYzc5bEp1bUg4aDNuVkxXeXZIWFB3dTFvR3JqM01WcWw0MDBEVQ==,2023-06-08 14:07:56.919152
youtube#commentThread,qRYN57e2cbZcrOdw0Df9b5yKxbM,Ugys6olf330xUZ69Ap14AaABAg,"{'videoId': 'WU88jJw4nJU', 'topLevelComment': {'kind': 'youtube#comment', 'etag': 'Qo-iD8bplNM1SBTXJ_JYGKmlSRw', 'id': 'Ugys6olf330xUZ69Ap14AaABAg', 'snippet': {'videoId': 'WU88jJw4nJU', 'textDisplay': 'Tira esse ladrão  da tela', 'textOriginal': 'Tira esse ladrão  da tela', 'authorDisplayName': 'Valdir Audi', 'authorProfileImageUrl': 'https://yt3.ggpht.com/ytc/AGIKgqNDLi2rjxcVaS-ffxtoRyAQYFPptQ8EjPbWVw=s48-c-k-c0x00ffffff-no-rj', 'authorChannelUrl': 'http://www.youtube.com/channel/UCZaDJ3mlDOHTyMxNG5r2feA', 'authorChannelId': {'value': 'UCZaDJ3mlDOHTyMxNG5r2feA'}, 'canRate': True, 'viewerRating': 'none', 'likeCount': 0, 'publishedAt': '2022-10-31T01:16:31Z', 'updatedAt': '2022-10-31T01:16:31Z'}}, 'canReply': True, 'totalReplyCount': 0, 'isPublic': True}",,UCZaDJ3mlDOHTyMxNG5r2feA,2022-10-31T01:16:31Z,Tira esse ladrão  da tela,QURTSl9pM2ZSQnJERnBaTlk2X1FqWjFCQUN0SlJYSnRLWlc0eHZOOE5iVWtOWVVscktFdkcwSFZsQWhod1dDTVVBbVNqSXp1aFM5QzQ5aw==,2023-06-08 14:08:15.323121
youtube#commentThread,4jQ-7HS3RtceIpPO2qLaMIUSHb8,Ugx4ZQ4uDwYYOrX-1hd4AaABAg,"{'videoId': 'WU88jJw4nJU', 'topLevelComment': {'kind': 'youtube#comment', 'etag': 'bZlw6YTvM3jARf_kGgbvWAgNNsw', 'id': 'Ugx4ZQ4uDwYYOrX-1hd4AaABAg', 'snippet': {'videoId': 'WU88jJw4nJU', 'textDisplay': 'Avisa o bandido que o jeep  vá chegar em sua porta', 'textOriginal': 'Avisa o bandido que o jeep  vá chegar em sua porta', 'authorDisplayName': 'Valdir Audi', 'authorProfileImageUrl': 'https://yt3.ggpht.com/ytc/AGIKgqNDLi2rjxcVaS-ffxtoRyAQYFPptQ8EjPbWVw=s48-c-k-c0x00ffffff-no-rj', 'authorChannelUrl': 'http://www.youtube.com/channel/UCZaDJ3mlDOHTyMxNG5r2feA', 'authorChannelId': {'value': 'UCZaDJ3mlDOHTyMxNG5r2feA'}, 'canRate': True, 'viewerRating': 'none', 'likeCount': 0, 'publishedAt': '2022-10-31T01:16:07Z', 'updatedAt': '2022-10-31T01:16:07Z'}}, 'canReply': True, 'totalReplyCount': 0, 'isPublic': True}",,UCZaDJ3mlDOHTyMxNG5r2feA,2022-10-31T01:16:07Z,Avisa o bandido que o jeep  vá chegar em sua porta,QURTSl9pM2ZSQnJERnBaTlk2X1FqWjFCQUN0SlJYSnRLWlc0eHZOOE5iVWtOWVVscktFdkcwSFZsQWhod1dDTVVBbVNqSXp1aFM5QzQ5aw==,2023-06-08 14:08:15.323121
youtube#commentThread,El9emiOqmt7QbnclpwKYKKzx7VM,UgxOazNzsRGvWKFP3Vl4AaABAg,"{'videoId': 'WU88jJw4nJU', 'topLevelComment': {'kind': 'youtube#comment', 'etag': 'LHhJM4PhhmTLBVVdS4Y4ruZgWvQ', 'id': 'UgxOazNzsRGvWKFP3Vl4AaABAg', 'snippet': {'videoId': 'WU88jJw4nJU', 'textDisplay': 'Bandido', 'textOriginal': 'Bandido', 'authorDisplayName': 'Valdir Audi', 'authorProfileImageUrl': 'https://yt3.ggpht.com/ytc/AGIKgqNDLi2rjxcVaS-ffxtoRyAQYFPptQ8EjPbWVw=s48-c-k-c0x00ffffff-no-rj', 'authorChannelUrl': 'http://www.youtube.com/channel/UCZaDJ3mlDOHTyMxNG5r2feA', 'authorChannelId': {'value': 'UCZaDJ3mlDOHTyMxNG5r2feA'}, 'canRate': True, 'viewerRating': 'none', 'likeCount': 0, 'publishedAt': '2022-10-31T01:15:13Z', 'updatedAt': '2022-10-31T01:15:13Z'}}, 'canReply': True, 'totalReplyCount': 0, 'isPublic': True}",,UCZaDJ3mlDOHTyMxNG5r2feA,2022-10-31T01:15:13Z,Bandido,QURTSl9pM2ZSQnJERnBaTlk2X1FqWjFCQUN0SlJYSnRLWlc0eHZOOE5iVWtOWVVscktFdkcwSFZsQWhod1dDTVVBbVNqSXp1aFM5QzQ5aw==,2023-06-08 14:08:15.323121
youtube#commentThread,3987TQhPVgMoioRbTUtSIK4MCmE,UgzkMBFUZaikvVaNP7J4AaABAg,"{'videoId': 'MVhypP13-EI', 'topLevelComment': {'kind': 'youtube#comment', 'etag': 'gSFt0reKOF4enWTkF6bCxltaXoc', 'id': 'UgzkMBFUZaikvVaNP7J4AaABAg', 'snippet': {'videoId': 'MVhypP13-EI', 'textDisplay': 'Narcotraficante vagabundo', 'textOriginal': 'Narcotraficante vagabundo', 'authorDisplayName': 'Valdir Audi', 'authorProfileImageUrl': 'https://yt3.ggpht.com/ytc/AGIKgqNDLi2rjxcVaS-ffxtoRyAQYFPptQ8EjPbWVw=s48-c-k-c0x00ffffff-no-rj', 'authorChannelUrl': 'http://www.youtube.com/channel/UCZaDJ3mlDOHTyMxNG5r2feA', 'authorChannelId': {'value': 'UCZaDJ3mlDOHTyMxNG5r2feA'}, 'canRate': True, 'viewerRating': 'none', 'likeCount': 0, 'publishedAt': '2022-10-23T13:46:18Z', 'updatedAt': '2022-10-23T13:46:18Z'}}, 'canReply': True, 'totalReplyCount': 0, 'isPublic': True}",,UCZaDJ3mlDOHTyMxNG5r2feA,2022-10-23T13:46:18Z,Narcotraficante vagabundo,QURTSl9pMHhNWnhsMzNIbGdRX2gzVDM3a2t6UldKOWhZNUttOUNORUtlLTROWFM2SlNBT0ZMY2FrRVh0eXc4MmFvNnhZVkh0dEJyNnFXbw==,2023-06-08 15:22:27.743551
youtube#commentThread,Q1wNQNHtWB6zuBcNB_-sclPGRPI,UgyRiAsCEMNl41qtZ2F4AaABAg,"{'videoId': '_hNO5WQtKBY', 'topLevelComment': {'kind': 'youtube#comment', 'etag': 'me5hsmZXvkgGoMKSwloSu8s82aw', 'id': 'UgyRiAsCEMNl41qtZ2F4AaABAg', 'snippet': {'videoId': '_hNO5WQtKBY', 'textDisplay': 'Não de emprego a nordestino e nem faça turismo no nordeste', 'textOriginal': 'Não de emprego a nordestino e nem faça turismo no nordeste', 'authorDisplayName': 'Valdir Audi', 'authorProfileImageUrl': 'https://yt3.ggpht.com/ytc/AGIKgqNDLi2rjxcVaS-ffxtoRyAQYFPptQ8EjPbWVw=s48-c-k-c0x00ffffff-no-rj', 'authorChannelUrl': 'http://www.youtube.com/channel/UCZaDJ3mlDOHTyMxNG5r2feA', 'authorChannelId': {'value': 'UCZaDJ3mlDOHTyMxNG5r2feA'}, 'canRate': True, 'viewerRating': 'none', 'likeCount': 0, 'publishedAt': '2022-10-31T21:25:57Z', 'updatedAt': '2022-10-31T21:25:57Z'}}, 'canReply': True, 'totalReplyCount': 0, 'isPublic': True}",,UCZaDJ3mlDOHTyMxNG5r2feA,2022-10-31T21:25:57Z,Não de emprego a nordestino e nem faça turismo no nordeste,QURTSl9pMU1hbE5pR1RnZjBabHhndGlHQlN0bVE0WDZxemRRTFQxcVhkNWZvZXdoZ09ER1o5SHhQaTd3ZTZ3WHRCQXM4ZUstMkVHYkttUQ==,2023-06-08 13:56:45.109583
