kind,etag,id,snippet,replies,authorChannelId,publishedAt,textOriginal,nextPageToken,extraction_date
youtube#commentThread,bhKhtTR1DyvVZY2EQl_D-RN3jqk,UgzwLpUhpIskTv8KXZF4AaABAg,"{'videoId': 'SFubem2H08c', 'topLevelComment': {'kind': 'youtube#comment', 'etag': '6TTW_1uLnFr1BP6y5KaCWYJFdQI', 'id': 'UgzwLpUhpIskTv8KXZF4AaABAg', 'snippet': {'videoId': 'SFubem2H08c', 'textDisplay': 'Abriu espaço <br>Pras ideias de karl marx<br>Dançou ECONOMIA<br>Agora povo paga a conta', 'textOriginal': 'Abriu espaço \\nPras ideias de karl marx\\nDançou ECONOMIA\\nAgora povo paga a conta', 'authorDisplayName': 'bradley', 'authorProfileImageUrl': 'https://yt3.ggpht.com/RRMqNkHBUg52GU-G0klhxMS1EE61uUknjgzKAV8u-8rJyMnCSpSe_l5mwP1Z3Iqexe-Pqm5HZm4=s48-c-k-c0x00ffffff-no-rj', 'authorChannelUrl': 'http://www.youtube.com/channel/UC56Fil8ZjrvME0cLZXWienA', 'authorChannelId': {'value': 'UC56Fil8ZjrvME0cLZXWienA'}, 'canRate': True, 'viewerRating': 'none', 'likeCount': 0, 'publishedAt': '2023-04-07T22:58:43Z', 'updatedAt': '2023-04-07T22:58:43Z'}}, 'canReply': True, 'totalReplyCount': 0, 'isPublic': True}",,UC56Fil8ZjrvME0cLZXWienA,2023-04-07T22:58:43Z,"Abriu espaço 
Pras ideias de karl marx
Dançou ECONOMIA
Agora povo paga a conta",QURTSl9pM1VWWGpQYW9WVXZqTll4NDF6RmNFb00xVU1SVkY5V0VmdUppXzM4bFZNRGZJWEM3cUZ3VGdmVnYyOG5WMkZJQVVwV2FleUdxNA==,2023-06-09 05:42:49.519558
youtube#commentThread,cYr4ouU_8H1YN2N8-7Kpso5ovBU,UgzRHQp9n93AxGK5yLx4AaABAg,"{'videoId': 'SFubem2H08c', 'topLevelComment': {'kind': 'youtube#comment', 'etag': 'r-B9DmmbfMFk2848jQZ4Smrb9j8', 'id': 'UgzRHQp9n93AxGK5yLx4AaABAg', 'snippet': {'videoId': 'SFubem2H08c', 'textDisplay': 'Chilenos pagaram pra vê.', 'textOriginal': 'Chilenos pagaram pra vê.', 'authorDisplayName': 'Washington luiz dos santos braz', 'authorProfileImageUrl': 'https://yt3.ggpht.com/ytc/AGIKgqNIE20dZUpfIDVw63G3PiI7tyEJmvtD8gNu7A=s48-c-k-c0x00ffffff-no-rj', 'authorChannelUrl': 'http://www.youtube.com/channel/UCPsFDzEg2BsN7F0tIiJsNfw', 'authorChannelId': {'value': 'UCPsFDzEg2BsN7F0tIiJsNfw'}, 'canRate': True, 'viewerRating': 'none', 'likeCount': 0, 'publishedAt': '2022-11-05T09:40:43Z', 'updatedAt': '2022-11-05T09:40:43Z'}}, 'canReply': True, 'totalReplyCount': 0, 'isPublic': True}",,UCPsFDzEg2BsN7F0tIiJsNfw,2022-11-05T09:40:43Z,Chilenos pagaram pra vê.,QURTSl9pM1VWWGpQYW9WVXZqTll4NDF6RmNFb00xVU1SVkY5V0VmdUppXzM4bFZNRGZJWEM3cUZ3VGdmVnYyOG5WMkZJQVVwV2FleUdxNA==,2023-06-09 05:42:49.519558
youtube#commentThread,6p9t3wh7WqQUQVLFhPlWYWoQ3Io,Ugwf6smL8ZJ2X_QUbVd4AaABAg,"{'videoId': 'SFubem2H08c', 'topLevelComment': {'kind': 'youtube#comment', 'etag': 'vjHV2Egege6DR9awfjiak_fwqRU', 'id': 'Ugwf6smL8ZJ2X_QUbVd4AaABAg', 'snippet': {'videoId': 'SFubem2H08c', 'textDisplay': 'Faz o L kkkkk 😂😂😂😂😂😂😂😂', 'textOriginal': 'Faz o L kkkkk 😂😂😂😂😂😂😂😂', 'authorDisplayName': 'JUMENTINHOS DO PT', 'authorProfileImageUrl': 'https://yt3.ggpht.com/la-ZJ1QXMnK9kkifNcnSNQ72xitX14rAiZD6vERel1YIdKTmudg0gXW4_D6tRju4mTCjW0yj3nw=s48-c-k-c0x00ffffff-no-rj', 'authorChannelUrl': 'http://www.youtube.com/channel/UCN8TOaPBV3UNSQaSuxGSJAg', 'authorChannelId': {'value': 'UCN8TOaPBV3UNSQaSuxGSJAg'}, 'canRate': True, 'viewerRating': 'none', 'likeCount': 0, 'publishedAt': '2022-11-02T15:03:08Z', 'updatedAt': '2022-11-02T15:03:08Z'}}, 'canReply': True, 'totalReplyCount': 0, 'isPublic': True}",,UCN8TOaPBV3UNSQaSuxGSJAg,2022-11-02T15:03:08Z,Faz o L kkkkk 😂😂😂😂😂😂😂😂,QURTSl9pM1VWWGpQYW9WVXZqTll4NDF6RmNFb00xVU1SVkY5V0VmdUppXzM4bFZNRGZJWEM3cUZ3VGdmVnYyOG5WMkZJQVVwV2FleUdxNA==,2023-06-09 05:42:49.519558
youtube#commentThread,xJLKSAx4yR8DcEddeL7UhvXK3AM,Ugz-mgPGvuAnekN-kyZ4AaABAg,"{'videoId': 'SFubem2H08c', 'topLevelComment': {'kind': 'youtube#comment', 'etag': 'Gsqc2Tf_u8sI6SOItfmng_ARYVE', 'id': 'Ugz-mgPGvuAnekN-kyZ4AaABAg', 'snippet': {'videoId': 'SFubem2H08c', 'textDisplay': 'O exemplo para o Brasil ta ai compra quem quer.', 'textOriginal': 'O exemplo para o Brasil ta ai compra quem quer.', 'authorDisplayName': 'Edison Luiz Testoni', 'authorProfileImageUrl': 'https://yt3.ggpht.com/ytc/AGIKgqMorRiwK7OozliJCuy0Uv_KGNoYGkA4ftJ5scQuc7N10FGCEbKbBj81JYYQrYUk=s48-c-k-c0x00ffffff-no-rj', 'authorChannelUrl': 'http://www.youtube.com/channel/UCzGrW-Tfyb8xWHhrRrTLamA', 'authorChannelId': {'value': 'UCzGrW-Tfyb8xWHhrRrTLamA'}, 'canRate': True, 'viewerRating': 'none', 'likeCount': 0, 'publishedAt': '2022-11-01T14:12:53Z', 'updatedAt': '2022-11-01T14:12:53Z'}}, 'canReply': True, 'totalReplyCount': 0, 'isPublic': True}",,UCzGrW-Tfyb8xWHhrRrTLamA,2022-11-01T14:12:53Z,O exemplo para o Brasil ta ai compra quem quer.,QURTSl9pM1VWWGpQYW9WVXZqTll4NDF6RmNFb00xVU1SVkY5V0VmdUppXzM4bFZNRGZJWEM3cUZ3VGdmVnYyOG5WMkZJQVVwV2FleUdxNA==,2023-06-09 05:42:49.519558
youtube#commentThread,aWtL2Yv4W4byvCBzeBcqHiFMouM,UgydxhDnivjFWKxr-G14AaABAg,"{'videoId': 'SFubem2H08c', 'topLevelComment': {'kind': 'youtube#comment', 'etag': '80UG1-7cOekbENZDZDXWZYf0PPA', 'id': 'UgydxhDnivjFWKxr-G14AaABAg', 'snippet': {'videoId': 'SFubem2H08c', 'textDisplay': 'Esquerda incompetente na economia e competente na propaganda  Tem 0% de vergonha de mentir. A culpa é sempre dos outros  Pena que a cegueira ser um problema Latino Americano.', 'textOriginal': 'Esquerda incompetente na economia e competente na propaganda  Tem 0% de vergonha de mentir. A culpa é sempre dos outros  Pena que a cegueira ser um problema Latino Americano.', 'authorDisplayName': 'Lima Filho', 'authorProfileImageUrl': 'https://yt3.ggpht.com/ytc/AGIKgqMYJqVrTEzc3WajoQOnOrq8uInm0Em_cDjvoA=s48-c-k-c0x00ffffff-no-rj', 'authorChannelUrl': 'http://www.youtube.com/channel/UCUUEYpc3qDGdYKrt4B7zgiA', 'authorChannelId': {'value': 'UCUUEYpc3qDGdYKrt4B7zgiA'}, 'canRate': True, 'viewerRating': 'none', 'likeCount': 0, 'publishedAt': '2022-10-25T17:40:36Z', 'updatedAt': '2022-10-25T17:40:55Z'}}, 'canReply': True, 'totalReplyCount': 0, 'isPublic': True}",,UCUUEYpc3qDGdYKrt4B7zgiA,2022-10-25T17:40:36Z,Esquerda incompetente na economia e competente na propaganda  Tem 0% de vergonha de mentir. A culpa é sempre dos outros  Pena que a cegueira ser um problema Latino Americano.,QURTSl9pM1VWWGpQYW9WVXZqTll4NDF6RmNFb00xVU1SVkY5V0VmdUppXzM4bFZNRGZJWEM3cUZ3VGdmVnYyOG5WMkZJQVVwV2FleUdxNA==,2023-06-09 05:42:49.519558
youtube#commentThread,mac0efIW55BgksLV-OY1o-lccL4,UgxU4vmkIQYbHvziOqd4AaABAg,"{'videoId': 'SFubem2H08c', 'topLevelComment': {'kind': 'youtube#comment', 'etag': 'dVFuRoKHhtR9B9GOQ4kmqDMSC2I', 'id': 'UgxU4vmkIQYbHvziOqd4AaABAg', 'snippet': {'videoId': 'SFubem2H08c', 'textDisplay': 'Que Deus não permita a volta do partido das trevas ao poder no Brasil', 'textOriginal': 'Que Deus não permita a volta do partido das trevas ao poder no Brasil', 'authorDisplayName': 'carlos rodrigues da silva', 'authorProfileImageUrl': 'https://yt3.ggpht.com/ytc/AGIKgqM_CjQoa-Eduj3ZMvW1YhaYq8FnYpDpSRmDlr8Q=s48-c-k-c0x00ffffff-no-rj', 'authorChannelUrl': 'http://www.youtube.com/channel/UCfg3OYhWkcsa6W45hRfUkAA', 'authorChannelId': {'value': 'UCfg3OYhWkcsa6W45hRfUkAA'}, 'canRate': True, 'viewerRating': 'none', 'likeCount': 0, 'publishedAt': '2022-10-25T17:13:39Z', 'updatedAt': '2022-10-25T17:13:39Z'}}, 'canReply': True, 'totalReplyCount': 0, 'isPublic': True}",,UCfg3OYhWkcsa6W45hRfUkAA,2022-10-25T17:13:39Z,Que Deus não permita a volta do partido das trevas ao poder no Brasil,QURTSl9pM1VWWGpQYW9WVXZqTll4NDF6RmNFb00xVU1SVkY5V0VmdUppXzM4bFZNRGZJWEM3cUZ3VGdmVnYyOG5WMkZJQVVwV2FleUdxNA==,2023-06-09 05:42:49.519558
youtube#commentThread,slWS_i8pjQ5LukFa769SLdbEiSw,UgyF_78H7ZxXHgZIHQt4AaABAg,"{'videoId': 'SFubem2H08c', 'topLevelComment': {'kind': 'youtube#comment', 'etag': 'nD8XBbhymWYoLM32MbzSiFP1qEI', 'id': 'UgyF_78H7ZxXHgZIHQt4AaABAg', 'snippet': {'videoId': 'SFubem2H08c', 'textDisplay': 'ABSURDO é ter partido no BRASIL solidário aos ditadores', 'textOriginal': 'ABSURDO é ter partido no BRASIL solidário aos ditadores', 'authorDisplayName': 'LÚCIO LOPES', 'authorProfileImageUrl': 'https://yt3.ggpht.com/ytc/AGIKgqPWSW6ifFsAu1j4IumZ6VywDf7WZH0tVdPaYQ=s48-c-k-c0x00ffffff-no-rj', 'authorChannelUrl': 'http://www.youtube.com/channel/UCsHC6JyWMixrQS7yuFFYuvQ', 'authorChannelId': {'value': 'UCsHC6JyWMixrQS7yuFFYuvQ'}, 'canRate': True, 'viewerRating': 'none', 'likeCount': 0, 'publishedAt': '2022-10-25T15:37:07Z', 'updatedAt': '2022-10-25T15:37:07Z'}}, 'canReply': True, 'totalReplyCount': 0, 'isPublic': True}",,UCsHC6JyWMixrQS7yuFFYuvQ,2022-10-25T15:37:07Z,ABSURDO é ter partido no BRASIL solidário aos ditadores,QURTSl9pM1VWWGpQYW9WVXZqTll4NDF6RmNFb00xVU1SVkY5V0VmdUppXzM4bFZNRGZJWEM3cUZ3VGdmVnYyOG5WMkZJQVVwV2FleUdxNA==,2023-06-09 05:42:49.519558
youtube#commentThread,TkAm46u0p6cw9DILdW78E4xRR1I,UgzuNanjiZdl_R1Khtt4AaABAg,"{'videoId': 'SFubem2H08c', 'topLevelComment': {'kind': 'youtube#comment', 'etag': '0_Uef4fV4lbLdSvBMBT0rRhwpSA', 'id': 'UgzuNanjiZdl_R1Khtt4AaABAg', 'snippet': {'videoId': 'SFubem2H08c', 'textDisplay': 'Eita Esquerdalhos que gostam de quebrar seus países', 'textOriginal': 'Eita Esquerdalhos que gostam de quebrar seus países', 'authorDisplayName': 'Geovânia Da Costa', 'authorProfileImageUrl': 'https://yt3.ggpht.com/ytc/AGIKgqMbVDM0CqABWEkjnvWRlOjk052yRTL0IByqyQ=s48-c-k-c0x00ffffff-no-rj', 'authorChannelUrl': 'http://www.youtube.com/channel/UCjmYhEVT09iBw9ek4lF42FA', 'authorChannelId': {'value': 'UCjmYhEVT09iBw9ek4lF42FA'}, 'canRate': True, 'viewerRating': 'none', 'likeCount': 1, 'publishedAt': '2022-10-25T14:50:16Z', 'updatedAt': '2022-10-25T14:50:16Z'}}, 'canReply': True, 'totalReplyCount': 0, 'isPublic': True}",,UCjmYhEVT09iBw9ek4lF42FA,2022-10-25T14:50:16Z,Eita Esquerdalhos que gostam de quebrar seus países,QURTSl9pM1VWWGpQYW9WVXZqTll4NDF6RmNFb00xVU1SVkY5V0VmdUppXzM4bFZNRGZJWEM3cUZ3VGdmVnYyOG5WMkZJQVVwV2FleUdxNA==,2023-06-09 05:42:49.519558
youtube#commentThread,rAKpvQSQ7rctSlF0WLgQ18_crQ8,UgxvlRQTYORI6Xst1n54AaABAg,"{'videoId': 'SFubem2H08c', 'topLevelComment': {'kind': 'youtube#comment', 'etag': 'KqdiylSIgFI5adD4tuPo311NwSQ', 'id': 'UgxvlRQTYORI6Xst1n54AaABAg', 'snippet': {'videoId': 'SFubem2H08c', 'textDisplay': 'Sinceramente, só tô esperando a merda acontecer pra rir muito de quem votou no presidiário.', 'textOriginal': 'Sinceramente, só tô esperando a merda acontecer pra rir muito de quem votou no presidiário.', 'authorDisplayName': 'NEET', 'authorProfileImageUrl': 'https://yt3.ggpht.com/rdH53uV79DV-oBLk75sjef1DqCNUpAx7fWhem1zlwSXo7GGIK9f-3-zIXYGnu2jKl5MlJtscdRQ=s48-c-k-c0x00ffffff-no-rj', 'authorChannelUrl': 'http://www.youtube.com/channel/UCGbkhMYLwcomKDgt3qBBAZQ', 'authorChannelId': {'value': 'UCGbkhMYLwcomKDgt3qBBAZQ'}, 'canRate': True, 'viewerRating': 'none', 'likeCount': 0, 'publishedAt': '2022-10-25T13:25:56Z', 'updatedAt': '2022-10-25T13:26:15Z'}}, 'canReply': True, 'totalReplyCount': 0, 'isPublic': True}",,UCGbkhMYLwcomKDgt3qBBAZQ,2022-10-25T13:25:56Z,"Sinceramente, só tô esperando a merda acontecer pra rir muito de quem votou no presidiário.",QURTSl9pM1VWWGpQYW9WVXZqTll4NDF6RmNFb00xVU1SVkY5V0VmdUppXzM4bFZNRGZJWEM3cUZ3VGdmVnYyOG5WMkZJQVVwV2FleUdxNA==,2023-06-09 05:42:49.519558
youtube#commentThread,RnPssFvorn6yI94b1Lw1ucz2mlg,Ugwyv4wECdOi6XMl0pl4AaABAg,"{'videoId': 'SFubem2H08c', 'topLevelComment': {'kind': 'youtube#comment', 'etag': 'etB8MXkofoAbkJXZELPLmwGseaM', 'id': 'Ugwyv4wECdOi6XMl0pl4AaABAg', 'snippet': {'videoId': 'SFubem2H08c', 'textDisplay': 'O socialismo esquerdista é uma tragédia! Onde quer que seja levado destrói tudo que é bom e de direitos e liberdades!', 'textOriginal': 'O socialismo esquerdista é uma tragédia! Onde quer que seja levado destrói tudo que é bom e de direitos e liberdades!', 'authorDisplayName': 'José Carlos Do Carmo', 'authorProfileImageUrl': 'https://yt3.ggpht.com/ytc/AGIKgqOCpZxOHztqVJVJ41FBQIS35aGVfTF5zd_KWITc8A=s48-c-k-c0x00ffffff-no-rj', 'authorChannelUrl': 'http://www.youtube.com/channel/UCUYvlcU3blN3BUGF-ywerfg', 'authorChannelId': {'value': 'UCUYvlcU3blN3BUGF-ywerfg'}, 'canRate': True, 'viewerRating': 'none', 'likeCount': 0, 'publishedAt': '2022-10-25T00:15:13Z', 'updatedAt': '2022-10-25T00:15:13Z'}}, 'canReply': True, 'totalReplyCount': 0, 'isPublic': True}",,UCUYvlcU3blN3BUGF-ywerfg,2022-10-25T00:15:13Z,O socialismo esquerdista é uma tragédia! Onde quer que seja levado destrói tudo que é bom e de direitos e liberdades!,QURTSl9pM1VWWGpQYW9WVXZqTll4NDF6RmNFb00xVU1SVkY5V0VmdUppXzM4bFZNRGZJWEM3cUZ3VGdmVnYyOG5WMkZJQVVwV2FleUdxNA==,2023-06-09 05:42:49.519558
youtube#commentThread,DfIwiQcXJoF2BgKXlWy-IZ3HmEs,UgxbXTkiWWkBwbGpm594AaABAg,"{'videoId': 'SFubem2H08c', 'topLevelComment': {'kind': 'youtube#comment', 'etag': 'ZQztlUA-hseoW5wLG9afiuCbWgc', 'id': 'UgxbXTkiWWkBwbGpm594AaABAg', 'snippet': {'videoId': 'SFubem2H08c', 'textDisplay': 'Infelizmente eles escolheram isto,agora estão pagando por isso e que nas proximas eleições eles escolham o certo.', 'textOriginal': 'Infelizmente eles escolheram isto,agora estão pagando por isso e que nas proximas eleições eles escolham o certo.', 'authorDisplayName': 'polietati', 'authorProfileImageUrl': 'https://yt3.ggpht.com/ytc/AGIKgqN8AyKDw3e6tQEBI6JJKGc-Vy1tQ7tNcomtIQ=s48-c-k-c0x00ffffff-no-rj', 'authorChannelUrl': 'http://www.youtube.com/channel/UC_CEAx2PvGTg9gp1hnr8eFw', 'authorChannelId': {'value': 'UC_CEAx2PvGTg9gp1hnr8eFw'}, 'canRate': True, 'viewerRating': 'none', 'likeCount': 0, 'publishedAt': '2022-10-25T00:11:53Z', 'updatedAt': '2022-10-25T00:11:53Z'}}, 'canReply': True, 'totalReplyCount': 0, 'isPublic': True}",,UC_CEAx2PvGTg9gp1hnr8eFw,2022-10-25T00:11:53Z,"Infelizmente eles escolheram isto,agora estão pagando por isso e que nas proximas eleições eles escolham o certo.",QURTSl9pM1VWWGpQYW9WVXZqTll4NDF6RmNFb00xVU1SVkY5V0VmdUppXzM4bFZNRGZJWEM3cUZ3VGdmVnYyOG5WMkZJQVVwV2FleUdxNA==,2023-06-09 05:42:49.519558
youtube#commentThread,6HeTJM88wMWHuEZscxK2feS9g9s,UgwQNxLEmR0lgWfOfrN4AaABAg,"{'videoId': 'SFubem2H08c', 'topLevelComment': {'kind': 'youtube#comment', 'etag': '4ptHe4e4cezOyvTceN33E294q3I', 'id': 'UgwQNxLEmR0lgWfOfrN4AaABAg', 'snippet': {'videoId': 'SFubem2H08c', 'textDisplay': 'Ha mas a esquerda no Brasil é diferente, mentes esquerdistas, que loucura, há não porque vocês não preferem o bem do que a destruição, seres humanos porque ????', 'textOriginal': 'Ha mas a esquerda no Brasil é diferente, mentes esquerdistas, que loucura, há não porque vocês não preferem o bem do que a destruição, seres humanos porque ????', 'authorDisplayName': 'Ayriane Campos', 'authorProfileImageUrl': 'https://yt3.ggpht.com/ytc/AGIKgqPCJi-6zb0MP1vQRN4iSJWYdGlcGyk2Gjbz_nY1t30=s48-c-k-c0x00ffffff-no-rj', 'authorChannelUrl': 'http://www.youtube.com/channel/UCR2wUtog441W80CvudanKiQ', 'authorChannelId': {'value': 'UCR2wUtog441W80CvudanKiQ'}, 'canRate': True, 'viewerRating': 'none', 'likeCount': 0, 'publishedAt': '2022-10-24T22:27:32Z', 'updatedAt': '2022-10-24T22:27:32Z'}}, 'canReply': True, 'totalReplyCount': 0, 'isPublic': True}",,UCR2wUtog441W80CvudanKiQ,2022-10-24T22:27:32Z,"Ha mas a esquerda no Brasil é diferente, mentes esquerdistas, que loucura, há não porque vocês não preferem o bem do que a destruição, seres humanos porque ????",QURTSl9pM1VWWGpQYW9WVXZqTll4NDF6RmNFb00xVU1SVkY5V0VmdUppXzM4bFZNRGZJWEM3cUZ3VGdmVnYyOG5WMkZJQVVwV2FleUdxNA==,2023-06-09 05:42:49.519558
youtube#commentThread,TjVhhoJ4fAZnOoNx0HdhgwVLKN4,Ugw08oXJBNXCdXW-tWh4AaABAg,"{'videoId': 'SFubem2H08c', 'topLevelComment': {'kind': 'youtube#comment', 'etag': 'Ig_AbHD-if84maW-RYEVsq_WgB4', 'id': 'Ugw08oXJBNXCdXW-tWh4AaABAg', 'snippet': {'videoId': 'SFubem2H08c', 'textDisplay': 'Vamos salvar o Brasil!!! Pela liberdade 22', 'textOriginal': 'Vamos salvar o Brasil!!! Pela liberdade 22', 'authorDisplayName': 'Deborah Silva', 'authorProfileImageUrl': 'https://yt3.ggpht.com/ytc/AGIKgqPyZiSSctQMN6xRJnbrbPaV8_rb1tZ5nmoWBa_EsDzdpxxf8fVjhQViGl0B4Dex=s48-c-k-c0x00ffffff-no-rj', 'authorChannelUrl': 'http://www.youtube.com/channel/UCyd91GBK0Untlw91HnUaPGw', 'authorChannelId': {'value': 'UCyd91GBK0Untlw91HnUaPGw'}, 'canRate': True, 'viewerRating': 'none', 'likeCount': 0, 'publishedAt': '2022-10-24T22:24:59Z', 'updatedAt': '2022-10-24T22:24:59Z'}}, 'canReply': True, 'totalReplyCount': 0, 'isPublic': True}",,UCyd91GBK0Untlw91HnUaPGw,2022-10-24T22:24:59Z,Vamos salvar o Brasil!!! Pela liberdade 22,QURTSl9pM1VWWGpQYW9WVXZqTll4NDF6RmNFb00xVU1SVkY5V0VmdUppXzM4bFZNRGZJWEM3cUZ3VGdmVnYyOG5WMkZJQVVwV2FleUdxNA==,2023-06-09 05:42:49.519558
youtube#commentThread,_VXIIVprz-mvlAClC2Zm3Iv_Fi4,Ugwd2zwRNn7iH0_npdJ4AaABAg,"{'videoId': 'SFubem2H08c', 'topLevelComment': {'kind': 'youtube#comment', 'etag': 'M0yHs8hxklCY1QgiRVIuev7xm2c', 'id': 'Ugwd2zwRNn7iH0_npdJ4AaABAg', 'snippet': {'videoId': 'SFubem2H08c', 'textDisplay': 'Quem manda votar nessa corja!!', 'textOriginal': 'Quem manda votar nessa corja!!', 'authorDisplayName': 'Ronaldo de Oliveira', 'authorProfileImageUrl': 'https://yt3.ggpht.com/ytc/AGIKgqMdU_gSsS-S7c-bxg06Xn5-8Jk4v9aQE90Bvw=s48-c-k-c0x00ffffff-no-rj', 'authorChannelUrl': 'http://www.youtube.com/channel/UCqbIzuQUBnvx_afC4LaoT1A', 'authorChannelId': {'value': 'UCqbIzuQUBnvx_afC4LaoT1A'}, 'canRate': True, 'viewerRating': 'none', 'likeCount': 0, 'publishedAt': '2022-10-24T22:04:27Z', 'updatedAt': '2022-10-24T22:04:27Z'}}, 'canReply': True, 'totalReplyCount': 0, 'isPublic': True}",,UCqbIzuQUBnvx_afC4LaoT1A,2022-10-24T22:04:27Z,Quem manda votar nessa corja!!,QURTSl9pM1VWWGpQYW9WVXZqTll4NDF6RmNFb00xVU1SVkY5V0VmdUppXzM4bFZNRGZJWEM3cUZ3VGdmVnYyOG5WMkZJQVVwV2FleUdxNA==,2023-06-09 05:42:49.519558
youtube#commentThread,cTAo6VofsE5dux-XTd6ZO9YRf-k,Ugw0YerB4PqMLMnTAAt4AaABAg,"{'videoId': 'SFubem2H08c', 'topLevelComment': {'kind': 'youtube#comment', 'etag': '8tdZbJNpOCECsGYvOY8jdq1oyeE', 'id': 'Ugw0YerB4PqMLMnTAAt4AaABAg', 'snippet': {'videoId': 'SFubem2H08c', 'textDisplay': '¡Viva la revolución!', 'textOriginal': '¡Viva la revolución!', 'authorDisplayName': 'Lg Ks', 'authorProfileImageUrl': 'https://yt3.ggpht.com/ytc/AGIKgqMx_TliC4HqSdcOJZ1TYAF6C6729cVZV5njJw=s48-c-k-c0x00ffffff-no-rj', 'authorChannelUrl': 'http://www.youtube.com/channel/UClr6NIdQCB-txdLF7lAtc_g', 'authorChannelId': {'value': 'UClr6NIdQCB-txdLF7lAtc_g'}, 'canRate': True, 'viewerRating': 'none', 'likeCount': 1, 'publishedAt': '2022-10-24T21:03:14Z', 'updatedAt': '2022-10-24T21:03:14Z'}}, 'canReply': True, 'totalReplyCount': 0, 'isPublic': True}",,UClr6NIdQCB-txdLF7lAtc_g,2022-10-24T21:03:14Z,¡Viva la revolución!,QURTSl9pM1VWWGpQYW9WVXZqTll4NDF6RmNFb00xVU1SVkY5V0VmdUppXzM4bFZNRGZJWEM3cUZ3VGdmVnYyOG5WMkZJQVVwV2FleUdxNA==,2023-06-09 05:42:49.519558
youtube#commentThread,HOUdDoPdtJ76Pz63Ut130ZkMvjY,Ugw4oQiZa46BXp1Ue0B4AaABAg,"{'videoId': 'SFubem2H08c', 'topLevelComment': {'kind': 'youtube#comment', 'etag': 'tnDSCgSIQ8F1QlyXC-TtvfIB8Sg', 'id': 'Ugw4oQiZa46BXp1Ue0B4AaABAg', 'snippet': {'videoId': 'SFubem2H08c', 'textDisplay': 'Saudades do grande estadista pinochet', 'textOriginal': 'Saudades do grande estadista pinochet', 'authorDisplayName': 'republica de fresllo', 'authorProfileImageUrl': 'https://yt3.ggpht.com/xileqVaw2aI1RXd-zhSr_9fzraFz_V2vRTxctgljHxVw-9J381dYE3quFBdaRVcRdaWkjQv9SA=s48-c-k-c0x00ffffff-no-rj', 'authorChannelUrl': 'http://www.youtube.com/channel/UCEANZvexn1e7vGB6Ga-KyAw', 'authorChannelId': {'value': 'UCEANZvexn1e7vGB6Ga-KyAw'}, 'canRate': True, 'viewerRating': 'none', 'likeCount': 0, 'publishedAt': '2022-10-24T19:56:43Z', 'updatedAt': '2022-10-24T19:56:43Z'}}, 'canReply': True, 'totalReplyCount': 0, 'isPublic': True}",,UCEANZvexn1e7vGB6Ga-KyAw,2022-10-24T19:56:43Z,Saudades do grande estadista pinochet,QURTSl9pM1VWWGpQYW9WVXZqTll4NDF6RmNFb00xVU1SVkY5V0VmdUppXzM4bFZNRGZJWEM3cUZ3VGdmVnYyOG5WMkZJQVVwV2FleUdxNA==,2023-06-09 05:42:49.519558
youtube#commentThread,MmaW1XEreISJMkl6qnRsnBQJ5cU,Ugx8C2rdxXThy1LXKh94AaABAg,"{'videoId': 'SFubem2H08c', 'topLevelComment': {'kind': 'youtube#comment', 'etag': 'PVjdbdlQmoHHUjvWMVP1BY2FIRQ', 'id': 'Ugx8C2rdxXThy1LXKh94AaABAg', 'snippet': {'videoId': 'SFubem2H08c', 'textDisplay': 'Foro de São Paulo o coração do comunismo da América do Sul.', 'textOriginal': 'Foro de São Paulo o coração do comunismo da América do Sul.', 'authorDisplayName': 'Silvana Bajo', 'authorProfileImageUrl': 'https://yt3.ggpht.com/ytc/AGIKgqNSs7nXBacK0SUGuHTqmX-1m0D9gh1H0AeQ8g=s48-c-k-c0x00ffffff-no-rj', 'authorChannelUrl': 'http://www.youtube.com/channel/UC8QGn52avsh-h9zwyLJCGbQ', 'authorChannelId': {'value': 'UC8QGn52avsh-h9zwyLJCGbQ'}, 'canRate': True, 'viewerRating': 'none', 'likeCount': 0, 'publishedAt': '2022-10-24T18:02:55Z', 'updatedAt': '2022-10-24T18:02:55Z'}}, 'canReply': True, 'totalReplyCount': 0, 'isPublic': True}",,UC8QGn52avsh-h9zwyLJCGbQ,2022-10-24T18:02:55Z,Foro de São Paulo o coração do comunismo da América do Sul.,QURTSl9pM1VWWGpQYW9WVXZqTll4NDF6RmNFb00xVU1SVkY5V0VmdUppXzM4bFZNRGZJWEM3cUZ3VGdmVnYyOG5WMkZJQVVwV2FleUdxNA==,2023-06-09 05:42:49.519558
youtube#commentThread,QcgV82kH9BCaNW-cqGzLnhwg4ac,UgzuguUA71TCz0XvWZJ4AaABAg,"{'videoId': 'SFubem2H08c', 'topLevelComment': {'kind': 'youtube#comment', 'etag': 'qL6546aLBhd29ScHuvd5Yn3wzn0', 'id': 'UgzuguUA71TCz0XvWZJ4AaABAg', 'snippet': {'videoId': 'SFubem2H08c', 'textDisplay': '🇧🇷🇧🇷🇧🇷🇧🇷🇧🇷🇧🇷🇧🇷🇧🇷', 'textOriginal': '🇧🇷🇧🇷🇧🇷🇧🇷🇧🇷🇧🇷🇧🇷🇧🇷', 'authorDisplayName': 'Moacir Simões', 'authorProfileImageUrl': 'https://yt3.ggpht.com/ytc/AGIKgqODmEjME03HwtK5TOfCyYNxUZefgyDqZ2YN6ySvimlcFyamAUQ_I3EkP2nLGFGV=s48-c-k-c0x00ffffff-no-rj', 'authorChannelUrl': 'http://www.youtube.com/channel/UCQlsoq7G-w4he9_J2X6XDAg', 'authorChannelId': {'value': 'UCQlsoq7G-w4he9_J2X6XDAg'}, 'canRate': True, 'viewerRating': 'none', 'likeCount': 0, 'publishedAt': '2022-10-24T16:45:29Z', 'updatedAt': '2022-10-24T16:45:29Z'}}, 'canReply': True, 'totalReplyCount': 0, 'isPublic': True}",,UCQlsoq7G-w4he9_J2X6XDAg,2022-10-24T16:45:29Z,🇧🇷🇧🇷🇧🇷🇧🇷🇧🇷🇧🇷🇧🇷🇧🇷,QURTSl9pM1VWWGpQYW9WVXZqTll4NDF6RmNFb00xVU1SVkY5V0VmdUppXzM4bFZNRGZJWEM3cUZ3VGdmVnYyOG5WMkZJQVVwV2FleUdxNA==,2023-06-09 05:42:49.519558
youtube#commentThread,Z7QWzMdWcg1rptAYd1i8i_7EuzI,Ugw8TY_NRwNn0HBxFoJ4AaABAg,"{'videoId': 'SFubem2H08c', 'topLevelComment': {'kind': 'youtube#comment', 'etag': 'usj4dVdwCnmW62ObGEUwUtvFUf8', 'id': 'Ugw8TY_NRwNn0HBxFoJ4AaABAg', 'snippet': {'videoId': 'SFubem2H08c', 'textDisplay': 'Não queremos o mesmo para o Brasil.', 'textOriginal': 'Não queremos o mesmo para o Brasil.', 'authorDisplayName': 'Renato Marcondes', 'authorProfileImageUrl': 'https://yt3.ggpht.com/ytc/AGIKgqOb70wbTW1XJHiOECX0bChdZF3cinYwW3z4HA=s48-c-k-c0x00ffffff-no-rj', 'authorChannelUrl': 'http://www.youtube.com/channel/UCIF0pK4g_851lGSQ4__Pw-w', 'authorChannelId': {'value': 'UCIF0pK4g_851lGSQ4__Pw-w'}, 'canRate': True, 'viewerRating': 'none', 'likeCount': 0, 'publishedAt': '2022-10-24T14:42:34Z', 'updatedAt': '2022-10-24T14:42:34Z'}}, 'canReply': True, 'totalReplyCount': 0, 'isPublic': True}",,UCIF0pK4g_851lGSQ4__Pw-w,2022-10-24T14:42:34Z,Não queremos o mesmo para o Brasil.,QURTSl9pM1VWWGpQYW9WVXZqTll4NDF6RmNFb00xVU1SVkY5V0VmdUppXzM4bFZNRGZJWEM3cUZ3VGdmVnYyOG5WMkZJQVVwV2FleUdxNA==,2023-06-09 05:42:49.519558
youtube#commentThread,sJASrGzPfkd7ZDcBTjOCQ78S1Sw,UgznBTBfYHKwpMrwSEp4AaABAg,"{'videoId': 'SFubem2H08c', 'topLevelComment': {'kind': 'youtube#comment', 'etag': 'U5C97enrV867zswMquQwmiev2DU', 'id': 'UgznBTBfYHKwpMrwSEp4AaABAg', 'snippet': {'videoId': 'SFubem2H08c', 'textDisplay': 'Ebaaaaa!!!!!!!<br>Isso que dá brincar de colocar a esquerda no poder: inflação, pobreza, ideologias progressistas e destruição dos valores....', 'textOriginal': 'Ebaaaaa!!!!!!!\\nIsso que dá brincar de colocar a esquerda no poder: inflação, pobreza, ideologias progressistas e destruição dos valores....', 'authorDisplayName': 'kazeubel', 'authorProfileImageUrl': 'https://yt3.ggpht.com/ytc/AGIKgqMg3ISgg8lxb9kL6faKNM5w2xfMxIGJv8qKryjT=s48-c-k-c0x00ffffff-no-rj', 'authorChannelUrl': 'http://www.youtube.com/channel/UCqYOUIHX84Z44F5Z2Gm6MHw', 'authorChannelId': {'value': 'UCqYOUIHX84Z44F5Z2Gm6MHw'}, 'canRate': True, 'viewerRating': 'none', 'likeCount': 0, 'publishedAt': '2022-10-24T12:47:06Z', 'updatedAt': '2022-10-24T12:47:06Z'}}, 'canReply': True, 'totalReplyCount': 0, 'isPublic': True}",,UCqYOUIHX84Z44F5Z2Gm6MHw,2022-10-24T12:47:06Z,"Ebaaaaa!!!!!!!
Isso que dá brincar de colocar a esquerda no poder: inflação, pobreza, ideologias progressistas e destruição dos valores....",QURTSl9pM1VWWGpQYW9WVXZqTll4NDF6RmNFb00xVU1SVkY5V0VmdUppXzM4bFZNRGZJWEM3cUZ3VGdmVnYyOG5WMkZJQVVwV2FleUdxNA==,2023-06-09 05:42:49.519558
youtube#commentThread,dsha5GcH3k4pqU7bYNSDo189M6s,Ugx3sX5luZnm7kf7ZxF4AaABAg,"{'videoId': 'SFubem2H08c', 'topLevelComment': {'kind': 'youtube#comment', 'etag': 'MG4LRAR6wz_RypglaVIBMhTtEQU', 'id': 'Ugx3sX5luZnm7kf7ZxF4AaABAg', 'snippet': {'videoId': 'SFubem2H08c', 'textDisplay': 'esquerda lixo', 'textOriginal': 'esquerda lixo', 'authorDisplayName': 'Maria Clara', 'authorProfileImageUrl': 'https://yt3.ggpht.com/Z7O0gZT6Ds8EtvmjZ-0JBQqhsNYd32ObQRhdSJ-LSpuI3cKlyArsZMN4tJWHLqH46g5he_xtgQ=s48-c-k-c0x00ffffff-no-rj', 'authorChannelUrl': 'http://www.youtube.com/channel/UCva5dkMet3D7MnFRji94fvA', 'authorChannelId': {'value': 'UCva5dkMet3D7MnFRji94fvA'}, 'canRate': True, 'viewerRating': 'none', 'likeCount': 0, 'publishedAt': '2022-10-24T11:57:39Z', 'updatedAt': '2022-10-24T11:57:39Z'}}, 'canReply': True, 'totalReplyCount': 0, 'isPublic': True}",,UCva5dkMet3D7MnFRji94fvA,2022-10-24T11:57:39Z,esquerda lixo,QURTSl9pM1VWWGpQYW9WVXZqTll4NDF6RmNFb00xVU1SVkY5V0VmdUppXzM4bFZNRGZJWEM3cUZ3VGdmVnYyOG5WMkZJQVVwV2FleUdxNA==,2023-06-09 05:42:49.519558
youtube#commentThread,KjhM6gNKn4rFlNsQPpFnGw5_gKg,UgzSGBi9vPw3NjlJoah4AaABAg,"{'videoId': 'SFubem2H08c', 'topLevelComment': {'kind': 'youtube#comment', 'etag': 'rokorqRahFNqoqXU3XQoCBhjvPE', 'id': 'UgzSGBi9vPw3NjlJoah4AaABAg', 'snippet': {'videoId': 'SFubem2H08c', 'textDisplay': 'ABAIXO A DITADURA DA TOGA', 'textOriginal': 'ABAIXO A DITADURA DA TOGA', 'authorDisplayName': 'Firmino Arrais Chaves', 'authorProfileImageUrl': 'https://yt3.ggpht.com/ytc/AGIKgqNo0--BS4QuMpt4VI5Am8UjfjXfdtBG-c2YF7wMf89TojuajWdw4guGRZ_GgWAe=s48-c-k-c0x00ffffff-no-rj', 'authorChannelUrl': 'http://www.youtube.com/channel/UCIo9G4taskQeRO6cCcENCpQ', 'authorChannelId': {'value': 'UCIo9G4taskQeRO6cCcENCpQ'}, 'canRate': True, 'viewerRating': 'none', 'likeCount': 0, 'publishedAt': '2022-10-24T10:57:53Z', 'updatedAt': '2022-10-24T10:57:53Z'}}, 'canReply': True, 'totalReplyCount': 0, 'isPublic': True}",,UCIo9G4taskQeRO6cCcENCpQ,2022-10-24T10:57:53Z,ABAIXO A DITADURA DA TOGA,QURTSl9pM1VWWGpQYW9WVXZqTll4NDF6RmNFb00xVU1SVkY5V0VmdUppXzM4bFZNRGZJWEM3cUZ3VGdmVnYyOG5WMkZJQVVwV2FleUdxNA==,2023-06-09 05:42:49.519558
youtube#commentThread,uVAr6Yx691yF56fcJeaHPmKSFjU,UgzcVQSS9SgdQU6XfpJ4AaABAg,"{'videoId': 'SFubem2H08c', 'topLevelComment': {'kind': 'youtube#comment', 'etag': 'qw73LvXYQsv4f5XZ0C7ZiGe_Z5g', 'id': 'UgzcVQSS9SgdQU6XfpJ4AaABAg', 'snippet': {'videoId': 'SFubem2H08c', 'textDisplay': 'Lula nem chegou, e já tem País indo ao desespero, com o comunismo 🤦🏾\\u200d♂️', 'textOriginal': 'Lula nem chegou, e já tem País indo ao desespero, com o comunismo 🤦🏾\\u200d♂️', 'authorDisplayName': 'Rash ⚡', 'authorProfileImageUrl': 'https://yt3.ggpht.com/vAdGD56lrh81efsrAZPf5rhJONe08x6jPkrkkJbUi5GoDo36j_FleOG9t67q03Vn4nmrLd7_Tw=s48-c-k-c0x00ffffff-no-rj', 'authorChannelUrl': 'http://www.youtube.com/channel/UCgyoM1nyq2BRIdsGT-wQz9g', 'authorChannelId': {'value': 'UCgyoM1nyq2BRIdsGT-wQz9g'}, 'canRate': True, 'viewerRating': 'none', 'likeCount': 1, 'publishedAt': '2022-10-24T08:05:47Z', 'updatedAt': '2022-10-24T08:05:47Z'}}, 'canReply': True, 'totalReplyCount': 0, 'isPublic': True}",,UCgyoM1nyq2BRIdsGT-wQz9g,2022-10-24T08:05:47Z,"Lula nem chegou, e já tem País indo ao desespero, com o comunismo 🤦🏾‍♂️",QURTSl9pM1VWWGpQYW9WVXZqTll4NDF6RmNFb00xVU1SVkY5V0VmdUppXzM4bFZNRGZJWEM3cUZ3VGdmVnYyOG5WMkZJQVVwV2FleUdxNA==,2023-06-09 05:42:49.519558
youtube#commentThread,ZAD448TP4cpeDN8QPNWE6BDDFws,UgytrBIxhuqvDuR7MLt4AaABAg,"{'videoId': 'SFubem2H08c', 'topLevelComment': {'kind': 'youtube#comment', 'etag': 'jEzuYdvbrtiI5fP2xKiK1xUCZXM', 'id': 'UgytrBIxhuqvDuR7MLt4AaABAg', 'snippet': {'videoId': 'SFubem2H08c', 'textDisplay': '22🇧🇷🇧🇷', 'textOriginal': '22🇧🇷🇧🇷', 'authorDisplayName': 'Rafael Monteiro', 'authorProfileImageUrl': 'https://yt3.ggpht.com/ytc/AGIKgqNn4QE-Hxf51loJjmzUqe6cG6tzLed4AFXTUXJucg=s48-c-k-c0x00ffffff-no-rj', 'authorChannelUrl': 'http://www.youtube.com/channel/UCfL5MavcoVThv9WDfTqvI3Q', 'authorChannelId': {'value': 'UCfL5MavcoVThv9WDfTqvI3Q'}, 'canRate': True, 'viewerRating': 'none', 'likeCount': 0, 'publishedAt': '2022-10-24T05:55:11Z', 'updatedAt': '2022-10-24T05:55:11Z'}}, 'canReply': True, 'totalReplyCount': 0, 'isPublic': True}",,UCfL5MavcoVThv9WDfTqvI3Q,2022-10-24T05:55:11Z,22🇧🇷🇧🇷,QURTSl9pM1VWWGpQYW9WVXZqTll4NDF6RmNFb00xVU1SVkY5V0VmdUppXzM4bFZNRGZJWEM3cUZ3VGdmVnYyOG5WMkZJQVVwV2FleUdxNA==,2023-06-09 05:42:49.519558
youtube#commentThread,2tIdxGIOXieDWZDCwIzPmkuFHKg,UgzQd8qYlvMkqGwpphF4AaABAg,"{'videoId': 'SFubem2H08c', 'topLevelComment': {'kind': 'youtube#comment', 'etag': 'Xgt5y93qhJ5bxJFFoTZfz1tEPeU', 'id': 'UgzQd8qYlvMkqGwpphF4AaABAg', 'snippet': {'videoId': 'SFubem2H08c', 'textDisplay': '<a href=""https://youtube.com/shorts/8NmeQawysV4?feature=share"">https://youtube.com/shorts/8NmeQawysV4?feature=share</a>', 'textOriginal': 'https://youtube.com/shorts/8NmeQawysV4?feature=share', 'authorDisplayName': 'the critico o retorno', 'authorProfileImageUrl': 'https://yt3.ggpht.com/kD6Mxb_Ey85P8bMh104936wEDIVE3TY1t198rQxFanj8gg_d6pidfKaYOlGFY9L7w930ouiu=s48-c-k-c0x00ffffff-no-rj', 'authorChannelUrl': 'http://www.youtube.com/channel/UC1jn8UWOPxHRQ0Ml60tW0Qw', 'authorChannelId': {'value': 'UC1jn8UWOPxHRQ0Ml60tW0Qw'}, 'canRate': True, 'viewerRating': 'none', 'likeCount': 0, 'publishedAt': '2022-10-24T00:35:39Z', 'updatedAt': '2022-10-24T00:35:39Z'}}, 'canReply': True, 'totalReplyCount': 0, 'isPublic': True}",,UC1jn8UWOPxHRQ0Ml60tW0Qw,2022-10-24T00:35:39Z,https://youtube.com/shorts/8NmeQawysV4?feature=share,QURTSl9pM1VWWGpQYW9WVXZqTll4NDF6RmNFb00xVU1SVkY5V0VmdUppXzM4bFZNRGZJWEM3cUZ3VGdmVnYyOG5WMkZJQVVwV2FleUdxNA==,2023-06-09 05:42:49.519558
youtube#commentThread,dCKZt-bcwIw_YBebH4bIT5LgXNs,UgxZQtnlppCSj8sjfzx4AaABAg,"{'videoId': 'SFubem2H08c', 'topLevelComment': {'kind': 'youtube#comment', 'etag': 'vaDSqGXjYQCpuzXDWMCdWRFvJc0', 'id': 'UgxZQtnlppCSj8sjfzx4AaABAg', 'snippet': {'videoId': 'SFubem2H08c', 'textDisplay': 'Os chilenos cometeram um grave erro ao votar nesse sujeito. A pobreza vai chegar forte por lá. Que DEUS proteja o BRASIL!!!!', 'textOriginal': 'Os chilenos cometeram um grave erro ao votar nesse sujeito. A pobreza vai chegar forte por lá. Que DEUS proteja o BRASIL!!!!', 'authorDisplayName': 'Brazil Aviation Araraquara SP', 'authorProfileImageUrl': 'https://yt3.ggpht.com/mkZLoS1DSzfqJpBC02MfXbKrUi49YGUdkiefmfkfi6efiBa-d7DE_8Xi56O-dkZN4ww9x5aLeQ=s48-c-k-c0x00ffffff-no-rj', 'authorChannelUrl': 'http://www.youtube.com/channel/UCOTHZsX8OoiDLwjB6KQMHeA', 'authorChannelId': {'value': 'UCOTHZsX8OoiDLwjB6KQMHeA'}, 'canRate': True, 'viewerRating': 'none', 'likeCount': 0, 'publishedAt': '2022-10-23T22:48:22Z', 'updatedAt': '2022-10-23T22:48:22Z'}}, 'canReply': True, 'totalReplyCount': 0, 'isPublic': True}",,UCOTHZsX8OoiDLwjB6KQMHeA,2022-10-23T22:48:22Z,Os chilenos cometeram um grave erro ao votar nesse sujeito. A pobreza vai chegar forte por lá. Que DEUS proteja o BRASIL!!!!,QURTSl9pM1VWWGpQYW9WVXZqTll4NDF6RmNFb00xVU1SVkY5V0VmdUppXzM4bFZNRGZJWEM3cUZ3VGdmVnYyOG5WMkZJQVVwV2FleUdxNA==,2023-06-09 05:42:49.519558
youtube#commentThread,kwc-Q2RnXXEGIiq1FLUOz-buW-w,UgxnFqUzor5vC1I8EpJ4AaABAg,"{'videoId': 'SFubem2H08c', 'topLevelComment': {'kind': 'youtube#comment', 'etag': '65Bf5bui7X8Ype9pSO7BiSM4i3A', 'id': 'UgxnFqUzor5vC1I8EpJ4AaABAg', 'snippet': {'videoId': 'SFubem2H08c', 'textDisplay': 'Quem recebe auxílio Brasil, pode colocar as barbas de molho,  vai ser a primeira coisa que eles vão mexer,  afinal tem que sobrar mais para eles. <br>Os filhos do ex, estão precisando ser abastecidos, afinal ostentam carro banhado a ouro fora do país.', 'textOriginal': 'Quem recebe auxílio Brasil, pode colocar as barbas de molho,  vai ser a primeira coisa que eles vão mexer,  afinal tem que sobrar mais para eles. \\nOs filhos do ex, estão precisando ser abastecidos, afinal ostentam carro banhado a ouro fora do país.', 'authorDisplayName': 'beatriz martins', 'authorProfileImageUrl': 'https://yt3.ggpht.com/ytc/AGIKgqM4P_1FT5Fl6p7tHlXtvvGQktm64b6ZXu9g=s48-c-k-c0x00ffffff-no-rj', 'authorChannelUrl': 'http://www.youtube.com/channel/UCsRNkVoawQsxy-w-GYN7haw', 'authorChannelId': {'value': 'UCsRNkVoawQsxy-w-GYN7haw'}, 'canRate': True, 'viewerRating': 'none', 'likeCount': 0, 'publishedAt': '2022-10-23T22:18:56Z', 'updatedAt': '2022-10-23T22:18:56Z'}}, 'canReply': True, 'totalReplyCount': 0, 'isPublic': True}",,UCsRNkVoawQsxy-w-GYN7haw,2022-10-23T22:18:56Z,"Quem recebe auxílio Brasil, pode colocar as barbas de molho,  vai ser a primeira coisa que eles vão mexer,  afinal tem que sobrar mais para eles. 
Os filhos do ex, estão precisando ser abastecidos, afinal ostentam carro banhado a ouro fora do país.",QURTSl9pM1VWWGpQYW9WVXZqTll4NDF6RmNFb00xVU1SVkY5V0VmdUppXzM4bFZNRGZJWEM3cUZ3VGdmVnYyOG5WMkZJQVVwV2FleUdxNA==,2023-06-09 05:42:49.519558
youtube#commentThread,q2ixSJFEeCjBDBxRfnr-fHQZfaU,UgxUVyahXtz3s97y3Ex4AaABAg,"{'videoId': 'SFubem2H08c', 'topLevelComment': {'kind': 'youtube#comment', 'etag': 'eUAE2LYNe0ZC9FaIOZXdSNnVD9U', 'id': 'UgxUVyahXtz3s97y3Ex4AaABAg', 'snippet': {'videoId': 'SFubem2H08c', 'textDisplay': 'se queriam diminuir a desigualdade, estão conseguindo.', 'textOriginal': 'se queriam diminuir a desigualdade, estão conseguindo.', 'authorDisplayName': 'Edivan Oliveira Barbosa', 'authorProfileImageUrl': 'https://yt3.ggpht.com/ytc/AGIKgqMh5ZG0KFFeFxWO6A7-5U4Gfxmc2M171cS5RCg=s48-c-k-c0x00ffffff-no-rj', 'authorChannelUrl': 'http://www.youtube.com/channel/UCst0Sm3v0hiurRrm5dbga1A', 'authorChannelId': {'value': 'UCst0Sm3v0hiurRrm5dbga1A'}, 'canRate': True, 'viewerRating': 'none', 'likeCount': 0, 'publishedAt': '2022-10-23T19:28:04Z', 'updatedAt': '2022-10-23T19:28:04Z'}}, 'canReply': True, 'totalReplyCount': 0, 'isPublic': True}",,UCst0Sm3v0hiurRrm5dbga1A,2022-10-23T19:28:04Z,"se queriam diminuir a desigualdade, estão conseguindo.",QURTSl9pM1VWWGpQYW9WVXZqTll4NDF6RmNFb00xVU1SVkY5V0VmdUppXzM4bFZNRGZJWEM3cUZ3VGdmVnYyOG5WMkZJQVVwV2FleUdxNA==,2023-06-09 05:42:49.519558
youtube#commentThread,uk1rx03UO9Avd6xgvppDnipSL4E,UgwP1u6_eFL_TNUNDMV4AaABAg,"{'videoId': 'SFubem2H08c', 'topLevelComment': {'kind': 'youtube#comment', 'etag': '56nxZUEpQpBaPRoC4sM2-esuncY', 'id': 'UgwP1u6_eFL_TNUNDMV4AaABAg', 'snippet': {'videoId': 'SFubem2H08c', 'textDisplay': 'A culpa disso edtar acontecendo é dá População, pous se absteram de ir votar e permitiram a Esquerda se aboletou na Presidência e está Destruindo um País que tinha uma Economia pungente .....', 'textOriginal': 'A culpa disso edtar acontecendo é dá População, pous se absteram de ir votar e permitiram a Esquerda se aboletou na Presidência e está Destruindo um País que tinha uma Economia pungente .....', 'authorDisplayName': 'Benedicto Lacerda', 'authorProfileImageUrl': 'https://yt3.ggpht.com/ytc/AGIKgqOp79vfpdRazY2sjEOzBD7MLbDmwfil88pnfw=s48-c-k-c0x00ffffff-no-rj', 'authorChannelUrl': 'http://www.youtube.com/channel/UCB7XdufFxQuAzZEB4kpGKRA', 'authorChannelId': {'value': 'UCB7XdufFxQuAzZEB4kpGKRA'}, 'canRate': True, 'viewerRating': 'none', 'likeCount': 0, 'publishedAt': '2022-10-23T14:21:21Z', 'updatedAt': '2022-10-23T14:21:21Z'}}, 'canReply': True, 'totalReplyCount': 0, 'isPublic': True}",,UCB7XdufFxQuAzZEB4kpGKRA,2022-10-23T14:21:21Z,"A culpa disso edtar acontecendo é dá População, pous se absteram de ir votar e permitiram a Esquerda se aboletou na Presidência e está Destruindo um País que tinha uma Economia pungente .....",QURTSl9pM1VWWGpQYW9WVXZqTll4NDF6RmNFb00xVU1SVkY5V0VmdUppXzM4bFZNRGZJWEM3cUZ3VGdmVnYyOG5WMkZJQVVwV2FleUdxNA==,2023-06-09 05:42:49.519558
youtube#commentThread,bL54tCaOOsutHadjrAZyc4EkMSM,UgxIIlitrjrs8_htZDp4AaABAg,"{'videoId': 'SFubem2H08c', 'topLevelComment': {'kind': 'youtube#comment', 'etag': 'T3RGZMGu-AbRiOHOfkW9hCUF53M', 'id': 'UgxIIlitrjrs8_htZDp4AaABAg', 'snippet': {'videoId': 'SFubem2H08c', 'textDisplay': 'O ladrão só atrai lesado mental , alicia a pobres com drogas e armas destruidor de famílias onde Pai Mara filho e , Filho Mata pai , amigos matam amigos .,😈👹', 'textOriginal': 'O ladrão só atrai lesado mental , alicia a pobres com drogas e armas destruidor de famílias onde Pai Mara filho e , Filho Mata pai , amigos matam amigos .,😈👹', 'authorDisplayName': 'Alexsandro G. Rordrigues', 'authorProfileImageUrl': 'https://yt3.ggpht.com/ytc/AGIKgqM-abR6Th2xx-l7Mu7wDSD0mhqmLq7Hmo-9pA=s48-c-k-c0x00ffffff-no-rj', 'authorChannelUrl': 'http://www.youtube.com/channel/UCdKwSEIslROffrnzkRT1_4A', 'authorChannelId': {'value': 'UCdKwSEIslROffrnzkRT1_4A'}, 'canRate': True, 'viewerRating': 'none', 'likeCount': 0, 'publishedAt': '2022-10-23T12:16:29Z', 'updatedAt': '2022-10-23T12:16:29Z'}}, 'canReply': True, 'totalReplyCount': 0, 'isPublic': True}",,UCdKwSEIslROffrnzkRT1_4A,2022-10-23T12:16:29Z,"O ladrão só atrai lesado mental , alicia a pobres com drogas e armas destruidor de famílias onde Pai Mara filho e , Filho Mata pai , amigos matam amigos .,😈👹",QURTSl9pM1VWWGpQYW9WVXZqTll4NDF6RmNFb00xVU1SVkY5V0VmdUppXzM4bFZNRGZJWEM3cUZ3VGdmVnYyOG5WMkZJQVVwV2FleUdxNA==,2023-06-09 05:42:49.519558
youtube#commentThread,ML-SeNzIw3BJHU2M959UsT8ELlo,Ugzl3Dew2A3EIn6DE754AaABAg,"{'videoId': 'SFubem2H08c', 'topLevelComment': {'kind': 'youtube#comment', 'etag': '4Hh-nYKfsEmu0jcEy2eYOpV1tX4', 'id': 'Ugzl3Dew2A3EIn6DE754AaABAg', 'snippet': {'videoId': 'SFubem2H08c', 'textDisplay': 'Eles votaram num esquerdista, eles que paguem pelo erro, exemplos no mundo e na história não falta! O mesmo vale para o Brasil se o larápio vencer, o brasileiro que pague pelo seu erro!', 'textOriginal': 'Eles votaram num esquerdista, eles que paguem pelo erro, exemplos no mundo e na história não falta! O mesmo vale para o Brasil se o larápio vencer, o brasileiro que pague pelo seu erro!', 'authorDisplayName': 'Paulo Robson', 'authorProfileImageUrl': 'https://yt3.ggpht.com/ytc/AGIKgqOxRGl9LberBRVpT6FcDnXThwarlFRw8vo88w=s48-c-k-c0x00ffffff-no-rj', 'authorChannelUrl': 'http://www.youtube.com/channel/UCqZS9hU6JsZq4YKSPIu2t7g', 'authorChannelId': {'value': 'UCqZS9hU6JsZq4YKSPIu2t7g'}, 'canRate': True, 'viewerRating': 'none', 'likeCount': 0, 'publishedAt': '2022-10-23T11:20:42Z', 'updatedAt': '2022-10-23T11:20:42Z'}}, 'canReply': True, 'totalReplyCount': 0, 'isPublic': True}",,UCqZS9hU6JsZq4YKSPIu2t7g,2022-10-23T11:20:42Z,"Eles votaram num esquerdista, eles que paguem pelo erro, exemplos no mundo e na história não falta! O mesmo vale para o Brasil se o larápio vencer, o brasileiro que pague pelo seu erro!",QURTSl9pM1VWWGpQYW9WVXZqTll4NDF6RmNFb00xVU1SVkY5V0VmdUppXzM4bFZNRGZJWEM3cUZ3VGdmVnYyOG5WMkZJQVVwV2FleUdxNA==,2023-06-09 05:42:49.519558
youtube#commentThread,SdeBRVbZjRh0Yi9JbLWk7TaGFbI,UgyN-arN_pgg8ngADvR4AaABAg,"{'videoId': 'SFubem2H08c', 'topLevelComment': {'kind': 'youtube#comment', 'etag': '-5jTHoRGoDHvIn01evLz24g2uWA', 'id': 'UgyN-arN_pgg8ngADvR4AaABAg', 'snippet': {'videoId': 'SFubem2H08c', 'textDisplay': 'Caramba, os incautos da mentira elegem o cara errado, depois o rejeitam? Agora, aguentem o resultado da sua ação equivocada.', 'textOriginal': 'Caramba, os incautos da mentira elegem o cara errado, depois o rejeitam? Agora, aguentem o resultado da sua ação equivocada.', 'authorDisplayName': 'Orlando Garcia', 'authorProfileImageUrl': 'https://yt3.ggpht.com/ytc/AGIKgqO3n6KLBA6SI0AAwarYfsgY6sjVkMWbTaHymCnP3w=s48-c-k-c0x00ffffff-no-rj', 'authorChannelUrl': 'http://www.youtube.com/channel/UCFNDqWYem_bAKEIlyjI2J6w', 'authorChannelId': {'value': 'UCFNDqWYem_bAKEIlyjI2J6w'}, 'canRate': True, 'viewerRating': 'none', 'likeCount': 0, 'publishedAt': '2022-10-23T09:22:09Z', 'updatedAt': '2022-10-23T09:22:44Z'}}, 'canReply': True, 'totalReplyCount': 0, 'isPublic': True}",,UCFNDqWYem_bAKEIlyjI2J6w,2022-10-23T09:22:09Z,"Caramba, os incautos da mentira elegem o cara errado, depois o rejeitam? Agora, aguentem o resultado da sua ação equivocada.",QURTSl9pM1VWWGpQYW9WVXZqTll4NDF6RmNFb00xVU1SVkY5V0VmdUppXzM4bFZNRGZJWEM3cUZ3VGdmVnYyOG5WMkZJQVVwV2FleUdxNA==,2023-06-09 05:42:49.519558
youtube#commentThread,3fwj_-yHwxsZkK2zHKPpf8igXb4,Ugzi-xqYeSmtZKb9Fu14AaABAg,"{'videoId': 'SFubem2H08c', 'topLevelComment': {'kind': 'youtube#comment', 'etag': '1Qm3OKee-qAPwc04TGI-x_ltZcE', 'id': 'Ugzi-xqYeSmtZKb9Fu14AaABAg', 'snippet': {'videoId': 'SFubem2H08c', 'textDisplay': '&quot;Eu acho que... Comentário Removido Pelo TSE Com a Chancela do Supremo Tribunal Federal (STF - PT).&quot;', 'textOriginal': '""Eu acho que... Comentário Removido Pelo TSE Com a Chancela do Supremo Tribunal Federal (STF - PT).""', 'authorDisplayName': 'Melbourne Zobaran', 'authorProfileImageUrl': 'https://yt3.ggpht.com/ytc/AGIKgqOwSVQQOEXyj0IKmGIk5sAa3j57XWdSHsVVaA=s48-c-k-c0x00ffffff-no-rj', 'authorChannelUrl': 'http://www.youtube.com/channel/UCU7EIzDWvgwbylAsBJI-u1g', 'authorChannelId': {'value': 'UCU7EIzDWvgwbylAsBJI-u1g'}, 'canRate': True, 'viewerRating': 'none', 'likeCount': 1, 'publishedAt': '2022-10-23T07:23:07Z', 'updatedAt': '2022-10-23T07:23:07Z'}}, 'canReply': True, 'totalReplyCount': 0, 'isPublic': True}",,UCU7EIzDWvgwbylAsBJI-u1g,2022-10-23T07:23:07Z,"""Eu acho que... Comentário Removido Pelo TSE Com a Chancela do Supremo Tribunal Federal (STF - PT).""",QURTSl9pM1VWWGpQYW9WVXZqTll4NDF6RmNFb00xVU1SVkY5V0VmdUppXzM4bFZNRGZJWEM3cUZ3VGdmVnYyOG5WMkZJQVVwV2FleUdxNA==,2023-06-09 05:42:49.519558
youtube#commentThread,fNslROYf-dl7aOkgVK1qe37gaBw,UgwG2-VAmtR7_uZQDEh4AaABAg,"{'videoId': 'SFubem2H08c', 'topLevelComment': {'kind': 'youtube#comment', 'etag': '1cAjXkhpWqnplDIJHDj-FtkFRgc', 'id': 'UgwG2-VAmtR7_uZQDEh4AaABAg', 'snippet': {'videoId': 'SFubem2H08c', 'textDisplay': 'Vamos transformar o comentário abaixo em um mantra nessa reta final de campanha. De que forma: replicando-a em todas as redes sociais. Faça a sua parte repliquem também. &quot;Eu acho que... Comentário Removido Pelo TSE Com a Chancela do Supremo Tribunal Federal (STF - PT).&quot;', 'textOriginal': 'Vamos transformar o comentário abaixo em um mantra nessa reta final de campanha. De que forma: replicando-a em todas as redes sociais. Faça a sua parte repliquem também. ""Eu acho que... Comentário Removido Pelo TSE Com a Chancela do Supremo Tribunal Federal (STF - PT).""', 'authorDisplayName': 'Melbourne Zobaran', 'authorProfileImageUrl': 'https://yt3.ggpht.com/ytc/AGIKgqOwSVQQOEXyj0IKmGIk5sAa3j57XWdSHsVVaA=s48-c-k-c0x00ffffff-no-rj', 'authorChannelUrl': 'http://www.youtube.com/channel/UCU7EIzDWvgwbylAsBJI-u1g', 'authorChannelId': {'value': 'UCU7EIzDWvgwbylAsBJI-u1g'}, 'canRate': True, 'viewerRating': 'none', 'likeCount': 1, 'publishedAt': '2022-10-23T07:21:47Z', 'updatedAt': '2022-10-23T07:22:27Z'}}, 'canReply': True, 'totalReplyCount': 0, 'isPublic': True}",,UCU7EIzDWvgwbylAsBJI-u1g,2022-10-23T07:21:47Z,"Vamos transformar o comentário abaixo em um mantra nessa reta final de campanha. De que forma: replicando-a em todas as redes sociais. Faça a sua parte repliquem também. ""Eu acho que... Comentário Removido Pelo TSE Com a Chancela do Supremo Tribunal Federal (STF - PT).""",QURTSl9pM1VWWGpQYW9WVXZqTll4NDF6RmNFb00xVU1SVkY5V0VmdUppXzM4bFZNRGZJWEM3cUZ3VGdmVnYyOG5WMkZJQVVwV2FleUdxNA==,2023-06-09 05:42:49.519558
youtube#commentThread,s8BCkgd5KCsdJnQndNaKJfJnq7A,Ugwo5VoVfidt20qeoNN4AaABAg,"{'videoId': 'SFubem2H08c', 'topLevelComment': {'kind': 'youtube#comment', 'etag': 'MprpjUdn1j3mQuVh11SGxO9vS1M', 'id': 'Ugwo5VoVfidt20qeoNN4AaABAg', 'snippet': {'videoId': 'SFubem2H08c', 'textDisplay': 'Todos nós que somos contra essa censura que está acontecendo, temos que adotar essa postura nas redes sociais: &quot;Eu acho que... Comentário Removido Pelo TSE Com a Chancela do Supremo Tribunal Federal (STF - PT).&quot; Imaginem o impacto que isso teria nessa reta final das eleições se muita gente colocasse isso nos seus perfis. Isso teria uma grande repercussão e o efeito seria positivo para a campanha virar votos. Seria demais!!!', 'textOriginal': 'Todos nós que somos contra essa censura que está acontecendo, temos que adotar essa postura nas redes sociais: ""Eu acho que... Comentário Removido Pelo TSE Com a Chancela do Supremo Tribunal Federal (STF - PT)."" Imaginem o impacto que isso teria nessa reta final das eleições se muita gente colocasse isso nos seus perfis. Isso teria uma grande repercussão e o efeito seria positivo para a campanha virar votos. Seria demais!!!', 'authorDisplayName': 'Melbourne Zobaran', 'authorProfileImageUrl': 'https://yt3.ggpht.com/ytc/AGIKgqOwSVQQOEXyj0IKmGIk5sAa3j57XWdSHsVVaA=s48-c-k-c0x00ffffff-no-rj', 'authorChannelUrl': 'http://www.youtube.com/channel/UCU7EIzDWvgwbylAsBJI-u1g', 'authorChannelId': {'value': 'UCU7EIzDWvgwbylAsBJI-u1g'}, 'canRate': True, 'viewerRating': 'none', 'likeCount': 1, 'publishedAt': '2022-10-23T07:20:14Z', 'updatedAt': '2022-10-23T07:20:14Z'}}, 'canReply': True, 'totalReplyCount': 0, 'isPublic': True}",,UCU7EIzDWvgwbylAsBJI-u1g,2022-10-23T07:20:14Z,"Todos nós que somos contra essa censura que está acontecendo, temos que adotar essa postura nas redes sociais: ""Eu acho que... Comentário Removido Pelo TSE Com a Chancela do Supremo Tribunal Federal (STF - PT)."" Imaginem o impacto que isso teria nessa reta final das eleições se muita gente colocasse isso nos seus perfis. Isso teria uma grande repercussão e o efeito seria positivo para a campanha virar votos. Seria demais!!!",QURTSl9pM1VWWGpQYW9WVXZqTll4NDF6RmNFb00xVU1SVkY5V0VmdUppXzM4bFZNRGZJWEM3cUZ3VGdmVnYyOG5WMkZJQVVwV2FleUdxNA==,2023-06-09 05:42:49.519558
youtube#commentThread,C_EUNT6OxlBGdpnEkCZTwpF4UxU,UgynMVLHa4jXpUsACMx4AaABAg,"{'videoId': 'SFubem2H08c', 'topLevelComment': {'kind': 'youtube#comment', 'etag': '7RNswdeozz6_V8Z3FVV7IA0SOUw', 'id': 'UgynMVLHa4jXpUsACMx4AaABAg', 'snippet': {'videoId': 'SFubem2H08c', 'textDisplay': 'O povo do Chile pediu, agora segurem as pontas', 'textOriginal': 'O povo do Chile pediu, agora segurem as pontas', 'authorDisplayName': 'Leonard Galvão Delgado', 'authorProfileImageUrl': 'https://yt3.ggpht.com/n6MEcDuHpDGD3pA-T0_qFwpe_5QaMsDaneCkWVFL0_QOYxBNDaJGj2Rc1XmWbzrjRhHSPHC2GA=s48-c-k-c0x00ffffff-no-rj', 'authorChannelUrl': 'http://www.youtube.com/channel/UClHRqV3vnBbf2gRWhkoYm1w', 'authorChannelId': {'value': 'UClHRqV3vnBbf2gRWhkoYm1w'}, 'canRate': True, 'viewerRating': 'none', 'likeCount': 0, 'publishedAt': '2022-10-23T05:01:21Z', 'updatedAt': '2022-10-23T05:01:21Z'}}, 'canReply': True, 'totalReplyCount': 0, 'isPublic': True}",,UClHRqV3vnBbf2gRWhkoYm1w,2022-10-23T05:01:21Z,"O povo do Chile pediu, agora segurem as pontas",QURTSl9pM1VWWGpQYW9WVXZqTll4NDF6RmNFb00xVU1SVkY5V0VmdUppXzM4bFZNRGZJWEM3cUZ3VGdmVnYyOG5WMkZJQVVwV2FleUdxNA==,2023-06-09 05:42:49.519558
youtube#commentThread,ByJZOHMw5NM6Izp3Ycy8DiLvXGQ,UgxvV5fR1etcjS8_N9l4AaABAg,"{'videoId': 'SFubem2H08c', 'topLevelComment': {'kind': 'youtube#comment', 'etag': 'V_2DM61p60mG76Hau1RXjACL0uQ', 'id': 'UgxvV5fR1etcjS8_N9l4AaABAg', 'snippet': {'videoId': 'SFubem2H08c', 'textDisplay': 'ALERTA AOS BRASILEIROS ENGANADOS.<br>ESSE PRESIDENTE DO CHILE MAL COMEÇOU A GOVERNAR E A POBREZA COMEÇOU A AUMENTAR. ESSES COMUNISTAS ONDE CHEGAM A MALDIÇÃO OS ACOMPANHA PARA OPRIMIR O POVO. SÃO GOVERNANTES DESTITUIDOS DE DEUS QUE SE APROVEITAM DA IGNORÂNCIA DO POVO E OS INDUZ A UM TRISTE CAMINHO DE SOFRIMENTO E SEM VOLTA.<br>ACORDA POVO BRASILEIRO! OS EXEMPLOS ESTÃO DIANTE DE NÓS. NÃO PONHAM NOSSOS FILHOS E NETOS NESSA CATÁSTROFE !!!!', 'textOriginal': 'ALERTA AOS BRASILEIROS ENGANADOS.\\nESSE PRESIDENTE DO CHILE MAL COMEÇOU A GOVERNAR E A POBREZA COMEÇOU A AUMENTAR. ESSES COMUNISTAS ONDE CHEGAM A MALDIÇÃO OS ACOMPANHA PARA OPRIMIR O POVO. SÃO GOVERNANTES DESTITUIDOS DE DEUS QUE SE APROVEITAM DA IGNORÂNCIA DO POVO E OS INDUZ A UM TRISTE CAMINHO DE SOFRIMENTO E SEM VOLTA.\\nACORDA POVO BRASILEIRO! OS EXEMPLOS ESTÃO DIANTE DE NÓS. NÃO PONHAM NOSSOS FILHOS E NETOS NESSA CATÁSTROFE !!!!', 'authorDisplayName': 'Eliomar Souza Souza', 'authorProfileImageUrl': 'https://yt3.ggpht.com/ytc/AGIKgqMorRiwK7OozliJCuy0Uv_KGNoYGkA4ftJ5scQuc7N10FGCEbKbBj81JYYQrYUk=s48-c-k-c0x00ffffff-no-rj', 'authorChannelUrl': 'http://www.youtube.com/channel/UC38fi4bz-TZsreMGRrxleTw', 'authorChannelId': {'value': 'UC38fi4bz-TZsreMGRrxleTw'}, 'canRate': True, 'viewerRating': 'none', 'likeCount': 0, 'publishedAt': '2022-10-23T03:51:35Z', 'updatedAt': '2022-10-23T03:55:37Z'}}, 'canReply': True, 'totalReplyCount': 0, 'isPublic': True}",,UC38fi4bz-TZsreMGRrxleTw,2022-10-23T03:51:35Z,"ALERTA AOS BRASILEIROS ENGANADOS.
ESSE PRESIDENTE DO CHILE MAL COMEÇOU A GOVERNAR E A POBREZA COMEÇOU A AUMENTAR. ESSES COMUNISTAS ONDE CHEGAM A MALDIÇÃO OS ACOMPANHA PARA OPRIMIR O POVO. SÃO GOVERNANTES DESTITUIDOS DE DEUS QUE SE APROVEITAM DA IGNORÂNCIA DO POVO E OS INDUZ A UM TRISTE CAMINHO DE SOFRIMENTO E SEM VOLTA.
ACORDA POVO BRASILEIRO! OS EXEMPLOS ESTÃO DIANTE DE NÓS. NÃO PONHAM NOSSOS FILHOS E NETOS NESSA CATÁSTROFE !!!!",QURTSl9pM1VWWGpQYW9WVXZqTll4NDF6RmNFb00xVU1SVkY5V0VmdUppXzM4bFZNRGZJWEM3cUZ3VGdmVnYyOG5WMkZJQVVwV2FleUdxNA==,2023-06-09 05:42:49.519558
youtube#commentThread,F7YnORGTT3KOLJf-CZjZA0ADFaY,Ugy39-EgA6klQ2hXeUp4AaABAg,"{'videoId': 'SFubem2H08c', 'topLevelComment': {'kind': 'youtube#comment', 'etag': 'cLv_qiaAnCr8egwF4HRHOnisKRE', 'id': 'Ugy39-EgA6klQ2hXeUp4AaABAg', 'snippet': {'videoId': 'SFubem2H08c', 'textDisplay': 'Só uma pequena correção ao Zé Maria: As refinarias brasileiras nacionalizadas no governo Lula foi na Bolívia e não na Venezuela. ^^', 'textOriginal': 'Só uma pequena correção ao Zé Maria: As refinarias brasileiras nacionalizadas no governo Lula foi na Bolívia e não na Venezuela. ^^', 'authorDisplayName': 'Sonny magalhães', 'authorProfileImageUrl': 'https://yt3.ggpht.com/ytc/AGIKgqNDtcOcn35RY24APc080uL7mob8wlVW7r1pAa4Bgw=s48-c-k-c0x00ffffff-no-rj', 'authorChannelUrl': 'http://www.youtube.com/channel/UClea9lPkO8wJICmKiLPbBiA', 'authorChannelId': {'value': 'UClea9lPkO8wJICmKiLPbBiA'}, 'canRate': True, 'viewerRating': 'none', 'likeCount': 1, 'publishedAt': '2022-10-23T03:13:18Z', 'updatedAt': '2022-10-23T03:13:18Z'}}, 'canReply': True, 'totalReplyCount': 0, 'isPublic': True}",,UClea9lPkO8wJICmKiLPbBiA,2022-10-23T03:13:18Z,Só uma pequena correção ao Zé Maria: As refinarias brasileiras nacionalizadas no governo Lula foi na Bolívia e não na Venezuela. ^^,QURTSl9pM1VWWGpQYW9WVXZqTll4NDF6RmNFb00xVU1SVkY5V0VmdUppXzM4bFZNRGZJWEM3cUZ3VGdmVnYyOG5WMkZJQVVwV2FleUdxNA==,2023-06-09 05:42:49.519558
youtube#commentThread,XrCMTc42oOLRRYe9dloBfFGC6FA,UgyDo4dZ_YtdBQq2hTp4AaABAg,"{'videoId': 'SFubem2H08c', 'topLevelComment': {'kind': 'youtube#comment', 'etag': 'u6v44-xNUE-v9LMbhlIT5CfoH0A', 'id': 'UgyDo4dZ_YtdBQq2hTp4AaABAg', 'snippet': {'videoId': 'SFubem2H08c', 'textDisplay': 'Eis que mais miseráveis vão imigrar para o Brasil. <br>E os Brasileiros?<br>Para onde vamos imigrar quando o Brasil cair nessa miséria? Que País vai acolher refugiados Brasileiros?', 'textOriginal': 'Eis que mais miseráveis vão imigrar para o Brasil. \\nE os Brasileiros?\\nPara onde vamos imigrar quando o Brasil cair nessa miséria? Que País vai acolher refugiados Brasileiros?', 'authorDisplayName': 'Ton Ronin', 'authorProfileImageUrl': 'https://yt3.ggpht.com/A1OMMIyRWFr9LUACX-aiB5eXn2odmxAS65cPtBJqsWUI93awhquE_aa3xTWGEF6LQn8bNehh=s48-c-k-c0x00ffffff-no-rj', 'authorChannelUrl': 'http://www.youtube.com/channel/UCk4z1G0o74iPNP-da7S_9Sw', 'authorChannelId': {'value': 'UCk4z1G0o74iPNP-da7S_9Sw'}, 'canRate': True, 'viewerRating': 'none', 'likeCount': 0, 'publishedAt': '2022-10-23T03:10:56Z', 'updatedAt': '2022-10-23T03:10:56Z'}}, 'canReply': True, 'totalReplyCount': 0, 'isPublic': True}",,UCk4z1G0o74iPNP-da7S_9Sw,2022-10-23T03:10:56Z,"Eis que mais miseráveis vão imigrar para o Brasil. 
E os Brasileiros?
Para onde vamos imigrar quando o Brasil cair nessa miséria? Que País vai acolher refugiados Brasileiros?",QURTSl9pM1VWWGpQYW9WVXZqTll4NDF6RmNFb00xVU1SVkY5V0VmdUppXzM4bFZNRGZJWEM3cUZ3VGdmVnYyOG5WMkZJQVVwV2FleUdxNA==,2023-06-09 05:42:49.519558
youtube#commentThread,xdNfO-FbySuxpFPVfMGoJmfQlzA,UgxE-fhvkdUrYlNwmdp4AaABAg,"{'videoId': 'SFubem2H08c', 'topLevelComment': {'kind': 'youtube#comment', 'etag': 'wCPe1rtQ41R8HSPn0_HcsLSFKVs', 'id': 'UgxE-fhvkdUrYlNwmdp4AaABAg', 'snippet': {'videoId': 'SFubem2H08c', 'textDisplay': 'E ainda querem trazer a esquerda corrupta para acabar de vez com nosso Brasil. 😈😈😈😈😈', 'textOriginal': 'E ainda querem trazer a esquerda corrupta para acabar de vez com nosso Brasil. 😈😈😈😈😈', 'authorDisplayName': 'Maria José', 'authorProfileImageUrl': 'https://yt3.ggpht.com/etUgE26EfNCukBvfzDCX54RXfpnoai2phwXW7Tgg0UWSkplDtlbGl583uqs4vxuGLfdtNyW_QA=s48-c-k-c0x00ffffff-no-rj', 'authorChannelUrl': 'http://www.youtube.com/channel/UCub3LUgadc8R7RzVRauYrLw', 'authorChannelId': {'value': 'UCub3LUgadc8R7RzVRauYrLw'}, 'canRate': True, 'viewerRating': 'none', 'likeCount': 0, 'publishedAt': '2022-10-23T01:39:48Z', 'updatedAt': '2022-10-23T01:39:48Z'}}, 'canReply': True, 'totalReplyCount': 0, 'isPublic': True}",,UCub3LUgadc8R7RzVRauYrLw,2022-10-23T01:39:48Z,E ainda querem trazer a esquerda corrupta para acabar de vez com nosso Brasil. 😈😈😈😈😈,QURTSl9pM1VWWGpQYW9WVXZqTll4NDF6RmNFb00xVU1SVkY5V0VmdUppXzM4bFZNRGZJWEM3cUZ3VGdmVnYyOG5WMkZJQVVwV2FleUdxNA==,2023-06-09 05:42:49.519558
youtube#commentThread,pXjXj4OwfVc8IjrO5DKuLenl9u0,Ugz_xFKFmm1x1T-o0Q14AaABAg,"{'videoId': 'SFubem2H08c', 'topLevelComment': {'kind': 'youtube#comment', 'etag': 'Qhqm-LL6woL162c2JcN6nitdv24', 'id': 'Ugz_xFKFmm1x1T-o0Q14AaABAg', 'snippet': {'videoId': 'SFubem2H08c', 'textDisplay': 'Eles são responsáveis votaram na esquerda<br>Agora aguenta.', 'textOriginal': 'Eles são responsáveis votaram na esquerda\\nAgora aguenta.', 'authorDisplayName': 'Claudenir Estevão', 'authorProfileImageUrl': 'https://yt3.ggpht.com/ytc/AGIKgqNMx7vXNWXvxredsxkqHT3Kldo3SvfiOBNQDdrzq8Qoj-NrJktgub7sdPgTXgxJ=s48-c-k-c0x00ffffff-no-rj', 'authorChannelUrl': 'http://www.youtube.com/channel/UC4Jl38ZWJeQTk8euRoslhWQ', 'authorChannelId': {'value': 'UC4Jl38ZWJeQTk8euRoslhWQ'}, 'canRate': True, 'viewerRating': 'none', 'likeCount': 0, 'publishedAt': '2022-10-23T00:48:18Z', 'updatedAt': '2022-10-23T00:48:18Z'}}, 'canReply': True, 'totalReplyCount': 0, 'isPublic': True}",,UC4Jl38ZWJeQTk8euRoslhWQ,2022-10-23T00:48:18Z,"Eles são responsáveis votaram na esquerda
Agora aguenta.",QURTSl9pM1VWWGpQYW9WVXZqTll4NDF6RmNFb00xVU1SVkY5V0VmdUppXzM4bFZNRGZJWEM3cUZ3VGdmVnYyOG5WMkZJQVVwV2FleUdxNA==,2023-06-09 05:42:49.519558
youtube#commentThread,4qRKFiJ04M7rjyZ0tunz4eWuYl4,UgxPIfSREGhOrFoFrRd4AaABAg,"{'videoId': 'SFubem2H08c', 'topLevelComment': {'kind': 'youtube#comment', 'etag': 'D59l8st0_Q23hmGhfMRiyrbGgq8', 'id': 'UgxPIfSREGhOrFoFrRd4AaABAg', 'snippet': {'videoId': 'SFubem2H08c', 'textDisplay': 'como, porquê e para quê alguém vota num tipo destes?<br><br>nem a cara do sujeito recomenda...', 'textOriginal': 'como, porquê e para quê alguém vota num tipo destes?\\n\\nnem a cara do sujeito recomenda...', 'authorDisplayName': 'Clóvis Campos', 'authorProfileImageUrl': 'https://yt3.ggpht.com/ytc/AGIKgqOyhDrWgKJgsZdMt39nnCn5H3Pnq5K_LlUKLQ=s48-c-k-c0x00ffffff-no-rj', 'authorChannelUrl': 'http://www.youtube.com/channel/UC3AvgK1Rj0-hsXrYcszm5BA', 'authorChannelId': {'value': 'UC3AvgK1Rj0-hsXrYcszm5BA'}, 'canRate': True, 'viewerRating': 'none', 'likeCount': 0, 'publishedAt': '2022-10-23T00:36:01Z', 'updatedAt': '2022-10-23T00:36:01Z'}}, 'canReply': True, 'totalReplyCount': 0, 'isPublic': True}",,UC3AvgK1Rj0-hsXrYcszm5BA,2022-10-23T00:36:01Z,"como, porquê e para quê alguém vota num tipo destes?

nem a cara do sujeito recomenda...",QURTSl9pM1VWWGpQYW9WVXZqTll4NDF6RmNFb00xVU1SVkY5V0VmdUppXzM4bFZNRGZJWEM3cUZ3VGdmVnYyOG5WMkZJQVVwV2FleUdxNA==,2023-06-09 05:42:49.519558
youtube#commentThread,6sKtdT7NFBHkGBC9ZW3Tkp8l6uk,UgzOivGqdtisjjfjka54AaABAg,"{'videoId': 'SFubem2H08c', 'topLevelComment': {'kind': 'youtube#comment', 'etag': 'qJx1cYDbwSQ3_YCWSu3cxFvQOAg', 'id': 'UgzOivGqdtisjjfjka54AaABAg', 'snippet': {'videoId': 'SFubem2H08c', 'textDisplay': 'O povo obtuso colocou CANALHAS  no poder,agora suportem', 'textOriginal': 'O povo obtuso colocou CANALHAS  no poder,agora suportem', 'authorDisplayName': 'Marcelo Moreli', 'authorProfileImageUrl': 'https://yt3.ggpht.com/ytc/AGIKgqMB1xHumEQi7u1ZBkEI74KBXbIdubvQJ29opg=s48-c-k-c0x00ffffff-no-rj', 'authorChannelUrl': 'http://www.youtube.com/channel/UC7jdqeDHK1PNbiMt6ICn-GQ', 'authorChannelId': {'value': 'UC7jdqeDHK1PNbiMt6ICn-GQ'}, 'canRate': True, 'viewerRating': 'none', 'likeCount': 0, 'publishedAt': '2022-10-22T23:42:13Z', 'updatedAt': '2022-10-22T23:42:13Z'}}, 'canReply': True, 'totalReplyCount': 0, 'isPublic': True}",,UC7jdqeDHK1PNbiMt6ICn-GQ,2022-10-22T23:42:13Z,"O povo obtuso colocou CANALHAS  no poder,agora suportem",QURTSl9pM1VWWGpQYW9WVXZqTll4NDF6RmNFb00xVU1SVkY5V0VmdUppXzM4bFZNRGZJWEM3cUZ3VGdmVnYyOG5WMkZJQVVwV2FleUdxNA==,2023-06-09 05:42:49.519558
youtube#commentThread,NclV8y3m3TR9liGlCMBX4RBuyQM,UgwdJP9fJRWoQEznXXp4AaABAg,"{'videoId': 'SFubem2H08c', 'topLevelComment': {'kind': 'youtube#comment', 'etag': 'uIXnsl8Pso5wU7Pn3Ec__dP-fwQ', 'id': 'UgwdJP9fJRWoQEznXXp4AaABAg', 'snippet': {'videoId': 'SFubem2H08c', 'textDisplay': 'TEMOS QUE TIRAR ESSE PT DO NOSSO  ALFABETO', 'textOriginal': 'TEMOS QUE TIRAR ESSE PT DO NOSSO  ALFABETO', 'authorDisplayName': 'Leão selvagem', 'authorProfileImageUrl': 'https://yt3.ggpht.com/KNlSEkT5pafUoKVOq0WyKOrUQE3xQYQd8taGXlI0mC2RW9czcDGasZVeQe9VqI4AYpSZS7SI=s48-c-k-c0x00ffffff-no-rj', 'authorChannelUrl': 'http://www.youtube.com/channel/UCjrlHqtxvTK3kb2vszbyP0A', 'authorChannelId': {'value': 'UCjrlHqtxvTK3kb2vszbyP0A'}, 'canRate': True, 'viewerRating': 'none', 'likeCount': 1, 'publishedAt': '2022-10-22T23:25:40Z', 'updatedAt': '2022-10-22T23:25:40Z'}}, 'canReply': True, 'totalReplyCount': 0, 'isPublic': True}",,UCjrlHqtxvTK3kb2vszbyP0A,2022-10-22T23:25:40Z,TEMOS QUE TIRAR ESSE PT DO NOSSO  ALFABETO,QURTSl9pM1VWWGpQYW9WVXZqTll4NDF6RmNFb00xVU1SVkY5V0VmdUppXzM4bFZNRGZJWEM3cUZ3VGdmVnYyOG5WMkZJQVVwV2FleUdxNA==,2023-06-09 05:42:49.519558
youtube#commentThread,DkDNaeCdgPZS-UBW72WprU0oI28,UgzyQrbZifQHArZ_gN94AaABAg,"{'videoId': 'SFubem2H08c', 'topLevelComment': {'kind': 'youtube#comment', 'etag': 'jzGsdufX1oo0HHPJrZDkWGzGBOo', 'id': 'UgzyQrbZifQHArZ_gN94AaABAg', 'snippet': {'videoId': 'SFubem2H08c', 'textDisplay': 'É o que vai acontecer no Brasil depois que Paulo Guedes vender todo nosso patrimônio.', 'textOriginal': 'É o que vai acontecer no Brasil depois que Paulo Guedes vender todo nosso patrimônio.', 'authorDisplayName': 'alexandre caetano', 'authorProfileImageUrl': 'https://yt3.ggpht.com/ytc/AGIKgqN2sPsaPJ_W9_e-cgDA_wSBxXlA45hjLzfGdg=s48-c-k-c0x00ffffff-no-rj', 'authorChannelUrl': 'http://www.youtube.com/channel/UCMpPs2ddSkUy8mbJDJapyBg', 'authorChannelId': {'value': 'UCMpPs2ddSkUy8mbJDJapyBg'}, 'canRate': True, 'viewerRating': 'none', 'likeCount': 0, 'publishedAt': '2022-10-22T21:47:06Z', 'updatedAt': '2022-10-22T21:47:06Z'}}, 'canReply': True, 'totalReplyCount': 0, 'isPublic': True}",,UCMpPs2ddSkUy8mbJDJapyBg,2022-10-22T21:47:06Z,É o que vai acontecer no Brasil depois que Paulo Guedes vender todo nosso patrimônio.,QURTSl9pM1VWWGpQYW9WVXZqTll4NDF6RmNFb00xVU1SVkY5V0VmdUppXzM4bFZNRGZJWEM3cUZ3VGdmVnYyOG5WMkZJQVVwV2FleUdxNA==,2023-06-09 05:42:49.519558
youtube#commentThread,bXPwuvOtDfmdQFO0rsQQk69QUnE,UgwSgNxrs5pb14lk_Qh4AaABAg,"{'videoId': 'SFubem2H08c', 'topLevelComment': {'kind': 'youtube#comment', 'etag': 'rFhKjH1Y86oqTPGYtX7xeMxxBo0', 'id': 'UgwSgNxrs5pb14lk_Qh4AaABAg', 'snippet': {'videoId': 'SFubem2H08c', 'textDisplay': 'conversa fiada, sempre avisando e blablabla, deveriam cortar relaçoes.', 'textOriginal': 'conversa fiada, sempre avisando e blablabla, deveriam cortar relaçoes.', 'authorDisplayName': 'Jonas Ara', 'authorProfileImageUrl': 'https://yt3.ggpht.com/ytc/AGIKgqP3HZKaMOqQQ2i-VWNYUFC0AgUeVNnw6tzZVTbRdg=s48-c-k-c0x00ffffff-no-rj', 'authorChannelUrl': 'http://www.youtube.com/channel/UCLDp_SqGWXvQdajdPPhUKnw', 'authorChannelId': {'value': 'UCLDp_SqGWXvQdajdPPhUKnw'}, 'canRate': True, 'viewerRating': 'none', 'likeCount': 0, 'publishedAt': '2022-10-22T21:29:52Z', 'updatedAt': '2022-10-22T21:29:52Z'}}, 'canReply': True, 'totalReplyCount': 0, 'isPublic': True}",,UCLDp_SqGWXvQdajdPPhUKnw,2022-10-22T21:29:52Z,"conversa fiada, sempre avisando e blablabla, deveriam cortar relaçoes.",QURTSl9pM1VWWGpQYW9WVXZqTll4NDF6RmNFb00xVU1SVkY5V0VmdUppXzM4bFZNRGZJWEM3cUZ3VGdmVnYyOG5WMkZJQVVwV2FleUdxNA==,2023-06-09 05:42:49.519558
youtube#commentThread,pkU37UdyuN1sJcfwfWIqE-IkGLA,UgwFc6xub-ewxybXxsZ4AaABAg,"{'videoId': 'SFubem2H08c', 'topLevelComment': {'kind': 'youtube#comment', 'etag': '8Mja2uaCiAmVjISKmHAUM0kowvA', 'id': 'UgwFc6xub-ewxybXxsZ4AaABAg', 'snippet': {'videoId': 'SFubem2H08c', 'textDisplay': '<a href=""http://www.youtube.com/results?search_query=%23digan%C3%A3oacensura"">#DigaNãoaCensura</a>', 'textOriginal': '#DigaNãoaCensura', 'authorDisplayName': 'Asafy Rodrigues', 'authorProfileImageUrl': 'https://yt3.ggpht.com/ZB7C-mqhCi5UtpkiyNCful0mVZQw7Pvsj245niE2ko9MKtdZjjT5ED5ngfyleSFWkNhYU4M5Wg=s48-c-k-c0x00ffffff-no-rj', 'authorChannelUrl': 'http://www.youtube.com/channel/UC33Ff2kup2s26NAz44mTmuA', 'authorChannelId': {'value': 'UC33Ff2kup2s26NAz44mTmuA'}, 'canRate': True, 'viewerRating': 'none', 'likeCount': 0, 'publishedAt': '2022-10-22T21:20:09Z', 'updatedAt': '2022-10-22T21:20:09Z'}}, 'canReply': True, 'totalReplyCount': 0, 'isPublic': True}",,UC33Ff2kup2s26NAz44mTmuA,2022-10-22T21:20:09Z,#DigaNãoaCensura,QURTSl9pM1VWWGpQYW9WVXZqTll4NDF6RmNFb00xVU1SVkY5V0VmdUppXzM4bFZNRGZJWEM3cUZ3VGdmVnYyOG5WMkZJQVVwV2FleUdxNA==,2023-06-09 05:42:49.519558
youtube#commentThread,da1mgTYARpT2PFtqIQU0ln8PKlU,UgzylzsmQR1SD0uk6Zx4AaABAg,"{'videoId': 'SFubem2H08c', 'topLevelComment': {'kind': 'youtube#comment', 'etag': 'd7A3u3YN0DgmS10zntDHokPOwME', 'id': 'UgzylzsmQR1SD0uk6Zx4AaABAg', 'snippet': {'videoId': 'SFubem2H08c', 'textDisplay': 'Cada país têm seus problemas e suas corrupções. Mas tem país que é mais problemático.', 'textOriginal': 'Cada país têm seus problemas e suas corrupções. Mas tem país que é mais problemático.', 'authorDisplayName': 'Eli Pacheco', 'authorProfileImageUrl': 'https://yt3.ggpht.com/ytc/AGIKgqMa6fOPg_7ggobAlyMhS2_Sllau7gyjaCVtIQ=s48-c-k-c0x00ffffff-no-rj', 'authorChannelUrl': 'http://www.youtube.com/channel/UCW9nxxQJ7-MxVdx7jeDrHag', 'authorChannelId': {'value': 'UCW9nxxQJ7-MxVdx7jeDrHag'}, 'canRate': True, 'viewerRating': 'none', 'likeCount': 0, 'publishedAt': '2022-10-22T20:07:45Z', 'updatedAt': '2022-10-22T20:07:45Z'}}, 'canReply': True, 'totalReplyCount': 0, 'isPublic': True}",,UCW9nxxQJ7-MxVdx7jeDrHag,2022-10-22T20:07:45Z,Cada país têm seus problemas e suas corrupções. Mas tem país que é mais problemático.,QURTSl9pM1VWWGpQYW9WVXZqTll4NDF6RmNFb00xVU1SVkY5V0VmdUppXzM4bFZNRGZJWEM3cUZ3VGdmVnYyOG5WMkZJQVVwV2FleUdxNA==,2023-06-09 05:42:49.519558
youtube#commentThread,h1x6tFhVgl6JFw_nOGjbL3jJIc4,UgwV8QxBdSvojdOSwjh4AaABAg,"{'videoId': 'SFubem2H08c', 'topLevelComment': {'kind': 'youtube#comment', 'etag': '4iGuTljwWZcREGuV9Wh2_UNs-ik', 'id': 'UgwV8QxBdSvojdOSwjh4AaABAg', 'snippet': {'videoId': 'SFubem2H08c', 'textDisplay': 'Onde a esquerda podre aparece,  a desgraça a fome a miséria prevalecem.MULA eterno ladrão do pt bandido ladrão podre', 'textOriginal': 'Onde a esquerda podre aparece,  a desgraça a fome a miséria prevalecem.MULA eterno ladrão do pt bandido ladrão podre', 'authorDisplayName': 'marcio rodrigues da silva', 'authorProfileImageUrl': 'https://yt3.ggpht.com/ytc/AGIKgqMZdLWIZIQBLXVYTuYh6M9-2BdJX93x3bi0=s48-c-k-c0x00ffffff-no-rj', 'authorChannelUrl': 'http://www.youtube.com/channel/UCR0heNzDT1aqNeGsSwG61Bw', 'authorChannelId': {'value': 'UCR0heNzDT1aqNeGsSwG61Bw'}, 'canRate': True, 'viewerRating': 'none', 'likeCount': 0, 'publishedAt': '2022-10-22T18:53:35Z', 'updatedAt': '2022-10-22T18:53:35Z'}}, 'canReply': True, 'totalReplyCount': 0, 'isPublic': True}",,UCR0heNzDT1aqNeGsSwG61Bw,2022-10-22T18:53:35Z,"Onde a esquerda podre aparece,  a desgraça a fome a miséria prevalecem.MULA eterno ladrão do pt bandido ladrão podre",QURTSl9pM1VWWGpQYW9WVXZqTll4NDF6RmNFb00xVU1SVkY5V0VmdUppXzM4bFZNRGZJWEM3cUZ3VGdmVnYyOG5WMkZJQVVwV2FleUdxNA==,2023-06-09 05:42:49.519558
youtube#commentThread,OQLWU_xhF7SMu3F9DYC_qiWXmeI,UgwfUWI5bRkbDf8mzeB4AaABAg,"{'videoId': 'SFubem2H08c', 'topLevelComment': {'kind': 'youtube#comment', 'etag': 'McqB6iMrx-paPCLF8JpTdquXnLw', 'id': 'UgwfUWI5bRkbDf8mzeB4AaABAg', 'snippet': {'videoId': 'SFubem2H08c', 'textDisplay': 'É sempre mesma lorota, esses comunista atribui seus fracassos sempre a outras pessoas', 'textOriginal': 'É sempre mesma lorota, esses comunista atribui seus fracassos sempre a outras pessoas', 'authorDisplayName': 'edegar alves', 'authorProfileImageUrl': 'https://yt3.ggpht.com/ytc/AGIKgqM5CPE2ClAydVCeuFif-XpJeBx_CUT1v4d5UA=s48-c-k-c0x00ffffff-no-rj', 'authorChannelUrl': 'http://www.youtube.com/channel/UCYLoaqEAfPAjtwagvwZfOEg', 'authorChannelId': {'value': 'UCYLoaqEAfPAjtwagvwZfOEg'}, 'canRate': True, 'viewerRating': 'none', 'likeCount': 0, 'publishedAt': '2022-10-22T18:47:14Z', 'updatedAt': '2022-10-22T18:47:14Z'}}, 'canReply': True, 'totalReplyCount': 0, 'isPublic': True}",,UCYLoaqEAfPAjtwagvwZfOEg,2022-10-22T18:47:14Z,"É sempre mesma lorota, esses comunista atribui seus fracassos sempre a outras pessoas",QURTSl9pM1VWWGpQYW9WVXZqTll4NDF6RmNFb00xVU1SVkY5V0VmdUppXzM4bFZNRGZJWEM3cUZ3VGdmVnYyOG5WMkZJQVVwV2FleUdxNA==,2023-06-09 05:42:49.519558
youtube#commentThread,mcLq84Mt4gwKscN8TyC4zvzJ65Y,UgyKhdB49en4wJ75-Rx4AaABAg,"{'videoId': 'SFubem2H08c', 'topLevelComment': {'kind': 'youtube#comment', 'etag': '7VrqFn8r4Ae2XUzK6Pu7aldUyw8', 'id': 'UgyKhdB49en4wJ75-Rx4AaABAg', 'snippet': {'videoId': 'SFubem2H08c', 'textDisplay': 'Bem feito', 'textOriginal': 'Bem feito', 'authorDisplayName': 'Luiz Eduardo', 'authorProfileImageUrl': 'https://yt3.ggpht.com/ytc/AGIKgqM86eGn2KguZ_zqWoUTsueqXO9W9BlglwEWfCszQPq58VZwzPGI-04zutqI5Iwp=s48-c-k-c0x00ffffff-no-rj', 'authorChannelUrl': 'http://www.youtube.com/channel/UCFUJO90KoMsXuTNTcitdgQQ', 'authorChannelId': {'value': 'UCFUJO90KoMsXuTNTcitdgQQ'}, 'canRate': True, 'viewerRating': 'none', 'likeCount': 0, 'publishedAt': '2022-10-22T18:44:30Z', 'updatedAt': '2022-10-22T18:44:30Z'}}, 'canReply': True, 'totalReplyCount': 0, 'isPublic': True}",,UCFUJO90KoMsXuTNTcitdgQQ,2022-10-22T18:44:30Z,Bem feito,QURTSl9pM1VWWGpQYW9WVXZqTll4NDF6RmNFb00xVU1SVkY5V0VmdUppXzM4bFZNRGZJWEM3cUZ3VGdmVnYyOG5WMkZJQVVwV2FleUdxNA==,2023-06-09 05:42:49.519558
youtube#commentThread,KDKrN2NBIccgE17hxk_n5E0AVjQ,Ugw-LiO6hoxojmgRYOd4AaABAg,"{'videoId': 'SFubem2H08c', 'topLevelComment': {'kind': 'youtube#comment', 'etag': 'NjWzFc8Z8Rl_iXM8PHqyxOXjqOo', 'id': 'Ugw-LiO6hoxojmgRYOd4AaABAg', 'snippet': {'videoId': 'SFubem2H08c', 'textDisplay': 'Nem fez um ano  de mandato é já está indo pro estouro', 'textOriginal': 'Nem fez um ano  de mandato é já está indo pro estouro', 'authorDisplayName': 'edegar alves', 'authorProfileImageUrl': 'https://yt3.ggpht.com/ytc/AGIKgqM5CPE2ClAydVCeuFif-XpJeBx_CUT1v4d5UA=s48-c-k-c0x00ffffff-no-rj', 'authorChannelUrl': 'http://www.youtube.com/channel/UCYLoaqEAfPAjtwagvwZfOEg', 'authorChannelId': {'value': 'UCYLoaqEAfPAjtwagvwZfOEg'}, 'canRate': True, 'viewerRating': 'none', 'likeCount': 0, 'publishedAt': '2022-10-22T18:43:32Z', 'updatedAt': '2022-10-22T18:43:32Z'}}, 'canReply': True, 'totalReplyCount': 0, 'isPublic': True}",,UCYLoaqEAfPAjtwagvwZfOEg,2022-10-22T18:43:32Z,Nem fez um ano  de mandato é já está indo pro estouro,QURTSl9pM1VWWGpQYW9WVXZqTll4NDF6RmNFb00xVU1SVkY5V0VmdUppXzM4bFZNRGZJWEM3cUZ3VGdmVnYyOG5WMkZJQVVwV2FleUdxNA==,2023-06-09 05:42:49.519558
youtube#commentThread,krd3qZs98Jm8-EN6j0VM5_RABO4,UgyvRKEfRymO1InWbSN4AaABAg,"{'videoId': 'SFubem2H08c', 'topLevelComment': {'kind': 'youtube#comment', 'etag': 'kpw5Sp6qkLH_3v2Ur2bL6NO6FHk', 'id': 'UgyvRKEfRymO1InWbSN4AaABAg', 'snippet': {'videoId': 'SFubem2H08c', 'textDisplay': 'A esquerda se iguala à praga nas lavouras...onde vai destrói tudo.', 'textOriginal': 'A esquerda se iguala à praga nas lavouras...onde vai destrói tudo.', 'authorDisplayName': 'Elizete Parmagnani', 'authorProfileImageUrl': 'https://yt3.ggpht.com/ytc/AGIKgqNsh4NzQbPr9XQb5nlgZIMUiP04Q9IQgdTqzA=s48-c-k-c0x00ffffff-no-rj', 'authorChannelUrl': 'http://www.youtube.com/channel/UCCRscKf3H5O5j8o0-vAqy2g', 'authorChannelId': {'value': 'UCCRscKf3H5O5j8o0-vAqy2g'}, 'canRate': True, 'viewerRating': 'none', 'likeCount': 0, 'publishedAt': '2022-10-22T17:18:30Z', 'updatedAt': '2022-10-22T17:18:30Z'}}, 'canReply': True, 'totalReplyCount': 0, 'isPublic': True}",,UCCRscKf3H5O5j8o0-vAqy2g,2022-10-22T17:18:30Z,A esquerda se iguala à praga nas lavouras...onde vai destrói tudo.,QURTSl9pM1VWWGpQYW9WVXZqTll4NDF6RmNFb00xVU1SVkY5V0VmdUppXzM4bFZNRGZJWEM3cUZ3VGdmVnYyOG5WMkZJQVVwV2FleUdxNA==,2023-06-09 05:42:49.519558
youtube#commentThread,GF5L6AEIF9qJ-TnIE47qYNr4HqU,UgyTRCK9F6SC50R4u0V4AaABAg,"{'videoId': 'SFubem2H08c', 'topLevelComment': {'kind': 'youtube#comment', 'etag': 'xBFwDqeUQv0B3rey2NfRyTmsPW8', 'id': 'UgyTRCK9F6SC50R4u0V4AaABAg', 'snippet': {'videoId': 'SFubem2H08c', 'textDisplay': 'Acorda Nação Brasileira e 22', 'textOriginal': 'Acorda Nação Brasileira e 22', 'authorDisplayName': 'Roberto Nascimento', 'authorProfileImageUrl': 'https://yt3.ggpht.com/ytc/AGIKgqNA9R_6bY91mUO8vBizkYrIsdqDy1kaS8SNc_N-Kw=s48-c-k-c0x00ffffff-no-rj', 'authorChannelUrl': 'http://www.youtube.com/channel/UCaB6HqLEfqUm-gjyP6HkLFA', 'authorChannelId': {'value': 'UCaB6HqLEfqUm-gjyP6HkLFA'}, 'canRate': True, 'viewerRating': 'none', 'likeCount': 0, 'publishedAt': '2022-10-22T16:58:57Z', 'updatedAt': '2022-10-22T16:58:57Z'}}, 'canReply': True, 'totalReplyCount': 0, 'isPublic': True}",,UCaB6HqLEfqUm-gjyP6HkLFA,2022-10-22T16:58:57Z,Acorda Nação Brasileira e 22,QURTSl9pM1VWWGpQYW9WVXZqTll4NDF6RmNFb00xVU1SVkY5V0VmdUppXzM4bFZNRGZJWEM3cUZ3VGdmVnYyOG5WMkZJQVVwV2FleUdxNA==,2023-06-09 05:42:49.519558
youtube#commentThread,nGuqIlXj6RbYZy1yNTLYMaEc_FA,UgwMmZhFBLyBfNXNYTx4AaABAg,"{'videoId': 'SFubem2H08c', 'topLevelComment': {'kind': 'youtube#comment', 'etag': '1bkmeuituHOX_amon4SEQ_tS0zo', 'id': 'UgwMmZhFBLyBfNXNYTx4AaABAg', 'snippet': {'videoId': 'SFubem2H08c', 'textDisplay': 'Tá vendo aí cidadão o que a esquerda consegue fazer .pense bem na hora de votar 🇧🇷🇧🇷🇧🇷🇧🇷.', 'textOriginal': 'Tá vendo aí cidadão o que a esquerda consegue fazer .pense bem na hora de votar 🇧🇷🇧🇷🇧🇷🇧🇷.', 'authorDisplayName': 'Geraldo Sérgio', 'authorProfileImageUrl': 'https://yt3.ggpht.com/ytc/AGIKgqPKeVaUp18BRY2NqafcRc5_yAdmg0_bdChaLg=s48-c-k-c0x00ffffff-no-rj', 'authorChannelUrl': 'http://www.youtube.com/channel/UCzDQQ7YnLVcG8uQXDj1I4mQ', 'authorChannelId': {'value': 'UCzDQQ7YnLVcG8uQXDj1I4mQ'}, 'canRate': True, 'viewerRating': 'none', 'likeCount': 0, 'publishedAt': '2022-10-22T15:21:39Z', 'updatedAt': '2022-10-22T15:21:39Z'}}, 'canReply': True, 'totalReplyCount': 0, 'isPublic': True}",,UCzDQQ7YnLVcG8uQXDj1I4mQ,2022-10-22T15:21:39Z,Tá vendo aí cidadão o que a esquerda consegue fazer .pense bem na hora de votar 🇧🇷🇧🇷🇧🇷🇧🇷.,QURTSl9pM1VWWGpQYW9WVXZqTll4NDF6RmNFb00xVU1SVkY5V0VmdUppXzM4bFZNRGZJWEM3cUZ3VGdmVnYyOG5WMkZJQVVwV2FleUdxNA==,2023-06-09 05:42:49.519558
youtube#commentThread,NR0AvNjatRYqd8q1ddfJKGJEMjk,UgwS5qPvh36A50ZJjmp4AaABAg,"{'videoId': 'SFubem2H08c', 'topLevelComment': {'kind': 'youtube#comment', 'etag': 'DEPRbCLA6RjVRua9fTaJ1CeIHms', 'id': 'UgwS5qPvh36A50ZJjmp4AaABAg', 'snippet': {'videoId': 'SFubem2H08c', 'textDisplay': 'O Brasil não está correndo risco de vira uma Venezuela não... Partido de esquerda e uma desgraça.', 'textOriginal': 'O Brasil não está correndo risco de vira uma Venezuela não... Partido de esquerda e uma desgraça.', 'authorDisplayName': 'Fernando Silva', 'authorProfileImageUrl': 'https://yt3.ggpht.com/ytc/AGIKgqNVfZKn6TgySViyj4NaimG4ADhdjBR9wFCXTIROrQ=s48-c-k-c0x00ffffff-no-rj', 'authorChannelUrl': 'http://www.youtube.com/channel/UChi0iXCs0krN2glLLEGeUlw', 'authorChannelId': {'value': 'UChi0iXCs0krN2glLLEGeUlw'}, 'canRate': True, 'viewerRating': 'none', 'likeCount': 0, 'publishedAt': '2022-10-22T13:34:22Z', 'updatedAt': '2022-10-22T13:34:22Z'}}, 'canReply': True, 'totalReplyCount': 0, 'isPublic': True}",,UChi0iXCs0krN2glLLEGeUlw,2022-10-22T13:34:22Z,O Brasil não está correndo risco de vira uma Venezuela não... Partido de esquerda e uma desgraça.,QURTSl9pM1VWWGpQYW9WVXZqTll4NDF6RmNFb00xVU1SVkY5V0VmdUppXzM4bFZNRGZJWEM3cUZ3VGdmVnYyOG5WMkZJQVVwV2FleUdxNA==,2023-06-09 05:42:49.519558
youtube#commentThread,4iLmbZw116eVRFt9i_2bJ6uXmmM,UgyHdt26htt77x9PMeR4AaABAg,"{'videoId': 'SFubem2H08c', 'topLevelComment': {'kind': 'youtube#comment', 'etag': '23dMO8OBrOkPIWMRmjIApDZEd6o', 'id': 'UgyHdt26htt77x9PMeR4AaABAg', 'snippet': {'videoId': 'SFubem2H08c', 'textDisplay': 'Mais uma informação importante que serve de alerta para o povo! Vamus acorda gente e tirar o PT do jogo!', 'textOriginal': 'Mais uma informação importante que serve de alerta para o povo! Vamus acorda gente e tirar o PT do jogo!', 'authorDisplayName': 'Dersão Rodrigues', 'authorProfileImageUrl': 'https://yt3.ggpht.com/ytc/AGIKgqM9VcWBTVULLchgmZtdJyasFXYL6FRuEyE2CodD=s48-c-k-c0x00ffffff-no-rj', 'authorChannelUrl': 'http://www.youtube.com/channel/UCUA5aen97Gl3t9mamEitTPA', 'authorChannelId': {'value': 'UCUA5aen97Gl3t9mamEitTPA'}, 'canRate': True, 'viewerRating': 'none', 'likeCount': 0, 'publishedAt': '2022-10-22T13:33:09Z', 'updatedAt': '2022-10-22T13:33:09Z'}}, 'canReply': True, 'totalReplyCount': 0, 'isPublic': True}",,UCUA5aen97Gl3t9mamEitTPA,2022-10-22T13:33:09Z,Mais uma informação importante que serve de alerta para o povo! Vamus acorda gente e tirar o PT do jogo!,QURTSl9pM1VWWGpQYW9WVXZqTll4NDF6RmNFb00xVU1SVkY5V0VmdUppXzM4bFZNRGZJWEM3cUZ3VGdmVnYyOG5WMkZJQVVwV2FleUdxNA==,2023-06-09 05:42:49.519558
youtube#commentThread,tmJga6qQxsKEvUFcjkusdDVv_mU,UgxCuEGcWgN2jBaSJhB4AaABAg,"{'videoId': 'SFubem2H08c', 'topLevelComment': {'kind': 'youtube#comment', 'etag': '_XoTcFEdEnVYI4v--O7iYxvFysY', 'id': 'UgxCuEGcWgN2jBaSJhB4AaABAg', 'snippet': {'videoId': 'SFubem2H08c', 'textDisplay': 'Se aquele q o nome nao pode ser pronunciado ,ganhar as eleicoes,iremos voltar ao tempo das trevas..👺', 'textOriginal': 'Se aquele q o nome nao pode ser pronunciado ,ganhar as eleicoes,iremos voltar ao tempo das trevas..👺', 'authorDisplayName': 'Antonio Carlos', 'authorProfileImageUrl': 'https://yt3.ggpht.com/ytc/AGIKgqM_fOGVow2v_KV2z1rdNKoeo41-7g30nxte_Q=s48-c-k-c0x00ffffff-no-rj', 'authorChannelUrl': 'http://www.youtube.com/channel/UC4UWl7VCSxYL-2i-7-YhVNw', 'authorChannelId': {'value': 'UC4UWl7VCSxYL-2i-7-YhVNw'}, 'canRate': True, 'viewerRating': 'none', 'likeCount': 0, 'publishedAt': '2022-10-22T12:46:17Z', 'updatedAt': '2022-10-22T12:46:17Z'}}, 'canReply': True, 'totalReplyCount': 0, 'isPublic': True}",,UC4UWl7VCSxYL-2i-7-YhVNw,2022-10-22T12:46:17Z,"Se aquele q o nome nao pode ser pronunciado ,ganhar as eleicoes,iremos voltar ao tempo das trevas..👺",QURTSl9pM1VWWGpQYW9WVXZqTll4NDF6RmNFb00xVU1SVkY5V0VmdUppXzM4bFZNRGZJWEM3cUZ3VGdmVnYyOG5WMkZJQVVwV2FleUdxNA==,2023-06-09 05:42:49.519558
youtube#commentThread,tyXRo8DPyBYDwCwZgJQ4PMUM7T0,UgxbatOUVNo_cqycGL94AaABAg,"{'videoId': 'SFubem2H08c', 'topLevelComment': {'kind': 'youtube#comment', 'etag': 'SbqbGDcTsxlg2UoEwzGli-IziBI', 'id': 'UgxbatOUVNo_cqycGL94AaABAg', 'snippet': {'videoId': 'SFubem2H08c', 'textDisplay': 'Mais um país controlado pela esquerda entrando na linha da pobreza.... Um parabéns para os que querem voltar comer picanha kkkk vão vê a picanha que o chilenos e os argentinos estão comendo!!! E só picanha', 'textOriginal': 'Mais um país controlado pela esquerda entrando na linha da pobreza.... Um parabéns para os que querem voltar comer picanha kkkk vão vê a picanha que o chilenos e os argentinos estão comendo!!! E só picanha', 'authorDisplayName': 'Fabricio Leite', 'authorProfileImageUrl': 'https://yt3.ggpht.com/ytc/AGIKgqMNI7UO_DOXaID4dBZbUggunu_kxLgQZfBBDibdkg=s48-c-k-c0x00ffffff-no-rj', 'authorChannelUrl': 'http://www.youtube.com/channel/UCKeXu2yX-4-vr9JqnysSv1w', 'authorChannelId': {'value': 'UCKeXu2yX-4-vr9JqnysSv1w'}, 'canRate': True, 'viewerRating': 'none', 'likeCount': 1, 'publishedAt': '2022-10-22T10:06:32Z', 'updatedAt': '2022-10-22T10:06:32Z'}}, 'canReply': True, 'totalReplyCount': 0, 'isPublic': True}",,UCKeXu2yX-4-vr9JqnysSv1w,2022-10-22T10:06:32Z,Mais um país controlado pela esquerda entrando na linha da pobreza.... Um parabéns para os que querem voltar comer picanha kkkk vão vê a picanha que o chilenos e os argentinos estão comendo!!! E só picanha,QURTSl9pM1VWWGpQYW9WVXZqTll4NDF6RmNFb00xVU1SVkY5V0VmdUppXzM4bFZNRGZJWEM3cUZ3VGdmVnYyOG5WMkZJQVVwV2FleUdxNA==,2023-06-09 05:42:49.519558
youtube#commentThread,o5pU-IWkANGL-RdRv3JJkvrIrBM,UgwRmXDfXUUoz0RI5nZ4AaABAg,"{'videoId': 'SFubem2H08c', 'topLevelComment': {'kind': 'youtube#comment', 'etag': 'H0besbpRTW6O9fOi9aS8tGgLd0E', 'id': 'UgwRmXDfXUUoz0RI5nZ4AaABAg', 'snippet': {'videoId': 'SFubem2H08c', 'textDisplay': 'Cara é so eu que se irrita com esses cara que fica gaguejando, puta merda cara que chatice, é mania? Kkkk', 'textOriginal': 'Cara é so eu que se irrita com esses cara que fica gaguejando, puta merda cara que chatice, é mania? Kkkk', 'authorDisplayName': 'Roger Sousa', 'authorProfileImageUrl': 'https://yt3.ggpht.com/ytc/AGIKgqM36SKa2cKwFCRrMvA614lE7r2Sf6DPTZwYXe6Edg=s48-c-k-c0x00ffffff-no-rj', 'authorChannelUrl': 'http://www.youtube.com/channel/UC2ApnVb3yK01AVraWfMMGwA', 'authorChannelId': {'value': 'UC2ApnVb3yK01AVraWfMMGwA'}, 'canRate': True, 'viewerRating': 'none', 'likeCount': 0, 'publishedAt': '2022-10-22T09:59:46Z', 'updatedAt': '2022-10-22T09:59:46Z'}}, 'canReply': True, 'totalReplyCount': 0, 'isPublic': True}",,UC2ApnVb3yK01AVraWfMMGwA,2022-10-22T09:59:46Z,"Cara é so eu que se irrita com esses cara que fica gaguejando, puta merda cara que chatice, é mania? Kkkk",QURTSl9pM1VWWGpQYW9WVXZqTll4NDF6RmNFb00xVU1SVkY5V0VmdUppXzM4bFZNRGZJWEM3cUZ3VGdmVnYyOG5WMkZJQVVwV2FleUdxNA==,2023-06-09 05:42:49.519558
youtube#commentThread,ZsLh-7Q2kcsDAnl_ZtOb2-0nxWU,UgwbxvPJt3UXjoapgjp4AaABAg,"{'videoId': 'SFubem2H08c', 'topLevelComment': {'kind': 'youtube#comment', 'etag': 'Z5Q5iXHjB3CU8pMy4_Pih1keA08', 'id': 'UgwbxvPJt3UXjoapgjp4AaABAg', 'snippet': {'videoId': 'SFubem2H08c', 'textDisplay': 'Só imbecis votam na esquerda.  O chefe da gangue é o LULADRÃO.', 'textOriginal': 'Só imbecis votam na esquerda.  O chefe da gangue é o LULADRÃO.', 'authorDisplayName': 'Adilson de Paula Machado', 'authorProfileImageUrl': 'https://yt3.ggpht.com/ytc/AGIKgqNaW7VA6PVLE-319mJbNbNGsXS7Fp7SWDQGAQ=s48-c-k-c0x00ffffff-no-rj', 'authorChannelUrl': 'http://www.youtube.com/channel/UC-gYE4132tYP89ixMj2wuIw', 'authorChannelId': {'value': 'UC-gYE4132tYP89ixMj2wuIw'}, 'canRate': True, 'viewerRating': 'none', 'likeCount': 0, 'publishedAt': '2022-10-22T08:52:55Z', 'updatedAt': '2022-10-22T08:52:55Z'}}, 'canReply': True, 'totalReplyCount': 0, 'isPublic': True}",,UC-gYE4132tYP89ixMj2wuIw,2022-10-22T08:52:55Z,Só imbecis votam na esquerda.  O chefe da gangue é o LULADRÃO.,QURTSl9pM1VWWGpQYW9WVXZqTll4NDF6RmNFb00xVU1SVkY5V0VmdUppXzM4bFZNRGZJWEM3cUZ3VGdmVnYyOG5WMkZJQVVwV2FleUdxNA==,2023-06-09 05:42:49.519558
youtube#commentThread,h1HPCK5HhTEfpexo2h3jZfMhZro,UgyZ1-Y9teDlEPmMkPd4AaABAg,"{'videoId': 'SFubem2H08c', 'topLevelComment': {'kind': 'youtube#comment', 'etag': '89h3l-ZfogGLRBYEMsEqW468dFA', 'id': 'UgyZ1-Y9teDlEPmMkPd4AaABAg', 'snippet': {'videoId': 'SFubem2H08c', 'textDisplay': 'Vão pagar caro pela escolha.', 'textOriginal': 'Vão pagar caro pela escolha.', 'authorDisplayName': 'Maurosergio Alves', 'authorProfileImageUrl': 'https://yt3.ggpht.com/ytc/AGIKgqMGnt0pbVczTfaVPfLfL451s2nrTyKE1TdfUQ=s48-c-k-c0x00ffffff-no-rj', 'authorChannelUrl': 'http://www.youtube.com/channel/UCLwcRyy93YiJQXgH9st0H_Q', 'authorChannelId': {'value': 'UCLwcRyy93YiJQXgH9st0H_Q'}, 'canRate': True, 'viewerRating': 'none', 'likeCount': 0, 'publishedAt': '2022-10-22T02:21:03Z', 'updatedAt': '2022-10-22T02:21:03Z'}}, 'canReply': True, 'totalReplyCount': 0, 'isPublic': True}",,UCLwcRyy93YiJQXgH9st0H_Q,2022-10-22T02:21:03Z,Vão pagar caro pela escolha.,QURTSl9pM1VWWGpQYW9WVXZqTll4NDF6RmNFb00xVU1SVkY5V0VmdUppXzM4bFZNRGZJWEM3cUZ3VGdmVnYyOG5WMkZJQVVwV2FleUdxNA==,2023-06-09 05:42:49.519558
youtube#commentThread,MCsFmfR3CUwlJnjvd6xfZDw7cPg,UgxLv__p2ZD61ZRj1-54AaABAg,"{'videoId': 'SFubem2H08c', 'topLevelComment': {'kind': 'youtube#comment', 'etag': 'NxjHVq50bjqWdQTak6ykJqoskFc', 'id': 'UgxLv__p2ZD61ZRj1-54AaABAg', 'snippet': {'videoId': 'SFubem2H08c', 'textDisplay': 'Ingressado que o povo sabem de tudo isso,e votam em um candidato, comunista ladrão!!!', 'textOriginal': 'Ingressado que o povo sabem de tudo isso,e votam em um candidato, comunista ladrão!!!', 'authorDisplayName': 'Jose Francisco Da Silva', 'authorProfileImageUrl': 'https://yt3.ggpht.com/ytc/AGIKgqOyWbZP7gSyYliin4nPILziZ5gXWoPzgwa-4w=s48-c-k-c0x00ffffff-no-rj', 'authorChannelUrl': 'http://www.youtube.com/channel/UCLlZFX5U-LDlcF0SAQsXJyA', 'authorChannelId': {'value': 'UCLlZFX5U-LDlcF0SAQsXJyA'}, 'canRate': True, 'viewerRating': 'none', 'likeCount': 0, 'publishedAt': '2022-10-22T00:33:48Z', 'updatedAt': '2022-10-22T00:33:48Z'}}, 'canReply': True, 'totalReplyCount': 0, 'isPublic': True}",,UCLlZFX5U-LDlcF0SAQsXJyA,2022-10-22T00:33:48Z,"Ingressado que o povo sabem de tudo isso,e votam em um candidato, comunista ladrão!!!",QURTSl9pM1VWWGpQYW9WVXZqTll4NDF6RmNFb00xVU1SVkY5V0VmdUppXzM4bFZNRGZJWEM3cUZ3VGdmVnYyOG5WMkZJQVVwV2FleUdxNA==,2023-06-09 05:42:49.519558
youtube#commentThread,XNDPywxP4Q_8NxKqMGUTAzXK9Bg,Ugyw8irBDsESUu2OFtR4AaABAg,"{'videoId': 'SFubem2H08c', 'topLevelComment': {'kind': 'youtube#comment', 'etag': '4iRDs1cgWGL0R762n453PBEHYXQ', 'id': 'Ugyw8irBDsESUu2OFtR4AaABAg', 'snippet': {'videoId': 'SFubem2H08c', 'textDisplay': 'DEUS ABENÇOE E PROTEJA SEMPRE TODOS VOCÊS QUE FAZEM UM JORNALISMO SÉRIO E VERDADEIRO!', 'textOriginal': 'DEUS ABENÇOE E PROTEJA SEMPRE TODOS VOCÊS QUE FAZEM UM JORNALISMO SÉRIO E VERDADEIRO!', 'authorDisplayName': 'Edneia Maria Fonseca', 'authorProfileImageUrl': 'https://yt3.ggpht.com/ytc/AGIKgqOZU_NN3rBUWYo7xXvSeQDQkcv8Mrrwe8g0hA=s48-c-k-c0x00ffffff-no-rj', 'authorChannelUrl': 'http://www.youtube.com/channel/UChjpb1kd5RXY9hLirUDhUYQ', 'authorChannelId': {'value': 'UChjpb1kd5RXY9hLirUDhUYQ'}, 'canRate': True, 'viewerRating': 'none', 'likeCount': 1, 'publishedAt': '2022-10-22T00:28:51Z', 'updatedAt': '2022-10-22T00:28:51Z'}}, 'canReply': True, 'totalReplyCount': 0, 'isPublic': True}",,UChjpb1kd5RXY9hLirUDhUYQ,2022-10-22T00:28:51Z,DEUS ABENÇOE E PROTEJA SEMPRE TODOS VOCÊS QUE FAZEM UM JORNALISMO SÉRIO E VERDADEIRO!,QURTSl9pM1VWWGpQYW9WVXZqTll4NDF6RmNFb00xVU1SVkY5V0VmdUppXzM4bFZNRGZJWEM3cUZ3VGdmVnYyOG5WMkZJQVVwV2FleUdxNA==,2023-06-09 05:42:49.519558
youtube#commentThread,jHmqt4VDYPk9ou388gU-5HgUg80,UgxAHvxC2UmlxNBsNI94AaABAg,"{'videoId': 'SFubem2H08c', 'topLevelComment': {'kind': 'youtube#comment', 'etag': 'ijX0wVP3-3epRqgdXaQ7qlzqUb4', 'id': 'UgxAHvxC2UmlxNBsNI94AaABAg', 'snippet': {'videoId': 'SFubem2H08c', 'textDisplay': 'Entregar um país nas mãos de amadores socialistas, dá nisto..esperar o quê mais??!!', 'textOriginal': 'Entregar um país nas mãos de amadores socialistas, dá nisto..esperar o quê mais??!!', 'authorDisplayName': 'Maria Luiza Feistauer', 'authorProfileImageUrl': 'https://yt3.ggpht.com/ytc/AGIKgqN4BU1L-kGEKcmeWDaNb_95F3pEKAywd-yLlw=s48-c-k-c0x00ffffff-no-rj', 'authorChannelUrl': 'http://www.youtube.com/channel/UCDoHGCnzSiMoS0jsor5OmqA', 'authorChannelId': {'value': 'UCDoHGCnzSiMoS0jsor5OmqA'}, 'canRate': True, 'viewerRating': 'none', 'likeCount': 0, 'publishedAt': '2022-10-21T23:56:19Z', 'updatedAt': '2022-10-21T23:56:19Z'}}, 'canReply': True, 'totalReplyCount': 0, 'isPublic': True}",,UCDoHGCnzSiMoS0jsor5OmqA,2022-10-21T23:56:19Z,"Entregar um país nas mãos de amadores socialistas, dá nisto..esperar o quê mais??!!",QURTSl9pM1VWWGpQYW9WVXZqTll4NDF6RmNFb00xVU1SVkY5V0VmdUppXzM4bFZNRGZJWEM3cUZ3VGdmVnYyOG5WMkZJQVVwV2FleUdxNA==,2023-06-09 05:42:49.519558
youtube#commentThread,61caj5yIXhdGfkw4YtKHACuNx38,UgyYSRe4zYZyUi-6vLV4AaABAg,"{'videoId': 'SFubem2H08c', 'topLevelComment': {'kind': 'youtube#comment', 'etag': 'Vzyo5JqxcdFvlHTV3XHzKQUHJ1k', 'id': 'UgyYSRe4zYZyUi-6vLV4AaABAg', 'snippet': {'videoId': 'SFubem2H08c', 'textDisplay': 'Onde a esquerda coloca as mãos, é isso aí. Pobreza, decadência. Povo sofrendo. Triste', 'textOriginal': 'Onde a esquerda coloca as mãos, é isso aí. Pobreza, decadência. Povo sofrendo. Triste', 'authorDisplayName': 'Rachel Mesquita', 'authorProfileImageUrl': 'https://yt3.ggpht.com/us8GAUyTfINLwhCDBx1VpERgyuRcjOzMDDTtzKrWbn5evf1LMTQY_LdRVvrp3G4DnL9byCIFqQ=s48-c-k-c0x00ffffff-no-rj', 'authorChannelUrl': 'http://www.youtube.com/channel/UCUO4F326dR_Y--uAZjjpMHA', 'authorChannelId': {'value': 'UCUO4F326dR_Y--uAZjjpMHA'}, 'canRate': True, 'viewerRating': 'none', 'likeCount': 0, 'publishedAt': '2022-10-21T23:50:50Z', 'updatedAt': '2022-10-21T23:50:50Z'}}, 'canReply': True, 'totalReplyCount': 0, 'isPublic': True}",,UCUO4F326dR_Y--uAZjjpMHA,2022-10-21T23:50:50Z,"Onde a esquerda coloca as mãos, é isso aí. Pobreza, decadência. Povo sofrendo. Triste",QURTSl9pM1VWWGpQYW9WVXZqTll4NDF6RmNFb00xVU1SVkY5V0VmdUppXzM4bFZNRGZJWEM3cUZ3VGdmVnYyOG5WMkZJQVVwV2FleUdxNA==,2023-06-09 05:42:49.519558
youtube#commentThread,ELP-TeKPXVAu1dH_oyzvpYN-mq8,UgxLWyCB7pynlRvzGOB4AaABAg,"{'videoId': 'SFubem2H08c', 'topLevelComment': {'kind': 'youtube#comment', 'etag': 'ol9wReaLH1nIMTGgBWLyUojxemw', 'id': 'UgxLWyCB7pynlRvzGOB4AaABAg', 'snippet': {'videoId': 'SFubem2H08c', 'textDisplay': '<a href=""http://www.youtube.com/results?search_query=%23acordabrasilejairouj%C3%A1era"">#AcordaBrasilEJairoujáEra</a>🙏🙏🙏🙏🏾🇧🇷🇧🇷🇧🇷🇧🇷', 'textOriginal': '#AcordaBrasilEJairoujáEra🙏🙏🙏🙏🏾🇧🇷🇧🇷🇧🇷🇧🇷', 'authorDisplayName': 'Dalvaci Azevedo', 'authorProfileImageUrl': 'https://yt3.ggpht.com/ytc/AGIKgqOYPfZjNI0I6vVW_lXG3Eh8wLJVusDbxakE_g=s48-c-k-c0x00ffffff-no-rj', 'authorChannelUrl': 'http://www.youtube.com/channel/UCAPOKQINvBUu0Wb7BKYoMKw', 'authorChannelId': {'value': 'UCAPOKQINvBUu0Wb7BKYoMKw'}, 'canRate': True, 'viewerRating': 'none', 'likeCount': 0, 'publishedAt': '2022-10-21T23:48:12Z', 'updatedAt': '2022-10-21T23:48:12Z'}}, 'canReply': True, 'totalReplyCount': 0, 'isPublic': True}",,UCAPOKQINvBUu0Wb7BKYoMKw,2022-10-21T23:48:12Z,#AcordaBrasilEJairoujáEra🙏🙏🙏🙏🏾🇧🇷🇧🇷🇧🇷🇧🇷,QURTSl9pM1VWWGpQYW9WVXZqTll4NDF6RmNFb00xVU1SVkY5V0VmdUppXzM4bFZNRGZJWEM3cUZ3VGdmVnYyOG5WMkZJQVVwV2FleUdxNA==,2023-06-09 05:42:49.519558
youtube#commentThread,01OY0tTbSxmLyaK712ETUUOWxtI,Ugx1AK3kSdOKKQz8CQt4AaABAg,"{'videoId': 'SFubem2H08c', 'topLevelComment': {'kind': 'youtube#comment', 'etag': 'AuShrp_xkMZCT60BqgJjULNd2fk', 'id': 'Ugx1AK3kSdOKKQz8CQt4AaABAg', 'snippet': {'videoId': 'SFubem2H08c', 'textDisplay': 'Que sirva de exemplo para nós brasileiros', 'textOriginal': 'Que sirva de exemplo para nós brasileiros', 'authorDisplayName': 'marcos fonseca', 'authorProfileImageUrl': 'https://yt3.ggpht.com/ytc/AGIKgqM4TQEipjsBp38G2kee_fQ9avuwcR5jqUccz0hDLqsSrFrA-itk1G6oS_ZergTM=s48-c-k-c0x00ffffff-no-rj', 'authorChannelUrl': 'http://www.youtube.com/channel/UClXsNEuMbjyLQvE9ZaXMqnA', 'authorChannelId': {'value': 'UClXsNEuMbjyLQvE9ZaXMqnA'}, 'canRate': True, 'viewerRating': 'none', 'likeCount': 0, 'publishedAt': '2022-10-21T23:26:50Z', 'updatedAt': '2022-10-21T23:26:50Z'}}, 'canReply': True, 'totalReplyCount': 0, 'isPublic': True}",,UClXsNEuMbjyLQvE9ZaXMqnA,2022-10-21T23:26:50Z,Que sirva de exemplo para nós brasileiros,QURTSl9pM1VWWGpQYW9WVXZqTll4NDF6RmNFb00xVU1SVkY5V0VmdUppXzM4bFZNRGZJWEM3cUZ3VGdmVnYyOG5WMkZJQVVwV2FleUdxNA==,2023-06-09 05:42:49.519558
youtube#commentThread,kJs0yZts8kUchiOjDBRjtQinpy8,Ugxz8nNYo2cHi99CS-14AaABAg,"{'videoId': 'SFubem2H08c', 'topLevelComment': {'kind': 'youtube#comment', 'etag': '9Sb-twdn97mYVBLCNlku-KudfEo', 'id': 'Ugxz8nNYo2cHi99CS-14AaABAg', 'snippet': {'videoId': 'SFubem2H08c', 'textDisplay': 'Fórum São Paulo ninho quadrilha políticos bandidos esquerda no Brasil povo Brasileiros Brasil e nosso não essa quadrilha bandidos esquerda Ruas povo espulsar políticos esquerda Brasil', 'textOriginal': 'Fórum São Paulo ninho quadrilha políticos bandidos esquerda no Brasil povo Brasileiros Brasil e nosso não essa quadrilha bandidos esquerda Ruas povo espulsar políticos esquerda Brasil', 'authorDisplayName': 'sub zero', 'authorProfileImageUrl': 'https://yt3.ggpht.com/ytc/AGIKgqN--b3uCVbKlLpgNRV9ynqPM3fwSmvFVYnPbw=s48-c-k-c0x00ffffff-no-rj', 'authorChannelUrl': 'http://www.youtube.com/channel/UC6bzJoiZd4iKdzMj4Ogsrtg', 'authorChannelId': {'value': 'UC6bzJoiZd4iKdzMj4Ogsrtg'}, 'canRate': True, 'viewerRating': 'none', 'likeCount': 0, 'publishedAt': '2022-10-21T22:37:30Z', 'updatedAt': '2022-10-21T22:37:30Z'}}, 'canReply': True, 'totalReplyCount': 0, 'isPublic': True}",,UC6bzJoiZd4iKdzMj4Ogsrtg,2022-10-21T22:37:30Z,Fórum São Paulo ninho quadrilha políticos bandidos esquerda no Brasil povo Brasileiros Brasil e nosso não essa quadrilha bandidos esquerda Ruas povo espulsar políticos esquerda Brasil,QURTSl9pM1VWWGpQYW9WVXZqTll4NDF6RmNFb00xVU1SVkY5V0VmdUppXzM4bFZNRGZJWEM3cUZ3VGdmVnYyOG5WMkZJQVVwV2FleUdxNA==,2023-06-09 05:42:49.519558
youtube#commentThread,17y14jpD4b5XQGn6tLXdyA-GlsA,Ugy1DQSEt04EQzmKFT14AaABAg,"{'videoId': 'SFubem2H08c', 'topLevelComment': {'kind': 'youtube#comment', 'etag': 'wX9zpAJmZkByyV0jeCJ-N62eGsw', 'id': 'Ugy1DQSEt04EQzmKFT14AaABAg', 'snippet': {'videoId': 'SFubem2H08c', 'textDisplay': 'Vocês são o que de pior , existe na. Face da terra !', 'textOriginal': 'Vocês são o que de pior , existe na. Face da terra !', 'authorDisplayName': 'Maria lucia Paz', 'authorProfileImageUrl': 'https://yt3.ggpht.com/ytc/AGIKgqOF063ABVIgNrvTg7g8GHLwfN9Ehl0MKlT5u75XNQXdPwIQFD9bDE-IMbZB6Ppw=s48-c-k-c0x00ffffff-no-rj', 'authorChannelUrl': 'http://www.youtube.com/channel/UC2M_8f6rA9Jj5TQcF1tgS1g', 'authorChannelId': {'value': 'UC2M_8f6rA9Jj5TQcF1tgS1g'}, 'canRate': True, 'viewerRating': 'none', 'likeCount': 1, 'publishedAt': '2022-10-21T22:03:11Z', 'updatedAt': '2022-10-21T22:03:11Z'}}, 'canReply': True, 'totalReplyCount': 0, 'isPublic': True}",,UC2M_8f6rA9Jj5TQcF1tgS1g,2022-10-21T22:03:11Z,"Vocês são o que de pior , existe na. Face da terra !",QURTSl9pM1VWWGpQYW9WVXZqTll4NDF6RmNFb00xVU1SVkY5V0VmdUppXzM4bFZNRGZJWEM3cUZ3VGdmVnYyOG5WMkZJQVVwV2FleUdxNA==,2023-06-09 05:42:49.519558
youtube#commentThread,M5w-7IBJP1fOuo9IIuUDIFv2J-M,UgyQ-ZnBw-5UkR352lR4AaABAg,"{'videoId': 'SFubem2H08c', 'topLevelComment': {'kind': 'youtube#comment', 'etag': 'CZJ0YaynqTh0v9Uf4tsKzdS8370', 'id': 'UgyQ-ZnBw-5UkR352lR4AaABAg', 'snippet': {'videoId': 'SFubem2H08c', 'textDisplay': '😓😓😓😓', 'textOriginal': '😓😓😓😓', 'authorDisplayName': 'Thalia Sampaio', 'authorProfileImageUrl': 'https://yt3.ggpht.com/ytc/AGIKgqPH54swoRCihIiidLTnh-OVC4HtgNY_IxjfkXbhLw=s48-c-k-c0x00ffffff-no-rj', 'authorChannelUrl': 'http://www.youtube.com/channel/UCU2mhve5alpARXn8Kct8BSg', 'authorChannelId': {'value': 'UCU2mhve5alpARXn8Kct8BSg'}, 'canRate': True, 'viewerRating': 'none', 'likeCount': 0, 'publishedAt': '2022-10-21T21:55:10Z', 'updatedAt': '2022-10-21T21:55:10Z'}}, 'canReply': True, 'totalReplyCount': 0, 'isPublic': True}",,UCU2mhve5alpARXn8Kct8BSg,2022-10-21T21:55:10Z,😓😓😓😓,QURTSl9pM1VWWGpQYW9WVXZqTll4NDF6RmNFb00xVU1SVkY5V0VmdUppXzM4bFZNRGZJWEM3cUZ3VGdmVnYyOG5WMkZJQVVwV2FleUdxNA==,2023-06-09 05:42:49.519558
youtube#commentThread,cDK0QJ3KN50iJMuEWcfF4DHpoVs,UgwJWZRZRDeJVdQuKAJ4AaABAg,"{'videoId': 'SFubem2H08c', 'topLevelComment': {'kind': 'youtube#comment', 'etag': 'OeNpIWnZuacMz3tg_aN1iOsl9rs', 'id': 'UgwJWZRZRDeJVdQuKAJ4AaABAg', 'snippet': {'videoId': 'SFubem2H08c', 'textDisplay': 'Lula apoia o Maduro ele é responsavel pelo sofrimento dos venezuelanos.', 'textOriginal': 'Lula apoia o Maduro ele é responsavel pelo sofrimento dos venezuelanos.', 'authorDisplayName': 'Edival Teixeira', 'authorProfileImageUrl': 'https://yt3.ggpht.com/ytc/AGIKgqMVR2N9Hhz_mDPD_YvY9IQIBswDfNouf0Y4yw=s48-c-k-c0x00ffffff-no-rj', 'authorChannelUrl': 'http://www.youtube.com/channel/UCQ3JzWFc6TDvYdvKDn_Y8XA', 'authorChannelId': {'value': 'UCQ3JzWFc6TDvYdvKDn_Y8XA'}, 'canRate': True, 'viewerRating': 'none', 'likeCount': 0, 'publishedAt': '2022-10-21T21:26:43Z', 'updatedAt': '2022-10-21T21:26:43Z'}}, 'canReply': True, 'totalReplyCount': 0, 'isPublic': True}",,UCQ3JzWFc6TDvYdvKDn_Y8XA,2022-10-21T21:26:43Z,Lula apoia o Maduro ele é responsavel pelo sofrimento dos venezuelanos.,QURTSl9pM1VWWGpQYW9WVXZqTll4NDF6RmNFb00xVU1SVkY5V0VmdUppXzM4bFZNRGZJWEM3cUZ3VGdmVnYyOG5WMkZJQVVwV2FleUdxNA==,2023-06-09 05:42:49.519558
youtube#commentThread,qINVCm8mHdRmheB5_tAX7NpuYPk,Ugw0gxkQXyQ-4cc0mU14AaABAg,"{'videoId': 'SFubem2H08c', 'topLevelComment': {'kind': 'youtube#comment', 'etag': 't9eWhzR3Im4op99yZgqeH2I9STQ', 'id': 'Ugw0gxkQXyQ-4cc0mU14AaABAg', 'snippet': {'videoId': 'SFubem2H08c', 'textDisplay': 'Com lula o Brasil sera o proximo.', 'textOriginal': 'Com lula o Brasil sera o proximo.', 'authorDisplayName': 'Edival Teixeira', 'authorProfileImageUrl': 'https://yt3.ggpht.com/ytc/AGIKgqMVR2N9Hhz_mDPD_YvY9IQIBswDfNouf0Y4yw=s48-c-k-c0x00ffffff-no-rj', 'authorChannelUrl': 'http://www.youtube.com/channel/UCQ3JzWFc6TDvYdvKDn_Y8XA', 'authorChannelId': {'value': 'UCQ3JzWFc6TDvYdvKDn_Y8XA'}, 'canRate': True, 'viewerRating': 'none', 'likeCount': 0, 'publishedAt': '2022-10-21T21:23:38Z', 'updatedAt': '2022-10-21T21:23:38Z'}}, 'canReply': True, 'totalReplyCount': 0, 'isPublic': True}",,UCQ3JzWFc6TDvYdvKDn_Y8XA,2022-10-21T21:23:38Z,Com lula o Brasil sera o proximo.,QURTSl9pM1VWWGpQYW9WVXZqTll4NDF6RmNFb00xVU1SVkY5V0VmdUppXzM4bFZNRGZJWEM3cUZ3VGdmVnYyOG5WMkZJQVVwV2FleUdxNA==,2023-06-09 05:42:49.519558
youtube#commentThread,4hmJTBg2d8jOIsPbXRs7xZuy6q4,UgzgkEqdJBcG129NiHR4AaABAg,"{'videoId': 'SFubem2H08c', 'topLevelComment': {'kind': 'youtube#comment', 'etag': '5PgzPx3B0gaiuECzulro5DPp_lE', 'id': 'UgzgkEqdJBcG129NiHR4AaABAg', 'snippet': {'videoId': 'SFubem2H08c', 'textDisplay': 'foro de São Paulo. ...fora. ....fora', 'textOriginal': 'foro de São Paulo. ...fora. ....fora', 'authorDisplayName': 'SEMICONDUTORES DE 0A9', 'authorProfileImageUrl': 'https://yt3.ggpht.com/ytc/AGIKgqMne5_1lpMDe3nyFsD0Hv-jYczIqbMlEzMBgvMHUquCBN-ihQUq_BRMqtU8SipP=s48-c-k-c0x00ffffff-no-rj', 'authorChannelUrl': 'http://www.youtube.com/channel/UCPI3bhLlFw92TrJED-p-KIQ', 'authorChannelId': {'value': 'UCPI3bhLlFw92TrJED-p-KIQ'}, 'canRate': True, 'viewerRating': 'none', 'likeCount': 0, 'publishedAt': '2022-10-21T19:34:21Z', 'updatedAt': '2022-10-21T19:34:21Z'}}, 'canReply': True, 'totalReplyCount': 0, 'isPublic': True}",,UCPI3bhLlFw92TrJED-p-KIQ,2022-10-21T19:34:21Z,foro de São Paulo. ...fora. ....fora,QURTSl9pM1VWWGpQYW9WVXZqTll4NDF6RmNFb00xVU1SVkY5V0VmdUppXzM4bFZNRGZJWEM3cUZ3VGdmVnYyOG5WMkZJQVVwV2FleUdxNA==,2023-06-09 05:42:49.519558
youtube#commentThread,KyQR7mxeGHDY1qT0vpzZVglgWFY,UgzMho5k7KEK-wqAphJ4AaABAg,"{'videoId': 'SFubem2H08c', 'topLevelComment': {'kind': 'youtube#comment', 'etag': 'HMFJKv6ZUnzTxuynN8D7YeMMmq8', 'id': 'UgzMho5k7KEK-wqAphJ4AaABAg', 'snippet': {'videoId': 'SFubem2H08c', 'textDisplay': 'Brasileiros acordem.', 'textOriginal': 'Brasileiros acordem.', 'authorDisplayName': 'Neusa Portella', 'authorProfileImageUrl': 'https://yt3.ggpht.com/ytc/AGIKgqMHqJc6iWjgIN5wRlvcvWwIokBPXB_X1qcv3g=s48-c-k-c0x00ffffff-no-rj', 'authorChannelUrl': 'http://www.youtube.com/channel/UCiLBn_6gDOvK6XDiry6Z92g', 'authorChannelId': {'value': 'UCiLBn_6gDOvK6XDiry6Z92g'}, 'canRate': True, 'viewerRating': 'none', 'likeCount': 0, 'publishedAt': '2022-10-21T19:30:19Z', 'updatedAt': '2022-10-21T19:30:19Z'}}, 'canReply': True, 'totalReplyCount': 0, 'isPublic': True}",,UCiLBn_6gDOvK6XDiry6Z92g,2022-10-21T19:30:19Z,Brasileiros acordem.,QURTSl9pM1VWWGpQYW9WVXZqTll4NDF6RmNFb00xVU1SVkY5V0VmdUppXzM4bFZNRGZJWEM3cUZ3VGdmVnYyOG5WMkZJQVVwV2FleUdxNA==,2023-06-09 05:42:49.519558
youtube#commentThread,AIYRMp_ewRCPd2MzCp7JX7cEF0w,UgxqA2wIADV0zjlnEk14AaABAg,"{'videoId': 'SFubem2H08c', 'topLevelComment': {'kind': 'youtube#comment', 'etag': 'uVfmNzjKxHQKEb8PRam9lPDCwJ8', 'id': 'UgxqA2wIADV0zjlnEk14AaABAg', 'snippet': {'videoId': 'SFubem2H08c', 'textDisplay': 'NAO VEJO O PAPA POP FALAR NADA DESSES PAISES, CADE A ONU?CADE OS ARTISTAS DE HOOLYOOD?', 'textOriginal': 'NAO VEJO O PAPA POP FALAR NADA DESSES PAISES, CADE A ONU?CADE OS ARTISTAS DE HOOLYOOD?', 'authorDisplayName': 'Flavio Mello', 'authorProfileImageUrl': 'https://yt3.ggpht.com/ytc/AGIKgqM2qYMyHceXBF4NPljDqW3DDHSnHZFLQYS_a9BrbUZSgeqKuK5cW2-HnsJVZEEc=s48-c-k-c0x00ffffff-no-rj', 'authorChannelUrl': 'http://www.youtube.com/channel/UCw2FUoCOHwmSwUOQjStdqMw', 'authorChannelId': {'value': 'UCw2FUoCOHwmSwUOQjStdqMw'}, 'canRate': True, 'viewerRating': 'none', 'likeCount': 0, 'publishedAt': '2022-10-21T19:13:43Z', 'updatedAt': '2022-10-21T19:13:43Z'}}, 'canReply': True, 'totalReplyCount': 0, 'isPublic': True}",,UCw2FUoCOHwmSwUOQjStdqMw,2022-10-21T19:13:43Z,"NAO VEJO O PAPA POP FALAR NADA DESSES PAISES, CADE A ONU?CADE OS ARTISTAS DE HOOLYOOD?",QURTSl9pM1VWWGpQYW9WVXZqTll4NDF6RmNFb00xVU1SVkY5V0VmdUppXzM4bFZNRGZJWEM3cUZ3VGdmVnYyOG5WMkZJQVVwV2FleUdxNA==,2023-06-09 05:42:49.519558
youtube#commentThread,Bnhqa9PwbERvYk4RGydwl2XGauA,UgzVwgkoEN89yXVfwU94AaABAg,"{'videoId': 'SFubem2H08c', 'topLevelComment': {'kind': 'youtube#comment', 'etag': 'dhxiLcrElpNz0Ugw6ZH1T17JJMk', 'id': 'UgzVwgkoEN89yXVfwU94AaABAg', 'snippet': {'videoId': 'SFubem2H08c', 'textDisplay': 'Se olhar o sul também está cheio de Venezuelanos trabalhando aqui, tem uns que fazm Uber e alertam sobre as consequências de lula ganhar.', 'textOriginal': 'Se olhar o sul também está cheio de Venezuelanos trabalhando aqui, tem uns que fazm Uber e alertam sobre as consequências de lula ganhar.', 'authorDisplayName': 'ricardo pereira', 'authorProfileImageUrl': 'https://yt3.ggpht.com/ytc/AGIKgqMhXcBcqw6Am6FpPja-YIER3NAAHGLfNz4OcGVP_A=s48-c-k-c0x00ffffff-no-rj', 'authorChannelUrl': 'http://www.youtube.com/channel/UCr-CnRhIfJGDslWQK0XhAlg', 'authorChannelId': {'value': 'UCr-CnRhIfJGDslWQK0XhAlg'}, 'canRate': True, 'viewerRating': 'none', 'likeCount': 0, 'publishedAt': '2022-10-21T18:38:36Z', 'updatedAt': '2022-10-21T18:38:36Z'}}, 'canReply': True, 'totalReplyCount': 0, 'isPublic': True}",,UCr-CnRhIfJGDslWQK0XhAlg,2022-10-21T18:38:36Z,"Se olhar o sul também está cheio de Venezuelanos trabalhando aqui, tem uns que fazm Uber e alertam sobre as consequências de lula ganhar.",QURTSl9pM1VWWGpQYW9WVXZqTll4NDF6RmNFb00xVU1SVkY5V0VmdUppXzM4bFZNRGZJWEM3cUZ3VGdmVnYyOG5WMkZJQVVwV2FleUdxNA==,2023-06-09 05:42:49.519558
youtube#commentThread,TKaYBXDehPNrkPO1XbIRVGKI4DY,UgxBvoa_7jL0s7PivQp4AaABAg,"{'videoId': 'SFubem2H08c', 'topLevelComment': {'kind': 'youtube#comment', 'etag': 'p4d7fT0ITpQnGH3EV3kJcsOkMtk', 'id': 'UgxBvoa_7jL0s7PivQp4AaABAg', 'snippet': {'videoId': 'SFubem2H08c', 'textDisplay': 'NÃO É NOVIDADE, ONDE A ESQUERDA PÕE A MÃO, É UUM DESASTRE, O PAÍS SE ACABA.', 'textOriginal': 'NÃO É NOVIDADE, ONDE A ESQUERDA PÕE A MÃO, É UUM DESASTRE, O PAÍS SE ACABA.', 'authorDisplayName': 'ernesto chueryz', 'authorProfileImageUrl': 'https://yt3.ggpht.com/ytc/AGIKgqM1ANrtFaG6fJDxfOt_RWYKaFlGh3yhZ7lhhA=s48-c-k-c0x00ffffff-no-rj', 'authorChannelUrl': 'http://www.youtube.com/channel/UCS6qv2EEfa5p-zo8QmuxIGA', 'authorChannelId': {'value': 'UCS6qv2EEfa5p-zo8QmuxIGA'}, 'canRate': True, 'viewerRating': 'none', 'likeCount': 0, 'publishedAt': '2022-10-21T18:25:38Z', 'updatedAt': '2022-10-21T18:25:38Z'}}, 'canReply': True, 'totalReplyCount': 0, 'isPublic': True}",,UCS6qv2EEfa5p-zo8QmuxIGA,2022-10-21T18:25:38Z,"NÃO É NOVIDADE, ONDE A ESQUERDA PÕE A MÃO, É UUM DESASTRE, O PAÍS SE ACABA.",QURTSl9pM1VWWGpQYW9WVXZqTll4NDF6RmNFb00xVU1SVkY5V0VmdUppXzM4bFZNRGZJWEM3cUZ3VGdmVnYyOG5WMkZJQVVwV2FleUdxNA==,2023-06-09 05:42:49.519558
youtube#commentThread,hIUPZpNNV__Zm6_Vl-xvLP9HQjo,Ugzi-BuWjT9rM5Cs3EF4AaABAg,"{'videoId': 'SFubem2H08c', 'topLevelComment': {'kind': 'youtube#comment', 'etag': 'Xu4TrCtVYJtwwVRRIg4snhK8Rd4', 'id': 'Ugzi-BuWjT9rM5Cs3EF4AaABAg', 'snippet': {'videoId': 'SFubem2H08c', 'textDisplay': 'É essa desgraça fica iludindo o povo com picanha e cervejinha', 'textOriginal': 'É essa desgraça fica iludindo o povo com picanha e cervejinha', 'authorDisplayName': 'Mauriceia Alves', 'authorProfileImageUrl': 'https://yt3.ggpht.com/ytc/AGIKgqMt35-DN4ABbY5lCzrqn9n3jgGAl_kL8BCYrw=s48-c-k-c0x00ffffff-no-rj', 'authorChannelUrl': 'http://www.youtube.com/channel/UCP63rHgDZkttpCChhsRSWUw', 'authorChannelId': {'value': 'UCP63rHgDZkttpCChhsRSWUw'}, 'canRate': True, 'viewerRating': 'none', 'likeCount': 0, 'publishedAt': '2022-10-21T18:02:37Z', 'updatedAt': '2022-10-21T18:02:37Z'}}, 'canReply': True, 'totalReplyCount': 0, 'isPublic': True}",,UCP63rHgDZkttpCChhsRSWUw,2022-10-21T18:02:37Z,É essa desgraça fica iludindo o povo com picanha e cervejinha,QURTSl9pM1VWWGpQYW9WVXZqTll4NDF6RmNFb00xVU1SVkY5V0VmdUppXzM4bFZNRGZJWEM3cUZ3VGdmVnYyOG5WMkZJQVVwV2FleUdxNA==,2023-06-09 05:42:49.519558
youtube#commentThread,GdBjnK-e3q-B4S1g5g7LOtQ0gD8,UgxR3b77SftCoE_CF6p4AaABAg,"{'videoId': 'SFubem2H08c', 'topLevelComment': {'kind': 'youtube#comment', 'etag': '0k410GuK7_fX9C0Fy0k1Usdi81Q', 'id': 'UgxR3b77SftCoE_CF6p4AaABAg', 'snippet': {'videoId': 'SFubem2H08c', 'textDisplay': 'Essa esquerda é uma desgraça que Deus nós livre dessa carniça', 'textOriginal': 'Essa esquerda é uma desgraça que Deus nós livre dessa carniça', 'authorDisplayName': 'Jairo Cesar', 'authorProfileImageUrl': 'https://yt3.ggpht.com/ytc/AGIKgqPoenRitbAiANVWWZhmWsWYu1IfIDQTZqICcA=s48-c-k-c0x00ffffff-no-rj', 'authorChannelUrl': 'http://www.youtube.com/channel/UCD5i4KPCMXhKUTcEZZ7cC8A', 'authorChannelId': {'value': 'UCD5i4KPCMXhKUTcEZZ7cC8A'}, 'canRate': True, 'viewerRating': 'none', 'likeCount': 0, 'publishedAt': '2022-10-21T17:49:34Z', 'updatedAt': '2022-10-21T17:49:34Z'}}, 'canReply': True, 'totalReplyCount': 0, 'isPublic': True}",,UCD5i4KPCMXhKUTcEZZ7cC8A,2022-10-21T17:49:34Z,Essa esquerda é uma desgraça que Deus nós livre dessa carniça,QURTSl9pM1VWWGpQYW9WVXZqTll4NDF6RmNFb00xVU1SVkY5V0VmdUppXzM4bFZNRGZJWEM3cUZ3VGdmVnYyOG5WMkZJQVVwV2FleUdxNA==,2023-06-09 05:42:49.519558
youtube#commentThread,62_uh4Cq1gziQRQYlvKYr_G3R6Q,UgywkX0YLA35PPWFt5B4AaABAg,"{'videoId': 'SFubem2H08c', 'topLevelComment': {'kind': 'youtube#comment', 'etag': 'r_8ZQHOim6HJIX3Sa54IWS1QRZU', 'id': 'UgywkX0YLA35PPWFt5B4AaABAg', 'snippet': {'videoId': 'SFubem2H08c', 'textDisplay': 'O Chile sempre foi a exceção aqui na América do Sul, mas vejo que o povo chileno mudar a forma de governo ao invés de aprimorar aquele que tinha um Norte, espero que no Brasil não sigamos o mesmo caminho, pois se o ladrão, corrupto e condenado Lula ganhar estaremos indo para o mesmo caminho falido do nosso continente.', 'textOriginal': 'O Chile sempre foi a exceção aqui na América do Sul, mas vejo que o povo chileno mudar a forma de governo ao invés de aprimorar aquele que tinha um Norte, espero que no Brasil não sigamos o mesmo caminho, pois se o ladrão, corrupto e condenado Lula ganhar estaremos indo para o mesmo caminho falido do nosso continente.', 'authorDisplayName': 'Luciano Leitão', 'authorProfileImageUrl': 'https://yt3.ggpht.com/ytc/AGIKgqMdW2vDD9cvsI7FjpZSShooPYcB9ivKnjMt7oeA5A=s48-c-k-c0x00ffffff-no-rj', 'authorChannelUrl': 'http://www.youtube.com/channel/UCuFVXPueYgaiA047dOh7BCw', 'authorChannelId': {'value': 'UCuFVXPueYgaiA047dOh7BCw'}, 'canRate': True, 'viewerRating': 'none', 'likeCount': 1, 'publishedAt': '2022-10-21T17:14:19Z', 'updatedAt': '2022-10-21T17:14:19Z'}}, 'canReply': True, 'totalReplyCount': 0, 'isPublic': True}",,UCuFVXPueYgaiA047dOh7BCw,2022-10-21T17:14:19Z,"O Chile sempre foi a exceção aqui na América do Sul, mas vejo que o povo chileno mudar a forma de governo ao invés de aprimorar aquele que tinha um Norte, espero que no Brasil não sigamos o mesmo caminho, pois se o ladrão, corrupto e condenado Lula ganhar estaremos indo para o mesmo caminho falido do nosso continente.",QURTSl9pM1VWWGpQYW9WVXZqTll4NDF6RmNFb00xVU1SVkY5V0VmdUppXzM4bFZNRGZJWEM3cUZ3VGdmVnYyOG5WMkZJQVVwV2FleUdxNA==,2023-06-09 05:42:49.519558
youtube#commentThread,3UzgW2x4ht7tZsRUG7PwdhlT-V4,UgyoVWyZqdmR43YQHd14AaABAg,"{'videoId': 'SFubem2H08c', 'topLevelComment': {'kind': 'youtube#comment', 'etag': 'CA470IuOscCwaQlK7eP0U6TA5yg', 'id': 'UgyoVWyZqdmR43YQHd14AaABAg', 'snippet': {'videoId': 'SFubem2H08c', 'textDisplay': 'Só doendo mental ou mamadores que perderam a teta que votam em um ladrão', 'textOriginal': 'Só doendo mental ou mamadores que perderam a teta que votam em um ladrão', 'authorDisplayName': 'Ronaldo Nunes', 'authorProfileImageUrl': 'https://yt3.ggpht.com/ytc/AGIKgqMo5N9MGrTj1JRuAP6iSPptgyVoxlfNjcTt9Q=s48-c-k-c0x00ffffff-no-rj', 'authorChannelUrl': 'http://www.youtube.com/channel/UCilrcvmyid2OuVfymzFPBPA', 'authorChannelId': {'value': 'UCilrcvmyid2OuVfymzFPBPA'}, 'canRate': True, 'viewerRating': 'none', 'likeCount': 0, 'publishedAt': '2022-10-21T16:47:38Z', 'updatedAt': '2022-10-21T16:47:38Z'}}, 'canReply': True, 'totalReplyCount': 0, 'isPublic': True}",,UCilrcvmyid2OuVfymzFPBPA,2022-10-21T16:47:38Z,Só doendo mental ou mamadores que perderam a teta que votam em um ladrão,QURTSl9pM1VWWGpQYW9WVXZqTll4NDF6RmNFb00xVU1SVkY5V0VmdUppXzM4bFZNRGZJWEM3cUZ3VGdmVnYyOG5WMkZJQVVwV2FleUdxNA==,2023-06-09 05:42:49.519558
youtube#commentThread,PlWzSyvPdo6MQ9Oa8bsLf6mps8M,UgyJ0GBiNX2cpnMsvsB4AaABAg,"{'videoId': 'SFubem2H08c', 'topLevelComment': {'kind': 'youtube#comment', 'etag': 'Y9Mm60yvcRf6kqw9M-6jcXmhS9o', 'id': 'UgyJ0GBiNX2cpnMsvsB4AaABAg', 'snippet': {'videoId': 'SFubem2H08c', 'textDisplay': 'ééééééé', 'textOriginal': 'ééééééé', 'authorDisplayName': 'Alexandre Wagner Padilha', 'authorProfileImageUrl': 'https://yt3.ggpht.com/ytc/AGIKgqO7EmuZWyCKzaEoKbM8ge9NxS0B680cnP6WvICINA=s48-c-k-c0x00ffffff-no-rj', 'authorChannelUrl': 'http://www.youtube.com/channel/UC2Y2sHxRJ0cZzEKQv4rwv3A', 'authorChannelId': {'value': 'UC2Y2sHxRJ0cZzEKQv4rwv3A'}, 'canRate': True, 'viewerRating': 'none', 'likeCount': 0, 'publishedAt': '2022-10-21T16:19:31Z', 'updatedAt': '2022-10-21T16:19:31Z'}}, 'canReply': True, 'totalReplyCount': 0, 'isPublic': True}",,UC2Y2sHxRJ0cZzEKQv4rwv3A,2022-10-21T16:19:31Z,ééééééé,QURTSl9pM1VWWGpQYW9WVXZqTll4NDF6RmNFb00xVU1SVkY5V0VmdUppXzM4bFZNRGZJWEM3cUZ3VGdmVnYyOG5WMkZJQVVwV2FleUdxNA==,2023-06-09 05:42:49.519558
youtube#commentThread,9CFbvsij-7uIydv3pISirpVqWUQ,UgxMd-cj1Q5IDiDeFa54AaABAg,"{'videoId': 'SFubem2H08c', 'topLevelComment': {'kind': 'youtube#comment', 'etag': 'JU3PjhFf7EtVIqBJlVKxY94793E', 'id': 'UgxMd-cj1Q5IDiDeFa54AaABAg', 'snippet': {'videoId': 'SFubem2H08c', 'textDisplay': 'Nada a ver vim esquerda e direita. Isso , é  por causa  do governante irresponsável q nem  sr bozo', 'textOriginal': 'Nada a ver vim esquerda e direita. Isso , é  por causa  do governante irresponsável q nem  sr bozo', 'authorDisplayName': 'José Carlos Da Silva', 'authorProfileImageUrl': 'https://yt3.ggpht.com/ytc/AGIKgqNZB-EcDVsz-FZ2WQ-qpqVY_4CeQ7K70ocC5A=s48-c-k-c0x00ffffff-no-rj', 'authorChannelUrl': 'http://www.youtube.com/channel/UCJjoflKrL2XgSNVSyIQIUpw', 'authorChannelId': {'value': 'UCJjoflKrL2XgSNVSyIQIUpw'}, 'canRate': True, 'viewerRating': 'none', 'likeCount': 0, 'publishedAt': '2022-10-21T15:13:18Z', 'updatedAt': '2022-10-21T15:13:18Z'}}, 'canReply': True, 'totalReplyCount': 0, 'isPublic': True}",,UCJjoflKrL2XgSNVSyIQIUpw,2022-10-21T15:13:18Z,"Nada a ver vim esquerda e direita. Isso , é  por causa  do governante irresponsável q nem  sr bozo",QURTSl9pM1VWWGpQYW9WVXZqTll4NDF6RmNFb00xVU1SVkY5V0VmdUppXzM4bFZNRGZJWEM3cUZ3VGdmVnYyOG5WMkZJQVVwV2FleUdxNA==,2023-06-09 05:42:49.519558
youtube#commentThread,H01q8JwZ2LBv-kQFDflGyNtPxfo,Ugz1f5Et3rFoQXGUP2x4AaABAg,"{'videoId': 'SFubem2H08c', 'topLevelComment': {'kind': 'youtube#comment', 'etag': '3uWZuJdSKZPEXVSKt-SgN6-PiWI', 'id': 'Ugz1f5Et3rFoQXGUP2x4AaABAg', 'snippet': {'videoId': 'SFubem2H08c', 'textDisplay': 'Ano que vem começa aqui no Brasil, infelizmente', 'textOriginal': 'Ano que vem começa aqui no Brasil, infelizmente', 'authorDisplayName': 'Igor David', 'authorProfileImageUrl': 'https://yt3.ggpht.com/ytc/AGIKgqMqKkj_ja-QEudTIuU48KGtDPZWgdQxD-ryqQ=s48-c-k-c0x00ffffff-no-rj', 'authorChannelUrl': 'http://www.youtube.com/channel/UCpdPxq1nQrEJ7RxRTNMDjdQ', 'authorChannelId': {'value': 'UCpdPxq1nQrEJ7RxRTNMDjdQ'}, 'canRate': True, 'viewerRating': 'none', 'likeCount': 0, 'publishedAt': '2022-10-21T14:57:22Z', 'updatedAt': '2022-10-21T14:57:22Z'}}, 'canReply': True, 'totalReplyCount': 0, 'isPublic': True}",,UCpdPxq1nQrEJ7RxRTNMDjdQ,2022-10-21T14:57:22Z,"Ano que vem começa aqui no Brasil, infelizmente",QURTSl9pM1VWWGpQYW9WVXZqTll4NDF6RmNFb00xVU1SVkY5V0VmdUppXzM4bFZNRGZJWEM3cUZ3VGdmVnYyOG5WMkZJQVVwV2FleUdxNA==,2023-06-09 05:42:49.519558
youtube#commentThread,sQwXxr3ToI9ZK_DAY9N7yqr4qFM,UgwbAawXdsVhFxb3rf54AaABAg,"{'videoId': 'SFubem2H08c', 'topLevelComment': {'kind': 'youtube#comment', 'etag': '7Pdq1dETxgKncewKDI27cCjupHc', 'id': 'UgwbAawXdsVhFxb3rf54AaABAg', 'snippet': {'videoId': 'SFubem2H08c', 'textDisplay': 'pobre mas limpinho', 'textOriginal': 'pobre mas limpinho', 'authorDisplayName': 'tatiana talarico', 'authorProfileImageUrl': 'https://yt3.ggpht.com/ytc/AGIKgqPKDPzegdS9sDjkBjZ0y2plIKuEnCfbBSAgVQ=s48-c-k-c0x00ffffff-no-rj', 'authorChannelUrl': 'http://www.youtube.com/channel/UC0F5VErK8Svzpem5TU4EP1w', 'authorChannelId': {'value': 'UC0F5VErK8Svzpem5TU4EP1w'}, 'canRate': True, 'viewerRating': 'none', 'likeCount': 0, 'publishedAt': '2022-10-21T14:33:17Z', 'updatedAt': '2022-10-21T14:33:17Z'}}, 'canReply': True, 'totalReplyCount': 0, 'isPublic': True}",,UC0F5VErK8Svzpem5TU4EP1w,2022-10-21T14:33:17Z,pobre mas limpinho,QURTSl9pM1VWWGpQYW9WVXZqTll4NDF6RmNFb00xVU1SVkY5V0VmdUppXzM4bFZNRGZJWEM3cUZ3VGdmVnYyOG5WMkZJQVVwV2FleUdxNA==,2023-06-09 05:42:49.519558
youtube#commentThread,7yo0D-qC_8yrSFLtpYXdsTX2c5o,UgyOVKeTLR08D390CWZ4AaABAg,"{'videoId': 'SFubem2H08c', 'topLevelComment': {'kind': 'youtube#comment', 'etag': 'tdc68YJT4pS2GlVcrdvSHKVxRto', 'id': 'UgyOVKeTLR08D390CWZ4AaABAg', 'snippet': {'videoId': 'SFubem2H08c', 'textDisplay': 'oba vai ter chilenas também  nos  puteiros brasileiros  kkkkkk', 'textOriginal': 'oba vai ter chilenas também  nos  puteiros brasileiros  kkkkkk', 'authorDisplayName': 't M', 'authorProfileImageUrl': 'https://yt3.ggpht.com/ytc/AGIKgqOyL_MgLyHa9WLV9Unjr3sjUKF2W4hyJD85wg=s48-c-k-c0x00ffffff-no-rj', 'authorChannelUrl': 'http://www.youtube.com/channel/UCVnidJ9sh_lxSNQ2MlVtKiQ', 'authorChannelId': {'value': 'UCVnidJ9sh_lxSNQ2MlVtKiQ'}, 'canRate': True, 'viewerRating': 'none', 'likeCount': 0, 'publishedAt': '2022-10-21T14:32:41Z', 'updatedAt': '2022-10-21T14:32:41Z'}}, 'canReply': True, 'totalReplyCount': 0, 'isPublic': True}",,UCVnidJ9sh_lxSNQ2MlVtKiQ,2022-10-21T14:32:41Z,oba vai ter chilenas também  nos  puteiros brasileiros  kkkkkk,QURTSl9pM1VWWGpQYW9WVXZqTll4NDF6RmNFb00xVU1SVkY5V0VmdUppXzM4bFZNRGZJWEM3cUZ3VGdmVnYyOG5WMkZJQVVwV2FleUdxNA==,2023-06-09 05:42:49.519558
youtube#commentThread,bJOUYmZ-YoxnQxTxgZPl_YNWoR8,Ugxe74lmi5CBmwv3wct4AaABAg,"{'videoId': 'SFubem2H08c', 'topLevelComment': {'kind': 'youtube#comment', 'etag': 'CIszK4KK3NnOKk53OY_5JyZhAcA', 'id': 'Ugxe74lmi5CBmwv3wct4AaABAg', 'snippet': {'videoId': 'SFubem2H08c', 'textDisplay': 'Como estava bem a economia do Chile aí vem os chilenos e elegem esse esquerdopata é o foro de são Paulo', 'textOriginal': 'Como estava bem a economia do Chile aí vem os chilenos e elegem esse esquerdopata é o foro de são Paulo', 'authorDisplayName': 'Manoel Souza Pinheiro Junior', 'authorProfileImageUrl': 'https://yt3.ggpht.com/ytc/AGIKgqPzXnyF6hfeeOvdoeOCOnaLLhDGuuZhi-xnIoRXgw=s48-c-k-c0x00ffffff-no-rj', 'authorChannelUrl': 'http://www.youtube.com/channel/UCUpfzQvomCcrclHbzja9h-g', 'authorChannelId': {'value': 'UCUpfzQvomCcrclHbzja9h-g'}, 'canRate': True, 'viewerRating': 'none', 'likeCount': 0, 'publishedAt': '2022-10-21T13:25:03Z', 'updatedAt': '2022-10-21T13:25:03Z'}}, 'canReply': True, 'totalReplyCount': 0, 'isPublic': True}",,UCUpfzQvomCcrclHbzja9h-g,2022-10-21T13:25:03Z,Como estava bem a economia do Chile aí vem os chilenos e elegem esse esquerdopata é o foro de são Paulo,QURTSl9pM1VWWGpQYW9WVXZqTll4NDF6RmNFb00xVU1SVkY5V0VmdUppXzM4bFZNRGZJWEM3cUZ3VGdmVnYyOG5WMkZJQVVwV2FleUdxNA==,2023-06-09 05:42:49.519558
youtube#commentThread,qh41P6hv8wzvSjXmpddrp5WzB6w,UgyjWB1jFfSpt9yRAGZ4AaABAg,"{'videoId': 'SFubem2H08c', 'topLevelComment': {'kind': 'youtube#comment', 'etag': 'mmJZYUwORCT5yf0_UEuqHXVrark', 'id': 'UgyjWB1jFfSpt9yRAGZ4AaABAg', 'snippet': {'videoId': 'SFubem2H08c', 'textDisplay': 'Esses magnatas internacionais, através dos seus fundos, patrocinam a esquerda, então., tudo está conforme esperado... próxima fase é se apropriaram das almas dos chilenos.', 'textOriginal': 'Esses magnatas internacionais, através dos seus fundos, patrocinam a esquerda, então., tudo está conforme esperado... próxima fase é se apropriaram das almas dos chilenos.', 'authorDisplayName': 'Sidney Carvalho', 'authorProfileImageUrl': 'https://yt3.ggpht.com/ytc/AGIKgqOO6J4W6jx0pqTFp4xb9MrxWPilPqKCte9alA3koA=s48-c-k-c0x00ffffff-no-rj', 'authorChannelUrl': 'http://www.youtube.com/channel/UCCdOx7cCo3oaDbPhv3OzqtA', 'authorChannelId': {'value': 'UCCdOx7cCo3oaDbPhv3OzqtA'}, 'canRate': True, 'viewerRating': 'none', 'likeCount': 0, 'publishedAt': '2022-10-21T13:24:00Z', 'updatedAt': '2022-10-21T13:24:00Z'}}, 'canReply': True, 'totalReplyCount': 0, 'isPublic': True}",,UCCdOx7cCo3oaDbPhv3OzqtA,2022-10-21T13:24:00Z,"Esses magnatas internacionais, através dos seus fundos, patrocinam a esquerda, então., tudo está conforme esperado... próxima fase é se apropriaram das almas dos chilenos.",QURTSl9pM1VWWGpQYW9WVXZqTll4NDF6RmNFb00xVU1SVkY5V0VmdUppXzM4bFZNRGZJWEM3cUZ3VGdmVnYyOG5WMkZJQVVwV2FleUdxNA==,2023-06-09 05:42:49.519558
youtube#commentThread,i67VedEp28tj-eZ-SWqQzPWizg0,UgwNh19cAfN48Pj5mBJ4AaABAg,"{'videoId': 'SFubem2H08c', 'topLevelComment': {'kind': 'youtube#comment', 'etag': 'z0K5V-YEuHTv85U1SNO1bwPK7-M', 'id': 'UgwNh19cAfN48Pj5mBJ4AaABAg', 'snippet': {'videoId': 'SFubem2H08c', 'textDisplay': 'Os DRAGÕES de APARECIDA,  cnbb, VÃO a venezuela comer lixo, vao passar fome co os pobres. VAI nada ! Vai deixar de comer picanha! NÃO  falsos.', 'textOriginal': 'Os DRAGÕES de APARECIDA,  cnbb, VÃO a venezuela comer lixo, vao passar fome co os pobres. VAI nada ! Vai deixar de comer picanha! NÃO  falsos.', 'authorDisplayName': 'Aparecido José Silva', 'authorProfileImageUrl': 'https://yt3.ggpht.com/ytc/AGIKgqMNgpCagtLED5XlyWIjf8bsTnC1H8alSxpiCQ=s48-c-k-c0x00ffffff-no-rj', 'authorChannelUrl': 'http://www.youtube.com/channel/UCVdwQQM8u6SBlmqlGBq3P-w', 'authorChannelId': {'value': 'UCVdwQQM8u6SBlmqlGBq3P-w'}, 'canRate': True, 'viewerRating': 'none', 'likeCount': 0, 'publishedAt': '2022-10-21T13:19:33Z', 'updatedAt': '2022-10-21T13:19:33Z'}}, 'canReply': True, 'totalReplyCount': 0, 'isPublic': True}",,UCVdwQQM8u6SBlmqlGBq3P-w,2022-10-21T13:19:33Z,"Os DRAGÕES de APARECIDA,  cnbb, VÃO a venezuela comer lixo, vao passar fome co os pobres. VAI nada ! Vai deixar de comer picanha! NÃO  falsos.",QURTSl9pM1VWWGpQYW9WVXZqTll4NDF6RmNFb00xVU1SVkY5V0VmdUppXzM4bFZNRGZJWEM3cUZ3VGdmVnYyOG5WMkZJQVVwV2FleUdxNA==,2023-06-09 05:42:49.519558
youtube#commentThread,wjS3VbjnKzsQF39PH2sRo2fqhrs,UgxZdFVQFQJBsRMfzoh4AaABAg,"{'videoId': 'SFubem2H08c', 'topLevelComment': {'kind': 'youtube#comment', 'etag': 'rsW6TQsDpYNBnDFWEhjRyya3sew', 'id': 'UgxZdFVQFQJBsRMfzoh4AaABAg', 'snippet': {'videoId': 'SFubem2H08c', 'textDisplay': 'A caminho do caos assim como os hermanos da Argentina, que o Brasil acorde em tempos e dia 30 1️⃣0️⃣   2️⃣2️⃣🇧🇷🇧🇷🇧🇷🇧🇷', 'textOriginal': 'A caminho do caos assim como os hermanos da Argentina, que o Brasil acorde em tempos e dia 30 1️⃣0️⃣   2️⃣2️⃣🇧🇷🇧🇷🇧🇷🇧🇷', 'authorDisplayName': 'Fernando Calou', 'authorProfileImageUrl': 'https://yt3.ggpht.com/ytc/AGIKgqNn68ZKvW29bKshnN3zd-ZESX0rPtqQ9akY2A=s48-c-k-c0x00ffffff-no-rj', 'authorChannelUrl': 'http://www.youtube.com/channel/UC_FqaGegpItCc0j-gjg3T0g', 'authorChannelId': {'value': 'UC_FqaGegpItCc0j-gjg3T0g'}, 'canRate': True, 'viewerRating': 'none', 'likeCount': 1, 'publishedAt': '2022-10-21T12:35:48Z', 'updatedAt': '2022-10-21T12:35:48Z'}}, 'canReply': True, 'totalReplyCount': 0, 'isPublic': True}",,UC_FqaGegpItCc0j-gjg3T0g,2022-10-21T12:35:48Z,"A caminho do caos assim como os hermanos da Argentina, que o Brasil acorde em tempos e dia 30 1️⃣0️⃣   2️⃣2️⃣🇧🇷🇧🇷🇧🇷🇧🇷",QURTSl9pM1VWWGpQYW9WVXZqTll4NDF6RmNFb00xVU1SVkY5V0VmdUppXzM4bFZNRGZJWEM3cUZ3VGdmVnYyOG5WMkZJQVVwV2FleUdxNA==,2023-06-09 05:42:49.519558
youtube#commentThread,cfV4UI2Idhbzxllfsb_JdvYSV14,UgyBFMsHYS-JBBjmBj54AaABAg,"{'videoId': 'SFubem2H08c', 'topLevelComment': {'kind': 'youtube#comment', 'etag': 'B-6VovIbSQWFQfB658CF5UJL6_0', 'id': 'UgyBFMsHYS-JBBjmBj54AaABAg', 'snippet': {'videoId': 'SFubem2H08c', 'textDisplay': 'Com a esquerda no poder a america latina vai virar uma india,ou nova africa.<br>Pobreza crescendo absurdamente.', 'textOriginal': 'Com a esquerda no poder a america latina vai virar uma india,ou nova africa.\\nPobreza crescendo absurdamente.', 'authorDisplayName': 'Rodrigo Reis', 'authorProfileImageUrl': 'https://yt3.ggpht.com/ytc/AGIKgqMcXoasxguCsnnmD0lMdl7HimSQmDRH-qXH3QaY=s48-c-k-c0x00ffffff-no-rj', 'authorChannelUrl': 'http://www.youtube.com/channel/UCXk58dbor47sG5stxDZM0DA', 'authorChannelId': {'value': 'UCXk58dbor47sG5stxDZM0DA'}, 'canRate': True, 'viewerRating': 'none', 'likeCount': 0, 'publishedAt': '2022-10-21T12:21:08Z', 'updatedAt': '2022-10-21T12:21:08Z'}}, 'canReply': True, 'totalReplyCount': 0, 'isPublic': True}",,UCXk58dbor47sG5stxDZM0DA,2022-10-21T12:21:08Z,"Com a esquerda no poder a america latina vai virar uma india,ou nova africa.
Pobreza crescendo absurdamente.",QURTSl9pM1VWWGpQYW9WVXZqTll4NDF6RmNFb00xVU1SVkY5V0VmdUppXzM4bFZNRGZJWEM3cUZ3VGdmVnYyOG5WMkZJQVVwV2FleUdxNA==,2023-06-09 05:42:49.519558
youtube#commentThread,I6A4AJ73fq2mrcA3qFMYcE9HFuk,UgwhLSvJsd4LdVkv_fx4AaABAg,"{'videoId': 'SFubem2H08c', 'topLevelComment': {'kind': 'youtube#comment', 'etag': 'j4I9ZI4YzqF4XgzaFhmfLxndNWw', 'id': 'UgwhLSvJsd4LdVkv_fx4AaABAg', 'snippet': {'videoId': 'SFubem2H08c', 'textDisplay': 'Olha o que nos espera se o molusco voltar.', 'textOriginal': 'Olha o que nos espera se o molusco voltar.', 'authorDisplayName': 'Paulo Santos', 'authorProfileImageUrl': 'https://yt3.ggpht.com/ytc/AGIKgqP2ZRQ-AVH9NVgJqv6xIm26TuqBosoDQ3Gs=s48-c-k-c0x00ffffff-no-rj', 'authorChannelUrl': 'http://www.youtube.com/channel/UCmZbaY9inDERnrFUmnmVvYw', 'authorChannelId': {'value': 'UCmZbaY9inDERnrFUmnmVvYw'}, 'canRate': True, 'viewerRating': 'none', 'likeCount': 1, 'publishedAt': '2022-10-21T11:36:24Z', 'updatedAt': '2022-10-21T11:36:24Z'}}, 'canReply': True, 'totalReplyCount': 0, 'isPublic': True}",,UCmZbaY9inDERnrFUmnmVvYw,2022-10-21T11:36:24Z,Olha o que nos espera se o molusco voltar.,QURTSl9pM1VWWGpQYW9WVXZqTll4NDF6RmNFb00xVU1SVkY5V0VmdUppXzM4bFZNRGZJWEM3cUZ3VGdmVnYyOG5WMkZJQVVwV2FleUdxNA==,2023-06-09 05:42:49.519558
youtube#commentThread,Ho6FltX7El9VlrSn4XIQpd9-XaY,UgwMqejZHAf9x3GOKIF4AaABAg,"{'videoId': 'SFubem2H08c', 'topLevelComment': {'kind': 'youtube#comment', 'etag': 'kzC_-Myq8upd1_IITxDMNnXeCEA', 'id': 'UgwMqejZHAf9x3GOKIF4AaABAg', 'snippet': {'videoId': 'SFubem2H08c', 'textDisplay': 'O povo Chileno vai pagar o preço por conta da sua negligência.', 'textOriginal': 'O povo Chileno vai pagar o preço por conta da sua negligência.', 'authorDisplayName': 'val washington', 'authorProfileImageUrl': 'https://yt3.ggpht.com/ytc/AGIKgqNxdxRm-wt9kkULYKOLWLcpCMTrU8mPBjGDRA=s48-c-k-c0x00ffffff-no-rj', 'authorChannelUrl': 'http://www.youtube.com/channel/UCQLZv72a6qM5LE358jeu_ww', 'authorChannelId': {'value': 'UCQLZv72a6qM5LE358jeu_ww'}, 'canRate': True, 'viewerRating': 'none', 'likeCount': 0, 'publishedAt': '2022-10-21T11:25:48Z', 'updatedAt': '2022-10-21T11:25:48Z'}}, 'canReply': True, 'totalReplyCount': 0, 'isPublic': True}",,UCQLZv72a6qM5LE358jeu_ww,2022-10-21T11:25:48Z,O povo Chileno vai pagar o preço por conta da sua negligência.,QURTSl9pM1VWWGpQYW9WVXZqTll4NDF6RmNFb00xVU1SVkY5V0VmdUppXzM4bFZNRGZJWEM3cUZ3VGdmVnYyOG5WMkZJQVVwV2FleUdxNA==,2023-06-09 05:42:49.519558
youtube#commentThread,9NClemQ85hBrI8YC9e-gvqh0Uxc,UgxfZsU8mbi27L8swZd4AaABAg,"{'videoId': 'SFubem2H08c', 'topLevelComment': {'kind': 'youtube#comment', 'etag': '13HMH0LaNLd55ihQBLkdoMSdTDk', 'id': 'UgxfZsU8mbi27L8swZd4AaABAg', 'snippet': {'videoId': 'SFubem2H08c', 'textDisplay': 'se o Lula fosse eleito (não vai ser) o Brasil iria para o mesmo caminho do desastre (sem picanha e cerveja)  kkkkkkk', 'textOriginal': 'se o Lula fosse eleito (não vai ser) o Brasil iria para o mesmo caminho do desastre (sem picanha e cerveja)  kkkkkkk', 'authorDisplayName': 'Rudinei Pelozo', 'authorProfileImageUrl': 'https://yt3.ggpht.com/ytc/AGIKgqO7Q4G6SCJYBn3chPdnJClQaAphwEJD6kzZlw=s48-c-k-c0x00ffffff-no-rj', 'authorChannelUrl': 'http://www.youtube.com/channel/UCf3GwA8BHnvBHwTxJTuwteQ', 'authorChannelId': {'value': 'UCf3GwA8BHnvBHwTxJTuwteQ'}, 'canRate': True, 'viewerRating': 'none', 'likeCount': 0, 'publishedAt': '2022-10-21T11:04:08Z', 'updatedAt': '2022-10-21T11:04:08Z'}}, 'canReply': True, 'totalReplyCount': 0, 'isPublic': True}",,UCf3GwA8BHnvBHwTxJTuwteQ,2022-10-21T11:04:08Z,se o Lula fosse eleito (não vai ser) o Brasil iria para o mesmo caminho do desastre (sem picanha e cerveja)  kkkkkkk,QURTSl9pM1VWWGpQYW9WVXZqTll4NDF6RmNFb00xVU1SVkY5V0VmdUppXzM4bFZNRGZJWEM3cUZ3VGdmVnYyOG5WMkZJQVVwV2FleUdxNA==,2023-06-09 05:42:49.519558
youtube#commentThread,Fu-kT7jAh4LP14Ex_lUWtyvoCNE,UgyJKvcDbBB8aoac6gF4AaABAg,"{'videoId': 'SFubem2H08c', 'topLevelComment': {'kind': 'youtube#comment', 'etag': 'ysn6ZW-gfpZwRe4wf1AdVtnMEXE', 'id': 'UgyJKvcDbBB8aoac6gF4AaABAg', 'snippet': {'videoId': 'SFubem2H08c', 'textDisplay': 'Não adianta, Brasil tem muita gente inútil, que detém uma defasagem de neurônios.', 'textOriginal': 'Não adianta, Brasil tem muita gente inútil, que detém uma defasagem de neurônios.', 'authorDisplayName': 'Rodrigo Mendes da Silva', 'authorProfileImageUrl': 'https://yt3.ggpht.com/ytc/AGIKgqMt-rrIUQ50Dfg2Z_CLVL9-lNodoMXUureQXQ=s48-c-k-c0x00ffffff-no-rj', 'authorChannelUrl': 'http://www.youtube.com/channel/UCWys6Az0eTI2gqllw61Q1vQ', 'authorChannelId': {'value': 'UCWys6Az0eTI2gqllw61Q1vQ'}, 'canRate': True, 'viewerRating': 'none', 'likeCount': 0, 'publishedAt': '2022-10-21T10:19:42Z', 'updatedAt': '2022-10-21T10:19:42Z'}}, 'canReply': True, 'totalReplyCount': 0, 'isPublic': True}",,UCWys6Az0eTI2gqllw61Q1vQ,2022-10-21T10:19:42Z,"Não adianta, Brasil tem muita gente inútil, que detém uma defasagem de neurônios.",QURTSl9pM1VWWGpQYW9WVXZqTll4NDF6RmNFb00xVU1SVkY5V0VmdUppXzM4bFZNRGZJWEM3cUZ3VGdmVnYyOG5WMkZJQVVwV2FleUdxNA==,2023-06-09 05:42:49.519558
youtube#commentThread,WiYAXQv0SODUBOvQSQSnKQanHU0,UgygGDEXOghWW7t8iul4AaABAg,"{'videoId': 'SFubem2H08c', 'topLevelComment': {'kind': 'youtube#comment', 'etag': 'b2ItaM2jnl090DJwBIwtfS-RI4s', 'id': 'UgygGDEXOghWW7t8iul4AaABAg', 'snippet': {'videoId': 'SFubem2H08c', 'textDisplay': 'Como o povo venezuelano vai dormir tranquilo de barriga vazia', 'textOriginal': 'Como o povo venezuelano vai dormir tranquilo de barriga vazia', 'authorDisplayName': 'Daniel Pereira', 'authorProfileImageUrl': 'https://yt3.ggpht.com/ytc/AGIKgqOKb5cDXG7zSg6J1LMLfXf_55rgvoncOzlGsNn1=s48-c-k-c0x00ffffff-no-rj', 'authorChannelUrl': 'http://www.youtube.com/channel/UCDX6Ekcdj7JLWXRau3MDKIA', 'authorChannelId': {'value': 'UCDX6Ekcdj7JLWXRau3MDKIA'}, 'canRate': True, 'viewerRating': 'none', 'likeCount': 0, 'publishedAt': '2022-10-21T09:36:21Z', 'updatedAt': '2022-10-21T09:36:21Z'}}, 'canReply': True, 'totalReplyCount': 0, 'isPublic': True}",,UCDX6Ekcdj7JLWXRau3MDKIA,2022-10-21T09:36:21Z,Como o povo venezuelano vai dormir tranquilo de barriga vazia,QURTSl9pM1VWWGpQYW9WVXZqTll4NDF6RmNFb00xVU1SVkY5V0VmdUppXzM4bFZNRGZJWEM3cUZ3VGdmVnYyOG5WMkZJQVVwV2FleUdxNA==,2023-06-09 05:42:49.519558
youtube#commentThread,89thgKzg6oEJXvuhFApLJQyLS6E,Ugx93ZzPTCaaRew8CDN4AaABAg,"{'videoId': 'SFubem2H08c', 'topLevelComment': {'kind': 'youtube#comment', 'etag': 'vPuORCEfW8q6ZT-KTSb2Gxb4J_k', 'id': 'Ugx93ZzPTCaaRew8CDN4AaABAg', 'snippet': {'videoId': 'SFubem2H08c', 'textDisplay': 'Vou fazer minha parte , por exemplo na minha família tem algumas pessoas que não votou no primeiro turno, eu estou conversando com elas e as convencendo a ir votar no segundo turno. Se cada um de nós  conseguir convencer pelo menos UMA pessoa que não votou, a votar no agora no segundo turno e nos ajudar, multiplicando pela multidão que somos. Fará uma grande diferença. E claro orar sem cessar pois Deus é poderoso🙌', 'textOriginal': 'Vou fazer minha parte , por exemplo na minha família tem algumas pessoas que não votou no primeiro turno, eu estou conversando com elas e as convencendo a ir votar no segundo turno. Se cada um de nós  conseguir convencer pelo menos UMA pessoa que não votou, a votar no agora no segundo turno e nos ajudar, multiplicando pela multidão que somos. Fará uma grande diferença. E claro orar sem cessar pois Deus é poderoso🙌', 'authorDisplayName': 'Gabriela Santos', 'authorProfileImageUrl': 'https://yt3.ggpht.com/ytc/AGIKgqMyIen6TWHSmZZQ3iAtvwpQ0JOSfTYzGWUJjA=s48-c-k-c0x00ffffff-no-rj', 'authorChannelUrl': 'http://www.youtube.com/channel/UC7-SjPJ2xyjL7m8ENDD8i7g', 'authorChannelId': {'value': 'UC7-SjPJ2xyjL7m8ENDD8i7g'}, 'canRate': True, 'viewerRating': 'none', 'likeCount': 0, 'publishedAt': '2022-10-21T09:01:35Z', 'updatedAt': '2022-10-21T09:01:35Z'}}, 'canReply': True, 'totalReplyCount': 0, 'isPublic': True}",,UC7-SjPJ2xyjL7m8ENDD8i7g,2022-10-21T09:01:35Z,"Vou fazer minha parte , por exemplo na minha família tem algumas pessoas que não votou no primeiro turno, eu estou conversando com elas e as convencendo a ir votar no segundo turno. Se cada um de nós  conseguir convencer pelo menos UMA pessoa que não votou, a votar no agora no segundo turno e nos ajudar, multiplicando pela multidão que somos. Fará uma grande diferença. E claro orar sem cessar pois Deus é poderoso🙌",QURTSl9pM1VWWGpQYW9WVXZqTll4NDF6RmNFb00xVU1SVkY5V0VmdUppXzM4bFZNRGZJWEM3cUZ3VGdmVnYyOG5WMkZJQVVwV2FleUdxNA==,2023-06-09 05:42:49.519558
youtube#commentThread,qLkVhmXDPAUzUzeHsMbT273qbwo,UgwVjL8-5B7KZbpd8gx4AaABAg,"{'videoId': 'SFubem2H08c', 'topLevelComment': {'kind': 'youtube#comment', 'etag': 'CUAug9GR_kPSYXPZUldr78MRp94', 'id': 'UgwVjL8-5B7KZbpd8gx4AaABAg', 'snippet': {'videoId': 'SFubem2H08c', 'textDisplay': 'Simone Tablet pede pra usar branco kkk', 'textOriginal': 'Simone Tablet pede pra usar branco kkk', 'authorDisplayName': 'Auricelia Sousa Nobre', 'authorProfileImageUrl': 'https://yt3.ggpht.com/ytc/AGIKgqPRJd0rQGCdUOyFFPCxAmbPvaFWfrwrrtJ63A=s48-c-k-c0x00ffffff-no-rj', 'authorChannelUrl': 'http://www.youtube.com/channel/UC7IfJ6p6aFCPR2t_z8RQS9w', 'authorChannelId': {'value': 'UC7IfJ6p6aFCPR2t_z8RQS9w'}, 'canRate': True, 'viewerRating': 'none', 'likeCount': 1, 'publishedAt': '2022-10-21T08:53:20Z', 'updatedAt': '2022-10-21T08:53:20Z'}}, 'canReply': True, 'totalReplyCount': 0, 'isPublic': True}",,UC7IfJ6p6aFCPR2t_z8RQS9w,2022-10-21T08:53:20Z,Simone Tablet pede pra usar branco kkk,QURTSl9pM1VWWGpQYW9WVXZqTll4NDF6RmNFb00xVU1SVkY5V0VmdUppXzM4bFZNRGZJWEM3cUZ3VGdmVnYyOG5WMkZJQVVwV2FleUdxNA==,2023-06-09 05:42:49.519558
youtube#commentThread,sH6cVtkSsHXmh89DnyuDLi2q5xs,Ugzk-s5y1R9-FT9KhBJ4AaABAg,"{'videoId': 'SFubem2H08c', 'topLevelComment': {'kind': 'youtube#comment', 'etag': '83hgo1umzkAkQrdo7Lzdi5_CG1o', 'id': 'Ugzk-s5y1R9-FT9KhBJ4AaABAg', 'snippet': {'videoId': 'SFubem2H08c', 'textDisplay': 'Os burros querem isso pro Brasil, como pode', 'textOriginal': 'Os burros querem isso pro Brasil, como pode', 'authorDisplayName': 'Rafael Sousa', 'authorProfileImageUrl': 'https://yt3.ggpht.com/ytc/AGIKgqO6LbpI765WWrzt5j1-mF9xnLXy1wOKTSERndAsVAHHJyLlU3aUg1fnL-AqjeOq=s48-c-k-c0x00ffffff-no-rj', 'authorChannelUrl': 'http://www.youtube.com/channel/UCwK3awI4PaSPWmqjnAFAelA', 'authorChannelId': {'value': 'UCwK3awI4PaSPWmqjnAFAelA'}, 'canRate': True, 'viewerRating': 'none', 'likeCount': 0, 'publishedAt': '2022-10-21T08:18:22Z', 'updatedAt': '2022-10-21T08:18:22Z'}}, 'canReply': True, 'totalReplyCount': 0, 'isPublic': True}",,UCwK3awI4PaSPWmqjnAFAelA,2022-10-21T08:18:22Z,"Os burros querem isso pro Brasil, como pode",QURTSl9pM1VWWGpQYW9WVXZqTll4NDF6RmNFb00xVU1SVkY5V0VmdUppXzM4bFZNRGZJWEM3cUZ3VGdmVnYyOG5WMkZJQVVwV2FleUdxNA==,2023-06-09 05:42:49.519558
youtube#commentThread,ZWRUSg2cJ-CKzz0dJuiTeReb2Es,Ugz7aLKJiQqzbdjrbzZ4AaABAg,"{'videoId': 'SFubem2H08c', 'topLevelComment': {'kind': 'youtube#comment', 'etag': 'bK04FOiur6oVqqW9kIgdhAfnPdU', 'id': 'Ugz7aLKJiQqzbdjrbzZ4AaABAg', 'snippet': {'videoId': 'SFubem2H08c', 'textDisplay': 'EXIGIMOS 💪🇧🇷😎  ( 2°)Turno Com Voto Em cédula de Papel,,Contagem dos VOTOS Pública .', 'textOriginal': 'EXIGIMOS 💪🇧🇷😎  ( 2°)Turno Com Voto Em cédula de Papel,,Contagem dos VOTOS Pública .', 'authorDisplayName': 'Paulo Silva', 'authorProfileImageUrl': 'https://yt3.ggpht.com/ytc/AGIKgqNpfyI5S-jAHsvoRNpSjxMoglX8Pw-uMpsH_Q=s48-c-k-c0x00ffffff-no-rj', 'authorChannelUrl': 'http://www.youtube.com/channel/UCPWCRU0-RnB_WzNryjCkwDg', 'authorChannelId': {'value': 'UCPWCRU0-RnB_WzNryjCkwDg'}, 'canRate': True, 'viewerRating': 'none', 'likeCount': 0, 'publishedAt': '2022-10-21T07:07:19Z', 'updatedAt': '2022-10-21T07:07:19Z'}}, 'canReply': True, 'totalReplyCount': 0, 'isPublic': True}",,UCPWCRU0-RnB_WzNryjCkwDg,2022-10-21T07:07:19Z,"EXIGIMOS 💪🇧🇷😎  ( 2°)Turno Com Voto Em cédula de Papel,,Contagem dos VOTOS Pública .",QURTSl9pM0JhSzZRMVpOZTJEYmlEalp0OHRtYmY5bUROMmlWcWZnQkVQcE0xYmNwNVdBY0NxYzhJWjNFNjZiRkhNakpYcFAyTGE0WHFDWQ==,2023-06-09 05:42:50.357620
youtube#commentThread,JZ_L4nvJPEBJdl0za8nRoxYuPYo,Ugy1QSYJFwpEMQhiVxV4AaABAg,"{'videoId': 'SFubem2H08c', 'topLevelComment': {'kind': 'youtube#comment', 'etag': 'wTEWBe5FYyUqaDqZdsgUdq9lxYw', 'id': 'Ugy1QSYJFwpEMQhiVxV4AaABAg', 'snippet': {'videoId': 'SFubem2H08c', 'textDisplay': 'EXIGIMOS 💪🇧🇷😎  ( 2°)Turno Com Voto Em cédula de Papel,,Contagem dos VOTOS Pública .', 'textOriginal': 'EXIGIMOS 💪🇧🇷😎  ( 2°)Turno Com Voto Em cédula de Papel,,Contagem dos VOTOS Pública .', 'authorDisplayName': 'Paulo Silva', 'authorProfileImageUrl': 'https://yt3.ggpht.com/ytc/AGIKgqNpfyI5S-jAHsvoRNpSjxMoglX8Pw-uMpsH_Q=s48-c-k-c0x00ffffff-no-rj', 'authorChannelUrl': 'http://www.youtube.com/channel/UCPWCRU0-RnB_WzNryjCkwDg', 'authorChannelId': {'value': 'UCPWCRU0-RnB_WzNryjCkwDg'}, 'canRate': True, 'viewerRating': 'none', 'likeCount': 0, 'publishedAt': '2022-10-21T07:07:15Z', 'updatedAt': '2022-10-21T07:07:15Z'}}, 'canReply': True, 'totalReplyCount': 0, 'isPublic': True}",,UCPWCRU0-RnB_WzNryjCkwDg,2022-10-21T07:07:15Z,"EXIGIMOS 💪🇧🇷😎  ( 2°)Turno Com Voto Em cédula de Papel,,Contagem dos VOTOS Pública .",QURTSl9pM0JhSzZRMVpOZTJEYmlEalp0OHRtYmY5bUROMmlWcWZnQkVQcE0xYmNwNVdBY0NxYzhJWjNFNjZiRkhNakpYcFAyTGE0WHFDWQ==,2023-06-09 05:42:50.357620
youtube#commentThread,HqGuL84Do5OSQOj1an3wsmAQX14,Ugz4rsvxXs0kt5rK1ed4AaABAg,"{'videoId': 'SFubem2H08c', 'topLevelComment': {'kind': 'youtube#comment', 'etag': 'b2tm8DE5KV9Iko6ZNlraYPEPqaw', 'id': 'Ugz4rsvxXs0kt5rK1ed4AaABAg', 'snippet': {'videoId': 'SFubem2H08c', 'textDisplay': 'EXIGIMOS 💪🇧🇷😎  ( 2°)Turno Com Voto Em cédula de Papel,,Contagem dos VOTOS Pública .', 'textOriginal': 'EXIGIMOS 💪🇧🇷😎  ( 2°)Turno Com Voto Em cédula de Papel,,Contagem dos VOTOS Pública .', 'authorDisplayName': 'Paulo Silva', 'authorProfileImageUrl': 'https://yt3.ggpht.com/ytc/AGIKgqNpfyI5S-jAHsvoRNpSjxMoglX8Pw-uMpsH_Q=s48-c-k-c0x00ffffff-no-rj', 'authorChannelUrl': 'http://www.youtube.com/channel/UCPWCRU0-RnB_WzNryjCkwDg', 'authorChannelId': {'value': 'UCPWCRU0-RnB_WzNryjCkwDg'}, 'canRate': True, 'viewerRating': 'none', 'likeCount': 0, 'publishedAt': '2022-10-21T07:07:07Z', 'updatedAt': '2022-10-21T07:07:07Z'}}, 'canReply': True, 'totalReplyCount': 0, 'isPublic': True}",,UCPWCRU0-RnB_WzNryjCkwDg,2022-10-21T07:07:07Z,"EXIGIMOS 💪🇧🇷😎  ( 2°)Turno Com Voto Em cédula de Papel,,Contagem dos VOTOS Pública .",QURTSl9pM0JhSzZRMVpOZTJEYmlEalp0OHRtYmY5bUROMmlWcWZnQkVQcE0xYmNwNVdBY0NxYzhJWjNFNjZiRkhNakpYcFAyTGE0WHFDWQ==,2023-06-09 05:42:50.357620
youtube#commentThread,naORNwF1EoTGthlz3r--kzmOwzs,UgzZx2Uk2JZJB9XsMip4AaABAg,"{'videoId': 'SFubem2H08c', 'topLevelComment': {'kind': 'youtube#comment', 'etag': 'dV8_3YSVsqDZMvwPhJfrwhekNnI', 'id': 'UgzZx2Uk2JZJB9XsMip4AaABAg', 'snippet': {'videoId': 'SFubem2H08c', 'textDisplay': 'EXIGIMOS 💪🇧🇷😎  ( 2°)Turno Com Voto Em cédula de Papel,,Contagem dos VOTOS Pública .', 'textOriginal': 'EXIGIMOS 💪🇧🇷😎  ( 2°)Turno Com Voto Em cédula de Papel,,Contagem dos VOTOS Pública .', 'authorDisplayName': 'Paulo Silva', 'authorProfileImageUrl': 'https://yt3.ggpht.com/ytc/AGIKgqNpfyI5S-jAHsvoRNpSjxMoglX8Pw-uMpsH_Q=s48-c-k-c0x00ffffff-no-rj', 'authorChannelUrl': 'http://www.youtube.com/channel/UCPWCRU0-RnB_WzNryjCkwDg', 'authorChannelId': {'value': 'UCPWCRU0-RnB_WzNryjCkwDg'}, 'canRate': True, 'viewerRating': 'none', 'likeCount': 0, 'publishedAt': '2022-10-21T07:07:02Z', 'updatedAt': '2022-10-21T07:07:02Z'}}, 'canReply': True, 'totalReplyCount': 0, 'isPublic': True}",,UCPWCRU0-RnB_WzNryjCkwDg,2022-10-21T07:07:02Z,"EXIGIMOS 💪🇧🇷😎  ( 2°)Turno Com Voto Em cédula de Papel,,Contagem dos VOTOS Pública .",QURTSl9pM0JhSzZRMVpOZTJEYmlEalp0OHRtYmY5bUROMmlWcWZnQkVQcE0xYmNwNVdBY0NxYzhJWjNFNjZiRkhNakpYcFAyTGE0WHFDWQ==,2023-06-09 05:42:50.357620
youtube#commentThread,1J1jbSBd1YFyk_K4ssdG7236jYY,UgzPuLpO2itKG5zRx7p4AaABAg,"{'videoId': 'SFubem2H08c', 'topLevelComment': {'kind': 'youtube#comment', 'etag': 'Z-WlZaY3dXVBOdPabUa4suITKeU', 'id': 'UgzPuLpO2itKG5zRx7p4AaABAg', 'snippet': {'videoId': 'SFubem2H08c', 'textDisplay': 'EXIGIMOS 💪🇧🇷😎  ( 2°)Turno Com Voto Em cédula de Papel,,Contagem dos VOTOS Pública .', 'textOriginal': 'EXIGIMOS 💪🇧🇷😎  ( 2°)Turno Com Voto Em cédula de Papel,,Contagem dos VOTOS Pública .', 'authorDisplayName': 'Paulo Silva', 'authorProfileImageUrl': 'https://yt3.ggpht.com/ytc/AGIKgqNpfyI5S-jAHsvoRNpSjxMoglX8Pw-uMpsH_Q=s48-c-k-c0x00ffffff-no-rj', 'authorChannelUrl': 'http://www.youtube.com/channel/UCPWCRU0-RnB_WzNryjCkwDg', 'authorChannelId': {'value': 'UCPWCRU0-RnB_WzNryjCkwDg'}, 'canRate': True, 'viewerRating': 'none', 'likeCount': 0, 'publishedAt': '2022-10-21T07:06:58Z', 'updatedAt': '2022-10-21T07:06:58Z'}}, 'canReply': True, 'totalReplyCount': 0, 'isPublic': True}",,UCPWCRU0-RnB_WzNryjCkwDg,2022-10-21T07:06:58Z,"EXIGIMOS 💪🇧🇷😎  ( 2°)Turno Com Voto Em cédula de Papel,,Contagem dos VOTOS Pública .",QURTSl9pM0JhSzZRMVpOZTJEYmlEalp0OHRtYmY5bUROMmlWcWZnQkVQcE0xYmNwNVdBY0NxYzhJWjNFNjZiRkhNakpYcFAyTGE0WHFDWQ==,2023-06-09 05:42:50.357620
youtube#commentThread,KnykkSjkO_JyqTVEXCuVHeVw4ds,Ugwna6PspikaeX6iDm54AaABAg,"{'videoId': 'SFubem2H08c', 'topLevelComment': {'kind': 'youtube#comment', 'etag': 'QQUtYc-Zk9a6qyexSvduFrFEOzU', 'id': 'Ugwna6PspikaeX6iDm54AaABAg', 'snippet': {'videoId': 'SFubem2H08c', 'textDisplay': 'EXIGIMOS 💪🇧🇷😎  ( 2°)Turno Com Voto Em cédula de Papel,,Contagem dos VOTOS Pública .', 'textOriginal': 'EXIGIMOS 💪🇧🇷😎  ( 2°)Turno Com Voto Em cédula de Papel,,Contagem dos VOTOS Pública .', 'authorDisplayName': 'Paulo Silva', 'authorProfileImageUrl': 'https://yt3.ggpht.com/ytc/AGIKgqNpfyI5S-jAHsvoRNpSjxMoglX8Pw-uMpsH_Q=s48-c-k-c0x00ffffff-no-rj', 'authorChannelUrl': 'http://www.youtube.com/channel/UCPWCRU0-RnB_WzNryjCkwDg', 'authorChannelId': {'value': 'UCPWCRU0-RnB_WzNryjCkwDg'}, 'canRate': True, 'viewerRating': 'none', 'likeCount': 0, 'publishedAt': '2022-10-21T07:06:54Z', 'updatedAt': '2022-10-21T07:06:54Z'}}, 'canReply': True, 'totalReplyCount': 0, 'isPublic': True}",,UCPWCRU0-RnB_WzNryjCkwDg,2022-10-21T07:06:54Z,"EXIGIMOS 💪🇧🇷😎  ( 2°)Turno Com Voto Em cédula de Papel,,Contagem dos VOTOS Pública .",QURTSl9pM0JhSzZRMVpOZTJEYmlEalp0OHRtYmY5bUROMmlWcWZnQkVQcE0xYmNwNVdBY0NxYzhJWjNFNjZiRkhNakpYcFAyTGE0WHFDWQ==,2023-06-09 05:42:50.357620
youtube#commentThread,1P7ZXK33x6glKqnDKrSmB0JwC7Y,UgzsucMATQij2-G4z_94AaABAg,"{'videoId': 'SFubem2H08c', 'topLevelComment': {'kind': 'youtube#comment', 'etag': '2Y2KnsHyo_pEXb9-hXyaJybGavY', 'id': 'UgzsucMATQij2-G4z_94AaABAg', 'snippet': {'videoId': 'SFubem2H08c', 'textDisplay': 'EXIGIMOS 💪🇧🇷😎  ( 2°)Turno Com Voto Em cédula de Papel,,Contagem dos VOTOS Pública .', 'textOriginal': 'EXIGIMOS 💪🇧🇷😎  ( 2°)Turno Com Voto Em cédula de Papel,,Contagem dos VOTOS Pública .', 'authorDisplayName': 'Paulo Silva', 'authorProfileImageUrl': 'https://yt3.ggpht.com/ytc/AGIKgqNpfyI5S-jAHsvoRNpSjxMoglX8Pw-uMpsH_Q=s48-c-k-c0x00ffffff-no-rj', 'authorChannelUrl': 'http://www.youtube.com/channel/UCPWCRU0-RnB_WzNryjCkwDg', 'authorChannelId': {'value': 'UCPWCRU0-RnB_WzNryjCkwDg'}, 'canRate': True, 'viewerRating': 'none', 'likeCount': 0, 'publishedAt': '2022-10-21T07:06:49Z', 'updatedAt': '2022-10-21T07:06:49Z'}}, 'canReply': True, 'totalReplyCount': 0, 'isPublic': True}",,UCPWCRU0-RnB_WzNryjCkwDg,2022-10-21T07:06:49Z,"EXIGIMOS 💪🇧🇷😎  ( 2°)Turno Com Voto Em cédula de Papel,,Contagem dos VOTOS Pública .",QURTSl9pM0JhSzZRMVpOZTJEYmlEalp0OHRtYmY5bUROMmlWcWZnQkVQcE0xYmNwNVdBY0NxYzhJWjNFNjZiRkhNakpYcFAyTGE0WHFDWQ==,2023-06-09 05:42:50.357620
youtube#commentThread,t_FphmMo1FCJDJnfOf9EoLI-SOc,Ugz7z0hWJ7e2hYwKj8B4AaABAg,"{'videoId': 'SFubem2H08c', 'topLevelComment': {'kind': 'youtube#comment', 'etag': '3Lg2Inr2JraA_qrcp-s06nGWngg', 'id': 'Ugz7z0hWJ7e2hYwKj8B4AaABAg', 'snippet': {'videoId': 'SFubem2H08c', 'textDisplay': 'EXIGIMOS 💪🇧🇷😎  ( 2°)Turno Com Voto Em cédula de Papel,,Contagem dos VOTOS Pública .', 'textOriginal': 'EXIGIMOS 💪🇧🇷😎  ( 2°)Turno Com Voto Em cédula de Papel,,Contagem dos VOTOS Pública .', 'authorDisplayName': 'Paulo Silva', 'authorProfileImageUrl': 'https://yt3.ggpht.com/ytc/AGIKgqNpfyI5S-jAHsvoRNpSjxMoglX8Pw-uMpsH_Q=s48-c-k-c0x00ffffff-no-rj', 'authorChannelUrl': 'http://www.youtube.com/channel/UCPWCRU0-RnB_WzNryjCkwDg', 'authorChannelId': {'value': 'UCPWCRU0-RnB_WzNryjCkwDg'}, 'canRate': True, 'viewerRating': 'none', 'likeCount': 0, 'publishedAt': '2022-10-21T07:06:43Z', 'updatedAt': '2022-10-21T07:06:43Z'}}, 'canReply': True, 'totalReplyCount': 0, 'isPublic': True}",,UCPWCRU0-RnB_WzNryjCkwDg,2022-10-21T07:06:43Z,"EXIGIMOS 💪🇧🇷😎  ( 2°)Turno Com Voto Em cédula de Papel,,Contagem dos VOTOS Pública .",QURTSl9pM0JhSzZRMVpOZTJEYmlEalp0OHRtYmY5bUROMmlWcWZnQkVQcE0xYmNwNVdBY0NxYzhJWjNFNjZiRkhNakpYcFAyTGE0WHFDWQ==,2023-06-09 05:42:50.357620
youtube#commentThread,Kg_Gz63iPbTvR46t1kVp8A0H7QI,Ugy1JMsJGb_Cpaa_XkJ4AaABAg,"{'videoId': 'SFubem2H08c', 'topLevelComment': {'kind': 'youtube#comment', 'etag': 'lMzhWX48S5Opg6iQqVg-Y4SM8uY', 'id': 'Ugy1JMsJGb_Cpaa_XkJ4AaABAg', 'snippet': {'videoId': 'SFubem2H08c', 'textDisplay': 'EXIGIMOS 💪🇧🇷😎  ( 2°)Turno Com Voto Em cédula de Papel,,Contagem dos VOTOS Pública .', 'textOriginal': 'EXIGIMOS 💪🇧🇷😎  ( 2°)Turno Com Voto Em cédula de Papel,,Contagem dos VOTOS Pública .', 'authorDisplayName': 'Paulo Silva', 'authorProfileImageUrl': 'https://yt3.ggpht.com/ytc/AGIKgqNpfyI5S-jAHsvoRNpSjxMoglX8Pw-uMpsH_Q=s48-c-k-c0x00ffffff-no-rj', 'authorChannelUrl': 'http://www.youtube.com/channel/UCPWCRU0-RnB_WzNryjCkwDg', 'authorChannelId': {'value': 'UCPWCRU0-RnB_WzNryjCkwDg'}, 'canRate': True, 'viewerRating': 'none', 'likeCount': 0, 'publishedAt': '2022-10-21T07:06:37Z', 'updatedAt': '2022-10-21T07:06:37Z'}}, 'canReply': True, 'totalReplyCount': 0, 'isPublic': True}",,UCPWCRU0-RnB_WzNryjCkwDg,2022-10-21T07:06:37Z,"EXIGIMOS 💪🇧🇷😎  ( 2°)Turno Com Voto Em cédula de Papel,,Contagem dos VOTOS Pública .",QURTSl9pM0JhSzZRMVpOZTJEYmlEalp0OHRtYmY5bUROMmlWcWZnQkVQcE0xYmNwNVdBY0NxYzhJWjNFNjZiRkhNakpYcFAyTGE0WHFDWQ==,2023-06-09 05:42:50.357620
youtube#commentThread,oq9Ue4pCely1B0eTusX_xxLIIIw,Ugy9oeepD6feiqhfbUB4AaABAg,"{'videoId': 'SFubem2H08c', 'topLevelComment': {'kind': 'youtube#comment', 'etag': 'GmDxyzuRF3iyNfIVfc_A4GjSLGc', 'id': 'Ugy9oeepD6feiqhfbUB4AaABAg', 'snippet': {'videoId': 'SFubem2H08c', 'textDisplay': 'Governo de esquerda é arriscadíssimo! Eles igualam o bem e o mal! E tem mais chances de vir ao mal! Até o agressor do Ciro seria melhor que o Lula, esquerdista destruidor!', 'textOriginal': 'Governo de esquerda é arriscadíssimo! Eles igualam o bem e o mal! E tem mais chances de vir ao mal! Até o agressor do Ciro seria melhor que o Lula, esquerdista destruidor!', 'authorDisplayName': 'Pai & Filho Games', 'authorProfileImageUrl': 'https://yt3.ggpht.com/Igvh_Qn9F2BrgmJehuR4E80uxcXcOst_Yxrnevx2S5Op9_0-6bMqE8Lx-e9k59mosOAaKQdbpw=s48-c-k-c0x00ffffff-no-rj', 'authorChannelUrl': 'http://www.youtube.com/channel/UCQmioZZkzYzZPHyJ7LXvzxA', 'authorChannelId': {'value': 'UCQmioZZkzYzZPHyJ7LXvzxA'}, 'canRate': True, 'viewerRating': 'none', 'likeCount': 1, 'publishedAt': '2022-10-21T06:01:11Z', 'updatedAt': '2022-10-21T06:01:11Z'}}, 'canReply': True, 'totalReplyCount': 0, 'isPublic': True}",,UCQmioZZkzYzZPHyJ7LXvzxA,2022-10-21T06:01:11Z,"Governo de esquerda é arriscadíssimo! Eles igualam o bem e o mal! E tem mais chances de vir ao mal! Até o agressor do Ciro seria melhor que o Lula, esquerdista destruidor!",QURTSl9pM0JhSzZRMVpOZTJEYmlEalp0OHRtYmY5bUROMmlWcWZnQkVQcE0xYmNwNVdBY0NxYzhJWjNFNjZiRkhNakpYcFAyTGE0WHFDWQ==,2023-06-09 05:42:50.357620
youtube#commentThread,goQIRRo2XKJrz4VqnLgVarezA0w,Ugwoe1TAO9pMD6wmBh54AaABAg,"{'videoId': 'SFubem2H08c', 'topLevelComment': {'kind': 'youtube#comment', 'etag': 'uYXts7t_MVw5AVMusXxIWY8cYRQ', 'id': 'Ugwoe1TAO9pMD6wmBh54AaABAg', 'snippet': {'videoId': 'SFubem2H08c', 'textDisplay': 'Insanidade é fazer a mesma coisa varias vezes esperando resultados diferentes. Votaram na esquerda na Venezuela, resultado: miseria. Votaram na esquerda na Argentina, resultado: miseria. No Chile: miseria. Agora os loucos no Brasil: vou votar na esquerda, aqui vai ser diferente, nao vai Virar a Venezuela, vai chover picanha... Depois ainda se ofendem se chamamos petistas de burro.', 'textOriginal': 'Insanidade é fazer a mesma coisa varias vezes esperando resultados diferentes. Votaram na esquerda na Venezuela, resultado: miseria. Votaram na esquerda na Argentina, resultado: miseria. No Chile: miseria. Agora os loucos no Brasil: vou votar na esquerda, aqui vai ser diferente, nao vai Virar a Venezuela, vai chover picanha... Depois ainda se ofendem se chamamos petistas de burro.', 'authorDisplayName': 'Brasil usa', 'authorProfileImageUrl': 'https://yt3.ggpht.com/ytc/AGIKgqM0rl5UFLq2w2pUcvd5XLBS5hZ82LhnJdbtpvwDv_CQhEtTbKKZfGQxANTlZkKD=s48-c-k-c0x00ffffff-no-rj', 'authorChannelUrl': 'http://www.youtube.com/channel/UC4ly6OzhR4JRMkzKF-5yoKw', 'authorChannelId': {'value': 'UC4ly6OzhR4JRMkzKF-5yoKw'}, 'canRate': True, 'viewerRating': 'none', 'likeCount': 0, 'publishedAt': '2022-10-21T05:43:48Z', 'updatedAt': '2022-10-21T05:43:48Z'}}, 'canReply': True, 'totalReplyCount': 0, 'isPublic': True}",,UC4ly6OzhR4JRMkzKF-5yoKw,2022-10-21T05:43:48Z,"Insanidade é fazer a mesma coisa varias vezes esperando resultados diferentes. Votaram na esquerda na Venezuela, resultado: miseria. Votaram na esquerda na Argentina, resultado: miseria. No Chile: miseria. Agora os loucos no Brasil: vou votar na esquerda, aqui vai ser diferente, nao vai Virar a Venezuela, vai chover picanha... Depois ainda se ofendem se chamamos petistas de burro.",QURTSl9pM0JhSzZRMVpOZTJEYmlEalp0OHRtYmY5bUROMmlWcWZnQkVQcE0xYmNwNVdBY0NxYzhJWjNFNjZiRkhNakpYcFAyTGE0WHFDWQ==,2023-06-09 05:42:50.357620
youtube#commentThread,A_4Yo-sAiNR30knS0QHmoWjoGqo,Ugy8mz8EKBf28f4SA4F4AaABAg,"{'videoId': 'SFubem2H08c', 'topLevelComment': {'kind': 'youtube#comment', 'etag': 'znynDjv1C3ib7hIFQWwtQeCwtHU', 'id': 'Ugy8mz8EKBf28f4SA4F4AaABAg', 'snippet': {'videoId': 'SFubem2H08c', 'textDisplay': 'Escolheram os malditos comunistas , agora se comam uns aos outros !!! Não viram a bosta feita na Venezuela e Argentina 🤣🤣', 'textOriginal': 'Escolheram os malditos comunistas , agora se comam uns aos outros !!! Não viram a bosta feita na Venezuela e Argentina 🤣🤣', 'authorDisplayName': 'Arlindo Vila Chã', 'authorProfileImageUrl': 'https://yt3.ggpht.com/ytc/AGIKgqNQK3kqK8sB_-1VOwqJD4dFLYq398m9yoNMQA=s48-c-k-c0x00ffffff-no-rj', 'authorChannelUrl': 'http://www.youtube.com/channel/UCYli-Ca0r0oBQ7aKXX24rNQ', 'authorChannelId': {'value': 'UCYli-Ca0r0oBQ7aKXX24rNQ'}, 'canRate': True, 'viewerRating': 'none', 'likeCount': 0, 'publishedAt': '2022-10-21T04:20:35Z', 'updatedAt': '2022-10-21T04:20:35Z'}}, 'canReply': True, 'totalReplyCount': 0, 'isPublic': True}",,UCYli-Ca0r0oBQ7aKXX24rNQ,2022-10-21T04:20:35Z,"Escolheram os malditos comunistas , agora se comam uns aos outros !!! Não viram a bosta feita na Venezuela e Argentina 🤣🤣",QURTSl9pM0JhSzZRMVpOZTJEYmlEalp0OHRtYmY5bUROMmlWcWZnQkVQcE0xYmNwNVdBY0NxYzhJWjNFNjZiRkhNakpYcFAyTGE0WHFDWQ==,2023-06-09 05:42:50.357620
youtube#commentThread,Esg0s7mhttVgLuNKza3dbsDzZQo,UgyM_qyykWOcexa3i7F4AaABAg,"{'videoId': 'SFubem2H08c', 'topLevelComment': {'kind': 'youtube#comment', 'etag': 'ueFSYASJD1FCgGilnSSIOch6biU', 'id': 'UgyM_qyykWOcexa3i7F4AaABAg', 'snippet': {'videoId': 'SFubem2H08c', 'textDisplay': 'Ele venceu a paz foi? Deus que me livre kkkkkkkkkk', 'textOriginal': 'Ele venceu a paz foi? Deus que me livre kkkkkkkkkk', 'authorDisplayName': 'Marina Caires', 'authorProfileImageUrl': 'https://yt3.ggpht.com/FS-RAxnp7tRhRBB-cmWI-HGzj3X_3I2qLdRx5HjFWmOcXNz2IJs9T3hO3iI2I8Br7oNPYn6gBQ=s48-c-k-c0x00ffffff-no-rj', 'authorChannelUrl': 'http://www.youtube.com/channel/UCg__4O8bvj2s6Dz-8Fm1x3w', 'authorChannelId': {'value': 'UCg__4O8bvj2s6Dz-8Fm1x3w'}, 'canRate': True, 'viewerRating': 'none', 'likeCount': 0, 'publishedAt': '2022-10-21T03:56:11Z', 'updatedAt': '2022-10-21T03:56:11Z'}}, 'canReply': True, 'totalReplyCount': 0, 'isPublic': True}",,UCg__4O8bvj2s6Dz-8Fm1x3w,2022-10-21T03:56:11Z,Ele venceu a paz foi? Deus que me livre kkkkkkkkkk,QURTSl9pM0JhSzZRMVpOZTJEYmlEalp0OHRtYmY5bUROMmlWcWZnQkVQcE0xYmNwNVdBY0NxYzhJWjNFNjZiRkhNakpYcFAyTGE0WHFDWQ==,2023-06-09 05:42:50.357620
youtube#commentThread,Rm87_O0_pvo3vC5oZ7wUGruuBw4,UgzibZklNhAOSGpSsnx4AaABAg,"{'videoId': 'SFubem2H08c', 'topLevelComment': {'kind': 'youtube#comment', 'etag': 'sew6xOxhtnOsM0ZmripPZ0D9d8Y', 'id': 'UgzibZklNhAOSGpSsnx4AaABAg', 'snippet': {'videoId': 'SFubem2H08c', 'textDisplay': 'Consultora de moda KKKKKKKK me racho de rir com esses comentários', 'textOriginal': 'Consultora de moda KKKKKKKK me racho de rir com esses comentários', 'authorDisplayName': 'Marina Caires', 'authorProfileImageUrl': 'https://yt3.ggpht.com/FS-RAxnp7tRhRBB-cmWI-HGzj3X_3I2qLdRx5HjFWmOcXNz2IJs9T3hO3iI2I8Br7oNPYn6gBQ=s48-c-k-c0x00ffffff-no-rj', 'authorChannelUrl': 'http://www.youtube.com/channel/UCg__4O8bvj2s6Dz-8Fm1x3w', 'authorChannelId': {'value': 'UCg__4O8bvj2s6Dz-8Fm1x3w'}, 'canRate': True, 'viewerRating': 'none', 'likeCount': 0, 'publishedAt': '2022-10-21T03:54:17Z', 'updatedAt': '2022-10-21T03:54:17Z'}}, 'canReply': True, 'totalReplyCount': 0, 'isPublic': True}",,UCg__4O8bvj2s6Dz-8Fm1x3w,2022-10-21T03:54:17Z,Consultora de moda KKKKKKKK me racho de rir com esses comentários,QURTSl9pM0JhSzZRMVpOZTJEYmlEalp0OHRtYmY5bUROMmlWcWZnQkVQcE0xYmNwNVdBY0NxYzhJWjNFNjZiRkhNakpYcFAyTGE0WHFDWQ==,2023-06-09 05:42:50.357620
youtube#commentThread,gFw2vGaS3Iar0S0sMI4X0PBbLi8,UgwHPQ3QdL7G2Zb7F054AaABAg,"{'videoId': 'SFubem2H08c', 'topLevelComment': {'kind': 'youtube#comment', 'etag': 'qQZ0PiFA38F0ts8RVZCd_b5fBiQ', 'id': 'UgwHPQ3QdL7G2Zb7F054AaABAg', 'snippet': {'videoId': 'SFubem2H08c', 'textDisplay': 'Vejam brasileiros.<br>Abram os olhos e pensem com a cabeça. <br>Dia 30 com 22', 'textOriginal': 'Vejam brasileiros.\\nAbram os olhos e pensem com a cabeça. \\nDia 30 com 22', 'authorDisplayName': 'Célia Maria Thomé', 'authorProfileImageUrl': 'https://yt3.ggpht.com/ytc/AGIKgqNuQiG7P-xzCfoBtj47-2k6D8YJn3d2HeiJZjhfmrNwbFPfNx0_z3H7xEij25DB=s48-c-k-c0x00ffffff-no-rj', 'authorChannelUrl': 'http://www.youtube.com/channel/UCoH9FYccpp0wOsub_1-8z3g', 'authorChannelId': {'value': 'UCoH9FYccpp0wOsub_1-8z3g'}, 'canRate': True, 'viewerRating': 'none', 'likeCount': 0, 'publishedAt': '2022-10-21T03:50:18Z', 'updatedAt': '2022-10-21T03:50:18Z'}}, 'canReply': True, 'totalReplyCount': 0, 'isPublic': True}",,UCoH9FYccpp0wOsub_1-8z3g,2022-10-21T03:50:18Z,"Vejam brasileiros.
Abram os olhos e pensem com a cabeça. 
Dia 30 com 22",QURTSl9pM0JhSzZRMVpOZTJEYmlEalp0OHRtYmY5bUROMmlWcWZnQkVQcE0xYmNwNVdBY0NxYzhJWjNFNjZiRkhNakpYcFAyTGE0WHFDWQ==,2023-06-09 05:42:50.357620
youtube#commentThread,9toSU1tEhxHFbZ3Coqc-jm9z80U,Ugz0wxIfjm_LF9vPimZ4AaABAg,"{'videoId': 'SFubem2H08c', 'topLevelComment': {'kind': 'youtube#comment', 'etag': 'uAIBlzBQVW-6Zoc-7OMO1q8wHxQ', 'id': 'Ugz0wxIfjm_LF9vPimZ4AaABAg', 'snippet': {'videoId': 'SFubem2H08c', 'textDisplay': 'É que Lula quer para o Brasil virar', 'textOriginal': 'É que Lula quer para o Brasil virar', 'authorDisplayName': 'Jussara Moreira', 'authorProfileImageUrl': 'https://yt3.ggpht.com/ytc/AGIKgqNqUpracZyFuQo0-aHEoifs3cDPNKmycVIHSw=s48-c-k-c0x00ffffff-no-rj', 'authorChannelUrl': 'http://www.youtube.com/channel/UCTac1zCeWFqV6Ett7OQ7DpA', 'authorChannelId': {'value': 'UCTac1zCeWFqV6Ett7OQ7DpA'}, 'canRate': True, 'viewerRating': 'none', 'likeCount': 1, 'publishedAt': '2022-10-21T03:07:54Z', 'updatedAt': '2022-10-21T03:07:54Z'}}, 'canReply': True, 'totalReplyCount': 0, 'isPublic': True}",,UCTac1zCeWFqV6Ett7OQ7DpA,2022-10-21T03:07:54Z,É que Lula quer para o Brasil virar,QURTSl9pM0JhSzZRMVpOZTJEYmlEalp0OHRtYmY5bUROMmlWcWZnQkVQcE0xYmNwNVdBY0NxYzhJWjNFNjZiRkhNakpYcFAyTGE0WHFDWQ==,2023-06-09 05:42:50.357620
youtube#commentThread,o3OD07GYY4Uz7BH_22Y1Lnhryto,UgzDw4vOHgjk55xPISV4AaABAg,"{'videoId': 'SFubem2H08c', 'topLevelComment': {'kind': 'youtube#comment', 'etag': 'TWzdluxrWu10gG7B-IyKz_wKnQs', 'id': 'UgzDw4vOHgjk55xPISV4AaABAg', 'snippet': {'videoId': 'SFubem2H08c', 'textDisplay': 'A esquerda gosta tanto dos pobres que obriga o povo a se tornar pobre e miserável. Quem vota na esquerda é um inconsequente.', 'textOriginal': 'A esquerda gosta tanto dos pobres que obriga o povo a se tornar pobre e miserável. Quem vota na esquerda é um inconsequente.', 'authorDisplayName': 'ToninhoNet', 'authorProfileImageUrl': 'https://yt3.ggpht.com/ytc/AGIKgqNMcEwpSSBE8SQ1QrEaMB2mBqDIjyp0N4nHKk79=s48-c-k-c0x00ffffff-no-rj', 'authorChannelUrl': 'http://www.youtube.com/channel/UCY1Cqdt7FCg0u_SGmT8vYrg', 'authorChannelId': {'value': 'UCY1Cqdt7FCg0u_SGmT8vYrg'}, 'canRate': True, 'viewerRating': 'none', 'likeCount': 0, 'publishedAt': '2022-10-21T02:57:34Z', 'updatedAt': '2022-10-21T02:57:34Z'}}, 'canReply': True, 'totalReplyCount': 0, 'isPublic': True}",,UCY1Cqdt7FCg0u_SGmT8vYrg,2022-10-21T02:57:34Z,A esquerda gosta tanto dos pobres que obriga o povo a se tornar pobre e miserável. Quem vota na esquerda é um inconsequente.,QURTSl9pM0JhSzZRMVpOZTJEYmlEalp0OHRtYmY5bUROMmlWcWZnQkVQcE0xYmNwNVdBY0NxYzhJWjNFNjZiRkhNakpYcFAyTGE0WHFDWQ==,2023-06-09 05:42:50.357620
youtube#commentThread,ugRuV6IcRcExR890PPN7g7RD_5Q,UgwAHr8C6DWpW23tPc14AaABAg,"{'videoId': 'SFubem2H08c', 'topLevelComment': {'kind': 'youtube#comment', 'etag': 'WfUvyLc7gCCSFxUOcd81x1zpi-A', 'id': 'UgwAHr8C6DWpW23tPc14AaABAg', 'snippet': {'videoId': 'SFubem2H08c', 'textDisplay': 'Kkkkkkkkkkkkkkk e continuam dizendo que nunca vai acontecer aqui KKK c eu passar fome eu vou ficar puto', 'textOriginal': 'Kkkkkkkkkkkkkkk e continuam dizendo que nunca vai acontecer aqui KKK c eu passar fome eu vou ficar puto', 'authorDisplayName': 'Jacaré Açu', 'authorProfileImageUrl': 'https://yt3.ggpht.com/cGt9pSr_uPVhrU41sYitBpWUZC6XGcKYtC5aN3ZqDnsQ0hPMGK1tfzQYhJAyg9LKabG8S4eH8eY=s48-c-k-c0x00ffffff-no-rj', 'authorChannelUrl': 'http://www.youtube.com/channel/UCteqXfulYPtFY6hidze2KEg', 'authorChannelId': {'value': 'UCteqXfulYPtFY6hidze2KEg'}, 'canRate': True, 'viewerRating': 'none', 'likeCount': 0, 'publishedAt': '2022-10-21T02:45:47Z', 'updatedAt': '2022-10-21T02:45:47Z'}}, 'canReply': True, 'totalReplyCount': 0, 'isPublic': True}",,UCteqXfulYPtFY6hidze2KEg,2022-10-21T02:45:47Z,Kkkkkkkkkkkkkkk e continuam dizendo que nunca vai acontecer aqui KKK c eu passar fome eu vou ficar puto,QURTSl9pM0JhSzZRMVpOZTJEYmlEalp0OHRtYmY5bUROMmlWcWZnQkVQcE0xYmNwNVdBY0NxYzhJWjNFNjZiRkhNakpYcFAyTGE0WHFDWQ==,2023-06-09 05:42:50.357620
youtube#commentThread,era7Mh7eLXKEB6L0ZlD8o1QtcdI,Ugyok1CbFI4sxUHMWCd4AaABAg,"{'videoId': 'SFubem2H08c', 'topLevelComment': {'kind': 'youtube#comment', 'etag': 'aeMnRz0TsdqX6Dk5ScycHdjdHp4', 'id': 'Ugyok1CbFI4sxUHMWCd4AaABAg', 'snippet': {'videoId': 'SFubem2H08c', 'textDisplay': 'Agora já era. Colocaram ele lá. Agora aguenta a trolha.', 'textOriginal': 'Agora já era. Colocaram ele lá. Agora aguenta a trolha.', 'authorDisplayName': 'pccorrea71', 'authorProfileImageUrl': 'https://yt3.ggpht.com/ytc/AGIKgqOzrRbiFbMkS1dvm2FDeIaL1GNi1g2M3oOyog=s48-c-k-c0x00ffffff-no-rj', 'authorChannelUrl': 'http://www.youtube.com/channel/UCdGQP773ShxxaJyIBpzpVvQ', 'authorChannelId': {'value': 'UCdGQP773ShxxaJyIBpzpVvQ'}, 'canRate': True, 'viewerRating': 'none', 'likeCount': 0, 'publishedAt': '2022-10-21T02:25:10Z', 'updatedAt': '2022-10-21T02:25:10Z'}}, 'canReply': True, 'totalReplyCount': 0, 'isPublic': True}",,UCdGQP773ShxxaJyIBpzpVvQ,2022-10-21T02:25:10Z,Agora já era. Colocaram ele lá. Agora aguenta a trolha.,QURTSl9pM0JhSzZRMVpOZTJEYmlEalp0OHRtYmY5bUROMmlWcWZnQkVQcE0xYmNwNVdBY0NxYzhJWjNFNjZiRkhNakpYcFAyTGE0WHFDWQ==,2023-06-09 05:42:50.357620
youtube#commentThread,cKJb2iHX2VDOTQqyF_yIS1oC_zs,UgyOfi_2RBpAAMQB7hh4AaABAg,"{'videoId': 'SFubem2H08c', 'topLevelComment': {'kind': 'youtube#comment', 'etag': 'JTCfFDK6YbSOeCdhKfcUyp_kBeU', 'id': 'UgyOfi_2RBpAAMQB7hh4AaABAg', 'snippet': {'videoId': 'SFubem2H08c', 'textDisplay': 'Esquerda é só miséria, destruição e morte.', 'textOriginal': 'Esquerda é só miséria, destruição e morte.', 'authorDisplayName': 'Demetrio Arcas', 'authorProfileImageUrl': 'https://yt3.ggpht.com/ytc/AGIKgqM3nu1i7gfuCiajHtj4lKvyU19gOhLAGJoXtA=s48-c-k-c0x00ffffff-no-rj', 'authorChannelUrl': 'http://www.youtube.com/channel/UCGdGuE2rKaIsM_l1t6mHpWg', 'authorChannelId': {'value': 'UCGdGuE2rKaIsM_l1t6mHpWg'}, 'canRate': True, 'viewerRating': 'none', 'likeCount': 0, 'publishedAt': '2022-10-21T02:19:52Z', 'updatedAt': '2022-10-21T02:19:52Z'}}, 'canReply': True, 'totalReplyCount': 0, 'isPublic': True}",,UCGdGuE2rKaIsM_l1t6mHpWg,2022-10-21T02:19:52Z,"Esquerda é só miséria, destruição e morte.",QURTSl9pM0JhSzZRMVpOZTJEYmlEalp0OHRtYmY5bUROMmlWcWZnQkVQcE0xYmNwNVdBY0NxYzhJWjNFNjZiRkhNakpYcFAyTGE0WHFDWQ==,2023-06-09 05:42:50.357620
youtube#commentThread,NVpkg6BacjGqHQv02cU7WlHNQ60,UgyIjwziFOKJeDDoiSl4AaABAg,"{'videoId': 'SFubem2H08c', 'topLevelComment': {'kind': 'youtube#comment', 'etag': 'c2T3HXSEHGjFTJ6D0cSmRAfKJIk', 'id': 'UgyIjwziFOKJeDDoiSl4AaABAg', 'snippet': {'videoId': 'SFubem2H08c', 'textDisplay': 'Essa pedra já havia sido cantada.<br>Que colham o que plantaram.... e que o brasileiro não cometa a mesma estupidez no dia 30 de outubro.', 'textOriginal': 'Essa pedra já havia sido cantada.\\nQue colham o que plantaram.... e que o brasileiro não cometa a mesma estupidez no dia 30 de outubro.', 'authorDisplayName': 'Rafael Moreira', 'authorProfileImageUrl': 'https://yt3.ggpht.com/ytc/AGIKgqMvm0W9WqJLTl7uojGCwfrCTZN9dIKDHGVTUg=s48-c-k-c0x00ffffff-no-rj', 'authorChannelUrl': 'http://www.youtube.com/channel/UCJcKHjj1F3pj4-8v6O-v0mA', 'authorChannelId': {'value': 'UCJcKHjj1F3pj4-8v6O-v0mA'}, 'canRate': True, 'viewerRating': 'none', 'likeCount': 1, 'publishedAt': '2022-10-21T02:11:35Z', 'updatedAt': '2022-10-21T02:11:35Z'}}, 'canReply': True, 'totalReplyCount': 0, 'isPublic': True}",,UCJcKHjj1F3pj4-8v6O-v0mA,2022-10-21T02:11:35Z,"Essa pedra já havia sido cantada.
Que colham o que plantaram.... e que o brasileiro não cometa a mesma estupidez no dia 30 de outubro.",QURTSl9pM0JhSzZRMVpOZTJEYmlEalp0OHRtYmY5bUROMmlWcWZnQkVQcE0xYmNwNVdBY0NxYzhJWjNFNjZiRkhNakpYcFAyTGE0WHFDWQ==,2023-06-09 05:42:50.357620
youtube#commentThread,I8d91LQ5Ntv6uJkSEAvTXqJr5ow,UgyhDhlVIj4hVcHuRgp4AaABAg,"{'videoId': 'SFubem2H08c', 'topLevelComment': {'kind': 'youtube#comment', 'etag': 'M6k85EcvrmQSBIhcJManetPHhxQ', 'id': 'UgyhDhlVIj4hVcHuRgp4AaABAg', 'snippet': {'videoId': 'SFubem2H08c', 'textDisplay': 'A esquerda está se articulando pro Brasil virar comunismo (ditadura) e assim se manter no poder.<br>A grande mídia, professores, sindicatos, judiciário, estudantes doutrinados, feministas, lgtv,..., são coniventes e apoiam isso.', 'textOriginal': 'A esquerda está se articulando pro Brasil virar comunismo (ditadura) e assim se manter no poder.\\nA grande mídia, professores, sindicatos, judiciário, estudantes doutrinados, feministas, lgtv,..., são coniventes e apoiam isso.', 'authorDisplayName': 'E', 'authorProfileImageUrl': 'https://yt3.ggpht.com/ytc/AGIKgqM8sxXenJPIIyeTEBXoRiSLUCvEEzAgLt3CPA=s48-c-k-c0x00ffffff-no-rj', 'authorChannelUrl': 'http://www.youtube.com/channel/UCGMnez82LvUNP4SVG9VtYhw', 'authorChannelId': {'value': 'UCGMnez82LvUNP4SVG9VtYhw'}, 'canRate': True, 'viewerRating': 'none', 'likeCount': 0, 'publishedAt': '2022-10-21T02:11:17Z', 'updatedAt': '2022-10-21T02:11:17Z'}}, 'canReply': True, 'totalReplyCount': 0, 'isPublic': True}",,UCGMnez82LvUNP4SVG9VtYhw,2022-10-21T02:11:17Z,"A esquerda está se articulando pro Brasil virar comunismo (ditadura) e assim se manter no poder.
A grande mídia, professores, sindicatos, judiciário, estudantes doutrinados, feministas, lgtv,..., são coniventes e apoiam isso.",QURTSl9pM0JhSzZRMVpOZTJEYmlEalp0OHRtYmY5bUROMmlWcWZnQkVQcE0xYmNwNVdBY0NxYzhJWjNFNjZiRkhNakpYcFAyTGE0WHFDWQ==,2023-06-09 05:42:50.357620
youtube#commentThread,fS0n0pey75TtbRa2xxV0ztcAdlg,UgzJ6aceP_5tkKeMPE54AaABAg,"{'videoId': 'SFubem2H08c', 'topLevelComment': {'kind': 'youtube#comment', 'etag': '6GR0AEbaK8UcTxJ32sJnONeLhGg', 'id': 'UgzJ6aceP_5tkKeMPE54AaABAg', 'snippet': {'videoId': 'SFubem2H08c', 'textDisplay': 'Bando de safados e mentirosos 13 neles', 'textOriginal': 'Bando de safados e mentirosos 13 neles', 'authorDisplayName': 'natan de jesus santos de souza', 'authorProfileImageUrl': 'https://yt3.ggpht.com/ytc/AGIKgqPujYtjuCsYEW26CVNJQpp5gi6Y_y0Pe4rJWA=s48-c-k-c0x00ffffff-no-rj', 'authorChannelUrl': 'http://www.youtube.com/channel/UCZb222E2Swg3ItWSTmAnJZg', 'authorChannelId': {'value': 'UCZb222E2Swg3ItWSTmAnJZg'}, 'canRate': True, 'viewerRating': 'none', 'likeCount': 0, 'publishedAt': '2022-10-21T01:50:58Z', 'updatedAt': '2022-10-21T01:50:58Z'}}, 'canReply': True, 'totalReplyCount': 0, 'isPublic': True}",,UCZb222E2Swg3ItWSTmAnJZg,2022-10-21T01:50:58Z,Bando de safados e mentirosos 13 neles,QURTSl9pM0JhSzZRMVpOZTJEYmlEalp0OHRtYmY5bUROMmlWcWZnQkVQcE0xYmNwNVdBY0NxYzhJWjNFNjZiRkhNakpYcFAyTGE0WHFDWQ==,2023-06-09 05:42:50.357620
youtube#commentThread,by4JcWz8mtNoI3CG5JB26y9oPto,UgyP6cyv8JtIQ9aUaJ54AaABAg,"{'videoId': 'SFubem2H08c', 'topLevelComment': {'kind': 'youtube#comment', 'etag': 'KYntBLVfe6B1xJyDrKa8TCagbKQ', 'id': 'UgyP6cyv8JtIQ9aUaJ54AaABAg', 'snippet': {'videoId': 'SFubem2H08c', 'textDisplay': 'Também com um presidente desse,!!!! Quem sabe poderá ganhar um elogio do Diogo .', 'textOriginal': 'Também com um presidente desse,!!!! Quem sabe poderá ganhar um elogio do Diogo .', 'authorDisplayName': 'Celson Vargas', 'authorProfileImageUrl': 'https://yt3.ggpht.com/ytc/AGIKgqP-l2RWc0OteRmsHx6_mJvhTI6MctPBUFOqeHJoAA=s48-c-k-c0x00ffffff-no-rj', 'authorChannelUrl': 'http://www.youtube.com/channel/UCdGUf1QvB8T3R33yP_rtGZA', 'authorChannelId': {'value': 'UCdGUf1QvB8T3R33yP_rtGZA'}, 'canRate': True, 'viewerRating': 'none', 'likeCount': 0, 'publishedAt': '2022-10-21T01:35:38Z', 'updatedAt': '2022-10-21T01:35:38Z'}}, 'canReply': True, 'totalReplyCount': 0, 'isPublic': True}",,UCdGUf1QvB8T3R33yP_rtGZA,2022-10-21T01:35:38Z,"Também com um presidente desse,!!!! Quem sabe poderá ganhar um elogio do Diogo .",QURTSl9pM0JhSzZRMVpOZTJEYmlEalp0OHRtYmY5bUROMmlWcWZnQkVQcE0xYmNwNVdBY0NxYzhJWjNFNjZiRkhNakpYcFAyTGE0WHFDWQ==,2023-06-09 05:42:50.357620
youtube#commentThread,GB_OERjLNE3AtIi8gJcc3bSO0Oc,UgzFV_AgEx1wqjbxvr94AaABAg,"{'videoId': 'SFubem2H08c', 'topLevelComment': {'kind': 'youtube#comment', 'etag': 'Lcm6wY9d3f7NCgel50U0lrOuEjc', 'id': 'UgzFV_AgEx1wqjbxvr94AaABAg', 'snippet': {'videoId': 'SFubem2H08c', 'textDisplay': 'Abram os olhos brasileiros! Aprendamos com os erros dos outros, a esquerda é demoníaca, que não sejamos vítimas da nossa própria ignorância. Que Deus nos livre desse mal chamado comunismo/socialismo', 'textOriginal': 'Abram os olhos brasileiros! Aprendamos com os erros dos outros, a esquerda é demoníaca, que não sejamos vítimas da nossa própria ignorância. Que Deus nos livre desse mal chamado comunismo/socialismo', 'authorDisplayName': 'Tiago Tenorio', 'authorProfileImageUrl': 'https://yt3.ggpht.com/ytc/AGIKgqNqjvd-FblPnagkPiJbA5xIqn23RsCMCkCedg=s48-c-k-c0x00ffffff-no-rj', 'authorChannelUrl': 'http://www.youtube.com/channel/UCO9iodjj4F5o3M4VgCWbczA', 'authorChannelId': {'value': 'UCO9iodjj4F5o3M4VgCWbczA'}, 'canRate': True, 'viewerRating': 'none', 'likeCount': 0, 'publishedAt': '2022-10-21T01:34:07Z', 'updatedAt': '2022-10-21T01:34:07Z'}}, 'canReply': True, 'totalReplyCount': 0, 'isPublic': True}",,UCO9iodjj4F5o3M4VgCWbczA,2022-10-21T01:34:07Z,"Abram os olhos brasileiros! Aprendamos com os erros dos outros, a esquerda é demoníaca, que não sejamos vítimas da nossa própria ignorância. Que Deus nos livre desse mal chamado comunismo/socialismo",QURTSl9pM0JhSzZRMVpOZTJEYmlEalp0OHRtYmY5bUROMmlWcWZnQkVQcE0xYmNwNVdBY0NxYzhJWjNFNjZiRkhNakpYcFAyTGE0WHFDWQ==,2023-06-09 05:42:50.357620
youtube#commentThread,D5x3ly8NICrjMoHLpgNToelvKWw,Ugzuf7CZ5FcChNgBqn14AaABAg,"{'videoId': 'SFubem2H08c', 'topLevelComment': {'kind': 'youtube#comment', 'etag': 'vIElcycs5BujjbOFP-9w3yj0Me0', 'id': 'Ugzuf7CZ5FcChNgBqn14AaABAg', 'snippet': {'videoId': 'SFubem2H08c', 'textDisplay': 'A esquerda é uma GIGANTESCA ORGANIZAÇÃO CRIMINOSA TRANSNACIONAL, financiada por bilionários globalistas para usar o comunismo como FERRAMENTA DE DOMINAÇÃO E SAQUEIO!<br> TEMOS QUE VERMIFUGAR AS INSTITUIÇÕES CONTAMINADAS, CRIMINALIZAR O SOCIALISMO E CASSAR TODOS PARTIDOS SOCIALISTAS!', 'textOriginal': 'A esquerda é uma GIGANTESCA ORGANIZAÇÃO CRIMINOSA TRANSNACIONAL, financiada por bilionários globalistas para usar o comunismo como FERRAMENTA DE DOMINAÇÃO E SAQUEIO!\\n TEMOS QUE VERMIFUGAR AS INSTITUIÇÕES CONTAMINADAS, CRIMINALIZAR O SOCIALISMO E CASSAR TODOS PARTIDOS SOCIALISTAS!', 'authorDisplayName': 'PAULO OLIVEIRA', 'authorProfileImageUrl': 'https://yt3.ggpht.com/APIqgykyzhIr9UyNKZZmrr2uZxUHJR70GWmCJ8pql5IKDyiiGXwhU4eTyaTjkK69xSs9nPGIhg=s48-c-k-c0x00ffffff-no-rj', 'authorChannelUrl': 'http://www.youtube.com/channel/UC6gClLeqJYOQdVguJP85qyA', 'authorChannelId': {'value': 'UC6gClLeqJYOQdVguJP85qyA'}, 'canRate': True, 'viewerRating': 'none', 'likeCount': 0, 'publishedAt': '2022-10-21T01:27:32Z', 'updatedAt': '2022-10-21T01:27:32Z'}}, 'canReply': True, 'totalReplyCount': 0, 'isPublic': True}",,UC6gClLeqJYOQdVguJP85qyA,2022-10-21T01:27:32Z,"A esquerda é uma GIGANTESCA ORGANIZAÇÃO CRIMINOSA TRANSNACIONAL, financiada por bilionários globalistas para usar o comunismo como FERRAMENTA DE DOMINAÇÃO E SAQUEIO!
 TEMOS QUE VERMIFUGAR AS INSTITUIÇÕES CONTAMINADAS, CRIMINALIZAR O SOCIALISMO E CASSAR TODOS PARTIDOS SOCIALISTAS!",QURTSl9pM0JhSzZRMVpOZTJEYmlEalp0OHRtYmY5bUROMmlWcWZnQkVQcE0xYmNwNVdBY0NxYzhJWjNFNjZiRkhNakpYcFAyTGE0WHFDWQ==,2023-06-09 05:42:50.357620
youtube#commentThread,f-k_37rrK41ZeToM1mn1gZJD6G8,UgxftwkSYJajTgNVOq94AaABAg,"{'videoId': 'SFubem2H08c', 'topLevelComment': {'kind': 'youtube#comment', 'etag': 'RCForxQ_fRqdT8hlBTrtNWzpFlw', 'id': 'UgxftwkSYJajTgNVOq94AaABAg', 'snippet': {'videoId': 'SFubem2H08c', 'textDisplay': 'O comunismo é mesmo uma desgraça.', 'textOriginal': 'O comunismo é mesmo uma desgraça.', 'authorDisplayName': 'Daniel M.', 'authorProfileImageUrl': 'https://yt3.ggpht.com/ytc/AGIKgqO54ce1ry_UUcw93ZcxykucOtM_3OGVXCYWBODNG_Y=s48-c-k-c0x00ffffff-no-rj', 'authorChannelUrl': 'http://www.youtube.com/channel/UC525bnd2745e9MqhIe4QB8Q', 'authorChannelId': {'value': 'UC525bnd2745e9MqhIe4QB8Q'}, 'canRate': True, 'viewerRating': 'none', 'likeCount': 0, 'publishedAt': '2022-10-21T01:26:27Z', 'updatedAt': '2022-10-21T01:26:27Z'}}, 'canReply': True, 'totalReplyCount': 0, 'isPublic': True}",,UC525bnd2745e9MqhIe4QB8Q,2022-10-21T01:26:27Z,O comunismo é mesmo uma desgraça.,QURTSl9pM0JhSzZRMVpOZTJEYmlEalp0OHRtYmY5bUROMmlWcWZnQkVQcE0xYmNwNVdBY0NxYzhJWjNFNjZiRkhNakpYcFAyTGE0WHFDWQ==,2023-06-09 05:42:50.357620
youtube#commentThread,Tjl2889X1AYqCuMuunzrQLMOUf0,Ugw7eGjN5RsAzweWXQ14AaABAg,"{'videoId': 'SFubem2H08c', 'topLevelComment': {'kind': 'youtube#comment', 'etag': 'LZBfXfKZf2T1Vkks4P9auNDrVao', 'id': 'Ugw7eGjN5RsAzweWXQ14AaABAg', 'snippet': {'videoId': 'SFubem2H08c', 'textDisplay': 'Os Brasileiros estão cegos, ainda tem muita gente que vota no PTCC', 'textOriginal': 'Os Brasileiros estão cegos, ainda tem muita gente que vota no PTCC', 'authorDisplayName': 'Luiz Gonzaga', 'authorProfileImageUrl': 'https://yt3.ggpht.com/ytc/AGIKgqNBYZVdnH-Jn4OM8UHJD6FUVg-5W0rEEJjyVQgxfgKR0P_l1-aOeCpAC_Uyzi9k=s48-c-k-c0x00ffffff-no-rj', 'authorChannelUrl': 'http://www.youtube.com/channel/UCfC9TKfphCwlyrHtDjLjfxw', 'authorChannelId': {'value': 'UCfC9TKfphCwlyrHtDjLjfxw'}, 'canRate': True, 'viewerRating': 'none', 'likeCount': 0, 'publishedAt': '2022-10-21T01:22:20Z', 'updatedAt': '2022-10-21T01:22:53Z'}}, 'canReply': True, 'totalReplyCount': 0, 'isPublic': True}",,UCfC9TKfphCwlyrHtDjLjfxw,2022-10-21T01:22:20Z,"Os Brasileiros estão cegos, ainda tem muita gente que vota no PTCC",QURTSl9pM0JhSzZRMVpOZTJEYmlEalp0OHRtYmY5bUROMmlWcWZnQkVQcE0xYmNwNVdBY0NxYzhJWjNFNjZiRkhNakpYcFAyTGE0WHFDWQ==,2023-06-09 05:42:50.357620
youtube#commentThread,Wur-3xuDdp9q06UW9sqAhtbtrLM,Ugy5jy8m8vWe4N-sMit4AaABAg,"{'videoId': 'SFubem2H08c', 'topLevelComment': {'kind': 'youtube#comment', 'etag': 'c7vnTp9J_fg9si_I29s8z2zvtdI', 'id': 'Ugy5jy8m8vWe4N-sMit4AaABAg', 'snippet': {'videoId': 'SFubem2H08c', 'textDisplay': 'Isto é outro  idiota assassino', 'textOriginal': 'Isto é outro  idiota assassino', 'authorDisplayName': 'DANIEL EXPEDITO SOUZA', 'authorProfileImageUrl': 'https://yt3.ggpht.com/ytc/AGIKgqPdte6PfindtAYpfU11nnZSCSx_Rxzl1mfVwA=s48-c-k-c0x00ffffff-no-rj', 'authorChannelUrl': 'http://www.youtube.com/channel/UCwQTbqqEASv39xTu1BW8DAg', 'authorChannelId': {'value': 'UCwQTbqqEASv39xTu1BW8DAg'}, 'canRate': True, 'viewerRating': 'none', 'likeCount': 0, 'publishedAt': '2022-10-21T01:20:19Z', 'updatedAt': '2022-10-21T01:20:19Z'}}, 'canReply': True, 'totalReplyCount': 0, 'isPublic': True}",,UCwQTbqqEASv39xTu1BW8DAg,2022-10-21T01:20:19Z,Isto é outro  idiota assassino,QURTSl9pM0JhSzZRMVpOZTJEYmlEalp0OHRtYmY5bUROMmlWcWZnQkVQcE0xYmNwNVdBY0NxYzhJWjNFNjZiRkhNakpYcFAyTGE0WHFDWQ==,2023-06-09 05:42:50.357620
youtube#commentThread,JOYpXQoOaadp29Boy25Y3ApCAr0,Ugwnu20h7jYUAPTORcN4AaABAg,"{'videoId': 'SFubem2H08c', 'topLevelComment': {'kind': 'youtube#comment', 'etag': 'ywo12cXpNYWzGsyVcwgyijO4l5A', 'id': 'Ugwnu20h7jYUAPTORcN4AaABAg', 'snippet': {'videoId': 'SFubem2H08c', 'textDisplay': 'O lema da esquerda é o caos! Sua estratégia resume-se em dois passos... a destruição, e fingir ajudar oferecendo migalhas ao povo!', 'textOriginal': 'O lema da esquerda é o caos! Sua estratégia resume-se em dois passos... a destruição, e fingir ajudar oferecendo migalhas ao povo!', 'authorDisplayName': 'Luggatec', 'authorProfileImageUrl': 'https://yt3.ggpht.com/ytc/AGIKgqMi6K75ek4By46XG3cUa9j9SVFbPIYkzagL7i5U_Q=s48-c-k-c0x00ffffff-no-rj', 'authorChannelUrl': 'http://www.youtube.com/channel/UCWB13aJJZv5-OqDQzFe5AGA', 'authorChannelId': {'value': 'UCWB13aJJZv5-OqDQzFe5AGA'}, 'canRate': True, 'viewerRating': 'none', 'likeCount': 0, 'publishedAt': '2022-10-21T01:03:27Z', 'updatedAt': '2022-10-21T01:03:27Z'}}, 'canReply': True, 'totalReplyCount': 0, 'isPublic': True}",,UCWB13aJJZv5-OqDQzFe5AGA,2022-10-21T01:03:27Z,"O lema da esquerda é o caos! Sua estratégia resume-se em dois passos... a destruição, e fingir ajudar oferecendo migalhas ao povo!",QURTSl9pM0JhSzZRMVpOZTJEYmlEalp0OHRtYmY5bUROMmlWcWZnQkVQcE0xYmNwNVdBY0NxYzhJWjNFNjZiRkhNakpYcFAyTGE0WHFDWQ==,2023-06-09 05:42:50.357620
youtube#commentThread,Fv_sVMe0xr6_Rh2ISJJU34lwcJY,UgwOwwTMEgoTI1d07D54AaABAg,"{'videoId': 'SFubem2H08c', 'topLevelComment': {'kind': 'youtube#comment', 'etag': 'vOTS36zVuISl--i82Py3RH2v4Jc', 'id': 'UgwOwwTMEgoTI1d07D54AaABAg', 'snippet': {'videoId': 'SFubem2H08c', 'textDisplay': '22', 'textOriginal': '22', 'authorDisplayName': 'ELIVELTON REIS', 'authorProfileImageUrl': 'https://yt3.ggpht.com/_04u_oTprzvndzqJ_HhbvC-2sGiXXMERswrxaQ2K-kw9EeigB0ypV8Jv0A4-lK7o3U6CMN80=s48-c-k-c0x00ffffff-no-rj', 'authorChannelUrl': 'http://www.youtube.com/channel/UCnMmJYGSfK_nAvOnnUSy6_Q', 'authorChannelId': {'value': 'UCnMmJYGSfK_nAvOnnUSy6_Q'}, 'canRate': True, 'viewerRating': 'none', 'likeCount': 0, 'publishedAt': '2022-10-21T01:02:19Z', 'updatedAt': '2022-10-21T01:02:19Z'}}, 'canReply': True, 'totalReplyCount': 0, 'isPublic': True}",,UCnMmJYGSfK_nAvOnnUSy6_Q,2022-10-21T01:02:19Z,22,QURTSl9pM0JhSzZRMVpOZTJEYmlEalp0OHRtYmY5bUROMmlWcWZnQkVQcE0xYmNwNVdBY0NxYzhJWjNFNjZiRkhNakpYcFAyTGE0WHFDWQ==,2023-06-09 05:42:50.357620
youtube#commentThread,GgTt7iIr6THOXqNepCWSgPDIhRg,UgzyB5ZEFy_BCTxd2tx4AaABAg,"{'videoId': 'SFubem2H08c', 'topLevelComment': {'kind': 'youtube#comment', 'etag': 'YMzjgwt2reVi6TAvIs-05pSGfY4', 'id': 'UgzyB5ZEFy_BCTxd2tx4AaABAg', 'snippet': {'videoId': 'SFubem2H08c', 'textDisplay': '<b>AGORA VEM LULADRAO QUERENDO FAZER IGUAL NO BRASIL</b> 🇧🇷', 'textOriginal': '*AGORA VEM LULADRAO QUERENDO FAZER IGUAL NO BRASIL* 🇧🇷', 'authorDisplayName': 'EU CREIO EU POSSO', 'authorProfileImageUrl': 'https://yt3.ggpht.com/ytc/AGIKgqPsQ0Vnwv0MeYIowj5ww_ZNssB7K8MajeuDO9G0=s48-c-k-c0x00ffffff-no-rj', 'authorChannelUrl': 'http://www.youtube.com/channel/UCiJ4ZbCjATyQ2TsDXgnGlQQ', 'authorChannelId': {'value': 'UCiJ4ZbCjATyQ2TsDXgnGlQQ'}, 'canRate': True, 'viewerRating': 'none', 'likeCount': 1, 'publishedAt': '2022-10-21T01:00:21Z', 'updatedAt': '2022-10-21T01:00:21Z'}}, 'canReply': True, 'totalReplyCount': 0, 'isPublic': True}",,UCiJ4ZbCjATyQ2TsDXgnGlQQ,2022-10-21T01:00:21Z,*AGORA VEM LULADRAO QUERENDO FAZER IGUAL NO BRASIL* 🇧🇷,QURTSl9pM0JhSzZRMVpOZTJEYmlEalp0OHRtYmY5bUROMmlWcWZnQkVQcE0xYmNwNVdBY0NxYzhJWjNFNjZiRkhNakpYcFAyTGE0WHFDWQ==,2023-06-09 05:42:50.357620
youtube#commentThread,7BnFx3zl8CKPb4P-fT3AeA3Yq90,UgxgqsLrlIHAS-JPUWV4AaABAg,"{'videoId': 'SFubem2H08c', 'topLevelComment': {'kind': 'youtube#comment', 'etag': 'sIPMcp19uVJJmq1iA-8w-PtMdIw', 'id': 'UgxgqsLrlIHAS-JPUWV4AaABAg', 'snippet': {'videoId': 'SFubem2H08c', 'textDisplay': 'O Foro de São Paulo é uma organização que reúne partidos políticos e organizações de esquerda, criada em 1990, a partir de um seminário internacional promovido pelo Partido dos Trabalhadores, ...\\xa0Wikipédia<br><br>Fundação:\\xa01990<br><br>Fundadores:\\xa0Lula,\\xa0Fidel Castro', 'textOriginal': 'O Foro de São Paulo é uma organização que reúne partidos políticos e organizações de esquerda, criada em 1990, a partir de um seminário internacional promovido pelo Partido dos Trabalhadores, ...\\xa0Wikipédia\\n\\nFundação:\\xa01990\\n\\nFundadores:\\xa0Lula,\\xa0Fidel Castro', 'authorDisplayName': 'Valéria Freitas', 'authorProfileImageUrl': 'https://yt3.ggpht.com/ytc/AGIKgqO362-VYDT8eyQAhVTs9cWCijgBLQ5xwp_zRLhiTQ=s48-c-k-c0x00ffffff-no-rj', 'authorChannelUrl': 'http://www.youtube.com/channel/UCS61j1hHwyEJ-mT0-hJacKw', 'authorChannelId': {'value': 'UCS61j1hHwyEJ-mT0-hJacKw'}, 'canRate': True, 'viewerRating': 'none', 'likeCount': 0, 'publishedAt': '2022-10-21T00:54:21Z', 'updatedAt': '2022-10-21T00:54:21Z'}}, 'canReply': True, 'totalReplyCount': 0, 'isPublic': True}",,UCS61j1hHwyEJ-mT0-hJacKw,2022-10-21T00:54:21Z,"O Foro de São Paulo é uma organização que reúne partidos políticos e organizações de esquerda, criada em 1990, a partir de um seminário internacional promovido pelo Partido dos Trabalhadores, ... Wikipédia

Fundação: 1990

Fundadores: Lula, Fidel Castro",QURTSl9pM0JhSzZRMVpOZTJEYmlEalp0OHRtYmY5bUROMmlWcWZnQkVQcE0xYmNwNVdBY0NxYzhJWjNFNjZiRkhNakpYcFAyTGE0WHFDWQ==,2023-06-09 05:42:50.357620
youtube#commentThread,f75PPgtGOLp4ZrZXClrJpgW0z14,UgzixlwZUSALcA08dXl4AaABAg,"{'videoId': 'SFubem2H08c', 'topLevelComment': {'kind': 'youtube#comment', 'etag': 'kjjAIhQtbfeb-8EBE22ZKugO9s8', 'id': 'UgzixlwZUSALcA08dXl4AaABAg', 'snippet': {'videoId': 'SFubem2H08c', 'textDisplay': 'PODE  COMPARAR, OS ESTADOS MUNICÍPIOS  ETC..QUE  É  PT...É  UM FRACASSO.', 'textOriginal': 'PODE  COMPARAR, OS ESTADOS MUNICÍPIOS  ETC..QUE  É  PT...É  UM FRACASSO.', 'authorDisplayName': 'Empresarial', 'authorProfileImageUrl': 'https://yt3.ggpht.com/ytc/AGIKgqOWKIUjAbJCTgD0AZZiXoJHkigCULiQjkBMVRgjf7DuU324mkZ4ENqQVs_hJsJT=s48-c-k-c0x00ffffff-no-rj', 'authorChannelUrl': 'http://www.youtube.com/channel/UCgpHiHQv5vqYkIGdKPZTYzg', 'authorChannelId': {'value': 'UCgpHiHQv5vqYkIGdKPZTYzg'}, 'canRate': True, 'viewerRating': 'none', 'likeCount': 1, 'publishedAt': '2022-10-21T00:28:13Z', 'updatedAt': '2022-10-21T00:28:13Z'}}, 'canReply': True, 'totalReplyCount': 0, 'isPublic': True}",,UCgpHiHQv5vqYkIGdKPZTYzg,2022-10-21T00:28:13Z,"PODE  COMPARAR, OS ESTADOS MUNICÍPIOS  ETC..QUE  É  PT...É  UM FRACASSO.",QURTSl9pM0JhSzZRMVpOZTJEYmlEalp0OHRtYmY5bUROMmlWcWZnQkVQcE0xYmNwNVdBY0NxYzhJWjNFNjZiRkhNakpYcFAyTGE0WHFDWQ==,2023-06-09 05:42:50.357620
youtube#commentThread,aaVFRpDrt_ZuTMua8X-F_lelmsQ,UgyAzH_BINawNBfAWSx4AaABAg,"{'videoId': 'SFubem2H08c', 'topLevelComment': {'kind': 'youtube#comment', 'etag': '6p2zo4o2Qf5InpvKBLiBu45T0gk', 'id': 'UgyAzH_BINawNBfAWSx4AaABAg', 'snippet': {'videoId': 'SFubem2H08c', 'textDisplay': 'Onde a esquerda toca tudo se transforma em lixo!', 'textOriginal': 'Onde a esquerda toca tudo se transforma em lixo!', 'authorDisplayName': 'Elaine Bim', 'authorProfileImageUrl': 'https://yt3.ggpht.com/ytc/AGIKgqMHx0d19YgAFJK5lBqGGdKPFyjPCkN5dxHtUYbeuw=s48-c-k-c0x00ffffff-no-rj', 'authorChannelUrl': 'http://www.youtube.com/channel/UCyr9oP2xTmeivulVGs_KQfA', 'authorChannelId': {'value': 'UCyr9oP2xTmeivulVGs_KQfA'}, 'canRate': True, 'viewerRating': 'none', 'likeCount': 0, 'publishedAt': '2022-10-21T00:27:28Z', 'updatedAt': '2022-10-21T00:27:28Z'}}, 'canReply': True, 'totalReplyCount': 0, 'isPublic': True}",,UCyr9oP2xTmeivulVGs_KQfA,2022-10-21T00:27:28Z,Onde a esquerda toca tudo se transforma em lixo!,QURTSl9pM0JhSzZRMVpOZTJEYmlEalp0OHRtYmY5bUROMmlWcWZnQkVQcE0xYmNwNVdBY0NxYzhJWjNFNjZiRkhNakpYcFAyTGE0WHFDWQ==,2023-06-09 05:42:50.357620
youtube#commentThread,mIo5mBnpgvuGpwgli6NmDovsJHY,UgxWYYp-81flEAh3KkR4AaABAg,"{'videoId': 'SFubem2H08c', 'topLevelComment': {'kind': 'youtube#comment', 'etag': 'GHXJ279T1aJZiw0ZnM1vIXWgexs', 'id': 'UgxWYYp-81flEAh3KkR4AaABAg', 'snippet': {'videoId': 'SFubem2H08c', 'textDisplay': 'Mas esquerdistas  não  sabe administrar  nada...É  uma vergonha..', 'textOriginal': 'Mas esquerdistas  não  sabe administrar  nada...É  uma vergonha..', 'authorDisplayName': 'Empresarial', 'authorProfileImageUrl': 'https://yt3.ggpht.com/ytc/AGIKgqOWKIUjAbJCTgD0AZZiXoJHkigCULiQjkBMVRgjf7DuU324mkZ4ENqQVs_hJsJT=s48-c-k-c0x00ffffff-no-rj', 'authorChannelUrl': 'http://www.youtube.com/channel/UCgpHiHQv5vqYkIGdKPZTYzg', 'authorChannelId': {'value': 'UCgpHiHQv5vqYkIGdKPZTYzg'}, 'canRate': True, 'viewerRating': 'none', 'likeCount': 1, 'publishedAt': '2022-10-21T00:27:10Z', 'updatedAt': '2022-10-21T00:27:10Z'}}, 'canReply': True, 'totalReplyCount': 0, 'isPublic': True}",,UCgpHiHQv5vqYkIGdKPZTYzg,2022-10-21T00:27:10Z,Mas esquerdistas  não  sabe administrar  nada...É  uma vergonha..,QURTSl9pM0JhSzZRMVpOZTJEYmlEalp0OHRtYmY5bUROMmlWcWZnQkVQcE0xYmNwNVdBY0NxYzhJWjNFNjZiRkhNakpYcFAyTGE0WHFDWQ==,2023-06-09 05:42:50.357620
youtube#commentThread,H83gedOLUpSSz9Z7-Vbjit9I57Q,Ugw69mDqXhtO4E1ZRt14AaABAg,"{'videoId': 'SFubem2H08c', 'topLevelComment': {'kind': 'youtube#comment', 'etag': 'hNvLnsRFXzcU502UqUubKG0W-kU', 'id': 'Ugw69mDqXhtO4E1ZRt14AaABAg', 'snippet': {'videoId': 'SFubem2H08c', 'textDisplay': 'Levaram meu vizinho que era judeu. Mas como não sou judeu, não me incomodei;<br><br>Dia seguinte, levaram outro vizinho evangélico. Mas como não sou evangélico, não me incomodei;<br><br>No terceiro dia levaram meu vizinho católico. Mas como não sou católico, não me incomodei;<br><br>No quarto dia, me levaram.<br><br>Do jeito que o PT e o Lula gostam de entregar obras pela metade…<br><br>Estão prometendo picanha, mas só vão entregar a pica.<br><br>…..', 'textOriginal': 'Levaram meu vizinho que era judeu. Mas como não sou judeu, não me incomodei;\\n\\nDia seguinte, levaram outro vizinho evangélico. Mas como não sou evangélico, não me incomodei;\\n\\nNo terceiro dia levaram meu vizinho católico. Mas como não sou católico, não me incomodei;\\n\\nNo quarto dia, me levaram.\\n\\nDo jeito que o PT e o Lula gostam de entregar obras pela metade…\\n\\nEstão prometendo picanha, mas só vão entregar a pica.\\n\\n…..', 'authorDisplayName': 'onri fabrio', 'authorProfileImageUrl': 'https://yt3.ggpht.com/ytc/AGIKgqMzDlt7x6zd357nnUzY9SFRHkEJKdortlH7YJCLMhY=s48-c-k-c0x00ffffff-no-rj', 'authorChannelUrl': 'http://www.youtube.com/channel/UCtDT1n8COo_qPzURHjaS3Tw', 'authorChannelId': {'value': 'UCtDT1n8COo_qPzURHjaS3Tw'}, 'canRate': True, 'viewerRating': 'none', 'likeCount': 0, 'publishedAt': '2022-10-21T00:22:04Z', 'updatedAt': '2022-10-21T00:22:04Z'}}, 'canReply': True, 'totalReplyCount': 0, 'isPublic': True}",,UCtDT1n8COo_qPzURHjaS3Tw,2022-10-21T00:22:04Z,"Levaram meu vizinho que era judeu. Mas como não sou judeu, não me incomodei;

Dia seguinte, levaram outro vizinho evangélico. Mas como não sou evangélico, não me incomodei;

No terceiro dia levaram meu vizinho católico. Mas como não sou católico, não me incomodei;

No quarto dia, me levaram.

Do jeito que o PT e o Lula gostam de entregar obras pela metade…

Estão prometendo picanha, mas só vão entregar a pica.

…..",QURTSl9pM0JhSzZRMVpOZTJEYmlEalp0OHRtYmY5bUROMmlWcWZnQkVQcE0xYmNwNVdBY0NxYzhJWjNFNjZiRkhNakpYcFAyTGE0WHFDWQ==,2023-06-09 05:42:50.357620
youtube#commentThread,tmTu_TklA1O3FiVAbuX3cyfsLEw,Ugy9G1tIBKsRe53QO014AaABAg,"{'videoId': 'SFubem2H08c', 'topLevelComment': {'kind': 'youtube#comment', 'etag': 'KaNJSmMQ81R2Gr-RGXsQ6-l5cNE', 'id': 'Ugy9G1tIBKsRe53QO014AaABAg', 'snippet': {'videoId': 'SFubem2H08c', 'textDisplay': 'O PAPEL DA JOVEM PANO É FAZER LAVAGEM CEREBRAL NA CABEÇA DO GADO FUJAM DESSA EMISSORA FULEIRA   KKKKKKKKM', 'textOriginal': 'O PAPEL DA JOVEM PANO É FAZER LAVAGEM CEREBRAL NA CABEÇA DO GADO FUJAM DESSA EMISSORA FULEIRA   KKKKKKKKM', 'authorDisplayName': 'paulo peso', 'authorProfileImageUrl': 'https://yt3.ggpht.com/ytc/AGIKgqM47zOSGlwiV6HnogZUjp9M3WdL-oZzlUgx_Q=s48-c-k-c0x00ffffff-no-rj', 'authorChannelUrl': 'http://www.youtube.com/channel/UC-XI0ars7NYCy3pLR6ScnWQ', 'authorChannelId': {'value': 'UC-XI0ars7NYCy3pLR6ScnWQ'}, 'canRate': True, 'viewerRating': 'none', 'likeCount': 0, 'publishedAt': '2022-10-21T00:19:48Z', 'updatedAt': '2022-10-21T00:19:48Z'}}, 'canReply': True, 'totalReplyCount': 0, 'isPublic': True}",,UC-XI0ars7NYCy3pLR6ScnWQ,2022-10-21T00:19:48Z,O PAPEL DA JOVEM PANO É FAZER LAVAGEM CEREBRAL NA CABEÇA DO GADO FUJAM DESSA EMISSORA FULEIRA   KKKKKKKKM,QURTSl9pM0JhSzZRMVpOZTJEYmlEalp0OHRtYmY5bUROMmlWcWZnQkVQcE0xYmNwNVdBY0NxYzhJWjNFNjZiRkhNakpYcFAyTGE0WHFDWQ==,2023-06-09 05:42:50.357620
youtube#commentThread,t7LVSWPRC5gHJrlyZrlfxFEkHS8,Ugw9RUBzuksYxJWokoJ4AaABAg,"{'videoId': 'SFubem2H08c', 'topLevelComment': {'kind': 'youtube#comment', 'etag': 'XVj4YVKWzDUFWtYyQsEyidc6b3c', 'id': 'Ugw9RUBzuksYxJWokoJ4AaABAg', 'snippet': {'videoId': 'SFubem2H08c', 'textDisplay': 'O povo não pode retroceder, jamais iremos votar no ladrão.💚💛🇧🇷🇧🇷🇧🇷🇧🇷', 'textOriginal': 'O povo não pode retroceder, jamais iremos votar no ladrão.💚💛🇧🇷🇧🇷🇧🇷🇧🇷', 'authorDisplayName': 'Mércia Andrade', 'authorProfileImageUrl': 'https://yt3.ggpht.com/ytc/AGIKgqO-4Ec3dd563zn0_4GQhhEEUS_diAWcO10uyJ3clJ3lhJQ4kepEleMLxV3AUQhw=s48-c-k-c0x00ffffff-no-rj', 'authorChannelUrl': 'http://www.youtube.com/channel/UCATJ4c8qMLAu5G_7cd2gZZw', 'authorChannelId': {'value': 'UCATJ4c8qMLAu5G_7cd2gZZw'}, 'canRate': True, 'viewerRating': 'none', 'likeCount': 0, 'publishedAt': '2022-10-21T00:17:02Z', 'updatedAt': '2022-10-21T00:17:02Z'}}, 'canReply': True, 'totalReplyCount': 0, 'isPublic': True}",,UCATJ4c8qMLAu5G_7cd2gZZw,2022-10-21T00:17:02Z,"O povo não pode retroceder, jamais iremos votar no ladrão.💚💛🇧🇷🇧🇷🇧🇷🇧🇷",QURTSl9pM0JhSzZRMVpOZTJEYmlEalp0OHRtYmY5bUROMmlWcWZnQkVQcE0xYmNwNVdBY0NxYzhJWjNFNjZiRkhNakpYcFAyTGE0WHFDWQ==,2023-06-09 05:42:50.357620
youtube#commentThread,wF_cZQmZBMkBGVbaFs8G8VVEb4o,UgwdJvj_lOm3u5S7uCt4AaABAg,"{'videoId': 'SFubem2H08c', 'topLevelComment': {'kind': 'youtube#comment', 'etag': 'nLI3vi-A1KyLzedWGz5j7Y0EK9A', 'id': 'UgwdJvj_lOm3u5S7uCt4AaABAg', 'snippet': {'videoId': 'SFubem2H08c', 'textDisplay': 'Acorda Brasil Lula e Venezuela e Argentina e Nicarágua e Chile', 'textOriginal': 'Acorda Brasil Lula e Venezuela e Argentina e Nicarágua e Chile', 'authorDisplayName': 'Gruguer Rodrigues Rodrigues', 'authorProfileImageUrl': 'https://yt3.ggpht.com/ytc/AGIKgqPf0q4fSxZot6e1kgqM2xXncqLee_8ZveeiTg=s48-c-k-c0x00ffffff-no-rj', 'authorChannelUrl': 'http://www.youtube.com/channel/UCHGYwbLTvEbG00Ttc-gK35Q', 'authorChannelId': {'value': 'UCHGYwbLTvEbG00Ttc-gK35Q'}, 'canRate': True, 'viewerRating': 'none', 'likeCount': 0, 'publishedAt': '2022-10-21T00:16:39Z', 'updatedAt': '2022-10-21T00:16:39Z'}}, 'canReply': True, 'totalReplyCount': 0, 'isPublic': True}",,UCHGYwbLTvEbG00Ttc-gK35Q,2022-10-21T00:16:39Z,Acorda Brasil Lula e Venezuela e Argentina e Nicarágua e Chile,QURTSl9pM0JhSzZRMVpOZTJEYmlEalp0OHRtYmY5bUROMmlWcWZnQkVQcE0xYmNwNVdBY0NxYzhJWjNFNjZiRkhNakpYcFAyTGE0WHFDWQ==,2023-06-09 05:42:50.357620
youtube#commentThread,Ahjgi0O9TxYMBI4MLMZj1FNSpLc,UgwhkBPbM6Z2wWR_yXR4AaABAg,"{'videoId': 'SFubem2H08c', 'topLevelComment': {'kind': 'youtube#comment', 'etag': 'gkA45OAy7rW2-APiTpUBLLuIw6s', 'id': 'UgwhkBPbM6Z2wWR_yXR4AaABAg', 'snippet': {'videoId': 'SFubem2H08c', 'textDisplay': 'Por isso temos que rejeitar o ladrão, ninguém vota no PT.', 'textOriginal': 'Por isso temos que rejeitar o ladrão, ninguém vota no PT.', 'authorDisplayName': 'Mércia Andrade', 'authorProfileImageUrl': 'https://yt3.ggpht.com/ytc/AGIKgqO-4Ec3dd563zn0_4GQhhEEUS_diAWcO10uyJ3clJ3lhJQ4kepEleMLxV3AUQhw=s48-c-k-c0x00ffffff-no-rj', 'authorChannelUrl': 'http://www.youtube.com/channel/UCATJ4c8qMLAu5G_7cd2gZZw', 'authorChannelId': {'value': 'UCATJ4c8qMLAu5G_7cd2gZZw'}, 'canRate': True, 'viewerRating': 'none', 'likeCount': 0, 'publishedAt': '2022-10-21T00:15:30Z', 'updatedAt': '2022-10-21T00:15:30Z'}}, 'canReply': True, 'totalReplyCount': 0, 'isPublic': True}",,UCATJ4c8qMLAu5G_7cd2gZZw,2022-10-21T00:15:30Z,"Por isso temos que rejeitar o ladrão, ninguém vota no PT.",QURTSl9pM0JhSzZRMVpOZTJEYmlEalp0OHRtYmY5bUROMmlWcWZnQkVQcE0xYmNwNVdBY0NxYzhJWjNFNjZiRkhNakpYcFAyTGE0WHFDWQ==,2023-06-09 05:42:50.357620
youtube#commentThread,vImFYJXkohnBX6qMsAfQC6KffTc,UgzAlaOX8PKMrKuc-1J4AaABAg,"{'videoId': 'SFubem2H08c', 'topLevelComment': {'kind': 'youtube#comment', 'etag': 'nWm7w0cl2ncf-CcEnx4mRzN-YXQ', 'id': 'UgzAlaOX8PKMrKuc-1J4AaABAg', 'snippet': {'videoId': 'SFubem2H08c', 'textDisplay': 'Com governo de esquerda, pobreza deve disparar no Chile e no mundo em 2022.', 'textOriginal': 'Com governo de esquerda, pobreza deve disparar no Chile e no mundo em 2022.', 'authorDisplayName': 'PESCARIA NO MUSEU DO AMANHÃ🎣🦼', 'authorProfileImageUrl': 'https://yt3.ggpht.com/R88rHWNeJAfjKTCUWfJrk-l_ouzrtl2YIew5mwcY8vcsdNvgJs6NubUVrgIipLVjI2BDyOqRnQ=s48-c-k-c0x00ffffff-no-rj', 'authorChannelUrl': 'http://www.youtube.com/channel/UC3sq9UHTajnt9MwcvfUj2pQ', 'authorChannelId': {'value': 'UC3sq9UHTajnt9MwcvfUj2pQ'}, 'canRate': True, 'viewerRating': 'none', 'likeCount': 0, 'publishedAt': '2022-10-21T00:07:02Z', 'updatedAt': '2022-10-21T00:07:02Z'}}, 'canReply': True, 'totalReplyCount': 0, 'isPublic': True}",,UC3sq9UHTajnt9MwcvfUj2pQ,2022-10-21T00:07:02Z,"Com governo de esquerda, pobreza deve disparar no Chile e no mundo em 2022.",QURTSl9pM0JhSzZRMVpOZTJEYmlEalp0OHRtYmY5bUROMmlWcWZnQkVQcE0xYmNwNVdBY0NxYzhJWjNFNjZiRkhNakpYcFAyTGE0WHFDWQ==,2023-06-09 05:42:50.357620
youtube#commentThread,B3MB-r2ExiRmlAvmM4LVudHTpqc,UgzgObpGm1r1oggIBaJ4AaABAg,"{'videoId': 'SFubem2H08c', 'topLevelComment': {'kind': 'youtube#comment', 'etag': 'Y8PiEFRZe56gFFxVWC2KYI1oj2g', 'id': 'UgzgObpGm1r1oggIBaJ4AaABAg', 'snippet': {'videoId': 'SFubem2H08c', 'textDisplay': 'Em países governado pela esquerda e só pobreza, miséria, ditadura, censura, perseguição, conflitos e lixão', 'textOriginal': 'Em países governado pela esquerda e só pobreza, miséria, ditadura, censura, perseguição, conflitos e lixão', 'authorDisplayName': 'Nissan', 'authorProfileImageUrl': 'https://yt3.ggpht.com/ytc/AGIKgqPeuHi4hd1T8nwacjhlK7YEPkBqzicuXKXxvIRA0A=s48-c-k-c0x00ffffff-no-rj', 'authorChannelUrl': 'http://www.youtube.com/channel/UCF3AiuZngkdx1jtitMkDh3Q', 'authorChannelId': {'value': 'UCF3AiuZngkdx1jtitMkDh3Q'}, 'canRate': True, 'viewerRating': 'none', 'likeCount': 1, 'publishedAt': '2022-10-21T00:06:40Z', 'updatedAt': '2022-10-21T00:06:40Z'}}, 'canReply': True, 'totalReplyCount': 0, 'isPublic': True}",,UCF3AiuZngkdx1jtitMkDh3Q,2022-10-21T00:06:40Z,"Em países governado pela esquerda e só pobreza, miséria, ditadura, censura, perseguição, conflitos e lixão",QURTSl9pM0JhSzZRMVpOZTJEYmlEalp0OHRtYmY5bUROMmlWcWZnQkVQcE0xYmNwNVdBY0NxYzhJWjNFNjZiRkhNakpYcFAyTGE0WHFDWQ==,2023-06-09 05:42:50.357620
youtube#commentThread,PCp6_WKKO3utGz99c7OUFgU7PWo,UgyzCUKXGWUDb2f5rnB4AaABAg,"{'videoId': 'SFubem2H08c', 'topLevelComment': {'kind': 'youtube#comment', 'etag': '7b87xtvxSZJAiaUt5f_T-t95JP0', 'id': 'UgyzCUKXGWUDb2f5rnB4AaABAg', 'snippet': {'videoId': 'SFubem2H08c', 'textDisplay': 'Avante Brasil...dia 30 estaremos no mesmo caminho. Deus seja por nós.', 'textOriginal': 'Avante Brasil...dia 30 estaremos no mesmo caminho. Deus seja por nós.', 'authorDisplayName': 'Ana Luiza', 'authorProfileImageUrl': 'https://yt3.ggpht.com/ytc/AGIKgqORz3uo4pu4p3V2l2Av5Zvz7kEPQhpTB4mM8OXeNg=s48-c-k-c0x00ffffff-no-rj', 'authorChannelUrl': 'http://www.youtube.com/channel/UC73Bi9FPAzl3wfsCIsxyJ3A', 'authorChannelId': {'value': 'UC73Bi9FPAzl3wfsCIsxyJ3A'}, 'canRate': True, 'viewerRating': 'none', 'likeCount': 1, 'publishedAt': '2022-10-20T23:43:25Z', 'updatedAt': '2022-10-20T23:43:25Z'}}, 'canReply': True, 'totalReplyCount': 0, 'isPublic': True}",,UC73Bi9FPAzl3wfsCIsxyJ3A,2022-10-20T23:43:25Z,Avante Brasil...dia 30 estaremos no mesmo caminho. Deus seja por nós.,QURTSl9pM0JhSzZRMVpOZTJEYmlEalp0OHRtYmY5bUROMmlWcWZnQkVQcE0xYmNwNVdBY0NxYzhJWjNFNjZiRkhNakpYcFAyTGE0WHFDWQ==,2023-06-09 05:42:50.357620
youtube#commentThread,DmSP7zqdeA1rDJutdIZH1pVdmZk,Ugz_-lUtIPZOEovnWcR4AaABAg,"{'videoId': 'SFubem2H08c', 'topLevelComment': {'kind': 'youtube#comment', 'etag': 'Dqa0jUD0upDgD4h7y4_9Th4c9JA', 'id': 'Ugz_-lUtIPZOEovnWcR4AaABAg', 'snippet': {'videoId': 'SFubem2H08c', 'textDisplay': 'Esquerda é isso aí <br>Inflação e miséria', 'textOriginal': 'Esquerda é isso aí \\nInflação e miséria', 'authorDisplayName': 'Daniel Grotto', 'authorProfileImageUrl': 'https://yt3.ggpht.com/ytc/AGIKgqP1kFAoA6JRRyY1MX-PhR9XTjUCmLkcZcFv0w=s48-c-k-c0x00ffffff-no-rj', 'authorChannelUrl': 'http://www.youtube.com/channel/UCtI09616mzpx7uhCQb5aE_A', 'authorChannelId': {'value': 'UCtI09616mzpx7uhCQb5aE_A'}, 'canRate': True, 'viewerRating': 'none', 'likeCount': 0, 'publishedAt': '2022-10-20T23:40:00Z', 'updatedAt': '2022-10-20T23:40:00Z'}}, 'canReply': True, 'totalReplyCount': 0, 'isPublic': True}",,UCtI09616mzpx7uhCQb5aE_A,2022-10-20T23:40:00Z,"Esquerda é isso aí 
Inflação e miséria",QURTSl9pM0JhSzZRMVpOZTJEYmlEalp0OHRtYmY5bUROMmlWcWZnQkVQcE0xYmNwNVdBY0NxYzhJWjNFNjZiRkhNakpYcFAyTGE0WHFDWQ==,2023-06-09 05:42:50.357620
youtube#commentThread,AtGX8Bg-uxYNSUOOl5vZxn8Algk,UgytUdF1_OsoMoaMiy14AaABAg,"{'videoId': 'SFubem2H08c', 'topLevelComment': {'kind': 'youtube#comment', 'etag': 'SadCoGdUUXAMd_nUm4xPn8-z98w', 'id': 'UgytUdF1_OsoMoaMiy14AaABAg', 'snippet': {'videoId': 'SFubem2H08c', 'textDisplay': 'Cuidar, ajudar,beijar,massagear, financiar etc... Sempre a mesma conversa fiada demoníaca da Esquerda!!! 🇨🇳🇨🇳👹👹🟥🟥🟥', 'textOriginal': 'Cuidar, ajudar,beijar,massagear, financiar etc... Sempre a mesma conversa fiada demoníaca da Esquerda!!! 🇨🇳🇨🇳👹👹🟥🟥🟥', 'authorDisplayName': 'Eder Martins', 'authorProfileImageUrl': 'https://yt3.ggpht.com/ytc/AGIKgqNQ6AMt2FkfgutOS2ICEtojFqlWllIXipSVcZBtBw=s48-c-k-c0x00ffffff-no-rj', 'authorChannelUrl': 'http://www.youtube.com/channel/UCbUM2Ady8Qb_0B09p5W7wLQ', 'authorChannelId': {'value': 'UCbUM2Ady8Qb_0B09p5W7wLQ'}, 'canRate': True, 'viewerRating': 'none', 'likeCount': 0, 'publishedAt': '2022-10-20T23:39:05Z', 'updatedAt': '2022-10-20T23:39:05Z'}}, 'canReply': True, 'totalReplyCount': 0, 'isPublic': True}",,UCbUM2Ady8Qb_0B09p5W7wLQ,2022-10-20T23:39:05Z,"Cuidar, ajudar,beijar,massagear, financiar etc... Sempre a mesma conversa fiada demoníaca da Esquerda!!! 🇨🇳🇨🇳👹👹🟥🟥🟥",QURTSl9pM0JhSzZRMVpOZTJEYmlEalp0OHRtYmY5bUROMmlWcWZnQkVQcE0xYmNwNVdBY0NxYzhJWjNFNjZiRkhNakpYcFAyTGE0WHFDWQ==,2023-06-09 05:42:50.357620
youtube#commentThread,kuOui-0A_v4ky6j1eZAFsOjOMIU,UgxFEwy_sd5ydhRFP9F4AaABAg,"{'videoId': 'SFubem2H08c', 'topLevelComment': {'kind': 'youtube#comment', 'etag': 'xSvrtNcMtvOnEJpjXwKIXZ7mQfI', 'id': 'UgxFEwy_sd5ydhRFP9F4AaABAg', 'snippet': {'videoId': 'SFubem2H08c', 'textDisplay': 'Onde a esquerda se instala,ela apodrece!', 'textOriginal': 'Onde a esquerda se instala,ela apodrece!', 'authorDisplayName': 'Meire Regina', 'authorProfileImageUrl': 'https://yt3.ggpht.com/3V-JTYe_9m2aW9s3aB4ngWPLzdFIk3cdvT91av6emqjG41LhAMsjPRFa5SwpBtycwmWYgRWhRw=s48-c-k-c0x00ffffff-no-rj', 'authorChannelUrl': 'http://www.youtube.com/channel/UCUS9-vPDMtBgCp6TjBy1MtQ', 'authorChannelId': {'value': 'UCUS9-vPDMtBgCp6TjBy1MtQ'}, 'canRate': True, 'viewerRating': 'none', 'likeCount': 0, 'publishedAt': '2022-10-20T23:37:38Z', 'updatedAt': '2022-10-20T23:37:38Z'}}, 'canReply': True, 'totalReplyCount': 0, 'isPublic': True}",,UCUS9-vPDMtBgCp6TjBy1MtQ,2022-10-20T23:37:38Z,"Onde a esquerda se instala,ela apodrece!",QURTSl9pM0JhSzZRMVpOZTJEYmlEalp0OHRtYmY5bUROMmlWcWZnQkVQcE0xYmNwNVdBY0NxYzhJWjNFNjZiRkhNakpYcFAyTGE0WHFDWQ==,2023-06-09 05:42:50.357620
youtube#commentThread,3G4bjceSEYsmsvlMmKm-D6JP8vQ,UgwxmwlPYVhMr8qvLhB4AaABAg,"{'videoId': 'SFubem2H08c', 'topLevelComment': {'kind': 'youtube#comment', 'etag': 'KP6ZYa_IQbn5VdlgOph325e9PbY', 'id': 'UgwxmwlPYVhMr8qvLhB4AaABAg', 'snippet': {'videoId': 'SFubem2H08c', 'textDisplay': 'Estão tirando o alcance do canal', 'textOriginal': 'Estão tirando o alcance do canal', 'authorDisplayName': 'fabio pinheiro', 'authorProfileImageUrl': 'https://yt3.ggpht.com/ytc/AGIKgqMUXsxYufrCROz-R1EVs3RExFLAJraw1IcWSQ=s48-c-k-c0x00ffffff-no-rj', 'authorChannelUrl': 'http://www.youtube.com/channel/UCWMauG8_ewOupcoyklQnMhg', 'authorChannelId': {'value': 'UCWMauG8_ewOupcoyklQnMhg'}, 'canRate': True, 'viewerRating': 'none', 'likeCount': 0, 'publishedAt': '2022-10-20T23:35:54Z', 'updatedAt': '2022-10-20T23:35:54Z'}}, 'canReply': True, 'totalReplyCount': 0, 'isPublic': True}",,UCWMauG8_ewOupcoyklQnMhg,2022-10-20T23:35:54Z,Estão tirando o alcance do canal,QURTSl9pM0JhSzZRMVpOZTJEYmlEalp0OHRtYmY5bUROMmlWcWZnQkVQcE0xYmNwNVdBY0NxYzhJWjNFNjZiRkhNakpYcFAyTGE0WHFDWQ==,2023-06-09 05:42:50.357620
youtube#commentThread,A1Acc3IQ7vY-4hewG_G1NGG2ixs,Ugw_2qvmyhNVV4tY40t4AaABAg,"{'videoId': 'SFubem2H08c', 'topLevelComment': {'kind': 'youtube#comment', 'etag': 'ksaYlOLEUFf66c_LkoxaMU1i73M', 'id': 'Ugw_2qvmyhNVV4tY40t4AaABAg', 'snippet': {'videoId': 'SFubem2H08c', 'textDisplay': 'Povo brasileiro acorda', 'textOriginal': 'Povo brasileiro acorda', 'authorDisplayName': 'Ailto Gomes', 'authorProfileImageUrl': 'https://yt3.ggpht.com/ytc/AGIKgqOcMopcSkabHIV_B4uFEMet3xoQHciM4u9QFw=s48-c-k-c0x00ffffff-no-rj', 'authorChannelUrl': 'http://www.youtube.com/channel/UCWIo9V15XxeO6T37DI_3qrg', 'authorChannelId': {'value': 'UCWIo9V15XxeO6T37DI_3qrg'}, 'canRate': True, 'viewerRating': 'none', 'likeCount': 0, 'publishedAt': '2022-10-20T23:19:34Z', 'updatedAt': '2022-10-20T23:19:34Z'}}, 'canReply': True, 'totalReplyCount': 0, 'isPublic': True}",,UCWIo9V15XxeO6T37DI_3qrg,2022-10-20T23:19:34Z,Povo brasileiro acorda,QURTSl9pM0JhSzZRMVpOZTJEYmlEalp0OHRtYmY5bUROMmlWcWZnQkVQcE0xYmNwNVdBY0NxYzhJWjNFNjZiRkhNakpYcFAyTGE0WHFDWQ==,2023-06-09 05:42:50.357620
youtube#commentThread,DSSU4QJlexNLPgIBAQif8xUYgMs,Ugxc00EURUZFbm3C1rN4AaABAg,"{'videoId': 'SFubem2H08c', 'topLevelComment': {'kind': 'youtube#comment', 'etag': 'xsK1wFtwC48WzktSKwRDh49wdXE', 'id': 'Ugxc00EURUZFbm3C1rN4AaABAg', 'snippet': {'videoId': 'SFubem2H08c', 'textDisplay': 'Pra tu ai babacas que esse para o nosso país Brasil', 'textOriginal': 'Pra tu ai babacas que esse para o nosso país Brasil', 'authorDisplayName': 'Ailto Gomes', 'authorProfileImageUrl': 'https://yt3.ggpht.com/ytc/AGIKgqOcMopcSkabHIV_B4uFEMet3xoQHciM4u9QFw=s48-c-k-c0x00ffffff-no-rj', 'authorChannelUrl': 'http://www.youtube.com/channel/UCWIo9V15XxeO6T37DI_3qrg', 'authorChannelId': {'value': 'UCWIo9V15XxeO6T37DI_3qrg'}, 'canRate': True, 'viewerRating': 'none', 'likeCount': 0, 'publishedAt': '2022-10-20T23:18:29Z', 'updatedAt': '2022-10-20T23:18:29Z'}}, 'canReply': True, 'totalReplyCount': 0, 'isPublic': True}",,UCWIo9V15XxeO6T37DI_3qrg,2022-10-20T23:18:29Z,Pra tu ai babacas que esse para o nosso país Brasil,QURTSl9pM0JhSzZRMVpOZTJEYmlEalp0OHRtYmY5bUROMmlWcWZnQkVQcE0xYmNwNVdBY0NxYzhJWjNFNjZiRkhNakpYcFAyTGE0WHFDWQ==,2023-06-09 05:42:50.357620
youtube#commentThread,vDfGjc8yPEbqwmuiG6ola-kUvrI,Ugyl-5sEgbKIvxOvM-N4AaABAg,"{'videoId': 'SFubem2H08c', 'topLevelComment': {'kind': 'youtube#comment', 'etag': 'nCIucnryT5FPaKZZ73u8zbV_HMA', 'id': 'Ugyl-5sEgbKIvxOvM-N4AaABAg', 'snippet': {'videoId': 'SFubem2H08c', 'textDisplay': 'PORQUE OS COMUNISTAS SÃO MAUS, OU  FALTA DE COMPETÊNCIA? NÃO.  É FALTA DE DEUS. UMA NAÇÃO SEM DEUS  ELA NÃO SE SUSTENTA, POIS SEM DEUS NADA PODES FAZER. A CORDA CHILE.  VAMOS PESSOAL  BUSCAR  UNIÃO  E CONSERTO COM DEUS. BUSQUEM O DONO DA NAÇÃO DEUS. DEUS ABENÇOE VOCÊS.', 'textOriginal': 'PORQUE OS COMUNISTAS SÃO MAUS, OU  FALTA DE COMPETÊNCIA? NÃO.  É FALTA DE DEUS. UMA NAÇÃO SEM DEUS  ELA NÃO SE SUSTENTA, POIS SEM DEUS NADA PODES FAZER. A CORDA CHILE.  VAMOS PESSOAL  BUSCAR  UNIÃO  E CONSERTO COM DEUS. BUSQUEM O DONO DA NAÇÃO DEUS. DEUS ABENÇOE VOCÊS.', 'authorDisplayName': 'Lourdes de Souza', 'authorProfileImageUrl': 'https://yt3.ggpht.com/ytc/AGIKgqORR7ONz0pNfK2hPJK2m0vt5ipv6dH0RcD6uS-sAIu0WqEVEPHOPn4qJ5WPL16n=s48-c-k-c0x00ffffff-no-rj', 'authorChannelUrl': 'http://www.youtube.com/channel/UCU8vx_03b5xa_TCwxKg_FSA', 'authorChannelId': {'value': 'UCU8vx_03b5xa_TCwxKg_FSA'}, 'canRate': True, 'viewerRating': 'none', 'likeCount': 1, 'publishedAt': '2022-10-20T23:05:01Z', 'updatedAt': '2022-10-20T23:06:44Z'}}, 'canReply': True, 'totalReplyCount': 0, 'isPublic': True}",,UCU8vx_03b5xa_TCwxKg_FSA,2022-10-20T23:05:01Z,"PORQUE OS COMUNISTAS SÃO MAUS, OU  FALTA DE COMPETÊNCIA? NÃO.  É FALTA DE DEUS. UMA NAÇÃO SEM DEUS  ELA NÃO SE SUSTENTA, POIS SEM DEUS NADA PODES FAZER. A CORDA CHILE.  VAMOS PESSOAL  BUSCAR  UNIÃO  E CONSERTO COM DEUS. BUSQUEM O DONO DA NAÇÃO DEUS. DEUS ABENÇOE VOCÊS.",QURTSl9pM0JhSzZRMVpOZTJEYmlEalp0OHRtYmY5bUROMmlWcWZnQkVQcE0xYmNwNVdBY0NxYzhJWjNFNjZiRkhNakpYcFAyTGE0WHFDWQ==,2023-06-09 05:42:50.357620
youtube#commentThread,8vU7xNUgngCZ-MxThQ5m2MOHIno,UgzNp9mumDGRiL0QT7J4AaABAg,"{'videoId': 'SFubem2H08c', 'topLevelComment': {'kind': 'youtube#comment', 'etag': 'IqSw0XbyCxj_M_yR1mKJjRWtYDQ', 'id': 'UgzNp9mumDGRiL0QT7J4AaABAg', 'snippet': {'videoId': 'SFubem2H08c', 'textDisplay': 'Jovem pan e seu desespero kkkkkk', 'textOriginal': 'Jovem pan e seu desespero kkkkkk', 'authorDisplayName': 'Airton Constantin', 'authorProfileImageUrl': 'https://yt3.ggpht.com/YnkF04B2qwKOzHAVXzmaT2fHJRmdcalDMAe6fxCdN2pGJ3_ega9cqNA-P9c6SR9hKldQYLGO=s48-c-k-c0x00ffffff-no-rj', 'authorChannelUrl': 'http://www.youtube.com/channel/UCUtz2UlyWiImv_2MF9O6gxQ', 'authorChannelId': {'value': 'UCUtz2UlyWiImv_2MF9O6gxQ'}, 'canRate': True, 'viewerRating': 'none', 'likeCount': 0, 'publishedAt': '2022-10-20T23:04:54Z', 'updatedAt': '2022-10-20T23:04:54Z'}}, 'canReply': True, 'totalReplyCount': 0, 'isPublic': True}",,UCUtz2UlyWiImv_2MF9O6gxQ,2022-10-20T23:04:54Z,Jovem pan e seu desespero kkkkkk,QURTSl9pM0JhSzZRMVpOZTJEYmlEalp0OHRtYmY5bUROMmlWcWZnQkVQcE0xYmNwNVdBY0NxYzhJWjNFNjZiRkhNakpYcFAyTGE0WHFDWQ==,2023-06-09 05:42:50.357620
youtube#commentThread,0eZHavnpB657gBMcPcrJ1W6K0iI,Ugz1evL7BOt1Qs1lkN14AaABAg,"{'videoId': 'SFubem2H08c', 'topLevelComment': {'kind': 'youtube#comment', 'etag': '1qPJS9LwBud1DdPI6wQvwKF5qSM', 'id': 'Ugz1evL7BOt1Qs1lkN14AaABAg', 'snippet': {'videoId': 'SFubem2H08c', 'textDisplay': 'Chile em queda livre <br>Paga o preço que não queremos pagar no Brasil', 'textOriginal': 'Chile em queda livre \\nPaga o preço que não queremos pagar no Brasil', 'authorDisplayName': 'jose fernando sentone', 'authorProfileImageUrl': 'https://yt3.ggpht.com/ytc/AGIKgqNQLYW9IdoKrIYjWcXxcEM7ui_mjmD1a548BA=s48-c-k-c0x00ffffff-no-rj', 'authorChannelUrl': 'http://www.youtube.com/channel/UCLVEtQJMSxZ94oz1yWmRj9g', 'authorChannelId': {'value': 'UCLVEtQJMSxZ94oz1yWmRj9g'}, 'canRate': True, 'viewerRating': 'none', 'likeCount': 0, 'publishedAt': '2022-10-20T22:59:13Z', 'updatedAt': '2022-10-20T22:59:13Z'}}, 'canReply': True, 'totalReplyCount': 0, 'isPublic': True}",,UCLVEtQJMSxZ94oz1yWmRj9g,2022-10-20T22:59:13Z,"Chile em queda livre 
Paga o preço que não queremos pagar no Brasil",QURTSl9pM0JhSzZRMVpOZTJEYmlEalp0OHRtYmY5bUROMmlWcWZnQkVQcE0xYmNwNVdBY0NxYzhJWjNFNjZiRkhNakpYcFAyTGE0WHFDWQ==,2023-06-09 05:42:50.357620
youtube#commentThread,BMRhh9fydtLSpCLQPFlVqFsUJM4,UgyMmI7xn8ZVuTDYnYF4AaABAg,"{'videoId': 'SFubem2H08c', 'topLevelComment': {'kind': 'youtube#comment', 'etag': 'mw5GwWh6YDfeLYCRRoiRlc5Cets', 'id': 'UgyMmI7xn8ZVuTDYnYF4AaABAg', 'snippet': {'videoId': 'SFubem2H08c', 'textDisplay': 'Deus nos guarde e nos proteja de tudo que não provém de ti meu pai,  faça com os ignorantes e desinformados sejam preparados pra votar contra esses planos maléficos no dia 30/10/2022. Vamos votar 22 meu povo. Obrigado Senhor Deus.', 'textOriginal': 'Deus nos guarde e nos proteja de tudo que não provém de ti meu pai,  faça com os ignorantes e desinformados sejam preparados pra votar contra esses planos maléficos no dia 30/10/2022. Vamos votar 22 meu povo. Obrigado Senhor Deus.', 'authorDisplayName': 'eli tolentino', 'authorProfileImageUrl': 'https://yt3.ggpht.com/ytc/AGIKgqP5rR30EQXQUNtABLm9U3b45aPAImMAOK5oCw=s48-c-k-c0x00ffffff-no-rj', 'authorChannelUrl': 'http://www.youtube.com/channel/UCaVYh-xTZe6tqpzSq8fQCMw', 'authorChannelId': {'value': 'UCaVYh-xTZe6tqpzSq8fQCMw'}, 'canRate': True, 'viewerRating': 'none', 'likeCount': 1, 'publishedAt': '2022-10-20T22:51:43Z', 'updatedAt': '2022-10-20T22:53:05Z'}}, 'canReply': True, 'totalReplyCount': 0, 'isPublic': True}",,UCaVYh-xTZe6tqpzSq8fQCMw,2022-10-20T22:51:43Z,"Deus nos guarde e nos proteja de tudo que não provém de ti meu pai,  faça com os ignorantes e desinformados sejam preparados pra votar contra esses planos maléficos no dia 30/10/2022. Vamos votar 22 meu povo. Obrigado Senhor Deus.",QURTSl9pM0JhSzZRMVpOZTJEYmlEalp0OHRtYmY5bUROMmlWcWZnQkVQcE0xYmNwNVdBY0NxYzhJWjNFNjZiRkhNakpYcFAyTGE0WHFDWQ==,2023-06-09 05:42:50.357620
youtube#commentThread,upmUv_WCy4-L3IGGZZnp3UH1P18,Ugzk_sdL4zuViURuJk94AaABAg,"{'videoId': 'SFubem2H08c', 'topLevelComment': {'kind': 'youtube#comment', 'etag': 'Bd_bBCm5Um7l2fQOsPP4zi_JErY', 'id': 'Ugzk_sdL4zuViURuJk94AaABAg', 'snippet': {'videoId': 'SFubem2H08c', 'textDisplay': '💚🇧🇷🇧🇷🇧🇷🇧🇷🇧🇷🇧🇷22', 'textOriginal': '💚🇧🇷🇧🇷🇧🇷🇧🇷🇧🇷🇧🇷22', 'authorDisplayName': 'Patricia Domingues Azevedo', 'authorProfileImageUrl': 'https://yt3.ggpht.com/ytc/AGIKgqPC90Z0QdJxKNjbme2OxH7v2gJEBFOeWQY_hsu1uA=s48-c-k-c0x00ffffff-no-rj', 'authorChannelUrl': 'http://www.youtube.com/channel/UCLXiqMGGhYcg_pORCpCEHAQ', 'authorChannelId': {'value': 'UCLXiqMGGhYcg_pORCpCEHAQ'}, 'canRate': True, 'viewerRating': 'none', 'likeCount': 0, 'publishedAt': '2022-10-20T22:40:35Z', 'updatedAt': '2022-10-20T22:40:35Z'}}, 'canReply': True, 'totalReplyCount': 0, 'isPublic': True}",,UCLXiqMGGhYcg_pORCpCEHAQ,2022-10-20T22:40:35Z,💚🇧🇷🇧🇷🇧🇷🇧🇷🇧🇷🇧🇷22,QURTSl9pM0JhSzZRMVpOZTJEYmlEalp0OHRtYmY5bUROMmlWcWZnQkVQcE0xYmNwNVdBY0NxYzhJWjNFNjZiRkhNakpYcFAyTGE0WHFDWQ==,2023-06-09 05:42:50.357620
youtube#commentThread,lDguLI7LsFRqnyDEAIucaNcVft4,UgxZeEEAM96AY-RsL4x4AaABAg,"{'videoId': 'SFubem2H08c', 'topLevelComment': {'kind': 'youtube#comment', 'etag': '6m6bXqIDd0FX2JHNRenWbptN_GI', 'id': 'UgxZeEEAM96AY-RsL4x4AaABAg', 'snippet': {'videoId': 'SFubem2H08c', 'textDisplay': 'Mais claro impossível. Acordem indecisos, acordem indiferentes, acordem juventude. Não deixem o Brasil morrer nas mãos de ditadores.', 'textOriginal': 'Mais claro impossível. Acordem indecisos, acordem indiferentes, acordem juventude. Não deixem o Brasil morrer nas mãos de ditadores.', 'authorDisplayName': 'JCCaleffi', 'authorProfileImageUrl': 'https://yt3.ggpht.com/HC_N-942ay1sNs4-PlUjGIVaDGzDWduiUd7vNxMN4trDiyAx_vz0KfR98kgdn9bOm8soOqCn=s48-c-k-c0x00ffffff-no-rj', 'authorChannelUrl': 'http://www.youtube.com/channel/UC2GHDLR35tD6gKfJ2DFgUVw', 'authorChannelId': {'value': 'UC2GHDLR35tD6gKfJ2DFgUVw'}, 'canRate': True, 'viewerRating': 'none', 'likeCount': 0, 'publishedAt': '2022-10-20T22:27:11Z', 'updatedAt': '2022-10-20T22:27:11Z'}}, 'canReply': True, 'totalReplyCount': 0, 'isPublic': True}",,UC2GHDLR35tD6gKfJ2DFgUVw,2022-10-20T22:27:11Z,"Mais claro impossível. Acordem indecisos, acordem indiferentes, acordem juventude. Não deixem o Brasil morrer nas mãos de ditadores.",QURTSl9pM0JhSzZRMVpOZTJEYmlEalp0OHRtYmY5bUROMmlWcWZnQkVQcE0xYmNwNVdBY0NxYzhJWjNFNjZiRkhNakpYcFAyTGE0WHFDWQ==,2023-06-09 05:42:50.357620
youtube#commentThread,kNTkHgWHcEwn6VpYpWlmM1tIYN8,UgyfdOckbTGL9GtAfTJ4AaABAg,"{'videoId': 'SFubem2H08c', 'topLevelComment': {'kind': 'youtube#comment', 'etag': 's1AvH9c-uSB8VwYYF6iN5_m2leE', 'id': 'UgyfdOckbTGL9GtAfTJ4AaABAg', 'snippet': {'videoId': 'SFubem2H08c', 'textDisplay': 'A esquerdalha é assim mesmo...onde chega destrói.', 'textOriginal': 'A esquerdalha é assim mesmo...onde chega destrói.', 'authorDisplayName': 'alan da fonseca santana Santana', 'authorProfileImageUrl': 'https://yt3.ggpht.com/ytc/AGIKgqOmgVLS5JLE-rFa854yVKLGezo4O4j2KSnH3g=s48-c-k-c0x00ffffff-no-rj', 'authorChannelUrl': 'http://www.youtube.com/channel/UCpE88HVOInqpPNKskCVhT2w', 'authorChannelId': {'value': 'UCpE88HVOInqpPNKskCVhT2w'}, 'canRate': True, 'viewerRating': 'none', 'likeCount': 0, 'publishedAt': '2022-10-20T22:21:31Z', 'updatedAt': '2022-10-20T22:21:31Z'}}, 'canReply': True, 'totalReplyCount': 0, 'isPublic': True}",,UCpE88HVOInqpPNKskCVhT2w,2022-10-20T22:21:31Z,A esquerdalha é assim mesmo...onde chega destrói.,QURTSl9pM0JhSzZRMVpOZTJEYmlEalp0OHRtYmY5bUROMmlWcWZnQkVQcE0xYmNwNVdBY0NxYzhJWjNFNjZiRkhNakpYcFAyTGE0WHFDWQ==,2023-06-09 05:42:50.357620
youtube#commentThread,2YAj7gFWmTZm3vUkR-M8ZuL9odM,UgzZ1-UPd9UexbY1ZtR4AaABAg,"{'videoId': 'SFubem2H08c', 'topLevelComment': {'kind': 'youtube#comment', 'etag': 'KOUJFqNqtGmAwU_d-_sgOtMBx40', 'id': 'UgzZ1-UPd9UexbY1ZtR4AaABAg', 'snippet': {'videoId': 'SFubem2H08c', 'textDisplay': 'Alto índice de rejeição? Fizeram a escolha deles. O mesmo risco, o Brasil tá vivendo. Escolha erra dá nisso.', 'textOriginal': 'Alto índice de rejeição? Fizeram a escolha deles. O mesmo risco, o Brasil tá vivendo. Escolha erra dá nisso.', 'authorDisplayName': 'Gabriel gamer criador  de aves', 'authorProfileImageUrl': 'https://yt3.ggpht.com/0AkTimK8QKY6vg2atbwuwlMtfV0wvZ0EaOCDzc0Z4MGvHCUdG2EDCqyBo5mWdMAau6dn-yay=s48-c-k-c0x00ffffff-no-rj', 'authorChannelUrl': 'http://www.youtube.com/channel/UCeFQpyittPVbRzCPKpJsWrQ', 'authorChannelId': {'value': 'UCeFQpyittPVbRzCPKpJsWrQ'}, 'canRate': True, 'viewerRating': 'none', 'likeCount': 0, 'publishedAt': '2022-10-20T22:11:16Z', 'updatedAt': '2022-10-20T22:11:16Z'}}, 'canReply': True, 'totalReplyCount': 0, 'isPublic': True}",,UCeFQpyittPVbRzCPKpJsWrQ,2022-10-20T22:11:16Z,"Alto índice de rejeição? Fizeram a escolha deles. O mesmo risco, o Brasil tá vivendo. Escolha erra dá nisso.",QURTSl9pM0JhSzZRMVpOZTJEYmlEalp0OHRtYmY5bUROMmlWcWZnQkVQcE0xYmNwNVdBY0NxYzhJWjNFNjZiRkhNakpYcFAyTGE0WHFDWQ==,2023-06-09 05:42:50.357620
youtube#commentThread,LWPwLUqgC5zELN8q2xpJ_WdG_8c,UgxIheWcrhxxIYu8Dk14AaABAg,"{'videoId': 'SFubem2H08c', 'topLevelComment': {'kind': 'youtube#comment', 'etag': 'hXpDliZMqrTTynWNaWAF6cd7Zk0', 'id': 'UgxIheWcrhxxIYu8Dk14AaABAg', 'snippet': {'videoId': 'SFubem2H08c', 'textDisplay': 'Vamos aumentar tarifas da internet do pobre para o pobre pode comer picanha 😂😂<br><br>Presidiário.Ex', 'textOriginal': 'Vamos aumentar tarifas da internet do pobre para o pobre pode comer picanha 😂😂\\n\\nPresidiário.Ex', 'authorDisplayName': 'Lei A.I', 'authorProfileImageUrl': 'https://yt3.ggpht.com/Q0xkvCBo4YMLIoLmZoHUXsh0HlXgNR-RMb3X7iwseV4MQJCjijbbH0PdyFfwuzugFohfOFNf=s48-c-k-c0x00ffffff-no-rj', 'authorChannelUrl': 'http://www.youtube.com/channel/UCJh9vj8Lb4SBQfE5jMAC80Q', 'authorChannelId': {'value': 'UCJh9vj8Lb4SBQfE5jMAC80Q'}, 'canRate': True, 'viewerRating': 'none', 'likeCount': 0, 'publishedAt': '2022-10-20T22:03:41Z', 'updatedAt': '2022-10-20T22:03:41Z'}}, 'canReply': True, 'totalReplyCount': 0, 'isPublic': True}",,UCJh9vj8Lb4SBQfE5jMAC80Q,2022-10-20T22:03:41Z,"Vamos aumentar tarifas da internet do pobre para o pobre pode comer picanha 😂😂

Presidiário.Ex",QURTSl9pM0JhSzZRMVpOZTJEYmlEalp0OHRtYmY5bUROMmlWcWZnQkVQcE0xYmNwNVdBY0NxYzhJWjNFNjZiRkhNakpYcFAyTGE0WHFDWQ==,2023-06-09 05:42:50.357620
youtube#commentThread,zydwNjeh_b3TryMFqoBjPrn8ow0,UgzOnUB4uCle41YhtpB4AaABAg,"{'videoId': 'SFubem2H08c', 'topLevelComment': {'kind': 'youtube#comment', 'etag': 'iKv_SbhndIoS-TQer-saEGrc7SM', 'id': 'UgzOnUB4uCle41YhtpB4AaABAg', 'snippet': {'videoId': 'SFubem2H08c', 'textDisplay': 'Dilma Rousseff queria aumentar as tarifas em 2016 através da Embratel HaHa imagina aonde esse cachaço vai atacar primeiro', 'textOriginal': 'Dilma Rousseff queria aumentar as tarifas em 2016 através da Embratel HaHa imagina aonde esse cachaço vai atacar primeiro', 'authorDisplayName': 'Lei A.I', 'authorProfileImageUrl': 'https://yt3.ggpht.com/Q0xkvCBo4YMLIoLmZoHUXsh0HlXgNR-RMb3X7iwseV4MQJCjijbbH0PdyFfwuzugFohfOFNf=s48-c-k-c0x00ffffff-no-rj', 'authorChannelUrl': 'http://www.youtube.com/channel/UCJh9vj8Lb4SBQfE5jMAC80Q', 'authorChannelId': {'value': 'UCJh9vj8Lb4SBQfE5jMAC80Q'}, 'canRate': True, 'viewerRating': 'none', 'likeCount': 0, 'publishedAt': '2022-10-20T22:02:48Z', 'updatedAt': '2022-10-20T22:02:48Z'}}, 'canReply': True, 'totalReplyCount': 0, 'isPublic': True}",,UCJh9vj8Lb4SBQfE5jMAC80Q,2022-10-20T22:02:48Z,Dilma Rousseff queria aumentar as tarifas em 2016 através da Embratel HaHa imagina aonde esse cachaço vai atacar primeiro,QURTSl9pM0JhSzZRMVpOZTJEYmlEalp0OHRtYmY5bUROMmlWcWZnQkVQcE0xYmNwNVdBY0NxYzhJWjNFNjZiRkhNakpYcFAyTGE0WHFDWQ==,2023-06-09 05:42:50.357620
youtube#commentThread,QNlZahTnGJ3J5ZWxRftLicRsh4g,UgxQQfhzkicuRR6trJZ4AaABAg,"{'videoId': 'SFubem2H08c', 'topLevelComment': {'kind': 'youtube#comment', 'etag': '8pjNiKnVikCl92SOHE6pU0nqI6o', 'id': 'UgxQQfhzkicuRR6trJZ4AaABAg', 'snippet': {'videoId': 'SFubem2H08c', 'textDisplay': 'Oque aconteceu com Dilma Rousseff em 2016 esse cachaço vai se vingar', 'textOriginal': 'Oque aconteceu com Dilma Rousseff em 2016 esse cachaço vai se vingar', 'authorDisplayName': 'Lei A.I', 'authorProfileImageUrl': 'https://yt3.ggpht.com/Q0xkvCBo4YMLIoLmZoHUXsh0HlXgNR-RMb3X7iwseV4MQJCjijbbH0PdyFfwuzugFohfOFNf=s48-c-k-c0x00ffffff-no-rj', 'authorChannelUrl': 'http://www.youtube.com/channel/UCJh9vj8Lb4SBQfE5jMAC80Q', 'authorChannelId': {'value': 'UCJh9vj8Lb4SBQfE5jMAC80Q'}, 'canRate': True, 'viewerRating': 'none', 'likeCount': 0, 'publishedAt': '2022-10-20T22:01:46Z', 'updatedAt': '2022-10-20T22:01:46Z'}}, 'canReply': True, 'totalReplyCount': 0, 'isPublic': True}",,UCJh9vj8Lb4SBQfE5jMAC80Q,2022-10-20T22:01:46Z,Oque aconteceu com Dilma Rousseff em 2016 esse cachaço vai se vingar,QURTSl9pM0JhSzZRMVpOZTJEYmlEalp0OHRtYmY5bUROMmlWcWZnQkVQcE0xYmNwNVdBY0NxYzhJWjNFNjZiRkhNakpYcFAyTGE0WHFDWQ==,2023-06-09 05:42:50.357620
youtube#commentThread,gsU1MX6n6wTF7MqkvqVZGULCNUY,UgyaIdxUoit8zafJl_Z4AaABAg,"{'videoId': 'SFubem2H08c', 'topLevelComment': {'kind': 'youtube#comment', 'etag': 'SvoN2f3slaDMadvvCAEsR_6-EyM', 'id': 'UgyaIdxUoit8zafJl_Z4AaABAg', 'snippet': {'videoId': 'SFubem2H08c', 'textDisplay': '2023-2030 os países de esquerda vai viver na miséria e no caos tudo para aceitar agenda da ONU 2030', 'textOriginal': '2023-2030 os países de esquerda vai viver na miséria e no caos tudo para aceitar agenda da ONU 2030', 'authorDisplayName': 'Lei A.I', 'authorProfileImageUrl': 'https://yt3.ggpht.com/Q0xkvCBo4YMLIoLmZoHUXsh0HlXgNR-RMb3X7iwseV4MQJCjijbbH0PdyFfwuzugFohfOFNf=s48-c-k-c0x00ffffff-no-rj', 'authorChannelUrl': 'http://www.youtube.com/channel/UCJh9vj8Lb4SBQfE5jMAC80Q', 'authorChannelId': {'value': 'UCJh9vj8Lb4SBQfE5jMAC80Q'}, 'canRate': True, 'viewerRating': 'none', 'likeCount': 0, 'publishedAt': '2022-10-20T22:01:09Z', 'updatedAt': '2022-10-20T22:01:09Z'}}, 'canReply': True, 'totalReplyCount': 0, 'isPublic': True}",,UCJh9vj8Lb4SBQfE5jMAC80Q,2022-10-20T22:01:09Z,2023-2030 os países de esquerda vai viver na miséria e no caos tudo para aceitar agenda da ONU 2030,QURTSl9pM0JhSzZRMVpOZTJEYmlEalp0OHRtYmY5bUROMmlWcWZnQkVQcE0xYmNwNVdBY0NxYzhJWjNFNjZiRkhNakpYcFAyTGE0WHFDWQ==,2023-06-09 05:42:50.357620
youtube#commentThread,WtL0e8QSz91eKeHowGLOaCv7FE8,UgwjovOxhVRYD9VlaJF4AaABAg,"{'videoId': 'SFubem2H08c', 'topLevelComment': {'kind': 'youtube#comment', 'etag': 'Xj-L2y0h2kDRCfIFxP1ypgHsrZ8', 'id': 'UgwjovOxhVRYD9VlaJF4AaABAg', 'snippet': {'videoId': 'SFubem2H08c', 'textDisplay': 'EUA e China estão ansiosos para Lula ganhar nosso agronegócio brasileiro tá em jogo na geopolítica mundial', 'textOriginal': 'EUA e China estão ansiosos para Lula ganhar nosso agronegócio brasileiro tá em jogo na geopolítica mundial', 'authorDisplayName': 'Lei A.I', 'authorProfileImageUrl': 'https://yt3.ggpht.com/Q0xkvCBo4YMLIoLmZoHUXsh0HlXgNR-RMb3X7iwseV4MQJCjijbbH0PdyFfwuzugFohfOFNf=s48-c-k-c0x00ffffff-no-rj', 'authorChannelUrl': 'http://www.youtube.com/channel/UCJh9vj8Lb4SBQfE5jMAC80Q', 'authorChannelId': {'value': 'UCJh9vj8Lb4SBQfE5jMAC80Q'}, 'canRate': True, 'viewerRating': 'none', 'likeCount': 0, 'publishedAt': '2022-10-20T22:00:16Z', 'updatedAt': '2022-10-20T22:00:16Z'}}, 'canReply': True, 'totalReplyCount': 0, 'isPublic': True}",,UCJh9vj8Lb4SBQfE5jMAC80Q,2022-10-20T22:00:16Z,EUA e China estão ansiosos para Lula ganhar nosso agronegócio brasileiro tá em jogo na geopolítica mundial,QURTSl9pM0JhSzZRMVpOZTJEYmlEalp0OHRtYmY5bUROMmlWcWZnQkVQcE0xYmNwNVdBY0NxYzhJWjNFNjZiRkhNakpYcFAyTGE0WHFDWQ==,2023-06-09 05:42:50.357620
youtube#commentThread,0qrYinub7cQCdoXRzELO387Dyyw,UgzFe1b6roKxZ8L-YT94AaABAg,"{'videoId': 'SFubem2H08c', 'topLevelComment': {'kind': 'youtube#comment', 'etag': 'dWSmbYKGb6TSFfHblCGmao1LgH0', 'id': 'UgzFe1b6roKxZ8L-YT94AaABAg', 'snippet': {'videoId': 'SFubem2H08c', 'textDisplay': 'O povo do Chile gosta. Agora depois vem para o Brasil. É bom proibir .fique lá, quem mandou votar nele', 'textOriginal': 'O povo do Chile gosta. Agora depois vem para o Brasil. É bom proibir .fique lá, quem mandou votar nele', 'authorDisplayName': 'sonia feliciano', 'authorProfileImageUrl': 'https://yt3.ggpht.com/ytc/AGIKgqNFduvM1yqQSzf9ZBBta4IYhDq1nxfc2qpiEToA=s48-c-k-c0x00ffffff-no-rj', 'authorChannelUrl': 'http://www.youtube.com/channel/UCDXJYJ-meTUTR0GOg4rxB-A', 'authorChannelId': {'value': 'UCDXJYJ-meTUTR0GOg4rxB-A'}, 'canRate': True, 'viewerRating': 'none', 'likeCount': 0, 'publishedAt': '2022-10-20T21:55:48Z', 'updatedAt': '2022-10-20T21:55:48Z'}}, 'canReply': True, 'totalReplyCount': 0, 'isPublic': True}",,UCDXJYJ-meTUTR0GOg4rxB-A,2022-10-20T21:55:48Z,"O povo do Chile gosta. Agora depois vem para o Brasil. É bom proibir .fique lá, quem mandou votar nele",QURTSl9pM0JhSzZRMVpOZTJEYmlEalp0OHRtYmY5bUROMmlWcWZnQkVQcE0xYmNwNVdBY0NxYzhJWjNFNjZiRkhNakpYcFAyTGE0WHFDWQ==,2023-06-09 05:42:50.357620
youtube#commentThread,J-Kf1tQmbbGAxH3GUFMaAUFXc5Y,UgyJCzqWnSiH9NFaSs54AaABAg,"{'videoId': 'SFubem2H08c', 'topLevelComment': {'kind': 'youtube#comment', 'etag': 'Ad9NqXY4g7l-TtIcCp_JrGj0xMI', 'id': 'UgyJCzqWnSiH9NFaSs54AaABAg', 'snippet': {'videoId': 'SFubem2H08c', 'textDisplay': 'Pare e pense o mundo está piorando', 'textOriginal': 'Pare e pense o mundo está piorando', 'authorDisplayName': 'futnaveia', 'authorProfileImageUrl': 'https://yt3.ggpht.com/qag0MqGLaBRfou1AwBAVgDR7AACioa0A0gmWBkULm9pDiabVYbTrR3pCBYfvIfYnGonCyFsL=s48-c-k-c0x00ffffff-no-rj', 'authorChannelUrl': 'http://www.youtube.com/channel/UCeACZApmK-Fv3J5lMbV2i4g', 'authorChannelId': {'value': 'UCeACZApmK-Fv3J5lMbV2i4g'}, 'canRate': True, 'viewerRating': 'none', 'likeCount': 0, 'publishedAt': '2022-10-20T21:55:34Z', 'updatedAt': '2022-10-20T21:55:34Z'}}, 'canReply': True, 'totalReplyCount': 0, 'isPublic': True}",,UCeACZApmK-Fv3J5lMbV2i4g,2022-10-20T21:55:34Z,Pare e pense o mundo está piorando,QURTSl9pM0JhSzZRMVpOZTJEYmlEalp0OHRtYmY5bUROMmlWcWZnQkVQcE0xYmNwNVdBY0NxYzhJWjNFNjZiRkhNakpYcFAyTGE0WHFDWQ==,2023-06-09 05:42:50.357620
youtube#commentThread,6m_UvB-aSfa4yBBp2U30KCJCk0o,Ugx8CJG-ECkE9qCBGep4AaABAg,"{'videoId': 'SFubem2H08c', 'topLevelComment': {'kind': 'youtube#comment', 'etag': 'MrGtFlcqgkbH0gEjGhjHvXlZtMo', 'id': 'Ugx8CJG-ECkE9qCBGep4AaABAg', 'snippet': {'videoId': 'SFubem2H08c', 'textDisplay': 'Ou seja o Brasil pode ir ao mesmo caminho exesso contingente', 'textOriginal': 'Ou seja o Brasil pode ir ao mesmo caminho exesso contingente', 'authorDisplayName': 'Renato Silva Ottoni', 'authorProfileImageUrl': 'https://yt3.ggpht.com/ytc/AGIKgqNLGqjxPmP3WAkF9h7FoeHQurdtbnrB8AhAlQ=s48-c-k-c0x00ffffff-no-rj', 'authorChannelUrl': 'http://www.youtube.com/channel/UCIzUcYwHAbXciGcnmYpO7xQ', 'authorChannelId': {'value': 'UCIzUcYwHAbXciGcnmYpO7xQ'}, 'canRate': True, 'viewerRating': 'none', 'likeCount': 0, 'publishedAt': '2022-10-20T21:16:25Z', 'updatedAt': '2022-10-20T21:16:25Z'}}, 'canReply': True, 'totalReplyCount': 0, 'isPublic': True}",,UCIzUcYwHAbXciGcnmYpO7xQ,2022-10-20T21:16:25Z,Ou seja o Brasil pode ir ao mesmo caminho exesso contingente,QURTSl9pM0JhSzZRMVpOZTJEYmlEalp0OHRtYmY5bUROMmlWcWZnQkVQcE0xYmNwNVdBY0NxYzhJWjNFNjZiRkhNakpYcFAyTGE0WHFDWQ==,2023-06-09 05:42:50.357620
youtube#commentThread,9M40bfcPCC4xiR6aad2afaxVZGQ,UgyFWXQhqXp5Lua-DXh4AaABAg,"{'videoId': 'SFubem2H08c', 'topLevelComment': {'kind': 'youtube#comment', 'etag': 'gFgjC2Vl8gZMnn_LKYva4svKP_s', 'id': 'UgyFWXQhqXp5Lua-DXh4AaABAg', 'snippet': {'videoId': 'SFubem2H08c', 'textDisplay': 'Sem contar q as fronteiras do Brasil é  aberta para todos dos países q quebram', 'textOriginal': 'Sem contar q as fronteiras do Brasil é  aberta para todos dos países q quebram', 'authorDisplayName': 'Renato Silva Ottoni', 'authorProfileImageUrl': 'https://yt3.ggpht.com/ytc/AGIKgqNLGqjxPmP3WAkF9h7FoeHQurdtbnrB8AhAlQ=s48-c-k-c0x00ffffff-no-rj', 'authorChannelUrl': 'http://www.youtube.com/channel/UCIzUcYwHAbXciGcnmYpO7xQ', 'authorChannelId': {'value': 'UCIzUcYwHAbXciGcnmYpO7xQ'}, 'canRate': True, 'viewerRating': 'none', 'likeCount': 0, 'publishedAt': '2022-10-20T21:15:41Z', 'updatedAt': '2022-10-20T21:15:41Z'}}, 'canReply': True, 'totalReplyCount': 0, 'isPublic': True}",,UCIzUcYwHAbXciGcnmYpO7xQ,2022-10-20T21:15:41Z,Sem contar q as fronteiras do Brasil é  aberta para todos dos países q quebram,QURTSl9pM0JhSzZRMVpOZTJEYmlEalp0OHRtYmY5bUROMmlWcWZnQkVQcE0xYmNwNVdBY0NxYzhJWjNFNjZiRkhNakpYcFAyTGE0WHFDWQ==,2023-06-09 05:42:50.357620
youtube#commentThread,OF7SSgNxPD-qTkknGjmG4aRms7M,UgwFZ8o5uNTG8sxaryF4AaABAg,"{'videoId': 'SFubem2H08c', 'topLevelComment': {'kind': 'youtube#comment', 'etag': 'vPgmRoYqYx2CmlMG_HHCZ-fPmkc', 'id': 'UgwFZ8o5uNTG8sxaryF4AaABAg', 'snippet': {'videoId': 'SFubem2H08c', 'textDisplay': 'Votem no pt e o caminho será o mesmo', 'textOriginal': 'Votem no pt e o caminho será o mesmo', 'authorDisplayName': 'Renato Silva Ottoni', 'authorProfileImageUrl': 'https://yt3.ggpht.com/ytc/AGIKgqNLGqjxPmP3WAkF9h7FoeHQurdtbnrB8AhAlQ=s48-c-k-c0x00ffffff-no-rj', 'authorChannelUrl': 'http://www.youtube.com/channel/UCIzUcYwHAbXciGcnmYpO7xQ', 'authorChannelId': {'value': 'UCIzUcYwHAbXciGcnmYpO7xQ'}, 'canRate': True, 'viewerRating': 'none', 'likeCount': 0, 'publishedAt': '2022-10-20T21:14:48Z', 'updatedAt': '2022-10-20T21:14:48Z'}}, 'canReply': True, 'totalReplyCount': 0, 'isPublic': True}",,UCIzUcYwHAbXciGcnmYpO7xQ,2022-10-20T21:14:48Z,Votem no pt e o caminho será o mesmo,QURTSl9pM0JhSzZRMVpOZTJEYmlEalp0OHRtYmY5bUROMmlWcWZnQkVQcE0xYmNwNVdBY0NxYzhJWjNFNjZiRkhNakpYcFAyTGE0WHFDWQ==,2023-06-09 05:42:50.357620
youtube#commentThread,hS3wTXX57IpEh2UUscVmb0WO9Xs,UgyqEjvXpTL4KaRq7vh4AaABAg,"{'videoId': 'SFubem2H08c', 'topLevelComment': {'kind': 'youtube#comment', 'etag': 'e5BjRVqvkgHRadaYPDmfz_3v54c', 'id': 'UgyqEjvXpTL4KaRq7vh4AaABAg', 'snippet': {'videoId': 'SFubem2H08c', 'textDisplay': 'Povo chileno vai colher o que plantou.<br>Simples, como foi na Argentina e Colúmbia.', 'textOriginal': 'Povo chileno vai colher o que plantou.\\nSimples, como foi na Argentina e Colúmbia.', 'authorDisplayName': 'Kazuhiko Nomura', 'authorProfileImageUrl': 'https://yt3.ggpht.com/ytc/AGIKgqPcyGtR_oUu6NfOt4txX78OXoM3ywYZYjRC4Q=s48-c-k-c0x00ffffff-no-rj', 'authorChannelUrl': 'http://www.youtube.com/channel/UC4tILkY_QJlARw4vsZMdTIg', 'authorChannelId': {'value': 'UC4tILkY_QJlARw4vsZMdTIg'}, 'canRate': True, 'viewerRating': 'none', 'likeCount': 0, 'publishedAt': '2022-10-20T21:09:05Z', 'updatedAt': '2022-10-20T21:09:05Z'}}, 'canReply': True, 'totalReplyCount': 0, 'isPublic': True}",,UC4tILkY_QJlARw4vsZMdTIg,2022-10-20T21:09:05Z,"Povo chileno vai colher o que plantou.
Simples, como foi na Argentina e Colúmbia.",QURTSl9pM0JhSzZRMVpOZTJEYmlEalp0OHRtYmY5bUROMmlWcWZnQkVQcE0xYmNwNVdBY0NxYzhJWjNFNjZiRkhNakpYcFAyTGE0WHFDWQ==,2023-06-09 05:42:50.357620
youtube#commentThread,sAkaT5UUp5IbjSJ1fidLgJl8vng,UgxtupqSdKslSCkf4Ll4AaABAg,"{'videoId': 'SFubem2H08c', 'topLevelComment': {'kind': 'youtube#comment', 'etag': 'fPDXqy9tV4Fiv3eXwnyWE5ogbGQ', 'id': 'UgxtupqSdKslSCkf4Ll4AaABAg', 'snippet': {'videoId': 'SFubem2H08c', 'textDisplay': 'O povo tem que abri o olho .isso vai da merda pra todo mundo', 'textOriginal': 'O povo tem que abri o olho .isso vai da merda pra todo mundo', 'authorDisplayName': 'Silas Silva', 'authorProfileImageUrl': 'https://yt3.ggpht.com/jLAfIVH2ZeONLzPHDw9wxe6gJnjGBRHb4RQBGqndwOHX4fllkiOSaV5_P4Rad4TZIqTjqRZT-eo=s48-c-k-c0x00ffffff-no-rj', 'authorChannelUrl': 'http://www.youtube.com/channel/UCCRbScXoNqQZXwOjWBrmErA', 'authorChannelId': {'value': 'UCCRbScXoNqQZXwOjWBrmErA'}, 'canRate': True, 'viewerRating': 'none', 'likeCount': 0, 'publishedAt': '2022-10-20T21:01:06Z', 'updatedAt': '2022-10-20T21:01:06Z'}}, 'canReply': True, 'totalReplyCount': 0, 'isPublic': True}",,UCCRbScXoNqQZXwOjWBrmErA,2022-10-20T21:01:06Z,O povo tem que abri o olho .isso vai da merda pra todo mundo,QURTSl9pM0JhSzZRMVpOZTJEYmlEalp0OHRtYmY5bUROMmlWcWZnQkVQcE0xYmNwNVdBY0NxYzhJWjNFNjZiRkhNakpYcFAyTGE0WHFDWQ==,2023-06-09 05:42:50.357620
youtube#commentThread,jYzEVjIfWWMUgCA3bax6MamT8UA,UgxTgNQAjUsAChyEYHp4AaABAg,"{'videoId': 'SFubem2H08c', 'topLevelComment': {'kind': 'youtube#comment', 'etag': 'Dez1N5ZHTnx_P_KqK6RmUSoVKzw', 'id': 'UgxTgNQAjUsAChyEYHp4AaABAg', 'snippet': {'videoId': 'SFubem2H08c', 'textDisplay': 'A população do Chile ficaram anestesiados. Hoje estão pagando um preço alto.', 'textOriginal': 'A população do Chile ficaram anestesiados. Hoje estão pagando um preço alto.', 'authorDisplayName': 'Valdir Zago', 'authorProfileImageUrl': 'https://yt3.ggpht.com/ytc/AGIKgqPYT7ppgoLeqpCkZHqHKhbC5RXWFf0lQa4wUKV8=s48-c-k-c0x00ffffff-no-rj', 'authorChannelUrl': 'http://www.youtube.com/channel/UCuWJvwcAHGtYmqqwWSFBcfQ', 'authorChannelId': {'value': 'UCuWJvwcAHGtYmqqwWSFBcfQ'}, 'canRate': True, 'viewerRating': 'none', 'likeCount': 0, 'publishedAt': '2022-10-20T20:59:42Z', 'updatedAt': '2022-10-20T20:59:42Z'}}, 'canReply': True, 'totalReplyCount': 0, 'isPublic': True}",,UCuWJvwcAHGtYmqqwWSFBcfQ,2022-10-20T20:59:42Z,A população do Chile ficaram anestesiados. Hoje estão pagando um preço alto.,QURTSl9pM0JhSzZRMVpOZTJEYmlEalp0OHRtYmY5bUROMmlWcWZnQkVQcE0xYmNwNVdBY0NxYzhJWjNFNjZiRkhNakpYcFAyTGE0WHFDWQ==,2023-06-09 05:42:50.357620
youtube#commentThread,57ewehVs3JDu_SpfTTJEnVn2RRs,Ugym3VYS5LDdYMYraD54AaABAg,"{'videoId': 'SFubem2H08c', 'topLevelComment': {'kind': 'youtube#comment', 'etag': 'xAop9frtOAeLbEjV7xdfG7ixs_U', 'id': 'Ugym3VYS5LDdYMYraD54AaABAg', 'snippet': {'videoId': 'SFubem2H08c', 'textDisplay': 'São escória ladrões traficantes lavadores de dinheiro', 'textOriginal': 'São escória ladrões traficantes lavadores de dinheiro', 'authorDisplayName': 'Sergio Augusto Scabello Filho', 'authorProfileImageUrl': 'https://yt3.ggpht.com/ytc/AGIKgqOXFqB7DKEiF6Ayz8YE7c5FMj8nVC4lwQx0Dw=s48-c-k-c0x00ffffff-no-rj', 'authorChannelUrl': 'http://www.youtube.com/channel/UCVNRhmxQMQ-c5iMKW99imAw', 'authorChannelId': {'value': 'UCVNRhmxQMQ-c5iMKW99imAw'}, 'canRate': True, 'viewerRating': 'none', 'likeCount': 0, 'publishedAt': '2022-10-20T20:58:47Z', 'updatedAt': '2022-10-20T20:58:47Z'}}, 'canReply': True, 'totalReplyCount': 0, 'isPublic': True}",,UCVNRhmxQMQ-c5iMKW99imAw,2022-10-20T20:58:47Z,São escória ladrões traficantes lavadores de dinheiro,QURTSl9pM0JhSzZRMVpOZTJEYmlEalp0OHRtYmY5bUROMmlWcWZnQkVQcE0xYmNwNVdBY0NxYzhJWjNFNjZiRkhNakpYcFAyTGE0WHFDWQ==,2023-06-09 05:42:50.357620
youtube#commentThread,tJm3fhxIx73JY1n8I0P_stAlOGw,Ugzf0jbouTPodPCGp8F4AaABAg,"{'videoId': 'SFubem2H08c', 'topLevelComment': {'kind': 'youtube#comment', 'etag': 'VhvCfoKunBywYcuz4UXHM8_QtEg', 'id': 'Ugzf0jbouTPodPCGp8F4AaABAg', 'snippet': {'videoId': 'SFubem2H08c', 'textDisplay': 'É o Lula mais novo e de óculos.', 'textOriginal': 'É o Lula mais novo e de óculos.', 'authorDisplayName': 'Jailton Souza', 'authorProfileImageUrl': 'https://yt3.ggpht.com/ytc/AGIKgqOF0SgZ3APJu_aR6NvmyFx9OgPrg7Tzjzme5yZLQg=s48-c-k-c0x00ffffff-no-rj', 'authorChannelUrl': 'http://www.youtube.com/channel/UCAeIVgDMb1Xdug_ccJYEQsQ', 'authorChannelId': {'value': 'UCAeIVgDMb1Xdug_ccJYEQsQ'}, 'canRate': True, 'viewerRating': 'none', 'likeCount': 0, 'publishedAt': '2022-10-20T20:14:56Z', 'updatedAt': '2022-10-20T20:14:56Z'}}, 'canReply': True, 'totalReplyCount': 0, 'isPublic': True}",,UCAeIVgDMb1Xdug_ccJYEQsQ,2022-10-20T20:14:56Z,É o Lula mais novo e de óculos.,QURTSl9pM0JhSzZRMVpOZTJEYmlEalp0OHRtYmY5bUROMmlWcWZnQkVQcE0xYmNwNVdBY0NxYzhJWjNFNjZiRkhNakpYcFAyTGE0WHFDWQ==,2023-06-09 05:42:50.357620
youtube#commentThread,9jIyA4ygt7dk2HZpTmMYCJs8ML8,UgwgcQAy6fVtYxlgGAd4AaABAg,"{'videoId': 'SFubem2H08c', 'topLevelComment': {'kind': 'youtube#comment', 'etag': 'L90UryYeD9sDTOlfb0Szb6RF0bM', 'id': 'UgwgcQAy6fVtYxlgGAd4AaABAg', 'snippet': {'videoId': 'SFubem2H08c', 'textDisplay': 'Além de metro, a odebrecht também construiu ferrovias na venezuela. De quem era o dinheiro? Nosso via BNDES.', 'textOriginal': 'Além de metro, a odebrecht também construiu ferrovias na venezuela. De quem era o dinheiro? Nosso via BNDES.', 'authorDisplayName': 'Antonio Carlos Martins', 'authorProfileImageUrl': 'https://yt3.ggpht.com/ytc/AGIKgqMZHCF4KDg-GYsodZH1mo43O6gleohv_Mo8zw=s48-c-k-c0x00ffffff-no-rj', 'authorChannelUrl': 'http://www.youtube.com/channel/UC7r1o3xeWph4fL6UlWQjJKQ', 'authorChannelId': {'value': 'UC7r1o3xeWph4fL6UlWQjJKQ'}, 'canRate': True, 'viewerRating': 'none', 'likeCount': 0, 'publishedAt': '2022-10-20T19:51:59Z', 'updatedAt': '2022-10-20T19:51:59Z'}}, 'canReply': True, 'totalReplyCount': 0, 'isPublic': True}",,UC7r1o3xeWph4fL6UlWQjJKQ,2022-10-20T19:51:59Z,"Além de metro, a odebrecht também construiu ferrovias na venezuela. De quem era o dinheiro? Nosso via BNDES.",QURTSl9pM0JhSzZRMVpOZTJEYmlEalp0OHRtYmY5bUROMmlWcWZnQkVQcE0xYmNwNVdBY0NxYzhJWjNFNjZiRkhNakpYcFAyTGE0WHFDWQ==,2023-06-09 05:42:50.357620
youtube#commentThread,GsNlSbY3Q4wa2on1P4oU6Lg1N2E,UgzYHc42LqIP5932PU54AaABAg,"{'videoId': 'SFubem2H08c', 'topLevelComment': {'kind': 'youtube#comment', 'etag': '0pJv4lUyiJHP27w61PrZ_joVnKI', 'id': 'UgzYHc42LqIP5932PU54AaABAg', 'snippet': {'videoId': 'SFubem2H08c', 'textDisplay': 'Chi. Chi chile. Le le', 'textOriginal': 'Chi. Chi chile. Le le', 'authorDisplayName': 'Antonio Carlos Martins', 'authorProfileImageUrl': 'https://yt3.ggpht.com/ytc/AGIKgqMZHCF4KDg-GYsodZH1mo43O6gleohv_Mo8zw=s48-c-k-c0x00ffffff-no-rj', 'authorChannelUrl': 'http://www.youtube.com/channel/UC7r1o3xeWph4fL6UlWQjJKQ', 'authorChannelId': {'value': 'UC7r1o3xeWph4fL6UlWQjJKQ'}, 'canRate': True, 'viewerRating': 'none', 'likeCount': 0, 'publishedAt': '2022-10-20T19:44:18Z', 'updatedAt': '2022-10-20T19:44:18Z'}}, 'canReply': True, 'totalReplyCount': 0, 'isPublic': True}",,UC7r1o3xeWph4fL6UlWQjJKQ,2022-10-20T19:44:18Z,Chi. Chi chile. Le le,QURTSl9pM0JhSzZRMVpOZTJEYmlEalp0OHRtYmY5bUROMmlWcWZnQkVQcE0xYmNwNVdBY0NxYzhJWjNFNjZiRkhNakpYcFAyTGE0WHFDWQ==,2023-06-09 05:42:50.357620
youtube#commentThread,IFJv4s0G1m2m6g7IvMmCKL9qf5M,UgwM02VZ1ydoHRZuPT94AaABAg,"{'videoId': 'SFubem2H08c', 'topLevelComment': {'kind': 'youtube#comment', 'etag': 'vhTEEDoMchHDjE1EbEXaGGt5NN0', 'id': 'UgwM02VZ1ydoHRZuPT94AaABAg', 'snippet': {'videoId': 'SFubem2H08c', 'textDisplay': 'acorda Brasil,', 'textOriginal': 'acorda Brasil,', 'authorDisplayName': 'Lourdes Manha', 'authorProfileImageUrl': 'https://yt3.ggpht.com/ytc/AGIKgqNmOcGbx2OB0l-bUfdVSW9R4ilXmhPGwRFAbA=s48-c-k-c0x00ffffff-no-rj', 'authorChannelUrl': 'http://www.youtube.com/channel/UCQ-lv3o4E5I8fcuxiIsCp-Q', 'authorChannelId': {'value': 'UCQ-lv3o4E5I8fcuxiIsCp-Q'}, 'canRate': True, 'viewerRating': 'none', 'likeCount': 0, 'publishedAt': '2022-10-20T19:40:18Z', 'updatedAt': '2022-10-20T19:40:18Z'}}, 'canReply': True, 'totalReplyCount': 0, 'isPublic': True}",,UCQ-lv3o4E5I8fcuxiIsCp-Q,2022-10-20T19:40:18Z,"acorda Brasil,",QURTSl9pM0JhSzZRMVpOZTJEYmlEalp0OHRtYmY5bUROMmlWcWZnQkVQcE0xYmNwNVdBY0NxYzhJWjNFNjZiRkhNakpYcFAyTGE0WHFDWQ==,2023-06-09 05:42:50.357620
youtube#commentThread,mxCU-fFBg3Q4bdkKCh_0WUOOlmA,UgyjVu-QEyZe4aqWO0p4AaABAg,"{'videoId': 'SFubem2H08c', 'topLevelComment': {'kind': 'youtube#comment', 'etag': 'vSjXXG-itqB29CgI_pKnRlpNAVc', 'id': 'UgyjVu-QEyZe4aqWO0p4AaABAg', 'snippet': {'videoId': 'SFubem2H08c', 'textDisplay': 'Como pode,esses países estão indo p buraco,é os brasileiros parecem não ver isso,um sujeito mandando em tudo,bandido querendo o poder a todo custo,estão atacando até uma garotinha,é ninguém está fazendo nada!!!força presidente,força Michelle,o Brasil prescisa de vcs!!!', 'textOriginal': 'Como pode,esses países estão indo p buraco,é os brasileiros parecem não ver isso,um sujeito mandando em tudo,bandido querendo o poder a todo custo,estão atacando até uma garotinha,é ninguém está fazendo nada!!!força presidente,força Michelle,o Brasil prescisa de vcs!!!', 'authorDisplayName': 'Julio Cesar Ferreira dos Reis', 'authorProfileImageUrl': 'https://yt3.ggpht.com/ytc/AGIKgqMXzPZ1rHJ65gCoPUhkczEeOHI-foEjCHnvpbIAoyLcVS16lHZLU8tqT9M54VTo=s48-c-k-c0x00ffffff-no-rj', 'authorChannelUrl': 'http://www.youtube.com/channel/UCJHbWyjMVzqDG3K7fH6jkGg', 'authorChannelId': {'value': 'UCJHbWyjMVzqDG3K7fH6jkGg'}, 'canRate': True, 'viewerRating': 'none', 'likeCount': 0, 'publishedAt': '2022-10-20T19:09:00Z', 'updatedAt': '2022-10-20T19:09:00Z'}}, 'canReply': True, 'totalReplyCount': 0, 'isPublic': True}",,UCJHbWyjMVzqDG3K7fH6jkGg,2022-10-20T19:09:00Z,"Como pode,esses países estão indo p buraco,é os brasileiros parecem não ver isso,um sujeito mandando em tudo,bandido querendo o poder a todo custo,estão atacando até uma garotinha,é ninguém está fazendo nada!!!força presidente,força Michelle,o Brasil prescisa de vcs!!!",QURTSl9pM0JhSzZRMVpOZTJEYmlEalp0OHRtYmY5bUROMmlWcWZnQkVQcE0xYmNwNVdBY0NxYzhJWjNFNjZiRkhNakpYcFAyTGE0WHFDWQ==,2023-06-09 05:42:50.357620
youtube#commentThread,36hxJAXCE4gKwtKAaM8_wO2RtGA,UgwrvGpqy8nkoNOKnPl4AaABAg,"{'videoId': 'SFubem2H08c', 'topLevelComment': {'kind': 'youtube#comment', 'etag': 'HUCo8yePNCVcpZzV9nlbb0zJt8E', 'id': 'UgwrvGpqy8nkoNOKnPl4AaABAg', 'snippet': {'videoId': 'SFubem2H08c', 'textDisplay': 'A única explicação válida para tal notícia é que o Banco Mundial é controlado por bolsonaristas pois todos sabemos que a esquerda só traz riqueza e prosperidade!!!!', 'textOriginal': 'A única explicação válida para tal notícia é que o Banco Mundial é controlado por bolsonaristas pois todos sabemos que a esquerda só traz riqueza e prosperidade!!!!', 'authorDisplayName': 'The Silent Gamer', 'authorProfileImageUrl': 'https://yt3.ggpht.com/ytc/AGIKgqOJFJCAZCuGArEBQ3Pu-fA92Ky4afeJ68XxGQ=s48-c-k-c0x00ffffff-no-rj', 'authorChannelUrl': 'http://www.youtube.com/channel/UCz8tqU8hTNgSYV7A60fRCHg', 'authorChannelId': {'value': 'UCz8tqU8hTNgSYV7A60fRCHg'}, 'canRate': True, 'viewerRating': 'none', 'likeCount': 0, 'publishedAt': '2022-10-20T18:24:53Z', 'updatedAt': '2022-10-20T18:24:53Z'}}, 'canReply': True, 'totalReplyCount': 0, 'isPublic': True}",,UCz8tqU8hTNgSYV7A60fRCHg,2022-10-20T18:24:53Z,A única explicação válida para tal notícia é que o Banco Mundial é controlado por bolsonaristas pois todos sabemos que a esquerda só traz riqueza e prosperidade!!!!,QURTSl9pM0JhSzZRMVpOZTJEYmlEalp0OHRtYmY5bUROMmlWcWZnQkVQcE0xYmNwNVdBY0NxYzhJWjNFNjZiRkhNakpYcFAyTGE0WHFDWQ==,2023-06-09 05:42:50.357620
youtube#commentThread,MSPXlV2orpUxfjmP3MV8Oll8tyo,UgzI_CXjr02ITm7Kj8B4AaABAg,"{'videoId': 'SFubem2H08c', 'topLevelComment': {'kind': 'youtube#comment', 'etag': 'RQDpxSUQl4sO4Cwto7UEWdEU4Nk', 'id': 'UgzI_CXjr02ITm7Kj8B4AaABAg', 'snippet': {'videoId': 'SFubem2H08c', 'textDisplay': 'É o lula mais novo esse presidente do Chile', 'textOriginal': 'É o lula mais novo esse presidente do Chile', 'authorDisplayName': 'Adenir Jonck', 'authorProfileImageUrl': 'https://yt3.ggpht.com/ytc/AGIKgqNXHUAvjHfg6wXs5czVmktb0FUtqP9EFlikAQ=s48-c-k-c0x00ffffff-no-rj', 'authorChannelUrl': 'http://www.youtube.com/channel/UCjr0oXisvDd18gPtpkzQdkw', 'authorChannelId': {'value': 'UCjr0oXisvDd18gPtpkzQdkw'}, 'canRate': True, 'viewerRating': 'none', 'likeCount': 0, 'publishedAt': '2022-10-20T17:43:56Z', 'updatedAt': '2022-10-20T17:43:56Z'}}, 'canReply': True, 'totalReplyCount': 0, 'isPublic': True}",,UCjr0oXisvDd18gPtpkzQdkw,2022-10-20T17:43:56Z,É o lula mais novo esse presidente do Chile,QURTSl9pM0JhSzZRMVpOZTJEYmlEalp0OHRtYmY5bUROMmlWcWZnQkVQcE0xYmNwNVdBY0NxYzhJWjNFNjZiRkhNakpYcFAyTGE0WHFDWQ==,2023-06-09 05:42:50.357620
youtube#commentThread,C84yksxcnUZ1mqI_VOHIHL0MCKM,UgxH2vJ0MXg6mhh-vWp4AaABAg,"{'videoId': 'SFubem2H08c', 'topLevelComment': {'kind': 'youtube#comment', 'etag': '99kmDM9Uhd4Gn2i7LgUgB2HbcxU', 'id': 'UgxH2vJ0MXg6mhh-vWp4AaABAg', 'snippet': {'videoId': 'SFubem2H08c', 'textDisplay': 'E a história se repete como na Venezuela, Colômbia etc... Será que o povo realmente vota nesses ditadores ou é tudo fraude?', 'textOriginal': 'E a história se repete como na Venezuela, Colômbia etc... Será que o povo realmente vota nesses ditadores ou é tudo fraude?', 'authorDisplayName': 'Malu', 'authorProfileImageUrl': 'https://yt3.ggpht.com/ytc/AGIKgqPrH_MgAkK-XVOanNmcbPpAl4KDeyancdHUxPEylA=s48-c-k-c0x00ffffff-no-rj', 'authorChannelUrl': 'http://www.youtube.com/channel/UCO_3onkTtKgZUAjQoTE0gEw', 'authorChannelId': {'value': 'UCO_3onkTtKgZUAjQoTE0gEw'}, 'canRate': True, 'viewerRating': 'none', 'likeCount': 0, 'publishedAt': '2022-10-20T17:22:35Z', 'updatedAt': '2022-10-20T17:22:35Z'}}, 'canReply': True, 'totalReplyCount': 0, 'isPublic': True}",,UCO_3onkTtKgZUAjQoTE0gEw,2022-10-20T17:22:35Z,"E a história se repete como na Venezuela, Colômbia etc... Será que o povo realmente vota nesses ditadores ou é tudo fraude?",QURTSl9pM0JhSzZRMVpOZTJEYmlEalp0OHRtYmY5bUROMmlWcWZnQkVQcE0xYmNwNVdBY0NxYzhJWjNFNjZiRkhNakpYcFAyTGE0WHFDWQ==,2023-06-09 05:42:50.357620
youtube#commentThread,5Y4P6C9OVnCbM6o0quJaGa7cGXw,Ugw4cNqJT_GsEiKFZ2R4AaABAg,"{'videoId': 'SFubem2H08c', 'topLevelComment': {'kind': 'youtube#comment', 'etag': 'ALwQ2sSk6QUcy0cVluZTMRxgags', 'id': 'Ugw4cNqJT_GsEiKFZ2R4AaABAg', 'snippet': {'videoId': 'SFubem2H08c', 'textDisplay': 'Foro de São Paulo e grupo de Puebla', 'textOriginal': 'Foro de São Paulo e grupo de Puebla', 'authorDisplayName': 'Augusto', 'authorProfileImageUrl': 'https://yt3.ggpht.com/udweioy_l9NPh1eZ9riTdemENsWS-dYf23KzKtfT8TZaM9i8BCTOpogf9SJ-AnDQIGeq7ztE=s48-c-k-c0x00ffffff-no-rj', 'authorChannelUrl': 'http://www.youtube.com/channel/UC6fNr1aWNLEw_YGJFw0KfpA', 'authorChannelId': {'value': 'UC6fNr1aWNLEw_YGJFw0KfpA'}, 'canRate': True, 'viewerRating': 'none', 'likeCount': 0, 'publishedAt': '2022-10-20T17:21:54Z', 'updatedAt': '2022-10-20T17:21:54Z'}}, 'canReply': True, 'totalReplyCount': 0, 'isPublic': True}",,UC6fNr1aWNLEw_YGJFw0KfpA,2022-10-20T17:21:54Z,Foro de São Paulo e grupo de Puebla,QURTSl9pM0JhSzZRMVpOZTJEYmlEalp0OHRtYmY5bUROMmlWcWZnQkVQcE0xYmNwNVdBY0NxYzhJWjNFNjZiRkhNakpYcFAyTGE0WHFDWQ==,2023-06-09 05:42:50.357620
youtube#commentThread,wvP5pj1ABo0y2zOURl398oAf24M,UgyDwuluf56IwtNBVJB4AaABAg,"{'videoId': 'SFubem2H08c', 'topLevelComment': {'kind': 'youtube#comment', 'etag': 'VswxPRhOYrmWSta2hJlwidm0A28', 'id': 'UgyDwuluf56IwtNBVJB4AaABAg', 'snippet': {'videoId': 'SFubem2H08c', 'textDisplay': 'Então isentao fica em casa e fica limpinho,  depois é isso que acontece.', 'textOriginal': 'Então isentao fica em casa e fica limpinho,  depois é isso que acontece.', 'authorDisplayName': 'Ricardo Villaverde', 'authorProfileImageUrl': 'https://yt3.ggpht.com/ytc/AGIKgqMk0GTNlAQkFeYjZxMu20UjyzIDjf61uSrxKLMjAW0=s48-c-k-c0x00ffffff-no-rj', 'authorChannelUrl': 'http://www.youtube.com/channel/UCw-l9C1dQHd0buJ1Qs5mOwg', 'authorChannelId': {'value': 'UCw-l9C1dQHd0buJ1Qs5mOwg'}, 'canRate': True, 'viewerRating': 'none', 'likeCount': 0, 'publishedAt': '2022-10-20T16:52:20Z', 'updatedAt': '2022-10-20T16:52:20Z'}}, 'canReply': True, 'totalReplyCount': 0, 'isPublic': True}",,UCw-l9C1dQHd0buJ1Qs5mOwg,2022-10-20T16:52:20Z,"Então isentao fica em casa e fica limpinho,  depois é isso que acontece.",QURTSl9pM0JhSzZRMVpOZTJEYmlEalp0OHRtYmY5bUROMmlWcWZnQkVQcE0xYmNwNVdBY0NxYzhJWjNFNjZiRkhNakpYcFAyTGE0WHFDWQ==,2023-06-09 05:42:50.357620
youtube#commentThread,vwL1CBNlin8Pz0SaihGVa1VxEuM,UgzkBOuzSndI8x4TXyZ4AaABAg,"{'videoId': 'SFubem2H08c', 'topLevelComment': {'kind': 'youtube#comment', 'etag': 'FMbiYl5lbZ6N32vWF6DqGgjPI0w', 'id': 'UgzkBOuzSndI8x4TXyZ4AaABAg', 'snippet': {'videoId': 'SFubem2H08c', 'textDisplay': 'só lembrando que os artistas ricos e hipócritas que faz o L eles tem residência  nos EUA ou seja se LULA.DRÃO quebrar o país os covardes fogem os humildes sofrem', 'textOriginal': 'só lembrando que os artistas ricos e hipócritas que faz o L eles tem residência  nos EUA ou seja se LULA.DRÃO quebrar o país os covardes fogem os humildes sofrem', 'authorDisplayName': 'Marcos calibre12', 'authorProfileImageUrl': 'https://yt3.ggpht.com/ytc/AGIKgqOhUE76HrMIXAesv3wZmsYSuI-0DLKwzoPBGBh-=s48-c-k-c0x00ffffff-no-rj', 'authorChannelUrl': 'http://www.youtube.com/channel/UCJdhF4KGTlUis-h6aJPOA-A', 'authorChannelId': {'value': 'UCJdhF4KGTlUis-h6aJPOA-A'}, 'canRate': True, 'viewerRating': 'none', 'likeCount': 0, 'publishedAt': '2022-10-20T16:38:52Z', 'updatedAt': '2022-10-20T16:38:52Z'}}, 'canReply': True, 'totalReplyCount': 0, 'isPublic': True}",,UCJdhF4KGTlUis-h6aJPOA-A,2022-10-20T16:38:52Z,só lembrando que os artistas ricos e hipócritas que faz o L eles tem residência  nos EUA ou seja se LULA.DRÃO quebrar o país os covardes fogem os humildes sofrem,QURTSl9pM0JhSzZRMVpOZTJEYmlEalp0OHRtYmY5bUROMmlWcWZnQkVQcE0xYmNwNVdBY0NxYzhJWjNFNjZiRkhNakpYcFAyTGE0WHFDWQ==,2023-06-09 05:42:50.357620
youtube#commentThread,Fs9ZLBb9BBYX_tp72XQMZasEK-4,UgwPVaRl4l7ZZdNg7fR4AaABAg,"{'videoId': 'SFubem2H08c', 'topLevelComment': {'kind': 'youtube#comment', 'etag': 'aDUTo4DV1kiF08XolSmxP2bEz9c', 'id': 'UgwPVaRl4l7ZZdNg7fR4AaABAg', 'snippet': {'videoId': 'SFubem2H08c', 'textDisplay': 'Onde o governo é de esquerda, é só atraso, que sirva de lição para nós brasileiros,pt nunca mais.', 'textOriginal': 'Onde o governo é de esquerda, é só atraso, que sirva de lição para nós brasileiros,pt nunca mais.', 'authorDisplayName': 'Rogerio henrique henning', 'authorProfileImageUrl': 'https://yt3.ggpht.com/ytc/AGIKgqM3XQu6e0I9_BWKl5OCLV9YYcBBPRs4KNhsrQ=s48-c-k-c0x00ffffff-no-rj', 'authorChannelUrl': 'http://www.youtube.com/channel/UC-af6oVe3IV9L0IonNiP3AA', 'authorChannelId': {'value': 'UC-af6oVe3IV9L0IonNiP3AA'}, 'canRate': True, 'viewerRating': 'none', 'likeCount': 0, 'publishedAt': '2022-10-20T16:31:54Z', 'updatedAt': '2022-10-20T16:31:54Z'}}, 'canReply': True, 'totalReplyCount': 0, 'isPublic': True}",,UC-af6oVe3IV9L0IonNiP3AA,2022-10-20T16:31:54Z,"Onde o governo é de esquerda, é só atraso, que sirva de lição para nós brasileiros,pt nunca mais.",QURTSl9pM0JhSzZRMVpOZTJEYmlEalp0OHRtYmY5bUROMmlWcWZnQkVQcE0xYmNwNVdBY0NxYzhJWjNFNjZiRkhNakpYcFAyTGE0WHFDWQ==,2023-06-09 05:42:50.357620
youtube#commentThread,fEISvwLVz15mRccRAT8bD1fEr8A,Ugxnor8rROyylmL3tgl4AaABAg,"{'videoId': 'SFubem2H08c', 'topLevelComment': {'kind': 'youtube#comment', 'etag': 'QNfJgCHlOKIqgC7atrkPU4Ip0b8', 'id': 'Ugxnor8rROyylmL3tgl4AaABAg', 'snippet': {'videoId': 'SFubem2H08c', 'textDisplay': 'Vamos ter q absorver o povo venezuelano pq nunca mais a Venezuela sai dessa.', 'textOriginal': 'Vamos ter q absorver o povo venezuelano pq nunca mais a Venezuela sai dessa.', 'authorDisplayName': 'thebranca1', 'authorProfileImageUrl': 'https://yt3.ggpht.com/ytc/AGIKgqNYmeuCJggnXjE_FwCwsrzZye5RPkU2qIEvFg=s48-c-k-c0x00ffffff-no-rj', 'authorChannelUrl': 'http://www.youtube.com/channel/UCqlEQIrSERpBBw2j4KitRxA', 'authorChannelId': {'value': 'UCqlEQIrSERpBBw2j4KitRxA'}, 'canRate': True, 'viewerRating': 'none', 'likeCount': 0, 'publishedAt': '2022-10-20T16:25:50Z', 'updatedAt': '2022-10-20T16:25:50Z'}}, 'canReply': True, 'totalReplyCount': 0, 'isPublic': True}",,UCqlEQIrSERpBBw2j4KitRxA,2022-10-20T16:25:50Z,Vamos ter q absorver o povo venezuelano pq nunca mais a Venezuela sai dessa.,QURTSl9pM0JhSzZRMVpOZTJEYmlEalp0OHRtYmY5bUROMmlWcWZnQkVQcE0xYmNwNVdBY0NxYzhJWjNFNjZiRkhNakpYcFAyTGE0WHFDWQ==,2023-06-09 05:42:50.357620
youtube#commentThread,9n-UxxszkTLzBssKBUrdL4j8p4M,UgwbnV4DatNLbd7lCHV4AaABAg,"{'videoId': 'SFubem2H08c', 'topLevelComment': {'kind': 'youtube#comment', 'etag': 'LOXFtDrv-M_A_4ePkwZJsw5kY-0', 'id': 'UgwbnV4DatNLbd7lCHV4AaABAg', 'snippet': {'videoId': 'SFubem2H08c', 'textDisplay': 'Moro no Chile a 25 anos e faz 3 anos quebrei meu empreendimento de turismo pelos protestos que apesar desse personagem estar no poder, seguem os anarquistas e aproveitadores fazendo saqueios.<br><br>Foro de São Paulo sendo implantando com sucesso.<br><br>Se cuide Brasil!!!!', 'textOriginal': 'Moro no Chile a 25 anos e faz 3 anos quebrei meu empreendimento de turismo pelos protestos que apesar desse personagem estar no poder, seguem os anarquistas e aproveitadores fazendo saqueios.\\n\\nForo de São Paulo sendo implantando com sucesso.\\n\\nSe cuide Brasil!!!!', 'authorDisplayName': 'Otavio de Oliveira M.', 'authorProfileImageUrl': 'https://yt3.ggpht.com/ytc/AGIKgqP2X4sV5Jo8NiKiVy_GMqfBxRGevojUPKaVplOd=s48-c-k-c0x00ffffff-no-rj', 'authorChannelUrl': 'http://www.youtube.com/channel/UCua4zqd5ukp_0t1we_Cp9NQ', 'authorChannelId': {'value': 'UCua4zqd5ukp_0t1we_Cp9NQ'}, 'canRate': True, 'viewerRating': 'none', 'likeCount': 0, 'publishedAt': '2022-10-20T16:24:54Z', 'updatedAt': '2022-10-20T16:24:54Z'}}, 'canReply': True, 'totalReplyCount': 0, 'isPublic': True}",,UCua4zqd5ukp_0t1we_Cp9NQ,2022-10-20T16:24:54Z,"Moro no Chile a 25 anos e faz 3 anos quebrei meu empreendimento de turismo pelos protestos que apesar desse personagem estar no poder, seguem os anarquistas e aproveitadores fazendo saqueios.

Foro de São Paulo sendo implantando com sucesso.

Se cuide Brasil!!!!",QURTSl9pM0JhSzZRMVpOZTJEYmlEalp0OHRtYmY5bUROMmlWcWZnQkVQcE0xYmNwNVdBY0NxYzhJWjNFNjZiRkhNakpYcFAyTGE0WHFDWQ==,2023-06-09 05:42:50.357620
youtube#commentThread,TcJTHatZgNwfrAE6EeJx80uceAQ,Ugw1p0KJkl2ayg-3W8x4AaABAg,"{'videoId': 'SFubem2H08c', 'topLevelComment': {'kind': 'youtube#comment', 'etag': 'WAVC82CGzgiMlxAIaebj4YAt4XQ', 'id': 'Ugw1p0KJkl2ayg-3W8x4AaABAg', 'snippet': {'videoId': 'SFubem2H08c', 'textDisplay': 'O CHORO É LIVRE', 'textOriginal': 'O CHORO É LIVRE', 'authorDisplayName': 'marco sturaro', 'authorProfileImageUrl': 'https://yt3.ggpht.com/ytc/AGIKgqOM0He2fuoIHOfL6A0sAKAxP2-hiZ4zmDHf0uFPOos=s48-c-k-c0x00ffffff-no-rj', 'authorChannelUrl': 'http://www.youtube.com/channel/UC6R986v4BGBv1svgN8xf6XA', 'authorChannelId': {'value': 'UC6R986v4BGBv1svgN8xf6XA'}, 'canRate': True, 'viewerRating': 'none', 'likeCount': 0, 'publishedAt': '2022-10-20T15:58:21Z', 'updatedAt': '2022-10-20T15:58:21Z'}}, 'canReply': True, 'totalReplyCount': 0, 'isPublic': True}",,UC6R986v4BGBv1svgN8xf6XA,2022-10-20T15:58:21Z,O CHORO É LIVRE,QURTSl9pM0JhSzZRMVpOZTJEYmlEalp0OHRtYmY5bUROMmlWcWZnQkVQcE0xYmNwNVdBY0NxYzhJWjNFNjZiRkhNakpYcFAyTGE0WHFDWQ==,2023-06-09 05:42:50.357620
youtube#commentThread,zqSR7_VkKdLUxZ_P0MuOo01WVzI,UgxL1rrn5ruonOptVv94AaABAg,"{'videoId': 'SFubem2H08c', 'topLevelComment': {'kind': 'youtube#comment', 'etag': 'ViqiVuhPny_n5RU8NnZGhyEJ8_Y', 'id': 'UgxL1rrn5ruonOptVv94AaABAg', 'snippet': {'videoId': 'SFubem2H08c', 'textDisplay': 'Nada a ver', 'textOriginal': 'Nada a ver', 'authorDisplayName': 'adilson silva', 'authorProfileImageUrl': 'https://yt3.ggpht.com/ytc/AGIKgqMvZGlFrtHHxQnZieaxLXUdDv9NwmP_NJ1WQw=s48-c-k-c0x00ffffff-no-rj', 'authorChannelUrl': 'http://www.youtube.com/channel/UCL13IkKgCz-wJVpXAVVmpFw', 'authorChannelId': {'value': 'UCL13IkKgCz-wJVpXAVVmpFw'}, 'canRate': True, 'viewerRating': 'none', 'likeCount': 0, 'publishedAt': '2022-10-20T15:57:00Z', 'updatedAt': '2022-10-20T15:57:00Z'}}, 'canReply': True, 'totalReplyCount': 0, 'isPublic': True}",,UCL13IkKgCz-wJVpXAVVmpFw,2022-10-20T15:57:00Z,Nada a ver,QURTSl9pM0JhSzZRMVpOZTJEYmlEalp0OHRtYmY5bUROMmlWcWZnQkVQcE0xYmNwNVdBY0NxYzhJWjNFNjZiRkhNakpYcFAyTGE0WHFDWQ==,2023-06-09 05:42:50.357620
youtube#commentThread,P5vVfuHIMXshN81_hG9OSKHW0Kk,UgybL352gKTTuDK62y54AaABAg,"{'videoId': 'SFubem2H08c', 'topLevelComment': {'kind': 'youtube#comment', 'etag': 'kz0ZPSzYiuXcvroLmR6_kPG8IN8', 'id': 'UgybL352gKTTuDK62y54AaABAg', 'snippet': {'videoId': 'SFubem2H08c', 'textDisplay': 'Essa é a tal esquerda! Só tragédia onde chega! 🇧🇷🇧🇷🇧🇷', 'textOriginal': 'Essa é a tal esquerda! Só tragédia onde chega! 🇧🇷🇧🇷🇧🇷', 'authorDisplayName': 'EDVALDO BARBOSA', 'authorProfileImageUrl': 'https://yt3.ggpht.com/ytc/AGIKgqORkmio3hGSdrAHfeDdjgSdmmMPZVHaUfjufQ=s48-c-k-c0x00ffffff-no-rj', 'authorChannelUrl': 'http://www.youtube.com/channel/UC9oAWrf0OYLqe3FW9NOL2GA', 'authorChannelId': {'value': 'UC9oAWrf0OYLqe3FW9NOL2GA'}, 'canRate': True, 'viewerRating': 'none', 'likeCount': 0, 'publishedAt': '2022-10-20T15:55:42Z', 'updatedAt': '2022-10-20T15:55:42Z'}}, 'canReply': True, 'totalReplyCount': 0, 'isPublic': True}",,UC9oAWrf0OYLqe3FW9NOL2GA,2022-10-20T15:55:42Z,Essa é a tal esquerda! Só tragédia onde chega! 🇧🇷🇧🇷🇧🇷,QURTSl9pM0JhSzZRMVpOZTJEYmlEalp0OHRtYmY5bUROMmlWcWZnQkVQcE0xYmNwNVdBY0NxYzhJWjNFNjZiRkhNakpYcFAyTGE0WHFDWQ==,2023-06-09 05:42:50.357620
youtube#commentThread,uB82PFo1v_mkrp6JKu0k7X65EZ0,UgyrqQitt05HbmwuBTh4AaABAg,"{'videoId': 'SFubem2H08c', 'topLevelComment': {'kind': 'youtube#comment', 'etag': 'oKqZTe5RoKxDr65gIFAkrbzGG5Q', 'id': 'UgyrqQitt05HbmwuBTh4AaABAg', 'snippet': {'videoId': 'SFubem2H08c', 'textDisplay': 'Não queremos saber de Chile, queremos tirar Bozó isso sim', 'textOriginal': 'Não queremos saber de Chile, queremos tirar Bozó isso sim', 'authorDisplayName': 'Eder Oliveira da Silva Silva', 'authorProfileImageUrl': 'https://yt3.ggpht.com/ytc/AGIKgqPMTumdSE8g223vaSv2xwKlpT4eUGmfQ6hMBP7ROA=s48-c-k-c0x00ffffff-no-rj', 'authorChannelUrl': 'http://www.youtube.com/channel/UCDibAvdggS3Wdny4A5p4Crg', 'authorChannelId': {'value': 'UCDibAvdggS3Wdny4A5p4Crg'}, 'canRate': True, 'viewerRating': 'none', 'likeCount': 0, 'publishedAt': '2022-10-20T15:48:18Z', 'updatedAt': '2022-10-20T15:48:18Z'}}, 'canReply': True, 'totalReplyCount': 0, 'isPublic': True}",,UCDibAvdggS3Wdny4A5p4Crg,2022-10-20T15:48:18Z,"Não queremos saber de Chile, queremos tirar Bozó isso sim",QURTSl9pM0JhSzZRMVpOZTJEYmlEalp0OHRtYmY5bUROMmlWcWZnQkVQcE0xYmNwNVdBY0NxYzhJWjNFNjZiRkhNakpYcFAyTGE0WHFDWQ==,2023-06-09 05:42:50.357620
youtube#commentThread,66U96qg5fMqPRHaW42NlofW3rBM,Ugxy7hbtaYYOmzROW_B4AaABAg,"{'videoId': 'SFubem2H08c', 'topLevelComment': {'kind': 'youtube#comment', 'etag': '2Z0XVUvGsMyZo1hUCh_3IHr77z4', 'id': 'Ugxy7hbtaYYOmzROW_B4AaABAg', 'snippet': {'videoId': 'SFubem2H08c', 'textDisplay': 'Comunismo não funciona em nem um lugar e não pode se instalar no nosso pais🇧🇷🇧🇷🇧🇷🇧🇷🇧🇷', 'textOriginal': 'Comunismo não funciona em nem um lugar e não pode se instalar no nosso pais🇧🇷🇧🇷🇧🇷🇧🇷🇧🇷', 'authorDisplayName': 'Maicon Peretti', 'authorProfileImageUrl': 'https://yt3.ggpht.com/ytc/AGIKgqNNl4OhXOxhlHsq3g_uuY1AZv0eMqLydCC5ZVLLlpg=s48-c-k-c0x00ffffff-no-rj', 'authorChannelUrl': 'http://www.youtube.com/channel/UC0IglZekQYAaA612QHjtCig', 'authorChannelId': {'value': 'UC0IglZekQYAaA612QHjtCig'}, 'canRate': True, 'viewerRating': 'none', 'likeCount': 0, 'publishedAt': '2022-10-20T15:35:59Z', 'updatedAt': '2022-10-20T15:35:59Z'}}, 'canReply': True, 'totalReplyCount': 0, 'isPublic': True}",,UC0IglZekQYAaA612QHjtCig,2022-10-20T15:35:59Z,Comunismo não funciona em nem um lugar e não pode se instalar no nosso pais🇧🇷🇧🇷🇧🇷🇧🇷🇧🇷,QURTSl9pM0JhSzZRMVpOZTJEYmlEalp0OHRtYmY5bUROMmlWcWZnQkVQcE0xYmNwNVdBY0NxYzhJWjNFNjZiRkhNakpYcFAyTGE0WHFDWQ==,2023-06-09 05:42:50.357620
youtube#commentThread,CDkPPB5-dwJJSLK86zKNYnlth-g,UgzkiU1jBobyZTddD9t4AaABAg,"{'videoId': 'SFubem2H08c', 'topLevelComment': {'kind': 'youtube#comment', 'etag': 'PSswiyu0U-LGlaIQNTdN4z3yltQ', 'id': 'UgzkiU1jBobyZTddD9t4AaABAg', 'snippet': {'videoId': 'SFubem2H08c', 'textDisplay': 'E AQUI NO BRASIL TAMBEM NUNCA VI TER TANTO BURRO E LADRAO', 'textOriginal': 'E AQUI NO BRASIL TAMBEM NUNCA VI TER TANTO BURRO E LADRAO', 'authorDisplayName': 'João usseda', 'authorProfileImageUrl': 'https://yt3.ggpht.com/ytc/AGIKgqM0PaxEQlkJU0MJmMsrheFCj_VHK9MFN8DeTA=s48-c-k-c0x00ffffff-no-rj', 'authorChannelUrl': 'http://www.youtube.com/channel/UCEJgpPhfamNtpG7HyJ-l3fw', 'authorChannelId': {'value': 'UCEJgpPhfamNtpG7HyJ-l3fw'}, 'canRate': True, 'viewerRating': 'none', 'likeCount': 0, 'publishedAt': '2022-10-20T15:12:48Z', 'updatedAt': '2022-10-20T15:12:48Z'}}, 'canReply': True, 'totalReplyCount': 0, 'isPublic': True}",,UCEJgpPhfamNtpG7HyJ-l3fw,2022-10-20T15:12:48Z,E AQUI NO BRASIL TAMBEM NUNCA VI TER TANTO BURRO E LADRAO,QURTSl9pM0JhSzZRMVpOZTJEYmlEalp0OHRtYmY5bUROMmlWcWZnQkVQcE0xYmNwNVdBY0NxYzhJWjNFNjZiRkhNakpYcFAyTGE0WHFDWQ==,2023-06-09 05:42:50.357620
youtube#commentThread,cQJzRdU3VBi6e2fpcMyHVBgG2Qg,UgxjE9oHDK18mspllnR4AaABAg,"{'videoId': 'SFubem2H08c', 'topLevelComment': {'kind': 'youtube#comment', 'etag': 'z8CPewe1fOQ_HJFRkyvJJXX00lA', 'id': 'UgxjE9oHDK18mspllnR4AaABAg', 'snippet': {'videoId': 'SFubem2H08c', 'textDisplay': 'Galera temos de nos unir e virar votos pro seu Jair. Não podemos deixar o molusco voltar.', 'textOriginal': 'Galera temos de nos unir e virar votos pro seu Jair. Não podemos deixar o molusco voltar.', 'authorDisplayName': 'Asgard Skulld', 'authorProfileImageUrl': 'https://yt3.ggpht.com/ytc/AGIKgqP-DGEbaHTP6nxeoHsBTgMqf99OiUgqERlc9w=s48-c-k-c0x00ffffff-no-rj', 'authorChannelUrl': 'http://www.youtube.com/channel/UCgg9VbTBZ-ws8ZjROqaDNAg', 'authorChannelId': {'value': 'UCgg9VbTBZ-ws8ZjROqaDNAg'}, 'canRate': True, 'viewerRating': 'none', 'likeCount': 0, 'publishedAt': '2022-10-20T15:10:10Z', 'updatedAt': '2022-10-20T15:10:10Z'}}, 'canReply': True, 'totalReplyCount': 0, 'isPublic': True}",,UCgg9VbTBZ-ws8ZjROqaDNAg,2022-10-20T15:10:10Z,Galera temos de nos unir e virar votos pro seu Jair. Não podemos deixar o molusco voltar.,QURTSl9pM0JhSzZRMVpOZTJEYmlEalp0OHRtYmY5bUROMmlWcWZnQkVQcE0xYmNwNVdBY0NxYzhJWjNFNjZiRkhNakpYcFAyTGE0WHFDWQ==,2023-06-09 05:42:50.357620
youtube#commentThread,wbjgBHGmI8BF_aLKvBTIn4UPSpQ,UgyBi7xT1L7PXprCPIF4AaABAg,"{'videoId': 'SFubem2H08c', 'topLevelComment': {'kind': 'youtube#comment', 'etag': 'aEO8pWb-OXLHEvPqoeMUjEq2CAY', 'id': 'UgyBi7xT1L7PXprCPIF4AaABAg', 'snippet': {'videoId': 'SFubem2H08c', 'textDisplay': 'Se isto não serve de alerta ao Brasil é porque o sistema quer ver a guerra civil e o caos instaurado', 'textOriginal': 'Se isto não serve de alerta ao Brasil é porque o sistema quer ver a guerra civil e o caos instaurado', 'authorDisplayName': 'EvandroS', 'authorProfileImageUrl': 'https://yt3.ggpht.com/ytc/AGIKgqOpdNOJaSuFI59_5SrP4-iz3ZGbjax32xJLf6Pp=s48-c-k-c0x00ffffff-no-rj', 'authorChannelUrl': 'http://www.youtube.com/channel/UC3v4GYlRE4epGJvqAf1gOhw', 'authorChannelId': {'value': 'UC3v4GYlRE4epGJvqAf1gOhw'}, 'canRate': True, 'viewerRating': 'none', 'likeCount': 0, 'publishedAt': '2022-10-20T15:08:34Z', 'updatedAt': '2022-10-20T15:08:34Z'}}, 'canReply': True, 'totalReplyCount': 0, 'isPublic': True}",,UC3v4GYlRE4epGJvqAf1gOhw,2022-10-20T15:08:34Z,Se isto não serve de alerta ao Brasil é porque o sistema quer ver a guerra civil e o caos instaurado,QURTSl9pM0JhSzZRMVpOZTJEYmlEalp0OHRtYmY5bUROMmlWcWZnQkVQcE0xYmNwNVdBY0NxYzhJWjNFNjZiRkhNakpYcFAyTGE0WHFDWQ==,2023-06-09 05:42:50.357620
youtube#commentThread,sifjVtdrxrpUBaAOGYbB_D0zUWA,UgzTdxHSRp-C1Al_TSB4AaABAg,"{'videoId': 'SFubem2H08c', 'topLevelComment': {'kind': 'youtube#comment', 'etag': '0l15xrFRtVhz1i321fRIFRQkSXs', 'id': 'UgzTdxHSRp-C1Al_TSB4AaABAg', 'snippet': {'videoId': 'SFubem2H08c', 'textDisplay': 'Eu lamento verificar que nenhum de vocês abordam que está na Constituição que as Forças Armadas devem INTERFERIR quando um dos três poderes NÃO RESPEITAM A CONSTITUIÇÃO. Porém NENHUM dos senhores que tem grande influência popular INFORMAM a população sobre esse FATO IMPORTANTÍSSIMO. CADÊ AS FORÇAS ARMADAS PARA PARAREM ALEXANDRE DE MORAES E SUA DITADURA DA TOGA, ELE ESTÁ AGINDO COMO UM DÉSPOTA E OS GENERAIS ESTÃO COÇANDO A BUNDA EM SEUS GABINETES.\\r<br>Espero que eles estejam aguardando o momento adequado ( o mais rápido possível) para agir de acordo, porque BATER CONTINÊNCIA PARA TERRORISTA CORRUPTO ASSOCIADO A TRAFICANTES...aí sim é o final.', 'textOriginal': 'Eu lamento verificar que nenhum de vocês abordam que está na Constituição que as Forças Armadas devem INTERFERIR quando um dos três poderes NÃO RESPEITAM A CONSTITUIÇÃO. Porém NENHUM dos senhores que tem grande influência popular INFORMAM a população sobre esse FATO IMPORTANTÍSSIMO. CADÊ AS FORÇAS ARMADAS PARA PARAREM ALEXANDRE DE MORAES E SUA DITADURA DA TOGA, ELE ESTÁ AGINDO COMO UM DÉSPOTA E OS GENERAIS ESTÃO COÇANDO A BUNDA EM SEUS GABINETES.\\r\\nEspero que eles estejam aguardando o momento adequado ( o mais rápido possível) para agir de acordo, porque BATER CONTINÊNCIA PARA TERRORISTA CORRUPTO ASSOCIADO A TRAFICANTES...aí sim é o final.', 'authorDisplayName': 'LUIZ MARIO LEAL DE CARVALHO', 'authorProfileImageUrl': 'https://yt3.ggpht.com/ytc/AGIKgqOLrkM4h2kMcigayIou55qzqBIZ8dVX8HJZUg=s48-c-k-c0x00ffffff-no-rj', 'authorChannelUrl': 'http://www.youtube.com/channel/UC30bGAIcI5EAEJeC7ry3xWQ', 'authorChannelId': {'value': 'UC30bGAIcI5EAEJeC7ry3xWQ'}, 'canRate': True, 'viewerRating': 'none', 'likeCount': 0, 'publishedAt': '2022-10-20T15:07:39Z', 'updatedAt': '2022-10-20T15:07:39Z'}}, 'canReply': True, 'totalReplyCount': 0, 'isPublic': True}",,UC30bGAIcI5EAEJeC7ry3xWQ,2022-10-20T15:07:39Z,"Eu lamento verificar que nenhum de vocês abordam que está na Constituição que as Forças Armadas devem INTERFERIR quando um dos três poderes NÃO RESPEITAM A CONSTITUIÇÃO. Porém NENHUM dos senhores que tem grande influência popular INFORMAM a população sobre esse FATO IMPORTANTÍSSIMO. CADÊ AS FORÇAS ARMADAS PARA PARAREM ALEXANDRE DE MORAES E SUA DITADURA DA TOGA, ELE ESTÁ AGINDO COMO UM DÉSPOTA E OS GENERAIS ESTÃO COÇANDO A BUNDA EM SEUS GABINETES.
Espero que eles estejam aguardando o momento adequado ( o mais rápido possível) para agir de acordo, porque BATER CONTINÊNCIA PARA TERRORISTA CORRUPTO ASSOCIADO A TRAFICANTES...aí sim é o final.",QURTSl9pM0JhSzZRMVpOZTJEYmlEalp0OHRtYmY5bUROMmlWcWZnQkVQcE0xYmNwNVdBY0NxYzhJWjNFNjZiRkhNakpYcFAyTGE0WHFDWQ==,2023-06-09 05:42:50.357620
youtube#commentThread,9wHIyMoCk6gtKkPUkNxwrHf5hvU,UgxuvFPZdpGH1AY5SZF4AaABAg,"{'videoId': 'SFubem2H08c', 'topLevelComment': {'kind': 'youtube#comment', 'etag': 'NqBMDWJbKfbYYSDP5-kbdVIoj-A', 'id': 'UgxuvFPZdpGH1AY5SZF4AaABAg', 'snippet': {'videoId': 'SFubem2H08c', 'textDisplay': 'mds o lado esquerdo quer destruir tudo msm véi', 'textOriginal': 'mds o lado esquerdo quer destruir tudo msm véi', 'authorDisplayName': 'anônimo', 'authorProfileImageUrl': 'https://yt3.ggpht.com/BtxAaVZMSYUNKXHNEGEnY7AjEpZM8BykDHqAPGE74DCx4GBr8uEYtolhhZu8vhlmtHcrZx61=s48-c-k-c0x00ffffff-no-rj', 'authorChannelUrl': 'http://www.youtube.com/channel/UCz3fVXEadNCtKQhwoJEhoyg', 'authorChannelId': {'value': 'UCz3fVXEadNCtKQhwoJEhoyg'}, 'canRate': True, 'viewerRating': 'none', 'likeCount': 0, 'publishedAt': '2022-10-20T15:03:01Z', 'updatedAt': '2022-10-20T15:03:01Z'}}, 'canReply': True, 'totalReplyCount': 0, 'isPublic': True}",,UCz3fVXEadNCtKQhwoJEhoyg,2022-10-20T15:03:01Z,mds o lado esquerdo quer destruir tudo msm véi,QURTSl9pM0JhSzZRMVpOZTJEYmlEalp0OHRtYmY5bUROMmlWcWZnQkVQcE0xYmNwNVdBY0NxYzhJWjNFNjZiRkhNakpYcFAyTGE0WHFDWQ==,2023-06-09 05:42:50.357620
youtube#commentThread,myw9EDqQ3X2w7S9bXI9g44uwwKk,Ugzsqx4URfIEO4ki54Z4AaABAg,"{'videoId': 'SFubem2H08c', 'topLevelComment': {'kind': 'youtube#comment', 'etag': 'KIPCFURPmqrt-EhUeIV4rXR4cBw', 'id': 'Ugzsqx4URfIEO4ki54Z4AaABAg', 'snippet': {'videoId': 'SFubem2H08c', 'textDisplay': 'Alguém  tem dúvidas  que a esquerda é  um câncer  terminal..que sirva de exemplo  para o Brasil  antes  que seja tarde', 'textOriginal': 'Alguém  tem dúvidas  que a esquerda é  um câncer  terminal..que sirva de exemplo  para o Brasil  antes  que seja tarde', 'authorDisplayName': 'Vanderlei V. Souza', 'authorProfileImageUrl': 'https://yt3.ggpht.com/bID9iQEarABTg5N-IG5eN3hlUAtSnOWY7DrdI5_UvTo3Fjr1y-nskDxNmHY1CW_13PobPRe2Ghc=s48-c-k-c0x00ffffff-no-rj', 'authorChannelUrl': 'http://www.youtube.com/channel/UCISiEL8BSvlhCimyHBArZTQ', 'authorChannelId': {'value': 'UCISiEL8BSvlhCimyHBArZTQ'}, 'canRate': True, 'viewerRating': 'none', 'likeCount': 0, 'publishedAt': '2022-10-20T14:59:43Z', 'updatedAt': '2022-10-20T14:59:43Z'}}, 'canReply': True, 'totalReplyCount': 0, 'isPublic': True}",,UCISiEL8BSvlhCimyHBArZTQ,2022-10-20T14:59:43Z,Alguém  tem dúvidas  que a esquerda é  um câncer  terminal..que sirva de exemplo  para o Brasil  antes  que seja tarde,QURTSl9pM0JhSzZRMVpOZTJEYmlEalp0OHRtYmY5bUROMmlWcWZnQkVQcE0xYmNwNVdBY0NxYzhJWjNFNjZiRkhNakpYcFAyTGE0WHFDWQ==,2023-06-09 05:42:50.357620
youtube#commentThread,sD4Kl3NaDJhLbFZo-Kw5S0gpEJw,Ugz-gVQ4nr_gjAJ8Ubh4AaABAg,"{'videoId': 'SFubem2H08c', 'topLevelComment': {'kind': 'youtube#comment', 'etag': 'fXrtG5che4Uqn16YYbt6SArhmmw', 'id': 'Ugz-gVQ4nr_gjAJ8Ubh4AaABAg', 'snippet': {'videoId': 'SFubem2H08c', 'textDisplay': 'Abram a mente brasileiros! Não votem no lula! Ele é um mentiroso contumaz! Ele e sua trupe roubaram e quebraram o Brasil.', 'textOriginal': 'Abram a mente brasileiros! Não votem no lula! Ele é um mentiroso contumaz! Ele e sua trupe roubaram e quebraram o Brasil.', 'authorDisplayName': 'Luiz', 'authorProfileImageUrl': 'https://yt3.ggpht.com/IbegH1f3QQuWRQ2lRV_UlXRYUKhMf3mfVu6cCk9pOzv0Qw_m5jZwoJTxq3wj4UwkLJ-Wi_O7NA=s48-c-k-c0x00ffffff-no-rj', 'authorChannelUrl': 'http://www.youtube.com/channel/UCsQitERieGWzT62s54VNiOA', 'authorChannelId': {'value': 'UCsQitERieGWzT62s54VNiOA'}, 'canRate': True, 'viewerRating': 'none', 'likeCount': 0, 'publishedAt': '2022-10-20T14:53:24Z', 'updatedAt': '2022-10-20T14:54:15Z'}}, 'canReply': True, 'totalReplyCount': 0, 'isPublic': True}",,UCsQitERieGWzT62s54VNiOA,2022-10-20T14:53:24Z,Abram a mente brasileiros! Não votem no lula! Ele é um mentiroso contumaz! Ele e sua trupe roubaram e quebraram o Brasil.,QURTSl9pM0JhSzZRMVpOZTJEYmlEalp0OHRtYmY5bUROMmlWcWZnQkVQcE0xYmNwNVdBY0NxYzhJWjNFNjZiRkhNakpYcFAyTGE0WHFDWQ==,2023-06-09 05:42:50.357620
youtube#commentThread,YvgvbPxaM-O9X9qCG0lRYzCp3mU,UgwPSRxCY-6o2abXE-t4AaABAg,"{'videoId': 'SFubem2H08c', 'topLevelComment': {'kind': 'youtube#comment', 'etag': 'ZiNI5-EYUKVqGXJ1htJHIwjd3pE', 'id': 'UgwPSRxCY-6o2abXE-t4AaABAg', 'snippet': {'videoId': 'SFubem2H08c', 'textDisplay': 'Não vai poder falar tamb dos países da América Latina o TSE vai censurar.O Senado covarde está c os braços cruzados.', 'textOriginal': 'Não vai poder falar tamb dos países da América Latina o TSE vai censurar.O Senado covarde está c os braços cruzados.', 'authorDisplayName': 'Filhos', 'authorProfileImageUrl': 'https://yt3.ggpht.com/ytc/AGIKgqM2qYMyHceXBF4NPljDqW3DDHSnHZFLQYS_a9BrbUZSgeqKuK5cW2-HnsJVZEEc=s48-c-k-c0x00ffffff-no-rj', 'authorChannelUrl': 'http://www.youtube.com/channel/UCsEX--tB3k06OkpHWuOFhKA', 'authorChannelId': {'value': 'UCsEX--tB3k06OkpHWuOFhKA'}, 'canRate': True, 'viewerRating': 'none', 'likeCount': 0, 'publishedAt': '2022-10-20T14:49:05Z', 'updatedAt': '2022-10-20T14:49:05Z'}}, 'canReply': True, 'totalReplyCount': 0, 'isPublic': True}",,UCsEX--tB3k06OkpHWuOFhKA,2022-10-20T14:49:05Z,Não vai poder falar tamb dos países da América Latina o TSE vai censurar.O Senado covarde está c os braços cruzados.,QURTSl9pM0JhSzZRMVpOZTJEYmlEalp0OHRtYmY5bUROMmlWcWZnQkVQcE0xYmNwNVdBY0NxYzhJWjNFNjZiRkhNakpYcFAyTGE0WHFDWQ==,2023-06-09 05:42:50.357620
youtube#commentThread,CvvCIhp1jC1jo72yvVK21q4U-tM,UgyLbg3LziamLCGd40Z4AaABAg,"{'videoId': 'SFubem2H08c', 'topLevelComment': {'kind': 'youtube#comment', 'etag': '6-I4oEx_ooKfmRWQUUJbLYspK1s', 'id': 'UgyLbg3LziamLCGd40Z4AaABAg', 'snippet': {'videoId': 'SFubem2H08c', 'textDisplay': 'TSE e STF não me representa. VERGONHA!!!', 'textOriginal': 'TSE e STF não me representa. VERGONHA!!!', 'authorDisplayName': 'DJ WGO', 'authorProfileImageUrl': 'https://yt3.ggpht.com/ytc/AGIKgqNwiD9_gWtSsDOhCK0N3tARSy44fddpOWn0GA=s48-c-k-c0x00ffffff-no-rj', 'authorChannelUrl': 'http://www.youtube.com/channel/UC5lNAUO4hQHGaK3-MC40uDg', 'authorChannelId': {'value': 'UC5lNAUO4hQHGaK3-MC40uDg'}, 'canRate': True, 'viewerRating': 'none', 'likeCount': 1, 'publishedAt': '2022-10-20T14:34:04Z', 'updatedAt': '2022-10-20T14:34:04Z'}}, 'canReply': True, 'totalReplyCount': 0, 'isPublic': True}",,UC5lNAUO4hQHGaK3-MC40uDg,2022-10-20T14:34:04Z,TSE e STF não me representa. VERGONHA!!!,QURTSl9pM0JhSzZRMVpOZTJEYmlEalp0OHRtYmY5bUROMmlWcWZnQkVQcE0xYmNwNVdBY0NxYzhJWjNFNjZiRkhNakpYcFAyTGE0WHFDWQ==,2023-06-09 05:42:50.357620
youtube#commentThread,tjzfUJwyCUh9sIIN8ph2G502Dp0,UgyfxeeemWJ-CeFBJiF4AaABAg,"{'videoId': 'SFubem2H08c', 'topLevelComment': {'kind': 'youtube#comment', 'etag': 'oWDFMXPfhpdfJkFxBEaWqz2DGfk', 'id': 'UgyfxeeemWJ-CeFBJiF4AaABAg', 'snippet': {'videoId': 'SFubem2H08c', 'textDisplay': 'Com mais miséria,  mais poder sobre as pessoas terá o governante.', 'textOriginal': 'Com mais miséria,  mais poder sobre as pessoas terá o governante.', 'authorDisplayName': 'Marcos Rathke', 'authorProfileImageUrl': 'https://yt3.ggpht.com/ytc/AGIKgqO-4Ec3dd563zn0_4GQhhEEUS_diAWcO10uyJ3clJ3lhJQ4kepEleMLxV3AUQhw=s48-c-k-c0x00ffffff-no-rj', 'authorChannelUrl': 'http://www.youtube.com/channel/UCqdJ52i2LduKB4_m4gXsTRw', 'authorChannelId': {'value': 'UCqdJ52i2LduKB4_m4gXsTRw'}, 'canRate': True, 'viewerRating': 'none', 'likeCount': 0, 'publishedAt': '2022-10-20T14:18:49Z', 'updatedAt': '2022-10-20T14:18:49Z'}}, 'canReply': True, 'totalReplyCount': 0, 'isPublic': True}",,UCqdJ52i2LduKB4_m4gXsTRw,2022-10-20T14:18:49Z,"Com mais miséria,  mais poder sobre as pessoas terá o governante.",QURTSl9pMHg0WUtXVS1FY1Q4eVJxckJxSGJLVVpYc0txeDRoa3RoRFFRUGZ3Qk1yR0Q0U3V1V19GejdMMHBaN2ZqQUh1cHJfZmVwdUlvOA==,2023-06-09 05:42:51.167176
youtube#commentThread,5y80e5kZfF_P00dVYP65r1rO5w0,Ugwyj0RyfI5YTBgp0EB4AaABAg,"{'videoId': 'SFubem2H08c', 'topLevelComment': {'kind': 'youtube#comment', 'etag': 'WCF_LpGOhTLHrQV3xqQ_kMo2bd4', 'id': 'Ugwyj0RyfI5YTBgp0EB4AaABAg', 'snippet': {'videoId': 'SFubem2H08c', 'textDisplay': '&quot;A manifestação do pensamento, a criação, a expressão e a informação, sob qualquer forma, processo ou veículo, não sofrerão qualquer restrição, observado o disposto nesta Constituição.&quot; CONSTITUIÇÃO FEDERAL CAPITULO V, ART. 220', 'textOriginal': '""A manifestação do pensamento, a criação, a expressão e a informação, sob qualquer forma, processo ou veículo, não sofrerão qualquer restrição, observado o disposto nesta Constituição."" CONSTITUIÇÃO FEDERAL CAPITULO V, ART. 220', 'authorDisplayName': 'Click for Jump', 'authorProfileImageUrl': 'https://yt3.ggpht.com/ytc/AGIKgqPigaoqVcLDTxmys2PwG4baqNs4ir1FO4efsgJ2=s48-c-k-c0x00ffffff-no-rj', 'authorChannelUrl': 'http://www.youtube.com/channel/UCM2hfYWRzizWKnFpFIR8a9Q', 'authorChannelId': {'value': 'UCM2hfYWRzizWKnFpFIR8a9Q'}, 'canRate': True, 'viewerRating': 'none', 'likeCount': 0, 'publishedAt': '2022-10-20T14:15:56Z', 'updatedAt': '2022-10-20T14:15:56Z'}}, 'canReply': True, 'totalReplyCount': 0, 'isPublic': True}",,UCM2hfYWRzizWKnFpFIR8a9Q,2022-10-20T14:15:56Z,"""A manifestação do pensamento, a criação, a expressão e a informação, sob qualquer forma, processo ou veículo, não sofrerão qualquer restrição, observado o disposto nesta Constituição."" CONSTITUIÇÃO FEDERAL CAPITULO V, ART. 220",QURTSl9pMHg0WUtXVS1FY1Q4eVJxckJxSGJLVVpYc0txeDRoa3RoRFFRUGZ3Qk1yR0Q0U3V1V19GejdMMHBaN2ZqQUh1cHJfZmVwdUlvOA==,2023-06-09 05:42:51.167176
youtube#commentThread,Vc-u3OR3jQivGv8TN70J7L9pi1U,UgxB-IX1v3s2sEOp7VB4AaABAg,"{'videoId': 'SFubem2H08c', 'topLevelComment': {'kind': 'youtube#comment', 'etag': 'xCbB4iJtC4obIysPtICTRXJBftw', 'id': 'UgxB-IX1v3s2sEOp7VB4AaABAg', 'snippet': {'videoId': 'SFubem2H08c', 'textDisplay': 'Não se pode falar no inominável, naquele que não se pode chamar.', 'textOriginal': 'Não se pode falar no inominável, naquele que não se pode chamar.', 'authorDisplayName': 'rui Boquimpani', 'authorProfileImageUrl': 'https://yt3.ggpht.com/ytc/AGIKgqNayQ7c7a6g8I73jTJf4JYVWtIBGdoarLCnsrBg=s48-c-k-c0x00ffffff-no-rj', 'authorChannelUrl': 'http://www.youtube.com/channel/UCI1-if6m5Yd8VBQdnmHNtpw', 'authorChannelId': {'value': 'UCI1-if6m5Yd8VBQdnmHNtpw'}, 'canRate': True, 'viewerRating': 'none', 'likeCount': 0, 'publishedAt': '2022-10-20T14:14:20Z', 'updatedAt': '2022-10-20T14:14:20Z'}}, 'canReply': True, 'totalReplyCount': 0, 'isPublic': True}",,UCI1-if6m5Yd8VBQdnmHNtpw,2022-10-20T14:14:20Z,"Não se pode falar no inominável, naquele que não se pode chamar.",QURTSl9pMHg0WUtXVS1FY1Q4eVJxckJxSGJLVVpYc0txeDRoa3RoRFFRUGZ3Qk1yR0Q0U3V1V19GejdMMHBaN2ZqQUh1cHJfZmVwdUlvOA==,2023-06-09 05:42:51.167176
youtube#commentThread,lD_84aZ8CZhRbULekFPFR5NYfsk,Ugxl_0X5oxPMA72HMZl4AaABAg,"{'videoId': 'SFubem2H08c', 'topLevelComment': {'kind': 'youtube#comment', 'etag': '3uOKTlS7AZEMlOcCkMLk1A7hIdQ', 'id': 'Ugxl_0X5oxPMA72HMZl4AaABAg', 'snippet': {'videoId': 'SFubem2H08c', 'textDisplay': 'Povo Brasileiro pesquisem pois seremos a próxima Venezuela  se o lula Lula  ganhar,  e só esperar para ver.', 'textOriginal': 'Povo Brasileiro pesquisem pois seremos a próxima Venezuela  se o lula Lula  ganhar,  e só esperar para ver.', 'authorDisplayName': 'Antonio Souza', 'authorProfileImageUrl': 'https://yt3.ggpht.com/ytc/AGIKgqNIqnPdHruG8Gb1zqEjiqgri0SzGZSNWEnPxA=s48-c-k-c0x00ffffff-no-rj', 'authorChannelUrl': 'http://www.youtube.com/channel/UCuFGNaiEQSpc1Z7dSIO8S5Q', 'authorChannelId': {'value': 'UCuFGNaiEQSpc1Z7dSIO8S5Q'}, 'canRate': True, 'viewerRating': 'none', 'likeCount': 0, 'publishedAt': '2022-10-20T14:12:30Z', 'updatedAt': '2022-10-20T14:12:30Z'}}, 'canReply': True, 'totalReplyCount': 0, 'isPublic': True}",,UCuFGNaiEQSpc1Z7dSIO8S5Q,2022-10-20T14:12:30Z,"Povo Brasileiro pesquisem pois seremos a próxima Venezuela  se o lula Lula  ganhar,  e só esperar para ver.",QURTSl9pMHg0WUtXVS1FY1Q4eVJxckJxSGJLVVpYc0txeDRoa3RoRFFRUGZ3Qk1yR0Q0U3V1V19GejdMMHBaN2ZqQUh1cHJfZmVwdUlvOA==,2023-06-09 05:42:51.167176
youtube#commentThread,5arcGISlpBIb1BNctMlQIEm9ylE,UgzbThVmUIbigJFXqrp4AaABAg,"{'videoId': 'SFubem2H08c', 'topLevelComment': {'kind': 'youtube#comment', 'etag': 'ZxSCF9A7ZFyiQwNQsGgL7QrWTZk', 'id': 'UgzbThVmUIbigJFXqrp4AaABAg', 'snippet': {'videoId': 'SFubem2H08c', 'textDisplay': 'Parabéns', 'textOriginal': 'Parabéns', 'authorDisplayName': 'Bonnie', 'authorProfileImageUrl': 'https://yt3.ggpht.com/ytc/AGIKgqNIslv-mZnRuc9BtgKX50RzBoHBooN1tMUtW5RfcWbkEko2bGpxYjE-QlSrXGCm=s48-c-k-c0x00ffffff-no-rj', 'authorChannelUrl': 'http://www.youtube.com/channel/UCsVwn6Q1F6HzjGXcvmEHWYw', 'authorChannelId': {'value': 'UCsVwn6Q1F6HzjGXcvmEHWYw'}, 'canRate': True, 'viewerRating': 'none', 'likeCount': 0, 'publishedAt': '2022-10-20T13:59:47Z', 'updatedAt': '2022-10-20T13:59:47Z'}}, 'canReply': True, 'totalReplyCount': 0, 'isPublic': True}",,UCsVwn6Q1F6HzjGXcvmEHWYw,2022-10-20T13:59:47Z,Parabéns,QURTSl9pMHg0WUtXVS1FY1Q4eVJxckJxSGJLVVpYc0txeDRoa3RoRFFRUGZ3Qk1yR0Q0U3V1V19GejdMMHBaN2ZqQUh1cHJfZmVwdUlvOA==,2023-06-09 05:42:51.167176
youtube#commentThread,G8urZqXeCo_iZYC-BWvipCtiURI,UgytZplJfsElwYOlvu54AaABAg,"{'videoId': 'SFubem2H08c', 'topLevelComment': {'kind': 'youtube#comment', 'etag': '1vflE2DbYAonhH6kgSvXlDR3Vt4', 'id': 'UgytZplJfsElwYOlvu54AaABAg', 'snippet': {'videoId': 'SFubem2H08c', 'textDisplay': 'Qto mas pobre melhor pra eles', 'textOriginal': 'Qto mas pobre melhor pra eles', 'authorDisplayName': 'Marcos Chaves Ferreira', 'authorProfileImageUrl': 'https://yt3.ggpht.com/ytc/AGIKgqNsE9mSXL9FBpoKEEUu3ks1E_TrrEGXGfJq9w=s48-c-k-c0x00ffffff-no-rj', 'authorChannelUrl': 'http://www.youtube.com/channel/UCUoRYCteaefZmzR5VDn5r_w', 'authorChannelId': {'value': 'UCUoRYCteaefZmzR5VDn5r_w'}, 'canRate': True, 'viewerRating': 'none', 'likeCount': 0, 'publishedAt': '2022-10-20T13:52:11Z', 'updatedAt': '2022-10-20T13:52:11Z'}}, 'canReply': True, 'totalReplyCount': 0, 'isPublic': True}",,UCUoRYCteaefZmzR5VDn5r_w,2022-10-20T13:52:11Z,Qto mas pobre melhor pra eles,QURTSl9pMHg0WUtXVS1FY1Q4eVJxckJxSGJLVVpYc0txeDRoa3RoRFFRUGZ3Qk1yR0Q0U3V1V19GejdMMHBaN2ZqQUh1cHJfZmVwdUlvOA==,2023-06-09 05:42:51.167176
youtube#commentThread,90JWDVjIK6zzf1pkbIx1b8nHy2Q,Ugx3yqzNljC7uCuEHFx4AaABAg,"{'videoId': 'SFubem2H08c', 'topLevelComment': {'kind': 'youtube#comment', 'etag': 'N7-2StkqM1eb9Lw2y_QoSvsXTWo', 'id': 'Ugx3yqzNljC7uCuEHFx4AaABAg', 'snippet': {'videoId': 'SFubem2H08c', 'textDisplay': 'Que tristeza o Chile era o único país da América Latina a ser considerado país de primeiro mundo e desenvolvido, a esquerda tem o dom da destruição.', 'textOriginal': 'Que tristeza o Chile era o único país da América Latina a ser considerado país de primeiro mundo e desenvolvido, a esquerda tem o dom da destruição.', 'authorDisplayName': 'Paulão da Regulagem', 'authorProfileImageUrl': 'https://yt3.ggpht.com/WiALEnt3fcjOcyL6n7fAvQg9qjVbzNazWFM6z7-Q7Mwvixc5ksNj3ObdnqQlZ7916q8uVJSd=s48-c-k-c0x00ffffff-no-rj', 'authorChannelUrl': 'http://www.youtube.com/channel/UCebr901W421RG2V6tGmJyNQ', 'authorChannelId': {'value': 'UCebr901W421RG2V6tGmJyNQ'}, 'canRate': True, 'viewerRating': 'none', 'likeCount': 0, 'publishedAt': '2022-10-20T13:41:55Z', 'updatedAt': '2022-10-20T13:41:55Z'}}, 'canReply': True, 'totalReplyCount': 0, 'isPublic': True}",,UCebr901W421RG2V6tGmJyNQ,2022-10-20T13:41:55Z,"Que tristeza o Chile era o único país da América Latina a ser considerado país de primeiro mundo e desenvolvido, a esquerda tem o dom da destruição.",QURTSl9pMHg0WUtXVS1FY1Q4eVJxckJxSGJLVVpYc0txeDRoa3RoRFFRUGZ3Qk1yR0Q0U3V1V19GejdMMHBaN2ZqQUh1cHJfZmVwdUlvOA==,2023-06-09 05:42:51.167176
youtube#commentThread,b-kHqXMPDOjnZWmnfnByzuwgEbI,Ugz3cDzg8pz-c0ZRu-d4AaABAg,"{'videoId': 'SFubem2H08c', 'topLevelComment': {'kind': 'youtube#comment', 'etag': '_90Kq2b7lbOxdYgPXtgrGD6JZMs', 'id': 'Ugz3cDzg8pz-c0ZRu-d4AaABAg', 'snippet': {'videoId': 'SFubem2H08c', 'textDisplay': 'Esquerda NUNCA MAIS.  XÔ COMUNISMO.', 'textOriginal': 'Esquerda NUNCA MAIS.  XÔ COMUNISMO.', 'authorDisplayName': 'Edson CALASANS', 'authorProfileImageUrl': 'https://yt3.ggpht.com/ytc/AGIKgqPa31EBddHKhKybjnV8y94VcZ9Glm6Punms1Q=s48-c-k-c0x00ffffff-no-rj', 'authorChannelUrl': 'http://www.youtube.com/channel/UCB-6gAXc71n6mD_-iFbkedg', 'authorChannelId': {'value': 'UCB-6gAXc71n6mD_-iFbkedg'}, 'canRate': True, 'viewerRating': 'none', 'likeCount': 1, 'publishedAt': '2022-10-20T13:29:14Z', 'updatedAt': '2022-10-20T13:29:14Z'}}, 'canReply': True, 'totalReplyCount': 0, 'isPublic': True}",,UCB-6gAXc71n6mD_-iFbkedg,2022-10-20T13:29:14Z,Esquerda NUNCA MAIS.  XÔ COMUNISMO.,QURTSl9pMHg0WUtXVS1FY1Q4eVJxckJxSGJLVVpYc0txeDRoa3RoRFFRUGZ3Qk1yR0Q0U3V1V19GejdMMHBaN2ZqQUh1cHJfZmVwdUlvOA==,2023-06-09 05:42:51.167176
youtube#commentThread,ySxJ0dY7hc_UvCmz5KxSqHKUazA,UgzKlII2cT_ME3Bdg5R4AaABAg,"{'videoId': 'SFubem2H08c', 'topLevelComment': {'kind': 'youtube#comment', 'etag': 'G5ZYMfzgAKLIUJ0c0NWtH_G5Aeo', 'id': 'UgzKlII2cT_ME3Bdg5R4AaABAg', 'snippet': {'videoId': 'SFubem2H08c', 'textDisplay': 'é isso que o ex-presidiario quer no País roubar mais e deixar o povo passando fome', 'textOriginal': 'é isso que o ex-presidiario quer no País roubar mais e deixar o povo passando fome', 'authorDisplayName': 'Niria da Silva Macario', 'authorProfileImageUrl': 'https://yt3.ggpht.com/ytc/AGIKgqN8K50-rT0bct6if913w7z-Hibf4HNlNWeU3RD9Pw=s48-c-k-c0x00ffffff-no-rj', 'authorChannelUrl': 'http://www.youtube.com/channel/UCacaCw4GjKjmQEt7ZBbD0tQ', 'authorChannelId': {'value': 'UCacaCw4GjKjmQEt7ZBbD0tQ'}, 'canRate': True, 'viewerRating': 'none', 'likeCount': 0, 'publishedAt': '2022-10-20T13:20:48Z', 'updatedAt': '2022-10-20T13:20:48Z'}}, 'canReply': True, 'totalReplyCount': 0, 'isPublic': True}",,UCacaCw4GjKjmQEt7ZBbD0tQ,2022-10-20T13:20:48Z,é isso que o ex-presidiario quer no País roubar mais e deixar o povo passando fome,QURTSl9pMHg0WUtXVS1FY1Q4eVJxckJxSGJLVVpYc0txeDRoa3RoRFFRUGZ3Qk1yR0Q0U3V1V19GejdMMHBaN2ZqQUh1cHJfZmVwdUlvOA==,2023-06-09 05:42:51.167176
youtube#commentThread,AJgCZ_LpVQjplaeQlUwLnSzmOlg,UgzZq6LGjI3o4vQom254AaABAg,"{'videoId': 'SFubem2H08c', 'topLevelComment': {'kind': 'youtube#comment', 'etag': 'jRYKkzdhZRD56KzotLZzv9uQ6dc', 'id': 'UgzZq6LGjI3o4vQom254AaABAg', 'snippet': {'videoId': 'SFubem2H08c', 'textDisplay': 'ótimas notícias,  continuem mostrando o que a esquerda pode fazer se voltar ao poder,  já que não podem falar de outros assuntos !!', 'textOriginal': 'ótimas notícias,  continuem mostrando o que a esquerda pode fazer se voltar ao poder,  já que não podem falar de outros assuntos !!', 'authorDisplayName': 'Jose Jorge', 'authorProfileImageUrl': 'https://yt3.ggpht.com/xFT9AV0sjBY1SYB7gJ0J8ksKRpJxdZ4N9NF5iY-3watsJJqcDezuLmNaCLii8Mb9sXbvqHSMebk=s48-c-k-c0x00ffffff-no-rj', 'authorChannelUrl': 'http://www.youtube.com/channel/UCtFtoJCiUfPtHXsSTI-Khxg', 'authorChannelId': {'value': 'UCtFtoJCiUfPtHXsSTI-Khxg'}, 'canRate': True, 'viewerRating': 'none', 'likeCount': 0, 'publishedAt': '2022-10-20T13:18:14Z', 'updatedAt': '2022-10-20T13:18:14Z'}}, 'canReply': True, 'totalReplyCount': 0, 'isPublic': True}",,UCtFtoJCiUfPtHXsSTI-Khxg,2022-10-20T13:18:14Z,"ótimas notícias,  continuem mostrando o que a esquerda pode fazer se voltar ao poder,  já que não podem falar de outros assuntos !!",QURTSl9pMHg0WUtXVS1FY1Q4eVJxckJxSGJLVVpYc0txeDRoa3RoRFFRUGZ3Qk1yR0Q0U3V1V19GejdMMHBaN2ZqQUh1cHJfZmVwdUlvOA==,2023-06-09 05:42:51.167176
youtube#commentThread,0_oE9cE08WciPdsISbuDiQoqSTk,UgwRxBG67YX6LpHNQ0h4AaABAg,"{'videoId': 'SFubem2H08c', 'topLevelComment': {'kind': 'youtube#comment', 'etag': '4wh7_F86mOYC_5eLPo9q_xFAzDQ', 'id': 'UgwRxBG67YX6LpHNQ0h4AaABAg', 'snippet': {'videoId': 'SFubem2H08c', 'textDisplay': 'Eles querem implantar linguagem neutra e fazer questão de dizer presidenta. Kkk', 'textOriginal': 'Eles querem implantar linguagem neutra e fazer questão de dizer presidenta. Kkk', 'authorDisplayName': 'MACHETOSCHI ENGENHARIA', 'authorProfileImageUrl': 'https://yt3.ggpht.com/09TaDjvGCfG5PT8iyCczaZIy2ZshDwWcenUQE-te0NyhV3QO-nS1tvTj2HjKdnNdsfCuxnMNAA=s48-c-k-c0x00ffffff-no-rj', 'authorChannelUrl': 'http://www.youtube.com/channel/UCoSyIKJlL6yUy1msYOUsqWg', 'authorChannelId': {'value': 'UCoSyIKJlL6yUy1msYOUsqWg'}, 'canRate': True, 'viewerRating': 'none', 'likeCount': 0, 'publishedAt': '2022-10-20T13:16:59Z', 'updatedAt': '2022-10-20T13:16:59Z'}}, 'canReply': True, 'totalReplyCount': 0, 'isPublic': True}",,UCoSyIKJlL6yUy1msYOUsqWg,2022-10-20T13:16:59Z,Eles querem implantar linguagem neutra e fazer questão de dizer presidenta. Kkk,QURTSl9pMHg0WUtXVS1FY1Q4eVJxckJxSGJLVVpYc0txeDRoa3RoRFFRUGZ3Qk1yR0Q0U3V1V19GejdMMHBaN2ZqQUh1cHJfZmVwdUlvOA==,2023-06-09 05:42:51.167176
youtube#commentThread,9t8f8diWmLYzMnbfjmcU4FGrWpc,UgxhKyNII5iusH2oElV4AaABAg,"{'videoId': 'SFubem2H08c', 'topLevelComment': {'kind': 'youtube#comment', 'etag': 'WRz7IJTM4FYG_Hdr0dZOSLL2SjE', 'id': 'UgxhKyNII5iusH2oElV4AaABAg', 'snippet': {'videoId': 'SFubem2H08c', 'textDisplay': 'Não dá pra acreditar que a esquerda está ganhando as eleições em todos os países que se elegeu. Tem algo estranho aí.', 'textOriginal': 'Não dá pra acreditar que a esquerda está ganhando as eleições em todos os países que se elegeu. Tem algo estranho aí.', 'authorDisplayName': 'KALEL.12', 'authorProfileImageUrl': 'https://yt3.ggpht.com/bxGmHMw7jwYEOA8qb-JSSIohSfobDVHFuWqJ7B_hg2twDAO0bG4byWORjPpPc5YJK7QUCWnbMA=s48-c-k-c0x00ffffff-no-rj', 'authorChannelUrl': 'http://www.youtube.com/channel/UChfT1t0VEIXRZXROZ-0w76g', 'authorChannelId': {'value': 'UChfT1t0VEIXRZXROZ-0w76g'}, 'canRate': True, 'viewerRating': 'none', 'likeCount': 1, 'publishedAt': '2022-10-20T13:11:58Z', 'updatedAt': '2022-10-20T13:11:58Z'}}, 'canReply': True, 'totalReplyCount': 0, 'isPublic': True}",,UChfT1t0VEIXRZXROZ-0w76g,2022-10-20T13:11:58Z,Não dá pra acreditar que a esquerda está ganhando as eleições em todos os países que se elegeu. Tem algo estranho aí.,QURTSl9pMHg0WUtXVS1FY1Q4eVJxckJxSGJLVVpYc0txeDRoa3RoRFFRUGZ3Qk1yR0Q0U3V1V19GejdMMHBaN2ZqQUh1cHJfZmVwdUlvOA==,2023-06-09 05:42:51.167176
youtube#commentThread,S-XUYimZeVSi42u0IMqC7yMDlkg,UgxD3Da9xiRWdljMWU14AaABAg,"{'videoId': 'SFubem2H08c', 'topLevelComment': {'kind': 'youtube#comment', 'etag': 'jetbFz9fXcyQYF1x1FGCkZhF4kE', 'id': 'UgxD3Da9xiRWdljMWU14AaABAg', 'snippet': {'videoId': 'SFubem2H08c', 'textDisplay': 'o que seria da jovem Pan sem a esquerda kkkkkk', 'textOriginal': 'o que seria da jovem Pan sem a esquerda kkkkkk', 'authorDisplayName': 'João Paulo', 'authorProfileImageUrl': 'https://yt3.ggpht.com/ytc/AGIKgqNSSRsPxwKZTqrJu9gM55APUnhrYhLxOFgur8ud_RQ=s48-c-k-c0x00ffffff-no-rj', 'authorChannelUrl': 'http://www.youtube.com/channel/UC9wKCXSV3V4TBAjSJyzg-cQ', 'authorChannelId': {'value': 'UC9wKCXSV3V4TBAjSJyzg-cQ'}, 'canRate': True, 'viewerRating': 'none', 'likeCount': 0, 'publishedAt': '2022-10-20T13:07:42Z', 'updatedAt': '2022-10-20T13:07:42Z'}}, 'canReply': True, 'totalReplyCount': 0, 'isPublic': True}",,UC9wKCXSV3V4TBAjSJyzg-cQ,2022-10-20T13:07:42Z,o que seria da jovem Pan sem a esquerda kkkkkk,QURTSl9pMHg0WUtXVS1FY1Q4eVJxckJxSGJLVVpYc0txeDRoa3RoRFFRUGZ3Qk1yR0Q0U3V1V19GejdMMHBaN2ZqQUh1cHJfZmVwdUlvOA==,2023-06-09 05:42:51.167176
youtube#commentThread,2FXmAXIMZ5K7v1IxEObf9ITwJgI,UgwmXImmfYJ_mspQru54AaABAg,"{'videoId': 'SFubem2H08c', 'topLevelComment': {'kind': 'youtube#comment', 'etag': '8knnItnV8x9YWaxCaCGbygDuSTo', 'id': 'UgwmXImmfYJ_mspQru54AaABAg', 'snippet': {'videoId': 'SFubem2H08c', 'textDisplay': 'Já???', 'textOriginal': 'Já???', 'authorDisplayName': 'enoque amorim', 'authorProfileImageUrl': 'https://yt3.ggpht.com/ytc/AGIKgqO5Z9V-VOND7ul66e2mBNMuZ-OHDhiITSc3Yby_=s48-c-k-c0x00ffffff-no-rj', 'authorChannelUrl': 'http://www.youtube.com/channel/UCoRATm0GwYVHU4VTJy1zkJA', 'authorChannelId': {'value': 'UCoRATm0GwYVHU4VTJy1zkJA'}, 'canRate': True, 'viewerRating': 'none', 'likeCount': 0, 'publishedAt': '2022-10-20T13:07:00Z', 'updatedAt': '2022-10-20T13:07:00Z'}}, 'canReply': True, 'totalReplyCount': 0, 'isPublic': True}",,UCoRATm0GwYVHU4VTJy1zkJA,2022-10-20T13:07:00Z,Já???,QURTSl9pMHg0WUtXVS1FY1Q4eVJxckJxSGJLVVpYc0txeDRoa3RoRFFRUGZ3Qk1yR0Q0U3V1V19GejdMMHBaN2ZqQUh1cHJfZmVwdUlvOA==,2023-06-09 05:42:51.167176
youtube#commentThread,cnjL4rqGpczQB-48nHcQl0e26h8,UgyqhLDHzQaViY6blQt4AaABAg,"{'videoId': 'SFubem2H08c', 'topLevelComment': {'kind': 'youtube#comment', 'etag': '9Rrx6c5nAaEuC4bRwO2M9uuV0oE', 'id': 'UgyqhLDHzQaViY6blQt4AaABAg', 'snippet': {'videoId': 'SFubem2H08c', 'textDisplay': 'Depois vamos fazer o L que resolve kkk', 'textOriginal': 'Depois vamos fazer o L que resolve kkk', 'authorDisplayName': 'Fellipe Peixoto', 'authorProfileImageUrl': 'https://yt3.ggpht.com/ytc/AGIKgqPAK01WC6xEMmLs-aojHM0-5yG1wgpEchupiA=s48-c-k-c0x00ffffff-no-rj', 'authorChannelUrl': 'http://www.youtube.com/channel/UCIFqdgL6HGv92fPIUVWmkFQ', 'authorChannelId': {'value': 'UCIFqdgL6HGv92fPIUVWmkFQ'}, 'canRate': True, 'viewerRating': 'none', 'likeCount': 0, 'publishedAt': '2022-10-20T12:45:31Z', 'updatedAt': '2022-10-20T12:45:31Z'}}, 'canReply': True, 'totalReplyCount': 0, 'isPublic': True}",,UCIFqdgL6HGv92fPIUVWmkFQ,2022-10-20T12:45:31Z,Depois vamos fazer o L que resolve kkk,QURTSl9pMHg0WUtXVS1FY1Q4eVJxckJxSGJLVVpYc0txeDRoa3RoRFFRUGZ3Qk1yR0Q0U3V1V19GejdMMHBaN2ZqQUh1cHJfZmVwdUlvOA==,2023-06-09 05:42:51.167176
youtube#commentThread,vfpjWT4VqodWcVB8fTh7Y-6RGaA,Ugx4mSwyOCRYFWiEkaF4AaABAg,"{'videoId': 'SFubem2H08c', 'topLevelComment': {'kind': 'youtube#comment', 'etag': 'DOQjb7ef_t7ZiNMRjEXMSW19bPc', 'id': 'Ugx4mSwyOCRYFWiEkaF4AaABAg', 'snippet': {'videoId': 'SFubem2H08c', 'textDisplay': 'Porcos na lama jamais levantam a sua cabeça,tal qual é a visão de eleitores de um certo candidato que usa vermelho e tem a estrela como símbolo 🤮🤢', 'textOriginal': 'Porcos na lama jamais levantam a sua cabeça,tal qual é a visão de eleitores de um certo candidato que usa vermelho e tem a estrela como símbolo 🤮🤢', 'authorDisplayName': 'Jota', 'authorProfileImageUrl': 'https://yt3.ggpht.com/ytc/AGIKgqPYrIgdsXjTTAuiOytwWYevb9aeC68wYyv8RXRX7Q=s48-c-k-c0x00ffffff-no-rj', 'authorChannelUrl': 'http://www.youtube.com/channel/UC2n9OmsJJDnhhb9ThBU3PAg', 'authorChannelId': {'value': 'UC2n9OmsJJDnhhb9ThBU3PAg'}, 'canRate': True, 'viewerRating': 'none', 'likeCount': 0, 'publishedAt': '2022-10-20T12:23:40Z', 'updatedAt': '2022-10-20T12:23:40Z'}}, 'canReply': True, 'totalReplyCount': 0, 'isPublic': True}",,UC2n9OmsJJDnhhb9ThBU3PAg,2022-10-20T12:23:40Z,"Porcos na lama jamais levantam a sua cabeça,tal qual é a visão de eleitores de um certo candidato que usa vermelho e tem a estrela como símbolo 🤮🤢",QURTSl9pMHg0WUtXVS1FY1Q4eVJxckJxSGJLVVpYc0txeDRoa3RoRFFRUGZ3Qk1yR0Q0U3V1V19GejdMMHBaN2ZqQUh1cHJfZmVwdUlvOA==,2023-06-09 05:42:51.167176
youtube#commentThread,t3wiTq_97bm6vXenwOHt43GT4kw,UgzG2g4L0w96xoBcLeN4AaABAg,"{'videoId': 'SFubem2H08c', 'topLevelComment': {'kind': 'youtube#comment', 'etag': 'hpArvzWl4jsB9mcwM8LdrR3AvYk', 'id': 'UgzG2g4L0w96xoBcLeN4AaABAg', 'snippet': {'videoId': 'SFubem2H08c', 'textDisplay': '😢', 'textOriginal': '😢', 'authorDisplayName': 'Valdison moreira', 'authorProfileImageUrl': 'https://yt3.ggpht.com/ytc/AGIKgqN7zFuKc-1K38eqob3dbXEWr7IKm12hZ1pQvNs7Kw=s48-c-k-c0x00ffffff-no-rj', 'authorChannelUrl': 'http://www.youtube.com/channel/UCmREa1_T-eTVnw88J9vXw4w', 'authorChannelId': {'value': 'UCmREa1_T-eTVnw88J9vXw4w'}, 'canRate': True, 'viewerRating': 'none', 'likeCount': 0, 'publishedAt': '2022-10-20T12:22:42Z', 'updatedAt': '2022-10-20T12:22:42Z'}}, 'canReply': True, 'totalReplyCount': 0, 'isPublic': True}",,UCmREa1_T-eTVnw88J9vXw4w,2022-10-20T12:22:42Z,😢,QURTSl9pMHg0WUtXVS1FY1Q4eVJxckJxSGJLVVpYc0txeDRoa3RoRFFRUGZ3Qk1yR0Q0U3V1V19GejdMMHBaN2ZqQUh1cHJfZmVwdUlvOA==,2023-06-09 05:42:51.167176
youtube#commentThread,aSKKCD3RCVaJePLbqkrXtRu8D3M,UgwNasGXQdXprfzTK554AaABAg,"{'videoId': 'SFubem2H08c', 'topLevelComment': {'kind': 'youtube#comment', 'etag': 'qXM6eEF56Si43gW4jwSfdwJS3fM', 'id': 'UgwNasGXQdXprfzTK554AaABAg', 'snippet': {'videoId': 'SFubem2H08c', 'textDisplay': 'Lamentável esse TSE, CHEIO DE CORJAS E SERPENTES MALIGNAS,  FORA TSE E STF, BANDO DE VAGABUNDOS E FALSOS DEMOCRATAS', 'textOriginal': 'Lamentável esse TSE, CHEIO DE CORJAS E SERPENTES MALIGNAS,  FORA TSE E STF, BANDO DE VAGABUNDOS E FALSOS DEMOCRATAS', 'authorDisplayName': 'Orlando Erra', 'authorProfileImageUrl': 'https://yt3.ggpht.com/ytc/AGIKgqNdeIRI8bAwKNw7eR_P8vk4N6VSc5eAwtbKSw=s48-c-k-c0x00ffffff-no-rj', 'authorChannelUrl': 'http://www.youtube.com/channel/UC9H1S6_lXqueb_HsODY8mSA', 'authorChannelId': {'value': 'UC9H1S6_lXqueb_HsODY8mSA'}, 'canRate': True, 'viewerRating': 'none', 'likeCount': 0, 'publishedAt': '2022-10-20T12:15:00Z', 'updatedAt': '2022-10-20T12:15:00Z'}}, 'canReply': True, 'totalReplyCount': 0, 'isPublic': True}",,UC9H1S6_lXqueb_HsODY8mSA,2022-10-20T12:15:00Z,"Lamentável esse TSE, CHEIO DE CORJAS E SERPENTES MALIGNAS,  FORA TSE E STF, BANDO DE VAGABUNDOS E FALSOS DEMOCRATAS",QURTSl9pMHg0WUtXVS1FY1Q4eVJxckJxSGJLVVpYc0txeDRoa3RoRFFRUGZ3Qk1yR0Q0U3V1V19GejdMMHBaN2ZqQUh1cHJfZmVwdUlvOA==,2023-06-09 05:42:51.167176
youtube#commentThread,UHvS0elyZ1aI1ZbruvZFcxfQhC4,UgwxJxD8Otocwjzlqgl4AaABAg,"{'videoId': 'SFubem2H08c', 'topLevelComment': {'kind': 'youtube#comment', 'etag': 'WfPe_XPjnQvgr6IpgXXVYIkRRJw', 'id': 'UgwxJxD8Otocwjzlqgl4AaABAg', 'snippet': {'videoId': 'SFubem2H08c', 'textDisplay': 'Continua o jornaleco mequetrefe de sempre , só  fuxico , trabalhem limpo.', 'textOriginal': 'Continua o jornaleco mequetrefe de sempre , só  fuxico , trabalhem limpo.', 'authorDisplayName': 'roberto da silva ruas', 'authorProfileImageUrl': 'https://yt3.ggpht.com/ytc/AGIKgqM-Tri0FH466Tx-RWWtwbj5TGr4cCPrxgB_UQ=s48-c-k-c0x00ffffff-no-rj', 'authorChannelUrl': 'http://www.youtube.com/channel/UCxXlxg0BLzOB9_HM3I90NMg', 'authorChannelId': {'value': 'UCxXlxg0BLzOB9_HM3I90NMg'}, 'canRate': True, 'viewerRating': 'none', 'likeCount': 0, 'publishedAt': '2022-10-20T12:12:59Z', 'updatedAt': '2022-10-20T12:12:59Z'}}, 'canReply': True, 'totalReplyCount': 0, 'isPublic': True}",,UCxXlxg0BLzOB9_HM3I90NMg,2022-10-20T12:12:59Z,"Continua o jornaleco mequetrefe de sempre , só  fuxico , trabalhem limpo.",QURTSl9pMHg0WUtXVS1FY1Q4eVJxckJxSGJLVVpYc0txeDRoa3RoRFFRUGZ3Qk1yR0Q0U3V1V19GejdMMHBaN2ZqQUh1cHJfZmVwdUlvOA==,2023-06-09 05:42:51.167176
youtube#commentThread,alPgEKqmYQYrNVg4yUvCBhEC4WE,UgzoVP4khX-ucqjc9LF4AaABAg,"{'videoId': 'SFubem2H08c', 'topLevelComment': {'kind': 'youtube#comment', 'etag': 'FzMAQG_ABrzWnVWBrXG7WImorUs', 'id': 'UgzoVP4khX-ucqjc9LF4AaABAg', 'snippet': {'videoId': 'SFubem2H08c', 'textDisplay': 'Nosso povo não percebe que estão querendo isso p o Brasil.<br>INFELIZMENTE 😔', 'textOriginal': 'Nosso povo não percebe que estão querendo isso p o Brasil.\\nINFELIZMENTE 😔', 'authorDisplayName': 'paulo mancuso', 'authorProfileImageUrl': 'https://yt3.ggpht.com/ytc/AGIKgqOUPpodJB5a1ZwNcXF1OTgTv_ETAI0hBifoBrbm5g=s48-c-k-c0x00ffffff-no-rj', 'authorChannelUrl': 'http://www.youtube.com/channel/UCWtAUc-Iy0KAus2EqYTLoJA', 'authorChannelId': {'value': 'UCWtAUc-Iy0KAus2EqYTLoJA'}, 'canRate': True, 'viewerRating': 'none', 'likeCount': 0, 'publishedAt': '2022-10-20T11:50:40Z', 'updatedAt': '2022-10-20T11:50:40Z'}}, 'canReply': True, 'totalReplyCount': 0, 'isPublic': True}",,UCWtAUc-Iy0KAus2EqYTLoJA,2022-10-20T11:50:40Z,"Nosso povo não percebe que estão querendo isso p o Brasil.
INFELIZMENTE 😔",QURTSl9pMHg0WUtXVS1FY1Q4eVJxckJxSGJLVVpYc0txeDRoa3RoRFFRUGZ3Qk1yR0Q0U3V1V19GejdMMHBaN2ZqQUh1cHJfZmVwdUlvOA==,2023-06-09 05:42:51.167176
youtube#commentThread,KWdAUrqGP4BvbGY8ytC0_VzGvTI,UgwOuYGF6BGYk4rUWjJ4AaABAg,"{'videoId': 'SFubem2H08c', 'topLevelComment': {'kind': 'youtube#comment', 'etag': 'pFZgc0cVl00vo35J0O0l7tke4cw', 'id': 'UgwOuYGF6BGYk4rUWjJ4AaABAg', 'snippet': {'videoId': 'SFubem2H08c', 'textDisplay': 'Esquerda sempre fazendo caca pelo mundo a fora', 'textOriginal': 'Esquerda sempre fazendo caca pelo mundo a fora', 'authorDisplayName': 'CIDADE LINDA', 'authorProfileImageUrl': 'https://yt3.ggpht.com/MhxDjQ4lhvsVrBIFpvXKe6TiHxZMkVMMk-gzS-VxV_v2YTy0rIguxB96iLDE_V6JQbdCsZcQ=s48-c-k-c0x00ffffff-no-rj', 'authorChannelUrl': 'http://www.youtube.com/channel/UC2v1oR3EhF3_Wxv6zyoruGQ', 'authorChannelId': {'value': 'UC2v1oR3EhF3_Wxv6zyoruGQ'}, 'canRate': True, 'viewerRating': 'none', 'likeCount': 0, 'publishedAt': '2022-10-20T11:48:05Z', 'updatedAt': '2022-10-20T11:48:05Z'}}, 'canReply': True, 'totalReplyCount': 0, 'isPublic': True}",,UC2v1oR3EhF3_Wxv6zyoruGQ,2022-10-20T11:48:05Z,Esquerda sempre fazendo caca pelo mundo a fora,QURTSl9pMHg0WUtXVS1FY1Q4eVJxckJxSGJLVVpYc0txeDRoa3RoRFFRUGZ3Qk1yR0Q0U3V1V19GejdMMHBaN2ZqQUh1cHJfZmVwdUlvOA==,2023-06-09 05:42:51.167176
youtube#commentThread,XaC08okPmK2SKZ-GqSqCzClS1Lc,UgylZU1_0cn7ylW9jOd4AaABAg,"{'videoId': 'SFubem2H08c', 'topLevelComment': {'kind': 'youtube#comment', 'etag': 'fA1T0JQaAVHid3spp71jzET_Uto', 'id': 'UgylZU1_0cn7ylW9jOd4AaABAg', 'snippet': {'videoId': 'SFubem2H08c', 'textDisplay': 'É Jair ou já era. 🇧🇷😎<br>Vermelhos nunca mais.', 'textOriginal': 'É Jair ou já era. 🇧🇷😎\\nVermelhos nunca mais.', 'authorDisplayName': 'Paulo Ferreira Silva Junior', 'authorProfileImageUrl': 'https://yt3.ggpht.com/ytc/AGIKgqOOjITwxcGses74vUw37yPM7yv2MvPXfCTjxw=s48-c-k-c0x00ffffff-no-rj', 'authorChannelUrl': 'http://www.youtube.com/channel/UCjupXJ2LEnR5-FcL3C6l35g', 'authorChannelId': {'value': 'UCjupXJ2LEnR5-FcL3C6l35g'}, 'canRate': True, 'viewerRating': 'none', 'likeCount': 0, 'publishedAt': '2022-10-20T11:35:20Z', 'updatedAt': '2022-10-20T11:35:20Z'}}, 'canReply': True, 'totalReplyCount': 0, 'isPublic': True}",,UCjupXJ2LEnR5-FcL3C6l35g,2022-10-20T11:35:20Z,"É Jair ou já era. 🇧🇷😎
Vermelhos nunca mais.",QURTSl9pMHg0WUtXVS1FY1Q4eVJxckJxSGJLVVpYc0txeDRoa3RoRFFRUGZ3Qk1yR0Q0U3V1V19GejdMMHBaN2ZqQUh1cHJfZmVwdUlvOA==,2023-06-09 05:42:51.167176
youtube#commentThread,dn4TDP34gJyE02bFvW-s7iWJ0j0,Ugzzg2azEKlkWTH4AC54AaABAg,"{'videoId': 'SFubem2H08c', 'topLevelComment': {'kind': 'youtube#comment', 'etag': 'PcD4BUpCGlTY3cpY6EP8M21kW-c', 'id': 'Ugzzg2azEKlkWTH4AC54AaABAg', 'snippet': {'videoId': 'SFubem2H08c', 'textDisplay': 'Na boca da espera....LADEIRA ABAIXO...SOCIALISMO MATA...KKKKK', 'textOriginal': 'Na boca da espera....LADEIRA ABAIXO...SOCIALISMO MATA...KKKKK', 'authorDisplayName': 'Vania Guido', 'authorProfileImageUrl': 'https://yt3.ggpht.com/ytc/AGIKgqM0-76IN54S0CAv2XbeOdBrE4wfDQzzqd_lSA=s48-c-k-c0x00ffffff-no-rj', 'authorChannelUrl': 'http://www.youtube.com/channel/UCux8Dy9PPunT2Tc7Fqz2shQ', 'authorChannelId': {'value': 'UCux8Dy9PPunT2Tc7Fqz2shQ'}, 'canRate': True, 'viewerRating': 'none', 'likeCount': 0, 'publishedAt': '2022-10-20T11:31:41Z', 'updatedAt': '2022-10-20T11:31:41Z'}}, 'canReply': True, 'totalReplyCount': 0, 'isPublic': True}",,UCux8Dy9PPunT2Tc7Fqz2shQ,2022-10-20T11:31:41Z,Na boca da espera....LADEIRA ABAIXO...SOCIALISMO MATA...KKKKK,QURTSl9pMHg0WUtXVS1FY1Q4eVJxckJxSGJLVVpYc0txeDRoa3RoRFFRUGZ3Qk1yR0Q0U3V1V19GejdMMHBaN2ZqQUh1cHJfZmVwdUlvOA==,2023-06-09 05:42:51.167176
youtube#commentThread,Za3OnXtZTp5xzbf3xsaLazNLnCc,UgxK-oUZt0bo8Zoz4Vt4AaABAg,"{'videoId': 'SFubem2H08c', 'topLevelComment': {'kind': 'youtube#comment', 'etag': 'jPa9fuYhNktUMHu3jLa5-Z8SoJQ', 'id': 'UgxK-oUZt0bo8Zoz4Vt4AaABAg', 'snippet': {'videoId': 'SFubem2H08c', 'textDisplay': 'Como é bom ter presidente kkkk', 'textOriginal': 'Como é bom ter presidente kkkk', 'authorDisplayName': 'Pedro Victor', 'authorProfileImageUrl': 'https://yt3.ggpht.com/ytc/AGIKgqNMk4ro-5ue-No_vJsE1khuVa0S_ENdTM-m=s48-c-k-c0x00ffffff-no-rj', 'authorChannelUrl': 'http://www.youtube.com/channel/UCeMwiPozCF8yRFiBpAuNowA', 'authorChannelId': {'value': 'UCeMwiPozCF8yRFiBpAuNowA'}, 'canRate': True, 'viewerRating': 'none', 'likeCount': 0, 'publishedAt': '2022-10-20T11:23:45Z', 'updatedAt': '2022-10-20T11:23:45Z'}}, 'canReply': True, 'totalReplyCount': 0, 'isPublic': True}",,UCeMwiPozCF8yRFiBpAuNowA,2022-10-20T11:23:45Z,Como é bom ter presidente kkkk,QURTSl9pMHg0WUtXVS1FY1Q4eVJxckJxSGJLVVpYc0txeDRoa3RoRFFRUGZ3Qk1yR0Q0U3V1V19GejdMMHBaN2ZqQUh1cHJfZmVwdUlvOA==,2023-06-09 05:42:51.167176
youtube#commentThread,-E0F72SSaQL3eDArJgBjNGp7Ak0,Ugwuwy0Jd-BbSpVfbYt4AaABAg,"{'videoId': 'SFubem2H08c', 'topLevelComment': {'kind': 'youtube#comment', 'etag': 'KhamDaf3mdagbu5el5jsmCJ8d-o', 'id': 'Ugwuwy0Jd-BbSpVfbYt4AaABAg', 'snippet': {'videoId': 'SFubem2H08c', 'textDisplay': 'Só fazer o Ĺ de LARÁPIO!!!', 'textOriginal': 'Só fazer o Ĺ de LARÁPIO!!!', 'authorDisplayName': 'ET MILITAR do BRASIL🇧🇷', 'authorProfileImageUrl': 'https://yt3.ggpht.com/aJuk1cRVIZ_OINem3gkZQj6AGGrCpYQTAglwQk0U0sV09blBIaYQmtM2RE549t5CgcjpkBftgA=s48-c-k-c0x00ffffff-no-rj', 'authorChannelUrl': 'http://www.youtube.com/channel/UCfYw0_CqHjIh12BsVWG0ivg', 'authorChannelId': {'value': 'UCfYw0_CqHjIh12BsVWG0ivg'}, 'canRate': True, 'viewerRating': 'none', 'likeCount': 0, 'publishedAt': '2022-10-20T11:19:33Z', 'updatedAt': '2022-10-20T11:19:33Z'}}, 'canReply': True, 'totalReplyCount': 0, 'isPublic': True}",,UCfYw0_CqHjIh12BsVWG0ivg,2022-10-20T11:19:33Z,Só fazer o Ĺ de LARÁPIO!!!,QURTSl9pMHg0WUtXVS1FY1Q4eVJxckJxSGJLVVpYc0txeDRoa3RoRFFRUGZ3Qk1yR0Q0U3V1V19GejdMMHBaN2ZqQUh1cHJfZmVwdUlvOA==,2023-06-09 05:42:51.167176
youtube#commentThread,FzS5YIq2RLoVgRWCYCfN2toslHU,UgwuaUEJSiBB1mfjCfV4AaABAg,"{'videoId': 'SFubem2H08c', 'topLevelComment': {'kind': 'youtube#comment', 'etag': 'LpA15Yy7QULH5QyumM1upSj7u5Y', 'id': 'UgwuaUEJSiBB1mfjCfV4AaABAg', 'snippet': {'videoId': 'SFubem2H08c', 'textDisplay': 'E isso que dá eleger um drogado, aqui querem colocar um cachaceiro na FRAUDE', 'textOriginal': 'E isso que dá eleger um drogado, aqui querem colocar um cachaceiro na FRAUDE', 'authorDisplayName': 'alex Silva', 'authorProfileImageUrl': 'https://yt3.ggpht.com/_w5FxKWwTorTND-Z5JAaycgrUXQZIGrsF6sOEvDzoe0EuqKR7MPp2s_dN8DNesaXiXp7KCgjF1k=s48-c-k-c0x00ffffff-no-rj', 'authorChannelUrl': 'http://www.youtube.com/channel/UCdi7MgFiSlJajuOmRwdH3Hg', 'authorChannelId': {'value': 'UCdi7MgFiSlJajuOmRwdH3Hg'}, 'canRate': True, 'viewerRating': 'none', 'likeCount': 0, 'publishedAt': '2022-10-20T08:06:41Z', 'updatedAt': '2022-10-20T08:06:41Z'}}, 'canReply': True, 'totalReplyCount': 0, 'isPublic': True}",,UCdi7MgFiSlJajuOmRwdH3Hg,2022-10-20T08:06:41Z,"E isso que dá eleger um drogado, aqui querem colocar um cachaceiro na FRAUDE",QURTSl9pMHg0WUtXVS1FY1Q4eVJxckJxSGJLVVpYc0txeDRoa3RoRFFRUGZ3Qk1yR0Q0U3V1V19GejdMMHBaN2ZqQUh1cHJfZmVwdUlvOA==,2023-06-09 05:42:51.167176
youtube#commentThread,gktBunf9WyiktC82M1HgYI1xhSg,UgwRkJ9dqsQBV6ngtbN4AaABAg,"{'videoId': 'SFubem2H08c', 'topLevelComment': {'kind': 'youtube#comment', 'etag': 'B-lFodT6MNuVgP8xOB11_SKp5t4', 'id': 'UgwRkJ9dqsQBV6ngtbN4AaABAg', 'snippet': {'videoId': 'SFubem2H08c', 'textDisplay': 'ESTA AFUNDANDO TAMBÉM', 'textOriginal': 'ESTA AFUNDANDO TAMBÉM', 'authorDisplayName': 'Hevaldo Ferreira', 'authorProfileImageUrl': 'https://yt3.ggpht.com/ytc/AGIKgqM67_r0Ta1SZRO7H9bD-1asE7oXICRK8Tw1Yw=s48-c-k-c0x00ffffff-no-rj', 'authorChannelUrl': 'http://www.youtube.com/channel/UCjpqajbPkSi1w7bk8AKKDyQ', 'authorChannelId': {'value': 'UCjpqajbPkSi1w7bk8AKKDyQ'}, 'canRate': True, 'viewerRating': 'none', 'likeCount': 0, 'publishedAt': '2022-10-20T05:22:48Z', 'updatedAt': '2022-10-20T05:22:48Z'}}, 'canReply': True, 'totalReplyCount': 0, 'isPublic': True}",,UCjpqajbPkSi1w7bk8AKKDyQ,2022-10-20T05:22:48Z,ESTA AFUNDANDO TAMBÉM,QURTSl9pMHg0WUtXVS1FY1Q4eVJxckJxSGJLVVpYc0txeDRoa3RoRFFRUGZ3Qk1yR0Q0U3V1V19GejdMMHBaN2ZqQUh1cHJfZmVwdUlvOA==,2023-06-09 05:42:51.167176
youtube#commentThread,zAZn0RcYgh9wkJx1zCEVsw63fsg,Ugx4Kf9j5daDcpNrHgR4AaABAg,"{'videoId': 'SFubem2H08c', 'topLevelComment': {'kind': 'youtube#comment', 'etag': '-bX0BwsJEdOIarhJc6AEajAEKBo', 'id': 'Ugx4Kf9j5daDcpNrHgR4AaABAg', 'snippet': {'videoId': 'SFubem2H08c', 'textDisplay': 'Vi o Mapa Vermelho ,só falta o Brasil', 'textOriginal': 'Vi o Mapa Vermelho ,só falta o Brasil', 'authorDisplayName': 'Maria Aparecida Pimentel', 'authorProfileImageUrl': 'https://yt3.ggpht.com/ytc/AGIKgqM9jU_7qaUO1aYhiOJle4yA0kYnzEOUpZpgcQ=s48-c-k-c0x00ffffff-no-rj', 'authorChannelUrl': 'http://www.youtube.com/channel/UC1EGT3j8xg-1ihr1gfIApEQ', 'authorChannelId': {'value': 'UC1EGT3j8xg-1ihr1gfIApEQ'}, 'canRate': True, 'viewerRating': 'none', 'likeCount': 0, 'publishedAt': '2022-10-20T05:20:05Z', 'updatedAt': '2022-10-20T05:20:05Z'}}, 'canReply': True, 'totalReplyCount': 0, 'isPublic': True}",,UC1EGT3j8xg-1ihr1gfIApEQ,2022-10-20T05:20:05Z,"Vi o Mapa Vermelho ,só falta o Brasil",QURTSl9pMHg0WUtXVS1FY1Q4eVJxckJxSGJLVVpYc0txeDRoa3RoRFFRUGZ3Qk1yR0Q0U3V1V19GejdMMHBaN2ZqQUh1cHJfZmVwdUlvOA==,2023-06-09 05:42:51.167176
youtube#commentThread,FqDZ9hvmXs-0kJdOHbLyXgmhU2g,UgyL4KNVpqNt4lOILEt4AaABAg,"{'videoId': 'SFubem2H08c', 'topLevelComment': {'kind': 'youtube#comment', 'etag': 'PSEbwdZFNN1Ht8ZsNqBvfkUIzeI', 'id': 'UgyL4KNVpqNt4lOILEt4AaABAg', 'snippet': {'videoId': 'SFubem2H08c', 'textDisplay': 'Pois então, o povo venezuelano pode fugir tranquilo, ops dormir', 'textOriginal': 'Pois então, o povo venezuelano pode fugir tranquilo, ops dormir', 'authorDisplayName': 'Artur Paulo', 'authorProfileImageUrl': 'https://yt3.ggpht.com/ytc/AGIKgqOoddOZUIJ_maQa21yzbqNAAe-9GSDmoe8dRszCVA=s48-c-k-c0x00ffffff-no-rj', 'authorChannelUrl': 'http://www.youtube.com/channel/UC0h9EDYJrF4MMwWJbFSepfw', 'authorChannelId': {'value': 'UC0h9EDYJrF4MMwWJbFSepfw'}, 'canRate': True, 'viewerRating': 'none', 'likeCount': 0, 'publishedAt': '2022-10-20T04:58:04Z', 'updatedAt': '2022-10-20T04:58:04Z'}}, 'canReply': True, 'totalReplyCount': 0, 'isPublic': True}",,UC0h9EDYJrF4MMwWJbFSepfw,2022-10-20T04:58:04Z,"Pois então, o povo venezuelano pode fugir tranquilo, ops dormir",QURTSl9pMHg0WUtXVS1FY1Q4eVJxckJxSGJLVVpYc0txeDRoa3RoRFFRUGZ3Qk1yR0Q0U3V1V19GejdMMHBaN2ZqQUh1cHJfZmVwdUlvOA==,2023-06-09 05:42:51.167176
youtube#commentThread,dwpTvypFAjg16z6Lf0x4E80zRtI,UgwCBiV8oyYgtmEtxzd4AaABAg,"{'videoId': 'SFubem2H08c', 'topLevelComment': {'kind': 'youtube#comment', 'etag': 'BPrlPGkwKOoy8GMkZUb3qng66pA', 'id': 'UgwCBiV8oyYgtmEtxzd4AaABAg', 'snippet': {'videoId': 'SFubem2H08c', 'textDisplay': 'Pois então, onde esses progressistas e esquerdistas colocam a mão eles destroem uma nação. O tal boroc ou boric conseguiu quebrar em menos de um ano um país que era rico, parabéns eles ganham o prêmio &quot;incompetência do ano&quot;', 'textOriginal': 'Pois então, onde esses progressistas e esquerdistas colocam a mão eles destroem uma nação. O tal boroc ou boric conseguiu quebrar em menos de um ano um país que era rico, parabéns eles ganham o prêmio ""incompetência do ano""', 'authorDisplayName': 'Artur Paulo', 'authorProfileImageUrl': 'https://yt3.ggpht.com/ytc/AGIKgqOoddOZUIJ_maQa21yzbqNAAe-9GSDmoe8dRszCVA=s48-c-k-c0x00ffffff-no-rj', 'authorChannelUrl': 'http://www.youtube.com/channel/UC0h9EDYJrF4MMwWJbFSepfw', 'authorChannelId': {'value': 'UC0h9EDYJrF4MMwWJbFSepfw'}, 'canRate': True, 'viewerRating': 'none', 'likeCount': 0, 'publishedAt': '2022-10-20T04:57:23Z', 'updatedAt': '2022-10-20T04:57:23Z'}}, 'canReply': True, 'totalReplyCount': 0, 'isPublic': True}",,UC0h9EDYJrF4MMwWJbFSepfw,2022-10-20T04:57:23Z,"Pois então, onde esses progressistas e esquerdistas colocam a mão eles destroem uma nação. O tal boroc ou boric conseguiu quebrar em menos de um ano um país que era rico, parabéns eles ganham o prêmio ""incompetência do ano""",QURTSl9pMHg0WUtXVS1FY1Q4eVJxckJxSGJLVVpYc0txeDRoa3RoRFFRUGZ3Qk1yR0Q0U3V1V19GejdMMHBaN2ZqQUh1cHJfZmVwdUlvOA==,2023-06-09 05:42:51.167176
youtube#commentThread,WWoPR6KoIFeRB5a9lDcmlYXVAbg,Ugwa12VkOp7B_7mVsf54AaABAg,"{'videoId': 'SFubem2H08c', 'topLevelComment': {'kind': 'youtube#comment', 'etag': '3z5yIJ4fsdUO_msJkctgz6e-IQ8', 'id': 'Ugwa12VkOp7B_7mVsf54AaABAg', 'snippet': {'videoId': 'SFubem2H08c', 'textDisplay': 'Governo de esquerda espalha pobreza, isso é fato', 'textOriginal': 'Governo de esquerda espalha pobreza, isso é fato', 'authorDisplayName': 'Márcio Júnior', 'authorProfileImageUrl': 'https://yt3.ggpht.com/glQP6BEPMYSqSODcHWSMbT32SrWr7rt1tE5-JP80C73UdNumnFgBE68fvdl-vEsT_Z-j_wL7=s48-c-k-c0x00ffffff-no-rj', 'authorChannelUrl': 'http://www.youtube.com/channel/UCz3YF_O5CmKyjLc68OPm1yg', 'authorChannelId': {'value': 'UCz3YF_O5CmKyjLc68OPm1yg'}, 'canRate': True, 'viewerRating': 'none', 'likeCount': 0, 'publishedAt': '2022-10-20T03:37:17Z', 'updatedAt': '2022-10-20T03:37:17Z'}}, 'canReply': True, 'totalReplyCount': 0, 'isPublic': True}",,UCz3YF_O5CmKyjLc68OPm1yg,2022-10-20T03:37:17Z,"Governo de esquerda espalha pobreza, isso é fato",QURTSl9pMHg0WUtXVS1FY1Q4eVJxckJxSGJLVVpYc0txeDRoa3RoRFFRUGZ3Qk1yR0Q0U3V1V19GejdMMHBaN2ZqQUh1cHJfZmVwdUlvOA==,2023-06-09 05:42:51.167176
youtube#commentThread,nyiRlxCQTmVCyMlqC4yc3GkCu0M,UgxridLmMn1i4JHUkQx4AaABAg,"{'videoId': 'SFubem2H08c', 'topLevelComment': {'kind': 'youtube#comment', 'etag': '4MbZwa7aAEU_uSSOaZ-3nshmd8M', 'id': 'UgxridLmMn1i4JHUkQx4AaABAg', 'snippet': {'videoId': 'SFubem2H08c', 'textDisplay': 'Onde a maioria é covarde e burra, os valentões dominam.', 'textOriginal': 'Onde a maioria é covarde e burra, os valentões dominam.', 'authorDisplayName': 'educmare', 'authorProfileImageUrl': 'https://yt3.ggpht.com/ytc/AGIKgqPOWpuASQpNgbBlW2eU_-W0otiVTZ3mGLOqdyZ-RrWLycLjxkDYhhIEwgPCAz6a=s48-c-k-c0x00ffffff-no-rj', 'authorChannelUrl': 'http://www.youtube.com/channel/UCtGsNSXNpqLeUgzlXnXib8w', 'authorChannelId': {'value': 'UCtGsNSXNpqLeUgzlXnXib8w'}, 'canRate': True, 'viewerRating': 'none', 'likeCount': 0, 'publishedAt': '2022-10-20T02:48:01Z', 'updatedAt': '2022-10-20T02:48:01Z'}}, 'canReply': True, 'totalReplyCount': 0, 'isPublic': True}",,UCtGsNSXNpqLeUgzlXnXib8w,2022-10-20T02:48:01Z,"Onde a maioria é covarde e burra, os valentões dominam.",QURTSl9pMHg0WUtXVS1FY1Q4eVJxckJxSGJLVVpYc0txeDRoa3RoRFFRUGZ3Qk1yR0Q0U3V1V19GejdMMHBaN2ZqQUh1cHJfZmVwdUlvOA==,2023-06-09 05:42:51.167176
youtube#commentThread,_0K90_wByBbzpUVIJPDVeaS5LxY,UgyQkKTsNifwBwhAhV54AaABAg,"{'videoId': 'SFubem2H08c', 'topLevelComment': {'kind': 'youtube#comment', 'etag': 'QgRc3RFJzcsPaaJ6Uz3BH15p1vQ', 'id': 'UgyQkKTsNifwBwhAhV54AaABAg', 'snippet': {'videoId': 'SFubem2H08c', 'textDisplay': 'Sensura. Nunca', 'textOriginal': 'Sensura. Nunca', 'authorDisplayName': 'Luciano Silva', 'authorProfileImageUrl': 'https://yt3.ggpht.com/ytc/AGIKgqORR7ONz0pNfK2hPJK2m0vt5ipv6dH0RcD6uS-sAIu0WqEVEPHOPn4qJ5WPL16n=s48-c-k-c0x00ffffff-no-rj', 'authorChannelUrl': 'http://www.youtube.com/channel/UCFklbVQDpFWyqFOzpZKcqdg', 'authorChannelId': {'value': 'UCFklbVQDpFWyqFOzpZKcqdg'}, 'canRate': True, 'viewerRating': 'none', 'likeCount': 0, 'publishedAt': '2022-10-20T02:30:36Z', 'updatedAt': '2022-10-20T02:30:36Z'}}, 'canReply': True, 'totalReplyCount': 0, 'isPublic': True}",,UCFklbVQDpFWyqFOzpZKcqdg,2022-10-20T02:30:36Z,Sensura. Nunca,QURTSl9pMHg0WUtXVS1FY1Q4eVJxckJxSGJLVVpYc0txeDRoa3RoRFFRUGZ3Qk1yR0Q0U3V1V19GejdMMHBaN2ZqQUh1cHJfZmVwdUlvOA==,2023-06-09 05:42:51.167176
youtube#commentThread,QKVB5luU9vsj-NSPzXZpH6pjaW8,UgxpLICDEnB6mm1yGVR4AaABAg,"{'videoId': 'SFubem2H08c', 'topLevelComment': {'kind': 'youtube#comment', 'etag': 'G1suRpSM7t3AGBI1ZyRcUhQ6TM8', 'id': 'UgxpLICDEnB6mm1yGVR4AaABAg', 'snippet': {'videoId': 'SFubem2H08c', 'textDisplay': 'Infelizmente, parte do povo brasileiro ainda continua anestesiados e não acordam para a realidade da situação.', 'textOriginal': 'Infelizmente, parte do povo brasileiro ainda continua anestesiados e não acordam para a realidade da situação.', 'authorDisplayName': 'Valdeci Dourado', 'authorProfileImageUrl': 'https://yt3.ggpht.com/ytc/AGIKgqPaL91c0XcKzVWv58WXfP-yUUPHGwK8iObt8g=s48-c-k-c0x00ffffff-no-rj', 'authorChannelUrl': 'http://www.youtube.com/channel/UCAV36QdLLF4KjyAQOrgNIAQ', 'authorChannelId': {'value': 'UCAV36QdLLF4KjyAQOrgNIAQ'}, 'canRate': True, 'viewerRating': 'none', 'likeCount': 1, 'publishedAt': '2022-10-20T01:51:01Z', 'updatedAt': '2022-10-20T01:51:01Z'}}, 'canReply': True, 'totalReplyCount': 0, 'isPublic': True}",,UCAV36QdLLF4KjyAQOrgNIAQ,2022-10-20T01:51:01Z,"Infelizmente, parte do povo brasileiro ainda continua anestesiados e não acordam para a realidade da situação.",QURTSl9pMHg0WUtXVS1FY1Q4eVJxckJxSGJLVVpYc0txeDRoa3RoRFFRUGZ3Qk1yR0Q0U3V1V19GejdMMHBaN2ZqQUh1cHJfZmVwdUlvOA==,2023-06-09 05:42:51.167176
youtube#commentThread,QUIIIfaKSJglrUUPlUZq5ir1PM8,UgzO6Y2dpUahPouMcax4AaABAg,"{'videoId': 'SFubem2H08c', 'topLevelComment': {'kind': 'youtube#comment', 'etag': 'hbSmbd5v4Yo4cb5XB4MHwCRe1es', 'id': 'UgzO6Y2dpUahPouMcax4AaABAg', 'snippet': {'videoId': 'SFubem2H08c', 'textDisplay': 'É o espelho que muitas pessoas não querem ver<br>Tarcísio 10 governador<br>Bolsonaro22 presidente.<br>Abraços a todos.', 'textOriginal': 'É o espelho que muitas pessoas não querem ver\\nTarcísio 10 governador\\nBolsonaro22 presidente.\\nAbraços a todos.', 'authorDisplayName': 'Mário de Souza', 'authorProfileImageUrl': 'https://yt3.ggpht.com/ytc/AGIKgqPPz65K0sDxMFbtibFoZ7PL2Fg4ESHY6H3Bpzw1=s48-c-k-c0x00ffffff-no-rj', 'authorChannelUrl': 'http://www.youtube.com/channel/UCx6hnZ5X5qpAoPoB-4yp5fQ', 'authorChannelId': {'value': 'UCx6hnZ5X5qpAoPoB-4yp5fQ'}, 'canRate': True, 'viewerRating': 'none', 'likeCount': 8, 'publishedAt': '2022-10-20T01:48:41Z', 'updatedAt': '2022-10-20T01:48:41Z'}}, 'canReply': True, 'totalReplyCount': 0, 'isPublic': True}",,UCx6hnZ5X5qpAoPoB-4yp5fQ,2022-10-20T01:48:41Z,"É o espelho que muitas pessoas não querem ver
Tarcísio 10 governador
Bolsonaro22 presidente.
Abraços a todos.",QURTSl9pMHg0WUtXVS1FY1Q4eVJxckJxSGJLVVpYc0txeDRoa3RoRFFRUGZ3Qk1yR0Q0U3V1V19GejdMMHBaN2ZqQUh1cHJfZmVwdUlvOA==,2023-06-09 05:42:51.167176
youtube#commentThread,HA7uLe_F58o-BczAogt1IMi-gbI,UgzbDU5JiThQ3g2tA9F4AaABAg,"{'videoId': 'SFubem2H08c', 'topLevelComment': {'kind': 'youtube#comment', 'etag': '_7lKXO4tfzxoIuNbWWvLxOOgoYU', 'id': 'UgzbDU5JiThQ3g2tA9F4AaABAg', 'snippet': {'videoId': 'SFubem2H08c', 'textDisplay': 'O povo pode ficar tranquilo ,q na Venezuela nem 🐕 tem mais pra comer.', 'textOriginal': 'O povo pode ficar tranquilo ,q na Venezuela nem 🐕 tem mais pra comer.', 'authorDisplayName': 'Renatopara bems m p Carvalho', 'authorProfileImageUrl': 'https://yt3.ggpht.com/ytc/AGIKgqPFnWSaMvVxvcaew7hNHpim3ekGGKWFNorYRA=s48-c-k-c0x00ffffff-no-rj', 'authorChannelUrl': 'http://www.youtube.com/channel/UCytL2iE8Rk0rG7xEVdgVuuQ', 'authorChannelId': {'value': 'UCytL2iE8Rk0rG7xEVdgVuuQ'}, 'canRate': True, 'viewerRating': 'none', 'likeCount': 1, 'publishedAt': '2022-10-20T01:24:38Z', 'updatedAt': '2022-10-20T01:24:38Z'}}, 'canReply': True, 'totalReplyCount': 0, 'isPublic': True}",,UCytL2iE8Rk0rG7xEVdgVuuQ,2022-10-20T01:24:38Z,"O povo pode ficar tranquilo ,q na Venezuela nem 🐕 tem mais pra comer.",QURTSl9pMHg0WUtXVS1FY1Q4eVJxckJxSGJLVVpYc0txeDRoa3RoRFFRUGZ3Qk1yR0Q0U3V1V19GejdMMHBaN2ZqQUh1cHJfZmVwdUlvOA==,2023-06-09 05:42:51.167176
youtube#commentThread,W3bPNI27lyg2VKiQkagxflmQChE,UgxvTJ-eKCCd0niXSP54AaABAg,"{'videoId': 'SFubem2H08c', 'topLevelComment': {'kind': 'youtube#comment', 'etag': '_f-xT13a1zbM6wAvbENp8KHe_Cg', 'id': 'UgxvTJ-eKCCd0niXSP54AaABAg', 'snippet': {'videoId': 'SFubem2H08c', 'textDisplay': 'Mas presidenta não está na língua neutra,.', 'textOriginal': 'Mas presidenta não está na língua neutra,.', 'authorDisplayName': 'vicente oliveira', 'authorProfileImageUrl': 'https://yt3.ggpht.com/ytc/AGIKgqOtdTwAtVMfqHoiUrxWfPbXQc6ql_seAOiHnCTpji8=s48-c-k-c0x00ffffff-no-rj', 'authorChannelUrl': 'http://www.youtube.com/channel/UCt5cetLEfmAu5vgk686PUEQ', 'authorChannelId': {'value': 'UCt5cetLEfmAu5vgk686PUEQ'}, 'canRate': True, 'viewerRating': 'none', 'likeCount': 0, 'publishedAt': '2022-10-20T01:01:11Z', 'updatedAt': '2022-10-20T01:01:11Z'}}, 'canReply': True, 'totalReplyCount': 0, 'isPublic': True}",,UCt5cetLEfmAu5vgk686PUEQ,2022-10-20T01:01:11Z,"Mas presidenta não está na língua neutra,.",QURTSl9pMHg0WUtXVS1FY1Q4eVJxckJxSGJLVVpYc0txeDRoa3RoRFFRUGZ3Qk1yR0Q0U3V1V19GejdMMHBaN2ZqQUh1cHJfZmVwdUlvOA==,2023-06-09 05:42:51.167176
youtube#commentThread,112aTbiBpg2wAhy_tg4Ue5Lx_J0,UgyST_-7TLMx_oGWO914AaABAg,"{'videoId': 'SFubem2H08c', 'topLevelComment': {'kind': 'youtube#comment', 'etag': 'jpXNn-XM-ASECmuWo45yKYIhwkk', 'id': 'UgyST_-7TLMx_oGWO914AaABAg', 'snippet': {'videoId': 'SFubem2H08c', 'textDisplay': 'Sou de Rondônia sei o quanto os venezuelanos sofrem com fome com doenças por andar 4 dias apé tem gente que quer Lula no poder coitado não sabe oque é comunismo', 'textOriginal': 'Sou de Rondônia sei o quanto os venezuelanos sofrem com fome com doenças por andar 4 dias apé tem gente que quer Lula no poder coitado não sabe oque é comunismo', 'authorDisplayName': 'nildo avelino', 'authorProfileImageUrl': 'https://yt3.ggpht.com/ytc/AGIKgqOF11tjVKaFB_uOwo5kezmlvWehXBhkPWTYZA=s48-c-k-c0x00ffffff-no-rj', 'authorChannelUrl': 'http://www.youtube.com/channel/UCyRuUXdMgL8itU6eD93Gibg', 'authorChannelId': {'value': 'UCyRuUXdMgL8itU6eD93Gibg'}, 'canRate': True, 'viewerRating': 'none', 'likeCount': 0, 'publishedAt': '2022-10-20T00:51:31Z', 'updatedAt': '2022-10-20T00:51:31Z'}}, 'canReply': True, 'totalReplyCount': 0, 'isPublic': True}",,UCyRuUXdMgL8itU6eD93Gibg,2022-10-20T00:51:31Z,Sou de Rondônia sei o quanto os venezuelanos sofrem com fome com doenças por andar 4 dias apé tem gente que quer Lula no poder coitado não sabe oque é comunismo,QURTSl9pMHg0WUtXVS1FY1Q4eVJxckJxSGJLVVpYc0txeDRoa3RoRFFRUGZ3Qk1yR0Q0U3V1V19GejdMMHBaN2ZqQUh1cHJfZmVwdUlvOA==,2023-06-09 05:42:51.167176
youtube#commentThread,OMw8w4gLOaS9effVPx5uXSm15G0,Ugxy0DZZUFhirxKsZpl4AaABAg,"{'videoId': 'SFubem2H08c', 'topLevelComment': {'kind': 'youtube#comment', 'etag': 'wvLHrczm8JuOwVr05-3YUJREFmU', 'id': 'Ugxy0DZZUFhirxKsZpl4AaABAg', 'snippet': {'videoId': 'SFubem2H08c', 'textDisplay': 'E aí jumento, vai votar em branco, justificar o voto? E aí jumento vota em criminoso?', 'textOriginal': 'E aí jumento, vai votar em branco, justificar o voto? E aí jumento vota em criminoso?', 'authorDisplayName': 'Thiago Z. Padilha', 'authorProfileImageUrl': 'https://yt3.ggpht.com/zWa6VHhWOpkbrrt1DNX-v7_VS76MnFTOa3bV483UiBL017v-iKXR48MZ-R8FWVXUC-GTovIILOo=s48-c-k-c0x00ffffff-no-rj', 'authorChannelUrl': 'http://www.youtube.com/channel/UCrCmd3CS4KIylEi_h7RCWmg', 'authorChannelId': {'value': 'UCrCmd3CS4KIylEi_h7RCWmg'}, 'canRate': True, 'viewerRating': 'none', 'likeCount': 0, 'publishedAt': '2022-10-20T00:40:26Z', 'updatedAt': '2022-10-20T00:40:26Z'}}, 'canReply': True, 'totalReplyCount': 0, 'isPublic': True}",,UCrCmd3CS4KIylEi_h7RCWmg,2022-10-20T00:40:26Z,"E aí jumento, vai votar em branco, justificar o voto? E aí jumento vota em criminoso?",QURTSl9pMHg0WUtXVS1FY1Q4eVJxckJxSGJLVVpYc0txeDRoa3RoRFFRUGZ3Qk1yR0Q0U3V1V19GejdMMHBaN2ZqQUh1cHJfZmVwdUlvOA==,2023-06-09 05:42:51.167176
youtube#commentThread,0ugcPrrj70UK0VHVzgvMNowkKDI,UgxB4AVexc6u7RxJkHp4AaABAg,"{'videoId': 'SFubem2H08c', 'topLevelComment': {'kind': 'youtube#comment', 'etag': 'qCEveusi9hjyh30k9Myv9RssaZY', 'id': 'UgxB4AVexc6u7RxJkHp4AaABAg', 'snippet': {'videoId': 'SFubem2H08c', 'textDisplay': 'Lula ladrão corrupto 🤮🤮🤮🤮🤮🤮🤮🤮🤮🤮🤮🤮 STF', 'textOriginal': 'Lula ladrão corrupto 🤮🤮🤮🤮🤮🤮🤮🤮🤮🤮🤮🤮 STF', 'authorDisplayName': 'anderson lorin', 'authorProfileImageUrl': 'https://yt3.ggpht.com/ytc/AGIKgqNxKyuV2wwJkIsXq0jUqRkMp0_nvuQFvQriRw=s48-c-k-c0x00ffffff-no-rj', 'authorChannelUrl': 'http://www.youtube.com/channel/UCHR7S5mSz_4MiqN-6WXXxNQ', 'authorChannelId': {'value': 'UCHR7S5mSz_4MiqN-6WXXxNQ'}, 'canRate': True, 'viewerRating': 'none', 'likeCount': 0, 'publishedAt': '2022-10-20T00:32:18Z', 'updatedAt': '2022-10-20T00:32:18Z'}}, 'canReply': True, 'totalReplyCount': 0, 'isPublic': True}",,UCHR7S5mSz_4MiqN-6WXXxNQ,2022-10-20T00:32:18Z,Lula ladrão corrupto 🤮🤮🤮🤮🤮🤮🤮🤮🤮🤮🤮🤮 STF,QURTSl9pMHg0WUtXVS1FY1Q4eVJxckJxSGJLVVpYc0txeDRoa3RoRFFRUGZ3Qk1yR0Q0U3V1V19GejdMMHBaN2ZqQUh1cHJfZmVwdUlvOA==,2023-06-09 05:42:51.167176
youtube#commentThread,7vnLmOZHW_R5EY8gEaxxEHd9T8M,UgzFRtXfgo6y0MNXA8V4AaABAg,"{'videoId': 'SFubem2H08c', 'topLevelComment': {'kind': 'youtube#comment', 'etag': 'HEdbPCM1hjOpqaIXlm88KkiBg78', 'id': 'UgzFRtXfgo6y0MNXA8V4AaABAg', 'snippet': {'videoId': 'SFubem2H08c', 'textDisplay': 'Novidade onde esquerda governa a miséria se instala', 'textOriginal': 'Novidade onde esquerda governa a miséria se instala', 'authorDisplayName': 'Gilson Marcelino Silveira', 'authorProfileImageUrl': 'https://yt3.ggpht.com/ytc/AGIKgqNfITN-QvW4VFOGxcWFsPMHSzZ_NdWZYCxqFQ=s48-c-k-c0x00ffffff-no-rj', 'authorChannelUrl': 'http://www.youtube.com/channel/UCasjYeN14pvEN1JRb0AIXRA', 'authorChannelId': {'value': 'UCasjYeN14pvEN1JRb0AIXRA'}, 'canRate': True, 'viewerRating': 'none', 'likeCount': 0, 'publishedAt': '2022-10-20T00:31:26Z', 'updatedAt': '2022-10-20T00:31:26Z'}}, 'canReply': True, 'totalReplyCount': 0, 'isPublic': True}",,UCasjYeN14pvEN1JRb0AIXRA,2022-10-20T00:31:26Z,Novidade onde esquerda governa a miséria se instala,QURTSl9pMHg0WUtXVS1FY1Q4eVJxckJxSGJLVVpYc0txeDRoa3RoRFFRUGZ3Qk1yR0Q0U3V1V19GejdMMHBaN2ZqQUh1cHJfZmVwdUlvOA==,2023-06-09 05:42:51.167176
youtube#commentThread,LnhYZ1z8vyU7W54-RXgz7uNQhOo,UgwRTz7x1Y5K95z_9zt4AaABAg,"{'videoId': 'SFubem2H08c', 'topLevelComment': {'kind': 'youtube#comment', 'etag': 'qkbovkLbwOqX8QpldM400GHxwKQ', 'id': 'UgwRTz7x1Y5K95z_9zt4AaABAg', 'snippet': {'videoId': 'SFubem2H08c', 'textDisplay': 'Agora é.tarde que mandou votar na esquerda, serve pra vc brasileiro que pensa em votar no PT , só falta o Brasil para ele fechar a América.', 'textOriginal': 'Agora é.tarde que mandou votar na esquerda, serve pra vc brasileiro que pensa em votar no PT , só falta o Brasil para ele fechar a América.', 'authorDisplayName': 'João Carlos Da Conceição Peixoto', 'authorProfileImageUrl': 'https://yt3.ggpht.com/ytc/AGIKgqPIKhiSqu2qd-JR_9oboUjM7-Z6Ux3xnALWng=s48-c-k-c0x00ffffff-no-rj', 'authorChannelUrl': 'http://www.youtube.com/channel/UC9cRcfX18Fc7R_yA432LdTQ', 'authorChannelId': {'value': 'UC9cRcfX18Fc7R_yA432LdTQ'}, 'canRate': True, 'viewerRating': 'none', 'likeCount': 0, 'publishedAt': '2022-10-20T00:24:31Z', 'updatedAt': '2022-10-20T00:24:31Z'}}, 'canReply': True, 'totalReplyCount': 0, 'isPublic': True}",,UC9cRcfX18Fc7R_yA432LdTQ,2022-10-20T00:24:31Z,"Agora é.tarde que mandou votar na esquerda, serve pra vc brasileiro que pensa em votar no PT , só falta o Brasil para ele fechar a América.",QURTSl9pMHg0WUtXVS1FY1Q4eVJxckJxSGJLVVpYc0txeDRoa3RoRFFRUGZ3Qk1yR0Q0U3V1V19GejdMMHBaN2ZqQUh1cHJfZmVwdUlvOA==,2023-06-09 05:42:51.167176
youtube#commentThread,phkKE2QmCsUd-qrjFWBNe8pdoGw,Ugz9FNFoGw5MNLdDgcl4AaABAg,"{'videoId': 'SFubem2H08c', 'topLevelComment': {'kind': 'youtube#comment', 'etag': 'Gs9fGuAtH_BjSMuBajL8uaV-OZo', 'id': 'Ugz9FNFoGw5MNLdDgcl4AaABAg', 'snippet': {'videoId': 'SFubem2H08c', 'textDisplay': 'o povo está vendo o que está acontecendo com a América latina,toda se desfazendo,e muitos querendo esses regimes horríveis aqui para o Brasil', 'textOriginal': 'o povo está vendo o que está acontecendo com a América latina,toda se desfazendo,e muitos querendo esses regimes horríveis aqui para o Brasil', 'authorDisplayName': 'Cleber Oliveira', 'authorProfileImageUrl': 'https://yt3.ggpht.com/ytc/AGIKgqPNa6HdYJIAaa9gd2aZSCVSZTlWncwsckObkA_oQA=s48-c-k-c0x00ffffff-no-rj', 'authorChannelUrl': 'http://www.youtube.com/channel/UCMyiZEkkXDdg_DGIct0VxlA', 'authorChannelId': {'value': 'UCMyiZEkkXDdg_DGIct0VxlA'}, 'canRate': True, 'viewerRating': 'none', 'likeCount': 0, 'publishedAt': '2022-10-20T00:23:13Z', 'updatedAt': '2022-10-20T00:23:13Z'}}, 'canReply': True, 'totalReplyCount': 0, 'isPublic': True}",,UCMyiZEkkXDdg_DGIct0VxlA,2022-10-20T00:23:13Z,"o povo está vendo o que está acontecendo com a América latina,toda se desfazendo,e muitos querendo esses regimes horríveis aqui para o Brasil",QURTSl9pMHg0WUtXVS1FY1Q4eVJxckJxSGJLVVpYc0txeDRoa3RoRFFRUGZ3Qk1yR0Q0U3V1V19GejdMMHBaN2ZqQUh1cHJfZmVwdUlvOA==,2023-06-09 05:42:51.167176
youtube#commentThread,vh57628qVNyG4gEMPGVYUysStGw,UgyzHEaousJRYH0pXxd4AaABAg,"{'videoId': 'SFubem2H08c', 'topLevelComment': {'kind': 'youtube#comment', 'etag': 'FigLTQcNz_-q9ygnHy4_hoDOJPw', 'id': 'UgyzHEaousJRYH0pXxd4AaABAg', 'snippet': {'videoId': 'SFubem2H08c', 'textDisplay': 'Votar na esquerda e votar na pobreza 😔', 'textOriginal': 'Votar na esquerda e votar na pobreza 😔', 'authorDisplayName': 'Elder Lima', 'authorProfileImageUrl': 'https://yt3.ggpht.com/ytc/AGIKgqNR2T2JFTMzSl8aCa6fCdbSg4xjzRzJVlLQcmaFtg=s48-c-k-c0x00ffffff-no-rj', 'authorChannelUrl': 'http://www.youtube.com/channel/UC3p7aJEe346maRn80Rxj-Ug', 'authorChannelId': {'value': 'UC3p7aJEe346maRn80Rxj-Ug'}, 'canRate': True, 'viewerRating': 'none', 'likeCount': 0, 'publishedAt': '2022-10-20T00:17:21Z', 'updatedAt': '2022-10-20T00:17:21Z'}}, 'canReply': True, 'totalReplyCount': 0, 'isPublic': True}",,UC3p7aJEe346maRn80Rxj-Ug,2022-10-20T00:17:21Z,Votar na esquerda e votar na pobreza 😔,QURTSl9pMHg0WUtXVS1FY1Q4eVJxckJxSGJLVVpYc0txeDRoa3RoRFFRUGZ3Qk1yR0Q0U3V1V19GejdMMHBaN2ZqQUh1cHJfZmVwdUlvOA==,2023-06-09 05:42:51.167176
youtube#commentThread,4b9tb43xw9tcpZlzpfXK_Xv1U7k,Ugx3d-b4FZu79_y6aSt4AaABAg,"{'videoId': 'SFubem2H08c', 'topLevelComment': {'kind': 'youtube#comment', 'etag': 'vn250mh0SBS731NNEJkceyBGq84', 'id': 'Ugx3d-b4FZu79_y6aSt4AaABAg', 'snippet': {'videoId': 'SFubem2H08c', 'textDisplay': 'Difícil   que só  a jovem pam fala às  verdades não   chega em todos  os', 'textOriginal': 'Difícil   que só  a jovem pam fala às  verdades não   chega em todos  os', 'authorDisplayName': 'Valéria Freitas', 'authorProfileImageUrl': 'https://yt3.ggpht.com/ytc/AGIKgqOBdhqWi_8E9MI4ygwao7yUbL58QvqCG5NW-g=s48-c-k-c0x00ffffff-no-rj', 'authorChannelUrl': 'http://www.youtube.com/channel/UCcitn7R3yj5-rEPdFDMQjkQ', 'authorChannelId': {'value': 'UCcitn7R3yj5-rEPdFDMQjkQ'}, 'canRate': True, 'viewerRating': 'none', 'likeCount': 2, 'publishedAt': '2022-10-20T00:15:31Z', 'updatedAt': '2022-10-20T00:15:31Z'}}, 'canReply': True, 'totalReplyCount': 1, 'isPublic': True}","{'comments': [{'kind': 'youtube#comment', 'etag': 'NpG6pJfauT6MNv1j0qQcyFGkQDI', 'id': 'Ugx3d-b4FZu79_y6aSt4AaABAg.9hO3xJ1Bdex9hUIhm4GI17', 'snippet': {'videoId': 'SFubem2H08c', 'textDisplay': 'Vamos lutar e por esses comunistas para fora do poder isso e uma maldição sobre a terra temos que expulsar essa maldição do pais', 'textOriginal': 'Vamos lutar e por esses comunistas para fora do poder isso e uma maldição sobre a terra temos que expulsar essa maldição do pais', 'parentId': 'Ugx3d-b4FZu79_y6aSt4AaABAg', 'authorDisplayName': 'Cleideines Sao jose', 'authorProfileImageUrl': 'https://yt3.ggpht.com/ytc/AGIKgqNJsjIU9SisSGtlvUEWLyUua1FCGQTxC16X0A=s48-c-k-c0x00ffffff-no-rj', 'authorChannelUrl': 'http://www.youtube.com/channel/UCA6nQh6PfUUMjIWNcmzuuNw', 'authorChannelId': {'value': 'UCA6nQh6PfUUMjIWNcmzuuNw'}, 'canRate': True, 'viewerRating': 'none', 'likeCount': 1, 'publishedAt': '2022-10-22T10:19:54Z', 'updatedAt': '2022-10-22T10:19:54Z'}}]}",UCcitn7R3yj5-rEPdFDMQjkQ,2022-10-20T00:15:31Z,Difícil   que só  a jovem pam fala às  verdades não   chega em todos  os,QURTSl9pMHg0WUtXVS1FY1Q4eVJxckJxSGJLVVpYc0txeDRoa3RoRFFRUGZ3Qk1yR0Q0U3V1V19GejdMMHBaN2ZqQUh1cHJfZmVwdUlvOA==,2023-06-09 05:42:51.167176
youtube#commentThread,DkzG3ydfFPWC5Us6A_oei4IfdNA,UgzSZgC6IAzpE5GUj8F4AaABAg,"{'videoId': 'SFubem2H08c', 'topLevelComment': {'kind': 'youtube#comment', 'etag': '99rZnwxM9kQnO6g9D96gMRoA5ps', 'id': 'UgzSZgC6IAzpE5GUj8F4AaABAg', 'snippet': {'videoId': 'SFubem2H08c', 'textDisplay': 'Esses ministros do FTS eles quer a ruína do Brasil  eles só pensa neles não no povo', 'textOriginal': 'Esses ministros do FTS eles quer a ruína do Brasil  eles só pensa neles não no povo', 'authorDisplayName': 'Cláudio Aparecido', 'authorProfileImageUrl': 'https://yt3.ggpht.com/ytc/AGIKgqOugko4nTfOCpRtPOJQj4-qsCi10qEtPd8wb-5Qh4ZHrFbUz1HmC48enSi0LHk2=s48-c-k-c0x00ffffff-no-rj', 'authorChannelUrl': 'http://www.youtube.com/channel/UC9sou9mIwMR1p7gRjEpvXOA', 'authorChannelId': {'value': 'UC9sou9mIwMR1p7gRjEpvXOA'}, 'canRate': True, 'viewerRating': 'none', 'likeCount': 1, 'publishedAt': '2022-10-20T00:14:01Z', 'updatedAt': '2022-10-20T00:14:01Z'}}, 'canReply': True, 'totalReplyCount': 0, 'isPublic': True}",,UC9sou9mIwMR1p7gRjEpvXOA,2022-10-20T00:14:01Z,Esses ministros do FTS eles quer a ruína do Brasil  eles só pensa neles não no povo,QURTSl9pMHg0WUtXVS1FY1Q4eVJxckJxSGJLVVpYc0txeDRoa3RoRFFRUGZ3Qk1yR0Q0U3V1V19GejdMMHBaN2ZqQUh1cHJfZmVwdUlvOA==,2023-06-09 05:42:51.167176
youtube#commentThread,yTqEAR6jN_4tS1nhjOSFsfwaoNo,Ugy90Wh9GIeTIdZ0oY94AaABAg,"{'videoId': 'SFubem2H08c', 'topLevelComment': {'kind': 'youtube#comment', 'etag': '6SIqUYhTM0bNdPVkne6UXmw855M', 'id': 'Ugy90Wh9GIeTIdZ0oY94AaABAg', 'snippet': {'videoId': 'SFubem2H08c', 'textDisplay': 'Nenhuma surpresa  !! Já se sabia que iria ocorrer.', 'textOriginal': 'Nenhuma surpresa  !! Já se sabia que iria ocorrer.', 'authorDisplayName': 'paulo turatti', 'authorProfileImageUrl': 'https://yt3.ggpht.com/ytc/AGIKgqPpw5CyAa9SWoy-s_-HhSrJwIRfo_8oRtwCeQ=s48-c-k-c0x00ffffff-no-rj', 'authorChannelUrl': 'http://www.youtube.com/channel/UCqfuqRF_nqcuXeEpaM5rYjQ', 'authorChannelId': {'value': 'UCqfuqRF_nqcuXeEpaM5rYjQ'}, 'canRate': True, 'viewerRating': 'none', 'likeCount': 0, 'publishedAt': '2022-10-20T00:13:13Z', 'updatedAt': '2022-10-20T00:13:13Z'}}, 'canReply': True, 'totalReplyCount': 0, 'isPublic': True}",,UCqfuqRF_nqcuXeEpaM5rYjQ,2022-10-20T00:13:13Z,Nenhuma surpresa  !! Já se sabia que iria ocorrer.,QURTSl9pMHg0WUtXVS1FY1Q4eVJxckJxSGJLVVpYc0txeDRoa3RoRFFRUGZ3Qk1yR0Q0U3V1V19GejdMMHBaN2ZqQUh1cHJfZmVwdUlvOA==,2023-06-09 05:42:51.167176
youtube#commentThread,cQQ0paRUJDfwLR2nr96SeEUhOV0,UgyiZIxAw-Gqsd5Mqdd4AaABAg,"{'videoId': 'SFubem2H08c', 'topLevelComment': {'kind': 'youtube#comment', 'etag': 'jd6LiZS4ghF-_rcLbceD6PdP4Ns', 'id': 'UgyiZIxAw-Gqsd5Mqdd4AaABAg', 'snippet': {'videoId': 'SFubem2H08c', 'textDisplay': 'Bem feito ao povo chileno! Da próxima vez que aprenda a escolher seus governantes!', 'textOriginal': 'Bem feito ao povo chileno! Da próxima vez que aprenda a escolher seus governantes!', 'authorDisplayName': 'Antonio Christófalo', 'authorProfileImageUrl': 'https://yt3.ggpht.com/ytc/AGIKgqPD24bS6MgWXdhWJC53R3az0glhMODzgycmuA=s48-c-k-c0x00ffffff-no-rj', 'authorChannelUrl': 'http://www.youtube.com/channel/UCfixFx-VSgbZ8afZiaRYOyA', 'authorChannelId': {'value': 'UCfixFx-VSgbZ8afZiaRYOyA'}, 'canRate': True, 'viewerRating': 'none', 'likeCount': 0, 'publishedAt': '2022-10-20T00:03:15Z', 'updatedAt': '2022-10-20T00:03:15Z'}}, 'canReply': True, 'totalReplyCount': 0, 'isPublic': True}",,UCfixFx-VSgbZ8afZiaRYOyA,2022-10-20T00:03:15Z,Bem feito ao povo chileno! Da próxima vez que aprenda a escolher seus governantes!,QURTSl9pMHg0WUtXVS1FY1Q4eVJxckJxSGJLVVpYc0txeDRoa3RoRFFRUGZ3Qk1yR0Q0U3V1V19GejdMMHBaN2ZqQUh1cHJfZmVwdUlvOA==,2023-06-09 05:42:51.167176
youtube#commentThread,4J5Lb1u8IwOnH0GVEFE2QoUoTE4,UgwTe6tvmlCFDGLRcxp4AaABAg,"{'videoId': 'SFubem2H08c', 'topLevelComment': {'kind': 'youtube#comment', 'etag': 'TVm4GsH2SCx6UI4IHZD2HPo5zPQ', 'id': 'UgwTe6tvmlCFDGLRcxp4AaABAg', 'snippet': {'videoId': 'SFubem2H08c', 'textDisplay': 'E tem doentes que ainda votam em petistas, não tem como entender.', 'textOriginal': 'E tem doentes que ainda votam em petistas, não tem como entender.', 'authorDisplayName': 'Reginaldo fernandes', 'authorProfileImageUrl': 'https://yt3.ggpht.com/ytc/AGIKgqMxY-Xh3U_lKCeMSfypix7RNgGoemtYqHDOYw=s48-c-k-c0x00ffffff-no-rj', 'authorChannelUrl': 'http://www.youtube.com/channel/UCqEJpFIZP_M0J0tRAYA2v2w', 'authorChannelId': {'value': 'UCqEJpFIZP_M0J0tRAYA2v2w'}, 'canRate': True, 'viewerRating': 'none', 'likeCount': 0, 'publishedAt': '2022-10-20T00:02:48Z', 'updatedAt': '2022-10-20T00:02:48Z'}}, 'canReply': True, 'totalReplyCount': 0, 'isPublic': True}",,UCqEJpFIZP_M0J0tRAYA2v2w,2022-10-20T00:02:48Z,"E tem doentes que ainda votam em petistas, não tem como entender.",QURTSl9pMHg0WUtXVS1FY1Q4eVJxckJxSGJLVVpYc0txeDRoa3RoRFFRUGZ3Qk1yR0Q0U3V1V19GejdMMHBaN2ZqQUh1cHJfZmVwdUlvOA==,2023-06-09 05:42:51.167176
youtube#commentThread,Z0CkKEDl5uRFupZgfmxzo24gPqw,UgwzwmmuWBQ9m_arJXh4AaABAg,"{'videoId': 'SFubem2H08c', 'topLevelComment': {'kind': 'youtube#comment', 'etag': 'Dy32jVyv8pBT2kfspAEjhbuwxVw', 'id': 'UgwzwmmuWBQ9m_arJXh4AaABAg', 'snippet': {'videoId': 'SFubem2H08c', 'textDisplay': 'Viva Lula! Hahahahah! Eu esperando o brasileiro se babar na picanha! Por quarenta anos ouvindo risadas dessa gente quando falava dos meus bisavós mortos no leste europeu sob a cortina de ferro e com Venezuela, cuba, Argentina e eu que mentia. Olha eu esperando Lula novamente no poder. Vai ser um lindo aprendizado para esse povo ignorante! Vai sim!', 'textOriginal': 'Viva Lula! Hahahahah! Eu esperando o brasileiro se babar na picanha! Por quarenta anos ouvindo risadas dessa gente quando falava dos meus bisavós mortos no leste europeu sob a cortina de ferro e com Venezuela, cuba, Argentina e eu que mentia. Olha eu esperando Lula novamente no poder. Vai ser um lindo aprendizado para esse povo ignorante! Vai sim!', 'authorDisplayName': 'vagner de franca', 'authorProfileImageUrl': 'https://yt3.ggpht.com/ytc/AGIKgqMB7t5qwKEqg93vv0x-rOJXKCQgI18OOypW4ggOHw=s48-c-k-c0x00ffffff-no-rj', 'authorChannelUrl': 'http://www.youtube.com/channel/UC8m8SNwq1lSj9kWTR-lR19w', 'authorChannelId': {'value': 'UC8m8SNwq1lSj9kWTR-lR19w'}, 'canRate': True, 'viewerRating': 'none', 'likeCount': 0, 'publishedAt': '2022-10-20T00:01:12Z', 'updatedAt': '2022-10-20T00:01:12Z'}}, 'canReply': True, 'totalReplyCount': 0, 'isPublic': True}",,UC8m8SNwq1lSj9kWTR-lR19w,2022-10-20T00:01:12Z,"Viva Lula! Hahahahah! Eu esperando o brasileiro se babar na picanha! Por quarenta anos ouvindo risadas dessa gente quando falava dos meus bisavós mortos no leste europeu sob a cortina de ferro e com Venezuela, cuba, Argentina e eu que mentia. Olha eu esperando Lula novamente no poder. Vai ser um lindo aprendizado para esse povo ignorante! Vai sim!",QURTSl9pMHg0WUtXVS1FY1Q4eVJxckJxSGJLVVpYc0txeDRoa3RoRFFRUGZ3Qk1yR0Q0U3V1V19GejdMMHBaN2ZqQUh1cHJfZmVwdUlvOA==,2023-06-09 05:42:51.167176
youtube#commentThread,-ZnjgeT5dpoSFh_izGP5jtSURzc,UgwGRWBV8wtLlLOKBb54AaABAg,"{'videoId': 'SFubem2H08c', 'topLevelComment': {'kind': 'youtube#comment', 'etag': 'feC3hp-V-XZ5AHmaA0daXeDxYgE', 'id': 'UgwGRWBV8wtLlLOKBb54AaABAg', 'snippet': {'videoId': 'SFubem2H08c', 'textDisplay': 'Onde os esquerdopatas põem as patas o caos é instalado!!', 'textOriginal': 'Onde os esquerdopatas põem as patas o caos é instalado!!', 'authorDisplayName': 'marcos alessandro dias', 'authorProfileImageUrl': 'https://yt3.ggpht.com/ytc/AGIKgqNM7Z1wtMs_Ih-AzwVlmSgy1ZgcJxrMst8uDg=s48-c-k-c0x00ffffff-no-rj', 'authorChannelUrl': 'http://www.youtube.com/channel/UCaRLf1v7RKhVzZfzh4DGLAw', 'authorChannelId': {'value': 'UCaRLf1v7RKhVzZfzh4DGLAw'}, 'canRate': True, 'viewerRating': 'none', 'likeCount': 0, 'publishedAt': '2022-10-19T23:55:15Z', 'updatedAt': '2022-10-19T23:55:15Z'}}, 'canReply': True, 'totalReplyCount': 0, 'isPublic': True}",,UCaRLf1v7RKhVzZfzh4DGLAw,2022-10-19T23:55:15Z,Onde os esquerdopatas põem as patas o caos é instalado!!,QURTSl9pMHg0WUtXVS1FY1Q4eVJxckJxSGJLVVpYc0txeDRoa3RoRFFRUGZ3Qk1yR0Q0U3V1V19GejdMMHBaN2ZqQUh1cHJfZmVwdUlvOA==,2023-06-09 05:42:51.167176
youtube#commentThread,cs7UTGtMTeKH6L7qnC-TXWfyfg4,Ugzk6x0YBVJmwV5aYLx4AaABAg,"{'videoId': 'SFubem2H08c', 'topLevelComment': {'kind': 'youtube#comment', 'etag': '_En6gJmqOqUd0bg34EX2S2RbCr4', 'id': 'Ugzk6x0YBVJmwV5aYLx4AaABAg', 'snippet': {'videoId': 'SFubem2H08c', 'textDisplay': 'Muitos chilenos deixaram de ir votar e isso deu a vitória a esquerda, quando as pessoas deixam tomar decisões outros tomam por elas e resultado e esse', 'textOriginal': 'Muitos chilenos deixaram de ir votar e isso deu a vitória a esquerda, quando as pessoas deixam tomar decisões outros tomam por elas e resultado e esse', 'authorDisplayName': 'Marcos Osório', 'authorProfileImageUrl': 'https://yt3.ggpht.com/ytc/AGIKgqNfdaqHhvV0fQWxiUSIkGULI5aHHRoe9AUftg=s48-c-k-c0x00ffffff-no-rj', 'authorChannelUrl': 'http://www.youtube.com/channel/UCgJUElTQI7cvm4N-8rlX4Wg', 'authorChannelId': {'value': 'UCgJUElTQI7cvm4N-8rlX4Wg'}, 'canRate': True, 'viewerRating': 'none', 'likeCount': 0, 'publishedAt': '2022-10-19T23:54:42Z', 'updatedAt': '2022-10-19T23:54:42Z'}}, 'canReply': True, 'totalReplyCount': 0, 'isPublic': True}",,UCgJUElTQI7cvm4N-8rlX4Wg,2022-10-19T23:54:42Z,"Muitos chilenos deixaram de ir votar e isso deu a vitória a esquerda, quando as pessoas deixam tomar decisões outros tomam por elas e resultado e esse",QURTSl9pMHg0WUtXVS1FY1Q4eVJxckJxSGJLVVpYc0txeDRoa3RoRFFRUGZ3Qk1yR0Q0U3V1V19GejdMMHBaN2ZqQUh1cHJfZmVwdUlvOA==,2023-06-09 05:42:51.167176
youtube#commentThread,RRbG_AbTKxugJm_hdFKvMwVzY_c,UgzyHb-VQ3yCuca-1CJ4AaABAg,"{'videoId': 'SFubem2H08c', 'topLevelComment': {'kind': 'youtube#comment', 'etag': 'Refc393q08u8plMcBUTI9LkNt6E', 'id': 'UgzyHb-VQ3yCuca-1CJ4AaABAg', 'snippet': {'videoId': 'SFubem2H08c', 'textDisplay': 'O BRASIL QUE FIQUE ESPERTO! CASO O CONTRÁRIO , IREMOS PELO MESMO CAMINHO.', 'textOriginal': 'O BRASIL QUE FIQUE ESPERTO! CASO O CONTRÁRIO , IREMOS PELO MESMO CAMINHO.', 'authorDisplayName': 'Alex M. Costa', 'authorProfileImageUrl': 'https://yt3.ggpht.com/Mw3k6tpjJ7T25aE0nOnTy4A_Db5LXWuQFTV-86KW6kdtLF2N34r3kcsumveUx8GXjov8QDy6JIs=s48-c-k-c0x00ffffff-no-rj', 'authorChannelUrl': 'http://www.youtube.com/channel/UC9sqbGojPpChvDquufWcqVg', 'authorChannelId': {'value': 'UC9sqbGojPpChvDquufWcqVg'}, 'canRate': True, 'viewerRating': 'none', 'likeCount': 3, 'publishedAt': '2022-10-19T23:53:27Z', 'updatedAt': '2022-10-19T23:53:39Z'}}, 'canReply': True, 'totalReplyCount': 0, 'isPublic': True}",,UC9sqbGojPpChvDquufWcqVg,2022-10-19T23:53:27Z,"O BRASIL QUE FIQUE ESPERTO! CASO O CONTRÁRIO , IREMOS PELO MESMO CAMINHO.",QURTSl9pMHg0WUtXVS1FY1Q4eVJxckJxSGJLVVpYc0txeDRoa3RoRFFRUGZ3Qk1yR0Q0U3V1V19GejdMMHBaN2ZqQUh1cHJfZmVwdUlvOA==,2023-06-09 05:42:51.167176
youtube#commentThread,IxIUgcVhbuj0HAkwPo3fVpbm3jc,UgwxPYRr5tr1bOGuyt54AaABAg,"{'videoId': 'SFubem2H08c', 'topLevelComment': {'kind': 'youtube#comment', 'etag': 'kONQlYLO36-7NBch9qCseWu6Ujc', 'id': 'UgwxPYRr5tr1bOGuyt54AaABAg', 'snippet': {'videoId': 'SFubem2H08c', 'textDisplay': '<a href=""https://www.youtube.com/watch?v=SFubem2H08c&amp;t=0m16s"">0:16</a> altos índices de rejeição... Porque essas bestas votaram nele?', 'textOriginal': '0:16 altos índices de rejeição... Porque essas bestas votaram nele?', 'authorDisplayName': 'Rafael', 'authorProfileImageUrl': 'https://yt3.ggpht.com/ytc/AGIKgqPX925G6TFrhvz-KaTtgSj6CEsLR2J5AkBFfukneVA=s48-c-k-c0x00ffffff-no-rj', 'authorChannelUrl': 'http://www.youtube.com/channel/UCidIAUL9qCGWcLbdF6wYwng', 'authorChannelId': {'value': 'UCidIAUL9qCGWcLbdF6wYwng'}, 'canRate': True, 'viewerRating': 'none', 'likeCount': 0, 'publishedAt': '2022-10-19T23:51:08Z', 'updatedAt': '2022-10-19T23:51:08Z'}}, 'canReply': True, 'totalReplyCount': 0, 'isPublic': True}",,UCidIAUL9qCGWcLbdF6wYwng,2022-10-19T23:51:08Z,0:16 altos índices de rejeição... Porque essas bestas votaram nele?,QURTSl9pMHg0WUtXVS1FY1Q4eVJxckJxSGJLVVpYc0txeDRoa3RoRFFRUGZ3Qk1yR0Q0U3V1V19GejdMMHBaN2ZqQUh1cHJfZmVwdUlvOA==,2023-06-09 05:42:51.167176
youtube#commentThread,EMW74teLY_vgZ6QzetrZ3QdqFiI,UgynGCjYXBB3KFuJ16R4AaABAg,"{'videoId': 'SFubem2H08c', 'topLevelComment': {'kind': 'youtube#comment', 'etag': 'qNPCm4WoScbPX2WkBpIymlxtQ3s', 'id': 'UgynGCjYXBB3KFuJ16R4AaABAg', 'snippet': {'videoId': 'SFubem2H08c', 'textDisplay': 'Povo venezuelano dormem tranquilos nas ruas de Roraima .', 'textOriginal': 'Povo venezuelano dormem tranquilos nas ruas de Roraima .', 'authorDisplayName': 'ismael sousa rodrigues', 'authorProfileImageUrl': 'https://yt3.ggpht.com/ytc/AGIKgqMzoSC0ejUh_rt5PZU3JO7mrjUIJ1leBnUPag=s48-c-k-c0x00ffffff-no-rj', 'authorChannelUrl': 'http://www.youtube.com/channel/UCKuBbV4MF6fWb9tayiUnKFA', 'authorChannelId': {'value': 'UCKuBbV4MF6fWb9tayiUnKFA'}, 'canRate': True, 'viewerRating': 'none', 'likeCount': 0, 'publishedAt': '2022-10-19T23:44:58Z', 'updatedAt': '2022-10-19T23:44:58Z'}}, 'canReply': True, 'totalReplyCount': 0, 'isPublic': True}",,UCKuBbV4MF6fWb9tayiUnKFA,2022-10-19T23:44:58Z,Povo venezuelano dormem tranquilos nas ruas de Roraima .,QURTSl9pMHg0WUtXVS1FY1Q4eVJxckJxSGJLVVpYc0txeDRoa3RoRFFRUGZ3Qk1yR0Q0U3V1V19GejdMMHBaN2ZqQUh1cHJfZmVwdUlvOA==,2023-06-09 05:42:51.167176
youtube#commentThread,Dzv0AExLbQhjOHHf-9Fb8h5NqCg,UgyfrItxr3l15P38PLh4AaABAg,"{'videoId': 'SFubem2H08c', 'topLevelComment': {'kind': 'youtube#comment', 'etag': 'jYMZxn_1J_EXZBXZkIZB_fj4IoE', 'id': 'UgyfrItxr3l15P38PLh4AaABAg', 'snippet': {'videoId': 'SFubem2H08c', 'textDisplay': 'Este esquerdista cria do fórum de SP,tem que pedir ajuda para a tbm desnorteada Rússia.', 'textOriginal': 'Este esquerdista cria do fórum de SP,tem que pedir ajuda para a tbm desnorteada Rússia.', 'authorDisplayName': 'Guilherme Pinheiro', 'authorProfileImageUrl': 'https://yt3.ggpht.com/ytc/AGIKgqOTW3P0RcNVOjkcPlrBuXQiBMVCbPycxqNz=s48-c-k-c0x00ffffff-no-rj', 'authorChannelUrl': 'http://www.youtube.com/channel/UCT05Of2sgR_sTXOeDXgpI_Q', 'authorChannelId': {'value': 'UCT05Of2sgR_sTXOeDXgpI_Q'}, 'canRate': True, 'viewerRating': 'none', 'likeCount': 0, 'publishedAt': '2022-10-19T23:42:21Z', 'updatedAt': '2022-10-19T23:42:21Z'}}, 'canReply': True, 'totalReplyCount': 0, 'isPublic': True}",,UCT05Of2sgR_sTXOeDXgpI_Q,2022-10-19T23:42:21Z,"Este esquerdista cria do fórum de SP,tem que pedir ajuda para a tbm desnorteada Rússia.",QURTSl9pMHg0WUtXVS1FY1Q4eVJxckJxSGJLVVpYc0txeDRoa3RoRFFRUGZ3Qk1yR0Q0U3V1V19GejdMMHBaN2ZqQUh1cHJfZmVwdUlvOA==,2023-06-09 05:42:51.167176
youtube#commentThread,oA-CKqVdlap_-YROVBtxGtEyk3I,UgyjmBL9PyPVWP2uEYh4AaABAg,"{'videoId': 'SFubem2H08c', 'topLevelComment': {'kind': 'youtube#comment', 'etag': 'RGMhZYARWvUUIjTxxj5UoH6hQFs', 'id': 'UgyjmBL9PyPVWP2uEYh4AaABAg', 'snippet': {'videoId': 'SFubem2H08c', 'textDisplay': 'A esquerda é um instrumento do satanás é a desgraça de qualquer país deus livre o Brasil dessa desgraça dá esquerda', 'textOriginal': 'A esquerda é um instrumento do satanás é a desgraça de qualquer país deus livre o Brasil dessa desgraça dá esquerda', 'authorDisplayName': 'Netanel Santos', 'authorProfileImageUrl': 'https://yt3.ggpht.com/ytc/AGIKgqOe8BH74UcnPmRwN8KfTffIhegcDsFni99VuQ=s48-c-k-c0x00ffffff-no-rj', 'authorChannelUrl': 'http://www.youtube.com/channel/UCpG1a4ZzEeRGsMDxkt6ZLKA', 'authorChannelId': {'value': 'UCpG1a4ZzEeRGsMDxkt6ZLKA'}, 'canRate': True, 'viewerRating': 'none', 'likeCount': 0, 'publishedAt': '2022-10-19T23:37:46Z', 'updatedAt': '2022-10-19T23:37:46Z'}}, 'canReply': True, 'totalReplyCount': 0, 'isPublic': True}",,UCpG1a4ZzEeRGsMDxkt6ZLKA,2022-10-19T23:37:46Z,A esquerda é um instrumento do satanás é a desgraça de qualquer país deus livre o Brasil dessa desgraça dá esquerda,QURTSl9pMHg0WUtXVS1FY1Q4eVJxckJxSGJLVVpYc0txeDRoa3RoRFFRUGZ3Qk1yR0Q0U3V1V19GejdMMHBaN2ZqQUh1cHJfZmVwdUlvOA==,2023-06-09 05:42:51.167176
youtube#commentThread,5kvOyHXcuqpJ6OEcWaF4SSsTQbI,UgzJCmNR85BPGHZajp54AaABAg,"{'videoId': 'SFubem2H08c', 'topLevelComment': {'kind': 'youtube#comment', 'etag': 'Xqqk9u9C6xxbPZiFs4zMpQ99Khc', 'id': 'UgzJCmNR85BPGHZajp54AaABAg', 'snippet': {'videoId': 'SFubem2H08c', 'textDisplay': 'MUITO TRISTE!', 'textOriginal': 'MUITO TRISTE!', 'authorDisplayName': 'nilza simoes', 'authorProfileImageUrl': 'https://yt3.ggpht.com/ytc/AGIKgqMXBOkPlRyg0sMSL4HHz3Y7R1jH8FjgnysNOQ=s48-c-k-c0x00ffffff-no-rj', 'authorChannelUrl': 'http://www.youtube.com/channel/UCetuBMX0WNZAB-1gC71CMmQ', 'authorChannelId': {'value': 'UCetuBMX0WNZAB-1gC71CMmQ'}, 'canRate': True, 'viewerRating': 'none', 'likeCount': 0, 'publishedAt': '2022-10-19T23:32:28Z', 'updatedAt': '2022-10-19T23:32:28Z'}}, 'canReply': True, 'totalReplyCount': 0, 'isPublic': True}",,UCetuBMX0WNZAB-1gC71CMmQ,2022-10-19T23:32:28Z,MUITO TRISTE!,QURTSl9pMHg0WUtXVS1FY1Q4eVJxckJxSGJLVVpYc0txeDRoa3RoRFFRUGZ3Qk1yR0Q0U3V1V19GejdMMHBaN2ZqQUh1cHJfZmVwdUlvOA==,2023-06-09 05:42:51.167176
youtube#commentThread,s71kRd3HlXrG1O_DsmnV7ZnyCRo,Ugw-bCmtF04B5PMDSNd4AaABAg,"{'videoId': 'SFubem2H08c', 'topLevelComment': {'kind': 'youtube#comment', 'etag': '1kqeQwI6Gal3A9lYOCE9_UusiJ8', 'id': 'Ugw-bCmtF04B5PMDSNd4AaABAg', 'snippet': {'videoId': 'SFubem2H08c', 'textDisplay': 'Peço a nossos irmãos brasileiros do nordeste que pensem muito bem no futuro do Brasil, com LULA não teremos como ter um futuro melhor. Talvez nem recebam mais o auxílio do Governo.', 'textOriginal': 'Peço a nossos irmãos brasileiros do nordeste que pensem muito bem no futuro do Brasil, com LULA não teremos como ter um futuro melhor. Talvez nem recebam mais o auxílio do Governo.', 'authorDisplayName': 'Marcos', 'authorProfileImageUrl': 'https://yt3.ggpht.com/ytc/AGIKgqOqY-ISUjP3yq6rpC8bLBq7wmxfzbuPlH0XtA=s48-c-k-c0x00ffffff-no-rj', 'authorChannelUrl': 'http://www.youtube.com/channel/UC365H5yoGvtw0pG2lDvGSqA', 'authorChannelId': {'value': 'UC365H5yoGvtw0pG2lDvGSqA'}, 'canRate': True, 'viewerRating': 'none', 'likeCount': 0, 'publishedAt': '2022-10-19T23:29:26Z', 'updatedAt': '2022-10-19T23:29:26Z'}}, 'canReply': True, 'totalReplyCount': 0, 'isPublic': True}",,UC365H5yoGvtw0pG2lDvGSqA,2022-10-19T23:29:26Z,"Peço a nossos irmãos brasileiros do nordeste que pensem muito bem no futuro do Brasil, com LULA não teremos como ter um futuro melhor. Talvez nem recebam mais o auxílio do Governo.",QURTSl9pMHg0WUtXVS1FY1Q4eVJxckJxSGJLVVpYc0txeDRoa3RoRFFRUGZ3Qk1yR0Q0U3V1V19GejdMMHBaN2ZqQUh1cHJfZmVwdUlvOA==,2023-06-09 05:42:51.167176
youtube#commentThread,icK7z5-Au_lhCEyRbqU2B235U5g,Ugx_pzvSlf9-dLFVqMh4AaABAg,"{'videoId': 'SFubem2H08c', 'topLevelComment': {'kind': 'youtube#comment', 'etag': 'tiw7GO5scOIZKdJVhP4RxXrU8bM', 'id': 'Ugx_pzvSlf9-dLFVqMh4AaABAg', 'snippet': {'videoId': 'SFubem2H08c', 'textDisplay': 'Como um GOVERNO não fica com pena do seu povo 🇧🇷🙏🏻', 'textOriginal': 'Como um GOVERNO não fica com pena do seu povo 🇧🇷🙏🏻', 'authorDisplayName': 'Tânia Torres', 'authorProfileImageUrl': 'https://yt3.ggpht.com/ytc/AGIKgqPB3LXlVAicGXKCzVrH3h7n14m7v0R85YHYBg=s48-c-k-c0x00ffffff-no-rj', 'authorChannelUrl': 'http://www.youtube.com/channel/UCikEklN5F5G6zOcPT-eT1GA', 'authorChannelId': {'value': 'UCikEklN5F5G6zOcPT-eT1GA'}, 'canRate': True, 'viewerRating': 'none', 'likeCount': 2, 'publishedAt': '2022-10-19T23:29:16Z', 'updatedAt': '2022-10-19T23:29:16Z'}}, 'canReply': True, 'totalReplyCount': 0, 'isPublic': True}",,UCikEklN5F5G6zOcPT-eT1GA,2022-10-19T23:29:16Z,Como um GOVERNO não fica com pena do seu povo 🇧🇷🙏🏻,QURTSl9pMHg0WUtXVS1FY1Q4eVJxckJxSGJLVVpYc0txeDRoa3RoRFFRUGZ3Qk1yR0Q0U3V1V19GejdMMHBaN2ZqQUh1cHJfZmVwdUlvOA==,2023-06-09 05:42:51.167176
youtube#commentThread,su5IBYdx1MTekmheXU-X_VVGiZI,Ugy7EH34Wy548KO6rIh4AaABAg,"{'videoId': 'SFubem2H08c', 'topLevelComment': {'kind': 'youtube#comment', 'etag': 'pLR8ULbvDqShaekIeihdYlUpY4g', 'id': 'Ugy7EH34Wy548KO6rIh4AaABAg', 'snippet': {'videoId': 'SFubem2H08c', 'textDisplay': 'Flertar com a esquerda é perigoso.<br>A gentinha do Lula serão os primeiros a se lascar.', 'textOriginal': 'Flertar com a esquerda é perigoso.\\nA gentinha do Lula serão os primeiros a se lascar.', 'authorDisplayName': 'ELIAS RIBEIRO', 'authorProfileImageUrl': 'https://yt3.ggpht.com/ytc/AGIKgqOHy6H12cWLCrNn3XYNzwrc_uPotxebdSCgjQ=s48-c-k-c0x00ffffff-no-rj', 'authorChannelUrl': 'http://www.youtube.com/channel/UC97Zqt5V5ELILY-HGB2vZ9Q', 'authorChannelId': {'value': 'UC97Zqt5V5ELILY-HGB2vZ9Q'}, 'canRate': True, 'viewerRating': 'none', 'likeCount': 0, 'publishedAt': '2022-10-19T23:28:41Z', 'updatedAt': '2022-10-19T23:28:41Z'}}, 'canReply': True, 'totalReplyCount': 0, 'isPublic': True}",,UC97Zqt5V5ELILY-HGB2vZ9Q,2022-10-19T23:28:41Z,"Flertar com a esquerda é perigoso.
A gentinha do Lula serão os primeiros a se lascar.",QURTSl9pMHg0WUtXVS1FY1Q4eVJxckJxSGJLVVpYc0txeDRoa3RoRFFRUGZ3Qk1yR0Q0U3V1V19GejdMMHBaN2ZqQUh1cHJfZmVwdUlvOA==,2023-06-09 05:42:51.167176
youtube#commentThread,cSc-BZxAGSZRI4UMFMCNOy_i7lM,UgzGoA5yF9ZZONWKu614AaABAg,"{'videoId': 'SFubem2H08c', 'topLevelComment': {'kind': 'youtube#comment', 'etag': 'm0VMppqdeglqYAosvLJHQYUzMwg', 'id': 'UgzGoA5yF9ZZONWKu614AaABAg', 'snippet': {'videoId': 'SFubem2H08c', 'textDisplay': 'Quem Vota No PT  E PERVERTIDO<br> QUER SURUBA , ABORTO, PEDOFILIA, SACANAGEM', 'textOriginal': 'Quem Vota No PT  E PERVERTIDO\\n QUER SURUBA , ABORTO, PEDOFILIA, SACANAGEM', 'authorDisplayName': 'Lena Silva', 'authorProfileImageUrl': 'https://yt3.ggpht.com/ytc/AGIKgqOSCLbDosck38YjspOUaFtfSVnyil5MHsApzw=s48-c-k-c0x00ffffff-no-rj', 'authorChannelUrl': 'http://www.youtube.com/channel/UCh1KJAf-Z0XEtjsXrEODPXw', 'authorChannelId': {'value': 'UCh1KJAf-Z0XEtjsXrEODPXw'}, 'canRate': True, 'viewerRating': 'none', 'likeCount': 0, 'publishedAt': '2022-10-19T23:25:54Z', 'updatedAt': '2022-10-19T23:25:54Z'}}, 'canReply': True, 'totalReplyCount': 0, 'isPublic': True}",,UCh1KJAf-Z0XEtjsXrEODPXw,2022-10-19T23:25:54Z,"Quem Vota No PT  E PERVERTIDO
 QUER SURUBA , ABORTO, PEDOFILIA, SACANAGEM",QURTSl9pMHg0WUtXVS1FY1Q4eVJxckJxSGJLVVpYc0txeDRoa3RoRFFRUGZ3Qk1yR0Q0U3V1V19GejdMMHBaN2ZqQUh1cHJfZmVwdUlvOA==,2023-06-09 05:42:51.167176
youtube#commentThread,hJuDIo4JNUnwiF4QUzo3Ez0Sdjk,Ugyi1BxRutOXMC9r9aF4AaABAg,"{'videoId': 'SFubem2H08c', 'topLevelComment': {'kind': 'youtube#comment', 'etag': 'waT8M9Mj47iT4IQwu9ymwnsEG_8', 'id': 'Ugyi1BxRutOXMC9r9aF4AaABAg', 'snippet': {'videoId': 'SFubem2H08c', 'textDisplay': 'O CHILE ERA UM PAÍS QUE DAVA INVEJA A SUA ECONOMIA E ORGANIZAÇÃO, E AGORA FEDE A MERDA 🇧🇷👍🏼', 'textOriginal': 'O CHILE ERA UM PAÍS QUE DAVA INVEJA A SUA ECONOMIA E ORGANIZAÇÃO, E AGORA FEDE A MERDA 🇧🇷👍🏼', 'authorDisplayName': 'Eduardo Costa', 'authorProfileImageUrl': 'https://yt3.ggpht.com/ytc/AGIKgqO0C0-mQwTHPFna1zYJbSb97PyPeAlFD4j0GQ=s48-c-k-c0x00ffffff-no-rj', 'authorChannelUrl': 'http://www.youtube.com/channel/UC4jLu5DtXBK4pZbygXRkQ0w', 'authorChannelId': {'value': 'UC4jLu5DtXBK4pZbygXRkQ0w'}, 'canRate': True, 'viewerRating': 'none', 'likeCount': 1, 'publishedAt': '2022-10-19T23:24:25Z', 'updatedAt': '2022-10-19T23:24:25Z'}}, 'canReply': True, 'totalReplyCount': 0, 'isPublic': True}",,UC4jLu5DtXBK4pZbygXRkQ0w,2022-10-19T23:24:25Z,"O CHILE ERA UM PAÍS QUE DAVA INVEJA A SUA ECONOMIA E ORGANIZAÇÃO, E AGORA FEDE A MERDA 🇧🇷👍🏼",QURTSl9pMHg0WUtXVS1FY1Q4eVJxckJxSGJLVVpYc0txeDRoa3RoRFFRUGZ3Qk1yR0Q0U3V1V19GejdMMHBaN2ZqQUh1cHJfZmVwdUlvOA==,2023-06-09 05:42:51.167176
youtube#commentThread,LSggUWIkEayrpTC1p3uX5uOip3g,UgzrjEUo_rfNF5C3aCB4AaABAg,"{'videoId': 'SFubem2H08c', 'topLevelComment': {'kind': 'youtube#comment', 'etag': 'n_82NLjSWwlw9kGgD5cxurL6rHE', 'id': 'UgzrjEUo_rfNF5C3aCB4AaABAg', 'snippet': {'videoId': 'SFubem2H08c', 'textDisplay': 'Que todos possam assistir e entender o que está acontecendo.', 'textOriginal': 'Que todos possam assistir e entender o que está acontecendo.', 'authorDisplayName': 'Rangina Marques', 'authorProfileImageUrl': 'https://yt3.ggpht.com/ytc/AGIKgqMiVxC-qxJlmynatN1m0CN8QkGpUnL84ROOijscrQ=s48-c-k-c0x00ffffff-no-rj', 'authorChannelUrl': 'http://www.youtube.com/channel/UCOhON46U32AuZzd0zgdeLjw', 'authorChannelId': {'value': 'UCOhON46U32AuZzd0zgdeLjw'}, 'canRate': True, 'viewerRating': 'none', 'likeCount': 0, 'publishedAt': '2022-10-19T23:24:01Z', 'updatedAt': '2022-10-19T23:24:01Z'}}, 'canReply': True, 'totalReplyCount': 0, 'isPublic': True}",,UCOhON46U32AuZzd0zgdeLjw,2022-10-19T23:24:01Z,Que todos possam assistir e entender o que está acontecendo.,QURTSl9pMHg0WUtXVS1FY1Q4eVJxckJxSGJLVVpYc0txeDRoa3RoRFFRUGZ3Qk1yR0Q0U3V1V19GejdMMHBaN2ZqQUh1cHJfZmVwdUlvOA==,2023-06-09 05:42:51.167176
youtube#commentThread,JneEuZcY4Y_AlRmfxa8lwE6ZxLA,UgzBBz7nIwNiEK4JOal4AaABAg,"{'videoId': 'SFubem2H08c', 'topLevelComment': {'kind': 'youtube#comment', 'etag': 'dJdmOG_cFT9IjUF-JUXF9ybZmLw', 'id': 'UgzBBz7nIwNiEK4JOal4AaABAg', 'snippet': {'videoId': 'SFubem2H08c', 'textDisplay': 'É o que querem fazer aqui.<br>E a classe artística e jornalistas aplaudem', 'textOriginal': 'É o que querem fazer aqui.\\nE a classe artística e jornalistas aplaudem', 'authorDisplayName': 'Marco Antônio', 'authorProfileImageUrl': 'https://yt3.ggpht.com/ytc/AGIKgqO-4Ec3dd563zn0_4GQhhEEUS_diAWcO10uyJ3clJ3lhJQ4kepEleMLxV3AUQhw=s48-c-k-c0x00ffffff-no-rj', 'authorChannelUrl': 'http://www.youtube.com/channel/UCER84C_45ymXxvdErmP4snQ', 'authorChannelId': {'value': 'UCER84C_45ymXxvdErmP4snQ'}, 'canRate': True, 'viewerRating': 'none', 'likeCount': 0, 'publishedAt': '2022-10-19T23:19:32Z', 'updatedAt': '2022-10-19T23:19:32Z'}}, 'canReply': True, 'totalReplyCount': 0, 'isPublic': True}",,UCER84C_45ymXxvdErmP4snQ,2022-10-19T23:19:32Z,"É o que querem fazer aqui.
E a classe artística e jornalistas aplaudem",QURTSl9pMHg0WUtXVS1FY1Q4eVJxckJxSGJLVVpYc0txeDRoa3RoRFFRUGZ3Qk1yR0Q0U3V1V19GejdMMHBaN2ZqQUh1cHJfZmVwdUlvOA==,2023-06-09 05:42:51.167176
youtube#commentThread,XjucRuWUQfhxG66HK6JP4t_B0Rs,UgwU2EExk7IKSbe_mRB4AaABAg,"{'videoId': 'SFubem2H08c', 'topLevelComment': {'kind': 'youtube#comment', 'etag': 'YMMvfreOkNe0dcA7g6oqcY3News', 'id': 'UgwU2EExk7IKSbe_mRB4AaABAg', 'snippet': {'videoId': 'SFubem2H08c', 'textDisplay': 'Os comunistas sempre usam as desculpas de embargos quando a população passa fomem.', 'textOriginal': 'Os comunistas sempre usam as desculpas de embargos quando a população passa fomem.', 'authorDisplayName': 'Miguel Queiroz', 'authorProfileImageUrl': 'https://yt3.ggpht.com/ytc/AGIKgqPdhNMKBVt7EgzfkTP5_MZQL3agixzuRfUJYtHR=s48-c-k-c0x00ffffff-no-rj', 'authorChannelUrl': 'http://www.youtube.com/channel/UCkg0c87U4GXn7051vd5hfKA', 'authorChannelId': {'value': 'UCkg0c87U4GXn7051vd5hfKA'}, 'canRate': True, 'viewerRating': 'none', 'likeCount': 0, 'publishedAt': '2022-10-19T23:16:38Z', 'updatedAt': '2022-10-19T23:16:38Z'}}, 'canReply': True, 'totalReplyCount': 0, 'isPublic': True}",,UCkg0c87U4GXn7051vd5hfKA,2022-10-19T23:16:38Z,Os comunistas sempre usam as desculpas de embargos quando a população passa fomem.,QURTSl9pMHg0WUtXVS1FY1Q4eVJxckJxSGJLVVpYc0txeDRoa3RoRFFRUGZ3Qk1yR0Q0U3V1V19GejdMMHBaN2ZqQUh1cHJfZmVwdUlvOA==,2023-06-09 05:42:51.167176
youtube#commentThread,mIgtgWA1Nvy5XfBUvKPUdBV63W4,Ugzj_8uzcR6Sc6PfkMF4AaABAg,"{'videoId': 'SFubem2H08c', 'topLevelComment': {'kind': 'youtube#comment', 'etag': '3i-q5uG5G2y2--E0xDXgnST59YE', 'id': 'Ugzj_8uzcR6Sc6PfkMF4AaABAg', 'snippet': {'videoId': 'SFubem2H08c', 'textDisplay': 'Esses endemoniados onde pisa é desgraça', 'textOriginal': 'Esses endemoniados onde pisa é desgraça', 'authorDisplayName': 'Eliomar Silva', 'authorProfileImageUrl': 'https://yt3.ggpht.com/BlnjsOFgFG6dfkZUYTW-vGrOjDAmoQvXGx9zLgYAXSGxPMVZp2fGRGHnk4jbi-VopNqyxnfRhw=s48-c-k-c0x00ffffff-no-rj', 'authorChannelUrl': 'http://www.youtube.com/channel/UChUPJfLcExWKua-y2AgyU2g', 'authorChannelId': {'value': 'UChUPJfLcExWKua-y2AgyU2g'}, 'canRate': True, 'viewerRating': 'none', 'likeCount': 0, 'publishedAt': '2022-10-19T23:09:49Z', 'updatedAt': '2022-10-19T23:09:49Z'}}, 'canReply': True, 'totalReplyCount': 0, 'isPublic': True}",,UChUPJfLcExWKua-y2AgyU2g,2022-10-19T23:09:49Z,Esses endemoniados onde pisa é desgraça,QURTSl9pMHg0WUtXVS1FY1Q4eVJxckJxSGJLVVpYc0txeDRoa3RoRFFRUGZ3Qk1yR0Q0U3V1V19GejdMMHBaN2ZqQUh1cHJfZmVwdUlvOA==,2023-06-09 05:42:51.167176
youtube#commentThread,OBCRW6rvpbV52Dn647qFCawGCwM,Ugxt4yQp-icGjQ2fdEh4AaABAg,"{'videoId': 'SFubem2H08c', 'topLevelComment': {'kind': 'youtube#comment', 'etag': 'gVlWToWGpQ1F4v0r2_C6ImwJfLA', 'id': 'Ugxt4yQp-icGjQ2fdEh4AaABAg', 'snippet': {'videoId': 'SFubem2H08c', 'textDisplay': 'Caminhando para se aproximar e se igualar a Argentina, para se transformar tbm numa Venezuela', 'textOriginal': 'Caminhando para se aproximar e se igualar a Argentina, para se transformar tbm numa Venezuela', 'authorDisplayName': 'Orlando De Paiva', 'authorProfileImageUrl': 'https://yt3.ggpht.com/ytc/AGIKgqOwt1ycAF3TVQ2ZBOBnvn6PyYDV_BuGR3VybQ=s48-c-k-c0x00ffffff-no-rj', 'authorChannelUrl': 'http://www.youtube.com/channel/UCzW4FXZ6lniZZtjQaWyZPsw', 'authorChannelId': {'value': 'UCzW4FXZ6lniZZtjQaWyZPsw'}, 'canRate': True, 'viewerRating': 'none', 'likeCount': 0, 'publishedAt': '2022-10-19T23:03:20Z', 'updatedAt': '2022-10-19T23:03:20Z'}}, 'canReply': True, 'totalReplyCount': 0, 'isPublic': True}",,UCzW4FXZ6lniZZtjQaWyZPsw,2022-10-19T23:03:20Z,"Caminhando para se aproximar e se igualar a Argentina, para se transformar tbm numa Venezuela",QURTSl9pMHg0WUtXVS1FY1Q4eVJxckJxSGJLVVpYc0txeDRoa3RoRFFRUGZ3Qk1yR0Q0U3V1V19GejdMMHBaN2ZqQUh1cHJfZmVwdUlvOA==,2023-06-09 05:42:51.167176
youtube#commentThread,hs4VlQ97ZnCQFAHeQiGHsyY3gZA,Ugyni-xl5efb-3Gqu4F4AaABAg,"{'videoId': 'SFubem2H08c', 'topLevelComment': {'kind': 'youtube#comment', 'etag': 'KpWZLoEAceH36jpJvR-mopmKx1A', 'id': 'Ugyni-xl5efb-3Gqu4F4AaABAg', 'snippet': {'videoId': 'SFubem2H08c', 'textDisplay': 'Se o ladrao ganha vao sentir saudade do cara que falava auto e ums palavrões deus proteja nosso pais desse ladrão.', 'textOriginal': 'Se o ladrao ganha vao sentir saudade do cara que falava auto e ums palavrões deus proteja nosso pais desse ladrão.', 'authorDisplayName': 'Izadora Almeida', 'authorProfileImageUrl': 'https://yt3.ggpht.com/ytc/AGIKgqNqHAHHQHnfYS7H5kkI5aHWfuzEEomV5FuWYA=s48-c-k-c0x00ffffff-no-rj', 'authorChannelUrl': 'http://www.youtube.com/channel/UCBT9V3CE5TknDzUj7e1SOwg', 'authorChannelId': {'value': 'UCBT9V3CE5TknDzUj7e1SOwg'}, 'canRate': True, 'viewerRating': 'none', 'likeCount': 0, 'publishedAt': '2022-10-19T22:56:51Z', 'updatedAt': '2022-10-19T22:56:51Z'}}, 'canReply': True, 'totalReplyCount': 0, 'isPublic': True}",,UCBT9V3CE5TknDzUj7e1SOwg,2022-10-19T22:56:51Z,Se o ladrao ganha vao sentir saudade do cara que falava auto e ums palavrões deus proteja nosso pais desse ladrão.,QURTSl9pMHg0WUtXVS1FY1Q4eVJxckJxSGJLVVpYc0txeDRoa3RoRFFRUGZ3Qk1yR0Q0U3V1V19GejdMMHBaN2ZqQUh1cHJfZmVwdUlvOA==,2023-06-09 05:42:51.167176
youtube#commentThread,zWg9A5RF3qgoCqdDeZ58CmdTKuU,UgwTQfYI14mWILAg3pV4AaABAg,"{'videoId': 'SFubem2H08c', 'topLevelComment': {'kind': 'youtube#comment', 'etag': 'UO_WkgIuq49a5_nk_6phqUnrAcM', 'id': 'UgwTQfYI14mWILAg3pV4AaABAg', 'snippet': {'videoId': 'SFubem2H08c', 'textDisplay': 'Temos  que estar em oração  pra Deus amolecer  corações  principalmente os  que voltaram  branco  e nulos e vote no 22 pensa em nossas  crianças', 'textOriginal': 'Temos  que estar em oração  pra Deus amolecer  corações  principalmente os  que voltaram  branco  e nulos e vote no 22 pensa em nossas  crianças', 'authorDisplayName': 'Teresa Osorio', 'authorProfileImageUrl': 'https://yt3.ggpht.com/ytc/AGIKgqP8WDeMSurRZDxYJBfNCc_6PHnBNSgc9O5SuvT8orSzkfEt0jVkgWCsXeJS6HhT=s48-c-k-c0x00ffffff-no-rj', 'authorChannelUrl': 'http://www.youtube.com/channel/UCuAFp3gtMOZmZbQGfyDgj8Q', 'authorChannelId': {'value': 'UCuAFp3gtMOZmZbQGfyDgj8Q'}, 'canRate': True, 'viewerRating': 'none', 'likeCount': 2, 'publishedAt': '2022-10-19T22:49:31Z', 'updatedAt': '2022-10-19T22:49:31Z'}}, 'canReply': True, 'totalReplyCount': 0, 'isPublic': True}",,UCuAFp3gtMOZmZbQGfyDgj8Q,2022-10-19T22:49:31Z,Temos  que estar em oração  pra Deus amolecer  corações  principalmente os  que voltaram  branco  e nulos e vote no 22 pensa em nossas  crianças,QURTSl9pMHg0WUtXVS1FY1Q4eVJxckJxSGJLVVpYc0txeDRoa3RoRFFRUGZ3Qk1yR0Q0U3V1V19GejdMMHBaN2ZqQUh1cHJfZmVwdUlvOA==,2023-06-09 05:42:51.167176
youtube#commentThread,dwG1EJU5HZ70kWzjlRASnJcuFoA,UgzyFDBQYcQtx7hn8_l4AaABAg,"{'videoId': 'SFubem2H08c', 'topLevelComment': {'kind': 'youtube#comment', 'etag': '6k7mOw-eFFkNdVNHafncdelBs0E', 'id': 'UgzyFDBQYcQtx7hn8_l4AaABAg', 'snippet': {'videoId': 'SFubem2H08c', 'textDisplay': 'Sera que os indecisos na ultima votacao ainda nao sabem em quem votar???? Deus tenha misericordia do Brasil... A alma mais honesta do Brasil vai voltar a enviar dinheiro pra sustentar todos esses paises como fez antes... Tragedia anunciada!', 'textOriginal': 'Sera que os indecisos na ultima votacao ainda nao sabem em quem votar???? Deus tenha misericordia do Brasil... A alma mais honesta do Brasil vai voltar a enviar dinheiro pra sustentar todos esses paises como fez antes... Tragedia anunciada!', 'authorDisplayName': ' SGM(Simone)', 'authorProfileImageUrl': 'https://yt3.ggpht.com/63lZ50gKcwLuHoK2Bva8ug1hk4dBstBqyp_6CYU5kQ4rVS_SNt5UpfxM1vdCypA6nsDz4iktGw=s48-c-k-c0x00ffffff-no-rj', 'authorChannelUrl': 'http://www.youtube.com/channel/UCK43oUeR9M4cQoLm4LFbYHQ', 'authorChannelId': {'value': 'UCK43oUeR9M4cQoLm4LFbYHQ'}, 'canRate': True, 'viewerRating': 'none', 'likeCount': 0, 'publishedAt': '2022-10-19T22:42:51Z', 'updatedAt': '2022-10-19T22:42:51Z'}}, 'canReply': True, 'totalReplyCount': 0, 'isPublic': True}",,UCK43oUeR9M4cQoLm4LFbYHQ,2022-10-19T22:42:51Z,Sera que os indecisos na ultima votacao ainda nao sabem em quem votar???? Deus tenha misericordia do Brasil... A alma mais honesta do Brasil vai voltar a enviar dinheiro pra sustentar todos esses paises como fez antes... Tragedia anunciada!,QURTSl9pMHg0WUtXVS1FY1Q4eVJxckJxSGJLVVpYc0txeDRoa3RoRFFRUGZ3Qk1yR0Q0U3V1V19GejdMMHBaN2ZqQUh1cHJfZmVwdUlvOA==,2023-06-09 05:42:51.167176
youtube#commentThread,tdyCx-JPnb7ZCtCz_d0hNZuJVbc,Ugzq1bU4IaFr2Paqw814AaABAg,"{'videoId': 'SFubem2H08c', 'topLevelComment': {'kind': 'youtube#comment', 'etag': '3919QJozNo312PA9hki6DTP3irM', 'id': 'Ugzq1bU4IaFr2Paqw814AaABAg', 'snippet': {'videoId': 'SFubem2H08c', 'textDisplay': 'Que se phodam os chilenos. São arrogantes e se acham os europeus da América do Sul. <br>Estou esperando que o mar pegue fogo para comer peixe frito.', 'textOriginal': 'Que se phodam os chilenos. São arrogantes e se acham os europeus da América do Sul. \\nEstou esperando que o mar pegue fogo para comer peixe frito.', 'authorDisplayName': 'Brain Storm', 'authorProfileImageUrl': 'https://yt3.ggpht.com/ytc/AGIKgqOz5TLX9BGKfYO5tTEMdDPHzJP9yr2Bco7Pbg=s48-c-k-c0x00ffffff-no-rj', 'authorChannelUrl': 'http://www.youtube.com/channel/UCatnEn4oCSzNLKEctluaGVA', 'authorChannelId': {'value': 'UCatnEn4oCSzNLKEctluaGVA'}, 'canRate': True, 'viewerRating': 'none', 'likeCount': 0, 'publishedAt': '2022-10-19T22:42:43Z', 'updatedAt': '2022-10-19T22:42:43Z'}}, 'canReply': True, 'totalReplyCount': 0, 'isPublic': True}",,UCatnEn4oCSzNLKEctluaGVA,2022-10-19T22:42:43Z,"Que se phodam os chilenos. São arrogantes e se acham os europeus da América do Sul. 
Estou esperando que o mar pegue fogo para comer peixe frito.",QURTSl9pMHg0WUtXVS1FY1Q4eVJxckJxSGJLVVpYc0txeDRoa3RoRFFRUGZ3Qk1yR0Q0U3V1V19GejdMMHBaN2ZqQUh1cHJfZmVwdUlvOA==,2023-06-09 05:42:51.167176
youtube#commentThread,F7vlRVz3rSwp0CEiG8bo_Ck5dIM,UgyKJa3pNMbTU1GlfwN4AaABAg,"{'videoId': 'SFubem2H08c', 'topLevelComment': {'kind': 'youtube#comment', 'etag': 'F-57Amv1pYfXNzsbsEGoGVWDXwE', 'id': 'UgyKJa3pNMbTU1GlfwN4AaABAg', 'snippet': {'videoId': 'SFubem2H08c', 'textDisplay': 'Meu irmão está de passeio no Chile e as coisas lá tá feia .', 'textOriginal': 'Meu irmão está de passeio no Chile e as coisas lá tá feia .', 'authorDisplayName': 'Moisés guincho', 'authorProfileImageUrl': 'https://yt3.ggpht.com/2FvYmgySUl6pPBRVM562GrBux7rYapiLUcumgOAArpS5QWAVO5ACHpbX1y_2N7_TPRo3UOGE=s48-c-k-c0x00ffffff-no-rj', 'authorChannelUrl': 'http://www.youtube.com/channel/UCIpCyz-XBDXxKh6yvAZli7g', 'authorChannelId': {'value': 'UCIpCyz-XBDXxKh6yvAZli7g'}, 'canRate': True, 'viewerRating': 'none', 'likeCount': 0, 'publishedAt': '2022-10-19T22:37:32Z', 'updatedAt': '2022-10-19T22:37:32Z'}}, 'canReply': True, 'totalReplyCount': 0, 'isPublic': True}",,UCIpCyz-XBDXxKh6yvAZli7g,2022-10-19T22:37:32Z,Meu irmão está de passeio no Chile e as coisas lá tá feia .,QURTSl9pMHg0WUtXVS1FY1Q4eVJxckJxSGJLVVpYc0txeDRoa3RoRFFRUGZ3Qk1yR0Q0U3V1V19GejdMMHBaN2ZqQUh1cHJfZmVwdUlvOA==,2023-06-09 05:42:51.167176
youtube#commentThread,hjKehYfhaUAjntbxLafyZRvSgsI,Ugy4fQcBnRm8G2zgNpR4AaABAg,"{'videoId': 'SFubem2H08c', 'topLevelComment': {'kind': 'youtube#comment', 'etag': 'QYKukxnK8jbNpMywR3Xc4V9dda4', 'id': 'Ugy4fQcBnRm8G2zgNpR4AaABAg', 'snippet': {'videoId': 'SFubem2H08c', 'textDisplay': 'A esquerda  tem ganhado  as eleições  com abstenção  de pessoas  que  não  vão vota não  podemos cai  esse erro  no Brasil.', 'textOriginal': 'A esquerda  tem ganhado  as eleições  com abstenção  de pessoas  que  não  vão vota não  podemos cai  esse erro  no Brasil.', 'authorDisplayName': 'Joel Candido De Oliveira', 'authorProfileImageUrl': 'https://yt3.ggpht.com/ytc/AGIKgqM7ANN8Nhs1HlDG2eIRswd_Z_xEI2_7yP3-cg=s48-c-k-c0x00ffffff-no-rj', 'authorChannelUrl': 'http://www.youtube.com/channel/UC8aVIhT9gAaFya28Lnw2Asg', 'authorChannelId': {'value': 'UC8aVIhT9gAaFya28Lnw2Asg'}, 'canRate': True, 'viewerRating': 'none', 'likeCount': 0, 'publishedAt': '2022-10-19T22:27:29Z', 'updatedAt': '2022-10-19T22:27:29Z'}}, 'canReply': True, 'totalReplyCount': 0, 'isPublic': True}",,UC8aVIhT9gAaFya28Lnw2Asg,2022-10-19T22:27:29Z,A esquerda  tem ganhado  as eleições  com abstenção  de pessoas  que  não  vão vota não  podemos cai  esse erro  no Brasil.,QURTSl9pMHg0WUtXVS1FY1Q4eVJxckJxSGJLVVpYc0txeDRoa3RoRFFRUGZ3Qk1yR0Q0U3V1V19GejdMMHBaN2ZqQUh1cHJfZmVwdUlvOA==,2023-06-09 05:42:51.167176
youtube#commentThread,ZtqxhTbRcTB-w6FhLMAlU4BkTvA,Ugyd3yp8Lj6DrStUWMR4AaABAg,"{'videoId': 'SFubem2H08c', 'topLevelComment': {'kind': 'youtube#comment', 'etag': 'MfJbcQOReJp6qqdJLpRl_pedJ3k', 'id': 'Ugyd3yp8Lj6DrStUWMR4AaABAg', 'snippet': {'videoId': 'SFubem2H08c', 'textDisplay': 'A capa do vídeo 🙋🇩🇪', 'textOriginal': 'A capa do vídeo 🙋🇩🇪', 'authorDisplayName': 'Ave Brasil', 'authorProfileImageUrl': 'https://yt3.ggpht.com/Vlk4ksJ7JaR-2deHOPhINmDI33QGifVPva2RoiIKjHAg9tictrtvBhb_dwh0YAwHc65U3kmNcQ=s48-c-k-c0x00ffffff-no-rj', 'authorChannelUrl': 'http://www.youtube.com/channel/UCsM1K--FpMQbJIuvAjshG0g', 'authorChannelId': {'value': 'UCsM1K--FpMQbJIuvAjshG0g'}, 'canRate': True, 'viewerRating': 'none', 'likeCount': 0, 'publishedAt': '2022-10-19T22:23:42Z', 'updatedAt': '2022-10-19T22:23:42Z'}}, 'canReply': True, 'totalReplyCount': 0, 'isPublic': True}",,UCsM1K--FpMQbJIuvAjshG0g,2022-10-19T22:23:42Z,A capa do vídeo 🙋🇩🇪,QURTSl9pMHg0WUtXVS1FY1Q4eVJxckJxSGJLVVpYc0txeDRoa3RoRFFRUGZ3Qk1yR0Q0U3V1V19GejdMMHBaN2ZqQUh1cHJfZmVwdUlvOA==,2023-06-09 05:42:51.167176
youtube#commentThread,2GPSLE55MMogdaIj3Clm-gQbODk,UgyYFR9WSNtqQEHNHFF4AaABAg,"{'videoId': 'SFubem2H08c', 'topLevelComment': {'kind': 'youtube#comment', 'etag': 'RLtgwtOOrlDyXFt7kTQRRKQMdXM', 'id': 'UgyYFR9WSNtqQEHNHFF4AaABAg', 'snippet': {'videoId': 'SFubem2H08c', 'textDisplay': 'Vamos 22', 'textOriginal': 'Vamos 22', 'authorDisplayName': 'José Carlos Teixeira Franco', 'authorProfileImageUrl': 'https://yt3.ggpht.com/ytc/AGIKgqMApj1GsvxSLClY3Cy9c6DD8mVh6ae2F8p8OKMWBc6AKNy3Jqftki-MSRzhw1mn=s48-c-k-c0x00ffffff-no-rj', 'authorChannelUrl': 'http://www.youtube.com/channel/UCJDxBEeDU3CVU5BgtXUsW3w', 'authorChannelId': {'value': 'UCJDxBEeDU3CVU5BgtXUsW3w'}, 'canRate': True, 'viewerRating': 'none', 'likeCount': 0, 'publishedAt': '2022-10-19T22:19:08Z', 'updatedAt': '2022-10-19T22:19:08Z'}}, 'canReply': True, 'totalReplyCount': 0, 'isPublic': True}",,UCJDxBEeDU3CVU5BgtXUsW3w,2022-10-19T22:19:08Z,Vamos 22,QURTSl9pMHg0WUtXVS1FY1Q4eVJxckJxSGJLVVpYc0txeDRoa3RoRFFRUGZ3Qk1yR0Q0U3V1V19GejdMMHBaN2ZqQUh1cHJfZmVwdUlvOA==,2023-06-09 05:42:51.167176
youtube#commentThread,8H9SmbXoGoBC0M5Xh2WT5MC_-54,UgwL8FarVDlwMgMSfSh4AaABAg,"{'videoId': 'SFubem2H08c', 'topLevelComment': {'kind': 'youtube#comment', 'etag': 'ZKVzcT1RNshXt215Bhg103DWJug', 'id': 'UgwL8FarVDlwMgMSfSh4AaABAg', 'snippet': {'videoId': 'SFubem2H08c', 'textDisplay': 'É isso aí,  é só o povo escolher a esquerda pra governar.', 'textOriginal': 'É isso aí,  é só o povo escolher a esquerda pra governar.', 'authorDisplayName': 'lherguinopinto', 'authorProfileImageUrl': 'https://yt3.ggpht.com/ytc/AGIKgqPtTTOc0zylVJB_8XT5aXvegtHvkV2R-oHvS8XzwXj_PHhStrU8BhlFAtjE35ug=s48-c-k-c0x00ffffff-no-rj', 'authorChannelUrl': 'http://www.youtube.com/channel/UC3O3_jExdBbipdPPUGkOx0w', 'authorChannelId': {'value': 'UC3O3_jExdBbipdPPUGkOx0w'}, 'canRate': True, 'viewerRating': 'none', 'likeCount': 0, 'publishedAt': '2022-10-19T22:05:08Z', 'updatedAt': '2022-10-19T22:05:08Z'}}, 'canReply': True, 'totalReplyCount': 0, 'isPublic': True}",,UC3O3_jExdBbipdPPUGkOx0w,2022-10-19T22:05:08Z,"É isso aí,  é só o povo escolher a esquerda pra governar.",QURTSl9pMHg0WUtXVS1FY1Q4eVJxckJxSGJLVVpYc0txeDRoa3RoRFFRUGZ3Qk1yR0Q0U3V1V19GejdMMHBaN2ZqQUh1cHJfZmVwdUlvOA==,2023-06-09 05:42:51.167176
youtube#commentThread,eV4D9TnIX-z-r2ddMhPBHHdvtME,UgzfylCE809a9jGHeH94AaABAg,"{'videoId': 'SFubem2H08c', 'topLevelComment': {'kind': 'youtube#comment', 'etag': 'eT0zuXlnhnEZ5-jBiZnHzUfuT9M', 'id': 'UgzfylCE809a9jGHeH94AaABAg', 'snippet': {'videoId': 'SFubem2H08c', 'textDisplay': 'Os petralhas deveriam enxergar isto !', 'textOriginal': 'Os petralhas deveriam enxergar isto !', 'authorDisplayName': 'Otavio  Fernandes de Souza', 'authorProfileImageUrl': 'https://yt3.ggpht.com/ytc/AGIKgqPy5np6hMXZrCPPSXMf2PRyhhbS9t_68ERAOfCPSpdud2M777AewQywXAzSAt_Q=s48-c-k-c0x00ffffff-no-rj', 'authorChannelUrl': 'http://www.youtube.com/channel/UC3cV6mCUHwf-LLkmlvvNh2A', 'authorChannelId': {'value': 'UC3cV6mCUHwf-LLkmlvvNh2A'}, 'canRate': True, 'viewerRating': 'none', 'likeCount': 0, 'publishedAt': '2022-10-19T21:58:41Z', 'updatedAt': '2022-10-19T21:58:41Z'}}, 'canReply': True, 'totalReplyCount': 0, 'isPublic': True}",,UC3cV6mCUHwf-LLkmlvvNh2A,2022-10-19T21:58:41Z,Os petralhas deveriam enxergar isto !,QURTSl9pMHg0WUtXVS1FY1Q4eVJxckJxSGJLVVpYc0txeDRoa3RoRFFRUGZ3Qk1yR0Q0U3V1V19GejdMMHBaN2ZqQUh1cHJfZmVwdUlvOA==,2023-06-09 05:42:51.167176
youtube#commentThread,n7LsLehb5JtfEvy18OjSpZPqI6E,UgxB4APEmYL95ZxxBjV4AaABAg,"{'videoId': 'SFubem2H08c', 'topLevelComment': {'kind': 'youtube#comment', 'etag': 'o8DyIvzujccjSVgyv1kSS_v1bX4', 'id': 'UgxB4APEmYL95ZxxBjV4AaABAg', 'snippet': {'videoId': 'SFubem2H08c', 'textDisplay': 'Se o pt ganhar vou ter ir pra capital tentar arrumar emprego porque no interior vai cair muito esse é meu medo', 'textOriginal': 'Se o pt ganhar vou ter ir pra capital tentar arrumar emprego porque no interior vai cair muito esse é meu medo', 'authorDisplayName': 'Idelmar Alexandre', 'authorProfileImageUrl': 'https://yt3.ggpht.com/ytc/AGIKgqOZLNLMx9sx2W0jUzi5v4N6GMyqWFJaR6UgUwNAD3LF21aAUAcMMw5y1Ic5ZR9V=s48-c-k-c0x00ffffff-no-rj', 'authorChannelUrl': 'http://www.youtube.com/channel/UC7o5Zxyf1KeAPfZ1jWrKPyQ', 'authorChannelId': {'value': 'UC7o5Zxyf1KeAPfZ1jWrKPyQ'}, 'canRate': True, 'viewerRating': 'none', 'likeCount': 0, 'publishedAt': '2022-10-19T21:52:05Z', 'updatedAt': '2022-10-19T21:52:05Z'}}, 'canReply': True, 'totalReplyCount': 0, 'isPublic': True}",,UC7o5Zxyf1KeAPfZ1jWrKPyQ,2022-10-19T21:52:05Z,Se o pt ganhar vou ter ir pra capital tentar arrumar emprego porque no interior vai cair muito esse é meu medo,QURTSl9pMHg0WUtXVS1FY1Q4eVJxckJxSGJLVVpYc0txeDRoa3RoRFFRUGZ3Qk1yR0Q0U3V1V19GejdMMHBaN2ZqQUh1cHJfZmVwdUlvOA==,2023-06-09 05:42:51.167176
youtube#commentThread,sy6ZON5pTzVx93sVtG5UD4qxpuE,UgwgBHzt9lA0R2piGi54AaABAg,"{'videoId': 'SFubem2H08c', 'topLevelComment': {'kind': 'youtube#comment', 'etag': 'CGBadQAtteCqrCdZnEFBjooLF7U', 'id': 'UgwgBHzt9lA0R2piGi54AaABAg', 'snippet': {'videoId': 'SFubem2H08c', 'textDisplay': 'ISSO AÍ...A ESQUERDA FAZENDO O QUE FAZ DE MELHOR!!! DEIXAR O PAÍS QUE GOVERNA NA MISÉRIA!!!', 'textOriginal': 'ISSO AÍ...A ESQUERDA FAZENDO O QUE FAZ DE MELHOR!!! DEIXAR O PAÍS QUE GOVERNA NA MISÉRIA!!!', 'authorDisplayName': 'Evandro Kruger', 'authorProfileImageUrl': 'https://yt3.ggpht.com/ytc/AGIKgqPkrhJjwwFt4hsTMbyIKscDN-aLaVX3s4WnTg=s48-c-k-c0x00ffffff-no-rj', 'authorChannelUrl': 'http://www.youtube.com/channel/UCMDx8L1mYmyKQnlGzG7kn6Q', 'authorChannelId': {'value': 'UCMDx8L1mYmyKQnlGzG7kn6Q'}, 'canRate': True, 'viewerRating': 'none', 'likeCount': 0, 'publishedAt': '2022-10-19T21:40:29Z', 'updatedAt': '2022-10-19T21:40:29Z'}}, 'canReply': True, 'totalReplyCount': 0, 'isPublic': True}",,UCMDx8L1mYmyKQnlGzG7kn6Q,2022-10-19T21:40:29Z,ISSO AÍ...A ESQUERDA FAZENDO O QUE FAZ DE MELHOR!!! DEIXAR O PAÍS QUE GOVERNA NA MISÉRIA!!!,QURTSl9pMHg0WUtXVS1FY1Q4eVJxckJxSGJLVVpYc0txeDRoa3RoRFFRUGZ3Qk1yR0Q0U3V1V19GejdMMHBaN2ZqQUh1cHJfZmVwdUlvOA==,2023-06-09 05:42:51.167176
youtube#commentThread,Ro8eRNOhuld21Fw0KR7Hga9oNjY,UgyvyFpTEPylWIcGqBx4AaABAg,"{'videoId': 'SFubem2H08c', 'topLevelComment': {'kind': 'youtube#comment', 'etag': 'HCIufdxTtDzHVtiNe8NSahhLVCc', 'id': 'UgyvyFpTEPylWIcGqBx4AaABAg', 'snippet': {'videoId': 'SFubem2H08c', 'textDisplay': 'Que Deus tenha misericórdia da nossa nação 🇧🇷. Que parte dessa população... saiba votar dia  30/10, ou, vamos pro mesmo caminho em pouquíssimos anos.', 'textOriginal': 'Que Deus tenha misericórdia da nossa nação 🇧🇷. Que parte dessa população... saiba votar dia  30/10, ou, vamos pro mesmo caminho em pouquíssimos anos.', 'authorDisplayName': 'Marcos Brito', 'authorProfileImageUrl': 'https://yt3.ggpht.com/ytc/AGIKgqMrNDbYkeGA9TzGvhqyzD6QR_vQrOySqBKD_b8h1jE=s48-c-k-c0x00ffffff-no-rj', 'authorChannelUrl': 'http://www.youtube.com/channel/UCcg85umw7xBw5DNdFVMDn0g', 'authorChannelId': {'value': 'UCcg85umw7xBw5DNdFVMDn0g'}, 'canRate': True, 'viewerRating': 'none', 'likeCount': 1, 'publishedAt': '2022-10-19T21:37:28Z', 'updatedAt': '2022-10-19T21:37:28Z'}}, 'canReply': True, 'totalReplyCount': 0, 'isPublic': True}",,UCcg85umw7xBw5DNdFVMDn0g,2022-10-19T21:37:28Z,"Que Deus tenha misericórdia da nossa nação 🇧🇷. Que parte dessa população... saiba votar dia  30/10, ou, vamos pro mesmo caminho em pouquíssimos anos.",QURTSl9pMHg0WUtXVS1FY1Q4eVJxckJxSGJLVVpYc0txeDRoa3RoRFFRUGZ3Qk1yR0Q0U3V1V19GejdMMHBaN2ZqQUh1cHJfZmVwdUlvOA==,2023-06-09 05:42:51.167176
youtube#commentThread,0z8VhKQLicZvRwJhDY3c5a8hbnc,UgyzfmGHZGgFHUC3OD54AaABAg,"{'videoId': 'SFubem2H08c', 'topLevelComment': {'kind': 'youtube#comment', 'etag': '6v-dmfapprPqQ66R5ZuwkI9HemM', 'id': 'UgyzfmGHZGgFHUC3OD54AaABAg', 'snippet': {'videoId': 'SFubem2H08c', 'textDisplay': 'Tudo que o comunismo toca ele estroi', 'textOriginal': 'Tudo que o comunismo toca ele estroi', 'authorDisplayName': 'Gracilene Alves adonias', 'authorProfileImageUrl': 'https://yt3.ggpht.com/ytc/AGIKgqMGJbybljsrGglQU93vaFDmJI_UN8LNrPwqXA=s48-c-k-c0x00ffffff-no-rj', 'authorChannelUrl': 'http://www.youtube.com/channel/UCpF8Qet9zXm0eqRmJrWxSww', 'authorChannelId': {'value': 'UCpF8Qet9zXm0eqRmJrWxSww'}, 'canRate': True, 'viewerRating': 'none', 'likeCount': 0, 'publishedAt': '2022-10-19T21:34:41Z', 'updatedAt': '2022-10-19T21:34:41Z'}}, 'canReply': True, 'totalReplyCount': 0, 'isPublic': True}",,UCpF8Qet9zXm0eqRmJrWxSww,2022-10-19T21:34:41Z,Tudo que o comunismo toca ele estroi,QURTSl9pMHg0WUtXVS1FY1Q4eVJxckJxSGJLVVpYc0txeDRoa3RoRFFRUGZ3Qk1yR0Q0U3V1V19GejdMMHBaN2ZqQUh1cHJfZmVwdUlvOA==,2023-06-09 05:42:51.167176
youtube#commentThread,VoEQ9W9jBldjTBc90PH7hcD2KSU,Ugy64eSOnmX-MaAPTup4AaABAg,"{'videoId': 'SFubem2H08c', 'topLevelComment': {'kind': 'youtube#comment', 'etag': 'rvNmbIL9FDtuRW9V7TaL-o7M6hU', 'id': 'Ugy64eSOnmX-MaAPTup4AaABAg', 'snippet': {'videoId': 'SFubem2H08c', 'textDisplay': '<a href=""http://www.youtube.com/results?search_query=%23brasilsobcensura"">#BrasilSobCensura</a><br>NÃO PODEMOS MAIS FICAR &quot;ACUADOS&quot;. <br><a href=""http://www.youtube.com/results?search_query=%23oditadornaoebolsonaro"">#ODITADORNAOEBOLSONARO</a><br>🙏🕊️🇧🇷', 'textOriginal': '#BrasilSobCensura\\nNÃO PODEMOS MAIS FICAR ""ACUADOS"". \\n#ODITADORNAOEBOLSONARO\\n🙏🕊️🇧🇷', 'authorDisplayName': 'Antonia Silva', 'authorProfileImageUrl': 'https://yt3.ggpht.com/hzSpSjV7-gthRqVLsBIe5XXM_surzxyObgbe5O5tBD8yNf8apmIjSISte-HIxTQ40aiM5jDgxQ=s48-c-k-c0x00ffffff-no-rj', 'authorChannelUrl': 'http://www.youtube.com/channel/UCk2fh6ydnG1CnJqFHc1qwDA', 'authorChannelId': {'value': 'UCk2fh6ydnG1CnJqFHc1qwDA'}, 'canRate': True, 'viewerRating': 'none', 'likeCount': 0, 'publishedAt': '2022-10-19T21:31:49Z', 'updatedAt': '2022-10-19T21:31:49Z'}}, 'canReply': True, 'totalReplyCount': 0, 'isPublic': True}",,UCk2fh6ydnG1CnJqFHc1qwDA,2022-10-19T21:31:49Z,"#BrasilSobCensura
NÃO PODEMOS MAIS FICAR ""ACUADOS"". 
#ODITADORNAOEBOLSONARO
🙏🕊️🇧🇷",QURTSl9pMHg0WUtXVS1FY1Q4eVJxckJxSGJLVVpYc0txeDRoa3RoRFFRUGZ3Qk1yR0Q0U3V1V19GejdMMHBaN2ZqQUh1cHJfZmVwdUlvOA==,2023-06-09 05:42:51.167176
youtube#commentThread,FyRQ0mU6FCjWqj-iFjZ3cdVzp9o,UgxYkap4ZRuWLpQ2NSp4AaABAg,"{'videoId': 'SFubem2H08c', 'topLevelComment': {'kind': 'youtube#comment', 'etag': '2k7C-oAf3H6ThRq02xz0QkvZB7U', 'id': 'UgxYkap4ZRuWLpQ2NSp4AaABAg', 'snippet': {'videoId': 'SFubem2H08c', 'textDisplay': 'Então, os chilenos estão desfrutando da proteção socialista!', 'textOriginal': 'Então, os chilenos estão desfrutando da proteção socialista!', 'authorDisplayName': 'Lázaro Oliveira', 'authorProfileImageUrl': 'https://yt3.ggpht.com/xvbGBHgOfjeQn4H4aK--QZfFrpVp0oMXr1Fmo1A2CRZqEX_lb4NjgU2d5Dpjh19NvWnK0Trc4A=s48-c-k-c0x00ffffff-no-rj', 'authorChannelUrl': 'http://www.youtube.com/channel/UClXIjjFnhTMB3v9uMbJc8Mw', 'authorChannelId': {'value': 'UClXIjjFnhTMB3v9uMbJc8Mw'}, 'canRate': True, 'viewerRating': 'none', 'likeCount': 0, 'publishedAt': '2022-10-19T21:28:14Z', 'updatedAt': '2022-10-19T21:28:52Z'}}, 'canReply': True, 'totalReplyCount': 0, 'isPublic': True}",,UClXIjjFnhTMB3v9uMbJc8Mw,2022-10-19T21:28:14Z,"Então, os chilenos estão desfrutando da proteção socialista!",QURTSl9pMHg0WUtXVS1FY1Q4eVJxckJxSGJLVVpYc0txeDRoa3RoRFFRUGZ3Qk1yR0Q0U3V1V19GejdMMHBaN2ZqQUh1cHJfZmVwdUlvOA==,2023-06-09 05:42:51.167176
youtube#commentThread,ppOFruQgA5h0L6xHBvu5crjMZ3Q,UgwEY6XRogdTgORyBlx4AaABAg,"{'videoId': 'SFubem2H08c', 'topLevelComment': {'kind': 'youtube#comment', 'etag': 'i05Nhj1Wez6Or3FwscM9Tt5rm14', 'id': 'UgwEY6XRogdTgORyBlx4AaABAg', 'snippet': {'videoId': 'SFubem2H08c', 'textDisplay': 'O ser humano tá ficando burro e ignorante. Eleger um merda desse é o fim do mundo. Só posso acreditar que é uma nova ordem mundial surgindo.', 'textOriginal': 'O ser humano tá ficando burro e ignorante. Eleger um merda desse é o fim do mundo. Só posso acreditar que é uma nova ordem mundial surgindo.', 'authorDisplayName': 'Luis Otávio Batista De Souza', 'authorProfileImageUrl': 'https://yt3.ggpht.com/ytc/AGIKgqPXy5sM15yEmZcDgXewaF2S8fPG6Pwjleb7Pg=s48-c-k-c0x00ffffff-no-rj', 'authorChannelUrl': 'http://www.youtube.com/channel/UCnZXDjNGw03rxHLZjRC8QJQ', 'authorChannelId': {'value': 'UCnZXDjNGw03rxHLZjRC8QJQ'}, 'canRate': True, 'viewerRating': 'none', 'likeCount': 0, 'publishedAt': '2022-10-19T21:25:34Z', 'updatedAt': '2022-10-19T21:25:34Z'}}, 'canReply': True, 'totalReplyCount': 0, 'isPublic': True}",,UCnZXDjNGw03rxHLZjRC8QJQ,2022-10-19T21:25:34Z,O ser humano tá ficando burro e ignorante. Eleger um merda desse é o fim do mundo. Só posso acreditar que é uma nova ordem mundial surgindo.,QURTSl9pMHg0WUtXVS1FY1Q4eVJxckJxSGJLVVpYc0txeDRoa3RoRFFRUGZ3Qk1yR0Q0U3V1V19GejdMMHBaN2ZqQUh1cHJfZmVwdUlvOA==,2023-06-09 05:42:51.167176
youtube#commentThread,8b17YSYmONSAraxgjspun4ry8DA,UgzwVEteSXR01gt_MXR4AaABAg,"{'videoId': 'SFubem2H08c', 'topLevelComment': {'kind': 'youtube#comment', 'etag': '7Pl3ElDEfk4hKAQtNKml1MdLJmw', 'id': 'UgzwVEteSXR01gt_MXR4AaABAg', 'snippet': {'videoId': 'SFubem2H08c', 'textDisplay': 'Triste e assustada com o abuso da censura!<br>22BOLSONARO22 🇧🇷 🇧🇷 🇧🇷 <br>Deus nos proteja sempre de todo o mal. Amém!!!', 'textOriginal': 'Triste e assustada com o abuso da censura!\\n22BOLSONARO22 🇧🇷 🇧🇷 🇧🇷 \\nDeus nos proteja sempre de todo o mal. Amém!!!', 'authorDisplayName': 'Fátima Aparecida Alves', 'authorProfileImageUrl': 'https://yt3.ggpht.com/ytc/AGIKgqMSfO22sbMPIl6zqlMVo76QUZ0h32vvRJYc3A=s48-c-k-c0x00ffffff-no-rj', 'authorChannelUrl': 'http://www.youtube.com/channel/UCXCaZ4Q-IKxsHl-j7ohVJxw', 'authorChannelId': {'value': 'UCXCaZ4Q-IKxsHl-j7ohVJxw'}, 'canRate': True, 'viewerRating': 'none', 'likeCount': 4, 'publishedAt': '2022-10-19T21:23:08Z', 'updatedAt': '2022-10-19T21:23:08Z'}}, 'canReply': True, 'totalReplyCount': 0, 'isPublic': True}",,UCXCaZ4Q-IKxsHl-j7ohVJxw,2022-10-19T21:23:08Z,"Triste e assustada com o abuso da censura!
22BOLSONARO22 🇧🇷 🇧🇷 🇧🇷 
Deus nos proteja sempre de todo o mal. Amém!!!",QURTSl9pMHg0WUtXVS1FY1Q4eVJxckJxSGJLVVpYc0txeDRoa3RoRFFRUGZ3Qk1yR0Q0U3V1V19GejdMMHBaN2ZqQUh1cHJfZmVwdUlvOA==,2023-06-09 05:42:51.167176
youtube#commentThread,gJRrF81jLw8YsUGgLBJRPInJBOM,UgxFvSjQf2wl6Z8sBxp4AaABAg,"{'videoId': 'SFubem2H08c', 'topLevelComment': {'kind': 'youtube#comment', 'etag': 'u29fHhSv4hWSaL56efh9euEVwsY', 'id': 'UgxFvSjQf2wl6Z8sBxp4AaABAg', 'snippet': {'videoId': 'SFubem2H08c', 'textDisplay': 'A tempestade tá varrendo a América do Sul, é uma desgraça atrás da outra. Espero que não chegue aqui. Caso chegue, muita gente vai passar fome, além das que passam fome hoje.', 'textOriginal': 'A tempestade tá varrendo a América do Sul, é uma desgraça atrás da outra. Espero que não chegue aqui. Caso chegue, muita gente vai passar fome, além das que passam fome hoje.', 'authorDisplayName': 'Ronaldo Rangel', 'authorProfileImageUrl': 'https://yt3.ggpht.com/ytc/AGIKgqO5x2VVJiEEGuCiTwXBnX7jhsDtFPp3OakcPQ=s48-c-k-c0x00ffffff-no-rj', 'authorChannelUrl': 'http://www.youtube.com/channel/UCVDT3vkJZac9UykddUaIh2Q', 'authorChannelId': {'value': 'UCVDT3vkJZac9UykddUaIh2Q'}, 'canRate': True, 'viewerRating': 'none', 'likeCount': 0, 'publishedAt': '2022-10-19T21:20:36Z', 'updatedAt': '2022-10-19T21:20:36Z'}}, 'canReply': True, 'totalReplyCount': 0, 'isPublic': True}",,UCVDT3vkJZac9UykddUaIh2Q,2022-10-19T21:20:36Z,"A tempestade tá varrendo a América do Sul, é uma desgraça atrás da outra. Espero que não chegue aqui. Caso chegue, muita gente vai passar fome, além das que passam fome hoje.",QURTSl9pMHg0WUtXVS1FY1Q4eVJxckJxSGJLVVpYc0txeDRoa3RoRFFRUGZ3Qk1yR0Q0U3V1V19GejdMMHBaN2ZqQUh1cHJfZmVwdUlvOA==,2023-06-09 05:42:51.167176
youtube#commentThread,FDNSVP-k_-Kw5qwMgNkae0fOFbY,UgwAXIpwF40Q6zbInqt4AaABAg,"{'videoId': 'SFubem2H08c', 'topLevelComment': {'kind': 'youtube#comment', 'etag': 'gq3qUkh1zcIZd8j2dm12JUfO7IM', 'id': 'UgwAXIpwF40Q6zbInqt4AaABAg', 'snippet': {'videoId': 'SFubem2H08c', 'textDisplay': 'E o povo brasileiro querendo o mesmo. Acorda enquanto dá!', 'textOriginal': 'E o povo brasileiro querendo o mesmo. Acorda enquanto dá!', 'authorDisplayName': 'Roseli Cabral De Melo Da Silva', 'authorProfileImageUrl': 'https://yt3.ggpht.com/ytc/AGIKgqO7Xrw81POvwjVjdsWKiFkChLoS1rKodOjlqQ=s48-c-k-c0x00ffffff-no-rj', 'authorChannelUrl': 'http://www.youtube.com/channel/UC5MOOu12II04aFg76Zh8kBg', 'authorChannelId': {'value': 'UC5MOOu12II04aFg76Zh8kBg'}, 'canRate': True, 'viewerRating': 'none', 'likeCount': 0, 'publishedAt': '2022-10-19T21:20:15Z', 'updatedAt': '2022-10-19T21:20:15Z'}}, 'canReply': True, 'totalReplyCount': 0, 'isPublic': True}",,UC5MOOu12II04aFg76Zh8kBg,2022-10-19T21:20:15Z,E o povo brasileiro querendo o mesmo. Acorda enquanto dá!,QURTSl9pMHg0WUtXVS1FY1Q4eVJxckJxSGJLVVpYc0txeDRoa3RoRFFRUGZ3Qk1yR0Q0U3V1V19GejdMMHBaN2ZqQUh1cHJfZmVwdUlvOA==,2023-06-09 05:42:51.167176
youtube#commentThread,TNZVzfZa32TJJqbMP2hUh8Ns2Ng,UgyedqpEwLDd_HKTPAx4AaABAg,"{'videoId': 'SFubem2H08c', 'topLevelComment': {'kind': 'youtube#comment', 'etag': 'F8MGimSQd1faBDcCvRjaJQSyXaQ', 'id': 'UgyedqpEwLDd_HKTPAx4AaABAg', 'snippet': {'videoId': 'SFubem2H08c', 'textDisplay': 'Lulaladrao Lulaladrao Lulaladrao Lulaladrao Lulaladrao Lulaladrao Lulaladrao Lulaladrao Lulaladrao Lulaladrao Lulaladrao Lulaladrao Lulaladrao Lulaladrao Lulaladrao Lulaladrao Lulaladrao Lulaladrao Lulaladrao Lulaladrao Lulaladrao', 'textOriginal': 'Lulaladrao Lulaladrao Lulaladrao Lulaladrao Lulaladrao Lulaladrao Lulaladrao Lulaladrao Lulaladrao Lulaladrao Lulaladrao Lulaladrao Lulaladrao Lulaladrao Lulaladrao Lulaladrao Lulaladrao Lulaladrao Lulaladrao Lulaladrao Lulaladrao', 'authorDisplayName': 'Sergio Ricardo', 'authorProfileImageUrl': 'https://yt3.ggpht.com/ytc/AGIKgqO3PA2i2pi3mEWuSb7a0ftVV65XYS0otBmF6A=s48-c-k-c0x00ffffff-no-rj', 'authorChannelUrl': 'http://www.youtube.com/channel/UCPkUXEyLgyG-u0yXSQvWP7g', 'authorChannelId': {'value': 'UCPkUXEyLgyG-u0yXSQvWP7g'}, 'canRate': True, 'viewerRating': 'none', 'likeCount': 0, 'publishedAt': '2022-10-19T21:17:40Z', 'updatedAt': '2022-10-19T21:17:40Z'}}, 'canReply': True, 'totalReplyCount': 0, 'isPublic': True}",,UCPkUXEyLgyG-u0yXSQvWP7g,2022-10-19T21:17:40Z,Lulaladrao Lulaladrao Lulaladrao Lulaladrao Lulaladrao Lulaladrao Lulaladrao Lulaladrao Lulaladrao Lulaladrao Lulaladrao Lulaladrao Lulaladrao Lulaladrao Lulaladrao Lulaladrao Lulaladrao Lulaladrao Lulaladrao Lulaladrao Lulaladrao,QURTSl9pMHg0WUtXVS1FY1Q4eVJxckJxSGJLVVpYc0txeDRoa3RoRFFRUGZ3Qk1yR0Q0U3V1V19GejdMMHBaN2ZqQUh1cHJfZmVwdUlvOA==,2023-06-09 05:42:51.167176
youtube#commentThread,O595Q8RBdV7TcLBMYEG_2h4c4NY,UgxU2elZDAVR3c9eght4AaABAg,"{'videoId': 'SFubem2H08c', 'topLevelComment': {'kind': 'youtube#comment', 'etag': 'oH3SHSHFv95NWnPyR599R_PGeIo', 'id': 'UgxU2elZDAVR3c9eght4AaABAg', 'snippet': {'videoId': 'SFubem2H08c', 'textDisplay': 'Vivo no Chile e realmente o negócio aqui tá ficando feio muitos estrangeiros estao indo embora', 'textOriginal': 'Vivo no Chile e realmente o negócio aqui tá ficando feio muitos estrangeiros estao indo embora', 'authorDisplayName': 'Garcia Samapaio', 'authorProfileImageUrl': 'https://yt3.ggpht.com/ytc/AGIKgqNWrOXdn_yiT7WgN__C5FMqVSTctSsT9LHwxw=s48-c-k-c0x00ffffff-no-rj', 'authorChannelUrl': 'http://www.youtube.com/channel/UCkmDl2Ledq-sIxbL8J1phiA', 'authorChannelId': {'value': 'UCkmDl2Ledq-sIxbL8J1phiA'}, 'canRate': True, 'viewerRating': 'none', 'likeCount': 2, 'publishedAt': '2022-10-19T20:54:33Z', 'updatedAt': '2022-10-19T20:54:33Z'}}, 'canReply': True, 'totalReplyCount': 0, 'isPublic': True}",,UCkmDl2Ledq-sIxbL8J1phiA,2022-10-19T20:54:33Z,Vivo no Chile e realmente o negócio aqui tá ficando feio muitos estrangeiros estao indo embora,QURTSl9pMHg0WUtXVS1FY1Q4eVJxckJxSGJLVVpYc0txeDRoa3RoRFFRUGZ3Qk1yR0Q0U3V1V19GejdMMHBaN2ZqQUh1cHJfZmVwdUlvOA==,2023-06-09 05:42:51.167176
youtube#commentThread,4vJFXUkLZzSBXM1yMScukR4cF-I,UgwRZZ9fe1MfElYTOjh4AaABAg,"{'videoId': 'SFubem2H08c', 'topLevelComment': {'kind': 'youtube#comment', 'etag': 'Wh0RIjhjIdwn0cnM_zNmN7KDDiw', 'id': 'UgwRZZ9fe1MfElYTOjh4AaABAg', 'snippet': {'videoId': 'SFubem2H08c', 'textDisplay': 'Hoje eles, amanhã a gente', 'textOriginal': 'Hoje eles, amanhã a gente', 'authorDisplayName': 'Lucas Lopes', 'authorProfileImageUrl': 'https://yt3.ggpht.com/ytc/AGIKgqNLoWHPZpUAXGsCBX-emFuWqc_wV4i1a5W81kOtng=s48-c-k-c0x00ffffff-no-rj', 'authorChannelUrl': 'http://www.youtube.com/channel/UC179UfRpGYNXvJl05ObdjUQ', 'authorChannelId': {'value': 'UC179UfRpGYNXvJl05ObdjUQ'}, 'canRate': True, 'viewerRating': 'none', 'likeCount': 0, 'publishedAt': '2022-10-19T20:51:44Z', 'updatedAt': '2022-10-19T20:51:44Z'}}, 'canReply': True, 'totalReplyCount': 0, 'isPublic': True}",,UC179UfRpGYNXvJl05ObdjUQ,2022-10-19T20:51:44Z,"Hoje eles, amanhã a gente",QURTSl9pMHg0WUtXVS1FY1Q4eVJxckJxSGJLVVpYc0txeDRoa3RoRFFRUGZ3Qk1yR0Q0U3V1V19GejdMMHBaN2ZqQUh1cHJfZmVwdUlvOA==,2023-06-09 05:42:51.167176
youtube#commentThread,P15PJUOpcScCYqAxfadJFj03MLA,Ugxt9Uga30tcxnJs1np4AaABAg,"{'videoId': 'SFubem2H08c', 'topLevelComment': {'kind': 'youtube#comment', 'etag': 'dX5bxU8yyXsbcpN6r9D9dPpGx1I', 'id': 'Ugxt9Uga30tcxnJs1np4AaABAg', 'snippet': {'videoId': 'SFubem2H08c', 'textDisplay': 'Onde a esquerda toca vira pó!', 'textOriginal': 'Onde a esquerda toca vira pó!', 'authorDisplayName': 'Diana Valadares Barmann', 'authorProfileImageUrl': 'https://yt3.ggpht.com/ytc/AGIKgqPrHnFjrel9I9QyRJHv29YUTvCNLleISRxZBg=s48-c-k-c0x00ffffff-no-rj', 'authorChannelUrl': 'http://www.youtube.com/channel/UCHhChVLCNU-8F5QnPjPOokQ', 'authorChannelId': {'value': 'UCHhChVLCNU-8F5QnPjPOokQ'}, 'canRate': True, 'viewerRating': 'none', 'likeCount': 0, 'publishedAt': '2022-10-19T20:49:45Z', 'updatedAt': '2022-10-19T20:49:45Z'}}, 'canReply': True, 'totalReplyCount': 0, 'isPublic': True}",,UCHhChVLCNU-8F5QnPjPOokQ,2022-10-19T20:49:45Z,Onde a esquerda toca vira pó!,QURTSl9pMHg0WUtXVS1FY1Q4eVJxckJxSGJLVVpYc0txeDRoa3RoRFFRUGZ3Qk1yR0Q0U3V1V19GejdMMHBaN2ZqQUh1cHJfZmVwdUlvOA==,2023-06-09 05:42:51.167176
youtube#commentThread,jt7DgXsHqZoLS_by1x2m23T8Ft4,Ugz0DSuUqajsmj7Hul94AaABAg,"{'videoId': 'SFubem2H08c', 'topLevelComment': {'kind': 'youtube#comment', 'etag': 'LZxTny9zdQsXb_Xlhyb1R5DPZ9g', 'id': 'Ugz0DSuUqajsmj7Hul94AaABAg', 'snippet': {'videoId': 'SFubem2H08c', 'textDisplay': 'FAZ O L<br><br>BANDO DE VAGABUNDOS', 'textOriginal': 'FAZ O L\\n\\nBANDO DE VAGABUNDOS', 'authorDisplayName': 'Marcos Brazil', 'authorProfileImageUrl': 'https://yt3.ggpht.com/ytc/AGIKgqPFgxPWiyqK0Klo8zCeOQW8qhEdbFuE2vKUUQ=s48-c-k-c0x00ffffff-no-rj', 'authorChannelUrl': 'http://www.youtube.com/channel/UCwdEfDOYl9pXTcIfmjFRoqQ', 'authorChannelId': {'value': 'UCwdEfDOYl9pXTcIfmjFRoqQ'}, 'canRate': True, 'viewerRating': 'none', 'likeCount': 1, 'publishedAt': '2022-10-19T20:38:23Z', 'updatedAt': '2022-10-19T20:38:23Z'}}, 'canReply': True, 'totalReplyCount': 0, 'isPublic': True}",,UCwdEfDOYl9pXTcIfmjFRoqQ,2022-10-19T20:38:23Z,"FAZ O L

BANDO DE VAGABUNDOS",QURTSl9pMHg0WUtXVS1FY1Q4eVJxckJxSGJLVVpYc0txeDRoa3RoRFFRUGZ3Qk1yR0Q0U3V1V19GejdMMHBaN2ZqQUh1cHJfZmVwdUlvOA==,2023-06-09 05:42:51.167176
youtube#commentThread,6nUcRBlFJFYg2rSMqnT9iGq__OA,Ugwmv4gvCioWuM9880h4AaABAg,"{'videoId': 'SFubem2H08c', 'topLevelComment': {'kind': 'youtube#comment', 'etag': 'YpChhk4RkZR7jBfQO9wu6G-5cgM', 'id': 'Ugwmv4gvCioWuM9880h4AaABAg', 'snippet': {'videoId': 'SFubem2H08c', 'textDisplay': 'O socialismo promete o céu e entrega o Inferno!', 'textOriginal': 'O socialismo promete o céu e entrega o Inferno!', 'authorDisplayName': 'Fabio Lima', 'authorProfileImageUrl': 'https://yt3.ggpht.com/ytc/AGIKgqNkjGpUO9O7Lv5qDFfnXb1WWY-YRRD8XvR8lg=s48-c-k-c0x00ffffff-no-rj', 'authorChannelUrl': 'http://www.youtube.com/channel/UC8i1asL6-q83NXf5qSb34Dg', 'authorChannelId': {'value': 'UC8i1asL6-q83NXf5qSb34Dg'}, 'canRate': True, 'viewerRating': 'none', 'likeCount': 0, 'publishedAt': '2022-10-19T20:36:05Z', 'updatedAt': '2022-10-19T20:36:05Z'}}, 'canReply': True, 'totalReplyCount': 0, 'isPublic': True}",,UC8i1asL6-q83NXf5qSb34Dg,2022-10-19T20:36:05Z,O socialismo promete o céu e entrega o Inferno!,QURTSl9pMHg0WUtXVS1FY1Q4eVJxckJxSGJLVVpYc0txeDRoa3RoRFFRUGZ3Qk1yR0Q0U3V1V19GejdMMHBaN2ZqQUh1cHJfZmVwdUlvOA==,2023-06-09 05:42:51.167176
youtube#commentThread,A-0v_Binowfzjil2-ZoMAqELcRU,Ugwav3fx8X_p_UFrf-94AaABAg,"{'videoId': 'SFubem2H08c', 'topLevelComment': {'kind': 'youtube#comment', 'etag': 'LDUUJu7hA3eFDsjkW6hKdUDZ8pI', 'id': 'Ugwav3fx8X_p_UFrf-94AaABAg', 'snippet': {'videoId': 'SFubem2H08c', 'textDisplay': 'É senhor ,os fatos na cara e o povo ainda acha opção lula ,descondenado , corrupto, e de fato simpatiza com o Comunismo,sonha com uma americana latina toda de esquerda,uma urss brasileira rs, espero que não ganhe 🇧🇷🇧🇷🇧🇷💚🙏', 'textOriginal': 'É senhor ,os fatos na cara e o povo ainda acha opção lula ,descondenado , corrupto, e de fato simpatiza com o Comunismo,sonha com uma americana latina toda de esquerda,uma urss brasileira rs, espero que não ganhe 🇧🇷🇧🇷🇧🇷💚🙏', 'authorDisplayName': 'Cristian B Silva', 'authorProfileImageUrl': 'https://yt3.ggpht.com/Lr9nPoUNwWFF_aq5-NN9xH7O2k2a_jEXaxVsPp48N_OKT3q2OTXJhOjEw7ojY-AkDxI_N78WXA=s48-c-k-c0x00ffffff-no-rj', 'authorChannelUrl': 'http://www.youtube.com/channel/UCP79RyPOLthytKnUKAY03aQ', 'authorChannelId': {'value': 'UCP79RyPOLthytKnUKAY03aQ'}, 'canRate': True, 'viewerRating': 'none', 'likeCount': 0, 'publishedAt': '2022-10-19T20:33:41Z', 'updatedAt': '2022-10-19T20:33:41Z'}}, 'canReply': True, 'totalReplyCount': 0, 'isPublic': True}",,UCP79RyPOLthytKnUKAY03aQ,2022-10-19T20:33:41Z,"É senhor ,os fatos na cara e o povo ainda acha opção lula ,descondenado , corrupto, e de fato simpatiza com o Comunismo,sonha com uma americana latina toda de esquerda,uma urss brasileira rs, espero que não ganhe 🇧🇷🇧🇷🇧🇷💚🙏",QURTSl9pMHg0WUtXVS1FY1Q4eVJxckJxSGJLVVpYc0txeDRoa3RoRFFRUGZ3Qk1yR0Q0U3V1V19GejdMMHBaN2ZqQUh1cHJfZmVwdUlvOA==,2023-06-09 05:42:51.167176
youtube#commentThread,1kDqk-Ss81qYG4PnP0pA2SPfMpA,Ugx-Czi33Ho7xypyqRJ4AaABAg,"{'videoId': 'SFubem2H08c', 'topLevelComment': {'kind': 'youtube#comment', 'etag': '8tViIBSYwbmnvqoetfd6LgQ41Ck', 'id': 'Ugx-Czi33Ho7xypyqRJ4AaABAg', 'snippet': {'videoId': 'SFubem2H08c', 'textDisplay': 'Se deixar o Molusco governar será sim ,com esse presidente INCENDIÁRIO de trens!', 'textOriginal': 'Se deixar o Molusco governar será sim ,com esse presidente INCENDIÁRIO de trens!', 'authorDisplayName': 'ivan barbosa da silva ivan barbosa', 'authorProfileImageUrl': 'https://yt3.ggpht.com/bn0VycFtEkgnC5b1i9Pmcvba-M6NkHnDa52WDjS7d-6eENLdykitQlEyjSuvoRm5a4HjHe0haQ=s48-c-k-c0x00ffffff-no-rj', 'authorChannelUrl': 'http://www.youtube.com/channel/UCs19SQFTiwoLO7fNDkVHexA', 'authorChannelId': {'value': 'UCs19SQFTiwoLO7fNDkVHexA'}, 'canRate': True, 'viewerRating': 'none', 'likeCount': 0, 'publishedAt': '2022-10-19T20:24:13Z', 'updatedAt': '2022-10-19T20:24:13Z'}}, 'canReply': True, 'totalReplyCount': 0, 'isPublic': True}",,UCs19SQFTiwoLO7fNDkVHexA,2022-10-19T20:24:13Z,"Se deixar o Molusco governar será sim ,com esse presidente INCENDIÁRIO de trens!",QURTSl9pMHg0WUtXVS1FY1Q4eVJxckJxSGJLVVpYc0txeDRoa3RoRFFRUGZ3Qk1yR0Q0U3V1V19GejdMMHBaN2ZqQUh1cHJfZmVwdUlvOA==,2023-06-09 05:42:51.167176
youtube#commentThread,hteUHf9WflmY3xQ_NLyHnADc6JE,UgzUUbvZJq9uYH4FIql4AaABAg,"{'videoId': 'SFubem2H08c', 'topLevelComment': {'kind': 'youtube#comment', 'etag': 'WwtyTMfaexk0Mm-ZTHAI9b7dPw0', 'id': 'UgzUUbvZJq9uYH4FIql4AaABAg', 'snippet': {'videoId': 'SFubem2H08c', 'textDisplay': 'Não foi os burros dos chilenos que quiseram, então tem que se lascar mesmo, aqui estão doidinho que aconteça também....', 'textOriginal': 'Não foi os burros dos chilenos que quiseram, então tem que se lascar mesmo, aqui estão doidinho que aconteça também....', 'authorDisplayName': 'Marcelo Brisa', 'authorProfileImageUrl': 'https://yt3.ggpht.com/ytc/AGIKgqOF063ABVIgNrvTg7g8GHLwfN9Ehl0MKlT5u75XNQXdPwIQFD9bDE-IMbZB6Ppw=s48-c-k-c0x00ffffff-no-rj', 'authorChannelUrl': 'http://www.youtube.com/channel/UCiGihYPfBJ75v0vjrQtvvDA', 'authorChannelId': {'value': 'UCiGihYPfBJ75v0vjrQtvvDA'}, 'canRate': True, 'viewerRating': 'none', 'likeCount': 0, 'publishedAt': '2022-10-19T20:22:39Z', 'updatedAt': '2022-10-19T20:22:39Z'}}, 'canReply': True, 'totalReplyCount': 0, 'isPublic': True}",,UCiGihYPfBJ75v0vjrQtvvDA,2022-10-19T20:22:39Z,"Não foi os burros dos chilenos que quiseram, então tem que se lascar mesmo, aqui estão doidinho que aconteça também....",QURTSl9pMHg0WUtXVS1FY1Q4eVJxckJxSGJLVVpYc0txeDRoa3RoRFFRUGZ3Qk1yR0Q0U3V1V19GejdMMHBaN2ZqQUh1cHJfZmVwdUlvOA==,2023-06-09 05:42:51.167176
youtube#commentThread,eknnprjcpcxEcw1gBNaFInn_RwY,UgzD4GT6Mc2dG_PlfdV4AaABAg,"{'videoId': 'SFubem2H08c', 'topLevelComment': {'kind': 'youtube#comment', 'etag': 'CxLp-VpNcRU8wKaX544II9dgmZ0', 'id': 'UgzD4GT6Mc2dG_PlfdV4AaABAg', 'snippet': {'videoId': 'SFubem2H08c', 'textDisplay': 'As escolhas dos Chilenos, dos Argentinos, dos Venezuelanos, dos Colombianos, deveriam servir de alerta para a escolha que os Brasileiros vão fazer no próximo dia 30. Podemos continuar no caminho da recuperação econômica e da prosperidade ou nos unirmos aos hermanos e sermos iguais a eles.', 'textOriginal': 'As escolhas dos Chilenos, dos Argentinos, dos Venezuelanos, dos Colombianos, deveriam servir de alerta para a escolha que os Brasileiros vão fazer no próximo dia 30. Podemos continuar no caminho da recuperação econômica e da prosperidade ou nos unirmos aos hermanos e sermos iguais a eles.', 'authorDisplayName': 'Palavra Diária', 'authorProfileImageUrl': 'https://yt3.ggpht.com/CcCFjCyXg-7IVMaG4rxoIdK2sEWl7TZbZiHeHwc9A24dKwr3u2OEIrp8pk_-4m2JftKhRb9v=s48-c-k-c0x00ffffff-no-rj', 'authorChannelUrl': 'http://www.youtube.com/channel/UCQKTmHlcpCzChkVNjqw7vIA', 'authorChannelId': {'value': 'UCQKTmHlcpCzChkVNjqw7vIA'}, 'canRate': True, 'viewerRating': 'none', 'likeCount': 6, 'publishedAt': '2022-10-19T20:12:13Z', 'updatedAt': '2022-10-19T20:12:13Z'}}, 'canReply': True, 'totalReplyCount': 0, 'isPublic': True}",,UCQKTmHlcpCzChkVNjqw7vIA,2022-10-19T20:12:13Z,"As escolhas dos Chilenos, dos Argentinos, dos Venezuelanos, dos Colombianos, deveriam servir de alerta para a escolha que os Brasileiros vão fazer no próximo dia 30. Podemos continuar no caminho da recuperação econômica e da prosperidade ou nos unirmos aos hermanos e sermos iguais a eles.",QURTSl9pMHg0WUtXVS1FY1Q4eVJxckJxSGJLVVpYc0txeDRoa3RoRFFRUGZ3Qk1yR0Q0U3V1V19GejdMMHBaN2ZqQUh1cHJfZmVwdUlvOA==,2023-06-09 05:42:51.167176
youtube#commentThread,fVJOxWbFz3NIPGSqHLSMUw5X8vA,UgzD_eGfbSJ0OtJiMG14AaABAg,"{'videoId': 'SFubem2H08c', 'topLevelComment': {'kind': 'youtube#comment', 'etag': 'FLl9FbfrwPhifnXE7j62I0kgOd0', 'id': 'UgzD_eGfbSJ0OtJiMG14AaABAg', 'snippet': {'videoId': 'SFubem2H08c', 'textDisplay': 'Não vamos compactuar com isso ! Fora ideologia esquerdistas da democracia brasileira .', 'textOriginal': 'Não vamos compactuar com isso ! Fora ideologia esquerdistas da democracia brasileira .', 'authorDisplayName': 'Avelino Martins', 'authorProfileImageUrl': 'https://yt3.ggpht.com/ytc/AGIKgqOrAMt1TrGS1aKxVTbdcEgpJlIZyFA_CgfMCsxkZg=s48-c-k-c0x00ffffff-no-rj', 'authorChannelUrl': 'http://www.youtube.com/channel/UCLwgNT1ztNpZd9OJ5erAdNg', 'authorChannelId': {'value': 'UCLwgNT1ztNpZd9OJ5erAdNg'}, 'canRate': True, 'viewerRating': 'none', 'likeCount': 0, 'publishedAt': '2022-10-19T20:09:38Z', 'updatedAt': '2022-10-19T20:09:38Z'}}, 'canReply': True, 'totalReplyCount': 0, 'isPublic': True}",,UCLwgNT1ztNpZd9OJ5erAdNg,2022-10-19T20:09:38Z,Não vamos compactuar com isso ! Fora ideologia esquerdistas da democracia brasileira .,QURTSl9pMHg0WUtXVS1FY1Q4eVJxckJxSGJLVVpYc0txeDRoa3RoRFFRUGZ3Qk1yR0Q0U3V1V19GejdMMHBaN2ZqQUh1cHJfZmVwdUlvOA==,2023-06-09 05:42:51.167176
youtube#commentThread,JBUEXD_Rf3VthGi4jamEFYWbQIU,UgxT42q6JXBVc9XxNH14AaABAg,"{'videoId': 'SFubem2H08c', 'topLevelComment': {'kind': 'youtube#comment', 'etag': 'Ijzj25csZV58O6nr0JD-VJFbo3I', 'id': 'UgxT42q6JXBVc9XxNH14AaABAg', 'snippet': {'videoId': 'SFubem2H08c', 'textDisplay': '22💚💛', 'textOriginal': '22💚💛', 'authorDisplayName': 'JEFERSON WRONSKI', 'authorProfileImageUrl': 'https://yt3.ggpht.com/ytc/AGIKgqP9WZb0wQ25OGBWBpoLj1iPCccM36QflrhGmdMf=s48-c-k-c0x00ffffff-no-rj', 'authorChannelUrl': 'http://www.youtube.com/channel/UCPjY8R3oPYhlgZpujMaUxMA', 'authorChannelId': {'value': 'UCPjY8R3oPYhlgZpujMaUxMA'}, 'canRate': True, 'viewerRating': 'none', 'likeCount': 0, 'publishedAt': '2022-10-19T20:09:22Z', 'updatedAt': '2022-10-19T20:09:22Z'}}, 'canReply': True, 'totalReplyCount': 0, 'isPublic': True}",,UCPjY8R3oPYhlgZpujMaUxMA,2022-10-19T20:09:22Z,22💚💛,QURTSl9pMHg0WUtXVS1FY1Q4eVJxckJxSGJLVVpYc0txeDRoa3RoRFFRUGZ3Qk1yR0Q0U3V1V19GejdMMHBaN2ZqQUh1cHJfZmVwdUlvOA==,2023-06-09 05:42:51.167176
youtube#commentThread,M3K2ZitKNCu_O9irVc3pppL0PEw,Ugy7FZLceV6TB3Cp5ep4AaABAg,"{'videoId': 'SFubem2H08c', 'topLevelComment': {'kind': 'youtube#comment', 'etag': 'Ak5XKF2bQnmpOviwdwXFjvGqOh8', 'id': 'Ugy7FZLceV6TB3Cp5ep4AaABAg', 'snippet': {'videoId': 'SFubem2H08c', 'textDisplay': 'Os bandidos comunistas, destroem tudo. O único culpado, são os chilenos.', 'textOriginal': 'Os bandidos comunistas, destroem tudo. O único culpado, são os chilenos.', 'authorDisplayName': 'Júlio César martins', 'authorProfileImageUrl': 'https://yt3.ggpht.com/ytc/AGIKgqP5Fj0CaxJZVRhpDb93FYob5eoKc_iX2h8rAOpQXA=s48-c-k-c0x00ffffff-no-rj', 'authorChannelUrl': 'http://www.youtube.com/channel/UCNI5L7XPCr-PhPbu3Qp5Epw', 'authorChannelId': {'value': 'UCNI5L7XPCr-PhPbu3Qp5Epw'}, 'canRate': True, 'viewerRating': 'none', 'likeCount': 0, 'publishedAt': '2022-10-19T20:06:55Z', 'updatedAt': '2022-10-19T20:06:55Z'}}, 'canReply': True, 'totalReplyCount': 0, 'isPublic': True}",,UCNI5L7XPCr-PhPbu3Qp5Epw,2022-10-19T20:06:55Z,"Os bandidos comunistas, destroem tudo. O único culpado, são os chilenos.",QURTSl9pMTJxQXpJbW4ta2ZCTzV2Z1NtMHpORnR4NUk5RnlYakE2LTduWXNfMVpVdUc0dTRrdmRIVXREYXVuM1NHUTdWVXpxRHEzT211UQ==,2023-06-09 05:42:52.104148
youtube#commentThread,A9cKsh-igQVI0FjAjgD7APdTNyc,UgxxcP60tQol4Tnzs2x4AaABAg,"{'videoId': 'SFubem2H08c', 'topLevelComment': {'kind': 'youtube#comment', 'etag': 'JjPiEYMwFnpa7Rg7UHzhOMU5GeY', 'id': 'UgxxcP60tQol4Tnzs2x4AaABAg', 'snippet': {'videoId': 'SFubem2H08c', 'textDisplay': 'Chile pagando pela abstenção de 47% na eleição', 'textOriginal': 'Chile pagando pela abstenção de 47% na eleição', 'authorDisplayName': 'Nilton Nunes Gonzaga', 'authorProfileImageUrl': 'https://yt3.ggpht.com/ytc/AGIKgqN6RZoyI1Z_rqJeTS5HmBxC5dAZmWpwIHrSUOiOa3yxZXKc1JBm1Avjvrp3CUtV=s48-c-k-c0x00ffffff-no-rj', 'authorChannelUrl': 'http://www.youtube.com/channel/UCkjNQrDpPm8MwmwQsNjh1eA', 'authorChannelId': {'value': 'UCkjNQrDpPm8MwmwQsNjh1eA'}, 'canRate': True, 'viewerRating': 'none', 'likeCount': 0, 'publishedAt': '2022-10-19T19:46:49Z', 'updatedAt': '2022-10-19T19:46:49Z'}}, 'canReply': True, 'totalReplyCount': 0, 'isPublic': True}",,UCkjNQrDpPm8MwmwQsNjh1eA,2022-10-19T19:46:49Z,Chile pagando pela abstenção de 47% na eleição,QURTSl9pMTJxQXpJbW4ta2ZCTzV2Z1NtMHpORnR4NUk5RnlYakE2LTduWXNfMVpVdUc0dTRrdmRIVXREYXVuM1NHUTdWVXpxRHEzT211UQ==,2023-06-09 05:42:52.104148
youtube#commentThread,-qlgbYGXhVRPJJMlm8lQnJ7pbYg,UgwfzJOZTairChB3WeF4AaABAg,"{'videoId': 'SFubem2H08c', 'topLevelComment': {'kind': 'youtube#comment', 'etag': 'XUzbS3SBbxq23Wftu_tqlt8hHuY', 'id': 'UgwfzJOZTairChB3WeF4AaABAg', 'snippet': {'videoId': 'SFubem2H08c', 'textDisplay': 'Ué como assim? O socialista de 30 anos que acabou de sair da casa da mãe e terminar a faculdade, que não tem emprego, não cuida da própria casa mas quer mudar o mundo foi eleito presidente e não deu certo? <br>Não acredito!!! quem diria que ia dar merda.', 'textOriginal': 'Ué como assim? O socialista de 30 anos que acabou de sair da casa da mãe e terminar a faculdade, que não tem emprego, não cuida da própria casa mas quer mudar o mundo foi eleito presidente e não deu certo? \\nNão acredito!!! quem diria que ia dar merda.', 'authorDisplayName': 'Lucas Zabeu', 'authorProfileImageUrl': 'https://yt3.ggpht.com/ytc/AGIKgqPKkm1wQsRkna6v4iFerP0CcmU_o_cyJj2ZAY1E_g=s48-c-k-c0x00ffffff-no-rj', 'authorChannelUrl': 'http://www.youtube.com/channel/UC1d4JX8lBGHDX2hzy4wil6w', 'authorChannelId': {'value': 'UC1d4JX8lBGHDX2hzy4wil6w'}, 'canRate': True, 'viewerRating': 'none', 'likeCount': 1, 'publishedAt': '2022-10-19T19:39:41Z', 'updatedAt': '2022-10-19T19:39:41Z'}}, 'canReply': True, 'totalReplyCount': 0, 'isPublic': True}",,UC1d4JX8lBGHDX2hzy4wil6w,2022-10-19T19:39:41Z,"Ué como assim? O socialista de 30 anos que acabou de sair da casa da mãe e terminar a faculdade, que não tem emprego, não cuida da própria casa mas quer mudar o mundo foi eleito presidente e não deu certo? 
Não acredito!!! quem diria que ia dar merda.",QURTSl9pMTJxQXpJbW4ta2ZCTzV2Z1NtMHpORnR4NUk5RnlYakE2LTduWXNfMVpVdUc0dTRrdmRIVXREYXVuM1NHUTdWVXpxRHEzT211UQ==,2023-06-09 05:42:52.104148
youtube#commentThread,PEOcyNowXqaIBDK_jHsKM7U7BNU,UgwDBv5jILUDOD28qZJ4AaABAg,"{'videoId': 'SFubem2H08c', 'topLevelComment': {'kind': 'youtube#comment', 'etag': 'dcXVrOJX4IS9Frx3uG4xHx3DH2A', 'id': 'UgwDBv5jILUDOD28qZJ4AaABAg', 'snippet': {'videoId': 'SFubem2H08c', 'textDisplay': 'Abram os olhos indecisos', 'textOriginal': 'Abram os olhos indecisos', 'authorDisplayName': 'José Da Silva Oliveira', 'authorProfileImageUrl': 'https://yt3.ggpht.com/ytc/AGIKgqPbkyHAXonH_doZ4vAdtnOeuFXuL0yLCBU74EG5yg=s48-c-k-c0x00ffffff-no-rj', 'authorChannelUrl': 'http://www.youtube.com/channel/UCescm66N2PnwZZ8_zpyczsg', 'authorChannelId': {'value': 'UCescm66N2PnwZZ8_zpyczsg'}, 'canRate': True, 'viewerRating': 'none', 'likeCount': 0, 'publishedAt': '2022-10-19T19:36:54Z', 'updatedAt': '2022-10-19T19:36:54Z'}}, 'canReply': True, 'totalReplyCount': 0, 'isPublic': True}",,UCescm66N2PnwZZ8_zpyczsg,2022-10-19T19:36:54Z,Abram os olhos indecisos,QURTSl9pMTJxQXpJbW4ta2ZCTzV2Z1NtMHpORnR4NUk5RnlYakE2LTduWXNfMVpVdUc0dTRrdmRIVXREYXVuM1NHUTdWVXpxRHEzT211UQ==,2023-06-09 05:42:52.104148
youtube#commentThread,p_2fivy-et0cHVSByOOlNJ0xvwA,UgyQYm0sCNeT8umqxkV4AaABAg,"{'videoId': 'SFubem2H08c', 'topLevelComment': {'kind': 'youtube#comment', 'etag': 'pSC60UpntqKQRPYvpBPyyiqnbIc', 'id': 'UgyQYm0sCNeT8umqxkV4AaABAg', 'snippet': {'videoId': 'SFubem2H08c', 'textDisplay': 'Vou fazer isso 😁✌✌🇧🇷🇧🇷', 'textOriginal': 'Vou fazer isso 😁✌✌🇧🇷🇧🇷', 'authorDisplayName': 'Dinira Cavalheiro', 'authorProfileImageUrl': 'https://yt3.ggpht.com/ytc/AGIKgqMk2NewiQHe0ZkpaQNwbQX1NMtJETVkkBtHew=s48-c-k-c0x00ffffff-no-rj', 'authorChannelUrl': 'http://www.youtube.com/channel/UCgZytrHNxc7gBlw2vFr83tg', 'authorChannelId': {'value': 'UCgZytrHNxc7gBlw2vFr83tg'}, 'canRate': True, 'viewerRating': 'none', 'likeCount': 0, 'publishedAt': '2022-10-19T19:33:13Z', 'updatedAt': '2022-10-19T19:33:13Z'}}, 'canReply': True, 'totalReplyCount': 0, 'isPublic': True}",,UCgZytrHNxc7gBlw2vFr83tg,2022-10-19T19:33:13Z,Vou fazer isso 😁✌✌🇧🇷🇧🇷,QURTSl9pMTJxQXpJbW4ta2ZCTzV2Z1NtMHpORnR4NUk5RnlYakE2LTduWXNfMVpVdUc0dTRrdmRIVXREYXVuM1NHUTdWVXpxRHEzT211UQ==,2023-06-09 05:42:52.104148
youtube#commentThread,1Iz7EF_el-4GsFd-vQFl547AHDM,UgwJjb48vYEdJuaUOUp4AaABAg,"{'videoId': 'SFubem2H08c', 'topLevelComment': {'kind': 'youtube#comment', 'etag': 'JTsGfjTmaWnAiLkGGYSBZXbPuhA', 'id': 'UgwJjb48vYEdJuaUOUp4AaABAg', 'snippet': {'videoId': 'SFubem2H08c', 'textDisplay': 'ESSR CHILENO MACONHEIRO, LOGO VAI QUEBRAR A CARA AS COISAS LA JA ESTÃO ESQUENTANDO.', 'textOriginal': 'ESSR CHILENO MACONHEIRO, LOGO VAI QUEBRAR A CARA AS COISAS LA JA ESTÃO ESQUENTANDO.', 'authorDisplayName': 'Hevaldo Ferreira', 'authorProfileImageUrl': 'https://yt3.ggpht.com/ytc/AGIKgqM67_r0Ta1SZRO7H9bD-1asE7oXICRK8Tw1Yw=s48-c-k-c0x00ffffff-no-rj', 'authorChannelUrl': 'http://www.youtube.com/channel/UCjpqajbPkSi1w7bk8AKKDyQ', 'authorChannelId': {'value': 'UCjpqajbPkSi1w7bk8AKKDyQ'}, 'canRate': True, 'viewerRating': 'none', 'likeCount': 0, 'publishedAt': '2022-10-19T19:26:25Z', 'updatedAt': '2022-10-19T19:26:25Z'}}, 'canReply': True, 'totalReplyCount': 0, 'isPublic': True}",,UCjpqajbPkSi1w7bk8AKKDyQ,2022-10-19T19:26:25Z,"ESSR CHILENO MACONHEIRO, LOGO VAI QUEBRAR A CARA AS COISAS LA JA ESTÃO ESQUENTANDO.",QURTSl9pMTJxQXpJbW4ta2ZCTzV2Z1NtMHpORnR4NUk5RnlYakE2LTduWXNfMVpVdUc0dTRrdmRIVXREYXVuM1NHUTdWVXpxRHEzT211UQ==,2023-06-09 05:42:52.104148
youtube#commentThread,p9ectMU27QuIrWKIiaafrTcFMns,UgyqunAo1MGZy5VgU_V4AaABAg,"{'videoId': 'SFubem2H08c', 'topLevelComment': {'kind': 'youtube#comment', 'etag': '_bPH0V4PhHQk56Bslhr8E0DVG-I', 'id': 'UgyqunAo1MGZy5VgU_V4AaABAg', 'snippet': {'videoId': 'SFubem2H08c', 'textDisplay': 'A VONTADE POPULAR ERA TÃO GRANDE QUE A MAIORIA DA POPULAÇÃO ABANDONOU O PAIS.', 'textOriginal': 'A VONTADE POPULAR ERA TÃO GRANDE QUE A MAIORIA DA POPULAÇÃO ABANDONOU O PAIS.', 'authorDisplayName': 'Hevaldo Ferreira', 'authorProfileImageUrl': 'https://yt3.ggpht.com/ytc/AGIKgqM67_r0Ta1SZRO7H9bD-1asE7oXICRK8Tw1Yw=s48-c-k-c0x00ffffff-no-rj', 'authorChannelUrl': 'http://www.youtube.com/channel/UCjpqajbPkSi1w7bk8AKKDyQ', 'authorChannelId': {'value': 'UCjpqajbPkSi1w7bk8AKKDyQ'}, 'canRate': True, 'viewerRating': 'none', 'likeCount': 0, 'publishedAt': '2022-10-19T19:25:03Z', 'updatedAt': '2022-10-19T19:25:03Z'}}, 'canReply': True, 'totalReplyCount': 0, 'isPublic': True}",,UCjpqajbPkSi1w7bk8AKKDyQ,2022-10-19T19:25:03Z,A VONTADE POPULAR ERA TÃO GRANDE QUE A MAIORIA DA POPULAÇÃO ABANDONOU O PAIS.,QURTSl9pMTJxQXpJbW4ta2ZCTzV2Z1NtMHpORnR4NUk5RnlYakE2LTduWXNfMVpVdUc0dTRrdmRIVXREYXVuM1NHUTdWVXpxRHEzT211UQ==,2023-06-09 05:42:52.104148
youtube#commentThread,iwZOC0NIQBqre52mzO6gjCv5DhM,Ugw-GKZrozp9WrJdZQ94AaABAg,"{'videoId': 'SFubem2H08c', 'topLevelComment': {'kind': 'youtube#comment', 'etag': 'sEcFf4N81jkwaNVIs_kwHUC0ZEs', 'id': 'Ugw-GKZrozp9WrJdZQ94AaABAg', 'snippet': {'videoId': 'SFubem2H08c', 'textDisplay': 'A ESQUERDA CAVIAR LIXO é igual a um furacão por onde passa deixa destruição <a href=""http://www.youtube.com/results?search_query=%23bolsonaroreeleito2022"">#bolsonaroreeleito2022</a> pra honra e glória de Jesus', 'textOriginal': 'A ESQUERDA CAVIAR LIXO é igual a um furacão por onde passa deixa destruição #bolsonaroreeleito2022 pra honra e glória de Jesus', 'authorDisplayName': 'Jonas Nogueira', 'authorProfileImageUrl': 'https://yt3.ggpht.com/ytc/AGIKgqNXzPTNwcuf3mVkd00eDqQoYux0-r53Nwiqyald=s48-c-k-c0x00ffffff-no-rj', 'authorChannelUrl': 'http://www.youtube.com/channel/UC_yd61Z6KxunyexKW0p5XTg', 'authorChannelId': {'value': 'UC_yd61Z6KxunyexKW0p5XTg'}, 'canRate': True, 'viewerRating': 'none', 'likeCount': 0, 'publishedAt': '2022-10-19T18:42:20Z', 'updatedAt': '2022-10-19T18:42:20Z'}}, 'canReply': True, 'totalReplyCount': 0, 'isPublic': True}",,UC_yd61Z6KxunyexKW0p5XTg,2022-10-19T18:42:20Z,A ESQUERDA CAVIAR LIXO é igual a um furacão por onde passa deixa destruição #bolsonaroreeleito2022 pra honra e glória de Jesus,QURTSl9pMTJxQXpJbW4ta2ZCTzV2Z1NtMHpORnR4NUk5RnlYakE2LTduWXNfMVpVdUc0dTRrdmRIVXREYXVuM1NHUTdWVXpxRHEzT211UQ==,2023-06-09 05:42:52.104148
youtube#commentThread,qOG85wYLu1H87Ewp5l0Jt8q3KEQ,UgzAU4Ptnx9M7hiRcHp4AaABAg,"{'videoId': 'SFubem2H08c', 'topLevelComment': {'kind': 'youtube#comment', 'etag': 'w_ZhFqmwW1TaOvFE7wR_MfYlW18', 'id': 'UgzAU4Ptnx9M7hiRcHp4AaABAg', 'snippet': {'videoId': 'SFubem2H08c', 'textDisplay': 'Até quando os eleitores brasileiros vão achar que isso é eleição??? Até quando vão brincar de ser rebeldes???', 'textOriginal': 'Até quando os eleitores brasileiros vão achar que isso é eleição??? Até quando vão brincar de ser rebeldes???', 'authorDisplayName': 'Fernando Matosinhos', 'authorProfileImageUrl': 'https://yt3.ggpht.com/ytc/AGIKgqPTV550C5kTnmj8SHxVjQ1GLrU4eVMbZzkIFOrVQA=s48-c-k-c0x00ffffff-no-rj', 'authorChannelUrl': 'http://www.youtube.com/channel/UCPigN0NHglrrXxdg8orDGlw', 'authorChannelId': {'value': 'UCPigN0NHglrrXxdg8orDGlw'}, 'canRate': True, 'viewerRating': 'none', 'likeCount': 0, 'publishedAt': '2022-10-19T18:42:11Z', 'updatedAt': '2022-10-19T18:42:11Z'}}, 'canReply': True, 'totalReplyCount': 0, 'isPublic': True}",,UCPigN0NHglrrXxdg8orDGlw,2022-10-19T18:42:11Z,Até quando os eleitores brasileiros vão achar que isso é eleição??? Até quando vão brincar de ser rebeldes???,QURTSl9pMTJxQXpJbW4ta2ZCTzV2Z1NtMHpORnR4NUk5RnlYakE2LTduWXNfMVpVdUc0dTRrdmRIVXREYXVuM1NHUTdWVXpxRHEzT211UQ==,2023-06-09 05:42:52.104148
youtube#commentThread,ZoMaMaOQraaLCcWEb2TpHN13b1A,Ugz14fMCNayMvaBW0Dd4AaABAg,"{'videoId': 'SFubem2H08c', 'topLevelComment': {'kind': 'youtube#comment', 'etag': '2OzxkpvkYSQ7qR1dJm1WOi_IT_U', 'id': 'Ugz14fMCNayMvaBW0Dd4AaABAg', 'snippet': {'videoId': 'SFubem2H08c', 'textDisplay': 'É efeito direto do esquerdismo no poder!', 'textOriginal': 'É efeito direto do esquerdismo no poder!', 'authorDisplayName': 'Waston Ribeiro', 'authorProfileImageUrl': 'https://yt3.ggpht.com/ytc/AGIKgqOE_nMylB-tbllu0O1dRVQ3_WVk62yaum1bjj_B=s48-c-k-c0x00ffffff-no-rj', 'authorChannelUrl': 'http://www.youtube.com/channel/UC8z2vXlDBm2cCGPX8ZSs5ZQ', 'authorChannelId': {'value': 'UC8z2vXlDBm2cCGPX8ZSs5ZQ'}, 'canRate': True, 'viewerRating': 'none', 'likeCount': 0, 'publishedAt': '2022-10-19T18:34:29Z', 'updatedAt': '2022-10-19T18:34:29Z'}}, 'canReply': True, 'totalReplyCount': 0, 'isPublic': True}",,UC8z2vXlDBm2cCGPX8ZSs5ZQ,2022-10-19T18:34:29Z,É efeito direto do esquerdismo no poder!,QURTSl9pMTJxQXpJbW4ta2ZCTzV2Z1NtMHpORnR4NUk5RnlYakE2LTduWXNfMVpVdUc0dTRrdmRIVXREYXVuM1NHUTdWVXpxRHEzT211UQ==,2023-06-09 05:42:52.104148
youtube#commentThread,0jB8SujfUGEl3SvKetnrorWCmuw,UgyAChPmCAbJj9XLaxF4AaABAg,"{'videoId': 'SFubem2H08c', 'topLevelComment': {'kind': 'youtube#comment', 'etag': '-iAlLu2-dLuorG3y-TSMf052voo', 'id': 'UgyAChPmCAbJj9XLaxF4AaABAg', 'snippet': {'videoId': 'SFubem2H08c', 'textDisplay': 'Muitos vizinhos do Brasil vindo pra cá.....e nós pra onde iremos, se o cara vencer ??', 'textOriginal': 'Muitos vizinhos do Brasil vindo pra cá.....e nós pra onde iremos, se o cara vencer ??', 'authorDisplayName': 'CaçadorBR-SC', 'authorProfileImageUrl': 'https://yt3.ggpht.com/QrdSmgxPvx1h-CooalQXjaeXwWIncqbKygCqE2uyTXox6KObM5kFe5tp7I1T3G2a8fBUHP8Bkw=s48-c-k-c0x00ffffff-no-rj', 'authorChannelUrl': 'http://www.youtube.com/channel/UCiji2OFMrelQX7qPj1qDBCQ', 'authorChannelId': {'value': 'UCiji2OFMrelQX7qPj1qDBCQ'}, 'canRate': True, 'viewerRating': 'none', 'likeCount': 0, 'publishedAt': '2022-10-19T18:32:31Z', 'updatedAt': '2022-10-19T18:32:31Z'}}, 'canReply': True, 'totalReplyCount': 0, 'isPublic': True}",,UCiji2OFMrelQX7qPj1qDBCQ,2022-10-19T18:32:31Z,"Muitos vizinhos do Brasil vindo pra cá.....e nós pra onde iremos, se o cara vencer ??",QURTSl9pMTJxQXpJbW4ta2ZCTzV2Z1NtMHpORnR4NUk5RnlYakE2LTduWXNfMVpVdUc0dTRrdmRIVXREYXVuM1NHUTdWVXpxRHEzT211UQ==,2023-06-09 05:42:52.104148
youtube#commentThread,NYS0h3ZFY1lm9B5sJrCCBCZQWsc,UgxmdE2KoJzD3QylZa94AaABAg,"{'videoId': 'SFubem2H08c', 'topLevelComment': {'kind': 'youtube#comment', 'etag': 'UpX0V3DZNwd5a-c0pSXRAeOjj8I', 'id': 'UgxmdE2KoJzD3QylZa94AaABAg', 'snippet': {'videoId': 'SFubem2H08c', 'textDisplay': 'Cara, colocam esses vermes de esquerdas, sabem que esses caras vão destruir o país, ainda rejeitam.', 'textOriginal': 'Cara, colocam esses vermes de esquerdas, sabem que esses caras vão destruir o país, ainda rejeitam.', 'authorDisplayName': 'Tesla 2.0', 'authorProfileImageUrl': 'https://yt3.ggpht.com/m5SA-Fl6XY1vS_so8qduk8Yd5wnlj9qXnM_qKqjVnz04Mt-IktO6zJfGZ7X9AvGkqXX_pB1egQ=s48-c-k-c0x00ffffff-no-rj', 'authorChannelUrl': 'http://www.youtube.com/channel/UCYdJjV9g4drkOQLdOZwswjw', 'authorChannelId': {'value': 'UCYdJjV9g4drkOQLdOZwswjw'}, 'canRate': True, 'viewerRating': 'none', 'likeCount': 1, 'publishedAt': '2022-10-19T18:25:40Z', 'updatedAt': '2022-10-19T18:25:40Z'}}, 'canReply': True, 'totalReplyCount': 0, 'isPublic': True}",,UCYdJjV9g4drkOQLdOZwswjw,2022-10-19T18:25:40Z,"Cara, colocam esses vermes de esquerdas, sabem que esses caras vão destruir o país, ainda rejeitam.",QURTSl9pMTJxQXpJbW4ta2ZCTzV2Z1NtMHpORnR4NUk5RnlYakE2LTduWXNfMVpVdUc0dTRrdmRIVXREYXVuM1NHUTdWVXpxRHEzT211UQ==,2023-06-09 05:42:52.104148
youtube#commentThread,yVv0XAH_QxHcvZUGzX-0Tay_ZmA,Ugz__hyUBGyjXoXU7pJ4AaABAg,"{'videoId': 'SFubem2H08c', 'topLevelComment': {'kind': 'youtube#comment', 'etag': '-Q6HkJDRU9cz0_U6lg-dkKctEzU', 'id': 'Ugz__hyUBGyjXoXU7pJ4AaABAg', 'snippet': {'videoId': 'SFubem2H08c', 'textDisplay': 'Povo brasileiro e consciente vamos salvar nosso Brasil desse caos e desgraça que muitos vizinhos nossos estão vivenciando', 'textOriginal': 'Povo brasileiro e consciente vamos salvar nosso Brasil desse caos e desgraça que muitos vizinhos nossos estão vivenciando', 'authorDisplayName': 'Audair Oliveira Souza', 'authorProfileImageUrl': 'https://yt3.ggpht.com/ytc/AGIKgqOwNpXwgh19Eg09G9UTWQmKI7rMnGHL6ta_jJcG9Q=s48-c-k-c0x00ffffff-no-rj', 'authorChannelUrl': 'http://www.youtube.com/channel/UCJ5XCJDYNiohx7qNPEgte8Q', 'authorChannelId': {'value': 'UCJ5XCJDYNiohx7qNPEgte8Q'}, 'canRate': True, 'viewerRating': 'none', 'likeCount': 6, 'publishedAt': '2022-10-19T18:25:00Z', 'updatedAt': '2022-10-19T18:25:00Z'}}, 'canReply': True, 'totalReplyCount': 0, 'isPublic': True}",,UCJ5XCJDYNiohx7qNPEgte8Q,2022-10-19T18:25:00Z,Povo brasileiro e consciente vamos salvar nosso Brasil desse caos e desgraça que muitos vizinhos nossos estão vivenciando,QURTSl9pMTJxQXpJbW4ta2ZCTzV2Z1NtMHpORnR4NUk5RnlYakE2LTduWXNfMVpVdUc0dTRrdmRIVXREYXVuM1NHUTdWVXpxRHEzT211UQ==,2023-06-09 05:42:52.104148
youtube#commentThread,RLI-Az0wC7gPDRIbGrC52pGuT0s,Ugw5-4rxqtXk2BJr-jt4AaABAg,"{'videoId': 'SFubem2H08c', 'topLevelComment': {'kind': 'youtube#comment', 'etag': 'KM6W6qS8MIXt9qndIlGT8oK0VfI', 'id': 'Ugw5-4rxqtXk2BJr-jt4AaABAg', 'snippet': {'videoId': 'SFubem2H08c', 'textDisplay': 'ESSES PARTIDOS POLÍTICOS DE ESQUERDA SÃO ASSIM MESMO.<br>ONDE ESSA IDEOLOGIA POLÍTICA NEFASTA ENTRA DESTRÓI A ECONOMIA,A CULTURA,OS VALORES CRISTÃOS,A VIDA SOCIAL E AS LIBERDADES INDIVIDUAIS DO CIDADÃO COMUM DA NAÇÃO QUE ESSE SISTEMA POLÍTICO IDEOLÓGICO SATÂNICO TOMA CONTA.', 'textOriginal': 'ESSES PARTIDOS POLÍTICOS DE ESQUERDA SÃO ASSIM MESMO.\\nONDE ESSA IDEOLOGIA POLÍTICA NEFASTA ENTRA DESTRÓI A ECONOMIA,A CULTURA,OS VALORES CRISTÃOS,A VIDA SOCIAL E AS LIBERDADES INDIVIDUAIS DO CIDADÃO COMUM DA NAÇÃO QUE ESSE SISTEMA POLÍTICO IDEOLÓGICO SATÂNICO TOMA CONTA.', 'authorDisplayName': 'Antonio Cesar Soares', 'authorProfileImageUrl': 'https://yt3.ggpht.com/ytc/AGIKgqPRPwtGAGoirbz0ObEkSumVVl7Txy46kVn7Xl9WjsEl4GdK_dDLilb2jxcqS3vZ=s48-c-k-c0x00ffffff-no-rj', 'authorChannelUrl': 'http://www.youtube.com/channel/UCMziGHo_2HNPBIsLpZcwO3Q', 'authorChannelId': {'value': 'UCMziGHo_2HNPBIsLpZcwO3Q'}, 'canRate': True, 'viewerRating': 'none', 'likeCount': 0, 'publishedAt': '2022-10-19T18:20:55Z', 'updatedAt': '2022-10-19T18:23:20Z'}}, 'canReply': True, 'totalReplyCount': 0, 'isPublic': True}",,UCMziGHo_2HNPBIsLpZcwO3Q,2022-10-19T18:20:55Z,"ESSES PARTIDOS POLÍTICOS DE ESQUERDA SÃO ASSIM MESMO.
ONDE ESSA IDEOLOGIA POLÍTICA NEFASTA ENTRA DESTRÓI A ECONOMIA,A CULTURA,OS VALORES CRISTÃOS,A VIDA SOCIAL E AS LIBERDADES INDIVIDUAIS DO CIDADÃO COMUM DA NAÇÃO QUE ESSE SISTEMA POLÍTICO IDEOLÓGICO SATÂNICO TOMA CONTA.",QURTSl9pMTJxQXpJbW4ta2ZCTzV2Z1NtMHpORnR4NUk5RnlYakE2LTduWXNfMVpVdUc0dTRrdmRIVXREYXVuM1NHUTdWVXpxRHEzT211UQ==,2023-06-09 05:42:52.104148
youtube#commentThread,qw9bIw_5D7h_KqScn8VkEF4is9Q,Ugw-JP73X_SxslEOnpx4AaABAg,"{'videoId': 'SFubem2H08c', 'topLevelComment': {'kind': 'youtube#comment', 'etag': 'AoHw9ZVx3Dzh3i4kmFtXVI2PWVs', 'id': 'Ugw-JP73X_SxslEOnpx4AaABAg', 'snippet': {'videoId': 'SFubem2H08c', 'textDisplay': 'O Chile judiação fez a maior idiotice de todos os tempos com esse comunista no poder LAMENTÁVEL um país sempre lindo e que sempre foi exemplo pra América Latina é triste ver isso', 'textOriginal': 'O Chile judiação fez a maior idiotice de todos os tempos com esse comunista no poder LAMENTÁVEL um país sempre lindo e que sempre foi exemplo pra América Latina é triste ver isso', 'authorDisplayName': 'Audair Oliveira Souza', 'authorProfileImageUrl': 'https://yt3.ggpht.com/ytc/AGIKgqOwNpXwgh19Eg09G9UTWQmKI7rMnGHL6ta_jJcG9Q=s48-c-k-c0x00ffffff-no-rj', 'authorChannelUrl': 'http://www.youtube.com/channel/UCJ5XCJDYNiohx7qNPEgte8Q', 'authorChannelId': {'value': 'UCJ5XCJDYNiohx7qNPEgte8Q'}, 'canRate': True, 'viewerRating': 'none', 'likeCount': 0, 'publishedAt': '2022-10-19T18:19:49Z', 'updatedAt': '2022-10-19T18:19:49Z'}}, 'canReply': True, 'totalReplyCount': 0, 'isPublic': True}",,UCJ5XCJDYNiohx7qNPEgte8Q,2022-10-19T18:19:49Z,O Chile judiação fez a maior idiotice de todos os tempos com esse comunista no poder LAMENTÁVEL um país sempre lindo e que sempre foi exemplo pra América Latina é triste ver isso,QURTSl9pMTJxQXpJbW4ta2ZCTzV2Z1NtMHpORnR4NUk5RnlYakE2LTduWXNfMVpVdUc0dTRrdmRIVXREYXVuM1NHUTdWVXpxRHEzT211UQ==,2023-06-09 05:42:52.104148
youtube#commentThread,hOFzmO-N2dFSguUU9BgJl0U4l6o,UgyM6HqsDje4pJKSeu14AaABAg,"{'videoId': 'SFubem2H08c', 'topLevelComment': {'kind': 'youtube#comment', 'etag': 'V7dsDgF_J7tLBqdt8RcocLBueQY', 'id': 'UgyM6HqsDje4pJKSeu14AaABAg', 'snippet': {'videoId': 'SFubem2H08c', 'textDisplay': 'E aí chilenos,tão &quot;gostando&quot;de ter a ideologia satânica esquerdista &quot;governando&quot;o país de vocês?porquê parece que Argentina,Colômbia(a mais nova vítima da esquerda maligna),Venezuela e Cuba não estão &quot;gostando não&quot;.......!', 'textOriginal': 'E aí chilenos,tão ""gostando""de ter a ideologia satânica esquerdista ""governando""o país de vocês?porquê parece que Argentina,Colômbia(a mais nova vítima da esquerda maligna),Venezuela e Cuba não estão ""gostando não"".......!', 'authorDisplayName': 'SÉRGIO peregrino', 'authorProfileImageUrl': 'https://yt3.ggpht.com/ytc/AGIKgqO1_OC1vfTpKxCA4jNiwcj4lilozTP9j5WQww=s48-c-k-c0x00ffffff-no-rj', 'authorChannelUrl': 'http://www.youtube.com/channel/UCSWbg8eBpXbJS7Ww6Ml4Jkg', 'authorChannelId': {'value': 'UCSWbg8eBpXbJS7Ww6Ml4Jkg'}, 'canRate': True, 'viewerRating': 'none', 'likeCount': 0, 'publishedAt': '2022-10-19T18:08:29Z', 'updatedAt': '2022-10-19T18:08:29Z'}}, 'canReply': True, 'totalReplyCount': 0, 'isPublic': True}",,UCSWbg8eBpXbJS7Ww6Ml4Jkg,2022-10-19T18:08:29Z,"E aí chilenos,tão ""gostando""de ter a ideologia satânica esquerdista ""governando""o país de vocês?porquê parece que Argentina,Colômbia(a mais nova vítima da esquerda maligna),Venezuela e Cuba não estão ""gostando não"".......!",QURTSl9pMTJxQXpJbW4ta2ZCTzV2Z1NtMHpORnR4NUk5RnlYakE2LTduWXNfMVpVdUc0dTRrdmRIVXREYXVuM1NHUTdWVXpxRHEzT211UQ==,2023-06-09 05:42:52.104148
youtube#commentThread,Pb3iBV1_9_PKhbdTw4P4axQ9zvE,UgzvTA4BYmd9FA8I39J4AaABAg,"{'videoId': 'SFubem2H08c', 'topLevelComment': {'kind': 'youtube#comment', 'etag': 'HKYChUGVSMCmATkbt4nyWTN7sVc', 'id': 'UgzvTA4BYmd9FA8I39J4AaABAg', 'snippet': {'videoId': 'SFubem2H08c', 'textDisplay': 'Pobreza para o povo, mas para os líderes comunistas só riqueza.', 'textOriginal': 'Pobreza para o povo, mas para os líderes comunistas só riqueza.', 'authorDisplayName': 'bgeraldo Cariovaldo', 'authorProfileImageUrl': 'https://yt3.ggpht.com/ytc/AGIKgqMil4TEQPsolXd5MqECuopSDueBfnpdMhyPfP_wCA8Sg_pwkhortTql864mVTl3=s48-c-k-c0x00ffffff-no-rj', 'authorChannelUrl': 'http://www.youtube.com/channel/UCQXMKn_2ru3uh4Rxir_2Xiw', 'authorChannelId': {'value': 'UCQXMKn_2ru3uh4Rxir_2Xiw'}, 'canRate': True, 'viewerRating': 'none', 'likeCount': 0, 'publishedAt': '2022-10-19T18:02:33Z', 'updatedAt': '2022-10-19T18:02:33Z'}}, 'canReply': True, 'totalReplyCount': 0, 'isPublic': True}",,UCQXMKn_2ru3uh4Rxir_2Xiw,2022-10-19T18:02:33Z,"Pobreza para o povo, mas para os líderes comunistas só riqueza.",QURTSl9pMTJxQXpJbW4ta2ZCTzV2Z1NtMHpORnR4NUk5RnlYakE2LTduWXNfMVpVdUc0dTRrdmRIVXREYXVuM1NHUTdWVXpxRHEzT211UQ==,2023-06-09 05:42:52.104148
youtube#commentThread,5TChRTSofLhKWnrwNBqk40wKins,Ugzmk7qO8YcqRYRTHw54AaABAg,"{'videoId': 'SFubem2H08c', 'topLevelComment': {'kind': 'youtube#comment', 'etag': 'PPJyihRMrJdxVlVnNXJjA1lgW5o', 'id': 'Ugzmk7qO8YcqRYRTHw54AaABAg', 'snippet': {'videoId': 'SFubem2H08c', 'textDisplay': 'Quando o povo se afastar de Deus o senhor trás o castigo sobre esse povo. Dando lhes um governo opressor e maligno. Agora estamos muito, más muito perto de sermos afligidos por um governo que está cheio de vingança em ver na cadeia os que lhe fizeram, mal. Povo que vota em esquerda é anti Cristo, pois todos os que são contra Cristo, são anti Cristo. Por isso esse ódio todo de só ouvir falar em Deus acima de tudo? Abra os olhos povo brasileiro já tá quase perto do castigo chegar. Vocês escolhem e depois não venha chorar.', 'textOriginal': 'Quando o povo se afastar de Deus o senhor trás o castigo sobre esse povo. Dando lhes um governo opressor e maligno. Agora estamos muito, más muito perto de sermos afligidos por um governo que está cheio de vingança em ver na cadeia os que lhe fizeram, mal. Povo que vota em esquerda é anti Cristo, pois todos os que são contra Cristo, são anti Cristo. Por isso esse ódio todo de só ouvir falar em Deus acima de tudo? Abra os olhos povo brasileiro já tá quase perto do castigo chegar. Vocês escolhem e depois não venha chorar.', 'authorDisplayName': 'Um novo Caminho.', 'authorProfileImageUrl': 'https://yt3.ggpht.com/ytc/AGIKgqNf_0gDFqUzth_sVualEwbWSIc58NiDDblM3Ar20Q=s48-c-k-c0x00ffffff-no-rj', 'authorChannelUrl': 'http://www.youtube.com/channel/UCZcxU9ZnF9kCK5l4e_zb-ag', 'authorChannelId': {'value': 'UCZcxU9ZnF9kCK5l4e_zb-ag'}, 'canRate': True, 'viewerRating': 'none', 'likeCount': 0, 'publishedAt': '2022-10-19T17:59:22Z', 'updatedAt': '2022-10-19T17:59:22Z'}}, 'canReply': True, 'totalReplyCount': 0, 'isPublic': True}",,UCZcxU9ZnF9kCK5l4e_zb-ag,2022-10-19T17:59:22Z,"Quando o povo se afastar de Deus o senhor trás o castigo sobre esse povo. Dando lhes um governo opressor e maligno. Agora estamos muito, más muito perto de sermos afligidos por um governo que está cheio de vingança em ver na cadeia os que lhe fizeram, mal. Povo que vota em esquerda é anti Cristo, pois todos os que são contra Cristo, são anti Cristo. Por isso esse ódio todo de só ouvir falar em Deus acima de tudo? Abra os olhos povo brasileiro já tá quase perto do castigo chegar. Vocês escolhem e depois não venha chorar.",QURTSl9pMTJxQXpJbW4ta2ZCTzV2Z1NtMHpORnR4NUk5RnlYakE2LTduWXNfMVpVdUc0dTRrdmRIVXREYXVuM1NHUTdWVXpxRHEzT211UQ==,2023-06-09 05:42:52.104148
youtube#commentThread,AJ3Qnj_GSABTR9A-B5zuji29xmw,Ugyx2C5xNv1mFhZfqXZ4AaABAg,"{'videoId': 'SFubem2H08c', 'topLevelComment': {'kind': 'youtube#comment', 'etag': 'V7HBGDCwEr1NZ2tUKcczMeE56PA', 'id': 'Ugyx2C5xNv1mFhZfqXZ4AaABAg', 'snippet': {'videoId': 'SFubem2H08c', 'textDisplay': 'O pt e i cancer do Brasil so defende o atraso o errado e prega a briga entre a população para sempre manter o discurso q vai resolver a pobreza q eles criam todos os dias', 'textOriginal': 'O pt e i cancer do Brasil so defende o atraso o errado e prega a briga entre a população para sempre manter o discurso q vai resolver a pobreza q eles criam todos os dias', 'authorDisplayName': 'Adelmo Gonzaga', 'authorProfileImageUrl': 'https://yt3.ggpht.com/ytc/AGIKgqPJruInNnVAl5OoZJKIR7d9aFoWMFluN1n2QA=s48-c-k-c0x00ffffff-no-rj', 'authorChannelUrl': 'http://www.youtube.com/channel/UCmFradXTnKN4x3A6Lz2MeOQ', 'authorChannelId': {'value': 'UCmFradXTnKN4x3A6Lz2MeOQ'}, 'canRate': True, 'viewerRating': 'none', 'likeCount': 0, 'publishedAt': '2022-10-19T17:46:52Z', 'updatedAt': '2022-10-19T17:46:52Z'}}, 'canReply': True, 'totalReplyCount': 0, 'isPublic': True}",,UCmFradXTnKN4x3A6Lz2MeOQ,2022-10-19T17:46:52Z,O pt e i cancer do Brasil so defende o atraso o errado e prega a briga entre a população para sempre manter o discurso q vai resolver a pobreza q eles criam todos os dias,QURTSl9pMTJxQXpJbW4ta2ZCTzV2Z1NtMHpORnR4NUk5RnlYakE2LTduWXNfMVpVdUc0dTRrdmRIVXREYXVuM1NHUTdWVXpxRHEzT211UQ==,2023-06-09 05:42:52.104148
youtube#commentThread,lvWu1opN58GZJI5NB8_MkqjLAmM,UgzABGoZhRvcIFmx_PJ4AaABAg,"{'videoId': 'SFubem2H08c', 'topLevelComment': {'kind': 'youtube#comment', 'etag': 'PZgEJt2PLl9b90oU_kaRFmtMalE', 'id': 'UgzABGoZhRvcIFmx_PJ4AaABAg', 'snippet': {'videoId': 'SFubem2H08c', 'textDisplay': 'A ESQUERDA SEMPRE TRÁS MISÉRIA E DESGRAÇA ONDE GOVERNA,É O PARTIDO QUE TRÁS  DESGRAÇA ONDE CHEGA.', 'textOriginal': 'A ESQUERDA SEMPRE TRÁS MISÉRIA E DESGRAÇA ONDE GOVERNA,É O PARTIDO QUE TRÁS  DESGRAÇA ONDE CHEGA.', 'authorDisplayName': 'Renato Morais da Costa', 'authorProfileImageUrl': 'https://yt3.ggpht.com/ytc/AGIKgqMzIqbJ46tXQ5asLXBQvlSBmOOYSZhMgv_-SW-8qbrhOVUzzbGlNDxCuntCaG-0=s48-c-k-c0x00ffffff-no-rj', 'authorChannelUrl': 'http://www.youtube.com/channel/UCj66bWnVZo3w3-r4kef62Fg', 'authorChannelId': {'value': 'UCj66bWnVZo3w3-r4kef62Fg'}, 'canRate': True, 'viewerRating': 'none', 'likeCount': 0, 'publishedAt': '2022-10-19T17:27:35Z', 'updatedAt': '2022-10-19T17:27:35Z'}}, 'canReply': True, 'totalReplyCount': 0, 'isPublic': True}",,UCj66bWnVZo3w3-r4kef62Fg,2022-10-19T17:27:35Z,"A ESQUERDA SEMPRE TRÁS MISÉRIA E DESGRAÇA ONDE GOVERNA,É O PARTIDO QUE TRÁS  DESGRAÇA ONDE CHEGA.",QURTSl9pMTJxQXpJbW4ta2ZCTzV2Z1NtMHpORnR4NUk5RnlYakE2LTduWXNfMVpVdUc0dTRrdmRIVXREYXVuM1NHUTdWVXpxRHEzT211UQ==,2023-06-09 05:42:52.104148
youtube#commentThread,MdaDY4T7G1maRvJFjvWQC0oPxjk,UgzgKgPZjgnQ6gqDQhh4AaABAg,"{'videoId': 'SFubem2H08c', 'topLevelComment': {'kind': 'youtube#comment', 'etag': 'QataNm3-1ldEBLQhjUI4ilmw_lc', 'id': 'UgzgKgPZjgnQ6gqDQhh4AaABAg', 'snippet': {'videoId': 'SFubem2H08c', 'textDisplay': 'Pq é tão difícil das pessoas acreditarem no foro de sp ?', 'textOriginal': 'Pq é tão difícil das pessoas acreditarem no foro de sp ?', 'authorDisplayName': 'endrique campanine', 'authorProfileImageUrl': 'https://yt3.ggpht.com/ytc/AGIKgqM6jnW433j-wOt-K_Z0EhOEuZpbNl2dmcMXrmU2Qw=s48-c-k-c0x00ffffff-no-rj', 'authorChannelUrl': 'http://www.youtube.com/channel/UCTPyNEkWPVrz4o3oA-TNm2g', 'authorChannelId': {'value': 'UCTPyNEkWPVrz4o3oA-TNm2g'}, 'canRate': True, 'viewerRating': 'none', 'likeCount': 0, 'publishedAt': '2022-10-19T17:24:33Z', 'updatedAt': '2022-10-19T17:24:42Z'}}, 'canReply': True, 'totalReplyCount': 0, 'isPublic': True}",,UCTPyNEkWPVrz4o3oA-TNm2g,2022-10-19T17:24:33Z,Pq é tão difícil das pessoas acreditarem no foro de sp ?,QURTSl9pMTJxQXpJbW4ta2ZCTzV2Z1NtMHpORnR4NUk5RnlYakE2LTduWXNfMVpVdUc0dTRrdmRIVXREYXVuM1NHUTdWVXpxRHEzT211UQ==,2023-06-09 05:42:52.104148
youtube#commentThread,xcgT0roAnInZfKTkpxw67mykQOw,UgyQju0l5SQAInBcdZJ4AaABAg,"{'videoId': 'SFubem2H08c', 'topLevelComment': {'kind': 'youtube#comment', 'etag': 'eWB5Q-TXk1I9Nr-fLYIY_qbR0qA', 'id': 'UgyQju0l5SQAInBcdZJ4AaABAg', 'snippet': {'videoId': 'SFubem2H08c', 'textDisplay': 'Não quero isso para o meu país...', 'textOriginal': 'Não quero isso para o meu país...', 'authorDisplayName': 'Léia Pereira', 'authorProfileImageUrl': 'https://yt3.ggpht.com/Uh04n6mE70fXBU70QT50iRRxMD4oKb4Hh6etuRyR9x2AVFF9itxhPjFbVph0qgNX1_7W6H2ScQ=s48-c-k-c0x00ffffff-no-rj', 'authorChannelUrl': 'http://www.youtube.com/channel/UC6N42rHdOxvgDZVVwo5CLcQ', 'authorChannelId': {'value': 'UC6N42rHdOxvgDZVVwo5CLcQ'}, 'canRate': True, 'viewerRating': 'none', 'likeCount': 0, 'publishedAt': '2022-10-19T17:23:30Z', 'updatedAt': '2022-10-19T17:23:30Z'}}, 'canReply': True, 'totalReplyCount': 0, 'isPublic': True}",,UC6N42rHdOxvgDZVVwo5CLcQ,2022-10-19T17:23:30Z,Não quero isso para o meu país...,QURTSl9pMTJxQXpJbW4ta2ZCTzV2Z1NtMHpORnR4NUk5RnlYakE2LTduWXNfMVpVdUc0dTRrdmRIVXREYXVuM1NHUTdWVXpxRHEzT211UQ==,2023-06-09 05:42:52.104148
youtube#commentThread,vkyBqmVs9N53Hv2AuYPgFBbFz8Q,Ugy3NMoZZykAu0OUiDF4AaABAg,"{'videoId': 'SFubem2H08c', 'topLevelComment': {'kind': 'youtube#comment', 'etag': 'PqTPz5hCjGtAlsFsfm8D-DiZekE', 'id': 'Ugy3NMoZZykAu0OUiDF4AaABAg', 'snippet': {'videoId': 'SFubem2H08c', 'textDisplay': 'Gente esta mais que provado que governos de esquerdas não tem gestão, são governos totalitários, populistas, ideologicamente comprometido com retrocesso moral, econômico e ético. Esses partidos deveriam ser extintos.', 'textOriginal': 'Gente esta mais que provado que governos de esquerdas não tem gestão, são governos totalitários, populistas, ideologicamente comprometido com retrocesso moral, econômico e ético. Esses partidos deveriam ser extintos.', 'authorDisplayName': 'Wellington Silva', 'authorProfileImageUrl': 'https://yt3.ggpht.com/ytc/AGIKgqOw8BSlU_C_P28BRWr4v261LiAJngg2e60_5A=s48-c-k-c0x00ffffff-no-rj', 'authorChannelUrl': 'http://www.youtube.com/channel/UCrBUIoTouotA_60Lpkmny-A', 'authorChannelId': {'value': 'UCrBUIoTouotA_60Lpkmny-A'}, 'canRate': True, 'viewerRating': 'none', 'likeCount': 0, 'publishedAt': '2022-10-19T17:12:58Z', 'updatedAt': '2022-10-19T17:12:58Z'}}, 'canReply': True, 'totalReplyCount': 0, 'isPublic': True}",,UCrBUIoTouotA_60Lpkmny-A,2022-10-19T17:12:58Z,"Gente esta mais que provado que governos de esquerdas não tem gestão, são governos totalitários, populistas, ideologicamente comprometido com retrocesso moral, econômico e ético. Esses partidos deveriam ser extintos.",QURTSl9pMTJxQXpJbW4ta2ZCTzV2Z1NtMHpORnR4NUk5RnlYakE2LTduWXNfMVpVdUc0dTRrdmRIVXREYXVuM1NHUTdWVXpxRHEzT211UQ==,2023-06-09 05:42:52.104148
youtube#commentThread,fAm538Tqyq31_skoqKkPKL4qgok,UgwEN9UvPQyRuZjqK9Z4AaABAg,"{'videoId': 'SFubem2H08c', 'topLevelComment': {'kind': 'youtube#comment', 'etag': 'N3_N6-7vwAgFhZE17MFvhGk0IRM', 'id': 'UgwEN9UvPQyRuZjqK9Z4AaABAg', 'snippet': {'videoId': 'SFubem2H08c', 'textDisplay': 'Como a esquerda é eficiente em tão pouco tempo levar a economia punjante de um país à miséria.', 'textOriginal': 'Como a esquerda é eficiente em tão pouco tempo levar a economia punjante de um país à miséria.', 'authorDisplayName': 'Paulo Cesar Gomes', 'authorProfileImageUrl': 'https://yt3.ggpht.com/ytc/AGIKgqM0xfscvlb6XeSFX-Os7G6BDGkBaMWtzTthvA=s48-c-k-c0x00ffffff-no-rj', 'authorChannelUrl': 'http://www.youtube.com/channel/UCixeuYL8aV8ZlXlshqqylbg', 'authorChannelId': {'value': 'UCixeuYL8aV8ZlXlshqqylbg'}, 'canRate': True, 'viewerRating': 'none', 'likeCount': 0, 'publishedAt': '2022-10-19T17:12:33Z', 'updatedAt': '2022-10-19T17:12:33Z'}}, 'canReply': True, 'totalReplyCount': 0, 'isPublic': True}",,UCixeuYL8aV8ZlXlshqqylbg,2022-10-19T17:12:33Z,Como a esquerda é eficiente em tão pouco tempo levar a economia punjante de um país à miséria.,QURTSl9pMTJxQXpJbW4ta2ZCTzV2Z1NtMHpORnR4NUk5RnlYakE2LTduWXNfMVpVdUc0dTRrdmRIVXREYXVuM1NHUTdWVXpxRHEzT211UQ==,2023-06-09 05:42:52.104148
youtube#commentThread,ITx9pk6rL66CLmc6ho6UT1CTmfg,Ugy7LRcpr1i9p_kkkJJ4AaABAg,"{'videoId': 'SFubem2H08c', 'topLevelComment': {'kind': 'youtube#comment', 'etag': '4OjYCZFlShZj6q6VzzZVMYb6l_U', 'id': 'Ugy7LRcpr1i9p_kkkJJ4AaABAg', 'snippet': {'videoId': 'SFubem2H08c', 'textDisplay': 'A.esquerda.parece.um.dono.de.uma.granja.que.tem.galinhas.que.bota.ovos.mais.enves.de.cuidar.elimentar.direito.elas.corta.a.alimentacao.quer.que.aumente.a.producao.de.ovos.sem.dar.a.elas.o.minimo.de.alimentos.no.fim.metade.morre.e.a.outra.metade.e.obrigada.a.produsir.a.mesma.quantidade.de.ovos.eles.querem.riquesas.para si.e.o.povo.e.obrigado.a.trabalhar.para.os.luxos.dele.e.a.democracia.fek.so.isso.', 'textOriginal': 'A.esquerda.parece.um.dono.de.uma.granja.que.tem.galinhas.que.bota.ovos.mais.enves.de.cuidar.elimentar.direito.elas.corta.a.alimentacao.quer.que.aumente.a.producao.de.ovos.sem.dar.a.elas.o.minimo.de.alimentos.no.fim.metade.morre.e.a.outra.metade.e.obrigada.a.produsir.a.mesma.quantidade.de.ovos.eles.querem.riquesas.para si.e.o.povo.e.obrigado.a.trabalhar.para.os.luxos.dele.e.a.democracia.fek.so.isso.', 'authorDisplayName': 'Antoniocarlos Refundini', 'authorProfileImageUrl': 'https://yt3.ggpht.com/ytc/AGIKgqNbG4HCc5lz-wLFQg2RzGdK_gybS38Jeefx1HpfPR-U4CazktBz2rmXTNKEM7Mf=s48-c-k-c0x00ffffff-no-rj', 'authorChannelUrl': 'http://www.youtube.com/channel/UCbLWsSfM2GFtuW9S5edxmsg', 'authorChannelId': {'value': 'UCbLWsSfM2GFtuW9S5edxmsg'}, 'canRate': True, 'viewerRating': 'none', 'likeCount': 0, 'publishedAt': '2022-10-19T17:11:06Z', 'updatedAt': '2022-10-19T17:11:06Z'}}, 'canReply': True, 'totalReplyCount': 0, 'isPublic': True}",,UCbLWsSfM2GFtuW9S5edxmsg,2022-10-19T17:11:06Z,A.esquerda.parece.um.dono.de.uma.granja.que.tem.galinhas.que.bota.ovos.mais.enves.de.cuidar.elimentar.direito.elas.corta.a.alimentacao.quer.que.aumente.a.producao.de.ovos.sem.dar.a.elas.o.minimo.de.alimentos.no.fim.metade.morre.e.a.outra.metade.e.obrigada.a.produsir.a.mesma.quantidade.de.ovos.eles.querem.riquesas.para si.e.o.povo.e.obrigado.a.trabalhar.para.os.luxos.dele.e.a.democracia.fek.so.isso.,QURTSl9pMTJxQXpJbW4ta2ZCTzV2Z1NtMHpORnR4NUk5RnlYakE2LTduWXNfMVpVdUc0dTRrdmRIVXREYXVuM1NHUTdWVXpxRHEzT211UQ==,2023-06-09 05:42:52.104148
youtube#commentThread,cLTz5p16v65XE1ih7nER1km8T5s,UgwKyTiicxk3P9c3aAx4AaABAg,"{'videoId': 'SFubem2H08c', 'topLevelComment': {'kind': 'youtube#comment', 'etag': 'w0ptWgLRlG4ONKKvvHu-vYN505w', 'id': 'UgwKyTiicxk3P9c3aAx4AaABAg', 'snippet': {'videoId': 'SFubem2H08c', 'textDisplay': 'obrigado presidente Bolsonario por ser nosso presidente amém parabéns estamos juntos vitória ✌️', 'textOriginal': 'obrigado presidente Bolsonario por ser nosso presidente amém parabéns estamos juntos vitória ✌️', 'authorDisplayName': 'Geralda Carvalho Das Graças', 'authorProfileImageUrl': 'https://yt3.ggpht.com/ytc/AGIKgqND-f4LlN2qZg74eVNlyxWcXHKk2ih_eiafxA=s48-c-k-c0x00ffffff-no-rj', 'authorChannelUrl': 'http://www.youtube.com/channel/UCNJt--cFw8wzMQMAY4sDj3A', 'authorChannelId': {'value': 'UCNJt--cFw8wzMQMAY4sDj3A'}, 'canRate': True, 'viewerRating': 'none', 'likeCount': 0, 'publishedAt': '2022-10-19T17:07:23Z', 'updatedAt': '2022-10-19T17:07:23Z'}}, 'canReply': True, 'totalReplyCount': 0, 'isPublic': True}",,UCNJt--cFw8wzMQMAY4sDj3A,2022-10-19T17:07:23Z,obrigado presidente Bolsonario por ser nosso presidente amém parabéns estamos juntos vitória ✌️,QURTSl9pMTJxQXpJbW4ta2ZCTzV2Z1NtMHpORnR4NUk5RnlYakE2LTduWXNfMVpVdUc0dTRrdmRIVXREYXVuM1NHUTdWVXpxRHEzT211UQ==,2023-06-09 05:42:52.104148
youtube#commentThread,SGeVXhZluq8iKoPW6YaaitkW3k8,UgxlZjZBXjfYzyc1QgF4AaABAg,"{'videoId': 'SFubem2H08c', 'topLevelComment': {'kind': 'youtube#comment', 'etag': 'sDJCz77uyyZGEgu77Mvj9htUBt8', 'id': 'UgxlZjZBXjfYzyc1QgF4AaABAg', 'snippet': {'videoId': 'SFubem2H08c', 'textDisplay': 'LULA ALEXANDRE NA CADEIA JÁ', 'textOriginal': 'LULA ALEXANDRE NA CADEIA JÁ', 'authorDisplayName': 'Pape Brasil', 'authorProfileImageUrl': 'https://yt3.ggpht.com/ytc/AGIKgqMAJPNhIp1mTw2-YxKtZKHyaPUrcjK4pcFUZw=s48-c-k-c0x00ffffff-no-rj', 'authorChannelUrl': 'http://www.youtube.com/channel/UC5IVXJ2OR00ObeCS6-ZZvYQ', 'authorChannelId': {'value': 'UC5IVXJ2OR00ObeCS6-ZZvYQ'}, 'canRate': True, 'viewerRating': 'none', 'likeCount': 1, 'publishedAt': '2022-10-19T17:01:04Z', 'updatedAt': '2022-10-19T17:01:04Z'}}, 'canReply': True, 'totalReplyCount': 0, 'isPublic': True}",,UC5IVXJ2OR00ObeCS6-ZZvYQ,2022-10-19T17:01:04Z,LULA ALEXANDRE NA CADEIA JÁ,QURTSl9pMTJxQXpJbW4ta2ZCTzV2Z1NtMHpORnR4NUk5RnlYakE2LTduWXNfMVpVdUc0dTRrdmRIVXREYXVuM1NHUTdWVXpxRHEzT211UQ==,2023-06-09 05:42:52.104148
youtube#commentThread,x1qkolih0H15_evwRThq8NAlMi4,UgwNWqm3ep6mVp-wcV14AaABAg,"{'videoId': 'SFubem2H08c', 'topLevelComment': {'kind': 'youtube#comment', 'etag': 'bHJqyVcErfbF6ihrQjln-R2JNns', 'id': 'UgwNWqm3ep6mVp-wcV14AaABAg', 'snippet': {'videoId': 'SFubem2H08c', 'textDisplay': 'OLHA BEM .DEVE TER ALGUMA ARMADILHA PARA O LULA FOR ELEITO....MORAES IMPETIMACHAM O LULA PARA ASSUMIR ALCKMIN.', 'textOriginal': 'OLHA BEM .DEVE TER ALGUMA ARMADILHA PARA O LULA FOR ELEITO....MORAES IMPETIMACHAM O LULA PARA ASSUMIR ALCKMIN.', 'authorDisplayName': 'ciro rogerio', 'authorProfileImageUrl': 'https://yt3.ggpht.com/ytc/AGIKgqMUgqQ4u4PG0B8PkZcQUtiBWCxiyPN2Ftiijg=s48-c-k-c0x00ffffff-no-rj', 'authorChannelUrl': 'http://www.youtube.com/channel/UCly6-7_Bt9F5q0UaWJV821g', 'authorChannelId': {'value': 'UCly6-7_Bt9F5q0UaWJV821g'}, 'canRate': True, 'viewerRating': 'none', 'likeCount': 0, 'publishedAt': '2022-10-19T16:59:49Z', 'updatedAt': '2022-10-19T16:59:49Z'}}, 'canReply': True, 'totalReplyCount': 0, 'isPublic': True}",,UCly6-7_Bt9F5q0UaWJV821g,2022-10-19T16:59:49Z,OLHA BEM .DEVE TER ALGUMA ARMADILHA PARA O LULA FOR ELEITO....MORAES IMPETIMACHAM O LULA PARA ASSUMIR ALCKMIN.,QURTSl9pMTJxQXpJbW4ta2ZCTzV2Z1NtMHpORnR4NUk5RnlYakE2LTduWXNfMVpVdUc0dTRrdmRIVXREYXVuM1NHUTdWVXpxRHEzT211UQ==,2023-06-09 05:42:52.104148
youtube#commentThread,8-Ui2Xxq2whDqtyqouAaslR4NYA,UgySshJ8jTePKlS4v4F4AaABAg,"{'videoId': 'SFubem2H08c', 'topLevelComment': {'kind': 'youtube#comment', 'etag': '69e-jgjJOmA-tsEamq0w4znBzNM', 'id': 'UgySshJ8jTePKlS4v4F4AaABAg', 'snippet': {'videoId': 'SFubem2H08c', 'textDisplay': 'Veja povo o que não falta são exemplos de horríveis governos de esquerda, principalmente aqui na América latina', 'textOriginal': 'Veja povo o que não falta são exemplos de horríveis governos de esquerda, principalmente aqui na América latina', 'authorDisplayName': 'João Gabriel', 'authorProfileImageUrl': 'https://yt3.ggpht.com/ytc/AGIKgqNdf__FzkLA4fGZOATupda3eCDHeBX5mGDl07gdeks=s48-c-k-c0x00ffffff-no-rj', 'authorChannelUrl': 'http://www.youtube.com/channel/UCwkdrhoYVXMIMYjr-2ioPMA', 'authorChannelId': {'value': 'UCwkdrhoYVXMIMYjr-2ioPMA'}, 'canRate': True, 'viewerRating': 'none', 'likeCount': 0, 'publishedAt': '2022-10-19T16:56:35Z', 'updatedAt': '2022-10-19T16:56:35Z'}}, 'canReply': True, 'totalReplyCount': 0, 'isPublic': True}",,UCwkdrhoYVXMIMYjr-2ioPMA,2022-10-19T16:56:35Z,"Veja povo o que não falta são exemplos de horríveis governos de esquerda, principalmente aqui na América latina",QURTSl9pMTJxQXpJbW4ta2ZCTzV2Z1NtMHpORnR4NUk5RnlYakE2LTduWXNfMVpVdUc0dTRrdmRIVXREYXVuM1NHUTdWVXpxRHEzT211UQ==,2023-06-09 05:42:52.104148
youtube#commentThread,zR6KmWiDpxSfUQP-wxKx-KeTxWk,UgwWjx0nly3-obqnydt4AaABAg,"{'videoId': 'SFubem2H08c', 'topLevelComment': {'kind': 'youtube#comment', 'etag': 'i99y8FKH0ea912GRAT6kNRiXvHU', 'id': 'UgwWjx0nly3-obqnydt4AaABAg', 'snippet': {'videoId': 'SFubem2H08c', 'textDisplay': 'votaram nele, difícil tirar', 'textOriginal': 'votaram nele, difícil tirar', 'authorDisplayName': 'Arieh H.', 'authorProfileImageUrl': 'https://yt3.ggpht.com/ytc/AGIKgqO-smSs2LGDen4vb9tUORYfpsuu8vp_8NVnqTIYWD0=s48-c-k-c0x00ffffff-no-rj', 'authorChannelUrl': 'http://www.youtube.com/channel/UCW2lE89pY6MqZgkpSy0K0ag', 'authorChannelId': {'value': 'UCW2lE89pY6MqZgkpSy0K0ag'}, 'canRate': True, 'viewerRating': 'none', 'likeCount': 0, 'publishedAt': '2022-10-19T16:51:41Z', 'updatedAt': '2022-10-19T16:51:41Z'}}, 'canReply': True, 'totalReplyCount': 0, 'isPublic': True}",,UCW2lE89pY6MqZgkpSy0K0ag,2022-10-19T16:51:41Z,"votaram nele, difícil tirar",QURTSl9pMTJxQXpJbW4ta2ZCTzV2Z1NtMHpORnR4NUk5RnlYakE2LTduWXNfMVpVdUc0dTRrdmRIVXREYXVuM1NHUTdWVXpxRHEzT211UQ==,2023-06-09 05:42:52.104148
youtube#commentThread,_HK3pNqmycvWZaFz272mpVUyb1M,UgzaEIzkIIE_w9NbQld4AaABAg,"{'videoId': 'SFubem2H08c', 'topLevelComment': {'kind': 'youtube#comment', 'etag': 'OHyOFXcs2UfWodEHNjhtw7DMhag', 'id': 'UgzaEIzkIIE_w9NbQld4AaABAg', 'snippet': {'videoId': 'SFubem2H08c', 'textDisplay': 'Esquerdistas no poder, miseria para a populacao', 'textOriginal': 'Esquerdistas no poder, miseria para a populacao', 'authorDisplayName': 'Tom Krieger', 'authorProfileImageUrl': 'https://yt3.ggpht.com/ytc/AGIKgqPFJUSlDuTZnRydJs31ORr78JB80eq8l5vSsgyikg=s48-c-k-c0x00ffffff-no-rj', 'authorChannelUrl': 'http://www.youtube.com/channel/UCgyqlBtenwCRu7lgJJZIFhg', 'authorChannelId': {'value': 'UCgyqlBtenwCRu7lgJJZIFhg'}, 'canRate': True, 'viewerRating': 'none', 'likeCount': 0, 'publishedAt': '2022-10-19T16:49:45Z', 'updatedAt': '2022-10-19T16:49:45Z'}}, 'canReply': True, 'totalReplyCount': 0, 'isPublic': True}",,UCgyqlBtenwCRu7lgJJZIFhg,2022-10-19T16:49:45Z,"Esquerdistas no poder, miseria para a populacao",QURTSl9pMTJxQXpJbW4ta2ZCTzV2Z1NtMHpORnR4NUk5RnlYakE2LTduWXNfMVpVdUc0dTRrdmRIVXREYXVuM1NHUTdWVXpxRHEzT211UQ==,2023-06-09 05:42:52.104148
youtube#commentThread,TOhX5JmcA7C5Z2xPX3h3CoROhmM,UgxiFqymqga4UrJTnT94AaABAg,"{'videoId': 'SFubem2H08c', 'topLevelComment': {'kind': 'youtube#comment', 'etag': '_dFzM7Oy3QqLLdwL6AuVQV1zhhY', 'id': 'UgxiFqymqga4UrJTnT94AaABAg', 'snippet': {'videoId': 'SFubem2H08c', 'textDisplay': 'foram avisados! assim como agente tá avisando aqui no Brasil, então não reclamem!', 'textOriginal': 'foram avisados! assim como agente tá avisando aqui no Brasil, então não reclamem!', 'authorDisplayName': 'gelson da silva', 'authorProfileImageUrl': 'https://yt3.ggpht.com/ytc/AGIKgqO-HX8LpvEGFbR1K7hGgwkvK3HWRYT7o5MDBKvE=s48-c-k-c0x00ffffff-no-rj', 'authorChannelUrl': 'http://www.youtube.com/channel/UCQ9mkDIbYnzdj4FHiVU43ZA', 'authorChannelId': {'value': 'UCQ9mkDIbYnzdj4FHiVU43ZA'}, 'canRate': True, 'viewerRating': 'none', 'likeCount': 1, 'publishedAt': '2022-10-19T16:49:11Z', 'updatedAt': '2022-10-19T16:49:11Z'}}, 'canReply': True, 'totalReplyCount': 0, 'isPublic': True}",,UCQ9mkDIbYnzdj4FHiVU43ZA,2022-10-19T16:49:11Z,"foram avisados! assim como agente tá avisando aqui no Brasil, então não reclamem!",QURTSl9pMTJxQXpJbW4ta2ZCTzV2Z1NtMHpORnR4NUk5RnlYakE2LTduWXNfMVpVdUc0dTRrdmRIVXREYXVuM1NHUTdWVXpxRHEzT211UQ==,2023-06-09 05:42:52.104148
youtube#commentThread,FqKqDmVkLjgt3U-CbrLRDGTx6JY,Ugy_mYh5_NWTULB2F-x4AaABAg,"{'videoId': 'SFubem2H08c', 'topLevelComment': {'kind': 'youtube#comment', 'etag': 'hhrWX_VqLKsQ5Jje3LfOavG5jI4', 'id': 'Ugy_mYh5_NWTULB2F-x4AaABAg', 'snippet': {'videoId': 'SFubem2H08c', 'textDisplay': 'Aqui disparou tem quatro anos ! Kkkkkkkkkkkkkkkkkkkkkkkkkkkkkkkkkkkk', 'textOriginal': 'Aqui disparou tem quatro anos ! Kkkkkkkkkkkkkkkkkkkkkkkkkkkkkkkkkkkk', 'authorDisplayName': 'Luciano Barreto', 'authorProfileImageUrl': 'https://yt3.ggpht.com/ytc/AGIKgqOtjvnhys1pehtEbPp7eBCRxutkmXdUqjmB1ylTmA=s48-c-k-c0x00ffffff-no-rj', 'authorChannelUrl': 'http://www.youtube.com/channel/UCI_JdwRNxP0DOSyypwPNu1w', 'authorChannelId': {'value': 'UCI_JdwRNxP0DOSyypwPNu1w'}, 'canRate': True, 'viewerRating': 'none', 'likeCount': 0, 'publishedAt': '2022-10-19T16:47:17Z', 'updatedAt': '2022-10-19T16:47:17Z'}}, 'canReply': True, 'totalReplyCount': 0, 'isPublic': True}",,UCI_JdwRNxP0DOSyypwPNu1w,2022-10-19T16:47:17Z,Aqui disparou tem quatro anos ! Kkkkkkkkkkkkkkkkkkkkkkkkkkkkkkkkkkkk,QURTSl9pMTJxQXpJbW4ta2ZCTzV2Z1NtMHpORnR4NUk5RnlYakE2LTduWXNfMVpVdUc0dTRrdmRIVXREYXVuM1NHUTdWVXpxRHEzT211UQ==,2023-06-09 05:42:52.104148
youtube#commentThread,J9kDd17wzU2aqP0zglIe7QCwQjg,UgwE5O9JbPFSfnfMjqx4AaABAg,"{'videoId': 'SFubem2H08c', 'topLevelComment': {'kind': 'youtube#comment', 'etag': '5IAsLXavxfJ3Cxg7F06tcDENjoQ', 'id': 'UgwE5O9JbPFSfnfMjqx4AaABAg', 'snippet': {'videoId': 'SFubem2H08c', 'textDisplay': 'Eu quero ver o Chile se dar mal. Só apanhado para aprender que a Esquerda não presta.', 'textOriginal': 'Eu quero ver o Chile se dar mal. Só apanhado para aprender que a Esquerda não presta.', 'authorDisplayName': 'Magnus Felipsen', 'authorProfileImageUrl': 'https://yt3.ggpht.com/ytc/AGIKgqO8iK5cXN2SvYqaoCPsLYu5VouyWhwjzCOYDg=s48-c-k-c0x00ffffff-no-rj', 'authorChannelUrl': 'http://www.youtube.com/channel/UCd29F2Z7P43rHL2xvYEbSuA', 'authorChannelId': {'value': 'UCd29F2Z7P43rHL2xvYEbSuA'}, 'canRate': True, 'viewerRating': 'none', 'likeCount': 0, 'publishedAt': '2022-10-19T16:44:28Z', 'updatedAt': '2022-10-19T16:44:28Z'}}, 'canReply': True, 'totalReplyCount': 0, 'isPublic': True}",,UCd29F2Z7P43rHL2xvYEbSuA,2022-10-19T16:44:28Z,Eu quero ver o Chile se dar mal. Só apanhado para aprender que a Esquerda não presta.,QURTSl9pMTJxQXpJbW4ta2ZCTzV2Z1NtMHpORnR4NUk5RnlYakE2LTduWXNfMVpVdUc0dTRrdmRIVXREYXVuM1NHUTdWVXpxRHEzT211UQ==,2023-06-09 05:42:52.104148
youtube#commentThread,96sgNYA3Opthtc3fj9Z30cNPyMg,UgxS9F95K0-H3cHW1Id4AaABAg,"{'videoId': 'SFubem2H08c', 'topLevelComment': {'kind': 'youtube#comment', 'etag': 'oUvFQMY464Zuwrt3EJ68HTCB4WA', 'id': 'UgxS9F95K0-H3cHW1Id4AaABAg', 'snippet': {'videoId': 'SFubem2H08c', 'textDisplay': 'Então, não é o sistema marxista que ira salvar o planeta?, não existe almoço grátis sem que alguém pague, ou seja, todos os dias o pássaro sai para colher seu alimento , mas quando ele encontra alguém que coloca todos os dias no comedouro seu alimento, ele deixa de caçar, isto é assistencialismo, ele passa ser dependente , ai ele passa ser escravizado e com certeza ficara preso em uma gaiola.', 'textOriginal': 'Então, não é o sistema marxista que ira salvar o planeta?, não existe almoço grátis sem que alguém pague, ou seja, todos os dias o pássaro sai para colher seu alimento , mas quando ele encontra alguém que coloca todos os dias no comedouro seu alimento, ele deixa de caçar, isto é assistencialismo, ele passa ser dependente , ai ele passa ser escravizado e com certeza ficara preso em uma gaiola.', 'authorDisplayName': 'Carlos Tocantins', 'authorProfileImageUrl': 'https://yt3.ggpht.com/ytc/AGIKgqNwwQcCZxFCYpItQ_fq5_8CyCaJBQjyUB9VyLk1sg=s48-c-k-c0x00ffffff-no-rj', 'authorChannelUrl': 'http://www.youtube.com/channel/UC1XZGy3xmOugj2hyEIQMjbA', 'authorChannelId': {'value': 'UC1XZGy3xmOugj2hyEIQMjbA'}, 'canRate': True, 'viewerRating': 'none', 'likeCount': 0, 'publishedAt': '2022-10-19T16:41:38Z', 'updatedAt': '2022-10-19T16:41:38Z'}}, 'canReply': True, 'totalReplyCount': 0, 'isPublic': True}",,UC1XZGy3xmOugj2hyEIQMjbA,2022-10-19T16:41:38Z,"Então, não é o sistema marxista que ira salvar o planeta?, não existe almoço grátis sem que alguém pague, ou seja, todos os dias o pássaro sai para colher seu alimento , mas quando ele encontra alguém que coloca todos os dias no comedouro seu alimento, ele deixa de caçar, isto é assistencialismo, ele passa ser dependente , ai ele passa ser escravizado e com certeza ficara preso em uma gaiola.",QURTSl9pMTJxQXpJbW4ta2ZCTzV2Z1NtMHpORnR4NUk5RnlYakE2LTduWXNfMVpVdUc0dTRrdmRIVXREYXVuM1NHUTdWVXpxRHEzT211UQ==,2023-06-09 05:42:52.104148
youtube#commentThread,IHM11ZFjKZEHgdWKKhhJd1n5xiE,Ugw2jGoHqU3ijyZnHtZ4AaABAg,"{'videoId': 'SFubem2H08c', 'topLevelComment': {'kind': 'youtube#comment', 'etag': '-nJnvVkMNDvybbankNt5GkG1N4U', 'id': 'Ugw2jGoHqU3ijyZnHtZ4AaABAg', 'snippet': {'videoId': 'SFubem2H08c', 'textDisplay': 'VAMOS VARRER DE VEZ ESSA ESQUERDALHA DE BANDIDOS NUNCA MAIS OUTRA VEZ RAÇA DE LADRÕES', 'textOriginal': 'VAMOS VARRER DE VEZ ESSA ESQUERDALHA DE BANDIDOS NUNCA MAIS OUTRA VEZ RAÇA DE LADRÕES', 'authorDisplayName': 'Francisco De Paula e Silva', 'authorProfileImageUrl': 'https://yt3.ggpht.com/ytc/AGIKgqNo0--BS4QuMpt4VI5Am8UjfjXfdtBG-c2YF7wMf89TojuajWdw4guGRZ_GgWAe=s48-c-k-c0x00ffffff-no-rj', 'authorChannelUrl': 'http://www.youtube.com/channel/UCSfIYVTVZcvv7UDPBpb7oXg', 'authorChannelId': {'value': 'UCSfIYVTVZcvv7UDPBpb7oXg'}, 'canRate': True, 'viewerRating': 'none', 'likeCount': 0, 'publishedAt': '2022-10-19T16:41:35Z', 'updatedAt': '2022-10-19T16:41:35Z'}}, 'canReply': True, 'totalReplyCount': 0, 'isPublic': True}",,UCSfIYVTVZcvv7UDPBpb7oXg,2022-10-19T16:41:35Z,VAMOS VARRER DE VEZ ESSA ESQUERDALHA DE BANDIDOS NUNCA MAIS OUTRA VEZ RAÇA DE LADRÕES,QURTSl9pMTJxQXpJbW4ta2ZCTzV2Z1NtMHpORnR4NUk5RnlYakE2LTduWXNfMVpVdUc0dTRrdmRIVXREYXVuM1NHUTdWVXpxRHEzT211UQ==,2023-06-09 05:42:52.104148
youtube#commentThread,M4jQQGPeE6hx8is62XU_GbsgmRI,UgxYtF_7dUjGxfKmehV4AaABAg,"{'videoId': 'SFubem2H08c', 'topLevelComment': {'kind': 'youtube#comment', 'etag': 'gVtaxjSA53lrogMYo7AtJTvTgsU', 'id': 'UgxYtF_7dUjGxfKmehV4AaABAg', 'snippet': {'videoId': 'SFubem2H08c', 'textDisplay': 'O CHEQUE-MATE SERÁ NO BRASIL NAS URNAS. AI ESTARÁ CONSUMADO O PLANO DO FORO DE SÃO PAULO. DESTA VEZ A ESQUERDA  SÓ PRECISA DE MAIS ESTA ELEIÇÃO.', 'textOriginal': 'O CHEQUE-MATE SERÁ NO BRASIL NAS URNAS. AI ESTARÁ CONSUMADO O PLANO DO FORO DE SÃO PAULO. DESTA VEZ A ESQUERDA  SÓ PRECISA DE MAIS ESTA ELEIÇÃO.', 'authorDisplayName': 'Devair Alves', 'authorProfileImageUrl': 'https://yt3.ggpht.com/ytc/AGIKgqMSGq50qNMSusOpzrufKeOZ60Rpm97799lbQg=s48-c-k-c0x00ffffff-no-rj', 'authorChannelUrl': 'http://www.youtube.com/channel/UCIoQccqFAvcY7DdbibN6u8w', 'authorChannelId': {'value': 'UCIoQccqFAvcY7DdbibN6u8w'}, 'canRate': True, 'viewerRating': 'none', 'likeCount': 0, 'publishedAt': '2022-10-19T16:41:22Z', 'updatedAt': '2022-10-19T16:41:22Z'}}, 'canReply': True, 'totalReplyCount': 0, 'isPublic': True}",,UCIoQccqFAvcY7DdbibN6u8w,2022-10-19T16:41:22Z,O CHEQUE-MATE SERÁ NO BRASIL NAS URNAS. AI ESTARÁ CONSUMADO O PLANO DO FORO DE SÃO PAULO. DESTA VEZ A ESQUERDA  SÓ PRECISA DE MAIS ESTA ELEIÇÃO.,QURTSl9pMTJxQXpJbW4ta2ZCTzV2Z1NtMHpORnR4NUk5RnlYakE2LTduWXNfMVpVdUc0dTRrdmRIVXREYXVuM1NHUTdWVXpxRHEzT211UQ==,2023-06-09 05:42:52.104148
youtube#commentThread,Stbe0dsKCOdNf_WEoqL9MAjatQA,UgwTEPNGcjOzpa2Cc0p4AaABAg,"{'videoId': 'SFubem2H08c', 'topLevelComment': {'kind': 'youtube#comment', 'etag': '9_glF3bW5OyOyNyjZTFv7gJHXw4', 'id': 'UgwTEPNGcjOzpa2Cc0p4AaABAg', 'snippet': {'videoId': 'SFubem2H08c', 'textDisplay': 'O comunismo destruidor corrupto nefasto abominável traidor sem noção está como fumaca so redor das nossas fronteiras como um aviso aos brasileiros não sejam estúpidos desinteligente imbecis indolentes nescios como nós da Argentina da Venezuela de cuba da Colômbia e do Chile e vejam como nossas alegrias nossas festas nossas oracoes nosso futuro nossos filhos nossas famílias pedindo um pedaço de pão por que nós estamos pagando com nossas vidas um erro tão grande e os brasileiros não deixem homens comunistas esquerdistas socialistas pois fomos enganados por traidores da pátria família em Jesus Cristo .', 'textOriginal': 'O comunismo destruidor corrupto nefasto abominável traidor sem noção está como fumaca so redor das nossas fronteiras como um aviso aos brasileiros não sejam estúpidos desinteligente imbecis indolentes nescios como nós da Argentina da Venezuela de cuba da Colômbia e do Chile e vejam como nossas alegrias nossas festas nossas oracoes nosso futuro nossos filhos nossas famílias pedindo um pedaço de pão por que nós estamos pagando com nossas vidas um erro tão grande e os brasileiros não deixem homens comunistas esquerdistas socialistas pois fomos enganados por traidores da pátria família em Jesus Cristo .', 'authorDisplayName': 'Roberto Geremias', 'authorProfileImageUrl': 'https://yt3.ggpht.com/ytc/AGIKgqNHJcYJqZeNGUgt2pEfOwceScz33TaxRxWjXgiM_76nIkcdrqyip1KC7EOo8d5N=s48-c-k-c0x00ffffff-no-rj', 'authorChannelUrl': 'http://www.youtube.com/channel/UCMtNxwH9tmueUfD5y4vmEWQ', 'authorChannelId': {'value': 'UCMtNxwH9tmueUfD5y4vmEWQ'}, 'canRate': True, 'viewerRating': 'none', 'likeCount': 0, 'publishedAt': '2022-10-19T16:41:06Z', 'updatedAt': '2022-10-19T16:41:06Z'}}, 'canReply': True, 'totalReplyCount': 0, 'isPublic': True}",,UCMtNxwH9tmueUfD5y4vmEWQ,2022-10-19T16:41:06Z,O comunismo destruidor corrupto nefasto abominável traidor sem noção está como fumaca so redor das nossas fronteiras como um aviso aos brasileiros não sejam estúpidos desinteligente imbecis indolentes nescios como nós da Argentina da Venezuela de cuba da Colômbia e do Chile e vejam como nossas alegrias nossas festas nossas oracoes nosso futuro nossos filhos nossas famílias pedindo um pedaço de pão por que nós estamos pagando com nossas vidas um erro tão grande e os brasileiros não deixem homens comunistas esquerdistas socialistas pois fomos enganados por traidores da pátria família em Jesus Cristo .,QURTSl9pMTJxQXpJbW4ta2ZCTzV2Z1NtMHpORnR4NUk5RnlYakE2LTduWXNfMVpVdUc0dTRrdmRIVXREYXVuM1NHUTdWVXpxRHEzT211UQ==,2023-06-09 05:42:52.104148
youtube#commentThread,SebUipLz4DJzf5k5_B5ab5miF0k,UgwGL2doROTWeweF3a14AaABAg,"{'videoId': 'SFubem2H08c', 'topLevelComment': {'kind': 'youtube#comment', 'etag': 'EJkbZxPz4CyUfrP3-47_idHzrCM', 'id': 'UgwGL2doROTWeweF3a14AaABAg', 'snippet': {'videoId': 'SFubem2H08c', 'textDisplay': 'Ainda temos chance de não cair nesse armadilha do Socialismo que estão querendo implantar no Brasil.', 'textOriginal': 'Ainda temos chance de não cair nesse armadilha do Socialismo que estão querendo implantar no Brasil.', 'authorDisplayName': 'Rogerio Ferreira', 'authorProfileImageUrl': 'https://yt3.ggpht.com/ytc/AGIKgqOmTIBbc1unhy2t4Bdcb69eqKBX9W-ugqbunenNGHgYwTvE0kHDOktF3Cn4mpI6=s48-c-k-c0x00ffffff-no-rj', 'authorChannelUrl': 'http://www.youtube.com/channel/UCHcu_zQNvO6H794-IpUKNxw', 'authorChannelId': {'value': 'UCHcu_zQNvO6H794-IpUKNxw'}, 'canRate': True, 'viewerRating': 'none', 'likeCount': 0, 'publishedAt': '2022-10-19T16:36:36Z', 'updatedAt': '2022-10-19T16:36:36Z'}}, 'canReply': True, 'totalReplyCount': 0, 'isPublic': True}",,UCHcu_zQNvO6H794-IpUKNxw,2022-10-19T16:36:36Z,Ainda temos chance de não cair nesse armadilha do Socialismo que estão querendo implantar no Brasil.,QURTSl9pMTJxQXpJbW4ta2ZCTzV2Z1NtMHpORnR4NUk5RnlYakE2LTduWXNfMVpVdUc0dTRrdmRIVXREYXVuM1NHUTdWVXpxRHEzT211UQ==,2023-06-09 05:42:52.104148
youtube#commentThread,vAQeM-dvxBSA8WBsJGnc3v22aY0,UgxD9DuJ2reyaotaSC54AaABAg,"{'videoId': 'SFubem2H08c', 'topLevelComment': {'kind': 'youtube#comment', 'etag': 'L11V9RWA424WKDq_PCgDlxHbS4s', 'id': 'UgxD9DuJ2reyaotaSC54AaABAg', 'snippet': {'videoId': 'SFubem2H08c', 'textDisplay': 'Esquerda da certo sim pode confiar.', 'textOriginal': 'Esquerda da certo sim pode confiar.', 'authorDisplayName': 'G.B.L', 'authorProfileImageUrl': 'https://yt3.ggpht.com/ytc/AGIKgqMOnUYmXxrysUiYkuLozGvuukX_smv6NoDC1gAsrg=s48-c-k-c0x00ffffff-no-rj', 'authorChannelUrl': 'http://www.youtube.com/channel/UCIk8RlDcUmr8rV3KsDxfx9g', 'authorChannelId': {'value': 'UCIk8RlDcUmr8rV3KsDxfx9g'}, 'canRate': True, 'viewerRating': 'none', 'likeCount': 0, 'publishedAt': '2022-10-19T16:35:00Z', 'updatedAt': '2022-10-19T16:35:00Z'}}, 'canReply': True, 'totalReplyCount': 0, 'isPublic': True}",,UCIk8RlDcUmr8rV3KsDxfx9g,2022-10-19T16:35:00Z,Esquerda da certo sim pode confiar.,QURTSl9pMTJxQXpJbW4ta2ZCTzV2Z1NtMHpORnR4NUk5RnlYakE2LTduWXNfMVpVdUc0dTRrdmRIVXREYXVuM1NHUTdWVXpxRHEzT211UQ==,2023-06-09 05:42:52.104148
youtube#commentThread,v45WIkZk4NlcO_hw1XAQtoViqSc,Ugzl2dCx58cRL4XEDod4AaABAg,"{'videoId': 'SFubem2H08c', 'topLevelComment': {'kind': 'youtube#comment', 'etag': 'ff3s_KW3dlkyTw57ftbGLSdukxs', 'id': 'Ugzl2dCx58cRL4XEDod4AaABAg', 'snippet': {'videoId': 'SFubem2H08c', 'textDisplay': 'Boa Chile,  agora só falta o Brasil mudar sua bandeira para vermelho e colocar o ex presidiário na presidência e afundar juntamente com todos os países da região  ! Uhuuuuuuu partiu ser pobreeeee', 'textOriginal': 'Boa Chile,  agora só falta o Brasil mudar sua bandeira para vermelho e colocar o ex presidiário na presidência e afundar juntamente com todos os países da região  ! Uhuuuuuuu partiu ser pobreeeee', 'authorDisplayName': 'Renan Yves', 'authorProfileImageUrl': 'https://yt3.ggpht.com/ytc/AGIKgqPQ9TPNoq7Nf_QB3W_9HQvaowEyXQxigIjl9w=s48-c-k-c0x00ffffff-no-rj', 'authorChannelUrl': 'http://www.youtube.com/channel/UCeCzSwVN32VeJOj4EJ23ncQ', 'authorChannelId': {'value': 'UCeCzSwVN32VeJOj4EJ23ncQ'}, 'canRate': True, 'viewerRating': 'none', 'likeCount': 0, 'publishedAt': '2022-10-19T16:31:35Z', 'updatedAt': '2022-10-19T16:31:35Z'}}, 'canReply': True, 'totalReplyCount': 0, 'isPublic': True}",,UCeCzSwVN32VeJOj4EJ23ncQ,2022-10-19T16:31:35Z,"Boa Chile,  agora só falta o Brasil mudar sua bandeira para vermelho e colocar o ex presidiário na presidência e afundar juntamente com todos os países da região  ! Uhuuuuuuu partiu ser pobreeeee",QURTSl9pMTJxQXpJbW4ta2ZCTzV2Z1NtMHpORnR4NUk5RnlYakE2LTduWXNfMVpVdUc0dTRrdmRIVXREYXVuM1NHUTdWVXpxRHEzT211UQ==,2023-06-09 05:42:52.104148
youtube#commentThread,wohXXYRhH_r2TQ4ukKPnxTOW76Q,UgxLhJLZXZ1CFNuuAXx4AaABAg,"{'videoId': 'SFubem2H08c', 'topLevelComment': {'kind': 'youtube#comment', 'etag': 'h-ZrleZPz-SlfHYDrAo0k5XOHh8', 'id': 'UgxLhJLZXZ1CFNuuAXx4AaABAg', 'snippet': {'videoId': 'SFubem2H08c', 'textDisplay': 'Isso não é novidade... A Esquerda promete o &quot;paraíso&quot;, mas entrega sempre o inferno... Coitados dos venezuelanos e dos argentinos que ainda caíram na conversa fiada da Esquerda de lá... Parece que nós, brasileiros, aprendemos a lição e não pretendemos mais cair nesse canto de sereia socialista-comunista criminosamente sem futuro.', 'textOriginal': 'Isso não é novidade... A Esquerda promete o ""paraíso"", mas entrega sempre o inferno... Coitados dos venezuelanos e dos argentinos que ainda caíram na conversa fiada da Esquerda de lá... Parece que nós, brasileiros, aprendemos a lição e não pretendemos mais cair nesse canto de sereia socialista-comunista criminosamente sem futuro.', 'authorDisplayName': 'tony rossas', 'authorProfileImageUrl': 'https://yt3.ggpht.com/ytc/AGIKgqPCAsu4j0QOA7iYjg1TOPbHpX-Z_kJPKFNXVQ=s48-c-k-c0x00ffffff-no-rj', 'authorChannelUrl': 'http://www.youtube.com/channel/UCSmyudwiX8jziWQeOjZOTdw', 'authorChannelId': {'value': 'UCSmyudwiX8jziWQeOjZOTdw'}, 'canRate': True, 'viewerRating': 'none', 'likeCount': 0, 'publishedAt': '2022-10-19T16:30:39Z', 'updatedAt': '2022-10-19T16:30:39Z'}}, 'canReply': True, 'totalReplyCount': 0, 'isPublic': True}",,UCSmyudwiX8jziWQeOjZOTdw,2022-10-19T16:30:39Z,"Isso não é novidade... A Esquerda promete o ""paraíso"", mas entrega sempre o inferno... Coitados dos venezuelanos e dos argentinos que ainda caíram na conversa fiada da Esquerda de lá... Parece que nós, brasileiros, aprendemos a lição e não pretendemos mais cair nesse canto de sereia socialista-comunista criminosamente sem futuro.",QURTSl9pMTJxQXpJbW4ta2ZCTzV2Z1NtMHpORnR4NUk5RnlYakE2LTduWXNfMVpVdUc0dTRrdmRIVXREYXVuM1NHUTdWVXpxRHEzT211UQ==,2023-06-09 05:42:52.104148
youtube#commentThread,-m4ORc2ors1N6ZtlR83DBzmUkuw,Ugxrj95-NN0gxT4qt4R4AaABAg,"{'videoId': 'SFubem2H08c', 'topLevelComment': {'kind': 'youtube#comment', 'etag': 'qy_KRc_mA5lmW0Z3ysKPGHGlWkQ', 'id': 'Ugxrj95-NN0gxT4qt4R4AaABAg', 'snippet': {'videoId': 'SFubem2H08c', 'textDisplay': 'Pt não governa, pt (partido dos trambiqueiros) desgoverna e só rouba. Iremos logo logo está no ranking da miséria', 'textOriginal': 'Pt não governa, pt (partido dos trambiqueiros) desgoverna e só rouba. Iremos logo logo está no ranking da miséria', 'authorDisplayName': 'Simplesmente eu', 'authorProfileImageUrl': 'https://yt3.ggpht.com/cvlg64ObMgZ6uQKVenAYrU-gSNgLhS4E4YpKQrgG75R6QCgJc5MHkJ64ULNhOp14mWctml-s=s48-c-k-c0x00ffffff-no-rj', 'authorChannelUrl': 'http://www.youtube.com/channel/UC3ERXMO-Z4-tsMi9-Kk2jlQ', 'authorChannelId': {'value': 'UC3ERXMO-Z4-tsMi9-Kk2jlQ'}, 'canRate': True, 'viewerRating': 'none', 'likeCount': 0, 'publishedAt': '2022-10-19T16:30:13Z', 'updatedAt': '2022-10-19T16:30:13Z'}}, 'canReply': True, 'totalReplyCount': 0, 'isPublic': True}",,UC3ERXMO-Z4-tsMi9-Kk2jlQ,2022-10-19T16:30:13Z,"Pt não governa, pt (partido dos trambiqueiros) desgoverna e só rouba. Iremos logo logo está no ranking da miséria",QURTSl9pMTJxQXpJbW4ta2ZCTzV2Z1NtMHpORnR4NUk5RnlYakE2LTduWXNfMVpVdUc0dTRrdmRIVXREYXVuM1NHUTdWVXpxRHEzT211UQ==,2023-06-09 05:42:52.104148
youtube#commentThread,U8ImPwZCUMZeM9wHDKYL6Q7r5D8,UgxmYIjhUO_lZD5feRV4AaABAg,"{'videoId': 'SFubem2H08c', 'topLevelComment': {'kind': 'youtube#comment', 'etag': 'e9GgsTtAiX_Occ1JLRyIJ4D-4ew', 'id': 'UgxmYIjhUO_lZD5feRV4AaABAg', 'snippet': {'videoId': 'SFubem2H08c', 'textDisplay': 'Cabeça de esquerdistas é igual caixa preta de avião, só abre depois que a merda já tá feita.', 'textOriginal': 'Cabeça de esquerdistas é igual caixa preta de avião, só abre depois que a merda já tá feita.', 'authorDisplayName': 'patriota brasileiro da silva', 'authorProfileImageUrl': 'https://yt3.ggpht.com/FgSKEMmDzUmzt49m8Kr-uxyoWJvbtiQLKAATdr1UvcqspNzYUwyHM3q05VFgi2qpI2jrRimd=s48-c-k-c0x00ffffff-no-rj', 'authorChannelUrl': 'http://www.youtube.com/channel/UC9nHLVM3GcImH4WdugZ2baQ', 'authorChannelId': {'value': 'UC9nHLVM3GcImH4WdugZ2baQ'}, 'canRate': True, 'viewerRating': 'none', 'likeCount': 0, 'publishedAt': '2022-10-19T16:29:23Z', 'updatedAt': '2022-10-19T16:29:23Z'}}, 'canReply': True, 'totalReplyCount': 0, 'isPublic': True}",,UC9nHLVM3GcImH4WdugZ2baQ,2022-10-19T16:29:23Z,"Cabeça de esquerdistas é igual caixa preta de avião, só abre depois que a merda já tá feita.",QURTSl9pMTJxQXpJbW4ta2ZCTzV2Z1NtMHpORnR4NUk5RnlYakE2LTduWXNfMVpVdUc0dTRrdmRIVXREYXVuM1NHUTdWVXpxRHEzT211UQ==,2023-06-09 05:42:52.104148
youtube#commentThread,hUwGXFmDpuCJi6c8sPIrPqMVPzg,UgyHkzTjA7MG747ZyZx4AaABAg,"{'videoId': 'SFubem2H08c', 'topLevelComment': {'kind': 'youtube#comment', 'etag': 'Lys1AjrXjSO2xgvjpD0_BhbR8E4', 'id': 'UgyHkzTjA7MG747ZyZx4AaABAg', 'snippet': {'videoId': 'SFubem2H08c', 'textDisplay': 'Acorda povo brasileiro se o cachaceiro voltar é isso vai acontecer aqui .', 'textOriginal': 'Acorda povo brasileiro se o cachaceiro voltar é isso vai acontecer aqui .', 'authorDisplayName': 'claudia simoni de assis', 'authorProfileImageUrl': 'https://yt3.ggpht.com/ytc/AGIKgqPaUW7SeFdzrhlozxW4bxBE0cX4UhKe-m1QnA=s48-c-k-c0x00ffffff-no-rj', 'authorChannelUrl': 'http://www.youtube.com/channel/UCsXviiOVay-_FkmQVxZBqYg', 'authorChannelId': {'value': 'UCsXviiOVay-_FkmQVxZBqYg'}, 'canRate': True, 'viewerRating': 'none', 'likeCount': 0, 'publishedAt': '2022-10-19T16:29:18Z', 'updatedAt': '2022-10-19T16:29:18Z'}}, 'canReply': True, 'totalReplyCount': 0, 'isPublic': True}",,UCsXviiOVay-_FkmQVxZBqYg,2022-10-19T16:29:18Z,Acorda povo brasileiro se o cachaceiro voltar é isso vai acontecer aqui .,QURTSl9pMTJxQXpJbW4ta2ZCTzV2Z1NtMHpORnR4NUk5RnlYakE2LTduWXNfMVpVdUc0dTRrdmRIVXREYXVuM1NHUTdWVXpxRHEzT211UQ==,2023-06-09 05:42:52.104148
youtube#commentThread,OCG1EcJ_9JG_6rZTb4vV6RHLO6s,Ugy2pfSwo-wbZR7IEgd4AaABAg,"{'videoId': 'SFubem2H08c', 'topLevelComment': {'kind': 'youtube#comment', 'etag': '5qJZkh4FsJ0ASjb0amu0vRLqFxw', 'id': 'Ugy2pfSwo-wbZR7IEgd4AaABAg', 'snippet': {'videoId': 'SFubem2H08c', 'textDisplay': '👍👍👍', 'textOriginal': '👍👍👍', 'authorDisplayName': 'Evannio Cerqueira', 'authorProfileImageUrl': 'https://yt3.ggpht.com/ytc/AGIKgqOGkDp3YPoUmZcFX3CArEZXn-5kx-hglHDh6w=s48-c-k-c0x00ffffff-no-rj', 'authorChannelUrl': 'http://www.youtube.com/channel/UClMNRx4qy4rIOgK_sOIxqzA', 'authorChannelId': {'value': 'UClMNRx4qy4rIOgK_sOIxqzA'}, 'canRate': True, 'viewerRating': 'none', 'likeCount': 0, 'publishedAt': '2022-10-19T16:29:15Z', 'updatedAt': '2022-10-19T16:29:15Z'}}, 'canReply': True, 'totalReplyCount': 0, 'isPublic': True}",,UClMNRx4qy4rIOgK_sOIxqzA,2022-10-19T16:29:15Z,👍👍👍,QURTSl9pMTJxQXpJbW4ta2ZCTzV2Z1NtMHpORnR4NUk5RnlYakE2LTduWXNfMVpVdUc0dTRrdmRIVXREYXVuM1NHUTdWVXpxRHEzT211UQ==,2023-06-09 05:42:52.104148
youtube#commentThread,-EIn8NQHTxyLZSf9jt1DtLPBjKc,Ugz9q3kWdDqsnfyf6dx4AaABAg,"{'videoId': 'SFubem2H08c', 'topLevelComment': {'kind': 'youtube#comment', 'etag': 'emLmLrom0L83eKGzBSwb_Ii0b5s', 'id': 'Ugz9q3kWdDqsnfyf6dx4AaABAg', 'snippet': {'videoId': 'SFubem2H08c', 'textDisplay': 'O Chile nos serve de aviso . Que não sigamos o mesmo caminho', 'textOriginal': 'O Chile nos serve de aviso . Que não sigamos o mesmo caminho', 'authorDisplayName': 'mv pd', 'authorProfileImageUrl': 'https://yt3.ggpht.com/ytc/AGIKgqPXgRi7qztoQEiRqnYzPGltN-_PqJTzPRNfPuI2tA=s48-c-k-c0x00ffffff-no-rj', 'authorChannelUrl': 'http://www.youtube.com/channel/UC04pBQFk7_B1nzM7rYEbyFw', 'authorChannelId': {'value': 'UC04pBQFk7_B1nzM7rYEbyFw'}, 'canRate': True, 'viewerRating': 'none', 'likeCount': 0, 'publishedAt': '2022-10-19T16:27:32Z', 'updatedAt': '2022-10-19T16:27:32Z'}}, 'canReply': True, 'totalReplyCount': 0, 'isPublic': True}",,UC04pBQFk7_B1nzM7rYEbyFw,2022-10-19T16:27:32Z,O Chile nos serve de aviso . Que não sigamos o mesmo caminho,QURTSl9pMTJxQXpJbW4ta2ZCTzV2Z1NtMHpORnR4NUk5RnlYakE2LTduWXNfMVpVdUc0dTRrdmRIVXREYXVuM1NHUTdWVXpxRHEzT211UQ==,2023-06-09 05:42:52.104148
youtube#commentThread,-8LW1qIFO2fwTI9XhJeaTg6Kd0Q,UgzVdHdqhxsb4CDrC2B4AaABAg,"{'videoId': 'SFubem2H08c', 'topLevelComment': {'kind': 'youtube#comment', 'etag': 'Rsl5Rua1blf49_vdgMbyB9bIB7Y', 'id': 'UgzVdHdqhxsb4CDrC2B4AaABAg', 'snippet': {'videoId': 'SFubem2H08c', 'textDisplay': 'Vão lá votem no 13 pra ver o que vai acontecer aqui, não cabe mais estes imbecis governando com esta cabeça de M e com a corrupção e bandidagem.', 'textOriginal': 'Vão lá votem no 13 pra ver o que vai acontecer aqui, não cabe mais estes imbecis governando com esta cabeça de M e com a corrupção e bandidagem.', 'authorDisplayName': 'Marcelo Cervantes', 'authorProfileImageUrl': 'https://yt3.ggpht.com/ytc/AGIKgqPQ5u9P-Ca8pbYZ4cLG8qqMC86haGEQOFeKyQ=s48-c-k-c0x00ffffff-no-rj', 'authorChannelUrl': 'http://www.youtube.com/channel/UCDbHQV6xFtRYoOsCvk1zDaw', 'authorChannelId': {'value': 'UCDbHQV6xFtRYoOsCvk1zDaw'}, 'canRate': True, 'viewerRating': 'none', 'likeCount': 0, 'publishedAt': '2022-10-19T16:21:26Z', 'updatedAt': '2022-10-19T16:21:26Z'}}, 'canReply': True, 'totalReplyCount': 0, 'isPublic': True}",,UCDbHQV6xFtRYoOsCvk1zDaw,2022-10-19T16:21:26Z,"Vão lá votem no 13 pra ver o que vai acontecer aqui, não cabe mais estes imbecis governando com esta cabeça de M e com a corrupção e bandidagem.",QURTSl9pMTJxQXpJbW4ta2ZCTzV2Z1NtMHpORnR4NUk5RnlYakE2LTduWXNfMVpVdUc0dTRrdmRIVXREYXVuM1NHUTdWVXpxRHEzT211UQ==,2023-06-09 05:42:52.104148
youtube#commentThread,uHePQUl4qOrUvjceq6gKzR8Up88,Ugwc3yb0o8xo-MRL5Px4AaABAg,"{'videoId': 'SFubem2H08c', 'topLevelComment': {'kind': 'youtube#comment', 'etag': 'zfowx4nhuYnvt9g9EsNMYjkG8YY', 'id': 'Ugwc3yb0o8xo-MRL5Px4AaABAg', 'snippet': {'videoId': 'SFubem2H08c', 'textDisplay': 'Não tenho dó de que vota em comunistas. Quem faz isso tem que se ferrar mesmo.', 'textOriginal': 'Não tenho dó de que vota em comunistas. Quem faz isso tem que se ferrar mesmo.', 'authorDisplayName': 'Nilson Evangelista', 'authorProfileImageUrl': 'https://yt3.ggpht.com/rs9i5mW3Oan_9gM17NTGtSBF5N998LCDmrjlg9Ri3EL0SrCIuYo-IQ7UWufmgXSvoDh0Kbq-rQ=s48-c-k-c0x00ffffff-no-rj', 'authorChannelUrl': 'http://www.youtube.com/channel/UC3EDXRlbaDirqTY9V7dbjfw', 'authorChannelId': {'value': 'UC3EDXRlbaDirqTY9V7dbjfw'}, 'canRate': True, 'viewerRating': 'none', 'likeCount': 0, 'publishedAt': '2022-10-19T16:19:50Z', 'updatedAt': '2022-10-19T16:19:50Z'}}, 'canReply': True, 'totalReplyCount': 0, 'isPublic': True}",,UC3EDXRlbaDirqTY9V7dbjfw,2022-10-19T16:19:50Z,Não tenho dó de que vota em comunistas. Quem faz isso tem que se ferrar mesmo.,QURTSl9pMTJxQXpJbW4ta2ZCTzV2Z1NtMHpORnR4NUk5RnlYakE2LTduWXNfMVpVdUc0dTRrdmRIVXREYXVuM1NHUTdWVXpxRHEzT211UQ==,2023-06-09 05:42:52.104148
youtube#commentThread,IiLU5xcSug2OFKfQnC6gF1dCvRg,UgyMt6GeFHyrUIdjwmV4AaABAg,"{'videoId': 'SFubem2H08c', 'topLevelComment': {'kind': 'youtube#comment', 'etag': 'Slf4OQ7VpfNXJS61DYly_JrOxbk', 'id': 'UgyMt6GeFHyrUIdjwmV4AaABAg', 'snippet': {'videoId': 'SFubem2H08c', 'textDisplay': 'O que a esquerda toca arrebenta. Se o Partido das Trevas voltar ao poder teremos com o passar do tempo o mesmo destino da Venezuela, do Chile, etc.', 'textOriginal': 'O que a esquerda toca arrebenta. Se o Partido das Trevas voltar ao poder teremos com o passar do tempo o mesmo destino da Venezuela, do Chile, etc.', 'authorDisplayName': 'ANA MARIA', 'authorProfileImageUrl': 'https://yt3.ggpht.com/ytc/AGIKgqNPaHWYZ0mQeQD54aQIQyQqvJ9Vd8yzQdhK=s48-c-k-c0x00ffffff-no-rj', 'authorChannelUrl': 'http://www.youtube.com/channel/UCYwYcnEC5gWrXsWXr9etU2Q', 'authorChannelId': {'value': 'UCYwYcnEC5gWrXsWXr9etU2Q'}, 'canRate': True, 'viewerRating': 'none', 'likeCount': 0, 'publishedAt': '2022-10-19T16:09:46Z', 'updatedAt': '2022-10-19T16:09:46Z'}}, 'canReply': True, 'totalReplyCount': 0, 'isPublic': True}",,UCYwYcnEC5gWrXsWXr9etU2Q,2022-10-19T16:09:46Z,"O que a esquerda toca arrebenta. Se o Partido das Trevas voltar ao poder teremos com o passar do tempo o mesmo destino da Venezuela, do Chile, etc.",QURTSl9pMTJxQXpJbW4ta2ZCTzV2Z1NtMHpORnR4NUk5RnlYakE2LTduWXNfMVpVdUc0dTRrdmRIVXREYXVuM1NHUTdWVXpxRHEzT211UQ==,2023-06-09 05:42:52.104148
youtube#commentThread,ILAEUw36UHBcwsPIn1POs7jG0XY,UgxE8i9P3OM_uWrvE3h4AaABAg,"{'videoId': 'SFubem2H08c', 'topLevelComment': {'kind': 'youtube#comment', 'etag': 'SQ4sAKIy-9UtvAd7h4PGAFrpgkM', 'id': 'UgxE8i9P3OM_uWrvE3h4AaABAg', 'snippet': {'videoId': 'SFubem2H08c', 'textDisplay': 'Governo de esquerda da nisso', 'textOriginal': 'Governo de esquerda da nisso', 'authorDisplayName': 'Ramon A', 'authorProfileImageUrl': 'https://yt3.ggpht.com/ytc/AGIKgqOTTPvfdeR3S-SpdV_FA8vQyQ7LHh5RPq3kqswSZpo4qfuP2sCSuL4oPMxkZg0O=s48-c-k-c0x00ffffff-no-rj', 'authorChannelUrl': 'http://www.youtube.com/channel/UCcSKnqCCXCQx0ILBI8UHV5g', 'authorChannelId': {'value': 'UCcSKnqCCXCQx0ILBI8UHV5g'}, 'canRate': True, 'viewerRating': 'none', 'likeCount': 0, 'publishedAt': '2022-10-19T16:08:01Z', 'updatedAt': '2022-10-19T16:08:01Z'}}, 'canReply': True, 'totalReplyCount': 0, 'isPublic': True}",,UCcSKnqCCXCQx0ILBI8UHV5g,2022-10-19T16:08:01Z,Governo de esquerda da nisso,QURTSl9pMTJxQXpJbW4ta2ZCTzV2Z1NtMHpORnR4NUk5RnlYakE2LTduWXNfMVpVdUc0dTRrdmRIVXREYXVuM1NHUTdWVXpxRHEzT211UQ==,2023-06-09 05:42:52.104148
youtube#commentThread,8-49itfYOhTB-x0Cq8UXtCcRXgU,Ugz43E54Jr9Sb1LvI0B4AaABAg,"{'videoId': 'SFubem2H08c', 'topLevelComment': {'kind': 'youtube#comment', 'etag': 'z5KqgYtQi66oMFQuKfKBFMuMRq8', 'id': 'Ugz43E54Jr9Sb1LvI0B4AaABAg', 'snippet': {'videoId': 'SFubem2H08c', 'textDisplay': 'Ana Paula, adoro seus comentários e sua coragem! 👏👏👏👏👏', 'textOriginal': 'Ana Paula, adoro seus comentários e sua coragem! 👏👏👏👏👏', 'authorDisplayName': 'Elizabeth Cazes', 'authorProfileImageUrl': 'https://yt3.ggpht.com/ytc/AGIKgqPNnUWjj29RR3tpGezQkaz3SHFu7sNXuai-6bwH3K_PJ76rgPlSyTr3lkgJqweF=s48-c-k-c0x00ffffff-no-rj', 'authorChannelUrl': 'http://www.youtube.com/channel/UCF-Q3J5nKaKCOEIAsb5JAqw', 'authorChannelId': {'value': 'UCF-Q3J5nKaKCOEIAsb5JAqw'}, 'canRate': True, 'viewerRating': 'none', 'likeCount': 1, 'publishedAt': '2022-10-19T16:07:11Z', 'updatedAt': '2022-10-19T16:07:11Z'}}, 'canReply': True, 'totalReplyCount': 0, 'isPublic': True}",,UCF-Q3J5nKaKCOEIAsb5JAqw,2022-10-19T16:07:11Z,"Ana Paula, adoro seus comentários e sua coragem! 👏👏👏👏👏",QURTSl9pMTJxQXpJbW4ta2ZCTzV2Z1NtMHpORnR4NUk5RnlYakE2LTduWXNfMVpVdUc0dTRrdmRIVXREYXVuM1NHUTdWVXpxRHEzT211UQ==,2023-06-09 05:42:52.104148
youtube#commentThread,1GC9qgGoWFB49LY5iumsdBpnOv0,UgxMbb4vByVdWOtfu2x4AaABAg,"{'videoId': 'SFubem2H08c', 'topLevelComment': {'kind': 'youtube#comment', 'etag': 'K3dMBDzNIEDVvU7dcG_A9ZKL3h0', 'id': 'UgxMbb4vByVdWOtfu2x4AaABAg', 'snippet': {'videoId': 'SFubem2H08c', 'textDisplay': 'Ontem foi dia de saqueios e destruição em Santiago<br>Estavam comemorando os 3 anos do estalido social affff', 'textOriginal': 'Ontem foi dia de saqueios e destruição em Santiago\\nEstavam comemorando os 3 anos do estalido social affff', 'authorDisplayName': 'geni gomes', 'authorProfileImageUrl': 'https://yt3.ggpht.com/ytc/AGIKgqMDcNF3rY8Htg3uj6pPGCuHeVCa0N6jc57tgg=s48-c-k-c0x00ffffff-no-rj', 'authorChannelUrl': 'http://www.youtube.com/channel/UC8jNlAm_D8XLhUALm_mJcYA', 'authorChannelId': {'value': 'UC8jNlAm_D8XLhUALm_mJcYA'}, 'canRate': True, 'viewerRating': 'none', 'likeCount': 1, 'publishedAt': '2022-10-19T15:57:00Z', 'updatedAt': '2022-10-19T15:57:00Z'}}, 'canReply': True, 'totalReplyCount': 0, 'isPublic': True}",,UC8jNlAm_D8XLhUALm_mJcYA,2022-10-19T15:57:00Z,"Ontem foi dia de saqueios e destruição em Santiago
Estavam comemorando os 3 anos do estalido social affff",QURTSl9pMTJxQXpJbW4ta2ZCTzV2Z1NtMHpORnR4NUk5RnlYakE2LTduWXNfMVpVdUc0dTRrdmRIVXREYXVuM1NHUTdWVXpxRHEzT211UQ==,2023-06-09 05:42:52.104148
youtube#commentThread,COizLSwNhnagD2v5Oecp2MASpZc,UgzDcFqdnXZZ-I3r9cN4AaABAg,"{'videoId': 'SFubem2H08c', 'topLevelComment': {'kind': 'youtube#comment', 'etag': 'MioZVxJslCQMXdHVmkgFNUJxqkw', 'id': 'UgzDcFqdnXZZ-I3r9cN4AaABAg', 'snippet': {'videoId': 'SFubem2H08c', 'textDisplay': 'Lembrem do tamanho da abstenção nas eleições do Chile, os isentões estão chorando hoje e querendo impeachment, mais na hora de votar se acorvadaram', 'textOriginal': 'Lembrem do tamanho da abstenção nas eleições do Chile, os isentões estão chorando hoje e querendo impeachment, mais na hora de votar se acorvadaram', 'authorDisplayName': 'Loja Zine', 'authorProfileImageUrl': 'https://yt3.ggpht.com/mDCWELdfJKTe0gtRtWVl4t8RmXnWNoYGVkVVe7CPBNbE3x3kL_FawLgO4enGumOLM1nZTo4gClc=s48-c-k-c0x00ffffff-no-rj', 'authorChannelUrl': 'http://www.youtube.com/channel/UCwTIu-Irzxv8KgvkbWbWzVg', 'authorChannelId': {'value': 'UCwTIu-Irzxv8KgvkbWbWzVg'}, 'canRate': True, 'viewerRating': 'none', 'likeCount': 0, 'publishedAt': '2022-10-19T15:56:55Z', 'updatedAt': '2022-10-19T15:56:55Z'}}, 'canReply': True, 'totalReplyCount': 0, 'isPublic': True}",,UCwTIu-Irzxv8KgvkbWbWzVg,2022-10-19T15:56:55Z,"Lembrem do tamanho da abstenção nas eleições do Chile, os isentões estão chorando hoje e querendo impeachment, mais na hora de votar se acorvadaram",QURTSl9pMTJxQXpJbW4ta2ZCTzV2Z1NtMHpORnR4NUk5RnlYakE2LTduWXNfMVpVdUc0dTRrdmRIVXREYXVuM1NHUTdWVXpxRHEzT211UQ==,2023-06-09 05:42:52.104148
youtube#commentThread,yNv7L_QmQfLh2jqHbM2nX5gF1RY,UgzhDnTHFoKlFZ3bRL14AaABAg,"{'videoId': 'SFubem2H08c', 'topLevelComment': {'kind': 'youtube#comment', 'etag': 'BC9xk9i8JUhntGrQ-_UIZOWz60A', 'id': 'UgzhDnTHFoKlFZ3bRL14AaABAg', 'snippet': {'videoId': 'SFubem2H08c', 'textDisplay': 'Vcs agora devem fazerbreportagens massivas sobre a crise nos paises governados pela esquerda.', 'textOriginal': 'Vcs agora devem fazerbreportagens massivas sobre a crise nos paises governados pela esquerda.', 'authorDisplayName': 'Rafael Luis', 'authorProfileImageUrl': 'https://yt3.ggpht.com/ytc/AGIKgqNK3fng4dRv2VQ0cYR8ws66MjFQvsdzS-mEPueaCEc=s48-c-k-c0x00ffffff-no-rj', 'authorChannelUrl': 'http://www.youtube.com/channel/UCZNCbIY8clBjNlt2OZoCMzg', 'authorChannelId': {'value': 'UCZNCbIY8clBjNlt2OZoCMzg'}, 'canRate': True, 'viewerRating': 'none', 'likeCount': 1, 'publishedAt': '2022-10-19T15:56:18Z', 'updatedAt': '2022-10-19T15:56:18Z'}}, 'canReply': True, 'totalReplyCount': 0, 'isPublic': True}",,UCZNCbIY8clBjNlt2OZoCMzg,2022-10-19T15:56:18Z,Vcs agora devem fazerbreportagens massivas sobre a crise nos paises governados pela esquerda.,QURTSl9pMTJxQXpJbW4ta2ZCTzV2Z1NtMHpORnR4NUk5RnlYakE2LTduWXNfMVpVdUc0dTRrdmRIVXREYXVuM1NHUTdWVXpxRHEzT211UQ==,2023-06-09 05:42:52.104148
youtube#commentThread,12G0CBvwNBaqHmkwN2ui3ki12b8,UgycC9tnvpN_tm9k1nF4AaABAg,"{'videoId': 'SFubem2H08c', 'topLevelComment': {'kind': 'youtube#comment', 'etag': '1aHF4mPre4X0Tj-qPUCXLvUtqO0', 'id': 'UgycC9tnvpN_tm9k1nF4AaABAg', 'snippet': {'videoId': 'SFubem2H08c', 'textDisplay': 'Esquerda destrói tudo !! Esquerda deve ser exterminada', 'textOriginal': 'Esquerda destrói tudo !! Esquerda deve ser exterminada', 'authorDisplayName': 'Daniel Sousa', 'authorProfileImageUrl': 'https://yt3.ggpht.com/ytc/AGIKgqNQA41jrawr5vPXn3dGScADTfPQfBLtF_dgoXR-mg=s48-c-k-c0x00ffffff-no-rj', 'authorChannelUrl': 'http://www.youtube.com/channel/UCixO--xihqSXhAH_XbrhRoQ', 'authorChannelId': {'value': 'UCixO--xihqSXhAH_XbrhRoQ'}, 'canRate': True, 'viewerRating': 'none', 'likeCount': 0, 'publishedAt': '2022-10-19T15:53:59Z', 'updatedAt': '2022-10-19T15:53:59Z'}}, 'canReply': True, 'totalReplyCount': 0, 'isPublic': True}",,UCixO--xihqSXhAH_XbrhRoQ,2022-10-19T15:53:59Z,Esquerda destrói tudo !! Esquerda deve ser exterminada,QURTSl9pMTJxQXpJbW4ta2ZCTzV2Z1NtMHpORnR4NUk5RnlYakE2LTduWXNfMVpVdUc0dTRrdmRIVXREYXVuM1NHUTdWVXpxRHEzT211UQ==,2023-06-09 05:42:52.104148
youtube#commentThread,7PFkWkf1RlIYA5dn2YtP0p1wlfM,UgyzqaX2MP94ztkj1o54AaABAg,"{'videoId': 'SFubem2H08c', 'topLevelComment': {'kind': 'youtube#comment', 'etag': 'hI5Dru1-zaUP-z5rVKfEEKOrmyQ', 'id': 'UgyzqaX2MP94ztkj1o54AaABAg', 'snippet': {'videoId': 'SFubem2H08c', 'textDisplay': 'Vamos de 22 que muito melhor!', 'textOriginal': 'Vamos de 22 que muito melhor!', 'authorDisplayName': 'Danilo santos Miguel', 'authorProfileImageUrl': 'https://yt3.ggpht.com/ytc/AGIKgqPb6KcgwJwR0kqPuvcbRfqp_24jSe7b1JIf9s1nwQ=s48-c-k-c0x00ffffff-no-rj', 'authorChannelUrl': 'http://www.youtube.com/channel/UCttteN71Nij5iso7A84_vzA', 'authorChannelId': {'value': 'UCttteN71Nij5iso7A84_vzA'}, 'canRate': True, 'viewerRating': 'none', 'likeCount': 1, 'publishedAt': '2022-10-19T15:42:55Z', 'updatedAt': '2022-10-19T15:42:55Z'}}, 'canReply': True, 'totalReplyCount': 0, 'isPublic': True}",,UCttteN71Nij5iso7A84_vzA,2022-10-19T15:42:55Z,Vamos de 22 que muito melhor!,QURTSl9pMTJxQXpJbW4ta2ZCTzV2Z1NtMHpORnR4NUk5RnlYakE2LTduWXNfMVpVdUc0dTRrdmRIVXREYXVuM1NHUTdWVXpxRHEzT211UQ==,2023-06-09 05:42:52.104148
youtube#commentThread,F63AfEYezYIH-3eE0SN1OKO1ke0,Ugw32TjRd1RsFYZ79fx4AaABAg,"{'videoId': 'SFubem2H08c', 'topLevelComment': {'kind': 'youtube#comment', 'etag': '4uR2a-BgALtZH2PDxORnQhrXOVo', 'id': 'Ugw32TjRd1RsFYZ79fx4AaABAg', 'snippet': {'videoId': 'SFubem2H08c', 'textDisplay': 'CHILENOS ESCOLHERAM ERRADO ESTAO PAGANDO AGORA !', 'textOriginal': 'CHILENOS ESCOLHERAM ERRADO ESTAO PAGANDO AGORA !', 'authorDisplayName': 'Rodrigo Mereles', 'authorProfileImageUrl': 'https://yt3.ggpht.com/ytc/AGIKgqN_-dW7mX20APC0KnSrGmbtHmLQM2csANnF1Feb=s48-c-k-c0x00ffffff-no-rj', 'authorChannelUrl': 'http://www.youtube.com/channel/UC9BkrM3zIq2jO-KRYPAzjVQ', 'authorChannelId': {'value': 'UC9BkrM3zIq2jO-KRYPAzjVQ'}, 'canRate': True, 'viewerRating': 'none', 'likeCount': 0, 'publishedAt': '2022-10-19T15:41:19Z', 'updatedAt': '2022-10-19T15:41:19Z'}}, 'canReply': True, 'totalReplyCount': 0, 'isPublic': True}",,UC9BkrM3zIq2jO-KRYPAzjVQ,2022-10-19T15:41:19Z,CHILENOS ESCOLHERAM ERRADO ESTAO PAGANDO AGORA !,QURTSl9pMTJxQXpJbW4ta2ZCTzV2Z1NtMHpORnR4NUk5RnlYakE2LTduWXNfMVpVdUc0dTRrdmRIVXREYXVuM1NHUTdWVXpxRHEzT211UQ==,2023-06-09 05:42:52.104148
youtube#commentThread,D5KLAY9kdS5FsvZ2NMCc8sznhXs,UgxH_5Vv6fy4GTz67Gt4AaABAg,"{'videoId': 'SFubem2H08c', 'topLevelComment': {'kind': 'youtube#comment', 'etag': 'Y3vJq31t3qF7sKii_ZR8om9BNzE', 'id': 'UgxH_5Vv6fy4GTz67Gt4AaABAg', 'snippet': {'videoId': 'SFubem2H08c', 'textDisplay': 'essa e a esquerda guê promete picanha e cerveja para seus eleitores', 'textOriginal': 'essa e a esquerda guê promete picanha e cerveja para seus eleitores', 'authorDisplayName': 'Eduardo Gomes', 'authorProfileImageUrl': 'https://yt3.ggpht.com/ytc/AGIKgqOM5ooMdTRPubhv9eqV3NTI8BcrxMfVwqYQSA=s48-c-k-c0x00ffffff-no-rj', 'authorChannelUrl': 'http://www.youtube.com/channel/UCl7dGbgtmLmy7qWywKvipzw', 'authorChannelId': {'value': 'UCl7dGbgtmLmy7qWywKvipzw'}, 'canRate': True, 'viewerRating': 'none', 'likeCount': 0, 'publishedAt': '2022-10-19T15:40:48Z', 'updatedAt': '2022-10-19T15:40:48Z'}}, 'canReply': True, 'totalReplyCount': 0, 'isPublic': True}",,UCl7dGbgtmLmy7qWywKvipzw,2022-10-19T15:40:48Z,essa e a esquerda guê promete picanha e cerveja para seus eleitores,QURTSl9pMTJxQXpJbW4ta2ZCTzV2Z1NtMHpORnR4NUk5RnlYakE2LTduWXNfMVpVdUc0dTRrdmRIVXREYXVuM1NHUTdWVXpxRHEzT211UQ==,2023-06-09 05:42:52.104148
youtube#commentThread,MhsJnTeKHOOERFj9iiSFoPyZKQA,UgylPsOX49UDUIW0Rjp4AaABAg,"{'videoId': 'SFubem2H08c', 'topLevelComment': {'kind': 'youtube#comment', 'etag': 'o8boqVS_UmaCodn4TzDynBHgd7Q', 'id': 'UgylPsOX49UDUIW0Rjp4AaABAg', 'snippet': {'videoId': 'SFubem2H08c', 'textDisplay': 'Caramba em um ano essas p3stes conseguem acabar com uma nação, tem que ser muito burro pra votar na esquerda.', 'textOriginal': 'Caramba em um ano essas p3stes conseguem acabar com uma nação, tem que ser muito burro pra votar na esquerda.', 'authorDisplayName': 'Thiago S0uZa L', 'authorProfileImageUrl': 'https://yt3.ggpht.com/qG9_gLglDOvzY66sFusLK_NsUg0_2Yp3O-1DQwI-2ShUSSAsC9s6HwUw8EywnzC1s-P0-s8odg=s48-c-k-c0x00ffffff-no-rj', 'authorChannelUrl': 'http://www.youtube.com/channel/UCTZZ9G0p5OlAyccGbCprqaw', 'authorChannelId': {'value': 'UCTZZ9G0p5OlAyccGbCprqaw'}, 'canRate': True, 'viewerRating': 'none', 'likeCount': 0, 'publishedAt': '2022-10-19T15:37:25Z', 'updatedAt': '2022-10-19T15:37:25Z'}}, 'canReply': True, 'totalReplyCount': 0, 'isPublic': True}",,UCTZZ9G0p5OlAyccGbCprqaw,2022-10-19T15:37:25Z,"Caramba em um ano essas p3stes conseguem acabar com uma nação, tem que ser muito burro pra votar na esquerda.",QURTSl9pMTJxQXpJbW4ta2ZCTzV2Z1NtMHpORnR4NUk5RnlYakE2LTduWXNfMVpVdUc0dTRrdmRIVXREYXVuM1NHUTdWVXpxRHEzT211UQ==,2023-06-09 05:42:52.104148
youtube#commentThread,BfefdH6Zpb-mB-Uz99eizOmT6qc,Ugyf9xRycwPw_x3m6vF4AaABAg,"{'videoId': 'SFubem2H08c', 'topLevelComment': {'kind': 'youtube#comment', 'etag': 'R15GMCqgSKWAbzir69ZG1e2j0ys', 'id': 'Ugyf9xRycwPw_x3m6vF4AaABAg', 'snippet': {'videoId': 'SFubem2H08c', 'textDisplay': 'Outro país na miséria com administração da esquerda!', 'textOriginal': 'Outro país na miséria com administração da esquerda!', 'authorDisplayName': 'Lovani Motta', 'authorProfileImageUrl': 'https://yt3.ggpht.com/ytc/AGIKgqMmUS217G4YcpEMn5HTTBuU8iuIAIcuU0F8nR_8UQ=s48-c-k-c0x00ffffff-no-rj', 'authorChannelUrl': 'http://www.youtube.com/channel/UC1wxe24wCNJPpCgrsWSQRVw', 'authorChannelId': {'value': 'UC1wxe24wCNJPpCgrsWSQRVw'}, 'canRate': True, 'viewerRating': 'none', 'likeCount': 0, 'publishedAt': '2022-10-19T15:30:36Z', 'updatedAt': '2022-10-19T15:30:36Z'}}, 'canReply': True, 'totalReplyCount': 0, 'isPublic': True}",,UC1wxe24wCNJPpCgrsWSQRVw,2022-10-19T15:30:36Z,Outro país na miséria com administração da esquerda!,QURTSl9pMTJxQXpJbW4ta2ZCTzV2Z1NtMHpORnR4NUk5RnlYakE2LTduWXNfMVpVdUc0dTRrdmRIVXREYXVuM1NHUTdWVXpxRHEzT211UQ==,2023-06-09 05:42:52.104148
youtube#commentThread,a8d2Z-YR9zwmSdrH-6Nm2jnPXXk,UgxQs_dZlK3jcZBE6Lp4AaABAg,"{'videoId': 'SFubem2H08c', 'topLevelComment': {'kind': 'youtube#comment', 'etag': '1W2LDUGqm9zAq16c8Z4m1cszsH4', 'id': 'UgxQs_dZlK3jcZBE6Lp4AaABAg', 'snippet': {'videoId': 'SFubem2H08c', 'textDisplay': 'Isso é castigo para quem votou na esquerda.', 'textOriginal': 'Isso é castigo para quem votou na esquerda.', 'authorDisplayName': 'SINCERO SEM FRESCURA', 'authorProfileImageUrl': 'https://yt3.ggpht.com/ADIqh6RrRhLdW6JyAA613_v5XLPugxEqQj8ilxsNPO_gXKGuH-qUa0K9lftnVyB9etPTMihogA=s48-c-k-c0x00ffffff-no-rj', 'authorChannelUrl': 'http://www.youtube.com/channel/UCsaxvEqSA7E6I6jIVFMTCwg', 'authorChannelId': {'value': 'UCsaxvEqSA7E6I6jIVFMTCwg'}, 'canRate': True, 'viewerRating': 'none', 'likeCount': 1, 'publishedAt': '2022-10-19T15:29:53Z', 'updatedAt': '2022-10-19T15:29:53Z'}}, 'canReply': True, 'totalReplyCount': 0, 'isPublic': True}",,UCsaxvEqSA7E6I6jIVFMTCwg,2022-10-19T15:29:53Z,Isso é castigo para quem votou na esquerda.,QURTSl9pMTJxQXpJbW4ta2ZCTzV2Z1NtMHpORnR4NUk5RnlYakE2LTduWXNfMVpVdUc0dTRrdmRIVXREYXVuM1NHUTdWVXpxRHEzT211UQ==,2023-06-09 05:42:52.104148
youtube#commentThread,x5L2JmyWCm28PXEV1gCaH9NzT9M,UgzfQCQ7Lt6HFiSPv-B4AaABAg,"{'videoId': 'SFubem2H08c', 'topLevelComment': {'kind': 'youtube#comment', 'etag': 'rSoepEK6lRtsqO2XsSpUnHfwXzE', 'id': 'UgzfQCQ7Lt6HFiSPv-B4AaABAg', 'snippet': {'videoId': 'SFubem2H08c', 'textDisplay': 'CHILE..NÃO vai vender mais minerios..vinho..frutas..SÓ drogas..aguardem.', 'textOriginal': 'CHILE..NÃO vai vender mais minerios..vinho..frutas..SÓ drogas..aguardem.', 'authorDisplayName': 'Luis Celso Bazzanella', 'authorProfileImageUrl': 'https://yt3.ggpht.com/ytc/AGIKgqMDaiVKxkn_N1ao7GCy0Oik6AANJOgSS7-OmA=s48-c-k-c0x00ffffff-no-rj', 'authorChannelUrl': 'http://www.youtube.com/channel/UCla1Z-5KNkEph9sCt8fIBVQ', 'authorChannelId': {'value': 'UCla1Z-5KNkEph9sCt8fIBVQ'}, 'canRate': True, 'viewerRating': 'none', 'likeCount': 1, 'publishedAt': '2022-10-19T15:29:05Z', 'updatedAt': '2022-10-19T15:29:05Z'}}, 'canReply': True, 'totalReplyCount': 0, 'isPublic': True}",,UCla1Z-5KNkEph9sCt8fIBVQ,2022-10-19T15:29:05Z,CHILE..NÃO vai vender mais minerios..vinho..frutas..SÓ drogas..aguardem.,QURTSl9pMTJxQXpJbW4ta2ZCTzV2Z1NtMHpORnR4NUk5RnlYakE2LTduWXNfMVpVdUc0dTRrdmRIVXREYXVuM1NHUTdWVXpxRHEzT211UQ==,2023-06-09 05:42:52.104148
youtube#commentThread,R80y4jAq3TRSmsWf65-4lAGsm7w,Ugzhcg9C1eeERsnqgTF4AaABAg,"{'videoId': 'SFubem2H08c', 'topLevelComment': {'kind': 'youtube#comment', 'etag': '09ZD4XqQRBf-Rni8tMCAVB1AQH4', 'id': 'Ugzhcg9C1eeERsnqgTF4AaABAg', 'snippet': {'videoId': 'SFubem2H08c', 'textDisplay': 'O que é mais é que os Brasileiros não precisam se preocupar com Chile, porque no Brasil estamos no alçapão do fundo do poço. O mais importante não dizem Bossonaro não tem a bandeira de um partido político para apresentar. A esqueci Bossonaro precisou do VALDEMAR COSTA NETO, para se candidatar. Quem diria VALDEMAR COSTA NETO. O ÚNICO PRESIDENTE QUE NÃO CONSEGUIRA SE REELEGER, USANDO A MAQUINA PÚBLICA MAIS. LULAAA E O MELHOR PARA O BRASIL. O CHORO É LIVRE. KKKKKKK', 'textOriginal': 'O que é mais é que os Brasileiros não precisam se preocupar com Chile, porque no Brasil estamos no alçapão do fundo do poço. O mais importante não dizem Bossonaro não tem a bandeira de um partido político para apresentar. A esqueci Bossonaro precisou do VALDEMAR COSTA NETO, para se candidatar. Quem diria VALDEMAR COSTA NETO. O ÚNICO PRESIDENTE QUE NÃO CONSEGUIRA SE REELEGER, USANDO A MAQUINA PÚBLICA MAIS. LULAAA E O MELHOR PARA O BRASIL. O CHORO É LIVRE. KKKKKKK', 'authorDisplayName': 'Anderson Florêncio', 'authorProfileImageUrl': 'https://yt3.ggpht.com/ytc/AGIKgqOkEiLKuI-jo7HsTtQpRWEfmd7TBqFTpby2OcU33BSZcK2Zt7B5W-HycpAaIwnV=s48-c-k-c0x00ffffff-no-rj', 'authorChannelUrl': 'http://www.youtube.com/channel/UCiTLRCohGHRph6oWYNIL2wQ', 'authorChannelId': {'value': 'UCiTLRCohGHRph6oWYNIL2wQ'}, 'canRate': True, 'viewerRating': 'none', 'likeCount': 0, 'publishedAt': '2022-10-19T15:26:03Z', 'updatedAt': '2022-10-19T15:26:03Z'}}, 'canReply': True, 'totalReplyCount': 0, 'isPublic': True}",,UCiTLRCohGHRph6oWYNIL2wQ,2022-10-19T15:26:03Z,"O que é mais é que os Brasileiros não precisam se preocupar com Chile, porque no Brasil estamos no alçapão do fundo do poço. O mais importante não dizem Bossonaro não tem a bandeira de um partido político para apresentar. A esqueci Bossonaro precisou do VALDEMAR COSTA NETO, para se candidatar. Quem diria VALDEMAR COSTA NETO. O ÚNICO PRESIDENTE QUE NÃO CONSEGUIRA SE REELEGER, USANDO A MAQUINA PÚBLICA MAIS. LULAAA E O MELHOR PARA O BRASIL. O CHORO É LIVRE. KKKKKKK",QURTSl9pMTJxQXpJbW4ta2ZCTzV2Z1NtMHpORnR4NUk5RnlYakE2LTduWXNfMVpVdUc0dTRrdmRIVXREYXVuM1NHUTdWVXpxRHEzT211UQ==,2023-06-09 05:42:52.104148
youtube#commentThread,uV-8_RtpDeJOEU_xQ-kqGtJohak,UgwMhhx_gLXcsDnpkiF4AaABAg,"{'videoId': 'SFubem2H08c', 'topLevelComment': {'kind': 'youtube#comment', 'etag': 'H2VARfTm_kc4JWGkjQpHVU2BeQM', 'id': 'UgwMhhx_gLXcsDnpkiF4AaABAg', 'snippet': {'videoId': 'SFubem2H08c', 'textDisplay': 'Aí insentāo........é  isso que  tu quer para o Brasil  ?', 'textOriginal': 'Aí insentāo........é  isso que  tu quer para o Brasil  ?', 'authorDisplayName': 'Marco Henrique', 'authorProfileImageUrl': 'https://yt3.ggpht.com/jT6aoSyJyYRbpUcQ35A9yjn_AjgvGlV5t2WS6NGb6OaTZhqpFMi-4lj9lCu3h_qe-Xpb1iSbIA=s48-c-k-c0x00ffffff-no-rj', 'authorChannelUrl': 'http://www.youtube.com/channel/UC_V2QggazshorLQ942UkolQ', 'authorChannelId': {'value': 'UC_V2QggazshorLQ942UkolQ'}, 'canRate': True, 'viewerRating': 'none', 'likeCount': 1, 'publishedAt': '2022-10-19T15:25:55Z', 'updatedAt': '2022-10-19T15:26:22Z'}}, 'canReply': True, 'totalReplyCount': 0, 'isPublic': True}",,UC_V2QggazshorLQ942UkolQ,2022-10-19T15:25:55Z,Aí insentāo........é  isso que  tu quer para o Brasil  ?,QURTSl9pMTJxQXpJbW4ta2ZCTzV2Z1NtMHpORnR4NUk5RnlYakE2LTduWXNfMVpVdUc0dTRrdmRIVXREYXVuM1NHUTdWVXpxRHEzT211UQ==,2023-06-09 05:42:52.104148
youtube#commentThread,qxi4uTjFpBkZzHYeEhoiynFSqpM,Ugy2t2hCeYungyi6BHR4AaABAg,"{'videoId': 'SFubem2H08c', 'topLevelComment': {'kind': 'youtube#comment', 'etag': 'yQ0cOH_pZh55ch-Kmx3KBeJGnUw', 'id': 'Ugy2t2hCeYungyi6BHR4AaABAg', 'snippet': {'videoId': 'SFubem2H08c', 'textDisplay': 'E tem brasileiro querendo a volta do corruPTo.  Que Deus proteja nosso Brasil. 💚💛', 'textOriginal': 'E tem brasileiro querendo a volta do corruPTo.  Que Deus proteja nosso Brasil. 💚💛', 'authorDisplayName': 'Luiz Inácio', 'authorProfileImageUrl': 'https://yt3.ggpht.com/ytc/AGIKgqMqPykmbrXN66cumc55V_HVV1QM6m_CuBsRtcQNow=s48-c-k-c0x00ffffff-no-rj', 'authorChannelUrl': 'http://www.youtube.com/channel/UCejNdff3DShcPkuBpW73W-A', 'authorChannelId': {'value': 'UCejNdff3DShcPkuBpW73W-A'}, 'canRate': True, 'viewerRating': 'none', 'likeCount': 50, 'publishedAt': '2022-10-19T15:19:36Z', 'updatedAt': '2022-10-19T15:19:36Z'}}, 'canReply': True, 'totalReplyCount': 0, 'isPublic': True}",,UCejNdff3DShcPkuBpW73W-A,2022-10-19T15:19:36Z,E tem brasileiro querendo a volta do corruPTo.  Que Deus proteja nosso Brasil. 💚💛,QURTSl9pMTJxQXpJbW4ta2ZCTzV2Z1NtMHpORnR4NUk5RnlYakE2LTduWXNfMVpVdUc0dTRrdmRIVXREYXVuM1NHUTdWVXpxRHEzT211UQ==,2023-06-09 05:42:52.104148
youtube#commentThread,mt93ni7mINc7bWTyD-0dDpVzZLM,Ugws00uCv6qpc6XYZuJ4AaABAg,"{'videoId': 'SFubem2H08c', 'topLevelComment': {'kind': 'youtube#comment', 'etag': 'yMRmzmrgpIAzradrlDk23VspFjY', 'id': 'Ugws00uCv6qpc6XYZuJ4AaABAg', 'snippet': {'videoId': 'SFubem2H08c', 'textDisplay': 'Impressionante como algumas  pessoas insistem a acreditar na esquerda. <br>Ou é desinformados ou mal caráter mesmo.', 'textOriginal': 'Impressionante como algumas  pessoas insistem a acreditar na esquerda. \\nOu é desinformados ou mal caráter mesmo.', 'authorDisplayName': 'Antônio Roberto Arruda', 'authorProfileImageUrl': 'https://yt3.ggpht.com/ytc/AGIKgqMldD2Rqo_UYYm8TIhD_J5g3I-05nro_1Xgvw=s48-c-k-c0x00ffffff-no-rj', 'authorChannelUrl': 'http://www.youtube.com/channel/UCmSGksuipn-88PpkgELnnSQ', 'authorChannelId': {'value': 'UCmSGksuipn-88PpkgELnnSQ'}, 'canRate': True, 'viewerRating': 'none', 'likeCount': 0, 'publishedAt': '2022-10-19T15:15:38Z', 'updatedAt': '2022-10-19T15:15:38Z'}}, 'canReply': True, 'totalReplyCount': 0, 'isPublic': True}",,UCmSGksuipn-88PpkgELnnSQ,2022-10-19T15:15:38Z,"Impressionante como algumas  pessoas insistem a acreditar na esquerda. 
Ou é desinformados ou mal caráter mesmo.",QURTSl9pMTJxQXpJbW4ta2ZCTzV2Z1NtMHpORnR4NUk5RnlYakE2LTduWXNfMVpVdUc0dTRrdmRIVXREYXVuM1NHUTdWVXpxRHEzT211UQ==,2023-06-09 05:42:52.104148
youtube#commentThread,HFqVuGTJ9RH6tvnp18kSW0cm7G4,UgzgOPCbre7SiG8rUNZ4AaABAg,"{'videoId': 'SFubem2H08c', 'topLevelComment': {'kind': 'youtube#comment', 'etag': 'snh05DwNIKpetPHcvHiFw0_IvA0', 'id': 'UgzgOPCbre7SiG8rUNZ4AaABAg', 'snippet': {'videoId': 'SFubem2H08c', 'textDisplay': 'Que se lasquem! .', 'textOriginal': 'Que se lasquem! .', 'authorDisplayName': 'Fabio Brito', 'authorProfileImageUrl': 'https://yt3.ggpht.com/ytc/AGIKgqMNYHZ04jJMWUe-BYS7mc0elS7l545Bd5Wgc55G=s48-c-k-c0x00ffffff-no-rj', 'authorChannelUrl': 'http://www.youtube.com/channel/UCk7jGBPTErskVt3D4kvttig', 'authorChannelId': {'value': 'UCk7jGBPTErskVt3D4kvttig'}, 'canRate': True, 'viewerRating': 'none', 'likeCount': 0, 'publishedAt': '2022-10-19T15:14:25Z', 'updatedAt': '2022-10-19T15:14:25Z'}}, 'canReply': True, 'totalReplyCount': 0, 'isPublic': True}",,UCk7jGBPTErskVt3D4kvttig,2022-10-19T15:14:25Z,Que se lasquem! .,QURTSl9pMTJxQXpJbW4ta2ZCTzV2Z1NtMHpORnR4NUk5RnlYakE2LTduWXNfMVpVdUc0dTRrdmRIVXREYXVuM1NHUTdWVXpxRHEzT211UQ==,2023-06-09 05:42:52.104148
youtube#commentThread,BkVAzj6AKZl49mqNxLut9wGqD5w,UgyHy4Oijp1jRvW2SZx4AaABAg,"{'videoId': 'SFubem2H08c', 'topLevelComment': {'kind': 'youtube#comment', 'etag': 'VZByhw0lPjyG7NEI5yQLM7qY-H8', 'id': 'UgyHy4Oijp1jRvW2SZx4AaABAg', 'snippet': {'videoId': 'SFubem2H08c', 'textDisplay': 'olha ai eleitores de lula mas um pais afundando. olha o que a esquerda estar fazendo na América latina', 'textOriginal': 'olha ai eleitores de lula mas um pais afundando. olha o que a esquerda estar fazendo na América latina', 'authorDisplayName': 'Mikael Santos', 'authorProfileImageUrl': 'https://yt3.ggpht.com/ytc/AGIKgqPvBvltCfVsA4XW8ZYEeIPSONZnEhKJJaQkD97i=s48-c-k-c0x00ffffff-no-rj', 'authorChannelUrl': 'http://www.youtube.com/channel/UCDVbtgebWhMG65xGEnHamOg', 'authorChannelId': {'value': 'UCDVbtgebWhMG65xGEnHamOg'}, 'canRate': True, 'viewerRating': 'none', 'likeCount': 0, 'publishedAt': '2022-10-19T15:11:49Z', 'updatedAt': '2022-10-19T15:11:49Z'}}, 'canReply': True, 'totalReplyCount': 0, 'isPublic': True}",,UCDVbtgebWhMG65xGEnHamOg,2022-10-19T15:11:49Z,olha ai eleitores de lula mas um pais afundando. olha o que a esquerda estar fazendo na América latina,QURTSl9pMTJxQXpJbW4ta2ZCTzV2Z1NtMHpORnR4NUk5RnlYakE2LTduWXNfMVpVdUc0dTRrdmRIVXREYXVuM1NHUTdWVXpxRHEzT211UQ==,2023-06-09 05:42:52.104148
youtube#commentThread,_yS5DS-BstfcDvJfH9KEd1kjQfI,UgzQ0dV0xjrZljjrt-d4AaABAg,"{'videoId': 'SFubem2H08c', 'topLevelComment': {'kind': 'youtube#comment', 'etag': 'j7C_LTIcDnduZ62d7ksxfrJtZCg', 'id': 'UgzQ0dV0xjrZljjrt-d4AaABAg', 'snippet': {'videoId': 'SFubem2H08c', 'textDisplay': 'O PT junto com o Fórum de SP é uma desgraça para a américa latina.', 'textOriginal': 'O PT junto com o Fórum de SP é uma desgraça para a américa latina.', 'authorDisplayName': 'Jorge da Silva Werneck', 'authorProfileImageUrl': 'https://yt3.ggpht.com/ytc/AGIKgqOrf9RyMBy0YCldveq6JbtsifkHSouLxvL01w=s48-c-k-c0x00ffffff-no-rj', 'authorChannelUrl': 'http://www.youtube.com/channel/UCY7jz9hGzbq20sLtc7gLhtw', 'authorChannelId': {'value': 'UCY7jz9hGzbq20sLtc7gLhtw'}, 'canRate': True, 'viewerRating': 'none', 'likeCount': 0, 'publishedAt': '2022-10-19T15:11:39Z', 'updatedAt': '2022-10-19T15:11:39Z'}}, 'canReply': True, 'totalReplyCount': 0, 'isPublic': True}",,UCY7jz9hGzbq20sLtc7gLhtw,2022-10-19T15:11:39Z,O PT junto com o Fórum de SP é uma desgraça para a américa latina.,QURTSl9pMTJxQXpJbW4ta2ZCTzV2Z1NtMHpORnR4NUk5RnlYakE2LTduWXNfMVpVdUc0dTRrdmRIVXREYXVuM1NHUTdWVXpxRHEzT211UQ==,2023-06-09 05:42:52.104148
youtube#commentThread,hrlfEa6BFYf9lpiXzpLHimL-ms0,UgxbJEB5VZg3rbjeC_Z4AaABAg,"{'videoId': 'SFubem2H08c', 'topLevelComment': {'kind': 'youtube#comment', 'etag': '4adKVdCG9TWn9nrITIDGpCMCRBg', 'id': 'UgxbJEB5VZg3rbjeC_Z4AaABAg', 'snippet': {'videoId': 'SFubem2H08c', 'textDisplay': 'Aonde a esquerda põe a mão é só destruição', 'textOriginal': 'Aonde a esquerda põe a mão é só destruição', 'authorDisplayName': 'Adson Pereira', 'authorProfileImageUrl': 'https://yt3.ggpht.com/ytc/AGIKgqOZg7VxR9ksGfuY3xpRfgDZPBDCsjxEXbA_e9qZGw=s48-c-k-c0x00ffffff-no-rj', 'authorChannelUrl': 'http://www.youtube.com/channel/UCgNoUOz5awM81m68rvG-3kA', 'authorChannelId': {'value': 'UCgNoUOz5awM81m68rvG-3kA'}, 'canRate': True, 'viewerRating': 'none', 'likeCount': 0, 'publishedAt': '2022-10-19T15:08:54Z', 'updatedAt': '2022-10-19T15:08:54Z'}}, 'canReply': True, 'totalReplyCount': 0, 'isPublic': True}",,UCgNoUOz5awM81m68rvG-3kA,2022-10-19T15:08:54Z,Aonde a esquerda põe a mão é só destruição,QURTSl9pMTJxQXpJbW4ta2ZCTzV2Z1NtMHpORnR4NUk5RnlYakE2LTduWXNfMVpVdUc0dTRrdmRIVXREYXVuM1NHUTdWVXpxRHEzT211UQ==,2023-06-09 05:42:52.104148
youtube#commentThread,eWRRcq0x3gFdEuhI1p8niQMbc7g,Ugz90pvPFP4ATeyOJkZ4AaABAg,"{'videoId': 'SFubem2H08c', 'topLevelComment': {'kind': 'youtube#comment', 'etag': 'DKo1Nt2RFRpkZhTD_1HUIVyxNJ4', 'id': 'Ugz90pvPFP4ATeyOJkZ4AaABAg', 'snippet': {'videoId': 'SFubem2H08c', 'textDisplay': 'Quem elege bandidos, marginais, corruptos e bêbados para um cargo político, não é vítima, é cúmplice.', 'textOriginal': 'Quem elege bandidos, marginais, corruptos e bêbados para um cargo político, não é vítima, é cúmplice.', 'authorDisplayName': 'Marcos Aparecido Junqueira', 'authorProfileImageUrl': 'https://yt3.ggpht.com/ytc/AGIKgqMX2y5XBgIEjRzmQ8xXTE3TrMBJnhpZQLsePSDpoU8kk89Y_NtIWAnNcN0cO1OM=s48-c-k-c0x00ffffff-no-rj', 'authorChannelUrl': 'http://www.youtube.com/channel/UCYVkLLjq8Y72Y1swBtkbG9g', 'authorChannelId': {'value': 'UCYVkLLjq8Y72Y1swBtkbG9g'}, 'canRate': True, 'viewerRating': 'none', 'likeCount': 0, 'publishedAt': '2022-10-19T15:08:43Z', 'updatedAt': '2022-10-19T15:08:43Z'}}, 'canReply': True, 'totalReplyCount': 1, 'isPublic': True}","{'comments': [{'kind': 'youtube#comment', 'etag': 'aGdIaHg-C4MPTv3SBNcyABEHubo', 'id': 'Ugz90pvPFP4ATeyOJkZ4AaABAg.9hN5NRzOd869hNEgS4uNfF', 'snippet': {'videoId': 'SFubem2H08c', 'textDisplay': 'Concordo! Essa gente que vota nesse &#39;v&amp;®m&amp;&#39; nove dedos, sofre de PROBLEMAS MORAIS!', 'textOriginal': ""Concordo! Essa gente que vota nesse 'v&®m&' nove dedos, sofre de PROBLEMAS MORAIS!"", 'parentId': 'Ugz90pvPFP4ATeyOJkZ4AaABAg', 'authorDisplayName': 'Eduardo Matos - FORA LULADRÃO', 'authorProfileImageUrl': 'https://yt3.ggpht.com/L3eUNf3xrTjLpJl-39AQzVOvHyOBMEHA3hiuidWhD29faEOl1VN7aPWvjrSaEGJ3ygnVii3Cqw=s48-c-k-c0x00ffffff-no-rj', 'authorChannelUrl': 'http://www.youtube.com/channel/UCvtxFPF9lWQQ4Uidmr-lNmg', 'authorChannelId': {'value': 'UCvtxFPF9lWQQ4Uidmr-lNmg'}, 'canRate': True, 'viewerRating': 'none', 'likeCount': 0, 'publishedAt': '2022-10-19T16:30:05Z', 'updatedAt': '2022-10-19T16:30:05Z'}}]}",UCYVkLLjq8Y72Y1swBtkbG9g,2022-10-19T15:08:43Z,"Quem elege bandidos, marginais, corruptos e bêbados para um cargo político, não é vítima, é cúmplice.",QURTSl9pMTJxQXpJbW4ta2ZCTzV2Z1NtMHpORnR4NUk5RnlYakE2LTduWXNfMVpVdUc0dTRrdmRIVXREYXVuM1NHUTdWVXpxRHEzT211UQ==,2023-06-09 05:42:52.104148
youtube#commentThread,0Mgm2lh5cMjLmzNSbOrxpG2f4Jk,Ugx0kLyrC35_OzZSQpJ4AaABAg,"{'videoId': 'SFubem2H08c', 'topLevelComment': {'kind': 'youtube#comment', 'etag': 'f742_V5TxO_RFbyoRATqfpna7OM', 'id': 'Ugx0kLyrC35_OzZSQpJ4AaABAg', 'snippet': {'videoId': 'SFubem2H08c', 'textDisplay': 'Se tivesse dez justo em Sodoma ela não teria sido destruída com fogo', 'textOriginal': 'Se tivesse dez justo em Sodoma ela não teria sido destruída com fogo', 'authorDisplayName': 'Max Amarildo', 'authorProfileImageUrl': 'https://yt3.ggpht.com/ytc/AGIKgqPND8sF0yrrA2KoHGDRWLW4VegadlsSBj3XXQ=s48-c-k-c0x00ffffff-no-rj', 'authorChannelUrl': 'http://www.youtube.com/channel/UCKFnHPuGdkFmrdG3PcfPzbQ', 'authorChannelId': {'value': 'UCKFnHPuGdkFmrdG3PcfPzbQ'}, 'canRate': True, 'viewerRating': 'none', 'likeCount': 0, 'publishedAt': '2022-10-19T15:07:07Z', 'updatedAt': '2022-10-19T15:07:07Z'}}, 'canReply': True, 'totalReplyCount': 0, 'isPublic': True}",,UCKFnHPuGdkFmrdG3PcfPzbQ,2022-10-19T15:07:07Z,Se tivesse dez justo em Sodoma ela não teria sido destruída com fogo,QURTSl9pMTJxQXpJbW4ta2ZCTzV2Z1NtMHpORnR4NUk5RnlYakE2LTduWXNfMVpVdUc0dTRrdmRIVXREYXVuM1NHUTdWVXpxRHEzT211UQ==,2023-06-09 05:42:52.104148
youtube#commentThread,YVsJhjkuGvt0llFRkkIJfTqRED0,UgxfxMc939fDKlne_id4AaABAg,"{'videoId': 'SFubem2H08c', 'topLevelComment': {'kind': 'youtube#comment', 'etag': '7zJwKG-K8PUz9Z3IV_WkQy-vJQs', 'id': 'UgxfxMc939fDKlne_id4AaABAg', 'snippet': {'videoId': 'SFubem2H08c', 'textDisplay': 'É o poder na mão do diabo', 'textOriginal': 'É o poder na mão do diabo', 'authorDisplayName': 'Max Amarildo', 'authorProfileImageUrl': 'https://yt3.ggpht.com/ytc/AGIKgqPND8sF0yrrA2KoHGDRWLW4VegadlsSBj3XXQ=s48-c-k-c0x00ffffff-no-rj', 'authorChannelUrl': 'http://www.youtube.com/channel/UCKFnHPuGdkFmrdG3PcfPzbQ', 'authorChannelId': {'value': 'UCKFnHPuGdkFmrdG3PcfPzbQ'}, 'canRate': True, 'viewerRating': 'none', 'likeCount': 0, 'publishedAt': '2022-10-19T15:06:07Z', 'updatedAt': '2022-10-19T15:06:07Z'}}, 'canReply': True, 'totalReplyCount': 0, 'isPublic': True}",,UCKFnHPuGdkFmrdG3PcfPzbQ,2022-10-19T15:06:07Z,É o poder na mão do diabo,QURTSl9pMTJxQXpJbW4ta2ZCTzV2Z1NtMHpORnR4NUk5RnlYakE2LTduWXNfMVpVdUc0dTRrdmRIVXREYXVuM1NHUTdWVXpxRHEzT211UQ==,2023-06-09 05:42:52.104148
youtube#commentThread,J7ABq-McWlbl6Lg44HlQymzjijI,Ugx16Xj4MXTBUUzO0kx4AaABAg,"{'videoId': 'SFubem2H08c', 'topLevelComment': {'kind': 'youtube#comment', 'etag': 'zJ7wUuhN6ubh_gOEgteJxhz_5MI', 'id': 'Ugx16Xj4MXTBUUzO0kx4AaABAg', 'snippet': {'videoId': 'SFubem2H08c', 'textDisplay': 'E eu relembro o que o Lula disse:<br>-Voce pode dar um Google, pode dar o que você quiser...<br>Kkkkkkk', 'textOriginal': 'E eu relembro o que o Lula disse:\\n-Voce pode dar um Google, pode dar o que você quiser...\\nKkkkkkk', 'authorDisplayName': 'Marcony', 'authorProfileImageUrl': 'https://yt3.ggpht.com/fI9l3TQ3udFcdeNoO_6JQCAjc7IwQmxA0JIQ6yTEjF8C5ehwFqEPGA40K5xbo81idX87oHGz6g=s48-c-k-c0x00ffffff-no-rj', 'authorChannelUrl': 'http://www.youtube.com/channel/UCM5L5iJHnAltiUsN6KX9QWA', 'authorChannelId': {'value': 'UCM5L5iJHnAltiUsN6KX9QWA'}, 'canRate': True, 'viewerRating': 'none', 'likeCount': 0, 'publishedAt': '2022-10-19T15:05:54Z', 'updatedAt': '2022-10-19T15:05:54Z'}}, 'canReply': True, 'totalReplyCount': 0, 'isPublic': True}",,UCM5L5iJHnAltiUsN6KX9QWA,2022-10-19T15:05:54Z,"E eu relembro o que o Lula disse:
-Voce pode dar um Google, pode dar o que você quiser...
Kkkkkkk",QURTSl9pMTJxQXpJbW4ta2ZCTzV2Z1NtMHpORnR4NUk5RnlYakE2LTduWXNfMVpVdUc0dTRrdmRIVXREYXVuM1NHUTdWVXpxRHEzT211UQ==,2023-06-09 05:42:52.104148
youtube#commentThread,egShDuPAbbH01Fhs3_6pQvjhulA,Ugx0npRSGRntUSEdQ7R4AaABAg,"{'videoId': 'SFubem2H08c', 'topLevelComment': {'kind': 'youtube#comment', 'etag': 'PlRF314xTEjIqXwAQWCka3uDEiA', 'id': 'Ugx0npRSGRntUSEdQ7R4AaABAg', 'snippet': {'videoId': 'SFubem2H08c', 'textDisplay': 'Jesus já fez o milagre na vida do Nosso presidente 13 vai virar 22', 'textOriginal': 'Jesus já fez o milagre na vida do Nosso presidente 13 vai virar 22', 'authorDisplayName': 'Eleta Queiroz', 'authorProfileImageUrl': 'https://yt3.ggpht.com/ytc/AGIKgqM_6HIgdAvVN0q9u-0kCWqOobBt7eWtLB9lSQ=s48-c-k-c0x00ffffff-no-rj', 'authorChannelUrl': 'http://www.youtube.com/channel/UCjU-ItgbgUlOndIxMLV9lEg', 'authorChannelId': {'value': 'UCjU-ItgbgUlOndIxMLV9lEg'}, 'canRate': True, 'viewerRating': 'none', 'likeCount': 0, 'publishedAt': '2022-10-19T15:05:01Z', 'updatedAt': '2022-10-19T15:05:01Z'}}, 'canReply': True, 'totalReplyCount': 0, 'isPublic': True}",,UCjU-ItgbgUlOndIxMLV9lEg,2022-10-19T15:05:01Z,Jesus já fez o milagre na vida do Nosso presidente 13 vai virar 22,QURTSl9pMTJxQXpJbW4ta2ZCTzV2Z1NtMHpORnR4NUk5RnlYakE2LTduWXNfMVpVdUc0dTRrdmRIVXREYXVuM1NHUTdWVXpxRHEzT211UQ==,2023-06-09 05:42:52.104148
youtube#commentThread,MRc943iMihLaF1HPcnWrdmcGqbM,Ugxk_YcqGquBuxb8LM14AaABAg,"{'videoId': 'SFubem2H08c', 'topLevelComment': {'kind': 'youtube#comment', 'etag': '3vRPMuIHYt1t1k2Z8WO4AKa_TZk', 'id': 'Ugxk_YcqGquBuxb8LM14AaABAg', 'snippet': {'videoId': 'SFubem2H08c', 'textDisplay': 'Será que estes canalhas que estão apoiando o ladrão do pt não estão vendo os pais governado por comonistar estão todos na miséria', 'textOriginal': 'Será que estes canalhas que estão apoiando o ladrão do pt não estão vendo os pais governado por comonistar estão todos na miséria', 'authorDisplayName': 'Francisco Tavares', 'authorProfileImageUrl': 'https://yt3.ggpht.com/ytc/AGIKgqNI7xLfFWTxYp7y8kiuZ0KJnfQRn-NSxGX11A=s48-c-k-c0x00ffffff-no-rj', 'authorChannelUrl': 'http://www.youtube.com/channel/UClfdUJO1AJdc4sqP4w5tZQQ', 'authorChannelId': {'value': 'UClfdUJO1AJdc4sqP4w5tZQQ'}, 'canRate': True, 'viewerRating': 'none', 'likeCount': 0, 'publishedAt': '2022-10-19T15:04:16Z', 'updatedAt': '2022-10-19T15:04:16Z'}}, 'canReply': True, 'totalReplyCount': 0, 'isPublic': True}",,UClfdUJO1AJdc4sqP4w5tZQQ,2022-10-19T15:04:16Z,Será que estes canalhas que estão apoiando o ladrão do pt não estão vendo os pais governado por comonistar estão todos na miséria,QURTSl9pMTJxQXpJbW4ta2ZCTzV2Z1NtMHpORnR4NUk5RnlYakE2LTduWXNfMVpVdUc0dTRrdmRIVXREYXVuM1NHUTdWVXpxRHEzT211UQ==,2023-06-09 05:42:52.104148
youtube#commentThread,MPQsQCphVRVl2GFoVcQFIRNcslg,UgxoQOtRswnCvPLmrE94AaABAg,"{'videoId': 'SFubem2H08c', 'topLevelComment': {'kind': 'youtube#comment', 'etag': 'l33lv4Z0X-smLRk_FCRYGkI34fo', 'id': 'UgxoQOtRswnCvPLmrE94AaABAg', 'snippet': {'videoId': 'SFubem2H08c', 'textDisplay': 'PT não vai ganhar porque está repreendido em nome de Jesus', 'textOriginal': 'PT não vai ganhar porque está repreendido em nome de Jesus', 'authorDisplayName': 'Eleta Queiroz', 'authorProfileImageUrl': 'https://yt3.ggpht.com/ytc/AGIKgqM_6HIgdAvVN0q9u-0kCWqOobBt7eWtLB9lSQ=s48-c-k-c0x00ffffff-no-rj', 'authorChannelUrl': 'http://www.youtube.com/channel/UCjU-ItgbgUlOndIxMLV9lEg', 'authorChannelId': {'value': 'UCjU-ItgbgUlOndIxMLV9lEg'}, 'canRate': True, 'viewerRating': 'none', 'likeCount': 0, 'publishedAt': '2022-10-19T15:04:04Z', 'updatedAt': '2022-10-19T15:04:04Z'}}, 'canReply': True, 'totalReplyCount': 0, 'isPublic': True}",,UCjU-ItgbgUlOndIxMLV9lEg,2022-10-19T15:04:04Z,PT não vai ganhar porque está repreendido em nome de Jesus,QURTSl9pMTJxQXpJbW4ta2ZCTzV2Z1NtMHpORnR4NUk5RnlYakE2LTduWXNfMVpVdUc0dTRrdmRIVXREYXVuM1NHUTdWVXpxRHEzT211UQ==,2023-06-09 05:42:52.104148
youtube#commentThread,-qgoGIGWC_PFLaU8l-HlEnlYnaA,UgyJ_uCSwtSVyecUZ3Z4AaABAg,"{'videoId': 'SFubem2H08c', 'topLevelComment': {'kind': 'youtube#comment', 'etag': 'l055ylr5t_jhE78-gELhbabYZvM', 'id': 'UgyJ_uCSwtSVyecUZ3Z4AaABAg', 'snippet': {'videoId': 'SFubem2H08c', 'textDisplay': 'Toma povo chileno  isso mostra pros senhores  as responsabilidades  com as eleições', 'textOriginal': 'Toma povo chileno  isso mostra pros senhores  as responsabilidades  com as eleições', 'authorDisplayName': 'Wilson f de lima', 'authorProfileImageUrl': 'https://yt3.ggpht.com/ytc/AGIKgqOlUS0bqsBAbxsVM1F-Ud_U2lYSpdCyJa80rtqs=s48-c-k-c0x00ffffff-no-rj', 'authorChannelUrl': 'http://www.youtube.com/channel/UCYHynqzonC2uyKfHKJRmQJQ', 'authorChannelId': {'value': 'UCYHynqzonC2uyKfHKJRmQJQ'}, 'canRate': True, 'viewerRating': 'none', 'likeCount': 0, 'publishedAt': '2022-10-19T15:03:47Z', 'updatedAt': '2022-10-19T15:03:47Z'}}, 'canReply': True, 'totalReplyCount': 0, 'isPublic': True}",,UCYHynqzonC2uyKfHKJRmQJQ,2022-10-19T15:03:47Z,Toma povo chileno  isso mostra pros senhores  as responsabilidades  com as eleições,QURTSl9pMTJxQXpJbW4ta2ZCTzV2Z1NtMHpORnR4NUk5RnlYakE2LTduWXNfMVpVdUc0dTRrdmRIVXREYXVuM1NHUTdWVXpxRHEzT211UQ==,2023-06-09 05:42:52.104148
youtube#commentThread,70DH7eYKxiilhyTz4nrVj9d9-og,UgwxYOfGmEZITDypKnx4AaABAg,"{'videoId': 'SFubem2H08c', 'topLevelComment': {'kind': 'youtube#comment', 'etag': 'aVvtZeclaxioULxU9g8L3wOvfQE', 'id': 'UgwxYOfGmEZITDypKnx4AaABAg', 'snippet': {'videoId': 'SFubem2H08c', 'textDisplay': 'É a extrema-pobreza que desejam para o Brasil os cervejeiros comedores de churrasco ao votar no Sapo Barbudo Rouco?', 'textOriginal': 'É a extrema-pobreza que desejam para o Brasil os cervejeiros comedores de churrasco ao votar no Sapo Barbudo Rouco?', 'authorDisplayName': 'Glaucia', 'authorProfileImageUrl': 'https://yt3.ggpht.com/ytc/AGIKgqMKe2MoQ-fOFb7PWVNoOqQ6WZcfs2qOGFGRfLmj4pE=s48-c-k-c0x00ffffff-no-rj', 'authorChannelUrl': 'http://www.youtube.com/channel/UCy5zK7JG5TYtl1pURgLEn4g', 'authorChannelId': {'value': 'UCy5zK7JG5TYtl1pURgLEn4g'}, 'canRate': True, 'viewerRating': 'none', 'likeCount': 0, 'publishedAt': '2022-10-19T15:00:26Z', 'updatedAt': '2022-10-19T15:00:26Z'}}, 'canReply': True, 'totalReplyCount': 0, 'isPublic': True}",,UCy5zK7JG5TYtl1pURgLEn4g,2022-10-19T15:00:26Z,É a extrema-pobreza que desejam para o Brasil os cervejeiros comedores de churrasco ao votar no Sapo Barbudo Rouco?,QURTSl9pMTJxQXpJbW4ta2ZCTzV2Z1NtMHpORnR4NUk5RnlYakE2LTduWXNfMVpVdUc0dTRrdmRIVXREYXVuM1NHUTdWVXpxRHEzT211UQ==,2023-06-09 05:42:52.104148
youtube#commentThread,NjkfJrNtLHlWMkQtdE3TSze4lwI,UgzVaB2RUUR5Mxergt54AaABAg,"{'videoId': 'SFubem2H08c', 'topLevelComment': {'kind': 'youtube#comment', 'etag': '5rxYH2Afyiq_pCl-9nGuW-PmVwk', 'id': 'UgzVaB2RUUR5Mxergt54AaABAg', 'snippet': {'videoId': 'SFubem2H08c', 'textDisplay': 'Faz o L de lixo aí, Chile...', 'textOriginal': 'Faz o L de lixo aí, Chile...', 'authorDisplayName': 'TheRedViper', 'authorProfileImageUrl': 'https://yt3.ggpht.com/ytc/AGIKgqNJosVjXAILRwTfMrkV0Wr_VGcvi8OjZUKrEw=s48-c-k-c0x00ffffff-no-rj', 'authorChannelUrl': 'http://www.youtube.com/channel/UCG3RKz9kLbHdhd21lh0IRCA', 'authorChannelId': {'value': 'UCG3RKz9kLbHdhd21lh0IRCA'}, 'canRate': True, 'viewerRating': 'none', 'likeCount': 0, 'publishedAt': '2022-10-19T14:58:44Z', 'updatedAt': '2022-10-19T14:58:44Z'}}, 'canReply': True, 'totalReplyCount': 0, 'isPublic': True}",,UCG3RKz9kLbHdhd21lh0IRCA,2022-10-19T14:58:44Z,"Faz o L de lixo aí, Chile...",QURTSl9pMTJxQXpJbW4ta2ZCTzV2Z1NtMHpORnR4NUk5RnlYakE2LTduWXNfMVpVdUc0dTRrdmRIVXREYXVuM1NHUTdWVXpxRHEzT211UQ==,2023-06-09 05:42:52.104148
youtube#commentThread,laInvCds95FdRI2baJC27vk1D_Y,Ugw8tuzrwpW3upx3bUV4AaABAg,"{'videoId': 'SFubem2H08c', 'topLevelComment': {'kind': 'youtube#comment', 'etag': 'a1bm-8BKU6RYcr9TuAZ_lJPJmKs', 'id': 'Ugw8tuzrwpW3upx3bUV4AaABAg', 'snippet': {'videoId': 'SFubem2H08c', 'textDisplay': 'O povo foge da fome,da miséria e da falta da liberdade', 'textOriginal': 'O povo foge da fome,da miséria e da falta da liberdade', 'authorDisplayName': 'Marco Antônio Batista', 'authorProfileImageUrl': 'https://yt3.ggpht.com/ytc/AGIKgqMksXW38O-1VU80mB-lFs3T9aYZQUVPnlLg3fY9_DyCahA_Q4vrL3-uSrL3SZ4U=s48-c-k-c0x00ffffff-no-rj', 'authorChannelUrl': 'http://www.youtube.com/channel/UCoPM1KDKjjXhMHz6UB_OM2w', 'authorChannelId': {'value': 'UCoPM1KDKjjXhMHz6UB_OM2w'}, 'canRate': True, 'viewerRating': 'none', 'likeCount': 0, 'publishedAt': '2022-10-19T14:58:27Z', 'updatedAt': '2022-10-19T14:58:27Z'}}, 'canReply': True, 'totalReplyCount': 0, 'isPublic': True}",,UCoPM1KDKjjXhMHz6UB_OM2w,2022-10-19T14:58:27Z,"O povo foge da fome,da miséria e da falta da liberdade",QURTSl9pMTJxQXpJbW4ta2ZCTzV2Z1NtMHpORnR4NUk5RnlYakE2LTduWXNfMVpVdUc0dTRrdmRIVXREYXVuM1NHUTdWVXpxRHEzT211UQ==,2023-06-09 05:42:52.104148
youtube#commentThread,gvnr5g0UR2qg6AEucAGOMiPC1Rs,UgxBH0x8rBYUM4UdSfR4AaABAg,"{'videoId': 'SFubem2H08c', 'topLevelComment': {'kind': 'youtube#comment', 'etag': 'QV-iqxcaZxrhrKKJk8efpTPauN4', 'id': 'UgxBH0x8rBYUM4UdSfR4AaABAg', 'snippet': {'videoId': 'SFubem2H08c', 'textDisplay': 'Os países que tem governo de esquerda socialismo só se vê pobreza, miséria, corrupção e opressão. Será possível que queremos isso para o nosso Brasil!', 'textOriginal': 'Os países que tem governo de esquerda socialismo só se vê pobreza, miséria, corrupção e opressão. Será possível que queremos isso para o nosso Brasil!', 'authorDisplayName': 'Marco Antônio Batista', 'authorProfileImageUrl': 'https://yt3.ggpht.com/ytc/AGIKgqMksXW38O-1VU80mB-lFs3T9aYZQUVPnlLg3fY9_DyCahA_Q4vrL3-uSrL3SZ4U=s48-c-k-c0x00ffffff-no-rj', 'authorChannelUrl': 'http://www.youtube.com/channel/UCoPM1KDKjjXhMHz6UB_OM2w', 'authorChannelId': {'value': 'UCoPM1KDKjjXhMHz6UB_OM2w'}, 'canRate': True, 'viewerRating': 'none', 'likeCount': 0, 'publishedAt': '2022-10-19T14:57:19Z', 'updatedAt': '2022-10-19T14:57:19Z'}}, 'canReply': True, 'totalReplyCount': 0, 'isPublic': True}",,UCoPM1KDKjjXhMHz6UB_OM2w,2022-10-19T14:57:19Z,"Os países que tem governo de esquerda socialismo só se vê pobreza, miséria, corrupção e opressão. Será possível que queremos isso para o nosso Brasil!",QURTSl9pMTJxQXpJbW4ta2ZCTzV2Z1NtMHpORnR4NUk5RnlYakE2LTduWXNfMVpVdUc0dTRrdmRIVXREYXVuM1NHUTdWVXpxRHEzT211UQ==,2023-06-09 05:42:52.104148
youtube#commentThread,zndZ5TKxS3zuAdiyNiIAzSozgbg,UgwBGxJnDkx4B2jIayB4AaABAg,"{'videoId': 'SFubem2H08c', 'topLevelComment': {'kind': 'youtube#comment', 'etag': '2oQ6wtImvx-wWQti9ZWD4cB_2wc', 'id': 'UgwBGxJnDkx4B2jIayB4AaABAg', 'snippet': {'videoId': 'SFubem2H08c', 'textDisplay': 'Ana estou esperando a receita de hj', 'textOriginal': 'Ana estou esperando a receita de hj', 'authorDisplayName': 'JOSE RICARDO MONDENEZ', 'authorProfileImageUrl': 'https://yt3.ggpht.com/ytc/AGIKgqO-WEIdF3z7-8h2WYSOV_9z_FFDnT5OZUFYWw=s48-c-k-c0x00ffffff-no-rj', 'authorChannelUrl': 'http://www.youtube.com/channel/UCQDsTBemqFr9jZTzQ2HCWDw', 'authorChannelId': {'value': 'UCQDsTBemqFr9jZTzQ2HCWDw'}, 'canRate': True, 'viewerRating': 'none', 'likeCount': 0, 'publishedAt': '2022-10-19T14:56:13Z', 'updatedAt': '2022-10-19T14:56:13Z'}}, 'canReply': True, 'totalReplyCount': 0, 'isPublic': True}",,UCQDsTBemqFr9jZTzQ2HCWDw,2022-10-19T14:56:13Z,Ana estou esperando a receita de hj,QURTSl9pMTJxQXpJbW4ta2ZCTzV2Z1NtMHpORnR4NUk5RnlYakE2LTduWXNfMVpVdUc0dTRrdmRIVXREYXVuM1NHUTdWVXpxRHEzT211UQ==,2023-06-09 05:42:52.104148
youtube#commentThread,daQnO2PcM_XLAucVaMNXJluisqU,UgyCJ1nT-ZpOie74ZS14AaABAg,"{'videoId': 'SFubem2H08c', 'topLevelComment': {'kind': 'youtube#comment', 'etag': '2eREupXRJGRwauUfyo_VYfY8uqc', 'id': 'UgyCJ1nT-ZpOie74ZS14AaABAg', 'snippet': {'videoId': 'SFubem2H08c', 'textDisplay': 'A coisa boa, caso o Brasil acorde por decisões das urnas (com fraude ou não) sob o governo de Lula; é que ai a América Latina se ferra de uma vez por todas e Argentinos, Bolivianos, Paraguaios, Colombianos e Chilenos enterrem de vez essa ideia de que o comunismo vai nos salvar da pobreza endêmica que o continente insiste em ficar ! O Brasil, dado ao seu potencial econômico, têm folego para suportar mais 4 anos de roubalheiras desse vagabundo; mas será que nossos vizinhos suportam a queda da economia brasileira ?', 'textOriginal': 'A coisa boa, caso o Brasil acorde por decisões das urnas (com fraude ou não) sob o governo de Lula; é que ai a América Latina se ferra de uma vez por todas e Argentinos, Bolivianos, Paraguaios, Colombianos e Chilenos enterrem de vez essa ideia de que o comunismo vai nos salvar da pobreza endêmica que o continente insiste em ficar ! O Brasil, dado ao seu potencial econômico, têm folego para suportar mais 4 anos de roubalheiras desse vagabundo; mas será que nossos vizinhos suportam a queda da economia brasileira ?', 'authorDisplayName': 'Marcelo Saltarelli', 'authorProfileImageUrl': 'https://yt3.ggpht.com/ytc/AGIKgqOcXKL5TWIDF_v5EIkkA55a6_-_-vbPflUDvHRDbG4=s48-c-k-c0x00ffffff-no-rj', 'authorChannelUrl': 'http://www.youtube.com/channel/UCa6SIrddXXv6Oo0Jl5aILSw', 'authorChannelId': {'value': 'UCa6SIrddXXv6Oo0Jl5aILSw'}, 'canRate': True, 'viewerRating': 'none', 'likeCount': 0, 'publishedAt': '2022-10-19T14:54:31Z', 'updatedAt': '2022-10-19T14:54:31Z'}}, 'canReply': True, 'totalReplyCount': 0, 'isPublic': True}",,UCa6SIrddXXv6Oo0Jl5aILSw,2022-10-19T14:54:31Z,"A coisa boa, caso o Brasil acorde por decisões das urnas (com fraude ou não) sob o governo de Lula; é que ai a América Latina se ferra de uma vez por todas e Argentinos, Bolivianos, Paraguaios, Colombianos e Chilenos enterrem de vez essa ideia de que o comunismo vai nos salvar da pobreza endêmica que o continente insiste em ficar ! O Brasil, dado ao seu potencial econômico, têm folego para suportar mais 4 anos de roubalheiras desse vagabundo; mas será que nossos vizinhos suportam a queda da economia brasileira ?",QURTSl9pMTJxQXpJbW4ta2ZCTzV2Z1NtMHpORnR4NUk5RnlYakE2LTduWXNfMVpVdUc0dTRrdmRIVXREYXVuM1NHUTdWVXpxRHEzT211UQ==,2023-06-09 05:42:52.104148
youtube#commentThread,IYK4WToSHnUKU9AThedczuACvrM,Ugz-0oW0Ko_YoJesnyx4AaABAg,"{'videoId': 'SFubem2H08c', 'topLevelComment': {'kind': 'youtube#comment', 'etag': 'lzzUWf9mKIDFD-JW2ga9_jwRAMQ', 'id': 'Ugz-0oW0Ko_YoJesnyx4AaABAg', 'snippet': {'videoId': 'SFubem2H08c', 'textDisplay': 'Se o Brasil tá ruim imagina os outros países da América do sul governados pela esquerda 🤦 daí os brasileiros acham que um governo de esquerda no Brasil vai resolver tudo por aqui 😒🤦😑', 'textOriginal': 'Se o Brasil tá ruim imagina os outros países da América do sul governados pela esquerda 🤦 daí os brasileiros acham que um governo de esquerda no Brasil vai resolver tudo por aqui 😒🤦😑', 'authorDisplayName': 'Álamo Franklay', 'authorProfileImageUrl': 'https://yt3.ggpht.com/ytc/AGIKgqO7xEpvmPsfhZybPruyBdPoAaWj4WvQiCgMGjKa=s48-c-k-c0x00ffffff-no-rj', 'authorChannelUrl': 'http://www.youtube.com/channel/UCL55zQBbZOBr-msWaGCgeyw', 'authorChannelId': {'value': 'UCL55zQBbZOBr-msWaGCgeyw'}, 'canRate': True, 'viewerRating': 'none', 'likeCount': 0, 'publishedAt': '2022-10-19T14:51:58Z', 'updatedAt': '2022-10-19T14:51:58Z'}}, 'canReply': True, 'totalReplyCount': 0, 'isPublic': True}",,UCL55zQBbZOBr-msWaGCgeyw,2022-10-19T14:51:58Z,Se o Brasil tá ruim imagina os outros países da América do sul governados pela esquerda 🤦 daí os brasileiros acham que um governo de esquerda no Brasil vai resolver tudo por aqui 😒🤦😑,QURTSl9pMTJxQXpJbW4ta2ZCTzV2Z1NtMHpORnR4NUk5RnlYakE2LTduWXNfMVpVdUc0dTRrdmRIVXREYXVuM1NHUTdWVXpxRHEzT211UQ==,2023-06-09 05:42:52.104148
youtube#commentThread,RAdZe0FQIK0EcKLxfXzZsJTYFJc,Ugym4D-3AUuSlETrstJ4AaABAg,"{'videoId': 'SFubem2H08c', 'topLevelComment': {'kind': 'youtube#comment', 'etag': 'zgvf2n9PgXiWpYutlBUJUpceRYY', 'id': 'Ugym4D-3AUuSlETrstJ4AaABAg', 'snippet': {'videoId': 'SFubem2H08c', 'textDisplay': 'Que sirva de alerta a  quem ainda tem dúvida sobre a atuação nefasta do PT.', 'textOriginal': 'Que sirva de alerta a  quem ainda tem dúvida sobre a atuação nefasta do PT.', 'authorDisplayName': 'Glaucia Muoio Gonçalles Raiza', 'authorProfileImageUrl': 'https://yt3.ggpht.com/ytc/AGIKgqPSFegGnrttoiKRKl8XqsPNZVXcILL1ODsZxz87krKxJLTYp4U3b0lMKfoKlMOE=s48-c-k-c0x00ffffff-no-rj', 'authorChannelUrl': 'http://www.youtube.com/channel/UCJknJx25Bawz9FPZ1NoxvHg', 'authorChannelId': {'value': 'UCJknJx25Bawz9FPZ1NoxvHg'}, 'canRate': True, 'viewerRating': 'none', 'likeCount': 0, 'publishedAt': '2022-10-19T14:45:01Z', 'updatedAt': '2022-10-19T14:45:01Z'}}, 'canReply': True, 'totalReplyCount': 0, 'isPublic': True}",,UCJknJx25Bawz9FPZ1NoxvHg,2022-10-19T14:45:01Z,Que sirva de alerta a  quem ainda tem dúvida sobre a atuação nefasta do PT.,QURTSl9pMTJxQXpJbW4ta2ZCTzV2Z1NtMHpORnR4NUk5RnlYakE2LTduWXNfMVpVdUc0dTRrdmRIVXREYXVuM1NHUTdWVXpxRHEzT211UQ==,2023-06-09 05:42:52.104148
youtube#commentThread,M9HQVuRClcYAViUyYpnt86D-_EM,UgwtA-7R6_A6Mn2oO0V4AaABAg,"{'videoId': 'SFubem2H08c', 'topLevelComment': {'kind': 'youtube#comment', 'etag': 'mrFA1TOXXYXT5v5T_IDiS8ZUVR0', 'id': 'UgwtA-7R6_A6Mn2oO0V4AaABAg', 'snippet': {'videoId': 'SFubem2H08c', 'textDisplay': 'Eu desafio qualquer um a mim mostrar um país comunista que deu certo é só vê o exemplo dos países comunistas da América latina', 'textOriginal': 'Eu desafio qualquer um a mim mostrar um país comunista que deu certo é só vê o exemplo dos países comunistas da América latina', 'authorDisplayName': 'Erivan Pereira', 'authorProfileImageUrl': 'https://yt3.ggpht.com/ytc/AGIKgqM3MylFIO_e8Pmi_4joDBzC5FWBDHzsbsdqmg=s48-c-k-c0x00ffffff-no-rj', 'authorChannelUrl': 'http://www.youtube.com/channel/UCutT14uaFd3m0CNnUXkjM7g', 'authorChannelId': {'value': 'UCutT14uaFd3m0CNnUXkjM7g'}, 'canRate': True, 'viewerRating': 'none', 'likeCount': 0, 'publishedAt': '2022-10-19T14:42:09Z', 'updatedAt': '2022-10-19T14:42:09Z'}}, 'canReply': True, 'totalReplyCount': 0, 'isPublic': True}",,UCutT14uaFd3m0CNnUXkjM7g,2022-10-19T14:42:09Z,Eu desafio qualquer um a mim mostrar um país comunista que deu certo é só vê o exemplo dos países comunistas da América latina,QURTSl9pMTJxQXpJbW4ta2ZCTzV2Z1NtMHpORnR4NUk5RnlYakE2LTduWXNfMVpVdUc0dTRrdmRIVXREYXVuM1NHUTdWVXpxRHEzT211UQ==,2023-06-09 05:42:52.104148
youtube#commentThread,gVD_slWcNkDUN_Y_bjm6fAiXNp0,Ugzuwux0aaM5nJaIw0x4AaABAg,"{'videoId': 'SFubem2H08c', 'topLevelComment': {'kind': 'youtube#comment', 'etag': 'JcFYsqs1fuPULgqyM9iu_D3Gq_8', 'id': 'Ugzuwux0aaM5nJaIw0x4AaABAg', 'snippet': {'videoId': 'SFubem2H08c', 'textDisplay': 'Apoio integralmente o grupo Jovem Pan, e seus valorosos defensores da verdadeira imparcialidade e, sobretudo, da verdadeira Democracia! 👏🏻👏🏻👏🏻👏🏻👏🏻👏🏻👏🏻👏🏻👏🏻👏🏻👏🏻👏🏻👏🏻👏🏻👏🏻👏🏻👏🏻👏🏻👏🏻👏🏻👏🏻👏🏻👏🏻👏🏻👏🏻👏🏻👏🏻👏🏻👏🏻👏🏻👏🏻👏🏻👏🏻👏🏻👏🏻🇧🇷🇧🇷🇧🇷🇧🇷🇧🇷🇧🇷🇧🇷🇧🇷🇧🇷🇧🇷🇧🇷🇧🇷🇧🇷🇧🇷🇧🇷🇧🇷🇧🇷🇧🇷🇧🇷🇧🇷🇧🇷🇧🇷🇧🇷🇧🇷🇧🇷🇧🇷🇧🇷🇧🇷🇧🇷🇧🇷', 'textOriginal': 'Apoio integralmente o grupo Jovem Pan, e seus valorosos defensores da verdadeira imparcialidade e, sobretudo, da verdadeira Democracia! 👏🏻👏🏻👏🏻👏🏻👏🏻👏🏻👏🏻👏🏻👏🏻👏🏻👏🏻👏🏻👏🏻👏🏻👏🏻👏🏻👏🏻👏🏻👏🏻👏🏻👏🏻👏🏻👏🏻👏🏻👏🏻👏🏻👏🏻👏🏻👏🏻👏🏻👏🏻👏🏻👏🏻👏🏻👏🏻🇧🇷🇧🇷🇧🇷🇧🇷🇧🇷🇧🇷🇧🇷🇧🇷🇧🇷🇧🇷🇧🇷🇧🇷🇧🇷🇧🇷🇧🇷🇧🇷🇧🇷🇧🇷🇧🇷🇧🇷🇧🇷🇧🇷🇧🇷🇧🇷🇧🇷🇧🇷🇧🇷🇧🇷🇧🇷🇧🇷', 'authorDisplayName': 'Reinaldo Gomes Da Silva', 'authorProfileImageUrl': 'https://yt3.ggpht.com/ytc/AGIKgqM7PKLyuLS2dIWjrkVDZ8c3TLYdGq7HrxM0OM1N5w=s48-c-k-c0x00ffffff-no-rj', 'authorChannelUrl': 'http://www.youtube.com/channel/UC-zgzfFiqS9PZkWZIEBd2Kg', 'authorChannelId': {'value': 'UC-zgzfFiqS9PZkWZIEBd2Kg'}, 'canRate': True, 'viewerRating': 'none', 'likeCount': 1, 'publishedAt': '2022-10-19T14:37:44Z', 'updatedAt': '2022-10-19T14:37:44Z'}}, 'canReply': True, 'totalReplyCount': 0, 'isPublic': True}",,UC-zgzfFiqS9PZkWZIEBd2Kg,2022-10-19T14:37:44Z,"Apoio integralmente o grupo Jovem Pan, e seus valorosos defensores da verdadeira imparcialidade e, sobretudo, da verdadeira Democracia! 👏🏻👏🏻👏🏻👏🏻👏🏻👏🏻👏🏻👏🏻👏🏻👏🏻👏🏻👏🏻👏🏻👏🏻👏🏻👏🏻👏🏻👏🏻👏🏻👏🏻👏🏻👏🏻👏🏻👏🏻👏🏻👏🏻👏🏻👏🏻👏🏻👏🏻👏🏻👏🏻👏🏻👏🏻👏🏻🇧🇷🇧🇷🇧🇷🇧🇷🇧🇷🇧🇷🇧🇷🇧🇷🇧🇷🇧🇷🇧🇷🇧🇷🇧🇷🇧🇷🇧🇷🇧🇷🇧🇷🇧🇷🇧🇷🇧🇷🇧🇷🇧🇷🇧🇷🇧🇷🇧🇷🇧🇷🇧🇷🇧🇷🇧🇷🇧🇷",QURTSl9pMTJxQXpJbW4ta2ZCTzV2Z1NtMHpORnR4NUk5RnlYakE2LTduWXNfMVpVdUc0dTRrdmRIVXREYXVuM1NHUTdWVXpxRHEzT211UQ==,2023-06-09 05:42:52.104148
youtube#commentThread,xFUO5Rx9SR9PkYh8wZluHhbE7Vg,UgynOtp8-t6WLrSVpgt4AaABAg,"{'videoId': 'SFubem2H08c', 'topLevelComment': {'kind': 'youtube#comment', 'etag': 'YStkNye3RlTzoEuVOYoIzaB7XiM', 'id': 'UgynOtp8-t6WLrSVpgt4AaABAg', 'snippet': {'videoId': 'SFubem2H08c', 'textDisplay': 'Chile, o país mais desenvolvido da América Latina, está descendo ao nível dos seus vizinhos estatizantes e avessos à iniciativa privada.<br>O general Pinochet está se revirando no túmulo.', 'textOriginal': 'Chile, o país mais desenvolvido da América Latina, está descendo ao nível dos seus vizinhos estatizantes e avessos à iniciativa privada.\\nO general Pinochet está se revirando no túmulo.', 'authorDisplayName': 'Julia Paiva.', 'authorProfileImageUrl': 'https://yt3.ggpht.com/_OzLGotBEksvsLDPOoVu0tJQitmyWLaETnWt9Qvc03IyurICTKb4GuDvsHF0uIAHMbaqjKpKAA=s48-c-k-c0x00ffffff-no-rj', 'authorChannelUrl': 'http://www.youtube.com/channel/UC_BCD2wPlMLV8EDz_LgC89A', 'authorChannelId': {'value': 'UC_BCD2wPlMLV8EDz_LgC89A'}, 'canRate': True, 'viewerRating': 'none', 'likeCount': 0, 'publishedAt': '2022-10-19T14:30:25Z', 'updatedAt': '2022-10-19T14:30:25Z'}}, 'canReply': True, 'totalReplyCount': 0, 'isPublic': True}",,UC_BCD2wPlMLV8EDz_LgC89A,2022-10-19T14:30:25Z,"Chile, o país mais desenvolvido da América Latina, está descendo ao nível dos seus vizinhos estatizantes e avessos à iniciativa privada.
O general Pinochet está se revirando no túmulo.",QURTSl9pMTJxQXpJbW4ta2ZCTzV2Z1NtMHpORnR4NUk5RnlYakE2LTduWXNfMVpVdUc0dTRrdmRIVXREYXVuM1NHUTdWVXpxRHEzT211UQ==,2023-06-09 05:42:52.104148
youtube#commentThread,7iWJBTmBGe6XV2RniLC1qMtl3nU,UgzEIpiDJAYI8Qy2jux4AaABAg,"{'videoId': 'SFubem2H08c', 'topLevelComment': {'kind': 'youtube#comment', 'etag': '1xF0HmD_2DHpCAmKYUIzkGRqQfo', 'id': 'UgzEIpiDJAYI8Qy2jux4AaABAg', 'snippet': {'videoId': 'SFubem2H08c', 'textDisplay': 'Fala da receita de cuscus', 'textOriginal': 'Fala da receita de cuscus', 'authorDisplayName': 'Luiz Carlos', 'authorProfileImageUrl': 'https://yt3.ggpht.com/jGyYkS6pqSyeYyj6faSlySgrAvNpmqKHRuLp57hC_h1cN1TRXEkwaRxIqd4C5yHCBcQMTUfeQFY=s48-c-k-c0x00ffffff-no-rj', 'authorChannelUrl': 'http://www.youtube.com/channel/UCjPzn81G-khV62jiJcCe3uA', 'authorChannelId': {'value': 'UCjPzn81G-khV62jiJcCe3uA'}, 'canRate': True, 'viewerRating': 'none', 'likeCount': 0, 'publishedAt': '2022-10-19T14:27:06Z', 'updatedAt': '2022-10-19T14:27:06Z'}}, 'canReply': True, 'totalReplyCount': 0, 'isPublic': True}",,UCjPzn81G-khV62jiJcCe3uA,2022-10-19T14:27:06Z,Fala da receita de cuscus,QURTSl9pMTJxQXpJbW4ta2ZCTzV2Z1NtMHpORnR4NUk5RnlYakE2LTduWXNfMVpVdUc0dTRrdmRIVXREYXVuM1NHUTdWVXpxRHEzT211UQ==,2023-06-09 05:42:52.104148
youtube#commentThread,gAnT0RFxJ9579TE48SM_iaQBLEk,Ugxs4_Ll0o0haKGSyzF4AaABAg,"{'videoId': 'SFubem2H08c', 'topLevelComment': {'kind': 'youtube#comment', 'etag': 'haK7eHq-WHIB5MBpEAzIs1lEzoQ', 'id': 'Ugxs4_Ll0o0haKGSyzF4AaABAg', 'snippet': {'videoId': 'SFubem2H08c', 'textDisplay': 'Depois os que votarem no lula  vão se arrepender amargamente  mais daí ja é tarde me da uma tristeza de pensar. Nisto    estes sem cérebro não tão enchergando', 'textOriginal': 'Depois os que votarem no lula  vão se arrepender amargamente  mais daí ja é tarde me da uma tristeza de pensar. Nisto    estes sem cérebro não tão enchergando', 'authorDisplayName': 'Urbano Ramos De Oliveira', 'authorProfileImageUrl': 'https://yt3.ggpht.com/ytc/AGIKgqN_iQDqBC1sXNIOmgaM1L8FlS4_yOKFnXRWag=s48-c-k-c0x00ffffff-no-rj', 'authorChannelUrl': 'http://www.youtube.com/channel/UCFZT_H-h1xhidHSZ2O_Fytw', 'authorChannelId': {'value': 'UCFZT_H-h1xhidHSZ2O_Fytw'}, 'canRate': True, 'viewerRating': 'none', 'likeCount': 1, 'publishedAt': '2022-10-19T14:25:38Z', 'updatedAt': '2022-10-19T14:25:38Z'}}, 'canReply': True, 'totalReplyCount': 0, 'isPublic': True}",,UCFZT_H-h1xhidHSZ2O_Fytw,2022-10-19T14:25:38Z,Depois os que votarem no lula  vão se arrepender amargamente  mais daí ja é tarde me da uma tristeza de pensar. Nisto    estes sem cérebro não tão enchergando,QURTSl9pMTJxQXpJbW4ta2ZCTzV2Z1NtMHpORnR4NUk5RnlYakE2LTduWXNfMVpVdUc0dTRrdmRIVXREYXVuM1NHUTdWVXpxRHEzT211UQ==,2023-06-09 05:42:52.104148
youtube#commentThread,ID-aQSjTMrJnM-OeNHLyK2iftgM,Ugw3MbQaysIjywW4scl4AaABAg,"{'videoId': 'SFubem2H08c', 'topLevelComment': {'kind': 'youtube#comment', 'etag': 'yVxtvMM63MI8sZtEuf6nAYknOv8', 'id': 'Ugw3MbQaysIjywW4scl4AaABAg', 'snippet': {'videoId': 'SFubem2H08c', 'textDisplay': 'Engraçado .<br>A esquerda é nacionalista .<br><br>Mas reclama de embargos .<br><br>Pra que serve as estatais?<br>E a agricultura estatizada ?<br><br>E porque não vendem pro nativo a própria gasolina que tem no subsolulo ?<br><br>Porque não movimenta a economia internamente já que são tão nacionalistas?<br><br><br>É super fácil não fazer nada e culpar os outros isso é típico esquerdismo .<br>O problema sempre é de alguém nunca ele..<br><br>E pior que a população acredita.<br>Pois eles são mestres em transformar os outros em monstros e eles em anjos.<br><br>Com isso o povo acreditando está protegido contra o mau permanece Fu..do.d0<br><br>E eles milionários.', 'textOriginal': 'Engraçado .\\nA esquerda é nacionalista .\\n\\nMas reclama de embargos .\\n\\nPra que serve as estatais?\\nE a agricultura estatizada ?\\n\\nE porque não vendem pro nativo a própria gasolina que tem no subsolulo ?\\n\\nPorque não movimenta a economia internamente já que são tão nacionalistas?\\n\\n\\nÉ super fácil não fazer nada e culpar os outros isso é típico esquerdismo .\\nO problema sempre é de alguém nunca ele..\\n\\nE pior que a população acredita.\\nPois eles são mestres em transformar os outros em monstros e eles em anjos.\\n\\nCom isso o povo acreditando está protegido contra o mau permanece Fu..do.d0\\n\\nE eles milionários.', 'authorDisplayName': 'Carlos Augusto', 'authorProfileImageUrl': 'https://yt3.ggpht.com/ytc/AGIKgqOFBRi5j-68aWk9ddX8oO_lM5QVU5yFKWwAE7u_xg=s48-c-k-c0x00ffffff-no-rj', 'authorChannelUrl': 'http://www.youtube.com/channel/UCC2fo6qEaa0sM38IVxfvpxA', 'authorChannelId': {'value': 'UCC2fo6qEaa0sM38IVxfvpxA'}, 'canRate': True, 'viewerRating': 'none', 'likeCount': 0, 'publishedAt': '2022-10-19T14:23:14Z', 'updatedAt': '2022-10-19T14:32:49Z'}}, 'canReply': True, 'totalReplyCount': 0, 'isPublic': True}",,UCC2fo6qEaa0sM38IVxfvpxA,2022-10-19T14:23:14Z,"Engraçado .
A esquerda é nacionalista .

Mas reclama de embargos .

Pra que serve as estatais?
E a agricultura estatizada ?

E porque não vendem pro nativo a própria gasolina que tem no subsolulo ?

Porque não movimenta a economia internamente já que são tão nacionalistas?


É super fácil não fazer nada e culpar os outros isso é típico esquerdismo .
O problema sempre é de alguém nunca ele..

E pior que a população acredita.
Pois eles são mestres em transformar os outros em monstros e eles em anjos.

Com isso o povo acreditando está protegido contra o mau permanece Fu..do.d0

E eles milionários.",QURTSl9pMTJxQXpJbW4ta2ZCTzV2Z1NtMHpORnR4NUk5RnlYakE2LTduWXNfMVpVdUc0dTRrdmRIVXREYXVuM1NHUTdWVXpxRHEzT211UQ==,2023-06-09 05:42:52.104148
youtube#commentThread,leDCEv-R0CjyubVpO75JQXRp3IM,Ugy2gjxpsfVJAv3NXXB4AaABAg,"{'videoId': 'SFubem2H08c', 'topLevelComment': {'kind': 'youtube#comment', 'etag': 'c52YT2GS-F8J4x6v0ZhuA4RUECs', 'id': 'Ugy2gjxpsfVJAv3NXXB4AaABAg', 'snippet': {'videoId': 'SFubem2H08c', 'textDisplay': 'Que Deus nos livre dessa maldição esquerdista', 'textOriginal': 'Que Deus nos livre dessa maldição esquerdista', 'authorDisplayName': 'sonapressao Gomes', 'authorProfileImageUrl': 'https://yt3.ggpht.com/ytc/AGIKgqMZT2asUiX_6kNbbug6EyS7ILSZZx258jC1SA=s48-c-k-c0x00ffffff-no-rj', 'authorChannelUrl': 'http://www.youtube.com/channel/UC50kt43A2JvvMaHPJlSMNfw', 'authorChannelId': {'value': 'UC50kt43A2JvvMaHPJlSMNfw'}, 'canRate': True, 'viewerRating': 'none', 'likeCount': 6, 'publishedAt': '2022-10-19T14:21:25Z', 'updatedAt': '2022-10-19T14:21:25Z'}}, 'canReply': True, 'totalReplyCount': 0, 'isPublic': True}",,UC50kt43A2JvvMaHPJlSMNfw,2022-10-19T14:21:25Z,Que Deus nos livre dessa maldição esquerdista,QURTSl9pMTJxQXpJbW4ta2ZCTzV2Z1NtMHpORnR4NUk5RnlYakE2LTduWXNfMVpVdUc0dTRrdmRIVXREYXVuM1NHUTdWVXpxRHEzT211UQ==,2023-06-09 05:42:52.104148
youtube#commentThread,KgXULgXie83RSX1ozQRFOWFCe3I,UgwtFmyoL7qM441gr0N4AaABAg,"{'videoId': 'SFubem2H08c', 'topLevelComment': {'kind': 'youtube#comment', 'etag': 'XQz6iYhRkjIJ36V5IAO8WK7RoSU', 'id': 'UgwtFmyoL7qM441gr0N4AaABAg', 'snippet': {'videoId': 'SFubem2H08c', 'textDisplay': 'Se política de esquerda fosse boa. O nordeste seria a locomotiva do Brasil..<br><br>A lógica é simples.', 'textOriginal': 'Se política de esquerda fosse boa. O nordeste seria a locomotiva do Brasil..\\n\\nA lógica é simples.', 'authorDisplayName': 'Carlos Augusto', 'authorProfileImageUrl': 'https://yt3.ggpht.com/ytc/AGIKgqOFBRi5j-68aWk9ddX8oO_lM5QVU5yFKWwAE7u_xg=s48-c-k-c0x00ffffff-no-rj', 'authorChannelUrl': 'http://www.youtube.com/channel/UCC2fo6qEaa0sM38IVxfvpxA', 'authorChannelId': {'value': 'UCC2fo6qEaa0sM38IVxfvpxA'}, 'canRate': True, 'viewerRating': 'none', 'likeCount': 0, 'publishedAt': '2022-10-19T14:18:26Z', 'updatedAt': '2022-10-19T14:18:26Z'}}, 'canReply': True, 'totalReplyCount': 0, 'isPublic': True}",,UCC2fo6qEaa0sM38IVxfvpxA,2022-10-19T14:18:26Z,"Se política de esquerda fosse boa. O nordeste seria a locomotiva do Brasil..

A lógica é simples.",QURTSl9pMTJxQXpJbW4ta2ZCTzV2Z1NtMHpORnR4NUk5RnlYakE2LTduWXNfMVpVdUc0dTRrdmRIVXREYXVuM1NHUTdWVXpxRHEzT211UQ==,2023-06-09 05:42:52.104148
youtube#commentThread,mGaKSIHaOrmObwFUu-7fxhC75dA,Ugz5SxB-EA-Xkf9gpcp4AaABAg,"{'videoId': 'SFubem2H08c', 'topLevelComment': {'kind': 'youtube#comment', 'etag': 'hYwuGbR-hy0o8J8IrjYBsJxPczo', 'id': 'Ugz5SxB-EA-Xkf9gpcp4AaABAg', 'snippet': {'videoId': 'SFubem2H08c', 'textDisplay': 'desculpa a minha inguinorancia , eu não entendo que todos os programa de tv ou da rede social , faz comentarios de outros paiz ; se fala muito deles ,o nosso paiz é o brasil nós temos que comentar é sobre o que está acontecendo aki ; não coparar com os outros , incrivel que as pessoas diminua o nosso brasil sendo que temos tudo aki pra ser o primeiro do mundo ; e não andamos pra frebte por que estamos olhando pro defeito dos outros , com toda cinseridades se todos olhase pra cá inves de olhar pra lá ; o destino do nosso brasil seria outro : independente se é de esquerda ou de direita', 'textOriginal': 'desculpa a minha inguinorancia , eu não entendo que todos os programa de tv ou da rede social , faz comentarios de outros paiz ; se fala muito deles ,o nosso paiz é o brasil nós temos que comentar é sobre o que está acontecendo aki ; não coparar com os outros , incrivel que as pessoas diminua o nosso brasil sendo que temos tudo aki pra ser o primeiro do mundo ; e não andamos pra frebte por que estamos olhando pro defeito dos outros , com toda cinseridades se todos olhase pra cá inves de olhar pra lá ; o destino do nosso brasil seria outro : independente se é de esquerda ou de direita', 'authorDisplayName': 'STUDIO BAT CAVERNA', 'authorProfileImageUrl': 'https://yt3.ggpht.com/ytc/AGIKgqNt5uSBPyKLREZverd8AWV-tzy85kbHjKQs7SBghg=s48-c-k-c0x00ffffff-no-rj', 'authorChannelUrl': 'http://www.youtube.com/channel/UCwMSav-klXT3hCI4a8QzzXg', 'authorChannelId': {'value': 'UCwMSav-klXT3hCI4a8QzzXg'}, 'canRate': True, 'viewerRating': 'none', 'likeCount': 0, 'publishedAt': '2022-10-19T14:10:28Z', 'updatedAt': '2022-10-19T14:10:28Z'}}, 'canReply': True, 'totalReplyCount': 0, 'isPublic': True}",,UCwMSav-klXT3hCI4a8QzzXg,2022-10-19T14:10:28Z,"desculpa a minha inguinorancia , eu não entendo que todos os programa de tv ou da rede social , faz comentarios de outros paiz ; se fala muito deles ,o nosso paiz é o brasil nós temos que comentar é sobre o que está acontecendo aki ; não coparar com os outros , incrivel que as pessoas diminua o nosso brasil sendo que temos tudo aki pra ser o primeiro do mundo ; e não andamos pra frebte por que estamos olhando pro defeito dos outros , com toda cinseridades se todos olhase pra cá inves de olhar pra lá ; o destino do nosso brasil seria outro : independente se é de esquerda ou de direita",QURTSl9pMTJxQXpJbW4ta2ZCTzV2Z1NtMHpORnR4NUk5RnlYakE2LTduWXNfMVpVdUc0dTRrdmRIVXREYXVuM1NHUTdWVXpxRHEzT211UQ==,2023-06-09 05:42:52.104148
youtube#commentThread,jfnMMv_8HMlgL6e_btP0TVDf1Eo,UgwAm4k4jQSXO6smZsZ4AaABAg,"{'videoId': 'SFubem2H08c', 'topLevelComment': {'kind': 'youtube#comment', 'etag': 'uGMvkPX45uUjK1Ez4pceHd-prXQ', 'id': 'UgwAm4k4jQSXO6smZsZ4AaABAg', 'snippet': {'videoId': 'SFubem2H08c', 'textDisplay': 'É simples, no primeiro turno teve mais de 30 milhões de votos nulos. Quem não vota ou vota nulo tá ajudando a esquerda voltar ao poder de novo.', 'textOriginal': 'É simples, no primeiro turno teve mais de 30 milhões de votos nulos. Quem não vota ou vota nulo tá ajudando a esquerda voltar ao poder de novo.', 'authorDisplayName': 'Demion', 'authorProfileImageUrl': 'https://yt3.ggpht.com/ytc/AGIKgqOeZkPjcJ65RaRa_pPRpL7p66R_0M2WZjEfKFNd=s48-c-k-c0x00ffffff-no-rj', 'authorChannelUrl': 'http://www.youtube.com/channel/UCh6Oder4SD28qrhQUx6zgHg', 'authorChannelId': {'value': 'UCh6Oder4SD28qrhQUx6zgHg'}, 'canRate': True, 'viewerRating': 'none', 'likeCount': 0, 'publishedAt': '2022-10-19T14:03:13Z', 'updatedAt': '2022-10-19T14:05:01Z'}}, 'canReply': True, 'totalReplyCount': 0, 'isPublic': True}",,UCh6Oder4SD28qrhQUx6zgHg,2022-10-19T14:03:13Z,"É simples, no primeiro turno teve mais de 30 milhões de votos nulos. Quem não vota ou vota nulo tá ajudando a esquerda voltar ao poder de novo.",QURTSl9pMTJxQXpJbW4ta2ZCTzV2Z1NtMHpORnR4NUk5RnlYakE2LTduWXNfMVpVdUc0dTRrdmRIVXREYXVuM1NHUTdWVXpxRHEzT211UQ==,2023-06-09 05:42:52.104148
youtube#commentThread,qoIt6215yaj378jfnmW5sQje7Uk,UgzwWhBLTa5KoeMc0v54AaABAg,"{'videoId': 'SFubem2H08c', 'topLevelComment': {'kind': 'youtube#comment', 'etag': 'bBdUT2cZrT6i1MPsYDZIuzgT9YE', 'id': 'UgzwWhBLTa5KoeMc0v54AaABAg', 'snippet': {'videoId': 'SFubem2H08c', 'textDisplay': 'Os comunistas querem destruir o Brasil vamos lutar contra esses vgbds e vence-los', 'textOriginal': 'Os comunistas querem destruir o Brasil vamos lutar contra esses vgbds e vence-los', 'authorDisplayName': 'Francisco Abreu', 'authorProfileImageUrl': 'https://yt3.ggpht.com/ytc/AGIKgqO8hy1wZHWoH7wldmE8G6DanpMJHOsmB7gAeOAu97HY0nScpeTeB2Agp9ehKJvG=s48-c-k-c0x00ffffff-no-rj', 'authorChannelUrl': 'http://www.youtube.com/channel/UC-lmH5kOthtaocViDg7wfpQ', 'authorChannelId': {'value': 'UC-lmH5kOthtaocViDg7wfpQ'}, 'canRate': True, 'viewerRating': 'none', 'likeCount': 0, 'publishedAt': '2022-10-19T13:58:10Z', 'updatedAt': '2022-10-19T13:58:10Z'}}, 'canReply': True, 'totalReplyCount': 0, 'isPublic': True}",,UC-lmH5kOthtaocViDg7wfpQ,2022-10-19T13:58:10Z,Os comunistas querem destruir o Brasil vamos lutar contra esses vgbds e vence-los,QURTSl9pMTJxQXpJbW4ta2ZCTzV2Z1NtMHpORnR4NUk5RnlYakE2LTduWXNfMVpVdUc0dTRrdmRIVXREYXVuM1NHUTdWVXpxRHEzT211UQ==,2023-06-09 05:42:52.104148
youtube#commentThread,Xe53maS1M1q15bkB24D5qIHlVzg,UgyerpJdg5VST_wv6IV4AaABAg,"{'videoId': 'SFubem2H08c', 'topLevelComment': {'kind': 'youtube#comment', 'etag': 'cwDUZK8B15E7Qbi2R8cNXWDFwgc', 'id': 'UgyerpJdg5VST_wv6IV4AaABAg', 'snippet': {'videoId': 'SFubem2H08c', 'textDisplay': 'Vixxxi', 'textOriginal': 'Vixxxi', 'authorDisplayName': 'Nilson Serra', 'authorProfileImageUrl': 'https://yt3.ggpht.com/ytc/AGIKgqO7SJpEZmn8Kmwy_kjkRgDoH8-3Ci1VaS4qRA=s48-c-k-c0x00ffffff-no-rj', 'authorChannelUrl': 'http://www.youtube.com/channel/UCwxShW5EUMzh9yt1zIGZnrw', 'authorChannelId': {'value': 'UCwxShW5EUMzh9yt1zIGZnrw'}, 'canRate': True, 'viewerRating': 'none', 'likeCount': 0, 'publishedAt': '2022-10-19T13:56:01Z', 'updatedAt': '2022-10-19T13:56:01Z'}}, 'canReply': True, 'totalReplyCount': 0, 'isPublic': True}",,UCwxShW5EUMzh9yt1zIGZnrw,2022-10-19T13:56:01Z,Vixxxi,QURTSl9pMTJxQXpJbW4ta2ZCTzV2Z1NtMHpORnR4NUk5RnlYakE2LTduWXNfMVpVdUc0dTRrdmRIVXREYXVuM1NHUTdWVXpxRHEzT211UQ==,2023-06-09 05:42:52.104148
youtube#commentThread,HO6Xkx31zrK8zX0ROcIZ3CrHRWU,Ugw6cNNnYTTmd2MdMEZ4AaABAg,"{'videoId': 'SFubem2H08c', 'topLevelComment': {'kind': 'youtube#comment', 'etag': '_n4qHpyXbwdRy4wDNvefu4n1-II', 'id': 'Ugw6cNNnYTTmd2MdMEZ4AaABAg', 'snippet': {'videoId': 'SFubem2H08c', 'textDisplay': 'Isso é assim mesmo,povo fraco dependendo totalmente do governo através de auxílios,desarmados e totalmente dependente e calados', 'textOriginal': 'Isso é assim mesmo,povo fraco dependendo totalmente do governo através de auxílios,desarmados e totalmente dependente e calados', 'authorDisplayName': 'Anderson Raimundo', 'authorProfileImageUrl': 'https://yt3.ggpht.com/ytc/AGIKgqOZhj2NnFQn0_D3VkbREFgBGknbZj9wDHy_BA=s48-c-k-c0x00ffffff-no-rj', 'authorChannelUrl': 'http://www.youtube.com/channel/UCL4a4X59daKUUXg3gDceIXw', 'authorChannelId': {'value': 'UCL4a4X59daKUUXg3gDceIXw'}, 'canRate': True, 'viewerRating': 'none', 'likeCount': 1, 'publishedAt': '2022-10-19T13:55:13Z', 'updatedAt': '2022-10-19T13:55:13Z'}}, 'canReply': True, 'totalReplyCount': 0, 'isPublic': True}",,UCL4a4X59daKUUXg3gDceIXw,2022-10-19T13:55:13Z,"Isso é assim mesmo,povo fraco dependendo totalmente do governo através de auxílios,desarmados e totalmente dependente e calados",QURTSl9pMTJxQXpJbW4ta2ZCTzV2Z1NtMHpORnR4NUk5RnlYakE2LTduWXNfMVpVdUc0dTRrdmRIVXREYXVuM1NHUTdWVXpxRHEzT211UQ==,2023-06-09 05:42:52.104148
youtube#commentThread,Zb_WjL0CTy-RAQYhXTlZxAAWQrc,UgzVXAqoq69w3CWRvnp4AaABAg,"{'videoId': 'SFubem2H08c', 'topLevelComment': {'kind': 'youtube#comment', 'etag': 'ZjTjuzmzGE_ZMqKGMR8p-v0klYk', 'id': 'UgzVXAqoq69w3CWRvnp4AaABAg', 'snippet': {'videoId': 'SFubem2H08c', 'textDisplay': 'A América latina ainda não aprendeu a votar, ou gostam de SOFRER????', 'textOriginal': 'A América latina ainda não aprendeu a votar, ou gostam de SOFRER????', 'authorDisplayName': 'alex pratti', 'authorProfileImageUrl': 'https://yt3.ggpht.com/ytc/AGIKgqOFgo54fsCzWHj530soALUOa-1LLQXYumx-fLXwsw=s48-c-k-c0x00ffffff-no-rj', 'authorChannelUrl': 'http://www.youtube.com/channel/UCg2zKdbMIqz20ewlwblfc-Q', 'authorChannelId': {'value': 'UCg2zKdbMIqz20ewlwblfc-Q'}, 'canRate': True, 'viewerRating': 'none', 'likeCount': 14, 'publishedAt': '2022-10-19T13:54:58Z', 'updatedAt': '2022-10-19T13:54:58Z'}}, 'canReply': True, 'totalReplyCount': 0, 'isPublic': True}",,UCg2zKdbMIqz20ewlwblfc-Q,2022-10-19T13:54:58Z,"A América latina ainda não aprendeu a votar, ou gostam de SOFRER????",QURTSl9pMGdENmxrOEgxN3dNWjZDT1dueFVfUlhiZEtfYVFDVm45QUpHWFRvV1RYdVhPa25xU01xdVAwaEdrVDl2QklBeXlqcThBWEktYw==,2023-06-09 05:42:52.852395
youtube#commentThread,0XqQEzUdXQjqtTlIOwifXqKJ3-Q,UgwZtV7ZiqYAIsPLMxF4AaABAg,"{'videoId': 'SFubem2H08c', 'topLevelComment': {'kind': 'youtube#comment', 'etag': '-XiENW2liTW0eBdSbdjmMScKbJY', 'id': 'UgwZtV7ZiqYAIsPLMxF4AaABAg', 'snippet': {'videoId': 'SFubem2H08c', 'textDisplay': 'Só não dá e pra todo mundo tá vindo pro nossos pais aqui já não anda muito bom imagina se lotar de pessoas', 'textOriginal': 'Só não dá e pra todo mundo tá vindo pro nossos pais aqui já não anda muito bom imagina se lotar de pessoas', 'authorDisplayName': 'abacaxi cultura FDA', 'authorProfileImageUrl': 'https://yt3.ggpht.com/g7yOjCAJCMs6KOvR74ayQ6SfQbVpu_VsVHDBkgRfCsA-idQ8d7kpFaGLlRYy90gjFZpJjFbYOQU=s48-c-k-c0x00ffffff-no-rj', 'authorChannelUrl': 'http://www.youtube.com/channel/UCM3Iy8DB_MoB3iXlRolz9TQ', 'authorChannelId': {'value': 'UCM3Iy8DB_MoB3iXlRolz9TQ'}, 'canRate': True, 'viewerRating': 'none', 'likeCount': 0, 'publishedAt': '2022-10-19T13:51:56Z', 'updatedAt': '2022-10-19T13:51:56Z'}}, 'canReply': True, 'totalReplyCount': 0, 'isPublic': True}",,UCM3Iy8DB_MoB3iXlRolz9TQ,2022-10-19T13:51:56Z,Só não dá e pra todo mundo tá vindo pro nossos pais aqui já não anda muito bom imagina se lotar de pessoas,QURTSl9pMGdENmxrOEgxN3dNWjZDT1dueFVfUlhiZEtfYVFDVm45QUpHWFRvV1RYdVhPa25xU01xdVAwaEdrVDl2QklBeXlqcThBWEktYw==,2023-06-09 05:42:52.852395
youtube#commentThread,3PZ-9xzQ7DecQwvuuZz_4DSJcAM,UgwqLWH1nJxk0mnwaRp4AaABAg,"{'videoId': 'SFubem2H08c', 'topLevelComment': {'kind': 'youtube#comment', 'etag': 'VXUk43Pvm1FWmC45M2YiP1FloDw', 'id': 'UgwqLWH1nJxk0mnwaRp4AaABAg', 'snippet': {'videoId': 'SFubem2H08c', 'textDisplay': 'Jovem pan é fera!!!', 'textOriginal': 'Jovem pan é fera!!!', 'authorDisplayName': 'maicon ricardo', 'authorProfileImageUrl': 'https://yt3.ggpht.com/MYw51iln3JZq1Ij1tvOiGzcPJ0cVvsmY-n0q-XackCQPTIc5sHzlNdccu3qVIoMCmmmC7-cm=s48-c-k-c0x00ffffff-no-rj', 'authorChannelUrl': 'http://www.youtube.com/channel/UC3YBwNClL3AMVBD6vKlsbMQ', 'authorChannelId': {'value': 'UC3YBwNClL3AMVBD6vKlsbMQ'}, 'canRate': True, 'viewerRating': 'none', 'likeCount': 1, 'publishedAt': '2022-10-19T13:45:19Z', 'updatedAt': '2022-10-19T13:45:19Z'}}, 'canReply': True, 'totalReplyCount': 0, 'isPublic': True}",,UC3YBwNClL3AMVBD6vKlsbMQ,2022-10-19T13:45:19Z,Jovem pan é fera!!!,QURTSl9pMGdENmxrOEgxN3dNWjZDT1dueFVfUlhiZEtfYVFDVm45QUpHWFRvV1RYdVhPa25xU01xdVAwaEdrVDl2QklBeXlqcThBWEktYw==,2023-06-09 05:42:52.852395
youtube#commentThread,ZwDyYHV5itXjRwx3CCU87V6LSq0,UgyYrIdx6Q3adjWHzgB4AaABAg,"{'videoId': 'SFubem2H08c', 'topLevelComment': {'kind': 'youtube#comment', 'etag': 'p7y1EfyWxmHtEhD1gVXT5n-4p_k', 'id': 'UgyYrIdx6Q3adjWHzgB4AaABAg', 'snippet': {'videoId': 'SFubem2H08c', 'textDisplay': 'Avante Jovem Pan !!!! Não desistiremos do Brasil . Contem conosco .', 'textOriginal': 'Avante Jovem Pan !!!! Não desistiremos do Brasil . Contem conosco .', 'authorDisplayName': 'Juliano Dias', 'authorProfileImageUrl': 'https://yt3.ggpht.com/ytc/AGIKgqPunJfPuCl4AngHHOSOEMDXz6MfzYvdzXM8Zw=s48-c-k-c0x00ffffff-no-rj', 'authorChannelUrl': 'http://www.youtube.com/channel/UCAEHr56JCXWzXribgjIdYkA', 'authorChannelId': {'value': 'UCAEHr56JCXWzXribgjIdYkA'}, 'canRate': True, 'viewerRating': 'none', 'likeCount': 16, 'publishedAt': '2022-10-19T13:39:44Z', 'updatedAt': '2022-10-19T13:39:44Z'}}, 'canReply': True, 'totalReplyCount': 0, 'isPublic': True}",,UCAEHr56JCXWzXribgjIdYkA,2022-10-19T13:39:44Z,Avante Jovem Pan !!!! Não desistiremos do Brasil . Contem conosco .,QURTSl9pMGdENmxrOEgxN3dNWjZDT1dueFVfUlhiZEtfYVFDVm45QUpHWFRvV1RYdVhPa25xU01xdVAwaEdrVDl2QklBeXlqcThBWEktYw==,2023-06-09 05:42:52.852395
youtube#commentThread,S8wOp9yoz4ig02BKH03uAQs-7qw,Ugz2IdFpEXNQARDtfGt4AaABAg,"{'videoId': 'SFubem2H08c', 'topLevelComment': {'kind': 'youtube#comment', 'etag': 'jrDBrcY2TQlHBG3BgLDfySNVjqY', 'id': 'Ugz2IdFpEXNQARDtfGt4AaABAg', 'snippet': {'videoId': 'SFubem2H08c', 'textDisplay': 'Se não abrirmos os olhos faremos parte deste grupo o ano que vem. E depois não adianta reclamar, pois fomos nós que escolhemos este caminho.', 'textOriginal': 'Se não abrirmos os olhos faremos parte deste grupo o ano que vem. E depois não adianta reclamar, pois fomos nós que escolhemos este caminho.', 'authorDisplayName': 'jose ailton do nascimento silva', 'authorProfileImageUrl': 'https://yt3.ggpht.com/ytc/AGIKgqMy25IOY_E-sZpTdfoPezdYa1nmATUdJ3b0DvGeVYVufCPW1pPIP8_y28kSab3A=s48-c-k-c0x00ffffff-no-rj', 'authorChannelUrl': 'http://www.youtube.com/channel/UC__uyt1_xGZNjKfpq53Vidw', 'authorChannelId': {'value': 'UC__uyt1_xGZNjKfpq53Vidw'}, 'canRate': True, 'viewerRating': 'none', 'likeCount': 5, 'publishedAt': '2022-10-19T13:38:53Z', 'updatedAt': '2022-10-19T13:38:53Z'}}, 'canReply': True, 'totalReplyCount': 1, 'isPublic': True}","{'comments': [{'kind': 'youtube#comment', 'etag': '1iM8vyhDYs4UEgmZ3LqDL7Zs_QA', 'id': 'Ugz2IdFpEXNQARDtfGt4AaABAg.9hMw5WkDTDw9hPlzVCjQzQ', 'snippet': {'videoId': 'SFubem2H08c', 'textDisplay': 'Nós não vou dizer 80%do Nordeste e são exatamente esses que pagarão pra ver a pobreza extrema.', 'textOriginal': 'Nós não vou dizer 80%do Nordeste e são exatamente esses que pagarão pra ver a pobreza extrema.', 'parentId': 'Ugz2IdFpEXNQARDtfGt4AaABAg', 'authorDisplayName': 'Raimundo Rodrigues', 'authorProfileImageUrl': 'https://yt3.ggpht.com/ytc/AGIKgqMiUyICIyQ1r9QjMo9GXGSMfWAmnem7LAZaxQ=s48-c-k-c0x00ffffff-no-rj', 'authorChannelUrl': 'http://www.youtube.com/channel/UC7LlLbYsiSHROlXLuuB91ig', 'authorChannelId': {'value': 'UC7LlLbYsiSHROlXLuuB91ig'}, 'canRate': True, 'viewerRating': 'none', 'likeCount': 0, 'publishedAt': '2022-10-20T16:08:16Z', 'updatedAt': '2022-10-20T16:08:16Z'}}]}",UC__uyt1_xGZNjKfpq53Vidw,2022-10-19T13:38:53Z,"Se não abrirmos os olhos faremos parte deste grupo o ano que vem. E depois não adianta reclamar, pois fomos nós que escolhemos este caminho.",QURTSl9pMGdENmxrOEgxN3dNWjZDT1dueFVfUlhiZEtfYVFDVm45QUpHWFRvV1RYdVhPa25xU01xdVAwaEdrVDl2QklBeXlqcThBWEktYw==,2023-06-09 05:42:52.852395
youtube#commentThread,TAPyT_aPW1M5gNtbzxljKEX6GfE,Ugz6fiLj01YZh_8Wr194AaABAg,"{'videoId': 'SFubem2H08c', 'topLevelComment': {'kind': 'youtube#comment', 'etag': 'R6umxAiLw8Bqaevuv6fII-1_Sf8', 'id': 'Ugz6fiLj01YZh_8Wr194AaABAg', 'snippet': {'videoId': 'SFubem2H08c', 'textDisplay': 'Quem planta socialismo colhe miséria!<br>América Latina indo para o buraco.', 'textOriginal': 'Quem planta socialismo colhe miséria!\\nAmérica Latina indo para o buraco.', 'authorDisplayName': 'Ricardo Rodrigues', 'authorProfileImageUrl': 'https://yt3.ggpht.com/ytc/AGIKgqM8CDDOrP_yOSEmS7MyWkhJ_nyFX0JaLSSY5XFqaQ=s48-c-k-c0x00ffffff-no-rj', 'authorChannelUrl': 'http://www.youtube.com/channel/UCIea66NSWbOaU5Yw5Zp3_aA', 'authorChannelId': {'value': 'UCIea66NSWbOaU5Yw5Zp3_aA'}, 'canRate': True, 'viewerRating': 'none', 'likeCount': 1, 'publishedAt': '2022-10-19T13:31:28Z', 'updatedAt': '2022-10-19T13:31:28Z'}}, 'canReply': True, 'totalReplyCount': 0, 'isPublic': True}",,UCIea66NSWbOaU5Yw5Zp3_aA,2022-10-19T13:31:28Z,"Quem planta socialismo colhe miséria!
América Latina indo para o buraco.",QURTSl9pMGdENmxrOEgxN3dNWjZDT1dueFVfUlhiZEtfYVFDVm45QUpHWFRvV1RYdVhPa25xU01xdVAwaEdrVDl2QklBeXlqcThBWEktYw==,2023-06-09 05:42:52.852395
youtube#commentThread,cUPxR2H6bKE-30mcoM65ytH0Akw,UgxTloOKSgSwiUofuXl4AaABAg,"{'videoId': 'SFubem2H08c', 'topLevelComment': {'kind': 'youtube#comment', 'etag': 'MFdcp1--vLXOx-G_bQUOcYMB5VM', 'id': 'UgxTloOKSgSwiUofuXl4AaABAg', 'snippet': {'videoId': 'SFubem2H08c', 'textDisplay': 'Deus proteja seu povo cristao', 'textOriginal': 'Deus proteja seu povo cristao', 'authorDisplayName': 'Loinha Favero', 'authorProfileImageUrl': 'https://yt3.ggpht.com/ytc/AGIKgqO6iVKqiMjSAeSJlxd3Lh3bM5jk4AZEOos0HJHIhyPioehTOLMycgIEagsVzBsY=s48-c-k-c0x00ffffff-no-rj', 'authorChannelUrl': 'http://www.youtube.com/channel/UCIXpvVa9wU8mG0sUya7FNdA', 'authorChannelId': {'value': 'UCIXpvVa9wU8mG0sUya7FNdA'}, 'canRate': True, 'viewerRating': 'none', 'likeCount': 3, 'publishedAt': '2022-10-19T13:30:52Z', 'updatedAt': '2022-10-19T13:30:52Z'}}, 'canReply': True, 'totalReplyCount': 0, 'isPublic': True}",,UCIXpvVa9wU8mG0sUya7FNdA,2022-10-19T13:30:52Z,Deus proteja seu povo cristao,QURTSl9pMGdENmxrOEgxN3dNWjZDT1dueFVfUlhiZEtfYVFDVm45QUpHWFRvV1RYdVhPa25xU01xdVAwaEdrVDl2QklBeXlqcThBWEktYw==,2023-06-09 05:42:52.852395
youtube#commentThread,4QAlHmWXQdwgruKvtRDNeCuiZsM,UgyJd_PSxKTPBjakuEN4AaABAg,"{'videoId': 'SFubem2H08c', 'topLevelComment': {'kind': 'youtube#comment', 'etag': 'flEPNSB9P9iq-z9fpcq-fKL3f78', 'id': 'UgyJd_PSxKTPBjakuEN4AaABAg', 'snippet': {'videoId': 'SFubem2H08c', 'textDisplay': 'Segundo a lenda onde o rei MIDAS colocava a mão virava Ouro, a esquerda é o contrário, onde coloca a mão virá Mer*a.', 'textOriginal': 'Segundo a lenda onde o rei MIDAS colocava a mão virava Ouro, a esquerda é o contrário, onde coloca a mão virá Mer*a.', 'authorDisplayName': 'Carlos Moraes', 'authorProfileImageUrl': 'https://yt3.ggpht.com/ytc/AGIKgqOd2wRKoqcRON0z_uikYEhjTNDkx9tf3oJGjA=s48-c-k-c0x00ffffff-no-rj', 'authorChannelUrl': 'http://www.youtube.com/channel/UCY6z5FEd-J2pmDuHscazmBA', 'authorChannelId': {'value': 'UCY6z5FEd-J2pmDuHscazmBA'}, 'canRate': True, 'viewerRating': 'none', 'likeCount': 0, 'publishedAt': '2022-10-19T13:30:23Z', 'updatedAt': '2022-10-19T13:30:23Z'}}, 'canReply': True, 'totalReplyCount': 0, 'isPublic': True}",,UCY6z5FEd-J2pmDuHscazmBA,2022-10-19T13:30:23Z,"Segundo a lenda onde o rei MIDAS colocava a mão virava Ouro, a esquerda é o contrário, onde coloca a mão virá Mer*a.",QURTSl9pMGdENmxrOEgxN3dNWjZDT1dueFVfUlhiZEtfYVFDVm45QUpHWFRvV1RYdVhPa25xU01xdVAwaEdrVDl2QklBeXlqcThBWEktYw==,2023-06-09 05:42:52.852395
youtube#commentThread,iuWdQYPD4psIEOFAx_4amSwmWaI,UgxdHWWW2V7R2pdSw3p4AaABAg,"{'videoId': 'SFubem2H08c', 'topLevelComment': {'kind': 'youtube#comment', 'etag': 'SJ7Z9OQ4zjdSkTBngfzm6uYve70', 'id': 'UgxdHWWW2V7R2pdSw3p4AaABAg', 'snippet': {'videoId': 'SFubem2H08c', 'textDisplay': 'Não souberam escolher o PRESIDENTE agora estão sofrendo  olha aí  para isso não acontece no Brasil...KKKRRRSSS KKKRRRSSS KKKRRRSSS KKKRRRSSS', 'textOriginal': 'Não souberam escolher o PRESIDENTE agora estão sofrendo  olha aí  para isso não acontece no Brasil...KKKRRRSSS KKKRRRSSS KKKRRRSSS KKKRRRSSS', 'authorDisplayName': 'José Edival', 'authorProfileImageUrl': 'https://yt3.ggpht.com/ytc/AGIKgqOshpVaDKj4s5o-7jXHhnXDbzCCdYw7Mp1Ti1LMl3DDUYYemkqzXmucrxYR9SWs=s48-c-k-c0x00ffffff-no-rj', 'authorChannelUrl': 'http://www.youtube.com/channel/UCYPgrtNWBk3nV_BUyY5kEkA', 'authorChannelId': {'value': 'UCYPgrtNWBk3nV_BUyY5kEkA'}, 'canRate': True, 'viewerRating': 'none', 'likeCount': 1, 'publishedAt': '2022-10-19T13:29:42Z', 'updatedAt': '2022-10-19T13:29:42Z'}}, 'canReply': True, 'totalReplyCount': 0, 'isPublic': True}",,UCYPgrtNWBk3nV_BUyY5kEkA,2022-10-19T13:29:42Z,Não souberam escolher o PRESIDENTE agora estão sofrendo  olha aí  para isso não acontece no Brasil...KKKRRRSSS KKKRRRSSS KKKRRRSSS KKKRRRSSS,QURTSl9pMGdENmxrOEgxN3dNWjZDT1dueFVfUlhiZEtfYVFDVm45QUpHWFRvV1RYdVhPa25xU01xdVAwaEdrVDl2QklBeXlqcThBWEktYw==,2023-06-09 05:42:52.852395
youtube#commentThread,VeCmVY0laay6rbMzpIKH9q5XClE,UgzoomYAQK4JbpWExN54AaABAg,"{'videoId': 'SFubem2H08c', 'topLevelComment': {'kind': 'youtube#comment', 'etag': 'RMcHY_BlK7EKKbMBVOz_LJ3_2fk', 'id': 'UgzoomYAQK4JbpWExN54AaABAg', 'snippet': {'videoId': 'SFubem2H08c', 'textDisplay': '2️⃣2️⃣🇧🇷🇧🇷🇧🇷👏👏🙏🙏', 'textOriginal': '2️⃣2️⃣🇧🇷🇧🇷🇧🇷👏👏🙏🙏', 'authorDisplayName': 'Rodrigo ferro', 'authorProfileImageUrl': 'https://yt3.ggpht.com/ytc/AGIKgqNzpsmQdpt7rI0pQMIC-GH3yaI4O6GYYI6mEw=s48-c-k-c0x00ffffff-no-rj', 'authorChannelUrl': 'http://www.youtube.com/channel/UC5s0eosD_y77dhmudcKf40g', 'authorChannelId': {'value': 'UC5s0eosD_y77dhmudcKf40g'}, 'canRate': True, 'viewerRating': 'none', 'likeCount': 2, 'publishedAt': '2022-10-19T13:27:21Z', 'updatedAt': '2022-10-19T13:27:21Z'}}, 'canReply': True, 'totalReplyCount': 0, 'isPublic': True}",,UC5s0eosD_y77dhmudcKf40g,2022-10-19T13:27:21Z,2️⃣2️⃣🇧🇷🇧🇷🇧🇷👏👏🙏🙏,QURTSl9pMGdENmxrOEgxN3dNWjZDT1dueFVfUlhiZEtfYVFDVm45QUpHWFRvV1RYdVhPa25xU01xdVAwaEdrVDl2QklBeXlqcThBWEktYw==,2023-06-09 05:42:52.852395
youtube#commentThread,T-ZEtMTODG3px6bCmTQLwdiIh2A,UgzkqiHYtFXdAOhsWO94AaABAg,"{'videoId': 'SFubem2H08c', 'topLevelComment': {'kind': 'youtube#comment', 'etag': 'LFdaoNBi89n-81LPHlKbKutOg_U', 'id': 'UgzkqiHYtFXdAOhsWO94AaABAg', 'snippet': {'videoId': 'SFubem2H08c', 'textDisplay': 'Maconheiro e esquerdista só poderia dar nisto...', 'textOriginal': 'Maconheiro e esquerdista só poderia dar nisto...', 'authorDisplayName': 'Reinaldo Zanandreia', 'authorProfileImageUrl': 'https://yt3.ggpht.com/ytc/AGIKgqNAKT4wlWAlAY5YvVZUm49niizxGObiTW5jUQ=s48-c-k-c0x00ffffff-no-rj', 'authorChannelUrl': 'http://www.youtube.com/channel/UC1dw4k_jWEg-ihJxlUgLuFQ', 'authorChannelId': {'value': 'UC1dw4k_jWEg-ihJxlUgLuFQ'}, 'canRate': True, 'viewerRating': 'none', 'likeCount': 0, 'publishedAt': '2022-10-19T13:24:36Z', 'updatedAt': '2022-10-19T13:24:36Z'}}, 'canReply': True, 'totalReplyCount': 0, 'isPublic': True}",,UC1dw4k_jWEg-ihJxlUgLuFQ,2022-10-19T13:24:36Z,Maconheiro e esquerdista só poderia dar nisto...,QURTSl9pMGdENmxrOEgxN3dNWjZDT1dueFVfUlhiZEtfYVFDVm45QUpHWFRvV1RYdVhPa25xU01xdVAwaEdrVDl2QklBeXlqcThBWEktYw==,2023-06-09 05:42:52.852395
youtube#commentThread,Jnu3sVGBTHnTNhTjwxEz-ERw2bs,Ugx3wScJpjBsCQxnS_Z4AaABAg,"{'videoId': 'SFubem2H08c', 'topLevelComment': {'kind': 'youtube#comment', 'etag': '4sydSEk774G-mXM4D24PTW3b1Rs', 'id': 'Ugx3wScJpjBsCQxnS_Z4AaABAg', 'snippet': {'videoId': 'SFubem2H08c', 'textDisplay': '<a href=""http://www.youtube.com/results?search_query=%23b22"">#B22</a>', 'textOriginal': '#B22', 'authorDisplayName': 'Benedito Moura', 'authorProfileImageUrl': 'https://yt3.ggpht.com/ytc/AGIKgqN-iiuZkZCMku5LyUeajJixZLWWJhfr008yerazQXHY0DHDm58oKi4Hz3hEY2Rr=s48-c-k-c0x00ffffff-no-rj', 'authorChannelUrl': 'http://www.youtube.com/channel/UCTshPWfLhKiaaW432cieeWA', 'authorChannelId': {'value': 'UCTshPWfLhKiaaW432cieeWA'}, 'canRate': True, 'viewerRating': 'none', 'likeCount': 1, 'publishedAt': '2022-10-19T13:24:13Z', 'updatedAt': '2022-10-19T13:24:13Z'}}, 'canReply': True, 'totalReplyCount': 0, 'isPublic': True}",,UCTshPWfLhKiaaW432cieeWA,2022-10-19T13:24:13Z,#B22,QURTSl9pMGdENmxrOEgxN3dNWjZDT1dueFVfUlhiZEtfYVFDVm45QUpHWFRvV1RYdVhPa25xU01xdVAwaEdrVDl2QklBeXlqcThBWEktYw==,2023-06-09 05:42:52.852395
youtube#commentThread,g07wuDtElc73Psuk7dev8qfHEjs,Ugzj2aA1i-frDcBUYI54AaABAg,"{'videoId': 'SFubem2H08c', 'topLevelComment': {'kind': 'youtube#comment', 'etag': 'nBVT_ZuDCCG2mG01ozqytJ0DgO8', 'id': 'Ugzj2aA1i-frDcBUYI54AaABAg', 'snippet': {'videoId': 'SFubem2H08c', 'textDisplay': 'Esse presidente do Chile parece um daqueles idiotas militantes do PCO KKKKKKK', 'textOriginal': 'Esse presidente do Chile parece um daqueles idiotas militantes do PCO KKKKKKK', 'authorDisplayName': 'jforechif50', 'authorProfileImageUrl': 'https://yt3.ggpht.com/ytc/AGIKgqPEPkUFHDBQp_SNtDTYTGE_T64t44Am2Qv3oQ=s48-c-k-c0x00ffffff-no-rj', 'authorChannelUrl': 'http://www.youtube.com/channel/UCENAnH4rCdouFVtccrixrFg', 'authorChannelId': {'value': 'UCENAnH4rCdouFVtccrixrFg'}, 'canRate': True, 'viewerRating': 'none', 'likeCount': 0, 'publishedAt': '2022-10-19T13:23:34Z', 'updatedAt': '2022-10-19T13:23:34Z'}}, 'canReply': True, 'totalReplyCount': 0, 'isPublic': True}",,UCENAnH4rCdouFVtccrixrFg,2022-10-19T13:23:34Z,Esse presidente do Chile parece um daqueles idiotas militantes do PCO KKKKKKK,QURTSl9pMGdENmxrOEgxN3dNWjZDT1dueFVfUlhiZEtfYVFDVm45QUpHWFRvV1RYdVhPa25xU01xdVAwaEdrVDl2QklBeXlqcThBWEktYw==,2023-06-09 05:42:52.852395
youtube#commentThread,L-Qnx9McNicrr62_IFoSeiTwp3Y,Ugwdq5l_7zcyQFRB_jh4AaABAg,"{'videoId': 'SFubem2H08c', 'topLevelComment': {'kind': 'youtube#comment', 'etag': 'EPjf07d0QxIzWVZCYcUaaIJD9ZQ', 'id': 'Ugwdq5l_7zcyQFRB_jh4AaABAg', 'snippet': {'videoId': 'SFubem2H08c', 'textDisplay': 'ELES vieram pra mentir roubar matar e destruí.', 'textOriginal': 'ELES vieram pra mentir roubar matar e destruí.', 'authorDisplayName': 'Rios de águas vivas', 'authorProfileImageUrl': 'https://yt3.ggpht.com/UMUHjRw-Y2DhAPqYNLrZK6mViZ5o5DhjV_RF9FQdXO5ii7M4QPYZQF7RprveEzpxYHAMzS5ALgk=s48-c-k-c0x00ffffff-no-rj', 'authorChannelUrl': 'http://www.youtube.com/channel/UCD57GJUARZDHJc-yIHtBCEA', 'authorChannelId': {'value': 'UCD57GJUARZDHJc-yIHtBCEA'}, 'canRate': True, 'viewerRating': 'none', 'likeCount': 0, 'publishedAt': '2022-10-19T13:21:52Z', 'updatedAt': '2022-10-19T13:21:52Z'}}, 'canReply': True, 'totalReplyCount': 0, 'isPublic': True}",,UCD57GJUARZDHJc-yIHtBCEA,2022-10-19T13:21:52Z,ELES vieram pra mentir roubar matar e destruí.,QURTSl9pMGdENmxrOEgxN3dNWjZDT1dueFVfUlhiZEtfYVFDVm45QUpHWFRvV1RYdVhPa25xU01xdVAwaEdrVDl2QklBeXlqcThBWEktYw==,2023-06-09 05:42:52.852395
youtube#commentThread,Z9yu3w3SxjbuN18SgODxJFOzKcQ,UgxDv6RTtEx_4aYkIJd4AaABAg,"{'videoId': 'SFubem2H08c', 'topLevelComment': {'kind': 'youtube#comment', 'etag': 'p17twV5O67WxH8x4OGBAE7IElag', 'id': 'UgxDv6RTtEx_4aYkIJd4AaABAg', 'snippet': {'videoId': 'SFubem2H08c', 'textDisplay': 'Os brasileiros  só entra no tik tok não pesquisar  nada.', 'textOriginal': 'Os brasileiros  só entra no tik tok não pesquisar  nada.', 'authorDisplayName': 'vó maluca', 'authorProfileImageUrl': 'https://yt3.ggpht.com/MABsdpHZoaHgzM0ZPB5nnnkP6mmO2-LqbSNyMaq-RSIrTFmDRpAGbx1iih2KC09DinY8BWhI=s48-c-k-c0x00ffffff-no-rj', 'authorChannelUrl': 'http://www.youtube.com/channel/UC-8PsqWn2qKjZcIwBqNvkXQ', 'authorChannelId': {'value': 'UC-8PsqWn2qKjZcIwBqNvkXQ'}, 'canRate': True, 'viewerRating': 'none', 'likeCount': 6, 'publishedAt': '2022-10-19T13:13:54Z', 'updatedAt': '2022-10-19T13:13:54Z'}}, 'canReply': True, 'totalReplyCount': 0, 'isPublic': True}",,UC-8PsqWn2qKjZcIwBqNvkXQ,2022-10-19T13:13:54Z,Os brasileiros  só entra no tik tok não pesquisar  nada.,QURTSl9pMGdENmxrOEgxN3dNWjZDT1dueFVfUlhiZEtfYVFDVm45QUpHWFRvV1RYdVhPa25xU01xdVAwaEdrVDl2QklBeXlqcThBWEktYw==,2023-06-09 05:42:52.852395
youtube#commentThread,r6d1VOQD_Q51NLOZTmwYq_VOpkA,UgzXE-4CwJvRwHK_wh94AaABAg,"{'videoId': 'SFubem2H08c', 'topLevelComment': {'kind': 'youtube#comment', 'etag': 'Unu0TK-orfFcP_qWGjd2Erwk3os', 'id': 'UgzXE-4CwJvRwHK_wh94AaABAg', 'snippet': {'videoId': 'SFubem2H08c', 'textDisplay': 'Se o Lula ganhar, o Brasil não resistirá nem 2 anos.', 'textOriginal': 'Se o Lula ganhar, o Brasil não resistirá nem 2 anos.', 'authorDisplayName': 'Leo Carvalho', 'authorProfileImageUrl': 'https://yt3.ggpht.com/ytc/AGIKgqMLzFymVKZLmlKps2QAGAbBwfQy0N4XVDfGhbMknw=s48-c-k-c0x00ffffff-no-rj', 'authorChannelUrl': 'http://www.youtube.com/channel/UCrUQJJu9aWWt-FRCh9f2pAw', 'authorChannelId': {'value': 'UCrUQJJu9aWWt-FRCh9f2pAw'}, 'canRate': True, 'viewerRating': 'none', 'likeCount': 1, 'publishedAt': '2022-10-19T13:13:45Z', 'updatedAt': '2022-10-19T13:13:45Z'}}, 'canReply': True, 'totalReplyCount': 0, 'isPublic': True}",,UCrUQJJu9aWWt-FRCh9f2pAw,2022-10-19T13:13:45Z,"Se o Lula ganhar, o Brasil não resistirá nem 2 anos.",QURTSl9pMGdENmxrOEgxN3dNWjZDT1dueFVfUlhiZEtfYVFDVm45QUpHWFRvV1RYdVhPa25xU01xdVAwaEdrVDl2QklBeXlqcThBWEktYw==,2023-06-09 05:42:52.852395
youtube#commentThread,FqjrjmXEdtYC2VYC5abXBDFBizo,UgzFZDU4TEtmV-wZWLR4AaABAg,"{'videoId': 'SFubem2H08c', 'topLevelComment': {'kind': 'youtube#comment', 'etag': 'DFej0OiUKigTGpFUTDUIv7p4vU0', 'id': 'UgzFZDU4TEtmV-wZWLR4AaABAg', 'snippet': {'videoId': 'SFubem2H08c', 'textDisplay': 'A falta de conhecimento vai matar mais do que qualquer bomba nuclear.....não enxergam', 'textOriginal': 'A falta de conhecimento vai matar mais do que qualquer bomba nuclear.....não enxergam', 'authorDisplayName': 'Thiago Baggieri', 'authorProfileImageUrl': 'https://yt3.ggpht.com/ytc/AGIKgqNWfqb-LZu9Yz4dL7SQp4nX3foBN59LWiRy-70o=s48-c-k-c0x00ffffff-no-rj', 'authorChannelUrl': 'http://www.youtube.com/channel/UCU2S4YqUoxNTmd2dTO0ikzg', 'authorChannelId': {'value': 'UCU2S4YqUoxNTmd2dTO0ikzg'}, 'canRate': True, 'viewerRating': 'none', 'likeCount': 0, 'publishedAt': '2022-10-19T13:07:51Z', 'updatedAt': '2022-10-19T13:07:51Z'}}, 'canReply': True, 'totalReplyCount': 0, 'isPublic': True}",,UCU2S4YqUoxNTmd2dTO0ikzg,2022-10-19T13:07:51Z,A falta de conhecimento vai matar mais do que qualquer bomba nuclear.....não enxergam,QURTSl9pMGdENmxrOEgxN3dNWjZDT1dueFVfUlhiZEtfYVFDVm45QUpHWFRvV1RYdVhPa25xU01xdVAwaEdrVDl2QklBeXlqcThBWEktYw==,2023-06-09 05:42:52.852395
youtube#commentThread,75SFXcF_QqPUeCSFb4DmjPmETig,Ugy3nP46v0gux-30-Ft4AaABAg,"{'videoId': 'SFubem2H08c', 'topLevelComment': {'kind': 'youtube#comment', 'etag': 'LlCuRkT9db5vBACMqspmon2MOJw', 'id': 'Ugy3nP46v0gux-30-Ft4AaABAg', 'snippet': {'videoId': 'SFubem2H08c', 'textDisplay': 'Os  chilenos  colocam o presidente de esquerda no poder daqui a pouco estão fugindo pro brasil da fome olha a falta de responsabilidade desse povo', 'textOriginal': 'Os  chilenos  colocam o presidente de esquerda no poder daqui a pouco estão fugindo pro brasil da fome olha a falta de responsabilidade desse povo', 'authorDisplayName': 'Cassia Mendonca', 'authorProfileImageUrl': 'https://yt3.ggpht.com/ytc/AGIKgqOmuU-R_qtAMtwHs8sHfmGBIt91XPsFb4PSqQ=s48-c-k-c0x00ffffff-no-rj', 'authorChannelUrl': 'http://www.youtube.com/channel/UCLbU6l1cNoUS99ORelh_ybg', 'authorChannelId': {'value': 'UCLbU6l1cNoUS99ORelh_ybg'}, 'canRate': True, 'viewerRating': 'none', 'likeCount': 0, 'publishedAt': '2022-10-19T12:56:17Z', 'updatedAt': '2022-10-19T12:56:17Z'}}, 'canReply': True, 'totalReplyCount': 0, 'isPublic': True}",,UCLbU6l1cNoUS99ORelh_ybg,2022-10-19T12:56:17Z,Os  chilenos  colocam o presidente de esquerda no poder daqui a pouco estão fugindo pro brasil da fome olha a falta de responsabilidade desse povo,QURTSl9pMGdENmxrOEgxN3dNWjZDT1dueFVfUlhiZEtfYVFDVm45QUpHWFRvV1RYdVhPa25xU01xdVAwaEdrVDl2QklBeXlqcThBWEktYw==,2023-06-09 05:42:52.852395
youtube#commentThread,K3vYKFVPPHQz99Wzp77Rpis_244,UgzxDuPrrrkGAP7a2pl4AaABAg,"{'videoId': 'SFubem2H08c', 'topLevelComment': {'kind': 'youtube#comment', 'etag': 'DpaaHKwOLIRTkT93-wX9P0Mz3tc', 'id': 'UgzxDuPrrrkGAP7a2pl4AaABAg', 'snippet': {'videoId': 'SFubem2H08c', 'textDisplay': 'Vocês querem isso pro Brasil acorda Brasil sou 22', 'textOriginal': 'Vocês querem isso pro Brasil acorda Brasil sou 22', 'authorDisplayName': 'Francisco do Amaral Gurgel júnior Junior', 'authorProfileImageUrl': 'https://yt3.ggpht.com/ytc/AGIKgqPQrcl0PmwVj8mekoIM25wQq91bB7tRJwz_X9VgyRwda7npBfskn8z7xZYU9g1T=s48-c-k-c0x00ffffff-no-rj', 'authorChannelUrl': 'http://www.youtube.com/channel/UCEohHFyLW4JNJOfdWT_8j8Q', 'authorChannelId': {'value': 'UCEohHFyLW4JNJOfdWT_8j8Q'}, 'canRate': True, 'viewerRating': 'none', 'likeCount': 0, 'publishedAt': '2022-10-19T12:44:03Z', 'updatedAt': '2022-10-19T12:44:03Z'}}, 'canReply': True, 'totalReplyCount': 0, 'isPublic': True}",,UCEohHFyLW4JNJOfdWT_8j8Q,2022-10-19T12:44:03Z,Vocês querem isso pro Brasil acorda Brasil sou 22,QURTSl9pMGdENmxrOEgxN3dNWjZDT1dueFVfUlhiZEtfYVFDVm45QUpHWFRvV1RYdVhPa25xU01xdVAwaEdrVDl2QklBeXlqcThBWEktYw==,2023-06-09 05:42:52.852395
youtube#commentThread,rJPly0crLYlDBv-lzQkQkBCSWnI,Ugw1WqwTLrtpWjXYZSJ4AaABAg,"{'videoId': 'SFubem2H08c', 'topLevelComment': {'kind': 'youtube#comment', 'etag': 'fHzETGLi0U7hwTSNvuS_CtnZR2Q', 'id': 'Ugw1WqwTLrtpWjXYZSJ4AaABAg', 'snippet': {'videoId': 'SFubem2H08c', 'textDisplay': 'Povo alienado e  os isentos tem.sua culpa  nisso . Trazem.o inferno a terra.', 'textOriginal': 'Povo alienado e  os isentos tem.sua culpa  nisso . Trazem.o inferno a terra.', 'authorDisplayName': 'alice pereira costa cunha', 'authorProfileImageUrl': 'https://yt3.ggpht.com/ytc/AGIKgqPQUz8SmX5G72WG8TXDL2Qx4Z7CE3Fq__4Pp5WPbAo=s48-c-k-c0x00ffffff-no-rj', 'authorChannelUrl': 'http://www.youtube.com/channel/UCsihH1UViKe6Z1M3lKJ7GLw', 'authorChannelId': {'value': 'UCsihH1UViKe6Z1M3lKJ7GLw'}, 'canRate': True, 'viewerRating': 'none', 'likeCount': 0, 'publishedAt': '2022-10-19T12:35:51Z', 'updatedAt': '2022-10-19T12:35:51Z'}}, 'canReply': True, 'totalReplyCount': 0, 'isPublic': True}",,UCsihH1UViKe6Z1M3lKJ7GLw,2022-10-19T12:35:51Z,Povo alienado e  os isentos tem.sua culpa  nisso . Trazem.o inferno a terra.,QURTSl9pMGdENmxrOEgxN3dNWjZDT1dueFVfUlhiZEtfYVFDVm45QUpHWFRvV1RYdVhPa25xU01xdVAwaEdrVDl2QklBeXlqcThBWEktYw==,2023-06-09 05:42:52.852395
youtube#commentThread,3jcqRqqs4oWXTLwX7ucTaNQT-kY,UgwMLXWUfshL61Mivdd4AaABAg,"{'videoId': 'SFubem2H08c', 'topLevelComment': {'kind': 'youtube#comment', 'etag': 'rcyFHeA5NkX3gpv4l5JJOUC_77k', 'id': 'UgwMLXWUfshL61Mivdd4AaABAg', 'snippet': {'videoId': 'SFubem2H08c', 'textDisplay': 'COMPANHEIROS DAS DESGRAÇAS.  ONDE ESSES CANALHAS COLOCAM AS PATAS A POBREZA E A FOME PROLIFERAM.  O QUE MAIS IRRITA É ESSES CRÁPULAS ANDAREM SOLTOS DESTILANDO VENENO PARA TODOS OS LADOS  !', 'textOriginal': 'COMPANHEIROS DAS DESGRAÇAS.  ONDE ESSES CANALHAS COLOCAM AS PATAS A POBREZA E A FOME PROLIFERAM.  O QUE MAIS IRRITA É ESSES CRÁPULAS ANDAREM SOLTOS DESTILANDO VENENO PARA TODOS OS LADOS  !', 'authorDisplayName': 'Marcelo José', 'authorProfileImageUrl': 'https://yt3.ggpht.com/ytc/AGIKgqMVzRhR1qrupkcHhNt1HtZ3Rpqt69a6G3MYWA=s48-c-k-c0x00ffffff-no-rj', 'authorChannelUrl': 'http://www.youtube.com/channel/UCsA2nRi7CmE2KkHSNJ-XQDw', 'authorChannelId': {'value': 'UCsA2nRi7CmE2KkHSNJ-XQDw'}, 'canRate': True, 'viewerRating': 'none', 'likeCount': 0, 'publishedAt': '2022-10-19T12:34:51Z', 'updatedAt': '2022-10-19T12:34:51Z'}}, 'canReply': True, 'totalReplyCount': 0, 'isPublic': True}",,UCsA2nRi7CmE2KkHSNJ-XQDw,2022-10-19T12:34:51Z,COMPANHEIROS DAS DESGRAÇAS.  ONDE ESSES CANALHAS COLOCAM AS PATAS A POBREZA E A FOME PROLIFERAM.  O QUE MAIS IRRITA É ESSES CRÁPULAS ANDAREM SOLTOS DESTILANDO VENENO PARA TODOS OS LADOS  !,QURTSl9pMGdENmxrOEgxN3dNWjZDT1dueFVfUlhiZEtfYVFDVm45QUpHWFRvV1RYdVhPa25xU01xdVAwaEdrVDl2QklBeXlqcThBWEktYw==,2023-06-09 05:42:52.852395
youtube#commentThread,W2E0o8vgUp2y-edpE4_hlxtDNZE,UgzjMQQXXNWPA31wSSh4AaABAg,"{'videoId': 'SFubem2H08c', 'topLevelComment': {'kind': 'youtube#comment', 'etag': 'Qi4KB7Ov9zk8EtBpdw1DmdA91gU', 'id': 'UgzjMQQXXNWPA31wSSh4AaABAg', 'snippet': {'videoId': 'SFubem2H08c', 'textDisplay': 'K novidade.  😫😫😫', 'textOriginal': 'K novidade.  😫😫😫', 'authorDisplayName': 'Ubiratan Rolemberg', 'authorProfileImageUrl': 'https://yt3.ggpht.com/U3kukPA20Rb6uFUrcchs4T8f7toFHzM3jPL_GZGMMFLd5pdI9hyk7dvExZjRYBbWTXfKZd0EIg=s48-c-k-c0x00ffffff-no-rj', 'authorChannelUrl': 'http://www.youtube.com/channel/UC6yXUb9YmiVrSSWmlAmId3A', 'authorChannelId': {'value': 'UC6yXUb9YmiVrSSWmlAmId3A'}, 'canRate': True, 'viewerRating': 'none', 'likeCount': 0, 'publishedAt': '2022-10-19T12:31:42Z', 'updatedAt': '2022-10-19T12:31:42Z'}}, 'canReply': True, 'totalReplyCount': 0, 'isPublic': True}",,UC6yXUb9YmiVrSSWmlAmId3A,2022-10-19T12:31:42Z,K novidade.  😫😫😫,QURTSl9pMGdENmxrOEgxN3dNWjZDT1dueFVfUlhiZEtfYVFDVm45QUpHWFRvV1RYdVhPa25xU01xdVAwaEdrVDl2QklBeXlqcThBWEktYw==,2023-06-09 05:42:52.852395
youtube#commentThread,ICwY-Sf1z1SdnnmUdqzb96da0Dg,UgxBdguPQQBH6tr0ayV4AaABAg,"{'videoId': 'SFubem2H08c', 'topLevelComment': {'kind': 'youtube#comment', 'etag': 'D6oFRQM-EoRVSOaLyvPImWHrJTo', 'id': 'UgxBdguPQQBH6tr0ayV4AaABAg', 'snippet': {'videoId': 'SFubem2H08c', 'textDisplay': 'cuba, Venezuela,Chile, Argentina,o pt é um miserável câncer ♋', 'textOriginal': 'cuba, Venezuela,Chile, Argentina,o pt é um miserável câncer ♋', 'authorDisplayName': 'Josenildo Santana', 'authorProfileImageUrl': 'https://yt3.ggpht.com/1iuhFaBELaOR2OToWIM5mQ3nsI-9NVIHC-toH1o7HU_kEhEcZ8-FS_7_QbX7E1cd8VXsyywj=s48-c-k-c0x00ffffff-no-rj', 'authorChannelUrl': 'http://www.youtube.com/channel/UCjXhozwoxc6Rg1BgYsOGf4Q', 'authorChannelId': {'value': 'UCjXhozwoxc6Rg1BgYsOGf4Q'}, 'canRate': True, 'viewerRating': 'none', 'likeCount': 0, 'publishedAt': '2022-10-19T12:29:11Z', 'updatedAt': '2022-10-19T12:29:11Z'}}, 'canReply': True, 'totalReplyCount': 0, 'isPublic': True}",,UCjXhozwoxc6Rg1BgYsOGf4Q,2022-10-19T12:29:11Z,"cuba, Venezuela,Chile, Argentina,o pt é um miserável câncer ♋",QURTSl9pMGdENmxrOEgxN3dNWjZDT1dueFVfUlhiZEtfYVFDVm45QUpHWFRvV1RYdVhPa25xU01xdVAwaEdrVDl2QklBeXlqcThBWEktYw==,2023-06-09 05:42:52.852395
youtube#commentThread,-FCLgcmzuYHkCEzbm6WoHsYHlCE,Ugx8K7edE1MjpMdGRtR4AaABAg,"{'videoId': 'SFubem2H08c', 'topLevelComment': {'kind': 'youtube#comment', 'etag': '8Ucog3Ih_L69p6OIMmibsja-nVg', 'id': 'Ugx8K7edE1MjpMdGRtR4AaABAg', 'snippet': {'videoId': 'SFubem2H08c', 'textDisplay': 'a esquerda é feito um câncer ♋ onde chega destrói e suas raízes se espalha pelo mundo', 'textOriginal': 'a esquerda é feito um câncer ♋ onde chega destrói e suas raízes se espalha pelo mundo', 'authorDisplayName': 'Josenildo Santana', 'authorProfileImageUrl': 'https://yt3.ggpht.com/1iuhFaBELaOR2OToWIM5mQ3nsI-9NVIHC-toH1o7HU_kEhEcZ8-FS_7_QbX7E1cd8VXsyywj=s48-c-k-c0x00ffffff-no-rj', 'authorChannelUrl': 'http://www.youtube.com/channel/UCjXhozwoxc6Rg1BgYsOGf4Q', 'authorChannelId': {'value': 'UCjXhozwoxc6Rg1BgYsOGf4Q'}, 'canRate': True, 'viewerRating': 'none', 'likeCount': 0, 'publishedAt': '2022-10-19T12:28:22Z', 'updatedAt': '2022-10-19T12:28:22Z'}}, 'canReply': True, 'totalReplyCount': 0, 'isPublic': True}",,UCjXhozwoxc6Rg1BgYsOGf4Q,2022-10-19T12:28:22Z,a esquerda é feito um câncer ♋ onde chega destrói e suas raízes se espalha pelo mundo,QURTSl9pMGdENmxrOEgxN3dNWjZDT1dueFVfUlhiZEtfYVFDVm45QUpHWFRvV1RYdVhPa25xU01xdVAwaEdrVDl2QklBeXlqcThBWEktYw==,2023-06-09 05:42:52.852395
youtube#commentThread,I5ydrppwTpYvVsm4iFiyOoYQlRA,Ugw1Pb-LC2Q44EBCL7R4AaABAg,"{'videoId': 'SFubem2H08c', 'topLevelComment': {'kind': 'youtube#comment', 'etag': 'ytMHlYgBA_xWyMuaBKndBszHGSY', 'id': 'Ugw1Pb-LC2Q44EBCL7R4AaABAg', 'snippet': {'videoId': 'SFubem2H08c', 'textDisplay': 'Os brasileiros estão vendo a situação dos outros país. Agora mesmo a tudo isso ainda vota no cara como o lula um esquerdista', 'textOriginal': 'Os brasileiros estão vendo a situação dos outros país. Agora mesmo a tudo isso ainda vota no cara como o lula um esquerdista', 'authorDisplayName': 'cat sousa', 'authorProfileImageUrl': 'https://yt3.ggpht.com/ytc/AGIKgqNrA6cQtiXu_d52olbBp887izlmNIeJTvKgvw=s48-c-k-c0x00ffffff-no-rj', 'authorChannelUrl': 'http://www.youtube.com/channel/UCfClo0jcWLzqkirCk5uStZg', 'authorChannelId': {'value': 'UCfClo0jcWLzqkirCk5uStZg'}, 'canRate': True, 'viewerRating': 'none', 'likeCount': 0, 'publishedAt': '2022-10-19T12:21:34Z', 'updatedAt': '2022-10-19T12:21:34Z'}}, 'canReply': True, 'totalReplyCount': 0, 'isPublic': True}",,UCfClo0jcWLzqkirCk5uStZg,2022-10-19T12:21:34Z,Os brasileiros estão vendo a situação dos outros país. Agora mesmo a tudo isso ainda vota no cara como o lula um esquerdista,QURTSl9pMGdENmxrOEgxN3dNWjZDT1dueFVfUlhiZEtfYVFDVm45QUpHWFRvV1RYdVhPa25xU01xdVAwaEdrVDl2QklBeXlqcThBWEktYw==,2023-06-09 05:42:52.852395
youtube#commentThread,olkfL7hOmX2Q-7V2nhuLnCjkkfk,UgyPWYs1t5jk3fhSDBR4AaABAg,"{'videoId': 'SFubem2H08c', 'topLevelComment': {'kind': 'youtube#comment', 'etag': 'Q2l9BtcA5eOQeVizK1N8cE1Stb0', 'id': 'UgyPWYs1t5jk3fhSDBR4AaABAg', 'snippet': {'videoId': 'SFubem2H08c', 'textDisplay': 'Eu espero QUE os INDECISOS PENSEM ANTES DE FUGIR PORQUE QUEM NAO FIZER SUA OPCAO VAI ARREPENDER NO FUTURO....VAMOS FAZER OPCAO PELA LIBERDADE...VAMOS VOTAR NO PRESIDENTE BOLSONAR E CONTINUAR COM SUA EXCELENTE EQUIPE DE MINISTRO E PRINCIPALMENTE COM O MINISTRO DA ECONOMIA ..MIN. PAULO GUEDES...ESTE E O CAMINHO A SEGUIR...RUMO A VITORIA....30/10...', 'textOriginal': 'Eu espero QUE os INDECISOS PENSEM ANTES DE FUGIR PORQUE QUEM NAO FIZER SUA OPCAO VAI ARREPENDER NO FUTURO....VAMOS FAZER OPCAO PELA LIBERDADE...VAMOS VOTAR NO PRESIDENTE BOLSONAR E CONTINUAR COM SUA EXCELENTE EQUIPE DE MINISTRO E PRINCIPALMENTE COM O MINISTRO DA ECONOMIA ..MIN. PAULO GUEDES...ESTE E O CAMINHO A SEGUIR...RUMO A VITORIA....30/10...', 'authorDisplayName': 'Linda Mies', 'authorProfileImageUrl': 'https://yt3.ggpht.com/ytc/AGIKgqOUDyCFIgMkQhRCF93xL9Aj7FPR7yfACkcxWFT1efStbJUGXiv4HnIeW8jZPL4U=s48-c-k-c0x00ffffff-no-rj', 'authorChannelUrl': 'http://www.youtube.com/channel/UCZCTXGiQBFHZk-s62qshz9Q', 'authorChannelId': {'value': 'UCZCTXGiQBFHZk-s62qshz9Q'}, 'canRate': True, 'viewerRating': 'none', 'likeCount': 10, 'publishedAt': '2022-10-19T12:19:28Z', 'updatedAt': '2022-10-19T16:16:11Z'}}, 'canReply': True, 'totalReplyCount': 0, 'isPublic': True}",,UCZCTXGiQBFHZk-s62qshz9Q,2022-10-19T12:19:28Z,Eu espero QUE os INDECISOS PENSEM ANTES DE FUGIR PORQUE QUEM NAO FIZER SUA OPCAO VAI ARREPENDER NO FUTURO....VAMOS FAZER OPCAO PELA LIBERDADE...VAMOS VOTAR NO PRESIDENTE BOLSONAR E CONTINUAR COM SUA EXCELENTE EQUIPE DE MINISTRO E PRINCIPALMENTE COM O MINISTRO DA ECONOMIA ..MIN. PAULO GUEDES...ESTE E O CAMINHO A SEGUIR...RUMO A VITORIA....30/10...,QURTSl9pMGdENmxrOEgxN3dNWjZDT1dueFVfUlhiZEtfYVFDVm45QUpHWFRvV1RYdVhPa25xU01xdVAwaEdrVDl2QklBeXlqcThBWEktYw==,2023-06-09 05:42:52.852395
youtube#commentThread,ziZcP08-6Z5k_IzUSHlHVD7NNJQ,Ugw3ufXyCPwlUzxL1iR4AaABAg,"{'videoId': 'SFubem2H08c', 'topLevelComment': {'kind': 'youtube#comment', 'etag': 'kTk001nHZL4g9NXCzDQCfXNSM70', 'id': 'Ugw3ufXyCPwlUzxL1iR4AaABAg', 'snippet': {'videoId': 'SFubem2H08c', 'textDisplay': 'Onde a esquerda entra a desgraça  entra junto com ela', 'textOriginal': 'Onde a esquerda entra a desgraça  entra junto com ela', 'authorDisplayName': 'Maria Lucia', 'authorProfileImageUrl': 'https://yt3.ggpht.com/ytc/AGIKgqOvGRkb4yQUlShXMjp_uWfwQLJVUJ1Fgsm14rjs=s48-c-k-c0x00ffffff-no-rj', 'authorChannelUrl': 'http://www.youtube.com/channel/UCgd-lh9kCfkIpheCY0ZKdcw', 'authorChannelId': {'value': 'UCgd-lh9kCfkIpheCY0ZKdcw'}, 'canRate': True, 'viewerRating': 'none', 'likeCount': 0, 'publishedAt': '2022-10-19T12:19:25Z', 'updatedAt': '2022-10-19T12:19:25Z'}}, 'canReply': True, 'totalReplyCount': 0, 'isPublic': True}",,UCgd-lh9kCfkIpheCY0ZKdcw,2022-10-19T12:19:25Z,Onde a esquerda entra a desgraça  entra junto com ela,QURTSl9pMGdENmxrOEgxN3dNWjZDT1dueFVfUlhiZEtfYVFDVm45QUpHWFRvV1RYdVhPa25xU01xdVAwaEdrVDl2QklBeXlqcThBWEktYw==,2023-06-09 05:42:52.852395
youtube#commentThread,RDA04ckJO1iBbp_slnuxlf0ndtM,Ugz1VYBoUaZyBMAzhfh4AaABAg,"{'videoId': 'SFubem2H08c', 'topLevelComment': {'kind': 'youtube#comment', 'etag': '1hDH6FDekvuUEbOqFOFo1dDIW8A', 'id': 'Ugz1VYBoUaZyBMAzhfh4AaABAg', 'snippet': {'videoId': 'SFubem2H08c', 'textDisplay': 'A própria Anitta ela mesmo já tá voltando atrás de apoiar o lula. Tá com medo de acontecer o pior, acorda povo.', 'textOriginal': 'A própria Anitta ela mesmo já tá voltando atrás de apoiar o lula. Tá com medo de acontecer o pior, acorda povo.', 'authorDisplayName': 'Rubens Souza', 'authorProfileImageUrl': 'https://yt3.ggpht.com/ytc/AGIKgqOTTPvfdeR3S-SpdV_FA8vQyQ7LHh5RPq3kqswSZpo4qfuP2sCSuL4oPMxkZg0O=s48-c-k-c0x00ffffff-no-rj', 'authorChannelUrl': 'http://www.youtube.com/channel/UCeqRIF8MkVwTJOqHDdUDNMw', 'authorChannelId': {'value': 'UCeqRIF8MkVwTJOqHDdUDNMw'}, 'canRate': True, 'viewerRating': 'none', 'likeCount': 0, 'publishedAt': '2022-10-19T12:19:10Z', 'updatedAt': '2022-10-19T12:19:10Z'}}, 'canReply': True, 'totalReplyCount': 0, 'isPublic': True}",,UCeqRIF8MkVwTJOqHDdUDNMw,2022-10-19T12:19:10Z,"A própria Anitta ela mesmo já tá voltando atrás de apoiar o lula. Tá com medo de acontecer o pior, acorda povo.",QURTSl9pMGdENmxrOEgxN3dNWjZDT1dueFVfUlhiZEtfYVFDVm45QUpHWFRvV1RYdVhPa25xU01xdVAwaEdrVDl2QklBeXlqcThBWEktYw==,2023-06-09 05:42:52.852395
youtube#commentThread,uyAfAO6JXnYVauvP277oqpIEUF8,UgwdQtzgL0c-DH_1BjF4AaABAg,"{'videoId': 'SFubem2H08c', 'topLevelComment': {'kind': 'youtube#comment', 'etag': 'YAs4frp-udJfHg3PdFgqHjaisvw', 'id': 'UgwdQtzgL0c-DH_1BjF4AaABAg', 'snippet': {'videoId': 'SFubem2H08c', 'textDisplay': 'O aviso tá aí, erra quem quer. Voto 22🇧🇷🇧🇷🇧🇷🇧🇷', 'textOriginal': 'O aviso tá aí, erra quem quer. Voto 22🇧🇷🇧🇷🇧🇷🇧🇷', 'authorDisplayName': 'Gledson Oliveira', 'authorProfileImageUrl': 'https://yt3.ggpht.com/ytc/AGIKgqMvNT0zntTWxwfahopEB5n7YW9fs3tDWyAyQw=s48-c-k-c0x00ffffff-no-rj', 'authorChannelUrl': 'http://www.youtube.com/channel/UCNYWfmI104OqKEGQnGIUTlQ', 'authorChannelId': {'value': 'UCNYWfmI104OqKEGQnGIUTlQ'}, 'canRate': True, 'viewerRating': 'none', 'likeCount': 1, 'publishedAt': '2022-10-19T12:16:15Z', 'updatedAt': '2022-10-19T12:16:15Z'}}, 'canReply': True, 'totalReplyCount': 0, 'isPublic': True}",,UCNYWfmI104OqKEGQnGIUTlQ,2022-10-19T12:16:15Z,"O aviso tá aí, erra quem quer. Voto 22🇧🇷🇧🇷🇧🇷🇧🇷",QURTSl9pMGdENmxrOEgxN3dNWjZDT1dueFVfUlhiZEtfYVFDVm45QUpHWFRvV1RYdVhPa25xU01xdVAwaEdrVDl2QklBeXlqcThBWEktYw==,2023-06-09 05:42:52.852395
youtube#commentThread,tqIvyx5goy1MaqVOACDAT_v_nlQ,UgyR3kDGq2pyKfeXrd94AaABAg,"{'videoId': 'SFubem2H08c', 'topLevelComment': {'kind': 'youtube#comment', 'etag': 'k44Wm62JRJ2DVJNu5RHrf17BxUU', 'id': 'UgyR3kDGq2pyKfeXrd94AaABAg', 'snippet': {'videoId': 'SFubem2H08c', 'textDisplay': 'Todos AK já estão definido  seu voto, uns quer ir pra frente e outro volta pra traz o mesmo que Moisés passou lá traz no Egito.', 'textOriginal': 'Todos AK já estão definido  seu voto, uns quer ir pra frente e outro volta pra traz o mesmo que Moisés passou lá traz no Egito.', 'authorDisplayName': 'Rubens Souza', 'authorProfileImageUrl': 'https://yt3.ggpht.com/ytc/AGIKgqOTTPvfdeR3S-SpdV_FA8vQyQ7LHh5RPq3kqswSZpo4qfuP2sCSuL4oPMxkZg0O=s48-c-k-c0x00ffffff-no-rj', 'authorChannelUrl': 'http://www.youtube.com/channel/UCeqRIF8MkVwTJOqHDdUDNMw', 'authorChannelId': {'value': 'UCeqRIF8MkVwTJOqHDdUDNMw'}, 'canRate': True, 'viewerRating': 'none', 'likeCount': 8, 'publishedAt': '2022-10-19T12:13:27Z', 'updatedAt': '2022-10-19T12:13:27Z'}}, 'canReply': True, 'totalReplyCount': 0, 'isPublic': True}",,UCeqRIF8MkVwTJOqHDdUDNMw,2022-10-19T12:13:27Z,"Todos AK já estão definido  seu voto, uns quer ir pra frente e outro volta pra traz o mesmo que Moisés passou lá traz no Egito.",QURTSl9pMGdENmxrOEgxN3dNWjZDT1dueFVfUlhiZEtfYVFDVm45QUpHWFRvV1RYdVhPa25xU01xdVAwaEdrVDl2QklBeXlqcThBWEktYw==,2023-06-09 05:42:52.852395
youtube#commentThread,5Z6GpGD8wcnSxbM_OHWZOLNXq20,UgxqY-E2iwFWIWbmCDJ4AaABAg,"{'videoId': 'SFubem2H08c', 'topLevelComment': {'kind': 'youtube#comment', 'etag': '-N_mGcz4hWQZQsSDR2UEnkzgqlQ', 'id': 'UgxqY-E2iwFWIWbmCDJ4AaABAg', 'snippet': {'videoId': 'SFubem2H08c', 'textDisplay': 'É a burrice cobrando seu preço.', 'textOriginal': 'É a burrice cobrando seu preço.', 'authorDisplayName': 'Jairo De Paula Ribeiro', 'authorProfileImageUrl': 'https://yt3.ggpht.com/ytc/AGIKgqPj_OEWuVb2mtu_8qt94KWReQwGthGqgdutVQ=s48-c-k-c0x00ffffff-no-rj', 'authorChannelUrl': 'http://www.youtube.com/channel/UC5K3-PDmYTVnYoylwlmCJsA', 'authorChannelId': {'value': 'UC5K3-PDmYTVnYoylwlmCJsA'}, 'canRate': True, 'viewerRating': 'none', 'likeCount': 1, 'publishedAt': '2022-10-19T12:09:55Z', 'updatedAt': '2022-10-19T12:09:55Z'}}, 'canReply': True, 'totalReplyCount': 0, 'isPublic': True}",,UC5K3-PDmYTVnYoylwlmCJsA,2022-10-19T12:09:55Z,É a burrice cobrando seu preço.,QURTSl9pMGdENmxrOEgxN3dNWjZDT1dueFVfUlhiZEtfYVFDVm45QUpHWFRvV1RYdVhPa25xU01xdVAwaEdrVDl2QklBeXlqcThBWEktYw==,2023-06-09 05:42:52.852395
youtube#commentThread,i9TVEwfsWK0kc2jYJCrAhUuFS3Y,Ugzzwbo42O32a9Wzm054AaABAg,"{'videoId': 'SFubem2H08c', 'topLevelComment': {'kind': 'youtube#comment', 'etag': 'vNhVeDZ4HTtOUgzbOE0E7p4WyP0', 'id': 'Ugzzwbo42O32a9Wzm054AaABAg', 'snippet': {'videoId': 'SFubem2H08c', 'textDisplay': 'Deus tenha misericórdia desse nosso país chamado Brasil 🙏🇧🇷', 'textOriginal': 'Deus tenha misericórdia desse nosso país chamado Brasil 🙏🇧🇷', 'authorDisplayName': 'Sissi', 'authorProfileImageUrl': 'https://yt3.ggpht.com/2oLWrXDqTJafzGbCHOc7zp1NzJabuSo5x1-kqPNH_AurOxKhyrXhFN1TwcBFg1YP69RNdud2jg=s48-c-k-c0x00ffffff-no-rj', 'authorChannelUrl': 'http://www.youtube.com/channel/UCgl99p6R2v1Gys9k3nsZqYA', 'authorChannelId': {'value': 'UCgl99p6R2v1Gys9k3nsZqYA'}, 'canRate': True, 'viewerRating': 'none', 'likeCount': 15, 'publishedAt': '2022-10-19T12:05:05Z', 'updatedAt': '2022-10-19T12:05:05Z'}}, 'canReply': True, 'totalReplyCount': 0, 'isPublic': True}",,UCgl99p6R2v1Gys9k3nsZqYA,2022-10-19T12:05:05Z,Deus tenha misericórdia desse nosso país chamado Brasil 🙏🇧🇷,QURTSl9pMGdENmxrOEgxN3dNWjZDT1dueFVfUlhiZEtfYVFDVm45QUpHWFRvV1RYdVhPa25xU01xdVAwaEdrVDl2QklBeXlqcThBWEktYw==,2023-06-09 05:42:52.852395
youtube#commentThread,MV2__muHJQMk8tbaIGoo5FGKIHY,UgzBHr1Dm1bnPY974NB4AaABAg,"{'videoId': 'SFubem2H08c', 'topLevelComment': {'kind': 'youtube#comment', 'etag': 'aQWIDuZ82M4jFzLoD27g8pD3tj8', 'id': 'UgzBHr1Dm1bnPY974NB4AaABAg', 'snippet': {'videoId': 'SFubem2H08c', 'textDisplay': 'O povo gosta mesmo é de bandidos: solta BARRABÁS E PRENDE JESUS.<br>É assim que o povo gosta!...', 'textOriginal': 'O povo gosta mesmo é de bandidos: solta BARRABÁS E PRENDE JESUS.\\nÉ assim que o povo gosta!...', 'authorDisplayName': 'José Antônio Rodrigues Dorothéu', 'authorProfileImageUrl': 'https://yt3.ggpht.com/ytc/AGIKgqN0-BG6MYC-TQqv3h9KHflPJYDXTmYYHFSbr5xysA=s48-c-k-c0x00ffffff-no-rj', 'authorChannelUrl': 'http://www.youtube.com/channel/UCkV0NeCrVVHMvHFilImDncA', 'authorChannelId': {'value': 'UCkV0NeCrVVHMvHFilImDncA'}, 'canRate': True, 'viewerRating': 'none', 'likeCount': 3, 'publishedAt': '2022-10-19T11:59:08Z', 'updatedAt': '2022-10-19T11:59:08Z'}}, 'canReply': True, 'totalReplyCount': 0, 'isPublic': True}",,UCkV0NeCrVVHMvHFilImDncA,2022-10-19T11:59:08Z,"O povo gosta mesmo é de bandidos: solta BARRABÁS E PRENDE JESUS.
É assim que o povo gosta!...",QURTSl9pMGdENmxrOEgxN3dNWjZDT1dueFVfUlhiZEtfYVFDVm45QUpHWFRvV1RYdVhPa25xU01xdVAwaEdrVDl2QklBeXlqcThBWEktYw==,2023-06-09 05:42:52.852395
youtube#commentThread,DW6B-eA0MOoJca5w4AbN22gNwh0,Ugz55S0gtcGu8FCtvjx4AaABAg,"{'videoId': 'SFubem2H08c', 'topLevelComment': {'kind': 'youtube#comment', 'etag': 'tq6dLJKuKDK7qJckFJQSDzPl8ZQ', 'id': 'Ugz55S0gtcGu8FCtvjx4AaABAg', 'snippet': {'videoId': 'SFubem2H08c', 'textDisplay': 'Gente quem for isentaooooo será declarado culpadaooooo se Lula ganhar!!!<br>Esse pessoal precisa entender que nossos bens maiores estao em jogo… Nossa vida e nossa liberdade!!!!<br>Loucura alguém votar no PT.', 'textOriginal': 'Gente quem for isentaooooo será declarado culpadaooooo se Lula ganhar!!!\\nEsse pessoal precisa entender que nossos bens maiores estao em jogo… Nossa vida e nossa liberdade!!!!\\nLoucura alguém votar no PT.', 'authorDisplayName': 'MIRIAN LUSTOSA', 'authorProfileImageUrl': 'https://yt3.ggpht.com/ytc/AGIKgqMFdc2uTnsKg5WSNRqyW7EOUMLHIyCa3D9v2NbqRQ=s48-c-k-c0x00ffffff-no-rj', 'authorChannelUrl': 'http://www.youtube.com/channel/UCji2j5g4thOY5ETE7nlUMlw', 'authorChannelId': {'value': 'UCji2j5g4thOY5ETE7nlUMlw'}, 'canRate': True, 'viewerRating': 'none', 'likeCount': 0, 'publishedAt': '2022-10-19T11:57:56Z', 'updatedAt': '2022-10-19T11:57:56Z'}}, 'canReply': True, 'totalReplyCount': 0, 'isPublic': True}",,UCji2j5g4thOY5ETE7nlUMlw,2022-10-19T11:57:56Z,"Gente quem for isentaooooo será declarado culpadaooooo se Lula ganhar!!!
Esse pessoal precisa entender que nossos bens maiores estao em jogo… Nossa vida e nossa liberdade!!!!
Loucura alguém votar no PT.",QURTSl9pMGdENmxrOEgxN3dNWjZDT1dueFVfUlhiZEtfYVFDVm45QUpHWFRvV1RYdVhPa25xU01xdVAwaEdrVDl2QklBeXlqcThBWEktYw==,2023-06-09 05:42:52.852395
youtube#commentThread,POE4BGQ5bPRVWGhPPU0mO6crVkM,UgxdcOqyR0fGQpA_q3B4AaABAg,"{'videoId': 'SFubem2H08c', 'topLevelComment': {'kind': 'youtube#comment', 'etag': '6tJeAr7yVKpNnnj-QpLRH-PmdMk', 'id': 'UgxdcOqyR0fGQpA_q3B4AaABAg', 'snippet': {'videoId': 'SFubem2H08c', 'textDisplay': 'no chile esta assim por culpa do povo , elegeu? então só recebendo o que plantaram no chile ....', 'textOriginal': 'no chile esta assim por culpa do povo , elegeu? então só recebendo o que plantaram no chile ....', 'authorDisplayName': 'Hikiineet', 'authorProfileImageUrl': 'https://yt3.ggpht.com/n0vB1_befPiGdekKPrJl_RjimmU9cA_wGVmm0GYNLOEc-VuV7wsn9d9ar-pr2vqKIsog4PVLvQ=s48-c-k-c0x00ffffff-no-rj', 'authorChannelUrl': 'http://www.youtube.com/channel/UCu_YWIazSatIF35BjosnJ-A', 'authorChannelId': {'value': 'UCu_YWIazSatIF35BjosnJ-A'}, 'canRate': True, 'viewerRating': 'none', 'likeCount': 1, 'publishedAt': '2022-10-19T11:53:47Z', 'updatedAt': '2022-10-19T11:53:47Z'}}, 'canReply': True, 'totalReplyCount': 0, 'isPublic': True}",,UCu_YWIazSatIF35BjosnJ-A,2022-10-19T11:53:47Z,"no chile esta assim por culpa do povo , elegeu? então só recebendo o que plantaram no chile ....",QURTSl9pMGdENmxrOEgxN3dNWjZDT1dueFVfUlhiZEtfYVFDVm45QUpHWFRvV1RYdVhPa25xU01xdVAwaEdrVDl2QklBeXlqcThBWEktYw==,2023-06-09 05:42:52.852395
youtube#commentThread,3gnxjcal7Z21zUO2tCKntOZAkn8,Ugy8Re5IAlI2V9XrJ554AaABAg,"{'videoId': 'SFubem2H08c', 'topLevelComment': {'kind': 'youtube#comment', 'etag': '9hIm9PPAxQTnkPv1y1vosvjLYoQ', 'id': 'Ugy8Re5IAlI2V9XrJ554AaABAg', 'snippet': {'videoId': 'SFubem2H08c', 'textDisplay': 'Acorda Brasil!', 'textOriginal': 'Acorda Brasil!', 'authorDisplayName': 'Victor Hugo', 'authorProfileImageUrl': 'https://yt3.ggpht.com/2iHoO4VSykPvi8KR2kGv2SolbJkyDTEQkB1gQUM-YtTGhggMw8J0bQ9d6ZBxzc5CsmA6NlXe=s48-c-k-c0x00ffffff-no-rj', 'authorChannelUrl': 'http://www.youtube.com/channel/UCzsgw0wZjX7D_IH2L_qUKvA', 'authorChannelId': {'value': 'UCzsgw0wZjX7D_IH2L_qUKvA'}, 'canRate': True, 'viewerRating': 'none', 'likeCount': 2, 'publishedAt': '2022-10-19T11:50:04Z', 'updatedAt': '2022-10-19T11:50:04Z'}}, 'canReply': True, 'totalReplyCount': 0, 'isPublic': True}",,UCzsgw0wZjX7D_IH2L_qUKvA,2022-10-19T11:50:04Z,Acorda Brasil!,QURTSl9pMGdENmxrOEgxN3dNWjZDT1dueFVfUlhiZEtfYVFDVm45QUpHWFRvV1RYdVhPa25xU01xdVAwaEdrVDl2QklBeXlqcThBWEktYw==,2023-06-09 05:42:52.852395
youtube#commentThread,Wk3SsIds9oAjVJ72pxq8yWuRPrU,UgypEDIQOwIVDFRgo7t4AaABAg,"{'videoId': 'SFubem2H08c', 'topLevelComment': {'kind': 'youtube#comment', 'etag': '4j46Yh-R-ljm6zlTE7iP4kr6QEk', 'id': 'UgypEDIQOwIVDFRgo7t4AaABAg', 'snippet': {'videoId': 'SFubem2H08c', 'textDisplay': 'É isso que os petistas querem pro Brasil que vergonha', 'textOriginal': 'É isso que os petistas querem pro Brasil que vergonha', 'authorDisplayName': 'Araci Weber', 'authorProfileImageUrl': 'https://yt3.ggpht.com/ytc/AGIKgqMPMEm-SjhltGNrfvyEfbyZr9SFyoec9Y3N3g=s48-c-k-c0x00ffffff-no-rj', 'authorChannelUrl': 'http://www.youtube.com/channel/UCZGDRMCmvD4KxM9CA11cdHw', 'authorChannelId': {'value': 'UCZGDRMCmvD4KxM9CA11cdHw'}, 'canRate': True, 'viewerRating': 'none', 'likeCount': 0, 'publishedAt': '2022-10-19T11:48:57Z', 'updatedAt': '2022-10-19T11:48:57Z'}}, 'canReply': True, 'totalReplyCount': 0, 'isPublic': True}",,UCZGDRMCmvD4KxM9CA11cdHw,2022-10-19T11:48:57Z,É isso que os petistas querem pro Brasil que vergonha,QURTSl9pMGdENmxrOEgxN3dNWjZDT1dueFVfUlhiZEtfYVFDVm45QUpHWFRvV1RYdVhPa25xU01xdVAwaEdrVDl2QklBeXlqcThBWEktYw==,2023-06-09 05:42:52.852395
youtube#commentThread,2TBLeFzUYYZ71TMpQKP5OJD7X8U,Ugxh7Wa9N0HRKMs9aNF4AaABAg,"{'videoId': 'SFubem2H08c', 'topLevelComment': {'kind': 'youtube#comment', 'etag': 'X4uxS0yFrSDrkPiXYKdU2-Vkb6E', 'id': 'Ugxh7Wa9N0HRKMs9aNF4AaABAg', 'snippet': {'videoId': 'SFubem2H08c', 'textDisplay': 'na verdade até o GOOGLE é suspeito.algumas perguntas /pesquisas que se faz,elas veem truncadas,ausentes. dependendo da pergunta cai no G1 e daí já viu né? sem credibilidade', 'textOriginal': 'na verdade até o GOOGLE é suspeito.algumas perguntas /pesquisas que se faz,elas veem truncadas,ausentes. dependendo da pergunta cai no G1 e daí já viu né? sem credibilidade', 'authorDisplayName': 'Cido Rosa', 'authorProfileImageUrl': 'https://yt3.ggpht.com/ytc/AGIKgqM_LIMx6Ckv_UReobR1X3XZIiJI_wzS2kP8Pg=s48-c-k-c0x00ffffff-no-rj', 'authorChannelUrl': 'http://www.youtube.com/channel/UCfntjeL-qJEULk37t4SO5uw', 'authorChannelId': {'value': 'UCfntjeL-qJEULk37t4SO5uw'}, 'canRate': True, 'viewerRating': 'none', 'likeCount': 2, 'publishedAt': '2022-10-19T11:40:00Z', 'updatedAt': '2022-10-19T11:40:00Z'}}, 'canReply': True, 'totalReplyCount': 0, 'isPublic': True}",,UCfntjeL-qJEULk37t4SO5uw,2022-10-19T11:40:00Z,"na verdade até o GOOGLE é suspeito.algumas perguntas /pesquisas que se faz,elas veem truncadas,ausentes. dependendo da pergunta cai no G1 e daí já viu né? sem credibilidade",QURTSl9pMGdENmxrOEgxN3dNWjZDT1dueFVfUlhiZEtfYVFDVm45QUpHWFRvV1RYdVhPa25xU01xdVAwaEdrVDl2QklBeXlqcThBWEktYw==,2023-06-09 05:42:52.852395
youtube#commentThread,zOg7JQ7x-wLcWk3L0rfLgTRqXsg,UgznrAebwZ1nUzk_gLp4AaABAg,"{'videoId': 'SFubem2H08c', 'topLevelComment': {'kind': 'youtube#comment', 'etag': 't8xXVGwFEZHe5APra6KhJp3RGqY', 'id': 'UgznrAebwZ1nUzk_gLp4AaABAg', 'snippet': {'videoId': 'SFubem2H08c', 'textDisplay': 'É isso que o povo brasileiro vai passar se Lula ganhar.', 'textOriginal': 'É isso que o povo brasileiro vai passar se Lula ganhar.', 'authorDisplayName': 'GENILDO GALDINO DA PAZ', 'authorProfileImageUrl': 'https://yt3.ggpht.com/ytc/AGIKgqNuCPJ8NJNcRqkEENbQSvkN-JBW_UMryAAK2kophg=s48-c-k-c0x00ffffff-no-rj', 'authorChannelUrl': 'http://www.youtube.com/channel/UCpZEZia7W7aueHxWB95dRYg', 'authorChannelId': {'value': 'UCpZEZia7W7aueHxWB95dRYg'}, 'canRate': True, 'viewerRating': 'none', 'likeCount': 1, 'publishedAt': '2022-10-19T11:37:32Z', 'updatedAt': '2022-10-19T11:37:32Z'}}, 'canReply': True, 'totalReplyCount': 0, 'isPublic': True}",,UCpZEZia7W7aueHxWB95dRYg,2022-10-19T11:37:32Z,É isso que o povo brasileiro vai passar se Lula ganhar.,QURTSl9pMGdENmxrOEgxN3dNWjZDT1dueFVfUlhiZEtfYVFDVm45QUpHWFRvV1RYdVhPa25xU01xdVAwaEdrVDl2QklBeXlqcThBWEktYw==,2023-06-09 05:42:52.852395
youtube#commentThread,3Kv8l3fF76HdFkqL0OnNrDsqJ4s,UgxZ8bidctLNUtoskCZ4AaABAg,"{'videoId': 'SFubem2H08c', 'topLevelComment': {'kind': 'youtube#comment', 'etag': '4XbE0pCy7ad5bsLf6aqYpiY_Jro', 'id': 'UgxZ8bidctLNUtoskCZ4AaABAg', 'snippet': {'videoId': 'SFubem2H08c', 'textDisplay': 'MISERICÓRDIA,  DEUS NOS LIVRE DA ESQUERDA!', 'textOriginal': 'MISERICÓRDIA,  DEUS NOS LIVRE DA ESQUERDA!', 'authorDisplayName': 'Fátima Coelho', 'authorProfileImageUrl': 'https://yt3.ggpht.com/ytc/AGIKgqNXZXZxCsIB7XKOmCL9umHh2D3gZ2iaIVS4wsV76wSg4Ut0EWjXYGf6O-84seOh=s48-c-k-c0x00ffffff-no-rj', 'authorChannelUrl': 'http://www.youtube.com/channel/UC-8Crd82TxcFbXNu9loIOOw', 'authorChannelId': {'value': 'UC-8Crd82TxcFbXNu9loIOOw'}, 'canRate': True, 'viewerRating': 'none', 'likeCount': 0, 'publishedAt': '2022-10-19T11:37:31Z', 'updatedAt': '2022-10-19T11:37:31Z'}}, 'canReply': True, 'totalReplyCount': 0, 'isPublic': True}",,UC-8Crd82TxcFbXNu9loIOOw,2022-10-19T11:37:31Z,"MISERICÓRDIA,  DEUS NOS LIVRE DA ESQUERDA!",QURTSl9pMGdENmxrOEgxN3dNWjZDT1dueFVfUlhiZEtfYVFDVm45QUpHWFRvV1RYdVhPa25xU01xdVAwaEdrVDl2QklBeXlqcThBWEktYw==,2023-06-09 05:42:52.852395
youtube#commentThread,k9lp-5UNV3JTGSq2lvBdXZTZQaM,UgyFUhi8pXQdSoo_Ezt4AaABAg,"{'videoId': 'SFubem2H08c', 'topLevelComment': {'kind': 'youtube#comment', 'etag': 'TxXE83EwnIAyRnNq742mseCPsQk', 'id': 'UgyFUhi8pXQdSoo_Ezt4AaABAg', 'snippet': {'videoId': 'SFubem2H08c', 'textDisplay': 'Estão bloqueando não está dando pra  compartilhar', 'textOriginal': 'Estão bloqueando não está dando pra  compartilhar', 'authorDisplayName': 'Marcia Fernandes', 'authorProfileImageUrl': 'https://yt3.ggpht.com/ytc/AGIKgqNJQDyS1aHS6enYf2lyk-Z1jhKNCd8SMIIl3w=s48-c-k-c0x00ffffff-no-rj', 'authorChannelUrl': 'http://www.youtube.com/channel/UCASC6_1bA8jPrxa_KnVw_aw', 'authorChannelId': {'value': 'UCASC6_1bA8jPrxa_KnVw_aw'}, 'canRate': True, 'viewerRating': 'none', 'likeCount': 0, 'publishedAt': '2022-10-19T11:36:49Z', 'updatedAt': '2022-10-19T11:36:49Z'}}, 'canReply': True, 'totalReplyCount': 0, 'isPublic': True}",,UCASC6_1bA8jPrxa_KnVw_aw,2022-10-19T11:36:49Z,Estão bloqueando não está dando pra  compartilhar,QURTSl9pMGdENmxrOEgxN3dNWjZDT1dueFVfUlhiZEtfYVFDVm45QUpHWFRvV1RYdVhPa25xU01xdVAwaEdrVDl2QklBeXlqcThBWEktYw==,2023-06-09 05:42:52.852395
youtube#commentThread,w2b-QW-rHp2li8yQztufNSSBKec,UgzAOxIJhafCchPtWNR4AaABAg,"{'videoId': 'SFubem2H08c', 'topLevelComment': {'kind': 'youtube#comment', 'etag': 'jRw9k51KDxxm2KrQ3a-35ZzMS4I', 'id': 'UgzAOxIJhafCchPtWNR4AaABAg', 'snippet': {'videoId': 'SFubem2H08c', 'textDisplay': 'Kkkkkk votem no socialismo, Tai o Lula votem nele!<br>Que ele vai dá picanha e cerveja!', 'textOriginal': 'Kkkkkk votem no socialismo, Tai o Lula votem nele!\\nQue ele vai dá picanha e cerveja!', 'authorDisplayName': 'Ademar Siqueira', 'authorProfileImageUrl': 'https://yt3.ggpht.com/ytc/AGIKgqPw6iYHo_3Y34wbuv94MZjPG8YefnU7rROx9ZLFEkWTYLblLmMRvx25s4jWXcbq=s48-c-k-c0x00ffffff-no-rj', 'authorChannelUrl': 'http://www.youtube.com/channel/UCKhgJJpTKC92jtspDoKBYRg', 'authorChannelId': {'value': 'UCKhgJJpTKC92jtspDoKBYRg'}, 'canRate': True, 'viewerRating': 'none', 'likeCount': 1, 'publishedAt': '2022-10-19T11:33:27Z', 'updatedAt': '2022-10-19T11:33:27Z'}}, 'canReply': True, 'totalReplyCount': 0, 'isPublic': True}",,UCKhgJJpTKC92jtspDoKBYRg,2022-10-19T11:33:27Z,"Kkkkkk votem no socialismo, Tai o Lula votem nele!
Que ele vai dá picanha e cerveja!",QURTSl9pMGdENmxrOEgxN3dNWjZDT1dueFVfUlhiZEtfYVFDVm45QUpHWFRvV1RYdVhPa25xU01xdVAwaEdrVDl2QklBeXlqcThBWEktYw==,2023-06-09 05:42:52.852395
youtube#commentThread,TOKIvyPg70h4Tw20fMzbwtOTWLw,Ugzjyomh9t722SHaAhl4AaABAg,"{'videoId': 'SFubem2H08c', 'topLevelComment': {'kind': 'youtube#comment', 'etag': 'PF_DxPEmIqYYa25r3WrSpMzqOKg', 'id': 'Ugzjyomh9t722SHaAhl4AaABAg', 'snippet': {'videoId': 'SFubem2H08c', 'textDisplay': 'Nossa LUTA é o BEM contra o MAL..vamos a luta por votos nulos , branco e abstenção 💛💚🇧🇷🌻2️⃣2️⃣', 'textOriginal': 'Nossa LUTA é o BEM contra o MAL..vamos a luta por votos nulos , branco e abstenção 💛💚🇧🇷🌻2️⃣2️⃣', 'authorDisplayName': 'Marcia Fernandes', 'authorProfileImageUrl': 'https://yt3.ggpht.com/ytc/AGIKgqNJQDyS1aHS6enYf2lyk-Z1jhKNCd8SMIIl3w=s48-c-k-c0x00ffffff-no-rj', 'authorChannelUrl': 'http://www.youtube.com/channel/UCASC6_1bA8jPrxa_KnVw_aw', 'authorChannelId': {'value': 'UCASC6_1bA8jPrxa_KnVw_aw'}, 'canRate': True, 'viewerRating': 'none', 'likeCount': 48, 'publishedAt': '2022-10-19T11:33:01Z', 'updatedAt': '2022-10-19T11:33:01Z'}}, 'canReply': True, 'totalReplyCount': 0, 'isPublic': True}",,UCASC6_1bA8jPrxa_KnVw_aw,2022-10-19T11:33:01Z,"Nossa LUTA é o BEM contra o MAL..vamos a luta por votos nulos , branco e abstenção 💛💚🇧🇷🌻2️⃣2️⃣",QURTSl9pMGdENmxrOEgxN3dNWjZDT1dueFVfUlhiZEtfYVFDVm45QUpHWFRvV1RYdVhPa25xU01xdVAwaEdrVDl2QklBeXlqcThBWEktYw==,2023-06-09 05:42:52.852395
youtube#commentThread,ZArsyCjfTVPEuEwcqtAN3oysDZQ,Ugye5PvTLiXjXtYY8NF4AaABAg,"{'videoId': 'SFubem2H08c', 'topLevelComment': {'kind': 'youtube#comment', 'etag': 'BLwH1px05CTNEygKK1KPmoWRb7k', 'id': 'Ugye5PvTLiXjXtYY8NF4AaABAg', 'snippet': {'videoId': 'SFubem2H08c', 'textDisplay': 'Onde a ESQUERDA entra, vem junto à miséria  a pobreza, escacez,   jugos do MAL.', 'textOriginal': 'Onde a ESQUERDA entra, vem junto à miséria  a pobreza, escacez,   jugos do MAL.', 'authorDisplayName': 'Marcia Fernandes', 'authorProfileImageUrl': 'https://yt3.ggpht.com/ytc/AGIKgqNJQDyS1aHS6enYf2lyk-Z1jhKNCd8SMIIl3w=s48-c-k-c0x00ffffff-no-rj', 'authorChannelUrl': 'http://www.youtube.com/channel/UCASC6_1bA8jPrxa_KnVw_aw', 'authorChannelId': {'value': 'UCASC6_1bA8jPrxa_KnVw_aw'}, 'canRate': True, 'viewerRating': 'none', 'likeCount': 0, 'publishedAt': '2022-10-19T11:30:14Z', 'updatedAt': '2022-10-19T11:30:14Z'}}, 'canReply': True, 'totalReplyCount': 0, 'isPublic': True}",,UCASC6_1bA8jPrxa_KnVw_aw,2022-10-19T11:30:14Z,"Onde a ESQUERDA entra, vem junto à miséria  a pobreza, escacez,   jugos do MAL.",QURTSl9pMGdENmxrOEgxN3dNWjZDT1dueFVfUlhiZEtfYVFDVm45QUpHWFRvV1RYdVhPa25xU01xdVAwaEdrVDl2QklBeXlqcThBWEktYw==,2023-06-09 05:42:52.852395
youtube#commentThread,xyT6I8TkbYUGcNWpJbyj0SmMW_8,Ugx-CjOUbD0SpfgeEdt4AaABAg,"{'videoId': 'SFubem2H08c', 'topLevelComment': {'kind': 'youtube#comment', 'etag': 'NNG9xug4VhfIQNXJxjmDsT4eqW4', 'id': 'Ugx-CjOUbD0SpfgeEdt4AaABAg', 'snippet': {'videoId': 'SFubem2H08c', 'textDisplay': 'AUMENTANDO A POBREZA ELES GANHAM AS ELEIÇÕES DENOVO!!!! ESSE É O TRUQUE!!!', 'textOriginal': 'AUMENTANDO A POBREZA ELES GANHAM AS ELEIÇÕES DENOVO!!!! ESSE É O TRUQUE!!!', 'authorDisplayName': 'Fernando Mendes Nogueira Mendes Nogueira', 'authorProfileImageUrl': 'https://yt3.ggpht.com/ytc/AGIKgqOpAOm9mjlFssJp3UI80LlqQ5GXI8ue94APIw=s48-c-k-c0x00ffffff-no-rj', 'authorChannelUrl': 'http://www.youtube.com/channel/UCzd8cg_cnYd_6SrP7J-6dtA', 'authorChannelId': {'value': 'UCzd8cg_cnYd_6SrP7J-6dtA'}, 'canRate': True, 'viewerRating': 'none', 'likeCount': 0, 'publishedAt': '2022-10-19T11:29:05Z', 'updatedAt': '2022-10-19T11:29:05Z'}}, 'canReply': True, 'totalReplyCount': 0, 'isPublic': True}",,UCzd8cg_cnYd_6SrP7J-6dtA,2022-10-19T11:29:05Z,AUMENTANDO A POBREZA ELES GANHAM AS ELEIÇÕES DENOVO!!!! ESSE É O TRUQUE!!!,QURTSl9pMGdENmxrOEgxN3dNWjZDT1dueFVfUlhiZEtfYVFDVm45QUpHWFRvV1RYdVhPa25xU01xdVAwaEdrVDl2QklBeXlqcThBWEktYw==,2023-06-09 05:42:52.852395
youtube#commentThread,of8ilVMGXPcNyvYUYHRDqwxANmU,UgweGdv5AIyyNgVvxmF4AaABAg,"{'videoId': 'SFubem2H08c', 'topLevelComment': {'kind': 'youtube#comment', 'etag': 'qOElOACKUDmpmn5THUdKhB3SwbU', 'id': 'UgweGdv5AIyyNgVvxmF4AaABAg', 'snippet': {'videoId': 'SFubem2H08c', 'textDisplay': 'É  isso que dá votar  em vagabundo', 'textOriginal': 'É  isso que dá votar  em vagabundo', 'authorDisplayName': 'Caio Márcio', 'authorProfileImageUrl': 'https://yt3.ggpht.com/ytc/AGIKgqMpIZ_0fkpVccEOQ6d7LrBjTgATpLZUdhKvrw=s48-c-k-c0x00ffffff-no-rj', 'authorChannelUrl': 'http://www.youtube.com/channel/UC3B6utzq-zCAXWvkr8Q062g', 'authorChannelId': {'value': 'UC3B6utzq-zCAXWvkr8Q062g'}, 'canRate': True, 'viewerRating': 'none', 'likeCount': 0, 'publishedAt': '2022-10-19T11:24:55Z', 'updatedAt': '2022-10-19T11:24:55Z'}}, 'canReply': True, 'totalReplyCount': 0, 'isPublic': True}",,UC3B6utzq-zCAXWvkr8Q062g,2022-10-19T11:24:55Z,É  isso que dá votar  em vagabundo,QURTSl9pMGdENmxrOEgxN3dNWjZDT1dueFVfUlhiZEtfYVFDVm45QUpHWFRvV1RYdVhPa25xU01xdVAwaEdrVDl2QklBeXlqcThBWEktYw==,2023-06-09 05:42:52.852395
youtube#commentThread,J2pFO8FsX0agKByyNP-lg9GAF_E,UgwNelK3sXgUQCWHtk94AaABAg,"{'videoId': 'SFubem2H08c', 'topLevelComment': {'kind': 'youtube#comment', 'etag': 'i_r4McVfGcRKXPQPYL7018GWgW0', 'id': 'UgwNelK3sXgUQCWHtk94AaABAg', 'snippet': {'videoId': 'SFubem2H08c', 'textDisplay': 'E TEM BRASILEIRO QUE QUER TRAZER ESTA DESGRAÇA PARA O BRASIL ESQUERDISTA, SOCIALISTA E COMUNISTA PARA O BRASIL.', 'textOriginal': 'E TEM BRASILEIRO QUE QUER TRAZER ESTA DESGRAÇA PARA O BRASIL ESQUERDISTA, SOCIALISTA E COMUNISTA PARA O BRASIL.', 'authorDisplayName': 'Marcos Barbosa', 'authorProfileImageUrl': 'https://yt3.ggpht.com/ytc/AGIKgqMEu5_506GnF4_kkUCMTtbyhU_BuD-SdFszduqb8A=s48-c-k-c0x00ffffff-no-rj', 'authorChannelUrl': 'http://www.youtube.com/channel/UCWM68HduZedH6njhY-zpwFg', 'authorChannelId': {'value': 'UCWM68HduZedH6njhY-zpwFg'}, 'canRate': True, 'viewerRating': 'none', 'likeCount': 0, 'publishedAt': '2022-10-19T11:21:49Z', 'updatedAt': '2022-10-19T11:21:49Z'}}, 'canReply': True, 'totalReplyCount': 0, 'isPublic': True}",,UCWM68HduZedH6njhY-zpwFg,2022-10-19T11:21:49Z,"E TEM BRASILEIRO QUE QUER TRAZER ESTA DESGRAÇA PARA O BRASIL ESQUERDISTA, SOCIALISTA E COMUNISTA PARA O BRASIL.",QURTSl9pMGdENmxrOEgxN3dNWjZDT1dueFVfUlhiZEtfYVFDVm45QUpHWFRvV1RYdVhPa25xU01xdVAwaEdrVDl2QklBeXlqcThBWEktYw==,2023-06-09 05:42:52.852395
youtube#commentThread,Ewk7lOjBc-Xsxl-XC5CWAnqMdtw,Ugy9SU1Gz98MPzFiNsJ4AaABAg,"{'videoId': 'SFubem2H08c', 'topLevelComment': {'kind': 'youtube#comment', 'etag': 'uRR9pRfrQ0y69w72M7JOUF3JGMg', 'id': 'Ugy9SU1Gz98MPzFiNsJ4AaABAg', 'snippet': {'videoId': 'SFubem2H08c', 'textDisplay': 'Onde a esquerdalha põe a mão é desgraça garantida. Votar nesses débeis é brincar com serpentes e escorpiões.', 'textOriginal': 'Onde a esquerdalha põe a mão é desgraça garantida. Votar nesses débeis é brincar com serpentes e escorpiões.', 'authorDisplayName': 'Pedro de Alcantara', 'authorProfileImageUrl': 'https://yt3.ggpht.com/ytc/AGIKgqMJO4kL1ugUnZhg-p-FXMCbmZ2e9m6OZEkEwA=s48-c-k-c0x00ffffff-no-rj', 'authorChannelUrl': 'http://www.youtube.com/channel/UCsuDzhIDsFtf1iloEKKjHgw', 'authorChannelId': {'value': 'UCsuDzhIDsFtf1iloEKKjHgw'}, 'canRate': True, 'viewerRating': 'none', 'likeCount': 0, 'publishedAt': '2022-10-19T11:20:42Z', 'updatedAt': '2022-10-19T11:20:42Z'}}, 'canReply': True, 'totalReplyCount': 0, 'isPublic': True}",,UCsuDzhIDsFtf1iloEKKjHgw,2022-10-19T11:20:42Z,Onde a esquerdalha põe a mão é desgraça garantida. Votar nesses débeis é brincar com serpentes e escorpiões.,QURTSl9pMGdENmxrOEgxN3dNWjZDT1dueFVfUlhiZEtfYVFDVm45QUpHWFRvV1RYdVhPa25xU01xdVAwaEdrVDl2QklBeXlqcThBWEktYw==,2023-06-09 05:42:52.852395
youtube#commentThread,xFdRHM3iKHbEwIz2NWqy64g853U,UgwCsRGvxmRgLCWG8P14AaABAg,"{'videoId': 'SFubem2H08c', 'topLevelComment': {'kind': 'youtube#comment', 'etag': 'dUrPe-cyx4izDqPafN3XG9Yd_tw', 'id': 'UgwCsRGvxmRgLCWG8P14AaABAg', 'snippet': {'videoId': 'SFubem2H08c', 'textDisplay': 'Aí vem a desgraça da REDE GLOBO, a merda da emprensa, o miserável do POBRE que não quer conhecimento, um bando de artistas vagabundos e MAU CARÁTER e drogados que sempre viveu no bem Bom e que ver o podre se lascar', 'textOriginal': 'Aí vem a desgraça da REDE GLOBO, a merda da emprensa, o miserável do POBRE que não quer conhecimento, um bando de artistas vagabundos e MAU CARÁTER e drogados que sempre viveu no bem Bom e que ver o podre se lascar', 'authorDisplayName': 'Sansung 2019', 'authorProfileImageUrl': 'https://yt3.ggpht.com/ytc/AGIKgqMkA-2uHEjgqGSoUgJrzNgKTdRi0mvSleUJCIra=s48-c-k-c0x00ffffff-no-rj', 'authorChannelUrl': 'http://www.youtube.com/channel/UCPuQ8G__ua5TQQ0ODnOBLUQ', 'authorChannelId': {'value': 'UCPuQ8G__ua5TQQ0ODnOBLUQ'}, 'canRate': True, 'viewerRating': 'none', 'likeCount': 0, 'publishedAt': '2022-10-19T11:10:08Z', 'updatedAt': '2022-10-19T11:10:08Z'}}, 'canReply': True, 'totalReplyCount': 0, 'isPublic': True}",,UCPuQ8G__ua5TQQ0ODnOBLUQ,2022-10-19T11:10:08Z,"Aí vem a desgraça da REDE GLOBO, a merda da emprensa, o miserável do POBRE que não quer conhecimento, um bando de artistas vagabundos e MAU CARÁTER e drogados que sempre viveu no bem Bom e que ver o podre se lascar",QURTSl9pMGdENmxrOEgxN3dNWjZDT1dueFVfUlhiZEtfYVFDVm45QUpHWFRvV1RYdVhPa25xU01xdVAwaEdrVDl2QklBeXlqcThBWEktYw==,2023-06-09 05:42:52.852395
youtube#commentThread,IShOmkNdY9Lz1eVFPYtu2NZH920,UgzQ1QVcHaot_iVs-up4AaABAg,"{'videoId': 'SFubem2H08c', 'topLevelComment': {'kind': 'youtube#comment', 'etag': 'JJwJU8ISR3RZUelVQQHcqmBra7o', 'id': 'UgzQ1QVcHaot_iVs-up4AaABAg', 'snippet': {'videoId': 'SFubem2H08c', 'textDisplay': 'Bolsonaro22 🇧🇷👍', 'textOriginal': 'Bolsonaro22 🇧🇷👍', 'authorDisplayName': 'SKN SKN', 'authorProfileImageUrl': 'https://yt3.ggpht.com/ytc/AGIKgqO4mbZTuP4hk-48H8HOy3HgwXhEeM8e3_h1Rjeq=s48-c-k-c0x00ffffff-no-rj', 'authorChannelUrl': 'http://www.youtube.com/channel/UCbstN48nNdFRKoWRZio6JYw', 'authorChannelId': {'value': 'UCbstN48nNdFRKoWRZio6JYw'}, 'canRate': True, 'viewerRating': 'none', 'likeCount': 3, 'publishedAt': '2022-10-19T11:08:46Z', 'updatedAt': '2022-10-19T11:08:46Z'}}, 'canReply': True, 'totalReplyCount': 0, 'isPublic': True}",,UCbstN48nNdFRKoWRZio6JYw,2022-10-19T11:08:46Z,Bolsonaro22 🇧🇷👍,QURTSl9pMGdENmxrOEgxN3dNWjZDT1dueFVfUlhiZEtfYVFDVm45QUpHWFRvV1RYdVhPa25xU01xdVAwaEdrVDl2QklBeXlqcThBWEktYw==,2023-06-09 05:42:52.852395
youtube#commentThread,mNAq2pLUdEzs3qaX6aH9-PiK7C8,Ugyhs_hEJ9jFir1-lzx4AaABAg,"{'videoId': 'SFubem2H08c', 'topLevelComment': {'kind': 'youtube#comment', 'etag': 'TK3al9ki7QgXUXm5QyvUZIB-ONI', 'id': 'Ugyhs_hEJ9jFir1-lzx4AaABAg', 'snippet': {'videoId': 'SFubem2H08c', 'textDisplay': 'Cadê os Apoiadores do LULA?  Cadê vcs?', 'textOriginal': 'Cadê os Apoiadores do LULA?  Cadê vcs?', 'authorDisplayName': 'Sansung 2019', 'authorProfileImageUrl': 'https://yt3.ggpht.com/ytc/AGIKgqMkA-2uHEjgqGSoUgJrzNgKTdRi0mvSleUJCIra=s48-c-k-c0x00ffffff-no-rj', 'authorChannelUrl': 'http://www.youtube.com/channel/UCPuQ8G__ua5TQQ0ODnOBLUQ', 'authorChannelId': {'value': 'UCPuQ8G__ua5TQQ0ODnOBLUQ'}, 'canRate': True, 'viewerRating': 'none', 'likeCount': 0, 'publishedAt': '2022-10-19T11:05:14Z', 'updatedAt': '2022-10-19T11:05:14Z'}}, 'canReply': True, 'totalReplyCount': 0, 'isPublic': True}",,UCPuQ8G__ua5TQQ0ODnOBLUQ,2022-10-19T11:05:14Z,Cadê os Apoiadores do LULA?  Cadê vcs?,QURTSl9pMGdENmxrOEgxN3dNWjZDT1dueFVfUlhiZEtfYVFDVm45QUpHWFRvV1RYdVhPa25xU01xdVAwaEdrVDl2QklBeXlqcThBWEktYw==,2023-06-09 05:42:52.852395
youtube#commentThread,zqspve193tcLF3VC7ZovfX2Tk-c,UgzII94RFWyzrJAsL594AaABAg,"{'videoId': 'SFubem2H08c', 'topLevelComment': {'kind': 'youtube#comment', 'etag': '9zVYKCLPZz_ZZSefNx_2uw1ydy0', 'id': 'UgzII94RFWyzrJAsL594AaABAg', 'snippet': {'videoId': 'SFubem2H08c', 'textDisplay': 'Viva a esquerda!', 'textOriginal': 'Viva a esquerda!', 'authorDisplayName': 'wagner gomes', 'authorProfileImageUrl': 'https://yt3.ggpht.com/ytc/AGIKgqMw800TK1K9moVenir-kb9DJ533jkgBAmRBklim7Q=s48-c-k-c0x00ffffff-no-rj', 'authorChannelUrl': 'http://www.youtube.com/channel/UCkYF3G8eQUJXMPDgEdhSNBQ', 'authorChannelId': {'value': 'UCkYF3G8eQUJXMPDgEdhSNBQ'}, 'canRate': True, 'viewerRating': 'none', 'likeCount': 0, 'publishedAt': '2022-10-19T11:03:54Z', 'updatedAt': '2022-10-19T11:03:54Z'}}, 'canReply': True, 'totalReplyCount': 0, 'isPublic': True}",,UCkYF3G8eQUJXMPDgEdhSNBQ,2022-10-19T11:03:54Z,Viva a esquerda!,QURTSl9pMGdENmxrOEgxN3dNWjZDT1dueFVfUlhiZEtfYVFDVm45QUpHWFRvV1RYdVhPa25xU01xdVAwaEdrVDl2QklBeXlqcThBWEktYw==,2023-06-09 05:42:52.852395
youtube#commentThread,RkDyiJxLhd0TfvZ-LpytcaxtlRY,UgyyDdpqIX4b9r4hjMZ4AaABAg,"{'videoId': 'SFubem2H08c', 'topLevelComment': {'kind': 'youtube#comment', 'etag': 'm2l_V0Wof7tvg7wdjTUEROqQZyM', 'id': 'UgyyDdpqIX4b9r4hjMZ4AaABAg', 'snippet': {'videoId': 'SFubem2H08c', 'textDisplay': 'É  o que o  Lula dos pobres deseja para nós. Depois não adianta choraaaarrr. 🇧🇷🌻🇧🇷🌻', 'textOriginal': 'É  o que o  Lula dos pobres deseja para nós. Depois não adianta choraaaarrr. 🇧🇷🌻🇧🇷🌻', 'authorDisplayName': 'Marcella Gusmão', 'authorProfileImageUrl': 'https://yt3.ggpht.com/ytc/AGIKgqNAKwJEHN-4Rv5No6WrHoGQaoDCZbfgUynhU-NsdQ=s48-c-k-c0x00ffffff-no-rj', 'authorChannelUrl': 'http://www.youtube.com/channel/UCsCMoLSF3KSbQUhTSwGKsog', 'authorChannelId': {'value': 'UCsCMoLSF3KSbQUhTSwGKsog'}, 'canRate': True, 'viewerRating': 'none', 'likeCount': 13, 'publishedAt': '2022-10-19T10:56:02Z', 'updatedAt': '2022-10-19T10:56:02Z'}}, 'canReply': True, 'totalReplyCount': 0, 'isPublic': True}",,UCsCMoLSF3KSbQUhTSwGKsog,2022-10-19T10:56:02Z,É  o que o  Lula dos pobres deseja para nós. Depois não adianta choraaaarrr. 🇧🇷🌻🇧🇷🌻,QURTSl9pMGdENmxrOEgxN3dNWjZDT1dueFVfUlhiZEtfYVFDVm45QUpHWFRvV1RYdVhPa25xU01xdVAwaEdrVDl2QklBeXlqcThBWEktYw==,2023-06-09 05:42:52.852395
youtube#commentThread,-rwTOadbFIFHmCIuViXYLUXM-Mc,Ugwv9wqx1d7WEC4kbBl4AaABAg,"{'videoId': 'SFubem2H08c', 'topLevelComment': {'kind': 'youtube#comment', 'etag': 'i1LFpi8k7LAuBxsVCDaQ7QecO5M', 'id': 'Ugwv9wqx1d7WEC4kbBl4AaABAg', 'snippet': {'videoId': 'SFubem2H08c', 'textDisplay': 'E o povo querendo embarcar numa furada...', 'textOriginal': 'E o povo querendo embarcar numa furada...', 'authorDisplayName': 'Leonardo Frederico', 'authorProfileImageUrl': 'https://yt3.ggpht.com/ytc/AGIKgqObuw9qOVQ1ajpNms0rUWYDbT6RVH8HGZufEwnZRQ=s48-c-k-c0x00ffffff-no-rj', 'authorChannelUrl': 'http://www.youtube.com/channel/UCxxjUrCEBBvXwlNX3J6YOXQ', 'authorChannelId': {'value': 'UCxxjUrCEBBvXwlNX3J6YOXQ'}, 'canRate': True, 'viewerRating': 'none', 'likeCount': 6, 'publishedAt': '2022-10-19T10:50:11Z', 'updatedAt': '2022-10-19T10:50:11Z'}}, 'canReply': True, 'totalReplyCount': 0, 'isPublic': True}",,UCxxjUrCEBBvXwlNX3J6YOXQ,2022-10-19T10:50:11Z,E o povo querendo embarcar numa furada...,QURTSl9pMGdENmxrOEgxN3dNWjZDT1dueFVfUlhiZEtfYVFDVm45QUpHWFRvV1RYdVhPa25xU01xdVAwaEdrVDl2QklBeXlqcThBWEktYw==,2023-06-09 05:42:52.852395
youtube#commentThread,aWQumxU4gtkXxPFWdtu7mzB1msY,UgzhVYmvHLKeo4_nG7V4AaABAg,"{'videoId': 'SFubem2H08c', 'topLevelComment': {'kind': 'youtube#comment', 'etag': 'u1RxSDKdhnKP3qOVgZYK_CusD30', 'id': 'UgzhVYmvHLKeo4_nG7V4AaABAg', 'snippet': {'videoId': 'SFubem2H08c', 'textDisplay': 'Quando a cabeça não pensa, o corpo padece .....como diz o ditado popular, enquanto as pessoas agirem de acordo com suas emoções estaremos fadados a governos como este!!! 🇧🇷🇧🇷🇧🇷', 'textOriginal': 'Quando a cabeça não pensa, o corpo padece .....como diz o ditado popular, enquanto as pessoas agirem de acordo com suas emoções estaremos fadados a governos como este!!! 🇧🇷🇧🇷🇧🇷', 'authorDisplayName': 'Flavia Torres', 'authorProfileImageUrl': 'https://yt3.ggpht.com/ytc/AGIKgqN1IZVjPcRt1nHrxA9Td7nN6sxjcfJFVhMgkB3vKrY=s48-c-k-c0x00ffffff-no-rj', 'authorChannelUrl': 'http://www.youtube.com/channel/UCEr2NM68Q5DEZJjj9jOC_kQ', 'authorChannelId': {'value': 'UCEr2NM68Q5DEZJjj9jOC_kQ'}, 'canRate': True, 'viewerRating': 'none', 'likeCount': 112, 'publishedAt': '2022-10-19T10:42:13Z', 'updatedAt': '2022-10-19T10:42:13Z'}}, 'canReply': True, 'totalReplyCount': 1, 'isPublic': True}","{'comments': [{'kind': 'youtube#comment', 'etag': 'UjDgeCYNVfT-c-Qxw6ZapVpiZTg', 'id': 'UgzhVYmvHLKeo4_nG7V4AaABAg.9hMbsZCmkOu9hQY3Uu7JUA', 'snippet': {'videoId': 'SFubem2H08c', 'textDisplay': 'O povo lá até hj sofre com a direita do Pinochet', 'textOriginal': 'O povo lá até hj sofre com a direita do Pinochet', 'parentId': 'UgzhVYmvHLKeo4_nG7V4AaABAg', 'authorDisplayName': 'Tito Schmidt', 'authorProfileImageUrl': 'https://yt3.ggpht.com/ytc/AGIKgqNWaSe9QNOe4I5joNW-1ZwK9HqIepT6L3g9wJ10Pg=s48-c-k-c0x00ffffff-no-rj', 'authorChannelUrl': 'http://www.youtube.com/channel/UC8ycjkbmkEnpGDIwS8n5wPg', 'authorChannelId': {'value': 'UC8ycjkbmkEnpGDIwS8n5wPg'}, 'canRate': True, 'viewerRating': 'none', 'likeCount': 0, 'publishedAt': '2022-10-20T23:17:07Z', 'updatedAt': '2022-10-20T23:17:07Z'}}]}",UCEr2NM68Q5DEZJjj9jOC_kQ,2022-10-19T10:42:13Z,"Quando a cabeça não pensa, o corpo padece .....como diz o ditado popular, enquanto as pessoas agirem de acordo com suas emoções estaremos fadados a governos como este!!! 🇧🇷🇧🇷🇧🇷",QURTSl9pMGdENmxrOEgxN3dNWjZDT1dueFVfUlhiZEtfYVFDVm45QUpHWFRvV1RYdVhPa25xU01xdVAwaEdrVDl2QklBeXlqcThBWEktYw==,2023-06-09 05:42:52.852395
youtube#commentThread,ohQQcUhFV9uwN8GMcvxs5f8T9_M,UgzMjYTBa2vyFUavC6B4AaABAg,"{'videoId': 'SFubem2H08c', 'topLevelComment': {'kind': 'youtube#comment', 'etag': 'YFYVsjUOjoww1gfiVA5mZn7ww9g', 'id': 'UgzMjYTBa2vyFUavC6B4AaABAg', 'snippet': {'videoId': 'SFubem2H08c', 'textDisplay': 'No 🇨🇱 não existe reeleição.', 'textOriginal': 'No 🇨🇱 não existe reeleição.', 'authorDisplayName': 'Antônio Davi Brito', 'authorProfileImageUrl': 'https://yt3.ggpht.com/ytc/AGIKgqPe8EKkzDcJ-we6l-Ux28a9WSqtXCVJss6RNrpbaA=s48-c-k-c0x00ffffff-no-rj', 'authorChannelUrl': 'http://www.youtube.com/channel/UC7YppHRg1yHOqhVgGbnkFxg', 'authorChannelId': {'value': 'UC7YppHRg1yHOqhVgGbnkFxg'}, 'canRate': True, 'viewerRating': 'none', 'likeCount': 2, 'publishedAt': '2022-10-19T10:41:17Z', 'updatedAt': '2022-10-19T10:41:17Z'}}, 'canReply': True, 'totalReplyCount': 0, 'isPublic': True}",,UC7YppHRg1yHOqhVgGbnkFxg,2022-10-19T10:41:17Z,No 🇨🇱 não existe reeleição.,QURTSl9pMGdENmxrOEgxN3dNWjZDT1dueFVfUlhiZEtfYVFDVm45QUpHWFRvV1RYdVhPa25xU01xdVAwaEdrVDl2QklBeXlqcThBWEktYw==,2023-06-09 05:42:52.852395
youtube#commentThread,8fqDxIo_eynvr6zapEyzenMc4gQ,UgzPJuVZyzSSihJbgS14AaABAg,"{'videoId': 'SFubem2H08c', 'topLevelComment': {'kind': 'youtube#comment', 'etag': 'iTaczcNNzUt5e2JywWtwcwMYngQ', 'id': 'UgzPJuVZyzSSihJbgS14AaABAg', 'snippet': {'videoId': 'SFubem2H08c', 'textDisplay': 'Gente só Deus para ter misericórdia do nosso país 🙏🏻', 'textOriginal': 'Gente só Deus para ter misericórdia do nosso país 🙏🏻', 'authorDisplayName': 'Vitoria Paes', 'authorProfileImageUrl': 'https://yt3.ggpht.com/_b3wSbklF3-m_5dS-P302uvdlqVbfTI1-atZtu8cBAyEqTuHE-gBprU7vg0qWhjoiSPosquwHtw=s48-c-k-c0x00ffffff-no-rj', 'authorChannelUrl': 'http://www.youtube.com/channel/UCfhMJShCAlGwofS7_jWThDg', 'authorChannelId': {'value': 'UCfhMJShCAlGwofS7_jWThDg'}, 'canRate': True, 'viewerRating': 'none', 'likeCount': 28, 'publishedAt': '2022-10-19T10:38:58Z', 'updatedAt': '2022-10-19T10:38:58Z'}}, 'canReply': True, 'totalReplyCount': 1, 'isPublic': True}","{'comments': [{'kind': 'youtube#comment', 'etag': '-Mx6Gl2Ps4SszlSC1-OSVc7URak', 'id': 'UgzPJuVZyzSSihJbgS14AaABAg.9hMbViK930v9hMv4mGlpvK', 'snippet': {'videoId': 'SFubem2H08c', 'textDisplay': 'quem é Pai vai entender: quem coloca o Filho num ônibus ou van escolar sabendo q aquele modelo de ônibus sempre apresentou problemas nos países onde foi usado? este ônibus é o comunismo/socialismo/pt/pcc', 'textOriginal': 'quem é Pai vai entender: quem coloca o Filho num ônibus ou van escolar sabendo q aquele modelo de ônibus sempre apresentou problemas nos países onde foi usado? este ônibus é o comunismo/socialismo/pt/pcc', 'parentId': 'UgzPJuVZyzSSihJbgS14AaABAg', 'authorDisplayName': 'VIC777 Vieira', 'authorProfileImageUrl': 'https://yt3.ggpht.com/ytc/AGIKgqPvFDei3zd-hNWOwAFOCT0d-nu8VMZUIbvxDw=s48-c-k-c0x00ffffff-no-rj', 'authorChannelUrl': 'http://www.youtube.com/channel/UCjqgtqY0WECpDDZ9is3wWOQ', 'authorChannelId': {'value': 'UCjqgtqY0WECpDDZ9is3wWOQ'}, 'canRate': True, 'viewerRating': 'none', 'likeCount': 0, 'publishedAt': '2022-10-19T13:30:03Z', 'updatedAt': '2022-10-19T13:30:03Z'}}]}",UCfhMJShCAlGwofS7_jWThDg,2022-10-19T10:38:58Z,Gente só Deus para ter misericórdia do nosso país 🙏🏻,QURTSl9pMGdENmxrOEgxN3dNWjZDT1dueFVfUlhiZEtfYVFDVm45QUpHWFRvV1RYdVhPa25xU01xdVAwaEdrVDl2QklBeXlqcThBWEktYw==,2023-06-09 05:42:52.852395
youtube#commentThread,sPFDPzqBKaDRZhergpAkukLNtFQ,UgwYuHGLIX0obpysk8p4AaABAg,"{'videoId': 'SFubem2H08c', 'topLevelComment': {'kind': 'youtube#comment', 'etag': 'eJySgSgOKigEJsxvli4N7Qe1kHM', 'id': 'UgwYuHGLIX0obpysk8p4AaABAg', 'snippet': {'videoId': 'SFubem2H08c', 'textDisplay': 'Toma chileno. Toma esquerda do inferno, corvardis, desgraças Lula PT do inferno.', 'textOriginal': 'Toma chileno. Toma esquerda do inferno, corvardis, desgraças Lula PT do inferno.', 'authorDisplayName': 'Verionilda Ferreira', 'authorProfileImageUrl': 'https://yt3.ggpht.com/ytc/AGIKgqPPoXB-0ZzL5ZAhrw_GnQBUIvCwuVuQ6mOEfzksLJq80yMundzmuWVkuAeRpSlz=s48-c-k-c0x00ffffff-no-rj', 'authorChannelUrl': 'http://www.youtube.com/channel/UCwE9lMzJ_Q8LuXVvIjUIb1w', 'authorChannelId': {'value': 'UCwE9lMzJ_Q8LuXVvIjUIb1w'}, 'canRate': True, 'viewerRating': 'none', 'likeCount': 0, 'publishedAt': '2022-10-19T10:37:18Z', 'updatedAt': '2022-10-19T10:37:18Z'}}, 'canReply': True, 'totalReplyCount': 0, 'isPublic': True}",,UCwE9lMzJ_Q8LuXVvIjUIb1w,2022-10-19T10:37:18Z,"Toma chileno. Toma esquerda do inferno, corvardis, desgraças Lula PT do inferno.",QURTSl9pMGdENmxrOEgxN3dNWjZDT1dueFVfUlhiZEtfYVFDVm45QUpHWFRvV1RYdVhPa25xU01xdVAwaEdrVDl2QklBeXlqcThBWEktYw==,2023-06-09 05:42:52.852395
youtube#commentThread,dtolT73G6V2G7g32dXAJNFqYdok,UgyL3eEOh0pVNf1_nSF4AaABAg,"{'videoId': 'SFubem2H08c', 'topLevelComment': {'kind': 'youtube#comment', 'etag': 'vZNt7exucS2fFb1SPsYk20v7rIo', 'id': 'UgyL3eEOh0pVNf1_nSF4AaABAg', 'snippet': {'videoId': 'SFubem2H08c', 'textDisplay': '🇧🇷🇧🇷', 'textOriginal': '🇧🇷🇧🇷', 'authorDisplayName': 'Otávio Labes', 'authorProfileImageUrl': 'https://yt3.ggpht.com/uo65ifhiDVH1LCVjKWRl6LQT3FjDjukFwIq1WCmnFxj2YPNIQtUG2sih3tn754gdFFnOltsG=s48-c-k-c0x00ffffff-no-rj', 'authorChannelUrl': 'http://www.youtube.com/channel/UCbdmCgESpVaJVv6hTarxhmw', 'authorChannelId': {'value': 'UCbdmCgESpVaJVv6hTarxhmw'}, 'canRate': True, 'viewerRating': 'none', 'likeCount': 1, 'publishedAt': '2022-10-19T10:36:57Z', 'updatedAt': '2022-10-19T10:36:57Z'}}, 'canReply': True, 'totalReplyCount': 0, 'isPublic': True}",,UCbdmCgESpVaJVv6hTarxhmw,2022-10-19T10:36:57Z,🇧🇷🇧🇷,QURTSl9pMGdENmxrOEgxN3dNWjZDT1dueFVfUlhiZEtfYVFDVm45QUpHWFRvV1RYdVhPa25xU01xdVAwaEdrVDl2QklBeXlqcThBWEktYw==,2023-06-09 05:42:52.852395
youtube#commentThread,nXb0KWWtbDdqFZ9Aqtao4Y-TZkY,Ugz-8zBWtXIkmkY9L494AaABAg,"{'videoId': 'SFubem2H08c', 'topLevelComment': {'kind': 'youtube#comment', 'etag': 'GsRZC1-dlMN15dWQ2ZBniKo8E5E', 'id': 'Ugz-8zBWtXIkmkY9L494AaABAg', 'snippet': {'videoId': 'SFubem2H08c', 'textDisplay': 'Essa múmia chegou ao poder graças aos &quot;isentões&quot;.', 'textOriginal': 'Essa múmia chegou ao poder graças aos ""isentões"".', 'authorDisplayName': 'Levi Goncalves', 'authorProfileImageUrl': 'https://yt3.ggpht.com/ytc/AGIKgqPkwfzzI9T3WZ1zkAmNtu-HHvKRELKxrpvz1Q=s48-c-k-c0x00ffffff-no-rj', 'authorChannelUrl': 'http://www.youtube.com/channel/UC7o88i_MYR2oQc69YxethBw', 'authorChannelId': {'value': 'UC7o88i_MYR2oQc69YxethBw'}, 'canRate': True, 'viewerRating': 'none', 'likeCount': 7, 'publishedAt': '2022-10-19T10:36:47Z', 'updatedAt': '2022-10-19T10:36:47Z'}}, 'canReply': True, 'totalReplyCount': 0, 'isPublic': True}",,UC7o88i_MYR2oQc69YxethBw,2022-10-19T10:36:47Z,"Essa múmia chegou ao poder graças aos ""isentões"".",QURTSl9pMGdENmxrOEgxN3dNWjZDT1dueFVfUlhiZEtfYVFDVm45QUpHWFRvV1RYdVhPa25xU01xdVAwaEdrVDl2QklBeXlqcThBWEktYw==,2023-06-09 05:42:52.852395
youtube#commentThread,LcvRcHjn_FJmIAtzfcKjCMmJ6Us,Ugw1YDP9-rpz_xukLj54AaABAg,"{'videoId': 'SFubem2H08c', 'topLevelComment': {'kind': 'youtube#comment', 'etag': 'NIlRdafvVNubN0I2V2r9bJdqeQA', 'id': 'Ugw1YDP9-rpz_xukLj54AaABAg', 'snippet': {'videoId': 'SFubem2H08c', 'textDisplay': 'Votou e colocou no poder os comunistas corruPTos  ne Chile ?      Agora isso, agora aguenta.', 'textOriginal': 'Votou e colocou no poder os comunistas corruPTos  ne Chile ?      Agora isso, agora aguenta.', 'authorDisplayName': 'Flavio Costa', 'authorProfileImageUrl': 'https://yt3.ggpht.com/ytc/AGIKgqM3yiOvPOqUfKE82JGCLsbJq42KprCQFINhXEjV=s48-c-k-c0x00ffffff-no-rj', 'authorChannelUrl': 'http://www.youtube.com/channel/UCfeIA2mUpXwpYbbZbE3liGg', 'authorChannelId': {'value': 'UCfeIA2mUpXwpYbbZbE3liGg'}, 'canRate': True, 'viewerRating': 'none', 'likeCount': 0, 'publishedAt': '2022-10-19T10:34:24Z', 'updatedAt': '2022-10-19T10:42:04Z'}}, 'canReply': True, 'totalReplyCount': 0, 'isPublic': True}",,UCfeIA2mUpXwpYbbZbE3liGg,2022-10-19T10:34:24Z,"Votou e colocou no poder os comunistas corruPTos  ne Chile ?      Agora isso, agora aguenta.",QURTSl9pMGdENmxrOEgxN3dNWjZDT1dueFVfUlhiZEtfYVFDVm45QUpHWFRvV1RYdVhPa25xU01xdVAwaEdrVDl2QklBeXlqcThBWEktYw==,2023-06-09 05:42:52.852395
youtube#commentThread,7YalT8BfvYh7j1bU_dpuVWrVBLY,UgxatNzatfoa42RzBQ94AaABAg,"{'videoId': 'SFubem2H08c', 'topLevelComment': {'kind': 'youtube#comment', 'etag': 'UtW22A_2rFTF0s0pjzlmSVe12Wo', 'id': 'UgxatNzatfoa42RzBQ94AaABAg', 'snippet': {'videoId': 'SFubem2H08c', 'textDisplay': 'Chilenos burros por elegerem a esquerda, agora vão pagar por isso.<br>E infelizmente nós também né, pois o molusco está a frente do presidente.', 'textOriginal': 'Chilenos burros por elegerem a esquerda, agora vão pagar por isso.\\nE infelizmente nós também né, pois o molusco está a frente do presidente.', 'authorDisplayName': 'BrunoAzusagawa ', 'authorProfileImageUrl': 'https://yt3.ggpht.com/8oRMKa_RqiSIPUgo8bRCgAMOIEiOWdEVJ7D66hDGNq29csTVJZ5iyPLoK8C2YhF2zL5Cu2l1Dw=s48-c-k-c0x00ffffff-no-rj', 'authorChannelUrl': 'http://www.youtube.com/channel/UCI8APWg12JaxRPa9gW8kedw', 'authorChannelId': {'value': 'UCI8APWg12JaxRPa9gW8kedw'}, 'canRate': True, 'viewerRating': 'none', 'likeCount': 0, 'publishedAt': '2022-10-19T10:34:12Z', 'updatedAt': '2022-10-19T10:34:12Z'}}, 'canReply': True, 'totalReplyCount': 0, 'isPublic': True}",,UCI8APWg12JaxRPa9gW8kedw,2022-10-19T10:34:12Z,"Chilenos burros por elegerem a esquerda, agora vão pagar por isso.
E infelizmente nós também né, pois o molusco está a frente do presidente.",QURTSl9pMGdENmxrOEgxN3dNWjZDT1dueFVfUlhiZEtfYVFDVm45QUpHWFRvV1RYdVhPa25xU01xdVAwaEdrVDl2QklBeXlqcThBWEktYw==,2023-06-09 05:42:52.852395
youtube#commentThread,nH3JcxbuPFTUM7Rd1DiPwqrJn4c,UgwRnmr6f5vkbUuIGnl4AaABAg,"{'videoId': 'SFubem2H08c', 'topLevelComment': {'kind': 'youtube#comment', 'etag': 'NvTNrzpOBkKCL4gIXtoJyWtlZDM', 'id': 'UgwRnmr6f5vkbUuIGnl4AaABAg', 'snippet': {'videoId': 'SFubem2H08c', 'textDisplay': 'É ISSO QUE O POVINHO VAGABUNDO DESSE PAÍS QUER  ENTÃO É O QUE VÃO TER  COMO EU SOU RICO PRA MNIM TANTO FAZ EU TENHO PATRIMONIO PRA VIVER SEM TRABALHAR,  O RESTO DA MINHA 4  GERAÇÃO , ENTÃO  PRA MIM  DANE SE , QUEM GANHAR OU PERDER EU VOU CONTINUAR  A IR PRA MINHA CASA NA REVIERA DE SÃO LOURENÇO,  ANDAR NO MEU CARRO  BLINDADO,  E NO MEU JATO PARTICULAR ,E AINDA SE FICAR DOENTE VOU PRO HOSPITAL SÍRIO LIBANÊS OU ALBERT EINSTEIN ENTÃO DANE SE  O BRASIL  CONTINUEM VESTINDO VERMELHO  E COMAM BASTANTE PICANHA HAHAHAHAHAHAH  DÁ LIÇENÇA,VOU TOMAR MEU    Whisky Johnnie Walker 150° Anniversary  BOA SORTE POVINHO DE VERMELHO !!!!!!!!!!!!!!!!!!!!!!!!!!!!!!!!!!!!!!!!!!!!!!!!!!!!!!', 'textOriginal': 'É ISSO QUE O POVINHO VAGABUNDO DESSE PAÍS QUER  ENTÃO É O QUE VÃO TER  COMO EU SOU RICO PRA MNIM TANTO FAZ EU TENHO PATRIMONIO PRA VIVER SEM TRABALHAR,  O RESTO DA MINHA 4  GERAÇÃO , ENTÃO  PRA MIM  DANE SE , QUEM GANHAR OU PERDER EU VOU CONTINUAR  A IR PRA MINHA CASA NA REVIERA DE SÃO LOURENÇO,  ANDAR NO MEU CARRO  BLINDADO,  E NO MEU JATO PARTICULAR ,E AINDA SE FICAR DOENTE VOU PRO HOSPITAL SÍRIO LIBANÊS OU ALBERT EINSTEIN ENTÃO DANE SE  O BRASIL  CONTINUEM VESTINDO VERMELHO  E COMAM BASTANTE PICANHA HAHAHAHAHAHAH  DÁ LIÇENÇA,VOU TOMAR MEU    Whisky Johnnie Walker 150° Anniversary  BOA SORTE POVINHO DE VERMELHO !!!!!!!!!!!!!!!!!!!!!!!!!!!!!!!!!!!!!!!!!!!!!!!!!!!!!!', 'authorDisplayName': 'Rogerio Lima', 'authorProfileImageUrl': 'https://yt3.ggpht.com/ytc/AGIKgqOTTPvfdeR3S-SpdV_FA8vQyQ7LHh5RPq3kqswSZpo4qfuP2sCSuL4oPMxkZg0O=s48-c-k-c0x00ffffff-no-rj', 'authorChannelUrl': 'http://www.youtube.com/channel/UCGWMNp2TUqDm4blNzNAPEQw', 'authorChannelId': {'value': 'UCGWMNp2TUqDm4blNzNAPEQw'}, 'canRate': True, 'viewerRating': 'none', 'likeCount': 0, 'publishedAt': '2022-10-19T10:33:41Z', 'updatedAt': '2022-10-19T10:35:23Z'}}, 'canReply': True, 'totalReplyCount': 0, 'isPublic': True}",,UCGWMNp2TUqDm4blNzNAPEQw,2022-10-19T10:33:41Z,"É ISSO QUE O POVINHO VAGABUNDO DESSE PAÍS QUER  ENTÃO É O QUE VÃO TER  COMO EU SOU RICO PRA MNIM TANTO FAZ EU TENHO PATRIMONIO PRA VIVER SEM TRABALHAR,  O RESTO DA MINHA 4  GERAÇÃO , ENTÃO  PRA MIM  DANE SE , QUEM GANHAR OU PERDER EU VOU CONTINUAR  A IR PRA MINHA CASA NA REVIERA DE SÃO LOURENÇO,  ANDAR NO MEU CARRO  BLINDADO,  E NO MEU JATO PARTICULAR ,E AINDA SE FICAR DOENTE VOU PRO HOSPITAL SÍRIO LIBANÊS OU ALBERT EINSTEIN ENTÃO DANE SE  O BRASIL  CONTINUEM VESTINDO VERMELHO  E COMAM BASTANTE PICANHA HAHAHAHAHAHAH  DÁ LIÇENÇA,VOU TOMAR MEU    Whisky Johnnie Walker 150° Anniversary  BOA SORTE POVINHO DE VERMELHO !!!!!!!!!!!!!!!!!!!!!!!!!!!!!!!!!!!!!!!!!!!!!!!!!!!!!!",QURTSl9pMGdENmxrOEgxN3dNWjZDT1dueFVfUlhiZEtfYVFDVm45QUpHWFRvV1RYdVhPa25xU01xdVAwaEdrVDl2QklBeXlqcThBWEktYw==,2023-06-09 05:42:52.852395
youtube#commentThread,gkEfotap2lmzNTW7uq90W9kkfmo,UgzwIRSgbOZWNEedQCR4AaABAg,"{'videoId': 'SFubem2H08c', 'topLevelComment': {'kind': 'youtube#comment', 'etag': 'DMON-b_pqJ9fKptmMvDHJrNTQF0', 'id': 'UgzwIRSgbOZWNEedQCR4AaABAg', 'snippet': {'videoId': 'SFubem2H08c', 'textDisplay': 'CHILE, votaram nessa porcaria <br>agora é tarde e vão todos tomar no meio do Cedem', 'textOriginal': 'CHILE, votaram nessa porcaria \\nagora é tarde e vão todos tomar no meio do Cedem', 'authorDisplayName': 'Anisio Rodrigues da Silva Filho', 'authorProfileImageUrl': 'https://yt3.ggpht.com/ytc/AGIKgqPUYWbnR5Ql7ZxPfJLtlSdwMs1RDagyc_AXAeXM5MIu2l86Iczy3MYWPKEaH3Iw=s48-c-k-c0x00ffffff-no-rj', 'authorChannelUrl': 'http://www.youtube.com/channel/UCWOrlVoOvGZakBNRBILMhpg', 'authorChannelId': {'value': 'UCWOrlVoOvGZakBNRBILMhpg'}, 'canRate': True, 'viewerRating': 'none', 'likeCount': 0, 'publishedAt': '2022-10-19T10:23:24Z', 'updatedAt': '2022-10-19T10:23:24Z'}}, 'canReply': True, 'totalReplyCount': 0, 'isPublic': True}",,UCWOrlVoOvGZakBNRBILMhpg,2022-10-19T10:23:24Z,"CHILE, votaram nessa porcaria 
agora é tarde e vão todos tomar no meio do Cedem",QURTSl9pMGdENmxrOEgxN3dNWjZDT1dueFVfUlhiZEtfYVFDVm45QUpHWFRvV1RYdVhPa25xU01xdVAwaEdrVDl2QklBeXlqcThBWEktYw==,2023-06-09 05:42:52.852395
youtube#commentThread,ldCdXApX-gfUQGL1cHiiNr-MaBM,Ugy2CKHc6HFfcGasVmN4AaABAg,"{'videoId': 'SFubem2H08c', 'topLevelComment': {'kind': 'youtube#comment', 'etag': 'PWnqvq7evrj46z3L-qEJtHT_-rM', 'id': 'Ugy2CKHc6HFfcGasVmN4AaABAg', 'snippet': {'videoId': 'SFubem2H08c', 'textDisplay': 'Tá dando certo os planos da esquerda e do Boric  , em destruír o paiz ou os chilenos lutam agora ou vai piorar mais ainda , tão querendo fazer no brazil também.', 'textOriginal': 'Tá dando certo os planos da esquerda e do Boric  , em destruír o paiz ou os chilenos lutam agora ou vai piorar mais ainda , tão querendo fazer no brazil também.', 'authorDisplayName': 'Ney Cleber', 'authorProfileImageUrl': 'https://yt3.ggpht.com/ytc/AGIKgqNn8OlBihuJO8BPOIcNRwLQNA7F2Ymmb-FN0g=s48-c-k-c0x00ffffff-no-rj', 'authorChannelUrl': 'http://www.youtube.com/channel/UC6R_3Kkd7LGbGL3zQCpIW4w', 'authorChannelId': {'value': 'UC6R_3Kkd7LGbGL3zQCpIW4w'}, 'canRate': True, 'viewerRating': 'none', 'likeCount': 0, 'publishedAt': '2022-10-19T10:19:36Z', 'updatedAt': '2022-10-19T10:19:36Z'}}, 'canReply': True, 'totalReplyCount': 0, 'isPublic': True}",,UC6R_3Kkd7LGbGL3zQCpIW4w,2022-10-19T10:19:36Z,"Tá dando certo os planos da esquerda e do Boric  , em destruír o paiz ou os chilenos lutam agora ou vai piorar mais ainda , tão querendo fazer no brazil também.",QURTSl9pMGdENmxrOEgxN3dNWjZDT1dueFVfUlhiZEtfYVFDVm45QUpHWFRvV1RYdVhPa25xU01xdVAwaEdrVDl2QklBeXlqcThBWEktYw==,2023-06-09 05:42:52.852395
youtube#commentThread,WGufYf5WdnUvta_wy_7cNC56fHw,UgwwsUi-KJSiyWEI8xZ4AaABAg,"{'videoId': 'SFubem2H08c', 'topLevelComment': {'kind': 'youtube#comment', 'etag': 'H_J1WOTLZ2hPksop9cCqkxzNrL0', 'id': 'UgwwsUi-KJSiyWEI8xZ4AaABAg', 'snippet': {'videoId': 'SFubem2H08c', 'textDisplay': 'O dinheiro não aceita desaforo.  Todo país que partir para esse regime vai sofrer muito .', 'textOriginal': 'O dinheiro não aceita desaforo.  Todo país que partir para esse regime vai sofrer muito .', 'authorDisplayName': 'Sergio Bernardes', 'authorProfileImageUrl': 'https://yt3.ggpht.com/ytc/AGIKgqOchX4Mp9dFNbOAnet6-TOngbI76nKKdDiCuZjwqw=s48-c-k-c0x00ffffff-no-rj', 'authorChannelUrl': 'http://www.youtube.com/channel/UC9DNpFTHwFCoVCeRxL7FQnQ', 'authorChannelId': {'value': 'UC9DNpFTHwFCoVCeRxL7FQnQ'}, 'canRate': True, 'viewerRating': 'none', 'likeCount': 1, 'publishedAt': '2022-10-19T10:17:09Z', 'updatedAt': '2022-10-19T10:17:09Z'}}, 'canReply': True, 'totalReplyCount': 0, 'isPublic': True}",,UC9DNpFTHwFCoVCeRxL7FQnQ,2022-10-19T10:17:09Z,O dinheiro não aceita desaforo.  Todo país que partir para esse regime vai sofrer muito .,QURTSl9pMGdENmxrOEgxN3dNWjZDT1dueFVfUlhiZEtfYVFDVm45QUpHWFRvV1RYdVhPa25xU01xdVAwaEdrVDl2QklBeXlqcThBWEktYw==,2023-06-09 05:42:52.852395
youtube#commentThread,mwcsSlVk_SlY3a6TMGJWZYsXUXs,Ugwj_z_2B-7uEWNVIbh4AaABAg,"{'videoId': 'SFubem2H08c', 'topLevelComment': {'kind': 'youtube#comment', 'etag': 'FvFj5p1w_HvW3n0psWpHDmrypIQ', 'id': 'Ugwj_z_2B-7uEWNVIbh4AaABAg', 'snippet': {'videoId': 'SFubem2H08c', 'textDisplay': 'Rapaz, no final do &quot;SOCIALISMO&quot; de fato só quem fica em Boa situação são eles que está no Poder.....<br><br>Por isso tem o ditado, quando a esmolas é boa demais até o Santo desconfia.', 'textOriginal': 'Rapaz, no final do ""SOCIALISMO"" de fato só quem fica em Boa situação são eles que está no Poder.....\\n\\nPor isso tem o ditado, quando a esmolas é boa demais até o Santo desconfia.', 'authorDisplayName': 'Lawiles Fonseca', 'authorProfileImageUrl': 'https://yt3.ggpht.com/Jfoa2ZXXYGGD9QlL4mtYWSjdNp1VWGk-H7-Aot6br9nS39M0KFeiL7RKP-d5glqIDXgQR6hC=s48-c-k-c0x00ffffff-no-rj', 'authorChannelUrl': 'http://www.youtube.com/channel/UCW5DwkFDOzmae93wacC1NXA', 'authorChannelId': {'value': 'UCW5DwkFDOzmae93wacC1NXA'}, 'canRate': True, 'viewerRating': 'none', 'likeCount': 0, 'publishedAt': '2022-10-19T10:16:25Z', 'updatedAt': '2022-10-19T10:16:25Z'}}, 'canReply': True, 'totalReplyCount': 0, 'isPublic': True}",,UCW5DwkFDOzmae93wacC1NXA,2022-10-19T10:16:25Z,"Rapaz, no final do ""SOCIALISMO"" de fato só quem fica em Boa situação são eles que está no Poder.....

Por isso tem o ditado, quando a esmolas é boa demais até o Santo desconfia.",QURTSl9pMGdENmxrOEgxN3dNWjZDT1dueFVfUlhiZEtfYVFDVm45QUpHWFRvV1RYdVhPa25xU01xdVAwaEdrVDl2QklBeXlqcThBWEktYw==,2023-06-09 05:42:52.852395
youtube#commentThread,LKmJdXST9dv2PKp0F5ogYtDqAqY,UgzJ3izcDKoDBWNNRBl4AaABAg,"{'videoId': 'SFubem2H08c', 'topLevelComment': {'kind': 'youtube#comment', 'etag': 'AqxhMIVbtmpUWYxszV0j1HS9Vhk', 'id': 'UgzJ3izcDKoDBWNNRBl4AaABAg', 'snippet': {'videoId': 'SFubem2H08c', 'textDisplay': 'Eu fico imaginando se o ladrão for eleito presidente vai aumentar os países que ele vai ajudar com nosso dinheiro.', 'textOriginal': 'Eu fico imaginando se o ladrão for eleito presidente vai aumentar os países que ele vai ajudar com nosso dinheiro.', 'authorDisplayName': 'Rogério Vitor Silva', 'authorProfileImageUrl': 'https://yt3.ggpht.com/ytc/AGIKgqP3jmSqSfAmtJE5Ybf2nGzeb5R6wuqHGkoWstEn45z1nK8oKzX0tY6S38ylkMag=s48-c-k-c0x00ffffff-no-rj', 'authorChannelUrl': 'http://www.youtube.com/channel/UCXuNnn_Wbm1wABkN2LajBRg', 'authorChannelId': {'value': 'UCXuNnn_Wbm1wABkN2LajBRg'}, 'canRate': True, 'viewerRating': 'none', 'likeCount': 0, 'publishedAt': '2022-10-19T10:13:03Z', 'updatedAt': '2022-10-19T10:13:03Z'}}, 'canReply': True, 'totalReplyCount': 0, 'isPublic': True}",,UCXuNnn_Wbm1wABkN2LajBRg,2022-10-19T10:13:03Z,Eu fico imaginando se o ladrão for eleito presidente vai aumentar os países que ele vai ajudar com nosso dinheiro.,QURTSl9pMGdENmxrOEgxN3dNWjZDT1dueFVfUlhiZEtfYVFDVm45QUpHWFRvV1RYdVhPa25xU01xdVAwaEdrVDl2QklBeXlqcThBWEktYw==,2023-06-09 05:42:52.852395
youtube#commentThread,9cz7jszXxl6tj8c_go-kZr2AmXk,Ugy0YaGQuYx83-7WY6Z4AaABAg,"{'videoId': 'SFubem2H08c', 'topLevelComment': {'kind': 'youtube#comment', 'etag': 'QFGOhR2ZO5nisIxk3sO9hg4kGM8', 'id': 'Ugy0YaGQuYx83-7WY6Z4AaABAg', 'snippet': {'videoId': 'SFubem2H08c', 'textDisplay': 'DEMOCRACIA É A PALAVRA MAIS USADA PELOS COMMUNISTAS', 'textOriginal': 'DEMOCRACIA É A PALAVRA MAIS USADA PELOS COMMUNISTAS', 'authorDisplayName': 'warjacare', 'authorProfileImageUrl': 'https://yt3.ggpht.com/ytc/AGIKgqO5rB3S5Pe1-KEUWp5-sbLr_MWsyrR457LXnw=s48-c-k-c0x00ffffff-no-rj', 'authorChannelUrl': 'http://www.youtube.com/channel/UCGo-BdS_M4T7EGVdeH_BVzw', 'authorChannelId': {'value': 'UCGo-BdS_M4T7EGVdeH_BVzw'}, 'canRate': True, 'viewerRating': 'none', 'likeCount': 0, 'publishedAt': '2022-10-19T10:12:39Z', 'updatedAt': '2022-10-19T10:12:39Z'}}, 'canReply': True, 'totalReplyCount': 0, 'isPublic': True}",,UCGo-BdS_M4T7EGVdeH_BVzw,2022-10-19T10:12:39Z,DEMOCRACIA É A PALAVRA MAIS USADA PELOS COMMUNISTAS,QURTSl9pMGdENmxrOEgxN3dNWjZDT1dueFVfUlhiZEtfYVFDVm45QUpHWFRvV1RYdVhPa25xU01xdVAwaEdrVDl2QklBeXlqcThBWEktYw==,2023-06-09 05:42:52.852395
youtube#commentThread,jCcSqGfaStS06sC_I3YaYwomT7A,Ugw4CUKbc_DgV976gs14AaABAg,"{'videoId': 'SFubem2H08c', 'topLevelComment': {'kind': 'youtube#comment', 'etag': 't_ZxMh2hFhVypt7IXZ3GXZWFL-E', 'id': 'Ugw4CUKbc_DgV976gs14AaABAg', 'snippet': {'videoId': 'SFubem2H08c', 'textDisplay': 'Próxima venezuela', 'textOriginal': 'Próxima venezuela', 'authorDisplayName': 'Thiago Ana', 'authorProfileImageUrl': 'https://yt3.ggpht.com/ytc/AGIKgqOeJQIlRY4_Hn2Nxc6QxGwzLt1CU4QfrgWpRzsyTtALrXLMCCRKWaVC3osx6e3N=s48-c-k-c0x00ffffff-no-rj', 'authorChannelUrl': 'http://www.youtube.com/channel/UCs0jMMsEOYcr8SX0cqCETcw', 'authorChannelId': {'value': 'UCs0jMMsEOYcr8SX0cqCETcw'}, 'canRate': True, 'viewerRating': 'none', 'likeCount': 1, 'publishedAt': '2022-10-19T10:10:12Z', 'updatedAt': '2022-10-19T10:10:12Z'}}, 'canReply': True, 'totalReplyCount': 0, 'isPublic': True}",,UCs0jMMsEOYcr8SX0cqCETcw,2022-10-19T10:10:12Z,Próxima venezuela,QURTSl9pMGdENmxrOEgxN3dNWjZDT1dueFVfUlhiZEtfYVFDVm45QUpHWFRvV1RYdVhPa25xU01xdVAwaEdrVDl2QklBeXlqcThBWEktYw==,2023-06-09 05:42:52.852395
youtube#commentThread,IDQiEwLL6JXxHwzeybd9XU3OCpY,UgxbRUmcJQGPHzbngVF4AaABAg,"{'videoId': 'SFubem2H08c', 'topLevelComment': {'kind': 'youtube#comment', 'etag': 'aNiWbXB4bSC5-8sZ1wGkUDi4Vfs', 'id': 'UgxbRUmcJQGPHzbngVF4AaABAg', 'snippet': {'videoId': 'SFubem2H08c', 'textDisplay': 'QUEM ESTÁ PIR TRÁS DISSO TUDO É O GOVERNO DEMOCRATA TIRÂNICO DOS EUA COMANDADO PELOS FINANCISTAS GLOBALISTAS QUE ESTÃO CAUSANDO A DESTRUIÇÃO DAS ECONOMIAS NO MUNDO TODO PARA TENTAR IMPLANTAR SEU RESET FINANCEIRO DO MAL E ESCRAVIZAR A HUMANIDADE', 'textOriginal': 'QUEM ESTÁ PIR TRÁS DISSO TUDO É O GOVERNO DEMOCRATA TIRÂNICO DOS EUA COMANDADO PELOS FINANCISTAS GLOBALISTAS QUE ESTÃO CAUSANDO A DESTRUIÇÃO DAS ECONOMIAS NO MUNDO TODO PARA TENTAR IMPLANTAR SEU RESET FINANCEIRO DO MAL E ESCRAVIZAR A HUMANIDADE', 'authorDisplayName': 'Rosangela Tavarone Parra De Lazzari', 'authorProfileImageUrl': 'https://yt3.ggpht.com/ytc/AGIKgqMZ35m-UtTSISlIThMhZX2ttS0zhuBY22u1-Q=s48-c-k-c0x00ffffff-no-rj', 'authorChannelUrl': 'http://www.youtube.com/channel/UCpFFwFp_7jgrCYTF3IRlUuA', 'authorChannelId': {'value': 'UCpFFwFp_7jgrCYTF3IRlUuA'}, 'canRate': True, 'viewerRating': 'none', 'likeCount': 0, 'publishedAt': '2022-10-19T10:08:20Z', 'updatedAt': '2022-10-19T10:08:20Z'}}, 'canReply': True, 'totalReplyCount': 0, 'isPublic': True}",,UCpFFwFp_7jgrCYTF3IRlUuA,2022-10-19T10:08:20Z,QUEM ESTÁ PIR TRÁS DISSO TUDO É O GOVERNO DEMOCRATA TIRÂNICO DOS EUA COMANDADO PELOS FINANCISTAS GLOBALISTAS QUE ESTÃO CAUSANDO A DESTRUIÇÃO DAS ECONOMIAS NO MUNDO TODO PARA TENTAR IMPLANTAR SEU RESET FINANCEIRO DO MAL E ESCRAVIZAR A HUMANIDADE,QURTSl9pMGdENmxrOEgxN3dNWjZDT1dueFVfUlhiZEtfYVFDVm45QUpHWFRvV1RYdVhPa25xU01xdVAwaEdrVDl2QklBeXlqcThBWEktYw==,2023-06-09 05:42:52.852395
youtube#commentThread,UKrUzz_ZduQU_elgy5eCURK3UIk,UgwVwOhsiSoJmupEBcp4AaABAg,"{'videoId': 'SFubem2H08c', 'topLevelComment': {'kind': 'youtube#comment', 'etag': 'bS2m3OU7f4690qwrqHoIzh-YXzg', 'id': 'UgwVwOhsiSoJmupEBcp4AaABAg', 'snippet': {'videoId': 'SFubem2H08c', 'textDisplay': 'Tenho dito que essa nova onda vermelha na América do Sul, irá passar. No Peru e Chile, governos eleitos recentemente, já tem altos índices de rejeição. Argentina foi para o buraco de vez, e agora vejamos a Colômbia, onde o presidente guerrilheiro aposentou  generais mais antigos. Isso tudo é exemplo para nós.', 'textOriginal': 'Tenho dito que essa nova onda vermelha na América do Sul, irá passar. No Peru e Chile, governos eleitos recentemente, já tem altos índices de rejeição. Argentina foi para o buraco de vez, e agora vejamos a Colômbia, onde o presidente guerrilheiro aposentou  generais mais antigos. Isso tudo é exemplo para nós.', 'authorDisplayName': 'Hércules Matheus Derwisz', 'authorProfileImageUrl': 'https://yt3.ggpht.com/R3_alePeQPwmB6tlfj4tndA9791UuPrTFmpEJyLCigOkFOC9MmgLN5ukYha0ZB6-r-gf4dxrKQ=s48-c-k-c0x00ffffff-no-rj', 'authorChannelUrl': 'http://www.youtube.com/channel/UCfeie36qRyyoOEnWb8WfLkQ', 'authorChannelId': {'value': 'UCfeie36qRyyoOEnWb8WfLkQ'}, 'canRate': True, 'viewerRating': 'none', 'likeCount': 22, 'publishedAt': '2022-10-19T09:55:16Z', 'updatedAt': '2022-10-21T13:21:26Z'}}, 'canReply': True, 'totalReplyCount': 2, 'isPublic': True}","{'comments': [{'kind': 'youtube#comment', 'etag': 'ZZtHJGua482CFReYvODtIDdlB7g', 'id': 'UgwVwOhsiSoJmupEBcp4AaABAg.9hMXVeM3n0y9hRzFVaBBho', 'snippet': {'videoId': 'SFubem2H08c', 'textDisplay': 'E aqui no Chile não é diferente. <br>O Boric está com a rejeição cada vez maior. O país está jogado às traças.', 'textOriginal': 'E aqui no Chile não é diferente. \\nO Boric está com a rejeição cada vez maior. O país está jogado às traças.', 'parentId': 'UgwVwOhsiSoJmupEBcp4AaABAg', 'authorDisplayName': 'Deyze Macielle', 'authorProfileImageUrl': 'https://yt3.ggpht.com/ytc/AGIKgqNmWmS6_sZK7i-s6skgVJL_do_8k5B_P_INO-qoZg=s48-c-k-c0x00ffffff-no-rj', 'authorChannelUrl': 'http://www.youtube.com/channel/UCfexY9OHqNwKXyyZJ7rlfzw', 'authorChannelId': {'value': 'UCfexY9OHqNwKXyyZJ7rlfzw'}, 'canRate': True, 'viewerRating': 'none', 'likeCount': 2, 'publishedAt': '2022-10-21T12:42:40Z', 'updatedAt': '2022-10-21T12:42:40Z'}}, {'kind': 'youtube#comment', 'etag': 'p43J-pJ7RmUI7OWIb_aOB_yseC8', 'id': 'UgwVwOhsiSoJmupEBcp4AaABAg.9hMXVeM3n0y9hOX5Nq8WUF', 'snippet': {'videoId': 'SFubem2H08c', 'textDisplay': 'Mas infelizmente não é  o que pensam a maioria dos nordestinos , são  ingratos e cospem nos benefícios  que receberam !', 'textOriginal': 'Mas infelizmente não é  o que pensam a maioria dos nordestinos , são  ingratos e cospem nos benefícios  que receberam !', 'parentId': 'UgwVwOhsiSoJmupEBcp4AaABAg', 'authorDisplayName': 'jnkaya', 'authorProfileImageUrl': 'https://yt3.ggpht.com/ytc/AGIKgqMxqHzAlX7ajSXo3CqfkOQ3jRqvefCsDgRZqg=s48-c-k-c0x00ffffff-no-rj', 'authorChannelUrl': 'http://www.youtube.com/channel/UCQ7n9UJau-4FoAJEBTBhC3Q', 'authorChannelId': {'value': 'UCQ7n9UJau-4FoAJEBTBhC3Q'}, 'canRate': True, 'viewerRating': 'none', 'likeCount': 0, 'publishedAt': '2022-10-20T04:30:09Z', 'updatedAt': '2022-10-20T04:30:09Z'}}]}",UCfeie36qRyyoOEnWb8WfLkQ,2022-10-19T09:55:16Z,"Tenho dito que essa nova onda vermelha na América do Sul, irá passar. No Peru e Chile, governos eleitos recentemente, já tem altos índices de rejeição. Argentina foi para o buraco de vez, e agora vejamos a Colômbia, onde o presidente guerrilheiro aposentou  generais mais antigos. Isso tudo é exemplo para nós.",QURTSl9pMGdENmxrOEgxN3dNWjZDT1dueFVfUlhiZEtfYVFDVm45QUpHWFRvV1RYdVhPa25xU01xdVAwaEdrVDl2QklBeXlqcThBWEktYw==,2023-06-09 05:42:52.852395
youtube#commentThread,SZKv6oTORrFqkRUWjz3IAAUTm8A,Ugz1I2DwTESyDzpbWXF4AaABAg,"{'videoId': 'SFubem2H08c', 'topLevelComment': {'kind': 'youtube#comment', 'etag': 'K_HgeL4CjXCYPag_o_17AGlfX4Y', 'id': 'Ugz1I2DwTESyDzpbWXF4AaABAg', 'snippet': {'videoId': 'SFubem2H08c', 'textDisplay': 'Povo oque vcs pensa votando no lula', 'textOriginal': 'Povo oque vcs pensa votando no lula', 'authorDisplayName': 'Francisco Diego De Souza lima', 'authorProfileImageUrl': 'https://yt3.ggpht.com/ytc/AGIKgqM2qYMyHceXBF4NPljDqW3DDHSnHZFLQYS_a9BrbUZSgeqKuK5cW2-HnsJVZEEc=s48-c-k-c0x00ffffff-no-rj', 'authorChannelUrl': 'http://www.youtube.com/channel/UCW5nshckMv4B_B-BijY2Gyg', 'authorChannelId': {'value': 'UCW5nshckMv4B_B-BijY2Gyg'}, 'canRate': True, 'viewerRating': 'none', 'likeCount': 1, 'publishedAt': '2022-10-19T09:54:57Z', 'updatedAt': '2022-10-19T09:54:57Z'}}, 'canReply': True, 'totalReplyCount': 0, 'isPublic': True}",,UCW5nshckMv4B_B-BijY2Gyg,2022-10-19T09:54:57Z,Povo oque vcs pensa votando no lula,QURTSl9pMGdENmxrOEgxN3dNWjZDT1dueFVfUlhiZEtfYVFDVm45QUpHWFRvV1RYdVhPa25xU01xdVAwaEdrVDl2QklBeXlqcThBWEktYw==,2023-06-09 05:42:52.852395
youtube#commentThread,t1hA3P5kA5shi6PomSjVsMJoX1I,UgxGU__7yCtOBSx7nO94AaABAg,"{'videoId': 'SFubem2H08c', 'topLevelComment': {'kind': 'youtube#comment', 'etag': 'HbMQnCo4mtLVsjBUVEDEZ7ay9D0', 'id': 'UgxGU__7yCtOBSx7nO94AaABAg', 'snippet': {'videoId': 'SFubem2H08c', 'textDisplay': 'Essa esquerda é a desgraça do mundo 🌎', 'textOriginal': 'Essa esquerda é a desgraça do mundo 🌎', 'authorDisplayName': 'Neto Pantoja', 'authorProfileImageUrl': 'https://yt3.ggpht.com/ytc/AGIKgqPz_dJIfsQviaM9mOwyIlWBSyBM_K2RxttvZ2ldvA=s48-c-k-c0x00ffffff-no-rj', 'authorChannelUrl': 'http://www.youtube.com/channel/UCqERnHo4Tjsg1RhxIhJeSBg', 'authorChannelId': {'value': 'UCqERnHo4Tjsg1RhxIhJeSBg'}, 'canRate': True, 'viewerRating': 'none', 'likeCount': 1, 'publishedAt': '2022-10-19T09:53:27Z', 'updatedAt': '2022-10-19T09:53:27Z'}}, 'canReply': True, 'totalReplyCount': 0, 'isPublic': True}",,UCqERnHo4Tjsg1RhxIhJeSBg,2022-10-19T09:53:27Z,Essa esquerda é a desgraça do mundo 🌎,QURTSl9pMGdENmxrOEgxN3dNWjZDT1dueFVfUlhiZEtfYVFDVm45QUpHWFRvV1RYdVhPa25xU01xdVAwaEdrVDl2QklBeXlqcThBWEktYw==,2023-06-09 05:42:52.852395
youtube#commentThread,F-tv0H_imDOWEwhhoxM6yFILg5E,UgzO_spbcrZ-_Xrw6Yx4AaABAg,"{'videoId': 'SFubem2H08c', 'topLevelComment': {'kind': 'youtube#comment', 'etag': 'B81QVRYk-84ph229t070cj_KHtQ', 'id': 'UgzO_spbcrZ-_Xrw6Yx4AaABAg', 'snippet': {'videoId': 'SFubem2H08c', 'textDisplay': 'Ana Paula você é uma comentarista abençoada 👍👍', 'textOriginal': 'Ana Paula você é uma comentarista abençoada 👍👍', 'authorDisplayName': 'Liolando Gomes da silva', 'authorProfileImageUrl': 'https://yt3.ggpht.com/f5pbiG5vI2mmy5vyggXmhtAuVXzeAuqHpuN2O5JhiZ6J38FDs2y-S3LJtj6OaIOJn1g0bbcq=s48-c-k-c0x00ffffff-no-rj', 'authorChannelUrl': 'http://www.youtube.com/channel/UCtRu_ONgqGtvaBtFzSLzZEg', 'authorChannelId': {'value': 'UCtRu_ONgqGtvaBtFzSLzZEg'}, 'canRate': True, 'viewerRating': 'none', 'likeCount': 30, 'publishedAt': '2022-10-19T09:48:48Z', 'updatedAt': '2022-10-19T09:48:48Z'}}, 'canReply': True, 'totalReplyCount': 0, 'isPublic': True}",,UCtRu_ONgqGtvaBtFzSLzZEg,2022-10-19T09:48:48Z,Ana Paula você é uma comentarista abençoada 👍👍,QURTSl9pMGdENmxrOEgxN3dNWjZDT1dueFVfUlhiZEtfYVFDVm45QUpHWFRvV1RYdVhPa25xU01xdVAwaEdrVDl2QklBeXlqcThBWEktYw==,2023-06-09 05:42:52.852395
youtube#commentThread,we5u7R2NlPNwPsKtqFpThxcQ5PM,UgwC9AgYaRmKYMzftC54AaABAg,"{'videoId': 'SFubem2H08c', 'topLevelComment': {'kind': 'youtube#comment', 'etag': '8WcNV9hteYpnnvtKLBtpQQKre_w', 'id': 'UgwC9AgYaRmKYMzftC54AaABAg', 'snippet': {'videoId': 'SFubem2H08c', 'textDisplay': 'Como um candidato preso por corrupção em três instâncias e depois liberado defende e pede apoio a bandidos?', 'textOriginal': 'Como um candidato preso por corrupção em três instâncias e depois liberado defende e pede apoio a bandidos?', 'authorDisplayName': 'Facioedino Leite de Oliveira Oliveira', 'authorProfileImageUrl': 'https://yt3.ggpht.com/ytc/AGIKgqMM6PUKX8EqWURHsfJEvgiCHDFAatCi9A13UQ=s48-c-k-c0x00ffffff-no-rj', 'authorChannelUrl': 'http://www.youtube.com/channel/UCx5ooDCrmrjpV2zkuYQfMQA', 'authorChannelId': {'value': 'UCx5ooDCrmrjpV2zkuYQfMQA'}, 'canRate': True, 'viewerRating': 'none', 'likeCount': 14, 'publishedAt': '2022-10-19T09:43:42Z', 'updatedAt': '2022-10-19T09:43:42Z'}}, 'canReply': True, 'totalReplyCount': 1, 'isPublic': True}","{'comments': [{'kind': 'youtube#comment', 'etag': '1jOTlCjJC-aCl2MxBl4dnd4GizI', 'id': 'UgwC9AgYaRmKYMzftC54AaABAg.9hMWAyPwEZ_9hNmwo30QL7', 'snippet': {'videoId': 'SFubem2H08c', 'textDisplay': 'Qual tipo de político consegue entrar em uma comunidade que nem a força policial de elite consegue? <br>Ninguém entra no complexo do alemão para fazer campanha sem a permissão dos traficantes.', 'textOriginal': 'Qual tipo de político consegue entrar em uma comunidade que nem a força policial de elite consegue? \\nNinguém entra no complexo do alemão para fazer campanha sem a permissão dos traficantes.', 'parentId': 'UgwC9AgYaRmKYMzftC54AaABAg', 'authorDisplayName': 'Maria Cecilia', 'authorProfileImageUrl': 'https://yt3.ggpht.com/Auv-idU_vGqX0G5PIOXxzTiaIRXZk1JSLnuwBcAMqIEtUWOioExn9iFiFkSXkN3ZeCYEd8OGXQ=s48-c-k-c0x00ffffff-no-rj', 'authorChannelUrl': 'http://www.youtube.com/channel/UCNzX7oUIG0Tsdcwt1RVwEOg', 'authorChannelId': {'value': 'UCNzX7oUIG0Tsdcwt1RVwEOg'}, 'canRate': True, 'viewerRating': 'none', 'likeCount': 3, 'publishedAt': '2022-10-19T21:38:09Z', 'updatedAt': '2022-10-19T21:38:09Z'}}]}",UCx5ooDCrmrjpV2zkuYQfMQA,2022-10-19T09:43:42Z,Como um candidato preso por corrupção em três instâncias e depois liberado defende e pede apoio a bandidos?,QURTSl9pMGdENmxrOEgxN3dNWjZDT1dueFVfUlhiZEtfYVFDVm45QUpHWFRvV1RYdVhPa25xU01xdVAwaEdrVDl2QklBeXlqcThBWEktYw==,2023-06-09 05:42:52.852395
youtube#commentThread,e72KbMgi8EdA9rPpUHE7S8KrMCo,UgwYntDUdV-Z6KuugWJ4AaABAg,"{'videoId': 'SFubem2H08c', 'topLevelComment': {'kind': 'youtube#comment', 'etag': 'UbXEDxXB7qN5ZBPg6MHrWN4uCX4', 'id': 'UgwYntDUdV-Z6KuugWJ4AaABAg', 'snippet': {'videoId': 'SFubem2H08c', 'textDisplay': 'Gostaria de uma explicação plausível <br>Porque esses iluminados que tem admiração por socialismo, o porque não vão morrar nestes países ao invés de irem embora para os EUA ou outro país capitalista.<br>Sou contra porte de arma aqui mais vai embora para onde e permitido o porte, e até a pena de morte.', 'textOriginal': 'Gostaria de uma explicação plausível \\nPorque esses iluminados que tem admiração por socialismo, o porque não vão morrar nestes países ao invés de irem embora para os EUA ou outro país capitalista.\\nSou contra porte de arma aqui mais vai embora para onde e permitido o porte, e até a pena de morte.', 'authorDisplayName': 'Edio Tramontin', 'authorProfileImageUrl': 'https://yt3.ggpht.com/ytc/AGIKgqOq7J8Ub0p3Jg5E-cnyF8paq0brMUVVJ6uZjfOQ1yZA0wpeGeRT5SBbjzVm8JVS=s48-c-k-c0x00ffffff-no-rj', 'authorChannelUrl': 'http://www.youtube.com/channel/UCTpse8TVIHP85ceRLP4lSxA', 'authorChannelId': {'value': 'UCTpse8TVIHP85ceRLP4lSxA'}, 'canRate': True, 'viewerRating': 'none', 'likeCount': 0, 'publishedAt': '2022-10-19T09:43:22Z', 'updatedAt': '2022-10-19T09:43:22Z'}}, 'canReply': True, 'totalReplyCount': 0, 'isPublic': True}",,UCTpse8TVIHP85ceRLP4lSxA,2022-10-19T09:43:22Z,"Gostaria de uma explicação plausível 
Porque esses iluminados que tem admiração por socialismo, o porque não vão morrar nestes países ao invés de irem embora para os EUA ou outro país capitalista.
Sou contra porte de arma aqui mais vai embora para onde e permitido o porte, e até a pena de morte.",QURTSl9pMGdENmxrOEgxN3dNWjZDT1dueFVfUlhiZEtfYVFDVm45QUpHWFRvV1RYdVhPa25xU01xdVAwaEdrVDl2QklBeXlqcThBWEktYw==,2023-06-09 05:42:52.852395
youtube#commentThread,2yQkzngrBLiKxzGdvSB56mBCYS8,UgwFlJmUBptdDH_dMHZ4AaABAg,"{'videoId': 'SFubem2H08c', 'topLevelComment': {'kind': 'youtube#comment', 'etag': '8_aTfpzz-WdAOPgpy_SyMrYSGVo', 'id': 'UgwFlJmUBptdDH_dMHZ4AaABAg', 'snippet': {'videoId': 'SFubem2H08c', 'textDisplay': 'A esquerda via PT e Lula é retrocesso, fome, ditadura, comunismo. Quem diria o Chile país próspero com a chegada da esquerda caindo no poço. Lula é retrocesso. Acorda Brasil. Todos os países que são governados pela esquerda só recessão. Fora Fórum de SP', 'textOriginal': 'A esquerda via PT e Lula é retrocesso, fome, ditadura, comunismo. Quem diria o Chile país próspero com a chegada da esquerda caindo no poço. Lula é retrocesso. Acorda Brasil. Todos os países que são governados pela esquerda só recessão. Fora Fórum de SP', 'authorDisplayName': 'Facioedino Leite de Oliveira Oliveira', 'authorProfileImageUrl': 'https://yt3.ggpht.com/ytc/AGIKgqMM6PUKX8EqWURHsfJEvgiCHDFAatCi9A13UQ=s48-c-k-c0x00ffffff-no-rj', 'authorChannelUrl': 'http://www.youtube.com/channel/UCx5ooDCrmrjpV2zkuYQfMQA', 'authorChannelId': {'value': 'UCx5ooDCrmrjpV2zkuYQfMQA'}, 'canRate': True, 'viewerRating': 'none', 'likeCount': 0, 'publishedAt': '2022-10-19T09:42:08Z', 'updatedAt': '2022-10-19T09:42:08Z'}}, 'canReply': True, 'totalReplyCount': 0, 'isPublic': True}",,UCx5ooDCrmrjpV2zkuYQfMQA,2022-10-19T09:42:08Z,"A esquerda via PT e Lula é retrocesso, fome, ditadura, comunismo. Quem diria o Chile país próspero com a chegada da esquerda caindo no poço. Lula é retrocesso. Acorda Brasil. Todos os países que são governados pela esquerda só recessão. Fora Fórum de SP",QURTSl9pMGdENmxrOEgxN3dNWjZDT1dueFVfUlhiZEtfYVFDVm45QUpHWFRvV1RYdVhPa25xU01xdVAwaEdrVDl2QklBeXlqcThBWEktYw==,2023-06-09 05:42:52.852395
youtube#commentThread,q_fMaDKFmzhAf1jn0SRkfT9C-c8,Ugz7Wijhv2PFOU6Bwl14AaABAg,"{'videoId': 'SFubem2H08c', 'topLevelComment': {'kind': 'youtube#comment', 'etag': 'dQwAbjm5oX77PnaQFyWfgVUbS6o', 'id': 'Ugz7Wijhv2PFOU6Bwl14AaABAg', 'snippet': {'videoId': 'SFubem2H08c', 'textDisplay': 'Já?  7 meses? Meu Deus!💔😪<br>Vamos acordar povo brasileiro.', 'textOriginal': 'Já?  7 meses? Meu Deus!💔😪\\nVamos acordar povo brasileiro.', 'authorDisplayName': 'Rosaura Aparecida', 'authorProfileImageUrl': 'https://yt3.ggpht.com/ytc/AGIKgqMPxh_6ra5502aponLsQ72IEZQMdUll0PIdDg=s48-c-k-c0x00ffffff-no-rj', 'authorChannelUrl': 'http://www.youtube.com/channel/UCf8OARXDIVTV9cYR0xGhK8w', 'authorChannelId': {'value': 'UCf8OARXDIVTV9cYR0xGhK8w'}, 'canRate': True, 'viewerRating': 'none', 'likeCount': 22, 'publishedAt': '2022-10-19T09:39:52Z', 'updatedAt': '2022-10-19T09:39:52Z'}}, 'canReply': True, 'totalReplyCount': 0, 'isPublic': True}",,UCf8OARXDIVTV9cYR0xGhK8w,2022-10-19T09:39:52Z,"Já?  7 meses? Meu Deus!💔😪
Vamos acordar povo brasileiro.",QURTSl9pMGdENmxrOEgxN3dNWjZDT1dueFVfUlhiZEtfYVFDVm45QUpHWFRvV1RYdVhPa25xU01xdVAwaEdrVDl2QklBeXlqcThBWEktYw==,2023-06-09 05:42:52.852395
youtube#commentThread,63syB33bNOns3GbTkiNvSCWO-Ys,UgzY0GT6hYhcPerrlEd4AaABAg,"{'videoId': 'SFubem2H08c', 'topLevelComment': {'kind': 'youtube#comment', 'etag': 'TTO2M7ktnwALuNSuliAtbkMt5yE', 'id': 'UgzY0GT6hYhcPerrlEd4AaABAg', 'snippet': {'videoId': 'SFubem2H08c', 'textDisplay': 'O povo foi enganado durante 3 ou 4 décadas, pois esconderam tudo sobre o Foro de São  Paulo. Então a maioria não  entende que eles estão  implantando o comunismo, que está  levando o continente a miséria. Só quando começa  a faltar produtos para comprar e a fome se avizinha é  que o povo entende a armadilha da esquerda. O brasileiro na maioria não  acredita que Lula vai implantar o comunismo aqui, mas ele fala em revolução,  que vai permitir invasões  no campo e na cidade. É  claro que na TV ele nega, isto ele discursa para seus companheiros da CUT, MST e outros grupos. Tem vídeo na Internet ele falando estas coisas.', 'textOriginal': 'O povo foi enganado durante 3 ou 4 décadas, pois esconderam tudo sobre o Foro de São  Paulo. Então a maioria não  entende que eles estão  implantando o comunismo, que está  levando o continente a miséria. Só quando começa  a faltar produtos para comprar e a fome se avizinha é  que o povo entende a armadilha da esquerda. O brasileiro na maioria não  acredita que Lula vai implantar o comunismo aqui, mas ele fala em revolução,  que vai permitir invasões  no campo e na cidade. É  claro que na TV ele nega, isto ele discursa para seus companheiros da CUT, MST e outros grupos. Tem vídeo na Internet ele falando estas coisas.', 'authorDisplayName': 'Eli Maria Da Silva Coelho', 'authorProfileImageUrl': 'https://yt3.ggpht.com/ytc/AGIKgqMm7MZSi9s1WsMxvuncnfy9CJN5j29sQ-yxXw=s48-c-k-c0x00ffffff-no-rj', 'authorChannelUrl': 'http://www.youtube.com/channel/UCKz0K0vnqsT6pnRSHpb281A', 'authorChannelId': {'value': 'UCKz0K0vnqsT6pnRSHpb281A'}, 'canRate': True, 'viewerRating': 'none', 'likeCount': 0, 'publishedAt': '2022-10-19T09:38:39Z', 'updatedAt': '2022-10-19T09:38:39Z'}}, 'canReply': True, 'totalReplyCount': 0, 'isPublic': True}",,UCKz0K0vnqsT6pnRSHpb281A,2022-10-19T09:38:39Z,"O povo foi enganado durante 3 ou 4 décadas, pois esconderam tudo sobre o Foro de São  Paulo. Então a maioria não  entende que eles estão  implantando o comunismo, que está  levando o continente a miséria. Só quando começa  a faltar produtos para comprar e a fome se avizinha é  que o povo entende a armadilha da esquerda. O brasileiro na maioria não  acredita que Lula vai implantar o comunismo aqui, mas ele fala em revolução,  que vai permitir invasões  no campo e na cidade. É  claro que na TV ele nega, isto ele discursa para seus companheiros da CUT, MST e outros grupos. Tem vídeo na Internet ele falando estas coisas.",QURTSl9pMGdENmxrOEgxN3dNWjZDT1dueFVfUlhiZEtfYVFDVm45QUpHWFRvV1RYdVhPa25xU01xdVAwaEdrVDl2QklBeXlqcThBWEktYw==,2023-06-09 05:42:52.852395
youtube#commentThread,xFiRwA5ILnGSCfsNM28tYR3o35g,UgyfCMvGaRmwxA2T1cl4AaABAg,"{'videoId': 'SFubem2H08c', 'topLevelComment': {'kind': 'youtube#comment', 'etag': 'qpESAvdBiP8uNuAXfCIUXIynaQU', 'id': 'UgyfCMvGaRmwxA2T1cl4AaABAg', 'snippet': {'videoId': 'SFubem2H08c', 'textDisplay': 'O povo fica atrás da picanha q o Lula falou q vai ter na messa do brasileiro contador de história c o Lula for o presidente é perigoso não ter nem o arroz e o feijão para comer Lula é fraco não tem capacidade de governar o Brasil nesse momento de crise mundial muito corrupto', 'textOriginal': 'O povo fica atrás da picanha q o Lula falou q vai ter na messa do brasileiro contador de história c o Lula for o presidente é perigoso não ter nem o arroz e o feijão para comer Lula é fraco não tem capacidade de governar o Brasil nesse momento de crise mundial muito corrupto', 'authorDisplayName': 'Marcelo Morgado Ramos', 'authorProfileImageUrl': 'https://yt3.ggpht.com/ytc/AGIKgqNLTfYucS0xek446eIojidqlcIIFNNlQgC1RgytMCdcdMrn3-IBn0BvRRUaQZ19=s48-c-k-c0x00ffffff-no-rj', 'authorChannelUrl': 'http://www.youtube.com/channel/UC_Xo_53yaG-tN2XxDaR9YAw', 'authorChannelId': {'value': 'UC_Xo_53yaG-tN2XxDaR9YAw'}, 'canRate': True, 'viewerRating': 'none', 'likeCount': 1, 'publishedAt': '2022-10-19T09:35:14Z', 'updatedAt': '2022-10-19T09:35:14Z'}}, 'canReply': True, 'totalReplyCount': 0, 'isPublic': True}",,UC_Xo_53yaG-tN2XxDaR9YAw,2022-10-19T09:35:14Z,O povo fica atrás da picanha q o Lula falou q vai ter na messa do brasileiro contador de história c o Lula for o presidente é perigoso não ter nem o arroz e o feijão para comer Lula é fraco não tem capacidade de governar o Brasil nesse momento de crise mundial muito corrupto,QURTSl9pMGdENmxrOEgxN3dNWjZDT1dueFVfUlhiZEtfYVFDVm45QUpHWFRvV1RYdVhPa25xU01xdVAwaEdrVDl2QklBeXlqcThBWEktYw==,2023-06-09 05:42:52.852395
youtube#commentThread,bc17bcoRYAUQk_Z7CcPusZbkVRo,UgxzG9WLAXnoXfVbaDh4AaABAg,"{'videoId': 'SFubem2H08c', 'topLevelComment': {'kind': 'youtube#comment', 'etag': '_P3bvj6HQ0wvfQEaQ49FkCfWx0I', 'id': 'UgxzG9WLAXnoXfVbaDh4AaABAg', 'snippet': {'videoId': 'SFubem2H08c', 'textDisplay': 'PT, NUNCA deveria ser um partido político, pois é claro, transparente, que se trata de uma facção criminosa. Mas, para a &quot;justiça&quot; tá tudo certo.<br>Revoltante!', 'textOriginal': 'PT, NUNCA deveria ser um partido político, pois é claro, transparente, que se trata de uma facção criminosa. Mas, para a ""justiça"" tá tudo certo.\\nRevoltante!', 'authorDisplayName': 'Jô Ramos', 'authorProfileImageUrl': 'https://yt3.ggpht.com/F5Ii4fQLciGoLdfeZDzylcwdXZJnEAYkvNFvQQuFFA8E9bvrcE99WFXsVtjBxItmkD8GoOM1Qzk=s48-c-k-c0x00ffffff-no-rj', 'authorChannelUrl': 'http://www.youtube.com/channel/UCvOtgexA2oOBKQ2EcboZ_vA', 'authorChannelId': {'value': 'UCvOtgexA2oOBKQ2EcboZ_vA'}, 'canRate': True, 'viewerRating': 'none', 'likeCount': 0, 'publishedAt': '2022-10-19T09:34:59Z', 'updatedAt': '2022-10-19T09:34:59Z'}}, 'canReply': True, 'totalReplyCount': 0, 'isPublic': True}",,UCvOtgexA2oOBKQ2EcboZ_vA,2022-10-19T09:34:59Z,"PT, NUNCA deveria ser um partido político, pois é claro, transparente, que se trata de uma facção criminosa. Mas, para a ""justiça"" tá tudo certo.
Revoltante!",QURTSl9pMGdENmxrOEgxN3dNWjZDT1dueFVfUlhiZEtfYVFDVm45QUpHWFRvV1RYdVhPa25xU01xdVAwaEdrVDl2QklBeXlqcThBWEktYw==,2023-06-09 05:42:52.852395
youtube#commentThread,aXMNW-0mld6_Dx8oI11vXhCIdZQ,UgwSRjuw-DmW1FZ1tyh4AaABAg,"{'videoId': 'SFubem2H08c', 'topLevelComment': {'kind': 'youtube#comment', 'etag': 'xZe-_R8IAC3eMRxEj2YDM7j26W8', 'id': 'UgwSRjuw-DmW1FZ1tyh4AaABAg', 'snippet': {'videoId': 'SFubem2H08c', 'textDisplay': 'Tão pagando o preço pela burrice...', 'textOriginal': 'Tão pagando o preço pela burrice...', 'authorDisplayName': 'Erison Teixeira Sa', 'authorProfileImageUrl': 'https://yt3.ggpht.com/ytc/AGIKgqPnjuOa7imsS9-It7PeD-dz7kTBT3qy_P6VCg=s48-c-k-c0x00ffffff-no-rj', 'authorChannelUrl': 'http://www.youtube.com/channel/UCAciKtcfL4HW8js7OIDJGdA', 'authorChannelId': {'value': 'UCAciKtcfL4HW8js7OIDJGdA'}, 'canRate': True, 'viewerRating': 'none', 'likeCount': 0, 'publishedAt': '2022-10-19T09:28:55Z', 'updatedAt': '2022-10-19T09:28:55Z'}}, 'canReply': True, 'totalReplyCount': 0, 'isPublic': True}",,UCAciKtcfL4HW8js7OIDJGdA,2022-10-19T09:28:55Z,Tão pagando o preço pela burrice...,QURTSl9pMGdENmxrOEgxN3dNWjZDT1dueFVfUlhiZEtfYVFDVm45QUpHWFRvV1RYdVhPa25xU01xdVAwaEdrVDl2QklBeXlqcThBWEktYw==,2023-06-09 05:42:52.852395
youtube#commentThread,8mnaRa6qSuOaWZQsnCyg4XwcYP4,Ugwvi1u6a3YdV3vuzh94AaABAg,"{'videoId': 'SFubem2H08c', 'topLevelComment': {'kind': 'youtube#comment', 'etag': 'xXZ_mQ_02pBgDaPP9c7hMEXY3S4', 'id': 'Ugwvi1u6a3YdV3vuzh94AaABAg', 'snippet': {'videoId': 'SFubem2H08c', 'textDisplay': 'Comunismo=miseria,pobreza, corrupção será que precisa desenhar como é possível alguém que não seja um bandido corrupto querer tentar isso de novo no Brasil. Deus abre a mente desse povo', 'textOriginal': 'Comunismo=miseria,pobreza, corrupção será que precisa desenhar como é possível alguém que não seja um bandido corrupto querer tentar isso de novo no Brasil. Deus abre a mente desse povo', 'authorDisplayName': 'Alessandro Carloni', 'authorProfileImageUrl': 'https://yt3.ggpht.com/ytc/AGIKgqO3Sm-AqqgOFzPHcJk1VhCmQLkQ0pFD-dsgviJ3d8d6A08HcJLJbtAkhBkbn0cz=s48-c-k-c0x00ffffff-no-rj', 'authorChannelUrl': 'http://www.youtube.com/channel/UChcjBdlCX8DAKVhiVDpXaKg', 'authorChannelId': {'value': 'UChcjBdlCX8DAKVhiVDpXaKg'}, 'canRate': True, 'viewerRating': 'none', 'likeCount': 0, 'publishedAt': '2022-10-19T09:16:04Z', 'updatedAt': '2022-10-19T09:16:04Z'}}, 'canReply': True, 'totalReplyCount': 0, 'isPublic': True}",,UChcjBdlCX8DAKVhiVDpXaKg,2022-10-19T09:16:04Z,"Comunismo=miseria,pobreza, corrupção será que precisa desenhar como é possível alguém que não seja um bandido corrupto querer tentar isso de novo no Brasil. Deus abre a mente desse povo",QURTSl9pMGdENmxrOEgxN3dNWjZDT1dueFVfUlhiZEtfYVFDVm45QUpHWFRvV1RYdVhPa25xU01xdVAwaEdrVDl2QklBeXlqcThBWEktYw==,2023-06-09 05:42:52.852395
youtube#commentThread,EcEgIPbfHHhkngkgcESCBYX2MSw,Ugwzto6g8EBx_wegAl54AaABAg,"{'videoId': 'SFubem2H08c', 'topLevelComment': {'kind': 'youtube#comment', 'etag': 'Wy6C493to5KzeUbLi7MERE5pHTw', 'id': 'Ugwzto6g8EBx_wegAl54AaABAg', 'snippet': {'videoId': 'SFubem2H08c', 'textDisplay': 'Mas já.', 'textOriginal': 'Mas já.', 'authorDisplayName': 'Joao Batista', 'authorProfileImageUrl': 'https://yt3.ggpht.com/ytc/AGIKgqMSc4yzw8kjdg9bC0UwNpVptBwthmjsAumDBCqPXdauJItnIrdXWSl8cDI3cfPV=s48-c-k-c0x00ffffff-no-rj', 'authorChannelUrl': 'http://www.youtube.com/channel/UCMPwD-bD81EDJDP6ynXOE5Q', 'authorChannelId': {'value': 'UCMPwD-bD81EDJDP6ynXOE5Q'}, 'canRate': True, 'viewerRating': 'none', 'likeCount': 0, 'publishedAt': '2022-10-19T09:10:20Z', 'updatedAt': '2022-10-19T09:10:20Z'}}, 'canReply': True, 'totalReplyCount': 0, 'isPublic': True}",,UCMPwD-bD81EDJDP6ynXOE5Q,2022-10-19T09:10:20Z,Mas já.,QURTSl9pMGdENmxrOEgxN3dNWjZDT1dueFVfUlhiZEtfYVFDVm45QUpHWFRvV1RYdVhPa25xU01xdVAwaEdrVDl2QklBeXlqcThBWEktYw==,2023-06-09 05:42:52.852395
youtube#commentThread,DRXgmAcQm283gfP3hado49Sp5f4,UgxzTMkgyWIlozyHnch4AaABAg,"{'videoId': 'SFubem2H08c', 'topLevelComment': {'kind': 'youtube#comment', 'etag': 'TrkOLs5UmZpv1fJ-1wvmfik8NsI', 'id': 'UgxzTMkgyWIlozyHnch4AaABAg', 'snippet': {'videoId': 'SFubem2H08c', 'textDisplay': 'Impressionante a miséria a desgraça nos ronda com  esse pt  e parte do povo continua ignorando.<br>Cabe a nós a MAIOR parte do POVO  q tá esclarecido  reverter votos dos isentoes . FOCO  NO DIA 30!!🇧🇷🇧🇷', 'textOriginal': 'Impressionante a miséria a desgraça nos ronda com  esse pt  e parte do povo continua ignorando.\\nCabe a nós a MAIOR parte do POVO  q tá esclarecido  reverter votos dos isentoes . FOCO  NO DIA 30!!🇧🇷🇧🇷', 'authorDisplayName': 'Monica Fernandes', 'authorProfileImageUrl': 'https://yt3.ggpht.com/ytc/AGIKgqM5oIUjmXumKpyazotL4w8zjP4IwMhQhxxs_Q=s48-c-k-c0x00ffffff-no-rj', 'authorChannelUrl': 'http://www.youtube.com/channel/UCszU9ClxcLx1huDz3z2Lcag', 'authorChannelId': {'value': 'UCszU9ClxcLx1huDz3z2Lcag'}, 'canRate': True, 'viewerRating': 'none', 'likeCount': 13, 'publishedAt': '2022-10-19T09:10:17Z', 'updatedAt': '2022-10-19T09:10:49Z'}}, 'canReply': True, 'totalReplyCount': 0, 'isPublic': True}",,UCszU9ClxcLx1huDz3z2Lcag,2022-10-19T09:10:17Z,"Impressionante a miséria a desgraça nos ronda com  esse pt  e parte do povo continua ignorando.
Cabe a nós a MAIOR parte do POVO  q tá esclarecido  reverter votos dos isentoes . FOCO  NO DIA 30!!🇧🇷🇧🇷",QURTSl9pMGdENmxrOEgxN3dNWjZDT1dueFVfUlhiZEtfYVFDVm45QUpHWFRvV1RYdVhPa25xU01xdVAwaEdrVDl2QklBeXlqcThBWEktYw==,2023-06-09 05:42:52.852395
youtube#commentThread,4oO9xmV3-ZmqQRx2JT86fTYH3SM,UgzWrxNgUIFvOemzQ5x4AaABAg,"{'videoId': 'SFubem2H08c', 'topLevelComment': {'kind': 'youtube#comment', 'etag': 'NJwh1pOJ25HWwuKbK0CxehLTwO4', 'id': 'UgzWrxNgUIFvOemzQ5x4AaABAg', 'snippet': {'videoId': 'SFubem2H08c', 'textDisplay': 'Mas foi o povo que escolheu esse esquerdista. Aqui no Brasil a maioria da população quer o mesmo para o país', 'textOriginal': 'Mas foi o povo que escolheu esse esquerdista. Aqui no Brasil a maioria da população quer o mesmo para o país', 'authorDisplayName': 'cleomair carvalho silva', 'authorProfileImageUrl': 'https://yt3.ggpht.com/ytc/AGIKgqOQdeCz9XYu67sdytVmsi-T-s2UXwGPOv4L3_AqXg=s48-c-k-c0x00ffffff-no-rj', 'authorChannelUrl': 'http://www.youtube.com/channel/UC3ZIDz8JpDMcKodlAigvCqA', 'authorChannelId': {'value': 'UC3ZIDz8JpDMcKodlAigvCqA'}, 'canRate': True, 'viewerRating': 'none', 'likeCount': 2, 'publishedAt': '2022-10-19T09:09:05Z', 'updatedAt': '2022-10-19T09:09:05Z'}}, 'canReply': True, 'totalReplyCount': 0, 'isPublic': True}",,UC3ZIDz8JpDMcKodlAigvCqA,2022-10-19T09:09:05Z,Mas foi o povo que escolheu esse esquerdista. Aqui no Brasil a maioria da população quer o mesmo para o país,QURTSl9pMGdENmxrOEgxN3dNWjZDT1dueFVfUlhiZEtfYVFDVm45QUpHWFRvV1RYdVhPa25xU01xdVAwaEdrVDl2QklBeXlqcThBWEktYw==,2023-06-09 05:42:52.852395
youtube#commentThread,7vSLVwO6EeR935GdJ7jbTvOhE-M,UgyhJNplR3OHBVUxtOh4AaABAg,"{'videoId': 'SFubem2H08c', 'topLevelComment': {'kind': 'youtube#comment', 'etag': '1efYyKoHa76YiMQV56JJXN7oGnY', 'id': 'UgyhJNplR3OHBVUxtOh4AaABAg', 'snippet': {'videoId': 'SFubem2H08c', 'textDisplay': 'é isso que voce quer para nosso PAÍS ? Pensem bem . 22 22 22 22 22 22 22 22 22', 'textOriginal': 'é isso que voce quer para nosso PAÍS ? Pensem bem . 22 22 22 22 22 22 22 22 22', 'authorDisplayName': 'Marcus Garcia', 'authorProfileImageUrl': 'https://yt3.ggpht.com/ytc/AGIKgqPrKxXwad_idaqkv3cO6R3xrvL-yJCs10QW8Q=s48-c-k-c0x00ffffff-no-rj', 'authorChannelUrl': 'http://www.youtube.com/channel/UCjG0fvzpOOhd4IVw59t1itQ', 'authorChannelId': {'value': 'UCjG0fvzpOOhd4IVw59t1itQ'}, 'canRate': True, 'viewerRating': 'none', 'likeCount': 2, 'publishedAt': '2022-10-19T09:06:46Z', 'updatedAt': '2022-10-19T09:06:46Z'}}, 'canReply': True, 'totalReplyCount': 0, 'isPublic': True}",,UCjG0fvzpOOhd4IVw59t1itQ,2022-10-19T09:06:46Z,é isso que voce quer para nosso PAÍS ? Pensem bem . 22 22 22 22 22 22 22 22 22,QURTSl9pMGdENmxrOEgxN3dNWjZDT1dueFVfUlhiZEtfYVFDVm45QUpHWFRvV1RYdVhPa25xU01xdVAwaEdrVDl2QklBeXlqcThBWEktYw==,2023-06-09 05:42:52.852395
youtube#commentThread,hOJRbaQIARn42FIA0rmig4G81kU,UgyB55jwFZcZjNJbMXF4AaABAg,"{'videoId': 'SFubem2H08c', 'topLevelComment': {'kind': 'youtube#comment', 'etag': 'fUSv7n4ZDktH5QjQ4YezIGPDMyQ', 'id': 'UgyB55jwFZcZjNJbMXF4AaABAg', 'snippet': {'videoId': 'SFubem2H08c', 'textDisplay': 'É  de arrepiar. Esquerda é  o caos.', 'textOriginal': 'É  de arrepiar. Esquerda é  o caos.', 'authorDisplayName': 'belaris100', 'authorProfileImageUrl': 'https://yt3.ggpht.com/ytc/AGIKgqOU-aX-Lp1M7Ychr0JzCqkD6a_J0Enu2cSIYw=s48-c-k-c0x00ffffff-no-rj', 'authorChannelUrl': 'http://www.youtube.com/channel/UC1AAXTboEaUPeHxeVWpMJ8Q', 'authorChannelId': {'value': 'UC1AAXTboEaUPeHxeVWpMJ8Q'}, 'canRate': True, 'viewerRating': 'none', 'likeCount': 0, 'publishedAt': '2022-10-19T08:54:39Z', 'updatedAt': '2022-10-19T08:54:39Z'}}, 'canReply': True, 'totalReplyCount': 0, 'isPublic': True}",,UC1AAXTboEaUPeHxeVWpMJ8Q,2022-10-19T08:54:39Z,É  de arrepiar. Esquerda é  o caos.,QURTSl9pMGdENmxrOEgxN3dNWjZDT1dueFVfUlhiZEtfYVFDVm45QUpHWFRvV1RYdVhPa25xU01xdVAwaEdrVDl2QklBeXlqcThBWEktYw==,2023-06-09 05:42:52.852395
youtube#commentThread,BhVJ8sx0rfnqSIBu9NK0eg7sggw,UgyHRXdjmmpav-8OtZV4AaABAg,"{'videoId': 'SFubem2H08c', 'topLevelComment': {'kind': 'youtube#comment', 'etag': 'nMclO-XGkaqgmoShnh7fi3TWgEo', 'id': 'UgyHRXdjmmpav-8OtZV4AaABAg', 'snippet': {'videoId': 'SFubem2H08c', 'textDisplay': 'bom dia!', 'textOriginal': 'bom dia!', 'authorDisplayName': 'Eduarda K.', 'authorProfileImageUrl': 'https://yt3.ggpht.com/ytc/AGIKgqOobVJYhbFm9f0RVhlRUobQcnc1rzpr7f6_3J8Qig=s48-c-k-c0x00ffffff-no-rj', 'authorChannelUrl': 'http://www.youtube.com/channel/UCSwE2Vp6wfxEztVzesSgi9A', 'authorChannelId': {'value': 'UCSwE2Vp6wfxEztVzesSgi9A'}, 'canRate': True, 'viewerRating': 'none', 'likeCount': 2, 'publishedAt': '2022-10-19T08:47:00Z', 'updatedAt': '2022-10-19T08:47:00Z'}}, 'canReply': True, 'totalReplyCount': 0, 'isPublic': True}",,UCSwE2Vp6wfxEztVzesSgi9A,2022-10-19T08:47:00Z,bom dia!,QURTSl9pMGdENmxrOEgxN3dNWjZDT1dueFVfUlhiZEtfYVFDVm45QUpHWFRvV1RYdVhPa25xU01xdVAwaEdrVDl2QklBeXlqcThBWEktYw==,2023-06-09 05:42:52.852395
youtube#commentThread,wwe3xCerDF3lfi0NzERnAa3AnEE,Ugw3mq9w0PM9SH3b4Ql4AaABAg,"{'videoId': 'SFubem2H08c', 'topLevelComment': {'kind': 'youtube#comment', 'etag': 'jkvK5smsjJZ4nfADOo3bDEa4xWU', 'id': 'Ugw3mq9w0PM9SH3b4Ql4AaABAg', 'snippet': {'videoId': 'SFubem2H08c', 'textDisplay': 'O povo chileno não elegel esse pilantra quem o elegel foi o sistema corrupto com as fraldas.. <br>O Brasil tem que mudar a sua política de imigração não pode tá recebendo todo mundo de todo jeito....', 'textOriginal': 'O povo chileno não elegel esse pilantra quem o elegel foi o sistema corrupto com as fraldas.. \\nO Brasil tem que mudar a sua política de imigração não pode tá recebendo todo mundo de todo jeito....', 'authorDisplayName': 'Francisco Elmar Costa', 'authorProfileImageUrl': 'https://yt3.ggpht.com/ytc/AGIKgqMMReVgn5sxTGnPHDnktkVJJDY8P8MQTqHdfQ=s48-c-k-c0x00ffffff-no-rj', 'authorChannelUrl': 'http://www.youtube.com/channel/UCJIfrQhjnVcBVoaDWY-3c-A', 'authorChannelId': {'value': 'UCJIfrQhjnVcBVoaDWY-3c-A'}, 'canRate': True, 'viewerRating': 'none', 'likeCount': 0, 'publishedAt': '2022-10-19T08:46:35Z', 'updatedAt': '2022-10-19T08:46:35Z'}}, 'canReply': True, 'totalReplyCount': 0, 'isPublic': True}",,UCJIfrQhjnVcBVoaDWY-3c-A,2022-10-19T08:46:35Z,"O povo chileno não elegel esse pilantra quem o elegel foi o sistema corrupto com as fraldas.. 
O Brasil tem que mudar a sua política de imigração não pode tá recebendo todo mundo de todo jeito....",QURTSl9pMGdENmxrOEgxN3dNWjZDT1dueFVfUlhiZEtfYVFDVm45QUpHWFRvV1RYdVhPa25xU01xdVAwaEdrVDl2QklBeXlqcThBWEktYw==,2023-06-09 05:42:52.852395
youtube#commentThread,wrq4s4ydobwOzfEX8sANYLmFulI,UgyUlr75QbTAyqR6DSR4AaABAg,"{'videoId': 'SFubem2H08c', 'topLevelComment': {'kind': 'youtube#comment', 'etag': 'u3cjXowPlvL0k8eB97hO_hqe5Yg', 'id': 'UgyUlr75QbTAyqR6DSR4AaABAg', 'snippet': {'videoId': 'SFubem2H08c', 'textDisplay': 'Oba  vamos trazer ex presidiário , tem 53% ricos ama ex presidiário', 'textOriginal': 'Oba  vamos trazer ex presidiário , tem 53% ricos ama ex presidiário', 'authorDisplayName': 'INDEPENDÊNCIA DAS REGIÕES DO BRASIL', 'authorProfileImageUrl': 'https://yt3.ggpht.com/FObiM98w7k5mbKsWmSb7SzdZbYo4eP3g4O6nSEDyPa6Y-takebfhgYd-5wJYA5xuSdm46Jy0Xg=s48-c-k-c0x00ffffff-no-rj', 'authorChannelUrl': 'http://www.youtube.com/channel/UCD35S2K5cIZMfcFl1pkTPxA', 'authorChannelId': {'value': 'UCD35S2K5cIZMfcFl1pkTPxA'}, 'canRate': True, 'viewerRating': 'none', 'likeCount': 1, 'publishedAt': '2022-10-19T08:42:09Z', 'updatedAt': '2022-10-19T08:42:09Z'}}, 'canReply': True, 'totalReplyCount': 0, 'isPublic': True}",,UCD35S2K5cIZMfcFl1pkTPxA,2022-10-19T08:42:09Z,"Oba  vamos trazer ex presidiário , tem 53% ricos ama ex presidiário",QURTSl9pMGdENmxrOEgxN3dNWjZDT1dueFVfUlhiZEtfYVFDVm45QUpHWFRvV1RYdVhPa25xU01xdVAwaEdrVDl2QklBeXlqcThBWEktYw==,2023-06-09 05:42:52.852395
youtube#commentThread,lk-pFJeZVhIgcG5rfKQt_JryMFc,UgzAfHd5XcXqc0Y66mZ4AaABAg,"{'videoId': 'SFubem2H08c', 'topLevelComment': {'kind': 'youtube#comment', 'etag': 'BB1l76n09pRbbJw61YsBJI_kchg', 'id': 'UgzAfHd5XcXqc0Y66mZ4AaABAg', 'snippet': {'videoId': 'SFubem2H08c', 'textDisplay': 'Maldito seja o PT e seus tribunais aparelhados.<br>JOVEM PAN ESTA SENDO CENSURADA!', 'textOriginal': 'Maldito seja o PT e seus tribunais aparelhados.\\nJOVEM PAN ESTA SENDO CENSURADA!', 'authorDisplayName': 'Thiago Moraes', 'authorProfileImageUrl': 'https://yt3.ggpht.com/ytc/AGIKgqNQ-NoUYnv2tRLpagc7I1UoqET9XSLhkZZTGu94-g=s48-c-k-c0x00ffffff-no-rj', 'authorChannelUrl': 'http://www.youtube.com/channel/UCIXQuwcJjIluT0iRZGy-nTA', 'authorChannelId': {'value': 'UCIXQuwcJjIluT0iRZGy-nTA'}, 'canRate': True, 'viewerRating': 'none', 'likeCount': 0, 'publishedAt': '2022-10-19T08:40:10Z', 'updatedAt': '2022-10-19T08:40:10Z'}}, 'canReply': True, 'totalReplyCount': 0, 'isPublic': True}",,UCIXQuwcJjIluT0iRZGy-nTA,2022-10-19T08:40:10Z,"Maldito seja o PT e seus tribunais aparelhados.
JOVEM PAN ESTA SENDO CENSURADA!",QURTSl9pMGdENmxrOEgxN3dNWjZDT1dueFVfUlhiZEtfYVFDVm45QUpHWFRvV1RYdVhPa25xU01xdVAwaEdrVDl2QklBeXlqcThBWEktYw==,2023-06-09 05:42:52.852395
youtube#commentThread,weIaJgNgDLcRA8hEvmTPazBeO4s,UgwtQPZu_bzcvPUYXC94AaABAg,"{'videoId': 'SFubem2H08c', 'topLevelComment': {'kind': 'youtube#comment', 'etag': 'IL70_QAXIKnl1v1WnwDTNXBSPd4', 'id': 'UgwtQPZu_bzcvPUYXC94AaABAg', 'snippet': {'videoId': 'SFubem2H08c', 'textDisplay': 'Kkkkkkk Boulos do Chile kkkkk', 'textOriginal': 'Kkkkkkk Boulos do Chile kkkkk', 'authorDisplayName': 'Tiago Shelby', 'authorProfileImageUrl': 'https://yt3.ggpht.com/7KUvUWSS55frhTMMEILr9PvLkDMIwFbGcpsgSSGCem-vrj6VjatojO6KAM-H4VQmRKLjtO0GfQ=s48-c-k-c0x00ffffff-no-rj', 'authorChannelUrl': 'http://www.youtube.com/channel/UCRu74eaqbY1CE7dBErpk7Eg', 'authorChannelId': {'value': 'UCRu74eaqbY1CE7dBErpk7Eg'}, 'canRate': True, 'viewerRating': 'none', 'likeCount': 1, 'publishedAt': '2022-10-19T08:32:41Z', 'updatedAt': '2022-10-19T08:32:41Z'}}, 'canReply': True, 'totalReplyCount': 0, 'isPublic': True}",,UCRu74eaqbY1CE7dBErpk7Eg,2022-10-19T08:32:41Z,Kkkkkkk Boulos do Chile kkkkk,QURTSl9pMGdENmxrOEgxN3dNWjZDT1dueFVfUlhiZEtfYVFDVm45QUpHWFRvV1RYdVhPa25xU01xdVAwaEdrVDl2QklBeXlqcThBWEktYw==,2023-06-09 05:42:52.852395
youtube#commentThread,MSiNFTUY_ryZc3l1NgosroBW7kk,Ugx0j_RvoP7wZXwm_ql4AaABAg,"{'videoId': 'SFubem2H08c', 'topLevelComment': {'kind': 'youtube#comment', 'etag': 'M9EEQtJ1PbXk1fxudCBS6sTGPjo', 'id': 'Ugx0j_RvoP7wZXwm_ql4AaABAg', 'snippet': {'videoId': 'SFubem2H08c', 'textDisplay': 'Sabem porque estão censurado a jovem pan? Porquê não querem que o Brasil seja liberto.conheceres a verdade e a verdade vós libertará', 'textOriginal': 'Sabem porque estão censurado a jovem pan? Porquê não querem que o Brasil seja liberto.conheceres a verdade e a verdade vós libertará', 'authorDisplayName': 'Robson Menezes', 'authorProfileImageUrl': 'https://yt3.ggpht.com/ytc/AGIKgqPLqMtYINCI4G-Tj3mf-R_a7lOM4-OHLaVo7w=s48-c-k-c0x00ffffff-no-rj', 'authorChannelUrl': 'http://www.youtube.com/channel/UCnsU93nA6qqgOOp2wMpBCaQ', 'authorChannelId': {'value': 'UCnsU93nA6qqgOOp2wMpBCaQ'}, 'canRate': True, 'viewerRating': 'none', 'likeCount': 0, 'publishedAt': '2022-10-19T08:26:33Z', 'updatedAt': '2022-10-19T08:26:33Z'}}, 'canReply': True, 'totalReplyCount': 0, 'isPublic': True}",,UCnsU93nA6qqgOOp2wMpBCaQ,2022-10-19T08:26:33Z,Sabem porque estão censurado a jovem pan? Porquê não querem que o Brasil seja liberto.conheceres a verdade e a verdade vós libertará,QURTSl9pMGdENmxrOEgxN3dNWjZDT1dueFVfUlhiZEtfYVFDVm45QUpHWFRvV1RYdVhPa25xU01xdVAwaEdrVDl2QklBeXlqcThBWEktYw==,2023-06-09 05:42:52.852395
youtube#commentThread,Zo1M42qs_7uAmxE6h4LGfmIjSj0,UgwCZQnYG0EawkWUAMh4AaABAg,"{'videoId': 'SFubem2H08c', 'topLevelComment': {'kind': 'youtube#comment', 'etag': 'cwLxzTtloeqfn9UgHIoLfP0qiaE', 'id': 'UgwCZQnYG0EawkWUAMh4AaABAg', 'snippet': {'videoId': 'SFubem2H08c', 'textDisplay': 'Isso irá acontecer aqui também.  Infelizmente vamos ter que fazer o L ? Estou lutando para que isso não ocorra . Já consegui 8 votos .', 'textOriginal': 'Isso irá acontecer aqui também.  Infelizmente vamos ter que fazer o L ? Estou lutando para que isso não ocorra . Já consegui 8 votos .', 'authorDisplayName': 'Daniel Carvalho', 'authorProfileImageUrl': 'https://yt3.ggpht.com/ytc/AGIKgqMTatZwdXAqJvmf1VsDcEPsSNgg9LNSaXdcMQ=s48-c-k-c0x00ffffff-no-rj', 'authorChannelUrl': 'http://www.youtube.com/channel/UCTl_M8Hm-rAiVxrV6St821A', 'authorChannelId': {'value': 'UCTl_M8Hm-rAiVxrV6St821A'}, 'canRate': True, 'viewerRating': 'none', 'likeCount': 82, 'publishedAt': '2022-10-19T08:19:48Z', 'updatedAt': '2022-10-19T08:19:48Z'}}, 'canReply': True, 'totalReplyCount': 3, 'isPublic': True}","{'comments': [{'kind': 'youtube#comment', 'etag': 'C1TfDvMV3zUgYQUSSKPq_esIo7o', 'id': 'UgwCZQnYG0EawkWUAMh4AaABAg.9hMM_S5xo4H9hZvT6FnwrR', 'snippet': {'videoId': 'SFubem2H08c', 'textDisplay': 'L de ladrão, ou L de lá na cadeia?', 'textOriginal': 'L de ladrão, ou L de lá na cadeia?', 'parentId': 'UgwCZQnYG0EawkWUAMh4AaABAg', 'authorDisplayName': 'Renato Marcondes', 'authorProfileImageUrl': 'https://yt3.ggpht.com/ytc/AGIKgqOb70wbTW1XJHiOECX0bChdZF3cinYwW3z4HA=s48-c-k-c0x00ffffff-no-rj', 'authorChannelUrl': 'http://www.youtube.com/channel/UCIF0pK4g_851lGSQ4__Pw-w', 'authorChannelId': {'value': 'UCIF0pK4g_851lGSQ4__Pw-w'}, 'canRate': True, 'viewerRating': 'none', 'likeCount': 0, 'publishedAt': '2022-10-24T14:43:30Z', 'updatedAt': '2022-10-24T14:43:30Z'}}, {'kind': 'youtube#comment', 'etag': 'kcbhbARCI4rlNFluBcRRHEqG210', 'id': 'UgwCZQnYG0EawkWUAMh4AaABAg.9hMM_S5xo4H9hO6aT0GN1H', 'snippet': {'videoId': 'SFubem2H08c', 'textDisplay': 'Não vai não somos a maioria dos eleitores inteligentes.DEUS ACIMA DE TODOS AMÉM 🙏❤️💪.<br>DEUS ABENÇOE 🙏 SEMPRE NOSSA PÁTRIA 🙏 AMADA 🙏 BRASIL.', 'textOriginal': 'Não vai não somos a maioria dos eleitores inteligentes.DEUS ACIMA DE TODOS AMÉM 🙏❤️💪.\\nDEUS ABENÇOE 🙏 SEMPRE NOSSA PÁTRIA 🙏 AMADA 🙏 BRASIL.', 'parentId': 'UgwCZQnYG0EawkWUAMh4AaABAg', 'authorDisplayName': 'Lineu Silva', 'authorProfileImageUrl': 'https://yt3.ggpht.com/ytc/AGIKgqPGOMwHptydjxkFwBQKE6sC2Iky0IxlM8y-NWUPqiorwpCy9YMxHETOKUyC75Zf=s48-c-k-c0x00ffffff-no-rj', 'authorChannelUrl': 'http://www.youtube.com/channel/UC4PaoZ6fWAs6iKF4r0YDUJA', 'authorChannelId': {'value': 'UC4PaoZ6fWAs6iKF4r0YDUJA'}, 'canRate': True, 'viewerRating': 'none', 'likeCount': 2, 'publishedAt': '2022-10-20T00:38:36Z', 'updatedAt': '2022-10-20T00:38:36Z'}}, {'kind': 'youtube#comment', 'etag': 'XpbWQ4aSPn2muiGBmF92SPJnE6g', 'id': 'UgwCZQnYG0EawkWUAMh4AaABAg.9hMM_S5xo4H9hMZYZOxfQg', 'snippet': {'videoId': 'SFubem2H08c', 'textDisplay': 'parabens', 'textOriginal': 'parabens', 'parentId': 'UgwCZQnYG0EawkWUAMh4AaABAg', 'authorDisplayName': 'Gesse Gonçalves', 'authorProfileImageUrl': 'https://yt3.ggpht.com/ytc/AGIKgqM_wTGHn9cyBjdeEMPoGig11jjgZj2NPG6pGI2O-gd80fFrcMdjr6bIvVlX3MgD=s48-c-k-c0x00ffffff-no-rj', 'authorChannelUrl': 'http://www.youtube.com/channel/UCQzbhh_S1UXg0tcFOF--VmA', 'authorChannelId': {'value': 'UCQzbhh_S1UXg0tcFOF--VmA'}, 'canRate': True, 'viewerRating': 'none', 'likeCount': 0, 'publishedAt': '2022-10-19T10:13:08Z', 'updatedAt': '2022-10-19T10:13:08Z'}}]}",UCTl_M8Hm-rAiVxrV6St821A,2022-10-19T08:19:48Z,Isso irá acontecer aqui também.  Infelizmente vamos ter que fazer o L ? Estou lutando para que isso não ocorra . Já consegui 8 votos .,QURTSl9pMGdENmxrOEgxN3dNWjZDT1dueFVfUlhiZEtfYVFDVm45QUpHWFRvV1RYdVhPa25xU01xdVAwaEdrVDl2QklBeXlqcThBWEktYw==,2023-06-09 05:42:52.852395
youtube#commentThread,qsSI5tiQ4HzK5sSII4OL--XvQWM,Ugz--x7wovSywp5TetF4AaABAg,"{'videoId': 'SFubem2H08c', 'topLevelComment': {'kind': 'youtube#comment', 'etag': '0DRX7sWyMpoBUQMYG4DfOP2XIiI', 'id': 'Ugz--x7wovSywp5TetF4AaABAg', 'snippet': {'videoId': 'SFubem2H08c', 'textDisplay': 'O TSE pensa que os brasileiros são o bando de retardados mas eles vão ver através do nosso voto em que lado estamos', 'textOriginal': 'O TSE pensa que os brasileiros são o bando de retardados mas eles vão ver através do nosso voto em que lado estamos', 'authorDisplayName': 'Robson Ferreira', 'authorProfileImageUrl': 'https://yt3.ggpht.com/ytc/AGIKgqNYEvc4HtZflvGtd7pHsUiH6kxHAQvSFktj6Q=s48-c-k-c0x00ffffff-no-rj', 'authorChannelUrl': 'http://www.youtube.com/channel/UCyuCqlWpPfv351IKUhXjrAQ', 'authorChannelId': {'value': 'UCyuCqlWpPfv351IKUhXjrAQ'}, 'canRate': True, 'viewerRating': 'none', 'likeCount': 0, 'publishedAt': '2022-10-19T08:19:14Z', 'updatedAt': '2022-10-19T08:19:14Z'}}, 'canReply': True, 'totalReplyCount': 0, 'isPublic': True}",,UCyuCqlWpPfv351IKUhXjrAQ,2022-10-19T08:19:14Z,O TSE pensa que os brasileiros são o bando de retardados mas eles vão ver através do nosso voto em que lado estamos,QURTSl9pMGdENmxrOEgxN3dNWjZDT1dueFVfUlhiZEtfYVFDVm45QUpHWFRvV1RYdVhPa25xU01xdVAwaEdrVDl2QklBeXlqcThBWEktYw==,2023-06-09 05:42:52.852395
youtube#commentThread,D2j9drx8RnZVNK1sQmZPiCWM5H0,Ugwtr7FceYyhmdURTPF4AaABAg,"{'videoId': 'SFubem2H08c', 'topLevelComment': {'kind': 'youtube#comment', 'etag': '3R8-kqscVl989bbGgmPDrjNF7do', 'id': 'Ugwtr7FceYyhmdURTPF4AaABAg', 'snippet': {'videoId': 'SFubem2H08c', 'textDisplay': 'Alguém pode me responder pq este e alguns vídeos de oposição ao pete não vai?', 'textOriginal': 'Alguém pode me responder pq este e alguns vídeos de oposição ao pete não vai?', 'authorDisplayName': 'Paulo Silva', 'authorProfileImageUrl': 'https://yt3.ggpht.com/emRcMvAlVHboKqm26KPJjZzMGPrmKtYfkmhr6bDQ8cl9SDzXcqe2WCuDX8-f9z3YjerX_p7QQg=s48-c-k-c0x00ffffff-no-rj', 'authorChannelUrl': 'http://www.youtube.com/channel/UCimj43EEYVbTOLTOMkX4C6w', 'authorChannelId': {'value': 'UCimj43EEYVbTOLTOMkX4C6w'}, 'canRate': True, 'viewerRating': 'none', 'likeCount': 2, 'publishedAt': '2022-10-19T07:54:02Z', 'updatedAt': '2022-10-19T07:54:02Z'}}, 'canReply': True, 'totalReplyCount': 0, 'isPublic': True}",,UCimj43EEYVbTOLTOMkX4C6w,2022-10-19T07:54:02Z,Alguém pode me responder pq este e alguns vídeos de oposição ao pete não vai?,QURTSl9pMGdENmxrOEgxN3dNWjZDT1dueFVfUlhiZEtfYVFDVm45QUpHWFRvV1RYdVhPa25xU01xdVAwaEdrVDl2QklBeXlqcThBWEktYw==,2023-06-09 05:42:52.852395
youtube#commentThread,HIQAJQsGkwXJM8TaVc53uTDr-lw,Ugw1hx2BDH-0HfddjYh4AaABAg,"{'videoId': 'SFubem2H08c', 'topLevelComment': {'kind': 'youtube#comment', 'etag': '4jz4ZgALioliPitg5bjNrptQrdA', 'id': 'Ugw1hx2BDH-0HfddjYh4AaABAg', 'snippet': {'videoId': 'SFubem2H08c', 'textDisplay': 'T*<b>m*</b> no c*&amp;  jovem pan', 'textOriginal': 'T**m** no c*&  jovem pan', 'authorDisplayName': 'anderson silva bomfim', 'authorProfileImageUrl': 'https://yt3.ggpht.com/ytc/AGIKgqNAwSdXOzGyjD7n43BJI_4S0WF0rCpFCYku3NZjvg=s48-c-k-c0x00ffffff-no-rj', 'authorChannelUrl': 'http://www.youtube.com/channel/UCbFFkxGER1pW7AJJgPXYcNA', 'authorChannelId': {'value': 'UCbFFkxGER1pW7AJJgPXYcNA'}, 'canRate': True, 'viewerRating': 'none', 'likeCount': 0, 'publishedAt': '2022-10-19T07:51:49Z', 'updatedAt': '2022-10-19T07:51:49Z'}}, 'canReply': True, 'totalReplyCount': 0, 'isPublic': True}",,UCbFFkxGER1pW7AJJgPXYcNA,2022-10-19T07:51:49Z,T**m** no c*&  jovem pan,QURTSl9pMGdENmxrOEgxN3dNWjZDT1dueFVfUlhiZEtfYVFDVm45QUpHWFRvV1RYdVhPa25xU01xdVAwaEdrVDl2QklBeXlqcThBWEktYw==,2023-06-09 05:42:52.852395
youtube#commentThread,162Nf_13l274UfBYLE-nDYLSNdA,Ugye8PPklhHUIAPFXAp4AaABAg,"{'videoId': 'SFubem2H08c', 'topLevelComment': {'kind': 'youtube#comment', 'etag': 'ANfgHYZEHep2_UIUf7eUyaOU36M', 'id': 'Ugye8PPklhHUIAPFXAp4AaABAg', 'snippet': {'videoId': 'SFubem2H08c', 'textDisplay': 'Esquerda perversa!', 'textOriginal': 'Esquerda perversa!', 'authorDisplayName': 'sergio dantas', 'authorProfileImageUrl': 'https://yt3.ggpht.com/ytc/AGIKgqNeamC3T36V3xpsGZ6T7Y2kwDa2yMDF0opfOw=s48-c-k-c0x00ffffff-no-rj', 'authorChannelUrl': 'http://www.youtube.com/channel/UC9vVzL7lY06bxSWbktZSBwA', 'authorChannelId': {'value': 'UC9vVzL7lY06bxSWbktZSBwA'}, 'canRate': True, 'viewerRating': 'none', 'likeCount': 0, 'publishedAt': '2022-10-19T07:50:14Z', 'updatedAt': '2022-10-19T07:50:14Z'}}, 'canReply': True, 'totalReplyCount': 0, 'isPublic': True}",,UC9vVzL7lY06bxSWbktZSBwA,2022-10-19T07:50:14Z,Esquerda perversa!,QURTSl9pMGdENmxrOEgxN3dNWjZDT1dueFVfUlhiZEtfYVFDVm45QUpHWFRvV1RYdVhPa25xU01xdVAwaEdrVDl2QklBeXlqcThBWEktYw==,2023-06-09 05:42:52.852395
youtube#commentThread,Kcx_UnXtLUn1Ug-cBo7C2DA08gw,UgwG4C17BCUhUukfDE94AaABAg,"{'videoId': 'SFubem2H08c', 'topLevelComment': {'kind': 'youtube#comment', 'etag': 'wSiRKduuXktAepXGG3bi0G1JUj8', 'id': 'UgwG4C17BCUhUukfDE94AaABAg', 'snippet': {'videoId': 'SFubem2H08c', 'textDisplay': 'Muitos ainda  duvidam.<br>Deste mal. Chamado comunismo.', 'textOriginal': 'Muitos ainda  duvidam.\\nDeste mal. Chamado comunismo.', 'authorDisplayName': 'Lucimar Souza', 'authorProfileImageUrl': 'https://yt3.ggpht.com/ytc/AGIKgqOi_N7BPwsszVfZDYbDVsl8W4LubTk2ZlShSw=s48-c-k-c0x00ffffff-no-rj', 'authorChannelUrl': 'http://www.youtube.com/channel/UCAt70ET144ZiIkMcCMQK7xg', 'authorChannelId': {'value': 'UCAt70ET144ZiIkMcCMQK7xg'}, 'canRate': True, 'viewerRating': 'none', 'likeCount': 24, 'publishedAt': '2022-10-19T07:39:53Z', 'updatedAt': '2022-10-19T07:39:53Z'}}, 'canReply': True, 'totalReplyCount': 0, 'isPublic': True}",,UCAt70ET144ZiIkMcCMQK7xg,2022-10-19T07:39:53Z,"Muitos ainda  duvidam.
Deste mal. Chamado comunismo.",,2023-06-09 05:42:53.836139
youtube#commentThread,1EGMPRF-Q-wPT_LZdtsp6EJvChc,Ugy_RBkDirmii8OZcNJ4AaABAg,"{'videoId': 'SFubem2H08c', 'topLevelComment': {'kind': 'youtube#comment', 'etag': 'kyCZzB4v2NyjfODz2OHqO9z-EFY', 'id': 'Ugy_RBkDirmii8OZcNJ4AaABAg', 'snippet': {'videoId': 'SFubem2H08c', 'textDisplay': 'Outro mediocre no poder.', 'textOriginal': 'Outro mediocre no poder.', 'authorDisplayName': 'Pani Sant', 'authorProfileImageUrl': 'https://yt3.ggpht.com/NWlDueMZzkRYdOF-YIcCQBuJyE365LEFvKvElENtgHJiQrAmM0zeuwOCov5Q8HwQS7QZ_59v8uE=s48-c-k-c0x00ffffff-no-rj', 'authorChannelUrl': 'http://www.youtube.com/channel/UCSPs2n5eNPOHo8VQVpcH9Tw', 'authorChannelId': {'value': 'UCSPs2n5eNPOHo8VQVpcH9Tw'}, 'canRate': True, 'viewerRating': 'none', 'likeCount': 1, 'publishedAt': '2022-10-19T07:33:48Z', 'updatedAt': '2022-10-19T07:33:48Z'}}, 'canReply': True, 'totalReplyCount': 0, 'isPublic': True}",,UCSPs2n5eNPOHo8VQVpcH9Tw,2022-10-19T07:33:48Z,Outro mediocre no poder.,,2023-06-09 05:42:53.836139
youtube#commentThread,aOodD3b1DOFT6K8L0CwCII59wDQ,UgxETmeJ2dcw6fHOaRt4AaABAg,"{'videoId': 'SFubem2H08c', 'topLevelComment': {'kind': 'youtube#comment', 'etag': '2AvInJXj488X39v8lXdZ36i-09Y', 'id': 'UgxETmeJ2dcw6fHOaRt4AaABAg', 'snippet': {'videoId': 'SFubem2H08c', 'textDisplay': 'É impressionante como onde essa gente esquerdista chega termina assim: pobreza e miséria.', 'textOriginal': 'É impressionante como onde essa gente esquerdista chega termina assim: pobreza e miséria.', 'authorDisplayName': 'MARCOS MOREIRA', 'authorProfileImageUrl': 'https://yt3.ggpht.com/ytc/AGIKgqOmUncFMhXgsUKl5AsFYZqyul_FjV6dAmiFnA=s48-c-k-c0x00ffffff-no-rj', 'authorChannelUrl': 'http://www.youtube.com/channel/UCuTgf35qSETlQN0M17BKTKA', 'authorChannelId': {'value': 'UCuTgf35qSETlQN0M17BKTKA'}, 'canRate': True, 'viewerRating': 'none', 'likeCount': 1, 'publishedAt': '2022-10-19T07:13:35Z', 'updatedAt': '2022-10-19T07:13:35Z'}}, 'canReply': True, 'totalReplyCount': 0, 'isPublic': True}",,UCuTgf35qSETlQN0M17BKTKA,2022-10-19T07:13:35Z,É impressionante como onde essa gente esquerdista chega termina assim: pobreza e miséria.,,2023-06-09 05:42:53.836139
youtube#commentThread,TzmtKxQGdUKofjqCNZx4jQdWYXw,UgyQnZa7xZIcnUHlZ0x4AaABAg,"{'videoId': 'SFubem2H08c', 'topLevelComment': {'kind': 'youtube#comment', 'etag': '5TFjZMkruepWqrSiUMka9qAETfc', 'id': 'UgyQnZa7xZIcnUHlZ0x4AaABAg', 'snippet': {'videoId': 'SFubem2H08c', 'textDisplay': 'Onde o diabo 😈 chega é só desgraça ,,, esquerda', 'textOriginal': 'Onde o diabo 😈 chega é só desgraça ,,, esquerda', 'authorDisplayName': 'Marinaldo Silva', 'authorProfileImageUrl': 'https://yt3.ggpht.com/ytc/AGIKgqMX2y5XBgIEjRzmQ8xXTE3TrMBJnhpZQLsePSDpoU8kk89Y_NtIWAnNcN0cO1OM=s48-c-k-c0x00ffffff-no-rj', 'authorChannelUrl': 'http://www.youtube.com/channel/UCzrJX8ZhKy7h_XR-SESOm_A', 'authorChannelId': {'value': 'UCzrJX8ZhKy7h_XR-SESOm_A'}, 'canRate': True, 'viewerRating': 'none', 'likeCount': 0, 'publishedAt': '2022-10-19T06:50:42Z', 'updatedAt': '2022-10-19T06:50:42Z'}}, 'canReply': True, 'totalReplyCount': 0, 'isPublic': True}",,UCzrJX8ZhKy7h_XR-SESOm_A,2022-10-19T06:50:42Z,"Onde o diabo 😈 chega é só desgraça ,,, esquerda",,2023-06-09 05:42:53.836139
youtube#commentThread,Z_D01_A66LyKPYEu0QjFtQNf1T0,UgyEbj5qErwLbCCzovd4AaABAg,"{'videoId': 'SFubem2H08c', 'topLevelComment': {'kind': 'youtube#comment', 'etag': 'AmCbmWiRpiG7k-0y6WcNsbnq9Hc', 'id': 'UgyEbj5qErwLbCCzovd4AaABAg', 'snippet': {'videoId': 'SFubem2H08c', 'textDisplay': 'O POVO NÃO APRENDE! VEJA O BRASIL, SOFREU COM A ESQUERDA E METADE DO POVO AINDA VOTA NO LULA. O PROBLEMA NÃO É POLÍTICO, MAS SIM PARTE DO POVO.', 'textOriginal': 'O POVO NÃO APRENDE! VEJA O BRASIL, SOFREU COM A ESQUERDA E METADE DO POVO AINDA VOTA NO LULA. O PROBLEMA NÃO É POLÍTICO, MAS SIM PARTE DO POVO.', 'authorDisplayName': 'Laercio Rocha', 'authorProfileImageUrl': 'https://yt3.ggpht.com/ytc/AGIKgqPENYxQFIDCmYpqAQWjBNVn59SqHWqzfLfXOg=s48-c-k-c0x00ffffff-no-rj', 'authorChannelUrl': 'http://www.youtube.com/channel/UCUYwugkII7hr05w34BGz1Kg', 'authorChannelId': {'value': 'UCUYwugkII7hr05w34BGz1Kg'}, 'canRate': True, 'viewerRating': 'none', 'likeCount': 108, 'publishedAt': '2022-10-19T06:50:19Z', 'updatedAt': '2022-10-19T06:50:19Z'}}, 'canReply': True, 'totalReplyCount': 9, 'isPublic': True}","{'comments': [{'kind': 'youtube#comment', 'etag': '52T-pVNC7yBn40BXFW6xa02zyX8', 'id': 'UgyEbj5qErwLbCCzovd4AaABAg.9hMCL5hQXQZ9hWaSbbJTiE', 'snippet': {'videoId': 'SFubem2H08c', 'textDisplay': 'Vamos transformar o comentário abaixo em um mantra nessa reta final de campanha. De que forma: replicando-a em todas as redes sociais. Faça a sua parte repliquem também. &quot;Eu acho que... Comentário Removido Pelo TSE Com a Chancela do Supremo Tribunal Federal (STF - PT).&quot;', 'textOriginal': 'Vamos transformar o comentário abaixo em um mantra nessa reta final de campanha. De que forma: replicando-a em todas as redes sociais. Faça a sua parte repliquem também. ""Eu acho que... Comentário Removido Pelo TSE Com a Chancela do Supremo Tribunal Federal (STF - PT).""', 'parentId': 'UgyEbj5qErwLbCCzovd4AaABAg', 'authorDisplayName': 'Melbourne Zobaran', 'authorProfileImageUrl': 'https://yt3.ggpht.com/ytc/AGIKgqOwSVQQOEXyj0IKmGIk5sAa3j57XWdSHsVVaA=s48-c-k-c0x00ffffff-no-rj', 'authorChannelUrl': 'http://www.youtube.com/channel/UCU7EIzDWvgwbylAsBJI-u1g', 'authorChannelId': {'value': 'UCU7EIzDWvgwbylAsBJI-u1g'}, 'canRate': True, 'viewerRating': 'none', 'likeCount': 1, 'publishedAt': '2022-10-23T07:42:12Z', 'updatedAt': '2022-10-23T07:42:12Z'}}, {'kind': 'youtube#comment', 'etag': 'fqqymsh1ukLDzX5WdkIag_g7xcI', 'id': 'UgyEbj5qErwLbCCzovd4AaABAg.9hMCL5hQXQZ9hVyOD4VzlM', 'snippet': {'videoId': 'SFubem2H08c', 'textDisplay': 'Fanáticos pela seita que oferece o céu, da o inferno!', 'textOriginal': 'Fanáticos pela seita que oferece o céu, da o inferno!', 'parentId': 'UgyEbj5qErwLbCCzovd4AaABAg', 'authorDisplayName': 'Maria José', 'authorProfileImageUrl': 'https://yt3.ggpht.com/etUgE26EfNCukBvfzDCX54RXfpnoai2phwXW7Tgg0UWSkplDtlbGl583uqs4vxuGLfdtNyW_QA=s48-c-k-c0x00ffffff-no-rj', 'authorChannelUrl': 'http://www.youtube.com/channel/UCub3LUgadc8R7RzVRauYrLw', 'authorChannelId': {'value': 'UCub3LUgadc8R7RzVRauYrLw'}, 'canRate': True, 'viewerRating': 'none', 'likeCount': 0, 'publishedAt': '2022-10-23T01:52:05Z', 'updatedAt': '2022-10-23T01:52:05Z'}}, {'kind': 'youtube#comment', 'etag': 'TLmRIhdNrK5MxVXD-omXV_0Q64c', 'id': 'UgyEbj5qErwLbCCzovd4AaABAg.9hMCL5hQXQZ9hPwWxGRylX', 'snippet': {'videoId': 'SFubem2H08c', 'textDisplay': '@Wendel Delgado mandei dois vídeos diferentes', 'textOriginal': '@Wendel Delgado mandei dois vídeos diferentes', 'parentId': 'UgyEbj5qErwLbCCzovd4AaABAg', 'authorDisplayName': 'Waldir Alves', 'authorProfileImageUrl': 'https://yt3.ggpht.com/ytc/AGIKgqNMBahBc7jMi3-rCTck8gVI3IqDG1yHEogVhw=s48-c-k-c0x00ffffff-no-rj', 'authorChannelUrl': 'http://www.youtube.com/channel/UCHYLlqOdBobsqLSP5aC7C6w', 'authorChannelId': {'value': 'UCHYLlqOdBobsqLSP5aC7C6w'}, 'canRate': True, 'viewerRating': 'none', 'likeCount': 1, 'publishedAt': '2022-10-20T17:40:21Z', 'updatedAt': '2022-10-20T17:40:21Z'}}, {'kind': 'youtube#comment', 'etag': '0XA8xPhu4-QBV6fCQy8Iv67ac4k', 'id': 'UgyEbj5qErwLbCCzovd4AaABAg.9hMCL5hQXQZ9hPwRyfIIhu', 'snippet': {'videoId': 'SFubem2H08c', 'textDisplay': '@Wendel Delgado <a href=""https://youtu.be/FxEK-47Qk2g"">https://youtu.be/FxEK-47Qk2g</a>', 'textOriginal': '@Wendel Delgado https://youtu.be/FxEK-47Qk2g', 'parentId': 'UgyEbj5qErwLbCCzovd4AaABAg', 'authorDisplayName': 'Waldir Alves', 'authorProfileImageUrl': 'https://yt3.ggpht.com/ytc/AGIKgqNMBahBc7jMi3-rCTck8gVI3IqDG1yHEogVhw=s48-c-k-c0x00ffffff-no-rj', 'authorChannelUrl': 'http://www.youtube.com/channel/UCHYLlqOdBobsqLSP5aC7C6w', 'authorChannelId': {'value': 'UCHYLlqOdBobsqLSP5aC7C6w'}, 'canRate': True, 'viewerRating': 'none', 'likeCount': 0, 'publishedAt': '2022-10-20T17:39:40Z', 'updatedAt': '2022-10-20T17:39:40Z'}}, {'kind': 'youtube#comment', 'etag': 'LRenFMwjRFZwf7MZlpAD0sC6XHU', 'id': 'UgyEbj5qErwLbCCzovd4AaABAg.9hMCL5hQXQZ9hPwLLWEgoo', 'snippet': {'videoId': 'SFubem2H08c', 'textDisplay': '@Waldir Alves obrigado Waldir', 'textOriginal': '@Waldir Alves obrigado Waldir', 'parentId': 'UgyEbj5qErwLbCCzovd4AaABAg', 'authorDisplayName': 'Wendel Delgado', 'authorProfileImageUrl': 'https://yt3.ggpht.com/ytc/AGIKgqODZCiIY1DtBcYdKdATJ0odAu4w5Ts0baBX0CVodA=s48-c-k-c0x00ffffff-no-rj', 'authorChannelUrl': 'http://www.youtube.com/channel/UCwbNIfa1LPyHzmIEbRtNmGA', 'authorChannelId': {'value': 'UCwbNIfa1LPyHzmIEbRtNmGA'}, 'canRate': True, 'viewerRating': 'none', 'likeCount': 1, 'publishedAt': '2022-10-20T17:38:46Z', 'updatedAt': '2022-10-20T17:38:46Z'}}]}",UCUYwugkII7hr05w34BGz1Kg,2022-10-19T06:50:19Z,"O POVO NÃO APRENDE! VEJA O BRASIL, SOFREU COM A ESQUERDA E METADE DO POVO AINDA VOTA NO LULA. O PROBLEMA NÃO É POLÍTICO, MAS SIM PARTE DO POVO.",,2023-06-09 05:42:53.836139
youtube#commentThread,xq_o__stSY73BAgxg4Jo8Q_ixUo,UgyfXrGs5zAs_F_mHD54AaABAg,"{'videoId': 'SFubem2H08c', 'topLevelComment': {'kind': 'youtube#comment', 'etag': 'epa7TDPz6VGyWJAWGoXdTiIT2Jg', 'id': 'UgyfXrGs5zAs_F_mHD54AaABAg', 'snippet': {'videoId': 'SFubem2H08c', 'textDisplay': 'Fiz um vídeo do qual se refere a uma reportagem do jornal Folha de São Paulo no qual diz que a vacinação da covid-19 já salvou mais de 43 mil vidas.<br>Realizei algumas observações deste vídeo contestando quem são estas pessoas.<br><br><a href=""https://www.youtube.com/watch?v=GI7eISQXuKo"">https://www.youtube.com/watch?v=GI7eISQXuKo</a>', 'textOriginal': 'Fiz um vídeo do qual se refere a uma reportagem do jornal Folha de São Paulo no qual diz que a vacinação da covid-19 já salvou mais de 43 mil vidas.\\nRealizei algumas observações deste vídeo contestando quem são estas pessoas.\\n\\nhttps://www.youtube.com/watch?v=GI7eISQXuKo', 'authorDisplayName': 'Matheus Becker', 'authorProfileImageUrl': 'https://yt3.ggpht.com/ytc/AGIKgqOXMSnIxNiq7-kTuSbVwe7W5wHoUItnJlh-1k7jHx_n5AGoSm8J3JCeoap1_7Rn=s48-c-k-c0x00ffffff-no-rj', 'authorChannelUrl': 'http://www.youtube.com/channel/UCRCPNOBiOMoGLG2pdk2uqVA', 'authorChannelId': {'value': 'UCRCPNOBiOMoGLG2pdk2uqVA'}, 'canRate': True, 'viewerRating': 'none', 'likeCount': 0, 'publishedAt': '2022-10-19T06:34:24Z', 'updatedAt': '2022-10-19T06:34:59Z'}}, 'canReply': True, 'totalReplyCount': 0, 'isPublic': True}",,UCRCPNOBiOMoGLG2pdk2uqVA,2022-10-19T06:34:24Z,"Fiz um vídeo do qual se refere a uma reportagem do jornal Folha de São Paulo no qual diz que a vacinação da covid-19 já salvou mais de 43 mil vidas.
Realizei algumas observações deste vídeo contestando quem são estas pessoas.

https://www.youtube.com/watch?v=GI7eISQXuKo",,2023-06-09 05:42:53.836139
youtube#commentThread,yI8qABIz6D-jzUQZ2b1003tUQes,UgyN7SUb-ST_juZa3UJ4AaABAg,"{'videoId': 'SFubem2H08c', 'topLevelComment': {'kind': 'youtube#comment', 'etag': 'FDJDWPh6cIkjshVe4GgsZlhULKE', 'id': 'UgyN7SUb-ST_juZa3UJ4AaABAg', 'snippet': {'videoId': 'SFubem2H08c', 'textDisplay': 'Comunista é totalmente acefalo, dissimulado, mentiroso, hipócrita, canalha. Temos que varrer essa raça maldita da política; devemos criminalizar comunismo. Liberdade de expressão de comunista provoca asco, nojo profundo.', 'textOriginal': 'Comunista é totalmente acefalo, dissimulado, mentiroso, hipócrita, canalha. Temos que varrer essa raça maldita da política; devemos criminalizar comunismo. Liberdade de expressão de comunista provoca asco, nojo profundo.', 'authorDisplayName': 'Baalbek', 'authorProfileImageUrl': 'https://yt3.ggpht.com/ytc/AGIKgqPxBegw8z5WNEm_k5U16f-cswxuBTuJuCAqbLTxY5aBp8hVBknCRtvwMyk8Dpaf=s48-c-k-c0x00ffffff-no-rj', 'authorChannelUrl': 'http://www.youtube.com/channel/UCyPSr2GK2zdvq83q9VsxjGQ', 'authorChannelId': {'value': 'UCyPSr2GK2zdvq83q9VsxjGQ'}, 'canRate': True, 'viewerRating': 'none', 'likeCount': 0, 'publishedAt': '2022-10-19T06:33:02Z', 'updatedAt': '2022-10-19T06:33:02Z'}}, 'canReply': True, 'totalReplyCount': 0, 'isPublic': True}",,UCyPSr2GK2zdvq83q9VsxjGQ,2022-10-19T06:33:02Z,"Comunista é totalmente acefalo, dissimulado, mentiroso, hipócrita, canalha. Temos que varrer essa raça maldita da política; devemos criminalizar comunismo. Liberdade de expressão de comunista provoca asco, nojo profundo.",,2023-06-09 05:42:53.836139
youtube#commentThread,liWGFNLvuxgbc5i6dqWQTDwgMh0,Ugzu0JI_sg7UdZPHeep4AaABAg,"{'videoId': 'SFubem2H08c', 'topLevelComment': {'kind': 'youtube#comment', 'etag': 'N73A6qRMfUsRjuT1Hx8u32BJs1k', 'id': 'Ugzu0JI_sg7UdZPHeep4AaABAg', 'snippet': {'videoId': 'SFubem2H08c', 'textDisplay': 'Essa é a esquerda, onde éla toca apodrece!! É isso mesmo que vocês querem para o brasil pessoal ??  Votando no lula vocês terão isso.', 'textOriginal': 'Essa é a esquerda, onde éla toca apodrece!! É isso mesmo que vocês querem para o brasil pessoal ??  Votando no lula vocês terão isso.', 'authorDisplayName': 'MovieFlicks', 'authorProfileImageUrl': 'https://yt3.ggpht.com/5Q7lUu9ifnuunOJaT5cl08aRqXnUDRCTb2_KA7apGxmcwL9R2kURANBig2fCO-RdKdakWLQgWA=s48-c-k-c0x00ffffff-no-rj', 'authorChannelUrl': 'http://www.youtube.com/channel/UCpTv76c8Sx-DC2c1Kge2ICw', 'authorChannelId': {'value': 'UCpTv76c8Sx-DC2c1Kge2ICw'}, 'canRate': True, 'viewerRating': 'none', 'likeCount': 0, 'publishedAt': '2022-10-19T06:20:08Z', 'updatedAt': '2022-10-19T06:20:08Z'}}, 'canReply': True, 'totalReplyCount': 0, 'isPublic': True}",,UCpTv76c8Sx-DC2c1Kge2ICw,2022-10-19T06:20:08Z,"Essa é a esquerda, onde éla toca apodrece!! É isso mesmo que vocês querem para o brasil pessoal ??  Votando no lula vocês terão isso.",,2023-06-09 05:42:53.836139
youtube#commentThread,g0FLjv-f2EMw_C4UqjrxnTdX4qI,UgxQuwCDfkF9qRJN-NF4AaABAg,"{'videoId': 'SFubem2H08c', 'topLevelComment': {'kind': 'youtube#comment', 'etag': 'URv7Ha0fZC5iKE7fNhU0NwW4-gw', 'id': 'UgxQuwCDfkF9qRJN-NF4AaABAg', 'snippet': {'videoId': 'SFubem2H08c', 'textDisplay': 'Que os Estados Unidos,Alemanha invadam a América do Sul e salve esses países desses criminais do Foro de São Paulo.!!!', 'textOriginal': 'Que os Estados Unidos,Alemanha invadam a América do Sul e salve esses países desses criminais do Foro de São Paulo.!!!', 'authorDisplayName': 'Lucia Ferraro', 'authorProfileImageUrl': 'https://yt3.ggpht.com/ytc/AGIKgqP0Bz3OsGO3PhisQOdS1zsZU5VbX4e5RWVDeQ=s48-c-k-c0x00ffffff-no-rj', 'authorChannelUrl': 'http://www.youtube.com/channel/UCTRYq2JcNfpO_U0Y9PIEQqw', 'authorChannelId': {'value': 'UCTRYq2JcNfpO_U0Y9PIEQqw'}, 'canRate': True, 'viewerRating': 'none', 'likeCount': 0, 'publishedAt': '2022-10-19T05:59:53Z', 'updatedAt': '2022-10-19T05:59:53Z'}}, 'canReply': True, 'totalReplyCount': 0, 'isPublic': True}",,UCTRYq2JcNfpO_U0Y9PIEQqw,2022-10-19T05:59:53Z,"Que os Estados Unidos,Alemanha invadam a América do Sul e salve esses países desses criminais do Foro de São Paulo.!!!",,2023-06-09 05:42:53.836139
youtube#commentThread,HlpA656iYQykkTuKEBEVIiVx0Q0,UgxiHU0U5YvzU4KIeHh4AaABAg,"{'videoId': 'SFubem2H08c', 'topLevelComment': {'kind': 'youtube#comment', 'etag': 'ULpYxxFQC_tqSCHkXU7EIrvGZjA', 'id': 'UgxiHU0U5YvzU4KIeHh4AaABAg', 'snippet': {'videoId': 'SFubem2H08c', 'textDisplay': 'Não tem mais o dinheiro do Brasil. Não se aguenta de pé', 'textOriginal': 'Não tem mais o dinheiro do Brasil. Não se aguenta de pé', 'authorDisplayName': 'Paulo Guilherme', 'authorProfileImageUrl': 'https://yt3.ggpht.com/ytc/AGIKgqMlkdVjs1HXsgKP6RxNxNgaVMuoKLE4t-9pJg=s48-c-k-c0x00ffffff-no-rj', 'authorChannelUrl': 'http://www.youtube.com/channel/UCA87M_200ECSVmtQ4agUYOw', 'authorChannelId': {'value': 'UCA87M_200ECSVmtQ4agUYOw'}, 'canRate': True, 'viewerRating': 'none', 'likeCount': 3, 'publishedAt': '2022-10-19T05:40:07Z', 'updatedAt': '2022-10-19T05:40:07Z'}}, 'canReply': True, 'totalReplyCount': 0, 'isPublic': True}",,UCA87M_200ECSVmtQ4agUYOw,2022-10-19T05:40:07Z,Não tem mais o dinheiro do Brasil. Não se aguenta de pé,,2023-06-09 05:42:53.836139
youtube#commentThread,8eQonvTDofJ8dHdBp4CCI93lvck,UgykLlu6u6hfos3q3_x4AaABAg,"{'videoId': 'SFubem2H08c', 'topLevelComment': {'kind': 'youtube#comment', 'etag': 'yc1sPdGb4CFx8znO6SPz6pd8Zto', 'id': 'UgykLlu6u6hfos3q3_x4AaABAg', 'snippet': {'videoId': 'SFubem2H08c', 'textDisplay': 'America Latina está virando só ditaduras <br>Argentina vai virar <br>Chile também', 'textOriginal': 'America Latina está virando só ditaduras \\nArgentina vai virar \\nChile também', 'authorDisplayName': 'Ladeira abaixo ""L""', 'authorProfileImageUrl': 'https://yt3.ggpht.com/uKOLyJXyxuWJzpG8FvKKgVHW7fqq4JCDW64wVcojiH8AQimLfZCGsd9ZnTMMHYkVGR0nmOmqNU0=s48-c-k-c0x00ffffff-no-rj', 'authorChannelUrl': 'http://www.youtube.com/channel/UCyExS0yAg_DptZLvwx4lLzw', 'authorChannelId': {'value': 'UCyExS0yAg_DptZLvwx4lLzw'}, 'canRate': True, 'viewerRating': 'none', 'likeCount': 0, 'publishedAt': '2022-10-19T05:38:34Z', 'updatedAt': '2022-10-19T05:39:02Z'}}, 'canReply': True, 'totalReplyCount': 0, 'isPublic': True}",,UCyExS0yAg_DptZLvwx4lLzw,2022-10-19T05:38:34Z,"America Latina está virando só ditaduras 
Argentina vai virar 
Chile também",,2023-06-09 05:42:53.836139
youtube#commentThread,wpD5z7pVNfzdjYfBycrZKSwRwfs,UgxbFbVZVwg81ZtIj754AaABAg,"{'videoId': 'SFubem2H08c', 'topLevelComment': {'kind': 'youtube#comment', 'etag': 'qdpZtrgm32-5szSbSxbg-62YihI', 'id': 'UgxbFbVZVwg81ZtIj754AaABAg', 'snippet': {'videoId': 'SFubem2H08c', 'textDisplay': 'Tomara que se ferrem <br>Escolheram então que se danem<br>Aqui se acontecer eu me viro <br>Assalto, roubo faço qualquer coisa mas me viro kkk o resto da população escolheu então que se danem.<br>Isso é socialismo', 'textOriginal': 'Tomara que se ferrem \\nEscolheram então que se danem\\nAqui se acontecer eu me viro \\nAssalto, roubo faço qualquer coisa mas me viro kkk o resto da população escolheu então que se danem.\\nIsso é socialismo', 'authorDisplayName': 'Ladeira abaixo ""L""', 'authorProfileImageUrl': 'https://yt3.ggpht.com/uKOLyJXyxuWJzpG8FvKKgVHW7fqq4JCDW64wVcojiH8AQimLfZCGsd9ZnTMMHYkVGR0nmOmqNU0=s48-c-k-c0x00ffffff-no-rj', 'authorChannelUrl': 'http://www.youtube.com/channel/UCyExS0yAg_DptZLvwx4lLzw', 'authorChannelId': {'value': 'UCyExS0yAg_DptZLvwx4lLzw'}, 'canRate': True, 'viewerRating': 'none', 'likeCount': 0, 'publishedAt': '2022-10-19T05:37:35Z', 'updatedAt': '2022-10-19T05:37:35Z'}}, 'canReply': True, 'totalReplyCount': 0, 'isPublic': True}",,UCyExS0yAg_DptZLvwx4lLzw,2022-10-19T05:37:35Z,"Tomara que se ferrem 
Escolheram então que se danem
Aqui se acontecer eu me viro 
Assalto, roubo faço qualquer coisa mas me viro kkk o resto da população escolheu então que se danem.
Isso é socialismo",,2023-06-09 05:42:53.836139
youtube#commentThread,XAovmIovb0S-2EYNleFbbF7yjtw,UgzKjapExdlDy2-jx1h4AaABAg,"{'videoId': 'SFubem2H08c', 'topLevelComment': {'kind': 'youtube#comment', 'etag': 'bkvHt29FXkwK1DDsSBky8-XFQq8', 'id': 'UgzKjapExdlDy2-jx1h4AaABAg', 'snippet': {'videoId': 'SFubem2H08c', 'textDisplay': 'Vagabundos... Não dá para vivermos no mesmo espaço demográfico...', 'textOriginal': 'Vagabundos... Não dá para vivermos no mesmo espaço demográfico...', 'authorDisplayName': 'Carlos Caf', 'authorProfileImageUrl': 'https://yt3.ggpht.com/tP_tDCTObK35ReiigfDiXXeqOPNueM-QOXneFnh5mBODcwBn2yCqm-Fmzav1P3_O3fuaZlUW=s48-c-k-c0x00ffffff-no-rj', 'authorChannelUrl': 'http://www.youtube.com/channel/UCE3HwWtfRGAiUd5BSCKY4xA', 'authorChannelId': {'value': 'UCE3HwWtfRGAiUd5BSCKY4xA'}, 'canRate': True, 'viewerRating': 'none', 'likeCount': 0, 'publishedAt': '2022-10-19T05:28:40Z', 'updatedAt': '2022-10-19T05:28:40Z'}}, 'canReply': True, 'totalReplyCount': 0, 'isPublic': True}",,UCE3HwWtfRGAiUd5BSCKY4xA,2022-10-19T05:28:40Z,Vagabundos... Não dá para vivermos no mesmo espaço demográfico...,,2023-06-09 05:42:53.836139
youtube#commentThread,GwH7GmQlzDFskEGJsjDfKwqcTU4,Ugx6a3W4AZc1crjfmph4AaABAg,"{'videoId': 'SFubem2H08c', 'topLevelComment': {'kind': 'youtube#comment', 'etag': 'DxcQb4AMIIN9nqns4-K13_Vl88Y', 'id': 'Ugx6a3W4AZc1crjfmph4AaABAg', 'snippet': {'videoId': 'SFubem2H08c', 'textDisplay': 'Pode dormir tranquilo o povo de bariga vazia e o madurao de bariga cheia', 'textOriginal': 'Pode dormir tranquilo o povo de bariga vazia e o madurao de bariga cheia', 'authorDisplayName': 'imperador romano', 'authorProfileImageUrl': 'https://yt3.ggpht.com/ytc/AGIKgqP3mLOzqfnY0XLUYoS5_30r2pOvzmXb6k-WzQ=s48-c-k-c0x00ffffff-no-rj', 'authorChannelUrl': 'http://www.youtube.com/channel/UCB39w0No3yBm75cBQHd2M6w', 'authorChannelId': {'value': 'UCB39w0No3yBm75cBQHd2M6w'}, 'canRate': True, 'viewerRating': 'none', 'likeCount': 9, 'publishedAt': '2022-10-19T05:21:12Z', 'updatedAt': '2022-10-19T05:21:12Z'}}, 'canReply': True, 'totalReplyCount': 0, 'isPublic': True}",,UCB39w0No3yBm75cBQHd2M6w,2022-10-19T05:21:12Z,Pode dormir tranquilo o povo de bariga vazia e o madurao de bariga cheia,,2023-06-09 05:42:53.836139
youtube#commentThread,VppbxXGfQqQjLIOW3IIWGrfPqTg,UgwE8BLx-30lsmyeMLB4AaABAg,"{'videoId': 'SFubem2H08c', 'topLevelComment': {'kind': 'youtube#comment', 'etag': 'jZ2yZoky3MGPUE3PZtbl-NsWhnY', 'id': 'UgwE8BLx-30lsmyeMLB4AaABAg', 'snippet': {'videoId': 'SFubem2H08c', 'textDisplay': 'Graças a Deus eu não preciso mendigar o resto de picanha que sobra do prato do Lula. 🙏 <a href=""https://youtube.com/shorts/Foy4iWnsT78?feature=share"">https://youtube.com/shorts/Foy4iWnsT78?feature=share</a>', 'textOriginal': 'Graças a Deus eu não preciso mendigar o resto de picanha que sobra do prato do Lula. 🙏 https://youtube.com/shorts/Foy4iWnsT78?feature=share', 'authorDisplayName': 'Angel@', 'authorProfileImageUrl': 'https://yt3.ggpht.com/5YS0ldTBSD2JYNx-3WCDtmevWXbaWV5AlPd0_EmT4ZkAjLZx0XpBb1vUGIGPNj2cY5Tg24YWXw=s48-c-k-c0x00ffffff-no-rj', 'authorChannelUrl': 'http://www.youtube.com/channel/UCs55eJlLRaCFV-a3qbWZZAA', 'authorChannelId': {'value': 'UCs55eJlLRaCFV-a3qbWZZAA'}, 'canRate': True, 'viewerRating': 'none', 'likeCount': 1, 'publishedAt': '2022-10-19T05:03:59Z', 'updatedAt': '2022-10-19T05:03:59Z'}}, 'canReply': True, 'totalReplyCount': 0, 'isPublic': True}",,UCs55eJlLRaCFV-a3qbWZZAA,2022-10-19T05:03:59Z,Graças a Deus eu não preciso mendigar o resto de picanha que sobra do prato do Lula. 🙏 https://youtube.com/shorts/Foy4iWnsT78?feature=share,,2023-06-09 05:42:53.836139
youtube#commentThread,L0wVTdeLwfNFGYacZ22H3ytxIJs,Ugw9Z8AwscLTPus6IWV4AaABAg,"{'videoId': 'SFubem2H08c', 'topLevelComment': {'kind': 'youtube#comment', 'etag': '1abPbKar53VmLEMeI7D3oNy7kqY', 'id': 'Ugw9Z8AwscLTPus6IWV4AaABAg', 'snippet': {'videoId': 'SFubem2H08c', 'textDisplay': 'Cuba., Venezuela, Argentina e agora o Chile são um lixão a céu aberto pq o papel da esquerda é trazer destruição e miséria. Assim seria o Brasil se a esquerda voltasse ao poder mas Jesus não vai deixar 🙏', 'textOriginal': 'Cuba., Venezuela, Argentina e agora o Chile são um lixão a céu aberto pq o papel da esquerda é trazer destruição e miséria. Assim seria o Brasil se a esquerda voltasse ao poder mas Jesus não vai deixar 🙏', 'authorDisplayName': 'Angel@', 'authorProfileImageUrl': 'https://yt3.ggpht.com/5YS0ldTBSD2JYNx-3WCDtmevWXbaWV5AlPd0_EmT4ZkAjLZx0XpBb1vUGIGPNj2cY5Tg24YWXw=s48-c-k-c0x00ffffff-no-rj', 'authorChannelUrl': 'http://www.youtube.com/channel/UCs55eJlLRaCFV-a3qbWZZAA', 'authorChannelId': {'value': 'UCs55eJlLRaCFV-a3qbWZZAA'}, 'canRate': True, 'viewerRating': 'none', 'likeCount': 1, 'publishedAt': '2022-10-19T05:03:55Z', 'updatedAt': '2022-10-19T05:06:54Z'}}, 'canReply': True, 'totalReplyCount': 0, 'isPublic': True}",,UCs55eJlLRaCFV-a3qbWZZAA,2022-10-19T05:03:55Z,"Cuba., Venezuela, Argentina e agora o Chile são um lixão a céu aberto pq o papel da esquerda é trazer destruição e miséria. Assim seria o Brasil se a esquerda voltasse ao poder mas Jesus não vai deixar 🙏",,2023-06-09 05:42:53.836139
youtube#commentThread,CFHn7-W2vnO8hF4tXeX_KgZsbcM,Ugw45s2YCTT8yRkpxbN4AaABAg,"{'videoId': 'SFubem2H08c', 'topLevelComment': {'kind': 'youtube#comment', 'etag': 'HnIRl5brHvSTyM-ZU2e-vAw_yJY', 'id': 'Ugw45s2YCTT8yRkpxbN4AaABAg', 'snippet': {'videoId': 'SFubem2H08c', 'textDisplay': 'Deus livre essa nação de governo esquerdista temos exemplos de países sobre comando de comunista', 'textOriginal': 'Deus livre essa nação de governo esquerdista temos exemplos de países sobre comando de comunista', 'authorDisplayName': 'Plapla', 'authorProfileImageUrl': 'https://yt3.ggpht.com/Uw4D7QuNCW_gp2IMlioO6ljk3uIsAgRVouDLgdpvJt220svWFs7AnTQaOldtX2K2uzkZlpFXqA=s48-c-k-c0x00ffffff-no-rj', 'authorChannelUrl': 'http://www.youtube.com/channel/UC56cVa3CEWADijFvJ8KWOZQ', 'authorChannelId': {'value': 'UC56cVa3CEWADijFvJ8KWOZQ'}, 'canRate': True, 'viewerRating': 'none', 'likeCount': 0, 'publishedAt': '2022-10-19T04:58:30Z', 'updatedAt': '2022-10-19T04:58:30Z'}}, 'canReply': True, 'totalReplyCount': 0, 'isPublic': True}",,UC56cVa3CEWADijFvJ8KWOZQ,2022-10-19T04:58:30Z,Deus livre essa nação de governo esquerdista temos exemplos de países sobre comando de comunista,,2023-06-09 05:42:53.836139
youtube#commentThread,p9KuIosleDQtMWDWLhnmj9kwHzQ,UgwfpAaY875ybiO6jvl4AaABAg,"{'videoId': 'SFubem2H08c', 'topLevelComment': {'kind': 'youtube#comment', 'etag': 'e9ugvu-AKtDblhgOYtw0yGKtzZ4', 'id': 'UgwfpAaY875ybiO6jvl4AaABAg', 'snippet': {'videoId': 'SFubem2H08c', 'textDisplay': 'Eleitor de esquerda só quer dopamina. Não dão valor pra nada... Se perderem a liberdade que tem de sobra eles serão os que mais vão sofrer por terem sido enganados.', 'textOriginal': 'Eleitor de esquerda só quer dopamina. Não dão valor pra nada... Se perderem a liberdade que tem de sobra eles serão os que mais vão sofrer por terem sido enganados.', 'authorDisplayName': 'ok', 'authorProfileImageUrl': 'https://yt3.ggpht.com/TzCyUSCvBkbshNrfrcWC22b1xYSw1zZS1nETVyroyI5iL6X_rmB93OlFWVbDeFS2GFQ3Dav8=s48-c-k-c0x00ffffff-no-rj', 'authorChannelUrl': 'http://www.youtube.com/channel/UCws-3AdmE30bSVflWQvTvJg', 'authorChannelId': {'value': 'UCws-3AdmE30bSVflWQvTvJg'}, 'canRate': True, 'viewerRating': 'none', 'likeCount': 0, 'publishedAt': '2022-10-19T04:56:48Z', 'updatedAt': '2022-10-19T04:56:48Z'}}, 'canReply': True, 'totalReplyCount': 0, 'isPublic': True}",,UCws-3AdmE30bSVflWQvTvJg,2022-10-19T04:56:48Z,Eleitor de esquerda só quer dopamina. Não dão valor pra nada... Se perderem a liberdade que tem de sobra eles serão os que mais vão sofrer por terem sido enganados.,,2023-06-09 05:42:53.836139
youtube#commentThread,RrOcUR7z3U-i6TQMZXErVq6dUzk,UgxMZkDnWfVpNUd9kpN4AaABAg,"{'videoId': 'SFubem2H08c', 'topLevelComment': {'kind': 'youtube#comment', 'etag': 'GWdGP_WUo3Abgb1qrXc1TtiWOSw', 'id': 'UgxMZkDnWfVpNUd9kpN4AaABAg', 'snippet': {'videoId': 'SFubem2H08c', 'textDisplay': 'A esquerda é um perigo, uma ameaça!', 'textOriginal': 'A esquerda é um perigo, uma ameaça!', 'authorDisplayName': 'Tɪᴄɪᴀ Gᴏᴍᴇꜱ🥀', 'authorProfileImageUrl': 'https://yt3.ggpht.com/S3KBwPSHsynTp2V3ksqBf3oMVLxmSXpKTauTm2wXbHMC0DZm4aWVEz5El4y9-jXXaohA8hbR=s48-c-k-c0x00ffffff-no-rj', 'authorChannelUrl': 'http://www.youtube.com/channel/UC9epDM2u7Zh2ZLfAhqk-f5A', 'authorChannelId': {'value': 'UC9epDM2u7Zh2ZLfAhqk-f5A'}, 'canRate': True, 'viewerRating': 'none', 'likeCount': 0, 'publishedAt': '2022-10-19T04:49:31Z', 'updatedAt': '2022-10-19T04:49:31Z'}}, 'canReply': True, 'totalReplyCount': 0, 'isPublic': True}",,UC9epDM2u7Zh2ZLfAhqk-f5A,2022-10-19T04:49:31Z,"A esquerda é um perigo, uma ameaça!",,2023-06-09 05:42:53.836139
youtube#commentThread,8Xy-AoqCEN-n5CtMzd1CUwZqy3c,Ugwm9rElHTPVnra1qU14AaABAg,"{'videoId': 'SFubem2H08c', 'topLevelComment': {'kind': 'youtube#comment', 'etag': 'p92sTAdcY0jvlExCO0mZwBiOl0g', 'id': 'Ugwm9rElHTPVnra1qU14AaABAg', 'snippet': {'videoId': 'SFubem2H08c', 'textDisplay': 'Esses países estão esperando o papai mula ganhar , pra mamar na teta brasileira.', 'textOriginal': 'Esses países estão esperando o papai mula ganhar , pra mamar na teta brasileira.', 'authorDisplayName': 'Zuzu Ramos', 'authorProfileImageUrl': 'https://yt3.ggpht.com/ytc/AGIKgqPma8QgYEvDkH3p9GIQdfGToZSf-JWwYe7XoGl_DQ=s48-c-k-c0x00ffffff-no-rj', 'authorChannelUrl': 'http://www.youtube.com/channel/UCWJTjP5VaWGnbF2Ygc30dbw', 'authorChannelId': {'value': 'UCWJTjP5VaWGnbF2Ygc30dbw'}, 'canRate': True, 'viewerRating': 'none', 'likeCount': 0, 'publishedAt': '2022-10-19T04:44:23Z', 'updatedAt': '2022-10-19T04:44:23Z'}}, 'canReply': True, 'totalReplyCount': 0, 'isPublic': True}",,UCWJTjP5VaWGnbF2Ygc30dbw,2022-10-19T04:44:23Z,"Esses países estão esperando o papai mula ganhar , pra mamar na teta brasileira.",,2023-06-09 05:42:53.836139
youtube#commentThread,EwukB3NvATBpf0z7MXSX6y9X6lM,Ugz6aEQ18nkUwsK0vLt4AaABAg,"{'videoId': 'SFubem2H08c', 'topLevelComment': {'kind': 'youtube#comment', 'etag': 'FL3jhSNOaxzxTbA8N10vkoAM6v8', 'id': 'Ugz6aEQ18nkUwsK0vLt4AaABAg', 'snippet': {'videoId': 'SFubem2H08c', 'textDisplay': 'O que a Venezuela disse para o Chile? &quot;Eu sou você amanhã&quot; !', 'textOriginal': 'O que a Venezuela disse para o Chile? ""Eu sou você amanhã"" !', 'authorDisplayName': 'B Fortuna', 'authorProfileImageUrl': 'https://yt3.ggpht.com/ytc/AGIKgqPNTb-mK5-nVq-i-wTMsjYbcYVbHZysMfvFng=s48-c-k-c0x00ffffff-no-rj', 'authorChannelUrl': 'http://www.youtube.com/channel/UCByX-wdNdm2XwThwB2AvXIg', 'authorChannelId': {'value': 'UCByX-wdNdm2XwThwB2AvXIg'}, 'canRate': True, 'viewerRating': 'none', 'likeCount': 23, 'publishedAt': '2022-10-19T04:32:56Z', 'updatedAt': '2022-10-19T04:32:56Z'}}, 'canReply': True, 'totalReplyCount': 1, 'isPublic': True}","{'comments': [{'kind': 'youtube#comment', 'etag': 'SddPGfN5HJCpPeGb4kQ81obWs9M', 'id': 'Ugz6aEQ18nkUwsK0vLt4AaABAg.9hLxbnTqJ4F9hQTWzXHBI7', 'snippet': {'videoId': 'SFubem2H08c', 'textDisplay': 'eu rikkkkkkkkkkkkkkkkkkkkkkkkkkkkk essa foi boa', 'textOriginal': 'eu rikkkkkkkkkkkkkkkkkkkkkkkkkkkkk essa foi boa', 'parentId': 'Ugz6aEQ18nkUwsK0vLt4AaABAg', 'authorDisplayName': 'Vanessa', 'authorProfileImageUrl': 'https://yt3.ggpht.com/YO1wBl7QpKXHFzWvIRAvg3xioM7Lvv7zttVvN401qmsy-uaojvkkqx436hUZ1FEmpcjDDjMispA=s48-c-k-c0x00ffffff-no-rj', 'authorChannelUrl': 'http://www.youtube.com/channel/UCQWk9j0ybkf4LWvcSNjQu3g', 'authorChannelId': {'value': 'UCQWk9j0ybkf4LWvcSNjQu3g'}, 'canRate': True, 'viewerRating': 'none', 'likeCount': 0, 'publishedAt': '2022-10-20T22:37:27Z', 'updatedAt': '2022-10-20T22:37:27Z'}}]}",UCByX-wdNdm2XwThwB2AvXIg,2022-10-19T04:32:56Z,"O que a Venezuela disse para o Chile? ""Eu sou você amanhã"" !",,2023-06-09 05:42:53.836139
youtube#commentThread,A_Hr68crTzN6U5yqlZH8dg00E8c,UgwKNS-woCwXbvnXt6d4AaABAg,"{'videoId': 'SFubem2H08c', 'topLevelComment': {'kind': 'youtube#comment', 'etag': 'D_pB64KGAUx2gXCd0r-HMBI-dts', 'id': 'UgwKNS-woCwXbvnXt6d4AaABAg', 'snippet': {'videoId': 'SFubem2H08c', 'textDisplay': 'Eu vivo no Chile e sei como um governo comunista pode destruir um país em menos de um ano', 'textOriginal': 'Eu vivo no Chile e sei como um governo comunista pode destruir um país em menos de um ano', 'authorDisplayName': 'Marcia', 'authorProfileImageUrl': 'https://yt3.ggpht.com/ytc/AGIKgqMksXW38O-1VU80mB-lFs3T9aYZQUVPnlLg3fY9_DyCahA_Q4vrL3-uSrL3SZ4U=s48-c-k-c0x00ffffff-no-rj', 'authorChannelUrl': 'http://www.youtube.com/channel/UC-juKOjOiKc8_w_XL0WpKTQ', 'authorChannelId': {'value': 'UC-juKOjOiKc8_w_XL0WpKTQ'}, 'canRate': True, 'viewerRating': 'none', 'likeCount': 0, 'publishedAt': '2022-10-19T04:32:50Z', 'updatedAt': '2022-10-19T04:32:50Z'}}, 'canReply': True, 'totalReplyCount': 0, 'isPublic': True}",,UC-juKOjOiKc8_w_XL0WpKTQ,2022-10-19T04:32:50Z,Eu vivo no Chile e sei como um governo comunista pode destruir um país em menos de um ano,,2023-06-09 05:42:53.836139
youtube#commentThread,hHTBW1A0CimfXd5ew5fQPPsaEyo,UgyrzmIt9_8guZxIwlx4AaABAg,"{'videoId': 'SFubem2H08c', 'topLevelComment': {'kind': 'youtube#comment', 'etag': 'v6DTtp1N1dSHYb5Sev8g07PkOjM', 'id': 'UgyrzmIt9_8guZxIwlx4AaABAg', 'snippet': {'videoId': 'SFubem2H08c', 'textDisplay': 'O cara da esquerda entrou em março no poder do Chile e já destruiu o país que era um dos mais tops da América Latina. Recorde de catástrofe.', 'textOriginal': 'O cara da esquerda entrou em março no poder do Chile e já destruiu o país que era um dos mais tops da América Latina. Recorde de catástrofe.', 'authorDisplayName': 'Jéssica Bernardes da Silva Baron', 'authorProfileImageUrl': 'https://yt3.ggpht.com/ytc/AGIKgqNDFo6vwiRPme5YGh4eyPlP_lQmibdJT8DjWChy=s48-c-k-c0x00ffffff-no-rj', 'authorChannelUrl': 'http://www.youtube.com/channel/UCgkpyeoQ2hYfdeNLXryegEg', 'authorChannelId': {'value': 'UCgkpyeoQ2hYfdeNLXryegEg'}, 'canRate': True, 'viewerRating': 'none', 'likeCount': 56, 'publishedAt': '2022-10-19T04:28:07Z', 'updatedAt': '2022-10-19T04:28:07Z'}}, 'canReply': True, 'totalReplyCount': 8, 'isPublic': True}","{'comments': [{'kind': 'youtube#comment', 'etag': 'cDtY02C5BlAOEL-EoSermbmvdgg', 'id': 'UgyrzmIt9_8guZxIwlx4AaABAg.9hLx3arKFN79hWacTAOTmX', 'snippet': {'videoId': 'SFubem2H08c', 'textDisplay': 'Vamos transformar o comentário abaixo em um mantra nessa reta final de campanha. De que forma: replicando-a em todas as redes sociais. Faça a sua parte repliquem também. &quot;Eu acho que... Comentário Removido Pelo TSE Com a Chancela do Supremo Tribunal Federal (STF - PT).&quot;', 'textOriginal': 'Vamos transformar o comentário abaixo em um mantra nessa reta final de campanha. De que forma: replicando-a em todas as redes sociais. Faça a sua parte repliquem também. ""Eu acho que... Comentário Removido Pelo TSE Com a Chancela do Supremo Tribunal Federal (STF - PT).""', 'parentId': 'UgyrzmIt9_8guZxIwlx4AaABAg', 'authorDisplayName': 'Melbourne Zobaran', 'authorProfileImageUrl': 'https://yt3.ggpht.com/ytc/AGIKgqOwSVQQOEXyj0IKmGIk5sAa3j57XWdSHsVVaA=s48-c-k-c0x00ffffff-no-rj', 'authorChannelUrl': 'http://www.youtube.com/channel/UCU7EIzDWvgwbylAsBJI-u1g', 'authorChannelId': {'value': 'UCU7EIzDWvgwbylAsBJI-u1g'}, 'canRate': True, 'viewerRating': 'none', 'likeCount': 1, 'publishedAt': '2022-10-23T07:43:41Z', 'updatedAt': '2022-10-23T07:43:41Z'}}, {'kind': 'youtube#comment', 'etag': '7qX1W1Geoa4caf5UxO7ti58mjJw', 'id': 'UgyrzmIt9_8guZxIwlx4AaABAg.9hLx3arKFN79hQTRbwjysg', 'snippet': {'videoId': 'SFubem2H08c', 'textDisplay': 'Se o brasil for no mesmo caminho quero ver pra onde os milhares de imigrantes que fogem disso vão....', 'textOriginal': 'Se o brasil for no mesmo caminho quero ver pra onde os milhares de imigrantes que fogem disso vão....', 'parentId': 'UgyrzmIt9_8guZxIwlx4AaABAg', 'authorDisplayName': 'Vanessa', 'authorProfileImageUrl': 'https://yt3.ggpht.com/YO1wBl7QpKXHFzWvIRAvg3xioM7Lvv7zttVvN401qmsy-uaojvkkqx436hUZ1FEmpcjDDjMispA=s48-c-k-c0x00ffffff-no-rj', 'authorChannelUrl': 'http://www.youtube.com/channel/UCQWk9j0ybkf4LWvcSNjQu3g', 'authorChannelId': {'value': 'UCQWk9j0ybkf4LWvcSNjQu3g'}, 'canRate': True, 'viewerRating': 'none', 'likeCount': 2, 'publishedAt': '2022-10-20T22:36:43Z', 'updatedAt': '2022-10-20T22:36:43Z'}}, {'kind': 'youtube#comment', 'etag': 'TIWKV0iO0Sdeie9SNEn4DYuKSM0', 'id': 'UgyrzmIt9_8guZxIwlx4AaABAg.9hLx3arKFN79hMSS4uDcxw', 'snippet': {'videoId': 'SFubem2H08c', 'textDisplay': 'Realmente era um país maravilhoso,  morei lá por 3 anos. Triste ver isso..', 'textOriginal': 'Realmente era um país maravilhoso,  morei lá por 3 anos. Triste ver isso..', 'parentId': 'UgyrzmIt9_8guZxIwlx4AaABAg', 'authorDisplayName': 'Luana B.', 'authorProfileImageUrl': 'https://yt3.ggpht.com/ytc/AGIKgqMqgjKwQPfbdTBYUNm-Twq-i2-JFpfhzBu79uUMafY=s48-c-k-c0x00ffffff-no-rj', 'authorChannelUrl': 'http://www.youtube.com/channel/UCa7QRmPKOEVnM9HRBDlgdjg', 'authorChannelId': {'value': 'UCa7QRmPKOEVnM9HRBDlgdjg'}, 'canRate': True, 'viewerRating': 'none', 'likeCount': 4, 'publishedAt': '2022-10-19T09:11:05Z', 'updatedAt': '2022-10-19T09:11:05Z'}}, {'kind': 'youtube#comment', 'etag': 'TOsevzPGauXm0gNUUYA8q253uaY', 'id': 'UgyrzmIt9_8guZxIwlx4AaABAg.9hLx3arKFN79hM1IEdJxPR', 'snippet': {'videoId': 'SFubem2H08c', 'textDisplay': 'Os canhotas têm curso avançado em destruir democracias', 'textOriginal': 'Os canhotas têm curso avançado em destruir democracias', 'parentId': 'UgyrzmIt9_8guZxIwlx4AaABAg', 'authorDisplayName': 'Mateus De Moraes', 'authorProfileImageUrl': 'https://yt3.ggpht.com/ytc/AGIKgqPLOWdku0VdL8GqfOf-6wMuxidUD3QoAGrMe1e5ykM=s48-c-k-c0x00ffffff-no-rj', 'authorChannelUrl': 'http://www.youtube.com/channel/UCLL7Rz-ZYjLyMWujWzhuY0g', 'authorChannelId': {'value': 'UCLL7Rz-ZYjLyMWujWzhuY0g'}, 'canRate': True, 'viewerRating': 'none', 'likeCount': 0, 'publishedAt': '2022-10-19T05:13:49Z', 'updatedAt': '2022-10-19T05:13:49Z'}}, {'kind': 'youtube#comment', 'etag': 'yb7SMsKzDWMJCSiXeDOQCSZ5lhw', 'id': 'UgyrzmIt9_8guZxIwlx4AaABAg.9hLx3arKFN79hM0wDZJT67', 'snippet': {'videoId': 'SFubem2H08c', 'textDisplay': '@FELIPE JORGE O 9DEDOS DISSE QUE VAI MATAR DEUS O CRIADOR DO UNIVERSO E OS ANJOS DE DEUS MORRERÃO TAMBÉM. SE ISSO ACONTECER O UNIVERSO TODA ACABA: AS TRILHÕES DE GALÁXIAS SOMEM E A VIDA PERECERÁ NO COSMO PRA SEMPRE', 'textOriginal': '@FELIPE JORGE O 9DEDOS DISSE QUE VAI MATAR DEUS O CRIADOR DO UNIVERSO E OS ANJOS DE DEUS MORRERÃO TAMBÉM. SE ISSO ACONTECER O UNIVERSO TODA ACABA: AS TRILHÕES DE GALÁXIAS SOMEM E A VIDA PERECERÁ NO COSMO PRA SEMPRE', 'parentId': 'UgyrzmIt9_8guZxIwlx4AaABAg', 'authorDisplayName': 'paulo roberto', 'authorProfileImageUrl': 'https://yt3.ggpht.com/ytc/AGIKgqNcy4BYMlSjTmlNu318AiTWsXVlGYGIcj5FugS5=s48-c-k-c0x00ffffff-no-rj', 'authorChannelUrl': 'http://www.youtube.com/channel/UCCvkYhQaWS8Q9tcD1LP66Lg', 'authorChannelId': {'value': 'UCCvkYhQaWS8Q9tcD1LP66Lg'}, 'canRate': True, 'viewerRating': 'none', 'likeCount': 1, 'publishedAt': '2022-10-19T05:10:40Z', 'updatedAt': '2022-10-19T05:10:40Z'}}]}",UCgkpyeoQ2hYfdeNLXryegEg,2022-10-19T04:28:07Z,O cara da esquerda entrou em março no poder do Chile e já destruiu o país que era um dos mais tops da América Latina. Recorde de catástrofe.,,2023-06-09 05:42:53.836139
youtube#commentThread,QaSdjpA2P7F4TqtRizNLkIKO6jM,Ugxh07uiOg877xPpMnF4AaABAg,"{'videoId': 'SFubem2H08c', 'topLevelComment': {'kind': 'youtube#comment', 'etag': 'sKRyvKAJVwXuHcKnMMxp_pQd7r4', 'id': 'Ugxh07uiOg877xPpMnF4AaABAg', 'snippet': {'videoId': 'SFubem2H08c', 'textDisplay': 'Os mesmo que comiam picanha nos quase 12 anos de pt, gozaram no auxílio para compra iPhone, hipocrisia, eu me sinto envergonhado por ver tantos brasileiros, aceitando um bandido, saber tudo oque esse partido representa, tudo que eles apoiam, e analisar pra onde vai o país,', 'textOriginal': 'Os mesmo que comiam picanha nos quase 12 anos de pt, gozaram no auxílio para compra iPhone, hipocrisia, eu me sinto envergonhado por ver tantos brasileiros, aceitando um bandido, saber tudo oque esse partido representa, tudo que eles apoiam, e analisar pra onde vai o país,', 'authorDisplayName': 'Kaue Leandro', 'authorProfileImageUrl': 'https://yt3.ggpht.com/OPVXc1mwtNMV3KXCpPz9Iqa0XBd3DH2hGtgFp9n08LxfLOWDRZ8AP7gHOjpHhYktzKlZlyp7jPY=s48-c-k-c0x00ffffff-no-rj', 'authorChannelUrl': 'http://www.youtube.com/channel/UCoPT8iwKJC7Vq3r1ZGUfe9Q', 'authorChannelId': {'value': 'UCoPT8iwKJC7Vq3r1ZGUfe9Q'}, 'canRate': True, 'viewerRating': 'none', 'likeCount': 0, 'publishedAt': '2022-10-19T04:26:29Z', 'updatedAt': '2022-10-19T04:26:29Z'}}, 'canReply': True, 'totalReplyCount': 0, 'isPublic': True}",,UCoPT8iwKJC7Vq3r1ZGUfe9Q,2022-10-19T04:26:29Z,"Os mesmo que comiam picanha nos quase 12 anos de pt, gozaram no auxílio para compra iPhone, hipocrisia, eu me sinto envergonhado por ver tantos brasileiros, aceitando um bandido, saber tudo oque esse partido representa, tudo que eles apoiam, e analisar pra onde vai o país,",,2023-06-09 05:42:53.836139
youtube#commentThread,dmFyQfQyQEjqesGnLqPCGWpPVIE,UgxxzW1zT75DSLXkG3t4AaABAg,"{'videoId': 'SFubem2H08c', 'topLevelComment': {'kind': 'youtube#comment', 'etag': 'RZHpUO8JPy-o9GqAMq_XVKdpHs4', 'id': 'UgxxzW1zT75DSLXkG3t4AaABAg', 'snippet': {'videoId': 'SFubem2H08c', 'textDisplay': 'Todo lugar que a esquerda entra destrói e uma parte do Brasil quer a esquerda de volta,só Deus 🇧🇷🇧🇷🇧🇷🇧🇷🇧🇷', 'textOriginal': 'Todo lugar que a esquerda entra destrói e uma parte do Brasil quer a esquerda de volta,só Deus 🇧🇷🇧🇷🇧🇷🇧🇷🇧🇷', 'authorDisplayName': 'Guia de Curiosidades', 'authorProfileImageUrl': 'https://yt3.ggpht.com/ytc/AGIKgqODNhdPAT6aWi-RcDwzS7INX-YL7LqmzhFY4tnQ5A=s48-c-k-c0x00ffffff-no-rj', 'authorChannelUrl': 'http://www.youtube.com/channel/UCjRgUR8VFRKhwbMws3g6DaQ', 'authorChannelId': {'value': 'UCjRgUR8VFRKhwbMws3g6DaQ'}, 'canRate': True, 'viewerRating': 'none', 'likeCount': 0, 'publishedAt': '2022-10-19T04:25:41Z', 'updatedAt': '2022-10-19T04:25:41Z'}}, 'canReply': True, 'totalReplyCount': 0, 'isPublic': True}",,UCjRgUR8VFRKhwbMws3g6DaQ,2022-10-19T04:25:41Z,"Todo lugar que a esquerda entra destrói e uma parte do Brasil quer a esquerda de volta,só Deus 🇧🇷🇧🇷🇧🇷🇧🇷🇧🇷",,2023-06-09 05:42:53.836139
youtube#commentThread,En0Lgwz3r8QQEQZtqRA6Dr-_9FQ,Ugzowbd9hhoQy6OTedt4AaABAg,"{'videoId': 'SFubem2H08c', 'topLevelComment': {'kind': 'youtube#comment', 'etag': 'JdCcduxryXmaBPN-EdDjQdlShRw', 'id': 'Ugzowbd9hhoQy6OTedt4AaABAg', 'snippet': {'videoId': 'SFubem2H08c', 'textDisplay': 'Esses políticos de esquerda são filhos do diabo', 'textOriginal': 'Esses políticos de esquerda são filhos do diabo', 'authorDisplayName': 'ANSELMO TEIXEIRA DE OLIVEIRA', 'authorProfileImageUrl': 'https://yt3.ggpht.com/ytc/AGIKgqNF9iHQT_tpEExtlBVZigN1yusCix1TwDTvUja0NvRy6001esWFU5MAzZjPgANO=s48-c-k-c0x00ffffff-no-rj', 'authorChannelUrl': 'http://www.youtube.com/channel/UCC5n5t9LhnmNCBmoLQ2ilqQ', 'authorChannelId': {'value': 'UCC5n5t9LhnmNCBmoLQ2ilqQ'}, 'canRate': True, 'viewerRating': 'none', 'likeCount': 0, 'publishedAt': '2022-10-19T04:23:41Z', 'updatedAt': '2022-10-19T04:23:41Z'}}, 'canReply': True, 'totalReplyCount': 0, 'isPublic': True}",,UCC5n5t9LhnmNCBmoLQ2ilqQ,2022-10-19T04:23:41Z,Esses políticos de esquerda são filhos do diabo,,2023-06-09 05:42:53.836139
youtube#commentThread,bRkEE04bSMShywTq4iAFOO8YufM,UgzzEg6aHms9RhAnfmN4AaABAg,"{'videoId': 'SFubem2H08c', 'topLevelComment': {'kind': 'youtube#comment', 'etag': 'PWrsZniMX-wA3bAlf2wZnPFW_tw', 'id': 'UgzzEg6aHms9RhAnfmN4AaABAg', 'snippet': {'videoId': 'SFubem2H08c', 'textDisplay': 'PTralha em qual quer país só atrapalha.<br>Não passam de um bando de fanáticos do mal, fazendo mal para a destruição da América do Sul', 'textOriginal': 'PTralha em qual quer país só atrapalha.\\nNão passam de um bando de fanáticos do mal, fazendo mal para a destruição da América do Sul', 'authorDisplayName': 'judite eunice rubert', 'authorProfileImageUrl': 'https://yt3.ggpht.com/ytc/AGIKgqN87ph1zcl4urlrUUJVZ0cz2mHJnNZnFRU5MA=s48-c-k-c0x00ffffff-no-rj', 'authorChannelUrl': 'http://www.youtube.com/channel/UC_2S50cmSbDhtlt9C5OTnNw', 'authorChannelId': {'value': 'UC_2S50cmSbDhtlt9C5OTnNw'}, 'canRate': True, 'viewerRating': 'none', 'likeCount': 0, 'publishedAt': '2022-10-19T04:22:12Z', 'updatedAt': '2022-10-19T04:24:22Z'}}, 'canReply': True, 'totalReplyCount': 0, 'isPublic': True}",,UC_2S50cmSbDhtlt9C5OTnNw,2022-10-19T04:22:12Z,"PTralha em qual quer país só atrapalha.
Não passam de um bando de fanáticos do mal, fazendo mal para a destruição da América do Sul",,2023-06-09 05:42:53.836139
youtube#commentThread,ddU7aduZV7YxwQXgjr6yVpaJOMY,UgyZXoV7VS7Q-l2aB654AaABAg,"{'videoId': 'SFubem2H08c', 'topLevelComment': {'kind': 'youtube#comment', 'etag': 'qMwkA6wVqDSKvJ7DsCnIuMG0rfI', 'id': 'UgyZXoV7VS7Q-l2aB654AaABAg', 'snippet': {'videoId': 'SFubem2H08c', 'textDisplay': 'Que não sejamos imparciais neste segundo turno.', 'textOriginal': 'Que não sejamos imparciais neste segundo turno.', 'authorDisplayName': 'Wanda Faria', 'authorProfileImageUrl': 'https://yt3.ggpht.com/ytc/AGIKgqOjxkBxCmHBPKtJ3X7lh4pklizty8x26zb_9Q=s48-c-k-c0x00ffffff-no-rj', 'authorChannelUrl': 'http://www.youtube.com/channel/UCG5cuaHIsNHxJJmlBpfqgaw', 'authorChannelId': {'value': 'UCG5cuaHIsNHxJJmlBpfqgaw'}, 'canRate': True, 'viewerRating': 'none', 'likeCount': 323, 'publishedAt': '2022-10-19T04:20:48Z', 'updatedAt': '2022-10-19T04:20:48Z'}}, 'canReply': True, 'totalReplyCount': 13, 'isPublic': True}","{'comments': [{'kind': 'youtube#comment', 'etag': 'mBEIKSRMF7o82gm5D2EM_8Pzr0Y', 'id': 'UgyZXoV7VS7Q-l2aB654AaABAg.9hLwE-7wERc9hWZl_SHMjo', 'snippet': {'videoId': 'SFubem2H08c', 'textDisplay': 'Vamos transformar o comentário abaixo em um mantra nessa reta final de campanha. De que forma: replicando-a em todas as redes sociais. Faça a sua parte repliquem também. &quot;Eu acho que... Comentário Removido Pelo TSE Com a Chancela do Supremo Tribunal Federal (STF - PT).&quot;', 'textOriginal': 'Vamos transformar o comentário abaixo em um mantra nessa reta final de campanha. De que forma: replicando-a em todas as redes sociais. Faça a sua parte repliquem também. ""Eu acho que... Comentário Removido Pelo TSE Com a Chancela do Supremo Tribunal Federal (STF - PT).""', 'parentId': 'UgyZXoV7VS7Q-l2aB654AaABAg', 'authorDisplayName': 'Melbourne Zobaran', 'authorProfileImageUrl': 'https://yt3.ggpht.com/ytc/AGIKgqOwSVQQOEXyj0IKmGIk5sAa3j57XWdSHsVVaA=s48-c-k-c0x00ffffff-no-rj', 'authorChannelUrl': 'http://www.youtube.com/channel/UCU7EIzDWvgwbylAsBJI-u1g', 'authorChannelId': {'value': 'UCU7EIzDWvgwbylAsBJI-u1g'}, 'canRate': True, 'viewerRating': 'none', 'likeCount': 3, 'publishedAt': '2022-10-23T07:27:27Z', 'updatedAt': '2022-10-23T07:27:27Z'}}, {'kind': 'youtube#comment', 'etag': 'ecu74XXL29uGdJxWu_MZW3c1byQ', 'id': 'UgyZXoV7VS7Q-l2aB654AaABAg.9hLwE-7wERc9hShk76ugxU', 'snippet': {'videoId': 'SFubem2H08c', 'textDisplay': '@Nariane Viana  Eles são todos acéfalos, o doutrinador de asnos tem feito um excelente trabalho. Note q todos tem escárnios em forma de linhas.', 'textOriginal': '@Nariane Viana  Eles são todos acéfalos, o doutrinador de asnos tem feito um excelente trabalho. Note q todos tem escárnios em forma de linhas.', 'parentId': 'UgyZXoV7VS7Q-l2aB654AaABAg', 'authorDisplayName': '爪ㄖ刀乇尺几 丂ㄒ尺丨Ҝ乇', 'authorProfileImageUrl': 'https://yt3.ggpht.com/FcEu1mqcIVGzjRjlwfPLe-raGL51I2k1n8d3vrfusm1Am40BxWQQFM4gn6IgHcAIbkpcGRCDfQ=s48-c-k-c0x00ffffff-no-rj', 'authorChannelUrl': 'http://www.youtube.com/channel/UClli4OWRnZHDTrY5MMtRA5Q', 'authorChannelId': {'value': 'UClli4OWRnZHDTrY5MMtRA5Q'}, 'canRate': True, 'viewerRating': 'none', 'likeCount': 0, 'publishedAt': '2022-10-21T19:28:56Z', 'updatedAt': '2022-10-21T19:28:56Z'}}, {'kind': 'youtube#comment', 'etag': 'blxB4cUbc_ypoQzV-n-hJvCkNCI', 'id': 'UgyZXoV7VS7Q-l2aB654AaABAg.9hLwE-7wERc9hQUKPQ699t', 'snippet': {'videoId': 'SFubem2H08c', 'textDisplay': 'Kkk... Quem diria, o Chile está virando um Brasil. Logo menos vai ter leite fake nos mercados', 'textOriginal': 'Kkk... Quem diria, o Chile está virando um Brasil. Logo menos vai ter leite fake nos mercados', 'parentId': 'UgyZXoV7VS7Q-l2aB654AaABAg', 'authorDisplayName': 'Marcus Canesqui', 'authorProfileImageUrl': 'https://yt3.ggpht.com/ytc/AGIKgqMhxvpxaFLyrYzat7u7P15pbTZlnu6cj-F2ww=s48-c-k-c0x00ffffff-no-rj', 'authorChannelUrl': 'http://www.youtube.com/channel/UCFAWPM8T3afqHuOwg_pXJiQ', 'authorChannelId': {'value': 'UCFAWPM8T3afqHuOwg_pXJiQ'}, 'canRate': True, 'viewerRating': 'none', 'likeCount': 0, 'publishedAt': '2022-10-20T22:44:29Z', 'updatedAt': '2022-10-20T22:44:29Z'}}, {'kind': 'youtube#comment', 'etag': 'rArYGibehbovgy_FHW4IM89Ya5w', 'id': 'UgyZXoV7VS7Q-l2aB654AaABAg.9hLwE-7wERc9hPe48uDj1a', 'snippet': {'videoId': 'SFubem2H08c', 'textDisplay': 'Censura e ódio do bem da esquerda ...o q será q a política antiga suja quer apoiando lula ?...<br>STF disse que terá vida fácil com a vitória de lula 🤦.<br>STF parcial e ativista pro lula pelo bem deles que estão lá ..o povo q se dane 🤷', 'textOriginal': 'Censura e ódio do bem da esquerda ...o q será q a política antiga suja quer apoiando lula ?...\\nSTF disse que terá vida fácil com a vitória de lula 🤦.\\nSTF parcial e ativista pro lula pelo bem deles que estão lá ..o povo q se dane 🤷', 'parentId': 'UgyZXoV7VS7Q-l2aB654AaABAg', 'authorDisplayName': 'MARCELO Regis', 'authorProfileImageUrl': 'https://yt3.ggpht.com/bIIX4pG2LfcRw_xcqZQ5PGbIrjH3jyTjaVQLccYRE1-HEr-WIbhH7SpVdGnbOnKKCEF6Hrlz8Q=s48-c-k-c0x00ffffff-no-rj', 'authorChannelUrl': 'http://www.youtube.com/channel/UC9zYZ_KYobSKy0Ka0DfrIEw', 'authorChannelId': {'value': 'UC9zYZ_KYobSKy0Ka0DfrIEw'}, 'canRate': True, 'viewerRating': 'none', 'likeCount': 0, 'publishedAt': '2022-10-20T14:59:08Z', 'updatedAt': '2022-10-20T14:59:08Z'}}, {'kind': 'youtube#comment', 'etag': '0V-kpM7J5A4EfsG1rvvGiJbD06s', 'id': 'UgyZXoV7VS7Q-l2aB654AaABAg.9hLwE-7wERc9hO4d8SP9vF', 'snippet': {'videoId': 'SFubem2H08c', 'textDisplay': '@Nariane Viana quem tem dinheiro se der errado vaza pra outro país quem não tem sufu.', 'textOriginal': '@Nariane Viana quem tem dinheiro se der errado vaza pra outro país quem não tem sufu.', 'parentId': 'UgyZXoV7VS7Q-l2aB654AaABAg', 'authorDisplayName': 'Roberto Rodrigues', 'authorProfileImageUrl': 'https://yt3.ggpht.com/ytc/AGIKgqOeruByiuaPH1diyWGP0qPszJAw8HZxWnxYZO2Lflk=s48-c-k-c0x00ffffff-no-rj', 'authorChannelUrl': 'http://www.youtube.com/channel/UCRKMmCseMDaie1lGWwCUTqg', 'authorChannelId': {'value': 'UCRKMmCseMDaie1lGWwCUTqg'}, 'canRate': True, 'viewerRating': 'none', 'likeCount': 6, 'publishedAt': '2022-10-20T00:21:30Z', 'updatedAt': '2022-10-20T00:21:30Z'}}]}",UCG5cuaHIsNHxJJmlBpfqgaw,2022-10-19T04:20:48Z,Que não sejamos imparciais neste segundo turno.,,2023-06-09 05:42:53.836139
youtube#commentThread,FEhbaKhXJ8CKU3fqGPSVjYbTXQ8,Ugz_2if2xVKzPwVL-Fh4AaABAg,"{'videoId': 'SFubem2H08c', 'topLevelComment': {'kind': 'youtube#comment', 'etag': 'qrfOi4WkupievDub4Ee-eWvA3uA', 'id': 'Ugz_2if2xVKzPwVL-Fh4AaABAg', 'snippet': {'videoId': 'SFubem2H08c', 'textDisplay': 'Valeu Ana!', 'textOriginal': 'Valeu Ana!', 'authorDisplayName': 'Nevton Carvalho', 'authorProfileImageUrl': 'https://yt3.ggpht.com/ytc/AGIKgqNLuPotBXS9h1vUv1ZHIVdz-jrlr-88kHsXrQJw0A=s48-c-k-c0x00ffffff-no-rj', 'authorChannelUrl': 'http://www.youtube.com/channel/UCIdkHD3XEN9GzHVkb9aHkMw', 'authorChannelId': {'value': 'UCIdkHD3XEN9GzHVkb9aHkMw'}, 'canRate': True, 'viewerRating': 'none', 'likeCount': 9, 'publishedAt': '2022-10-19T04:18:17Z', 'updatedAt': '2022-10-19T04:18:17Z'}}, 'canReply': True, 'totalReplyCount': 0, 'isPublic': True}",,UCIdkHD3XEN9GzHVkb9aHkMw,2022-10-19T04:18:17Z,Valeu Ana!,,2023-06-09 05:42:53.836139
youtube#commentThread,Bbn2TeTmJESfw1Km_2y2ZkRGzwU,Ugwq5JL1FLp5zZIVQd94AaABAg,"{'videoId': 'SFubem2H08c', 'topLevelComment': {'kind': 'youtube#comment', 'etag': 'dgOZcNdjaRzBycmnyPH6GFCvq8Y', 'id': 'Ugwq5JL1FLp5zZIVQd94AaABAg', 'snippet': {'videoId': 'SFubem2H08c', 'textDisplay': 'Pois eu procurei saber o que é Foro de São Paulo e me surpreendi. Comecei a entender o que não compreendia sobre o Foro de São Paulo.', 'textOriginal': 'Pois eu procurei saber o que é Foro de São Paulo e me surpreendi. Comecei a entender o que não compreendia sobre o Foro de São Paulo.', 'authorDisplayName': 'Kátia Maria Duarte', 'authorProfileImageUrl': 'https://yt3.ggpht.com/ytc/AGIKgqOprUh0wZXD9jGL_W96CHKmDfD1jxjMJx4KvSZtVVFLdeAdMQUJT75THFKLul-z=s48-c-k-c0x00ffffff-no-rj', 'authorChannelUrl': 'http://www.youtube.com/channel/UCuTTWf75irmgx5FL0cwjcQQ', 'authorChannelId': {'value': 'UCuTTWf75irmgx5FL0cwjcQQ'}, 'canRate': True, 'viewerRating': 'none', 'likeCount': 47, 'publishedAt': '2022-10-19T04:17:21Z', 'updatedAt': '2022-10-19T04:17:21Z'}}, 'canReply': True, 'totalReplyCount': 1, 'isPublic': True}","{'comments': [{'kind': 'youtube#comment', 'etag': '1dt59QYmDqGio5UD_J3Q1x18RVE', 'id': 'Ugwq5JL1FLp5zZIVQd94AaABAg.9hLvpgiL9lh9hMwe9xWkWW', 'snippet': {'videoId': 'SFubem2H08c', 'textDisplay': 'Quem busca informção está sempre um passo a frente', 'textOriginal': 'Quem busca informção está sempre um passo a frente', 'parentId': 'Ugwq5JL1FLp5zZIVQd94AaABAg', 'authorDisplayName': 'Charles Silva', 'authorProfileImageUrl': 'https://yt3.ggpht.com/ytc/AGIKgqM0L_mOpYzd6te33uHIhWfO1emc8MkEcMUcyxjK=s48-c-k-c0x00ffffff-no-rj', 'authorChannelUrl': 'http://www.youtube.com/channel/UClavwcpI2_gKq7MKJ8-9Ssg', 'authorChannelId': {'value': 'UClavwcpI2_gKq7MKJ8-9Ssg'}, 'canRate': True, 'viewerRating': 'none', 'likeCount': 3, 'publishedAt': '2022-10-19T13:43:45Z', 'updatedAt': '2022-10-19T13:43:45Z'}}]}",UCuTTWf75irmgx5FL0cwjcQQ,2022-10-19T04:17:21Z,Pois eu procurei saber o que é Foro de São Paulo e me surpreendi. Comecei a entender o que não compreendia sobre o Foro de São Paulo.,,2023-06-09 05:42:53.836139
youtube#commentThread,wUqiu2ZHKleX0ubKmTsoSCHnybE,UgzlEBiA1rbzCYzaR8p4AaABAg,"{'videoId': 'SFubem2H08c', 'topLevelComment': {'kind': 'youtube#comment', 'etag': 'Nu7RZEyHe5MGq-lGD39ntSXtbA4', 'id': 'UgzlEBiA1rbzCYzaR8p4AaABAg', 'snippet': {'videoId': 'SFubem2H08c', 'textDisplay': 'Esquerda psicopata. Cheios de ódio, mentiras, corrupção. Exploram a miséria, as fake news, doutrinam crianças e jovens. O sonho deles é o Brasil com partido único. Essa é a democracia deles.', 'textOriginal': 'Esquerda psicopata. Cheios de ódio, mentiras, corrupção. Exploram a miséria, as fake news, doutrinam crianças e jovens. O sonho deles é o Brasil com partido único. Essa é a democracia deles.', 'authorDisplayName': 'Daniele', 'authorProfileImageUrl': 'https://yt3.ggpht.com/rOIH7ij2dFqWMCvPpNcIQvDvhxhcDSB1MdIRS6fh3r-OPBCTfT4XOr6MGoHgEg1_9Od7Ksey=s48-c-k-c0x00ffffff-no-rj', 'authorChannelUrl': 'http://www.youtube.com/channel/UCuvI1GY-NuCTZyMaRowc0yA', 'authorChannelId': {'value': 'UCuvI1GY-NuCTZyMaRowc0yA'}, 'canRate': True, 'viewerRating': 'none', 'likeCount': 1, 'publishedAt': '2022-10-19T04:14:27Z', 'updatedAt': '2022-10-19T04:14:27Z'}}, 'canReply': True, 'totalReplyCount': 0, 'isPublic': True}",,UCuvI1GY-NuCTZyMaRowc0yA,2022-10-19T04:14:27Z,"Esquerda psicopata. Cheios de ódio, mentiras, corrupção. Exploram a miséria, as fake news, doutrinam crianças e jovens. O sonho deles é o Brasil com partido único. Essa é a democracia deles.",,2023-06-09 05:42:53.836139
youtube#commentThread,s67W0uZTWC65ed6aRMhQJp1vRWI,UgycwgDuQcvn4dCIf9B4AaABAg,"{'videoId': 'SFubem2H08c', 'topLevelComment': {'kind': 'youtube#comment', 'etag': 'aYHL8oAH-zEMK4AFND1qQYOW0m4', 'id': 'UgycwgDuQcvn4dCIf9B4AaABAg', 'snippet': {'videoId': 'SFubem2H08c', 'textDisplay': 'Acho que o STF faz parte desse foro', 'textOriginal': 'Acho que o STF faz parte desse foro', 'authorDisplayName': 'Terezinha Pereira', 'authorProfileImageUrl': 'https://yt3.ggpht.com/ytc/AGIKgqOIam17iWoLEaWGc-gg1Nuqh186H8Rt3cXJ3Q=s48-c-k-c0x00ffffff-no-rj', 'authorChannelUrl': 'http://www.youtube.com/channel/UCjnc-9X0zj2uF3da-nOdSog', 'authorChannelId': {'value': 'UCjnc-9X0zj2uF3da-nOdSog'}, 'canRate': True, 'viewerRating': 'none', 'likeCount': 0, 'publishedAt': '2022-10-19T04:11:27Z', 'updatedAt': '2022-10-19T04:11:27Z'}}, 'canReply': True, 'totalReplyCount': 0, 'isPublic': True}",,UCjnc-9X0zj2uF3da-nOdSog,2022-10-19T04:11:27Z,Acho que o STF faz parte desse foro,,2023-06-09 05:42:53.836139
youtube#commentThread,17k0JdByGuAaNF-saozLKamzCQw,Ugz-tqwuGr3uTVV_sKR4AaABAg,"{'videoId': 'SFubem2H08c', 'topLevelComment': {'kind': 'youtube#comment', 'etag': 'NAWocSlpbo3pGBy2LGDHBZcXdig', 'id': 'Ugz-tqwuGr3uTVV_sKR4AaABAg', 'snippet': {'videoId': 'SFubem2H08c', 'textDisplay': 'Com o Lula o Brasil transformará numa nova Venezuela, e pior é que quando o país ficar pobre e faltar comida, não teremos um país democrático fronteiriço para pedir refúgio !', 'textOriginal': 'Com o Lula o Brasil transformará numa nova Venezuela, e pior é que quando o país ficar pobre e faltar comida, não teremos um país democrático fronteiriço para pedir refúgio !', 'authorDisplayName': 'Dalmo Willian Garcia', 'authorProfileImageUrl': 'https://yt3.ggpht.com/ytc/AGIKgqMSoafo-feGRadUCJWRmyZ4kUDo8Y586F9tcg=s48-c-k-c0x00ffffff-no-rj', 'authorChannelUrl': 'http://www.youtube.com/channel/UCz5GoSqKjMUDh6HisOTB2nw', 'authorChannelId': {'value': 'UCz5GoSqKjMUDh6HisOTB2nw'}, 'canRate': True, 'viewerRating': 'none', 'likeCount': 0, 'publishedAt': '2022-10-19T04:00:35Z', 'updatedAt': '2022-10-19T04:00:35Z'}}, 'canReply': True, 'totalReplyCount': 0, 'isPublic': True}",,UCz5GoSqKjMUDh6HisOTB2nw,2022-10-19T04:00:35Z,"Com o Lula o Brasil transformará numa nova Venezuela, e pior é que quando o país ficar pobre e faltar comida, não teremos um país democrático fronteiriço para pedir refúgio !",,2023-06-09 05:42:53.836139
youtube#commentThread,uczbfTkB1DJ_tHX7R6e7upZXlU4,Ugy78ZkExnDeVx43pbl4AaABAg,"{'videoId': 'SFubem2H08c', 'topLevelComment': {'kind': 'youtube#comment', 'etag': 'l-yL34uOatUNHNsKLa_hNJNtens', 'id': 'Ugy78ZkExnDeVx43pbl4AaABAg', 'snippet': {'videoId': 'SFubem2H08c', 'textDisplay': 'Conquiste mais um voto, mas também.\\r<br>Para os espirituais, orem, jejuem, clamem ao SENHOR. Há uma guerra espiritual acontecendo nas eleições..\\r<br>Supliquem a DEUS. Assim como foi à 4 anos, ajoelhem nas ruas ou se ajuntem em oração nos supermercados.\\r<br>Peçam a vitória ao SENH0R que tem todo o Poder sobre tudo:    \\r<br> \\r<br>\\r<br>As trevas se uniram, trabalham e sacrificam para o Lula. Não se envergonhem povo de DEUS de clama-lo onde estiverem\\r<br>Não peçam vingança, peçam misericórdia e providência de DEUS; \\r<br>2 Crônicas <a href=""https://www.youtube.com/watch?v=SFubem2H08c&amp;t=7m14s"">7:14</a>\\r<br>Se o povo de DEUS, se humilhar e orar, buscar a minha face e se afastar dos seus maus caminhos, dos céus o ouvirei, perdoarei o seu pecado e curarei a sua terra.\\r<br>\\r<br>Se você não é espiritual ou não entende fique em paz.<br>ª;;..', 'textOriginal': 'Conquiste mais um voto, mas também.\\r\\nPara os espirituais, orem, jejuem, clamem ao SENHOR. Há uma guerra espiritual acontecendo nas eleições..\\r\\nSupliquem a DEUS. Assim como foi à 4 anos, ajoelhem nas ruas ou se ajuntem em oração nos supermercados.\\r\\nPeçam a vitória ao SENH0R que tem todo o Poder sobre tudo:    \\r\\n \\r\\n\\r\\nAs trevas se uniram, trabalham e sacrificam para o Lula. Não se envergonhem povo de DEUS de clama-lo onde estiverem\\r\\nNão peçam vingança, peçam misericórdia e providência de DEUS; \\r\\n2 Crônicas 7:14\\r\\nSe o povo de DEUS, se humilhar e orar, buscar a minha face e se afastar dos seus maus caminhos, dos céus o ouvirei, perdoarei o seu pecado e curarei a sua terra.\\r\\n\\r\\nSe você não é espiritual ou não entende fique em paz.\\nª;;..', 'authorDisplayName': 'ffformigari', 'authorProfileImageUrl': 'https://yt3.ggpht.com/ytc/AGIKgqP665rfawAggAj4sPnzWJ2E4JIySJtHpTaHLGe2vA=s48-c-k-c0x00ffffff-no-rj', 'authorChannelUrl': 'http://www.youtube.com/channel/UCwGWgaA2w0tWO9O0nG-of8A', 'authorChannelId': {'value': 'UCwGWgaA2w0tWO9O0nG-of8A'}, 'canRate': True, 'viewerRating': 'none', 'likeCount': 85, 'publishedAt': '2022-10-19T03:58:43Z', 'updatedAt': '2022-10-19T03:58:43Z'}}, 'canReply': True, 'totalReplyCount': 2, 'isPublic': True}","{'comments': [{'kind': 'youtube#comment', 'etag': 'sd85BBBGP5WVpmCJHRJn678dR6g', 'id': 'Ugy78ZkExnDeVx43pbl4AaABAg.9hLthA_M3BI9hMxClmH-UA', 'snippet': {'videoId': 'SFubem2H08c', 'textDisplay': 'corrupção do pt    <a href=""https://www.youtube.com/watch?v=FxEK-47Qk2g"">https://www.youtube.com/watch?v=FxEK-47Qk2g</a>', 'textOriginal': 'corrupção do pt    https://www.youtube.com/watch?v=FxEK-47Qk2g', 'parentId': 'Ugy78ZkExnDeVx43pbl4AaABAg', 'authorDisplayName': 'sub zero', 'authorProfileImageUrl': 'https://yt3.ggpht.com/ytc/AGIKgqP9pYN20awcbvvmcpFcWKUHhd40vg7JTYt9q0ZQ=s48-c-k-c0x00ffffff-no-rj', 'authorChannelUrl': 'http://www.youtube.com/channel/UCYQ2N5kgWOq6JmZ_v4mHSzA', 'authorChannelId': {'value': 'UCYQ2N5kgWOq6JmZ_v4mHSzA'}, 'canRate': True, 'viewerRating': 'none', 'likeCount': 0, 'publishedAt': '2022-10-19T13:48:37Z', 'updatedAt': '2022-10-19T13:48:37Z'}}, {'kind': 'youtube#comment', 'etag': 'CKawgNTBJB0N_Xg9RiMknJX1r48', 'id': 'Ugy78ZkExnDeVx43pbl4AaABAg.9hLthA_M3BI9hMup6U9phB', 'snippet': {'videoId': 'SFubem2H08c', 'textDisplay': 'quem é Pai vai entender: quem coloca o Filho num ônibus ou van escolar sabendo q aquele modelo de ônibus sempre apresentou problemas nos países onde foi usado? este ônibus é o comunismo/socialismo/pt/pcc', 'textOriginal': 'quem é Pai vai entender: quem coloca o Filho num ônibus ou van escolar sabendo q aquele modelo de ônibus sempre apresentou problemas nos países onde foi usado? este ônibus é o comunismo/socialismo/pt/pcc', 'parentId': 'Ugy78ZkExnDeVx43pbl4AaABAg', 'authorDisplayName': 'VIC777 Vieira', 'authorProfileImageUrl': 'https://yt3.ggpht.com/ytc/AGIKgqPvFDei3zd-hNWOwAFOCT0d-nu8VMZUIbvxDw=s48-c-k-c0x00ffffff-no-rj', 'authorChannelUrl': 'http://www.youtube.com/channel/UCjqgtqY0WECpDDZ9is3wWOQ', 'authorChannelId': {'value': 'UCjqgtqY0WECpDDZ9is3wWOQ'}, 'canRate': True, 'viewerRating': 'none', 'likeCount': 1, 'publishedAt': '2022-10-19T13:27:46Z', 'updatedAt': '2022-10-19T13:27:46Z'}}]}",UCwGWgaA2w0tWO9O0nG-of8A,2022-10-19T03:58:43Z,"Conquiste mais um voto, mas também.
Para os espirituais, orem, jejuem, clamem ao SENHOR. Há uma guerra espiritual acontecendo nas eleições..
Supliquem a DEUS. Assim como foi à 4 anos, ajoelhem nas ruas ou se ajuntem em oração nos supermercados.
Peçam a vitória ao SENH0R que tem todo o Poder sobre tudo:    
 

As trevas se uniram, trabalham e sacrificam para o Lula. Não se envergonhem povo de DEUS de clama-lo onde estiverem
Não peçam vingança, peçam misericórdia e providência de DEUS; 
2 Crônicas 7:14
Se o povo de DEUS, se humilhar e orar, buscar a minha face e se afastar dos seus maus caminhos, dos céus o ouvirei, perdoarei o seu pecado e curarei a sua terra.

Se você não é espiritual ou não entende fique em paz.
ª;;..",,2023-06-09 05:42:53.836139
youtube#commentThread,zL3o-A2aoVX8a4UHMj0jeQsbNxA,UgwyEMDMNoYu6SEDG7d4AaABAg,"{'videoId': 'SFubem2H08c', 'topLevelComment': {'kind': 'youtube#comment', 'etag': 'GLGvQ0EgoUvcFaigHBY9vpehHiE', 'id': 'UgwyEMDMNoYu6SEDG7d4AaABAg', 'snippet': {'videoId': 'SFubem2H08c', 'textDisplay': 'Como diz o padre kelmom oque a esquerda  põe  a mão  apodrece .', 'textOriginal': 'Como diz o padre kelmom oque a esquerda  põe  a mão  apodrece .', 'authorDisplayName': 'Idinê do Carmo Figueiredo Vaz', 'authorProfileImageUrl': 'https://yt3.ggpht.com/ytc/AGIKgqOJbXyjOg1KTZyL-vi6UrEoIGtQQ6K-4Cg0YZyWu-hGqm1t_zVDo978rnRVzlo9=s48-c-k-c0x00ffffff-no-rj', 'authorChannelUrl': 'http://www.youtube.com/channel/UCjW7LiZ-yphglFELCxSFZ6g', 'authorChannelId': {'value': 'UCjW7LiZ-yphglFELCxSFZ6g'}, 'canRate': True, 'viewerRating': 'none', 'likeCount': 144, 'publishedAt': '2022-10-19T03:56:50Z', 'updatedAt': '2022-10-19T03:56:50Z'}}, 'canReply': True, 'totalReplyCount': 1, 'isPublic': True}","{'comments': [{'kind': 'youtube#comment', 'etag': 'HL1c4uz-zRJrpkDMjWv3SPKhPq0', 'id': 'UgwyEMDMNoYu6SEDG7d4AaABAg.9hLtUPyS7r49hNKK1_WEz6', 'snippet': {'videoId': 'SFubem2H08c', 'textDisplay': 'Verdade a lenda .', 'textOriginal': 'Verdade a lenda .', 'parentId': 'UgwyEMDMNoYu6SEDG7d4AaABAg', 'authorDisplayName': 'Felipe Ferreira', 'authorProfileImageUrl': 'https://yt3.ggpht.com/ur6uwDxH57BlRyE7SGNaqxvfkvSpz2yfxxnE2GfQbUBsZ3E3hLUjCuX0j6bX7ymEn32uDdd8=s48-c-k-c0x00ffffff-no-rj', 'authorChannelUrl': 'http://www.youtube.com/channel/UCzxjyDPFwFGqabi8Dq6DnMw', 'authorChannelId': {'value': 'UCzxjyDPFwFGqabi8Dq6DnMw'}, 'canRate': True, 'viewerRating': 'none', 'likeCount': 4, 'publishedAt': '2022-10-19T17:19:19Z', 'updatedAt': '2022-10-19T17:19:19Z'}}]}",UCjW7LiZ-yphglFELCxSFZ6g,2022-10-19T03:56:50Z,Como diz o padre kelmom oque a esquerda  põe  a mão  apodrece .,,2023-06-09 05:42:53.836139
youtube#commentThread,gcdnrHFw9l1ZT9E4aJp92dUVeaQ,Ugz5kRSA0KL8v-rNhel4AaABAg,"{'videoId': 'SFubem2H08c', 'topLevelComment': {'kind': 'youtube#comment', 'etag': 'VCZIoOwgolbS_CUWPl3QtOrXmwE', 'id': 'Ugz5kRSA0KL8v-rNhel4AaABAg', 'snippet': {'videoId': 'SFubem2H08c', 'textDisplay': '💛💚💙22', 'textOriginal': '💛💚💙22', 'authorDisplayName': 'O BaTuTa', 'authorProfileImageUrl': 'https://yt3.ggpht.com/ytc/AGIKgqOUtZRyNAKCjxoCOzKAsr0NiuDyQ5Pn_d239V2V=s48-c-k-c0x00ffffff-no-rj', 'authorChannelUrl': 'http://www.youtube.com/channel/UCUJTmPIzUGmWds_rP_WMTkw', 'authorChannelId': {'value': 'UCUJTmPIzUGmWds_rP_WMTkw'}, 'canRate': True, 'viewerRating': 'none', 'likeCount': 13, 'publishedAt': '2022-10-19T03:56:11Z', 'updatedAt': '2022-10-19T03:56:11Z'}}, 'canReply': True, 'totalReplyCount': 0, 'isPublic': True}",,UCUJTmPIzUGmWds_rP_WMTkw,2022-10-19T03:56:11Z,💛💚💙22,,2023-06-09 05:42:53.836139
youtube#commentThread,9geq-_3dwAPUwpQPD50on0TXHFQ,UgwlHHFIX3WSFGMs1Ft4AaABAg,"{'videoId': 'SFubem2H08c', 'topLevelComment': {'kind': 'youtube#comment', 'etag': 'VhvxiWzE5o3tOyJpWFX4ntTcGSA', 'id': 'UgwlHHFIX3WSFGMs1Ft4AaABAg', 'snippet': {'videoId': 'SFubem2H08c', 'textDisplay': 'Lula e o PT apoiam ditaduras', 'textOriginal': 'Lula e o PT apoiam ditaduras', 'authorDisplayName': 'Charles Chaves', 'authorProfileImageUrl': 'https://yt3.ggpht.com/ytc/AGIKgqMUBuyT-If8VAuv0ZrdhbmoA-nevLhJXbcaoQ=s48-c-k-c0x00ffffff-no-rj', 'authorChannelUrl': 'http://www.youtube.com/channel/UCUyDaWlnStag69I_Bggc46Q', 'authorChannelId': {'value': 'UCUyDaWlnStag69I_Bggc46Q'}, 'canRate': True, 'viewerRating': 'none', 'likeCount': 0, 'publishedAt': '2022-10-19T03:55:42Z', 'updatedAt': '2022-10-19T03:55:42Z'}}, 'canReply': True, 'totalReplyCount': 0, 'isPublic': True}",,UCUyDaWlnStag69I_Bggc46Q,2022-10-19T03:55:42Z,Lula e o PT apoiam ditaduras,,2023-06-09 05:42:53.836139
youtube#commentThread,KhXoOCNj6f4LHcJTeaD-HI8c4WM,UgwXKatDrpfEarMIhet4AaABAg,"{'videoId': 'SFubem2H08c', 'topLevelComment': {'kind': 'youtube#comment', 'etag': 'KpFQY0giRkCJL-zQyMLLRmJjiMI', 'id': 'UgwXKatDrpfEarMIhet4AaABAg', 'snippet': {'videoId': 'SFubem2H08c', 'textDisplay': 'Já que a Pan não pode dizer que o Lula é LADRÃO então falamos nós.<br>Lula ladrão seu lugar é na prisão', 'textOriginal': 'Já que a Pan não pode dizer que o Lula é LADRÃO então falamos nós.\\nLula ladrão seu lugar é na prisão', 'authorDisplayName': 'Charles Chaves', 'authorProfileImageUrl': 'https://yt3.ggpht.com/ytc/AGIKgqMUBuyT-If8VAuv0ZrdhbmoA-nevLhJXbcaoQ=s48-c-k-c0x00ffffff-no-rj', 'authorChannelUrl': 'http://www.youtube.com/channel/UCUyDaWlnStag69I_Bggc46Q', 'authorChannelId': {'value': 'UCUyDaWlnStag69I_Bggc46Q'}, 'canRate': True, 'viewerRating': 'none', 'likeCount': 0, 'publishedAt': '2022-10-19T03:55:20Z', 'updatedAt': '2022-10-19T03:55:20Z'}}, 'canReply': True, 'totalReplyCount': 0, 'isPublic': True}",,UCUyDaWlnStag69I_Bggc46Q,2022-10-19T03:55:20Z,"Já que a Pan não pode dizer que o Lula é LADRÃO então falamos nós.
Lula ladrão seu lugar é na prisão",,2023-06-09 05:42:53.836139
youtube#commentThread,lloZkjCp5XY2LnXg4byZ84ZOeF8,Ugx-vzWKjZaHL6tUOEx4AaABAg,"{'videoId': 'SFubem2H08c', 'topLevelComment': {'kind': 'youtube#comment', 'etag': 'uTX5Qe5ZZ30lCtUPmSvsPE9yJwo', 'id': 'Ugx-vzWKjZaHL6tUOEx4AaABAg', 'snippet': {'videoId': 'SFubem2H08c', 'textDisplay': 'Mais um país  comandado pela esquerda,  q o  povo empobrece  para que seus governantes prevaleçam  no poder. Vergonhoso,  ainda tem  louco querendo essa esquerda no Brasil.', 'textOriginal': 'Mais um país  comandado pela esquerda,  q o  povo empobrece  para que seus governantes prevaleçam  no poder. Vergonhoso,  ainda tem  louco querendo essa esquerda no Brasil.', 'authorDisplayName': 'Idinê do Carmo Figueiredo Vaz', 'authorProfileImageUrl': 'https://yt3.ggpht.com/ytc/AGIKgqOJbXyjOg1KTZyL-vi6UrEoIGtQQ6K-4Cg0YZyWu-hGqm1t_zVDo978rnRVzlo9=s48-c-k-c0x00ffffff-no-rj', 'authorChannelUrl': 'http://www.youtube.com/channel/UCjW7LiZ-yphglFELCxSFZ6g', 'authorChannelId': {'value': 'UCjW7LiZ-yphglFELCxSFZ6g'}, 'canRate': True, 'viewerRating': 'none', 'likeCount': 0, 'publishedAt': '2022-10-19T03:55:18Z', 'updatedAt': '2022-10-19T03:55:18Z'}}, 'canReply': True, 'totalReplyCount': 0, 'isPublic': True}",,UCjW7LiZ-yphglFELCxSFZ6g,2022-10-19T03:55:18Z,"Mais um país  comandado pela esquerda,  q o  povo empobrece  para que seus governantes prevaleçam  no poder. Vergonhoso,  ainda tem  louco querendo essa esquerda no Brasil.",,2023-06-09 05:42:53.836139
youtube#commentThread,AMoxMlQN09C5IajEllfnoOlbaGk,Ugz6nDtlWBdOHyrjXEx4AaABAg,"{'videoId': 'SFubem2H08c', 'topLevelComment': {'kind': 'youtube#comment', 'etag': 'r8EpYu5isjkLJiNwjO59sEbhiKQ', 'id': 'Ugz6nDtlWBdOHyrjXEx4AaABAg', 'snippet': {'videoId': 'SFubem2H08c', 'textDisplay': 'Os chilenos ficaram ouvindo o canto da sereia socialista, e acabaram votando na pessoa errada!  Agora o choro é livre!', 'textOriginal': 'Os chilenos ficaram ouvindo o canto da sereia socialista, e acabaram votando na pessoa errada!  Agora o choro é livre!', 'authorDisplayName': 'Dalmo Willian Garcia', 'authorProfileImageUrl': 'https://yt3.ggpht.com/ytc/AGIKgqMSoafo-feGRadUCJWRmyZ4kUDo8Y586F9tcg=s48-c-k-c0x00ffffff-no-rj', 'authorChannelUrl': 'http://www.youtube.com/channel/UCz5GoSqKjMUDh6HisOTB2nw', 'authorChannelId': {'value': 'UCz5GoSqKjMUDh6HisOTB2nw'}, 'canRate': True, 'viewerRating': 'none', 'likeCount': 0, 'publishedAt': '2022-10-19T03:54:02Z', 'updatedAt': '2022-10-19T03:54:02Z'}}, 'canReply': True, 'totalReplyCount': 0, 'isPublic': True}",,UCz5GoSqKjMUDh6HisOTB2nw,2022-10-19T03:54:02Z,"Os chilenos ficaram ouvindo o canto da sereia socialista, e acabaram votando na pessoa errada!  Agora o choro é livre!",,2023-06-09 05:42:53.836139
youtube#commentThread,DS4nMch1EckRSZSyegHfLOoYXH0,UgyaRjz95EXJridj_Dt4AaABAg,"{'videoId': 'SFubem2H08c', 'topLevelComment': {'kind': 'youtube#comment', 'etag': 'iBIViCRq2UU6G2_EPGtD06kmpWo', 'id': 'UgyaRjz95EXJridj_Dt4AaABAg', 'snippet': {'videoId': 'SFubem2H08c', 'textDisplay': 'É necessário aumentar o nosso apoio e campanha ao presidente por sua reeleição, não só por nosso país e pelo povo, mas também pela nossa liberdade colocando no ostracismo toda essa corja militante hipócrita oportunista mamateira parasita descompromissada golpista que atrasa atrapalha sabota trava o avanço do país porque querem poder e dinheiro. Nunca foi tão fácil escolher um lado. É Jair ou já era. No dia 30/10 vote no 22.<a href=""http://www.youtube.com/results?search_query=%23fechadocombolsonaro"">#fechadocombolsonaro</a>', 'textOriginal': 'É necessário aumentar o nosso apoio e campanha ao presidente por sua reeleição, não só por nosso país e pelo povo, mas também pela nossa liberdade colocando no ostracismo toda essa corja militante hipócrita oportunista mamateira parasita descompromissada golpista que atrasa atrapalha sabota trava o avanço do país porque querem poder e dinheiro. Nunca foi tão fácil escolher um lado. É Jair ou já era. No dia 30/10 vote no 22.#fechadocombolsonaro', 'authorDisplayName': 'Alex De Alcântara Luz Luz', 'authorProfileImageUrl': 'https://yt3.ggpht.com/ytc/AGIKgqOBVWthCGdp1bLpy5TbUd5tFs4eo4p3witfPA=s48-c-k-c0x00ffffff-no-rj', 'authorChannelUrl': 'http://www.youtube.com/channel/UCWNaYEGG5-QigyUdazMUitA', 'authorChannelId': {'value': 'UCWNaYEGG5-QigyUdazMUitA'}, 'canRate': True, 'viewerRating': 'none', 'likeCount': 0, 'publishedAt': '2022-10-19T03:52:45Z', 'updatedAt': '2022-10-19T03:52:45Z'}}, 'canReply': True, 'totalReplyCount': 0, 'isPublic': True}",,UCWNaYEGG5-QigyUdazMUitA,2022-10-19T03:52:45Z,"É necessário aumentar o nosso apoio e campanha ao presidente por sua reeleição, não só por nosso país e pelo povo, mas também pela nossa liberdade colocando no ostracismo toda essa corja militante hipócrita oportunista mamateira parasita descompromissada golpista que atrasa atrapalha sabota trava o avanço do país porque querem poder e dinheiro. Nunca foi tão fácil escolher um lado. É Jair ou já era. No dia 30/10 vote no 22.#fechadocombolsonaro",,2023-06-09 05:42:53.836139
youtube#commentThread,3KHWSKjtmHXydboaO79zXdz3yoI,UgxpJFbPEdV_zjKHTHB4AaABAg,"{'videoId': 'SFubem2H08c', 'topLevelComment': {'kind': 'youtube#comment', 'etag': 'ZT--kzKWK8PARs6ziIkJeSREOTY', 'id': 'UgxpJFbPEdV_zjKHTHB4AaABAg', 'snippet': {'videoId': 'SFubem2H08c', 'textDisplay': 'Quanta falta faz ao Chile e ao seu Nobre Povo, o Grande Estadista Augusto Pinochet.', 'textOriginal': 'Quanta falta faz ao Chile e ao seu Nobre Povo, o Grande Estadista Augusto Pinochet.', 'authorDisplayName': 'Manoel Filho', 'authorProfileImageUrl': 'https://yt3.ggpht.com/ytc/AGIKgqMX2y5XBgIEjRzmQ8xXTE3TrMBJnhpZQLsePSDpoU8kk89Y_NtIWAnNcN0cO1OM=s48-c-k-c0x00ffffff-no-rj', 'authorChannelUrl': 'http://www.youtube.com/channel/UCd2d3hXV1ko6ldqcZUeAWWA', 'authorChannelId': {'value': 'UCd2d3hXV1ko6ldqcZUeAWWA'}, 'canRate': True, 'viewerRating': 'none', 'likeCount': 61, 'publishedAt': '2022-10-19T03:51:38Z', 'updatedAt': '2022-10-19T03:51:38Z'}}, 'canReply': True, 'totalReplyCount': 0, 'isPublic': True}",,UCd2d3hXV1ko6ldqcZUeAWWA,2022-10-19T03:51:38Z,"Quanta falta faz ao Chile e ao seu Nobre Povo, o Grande Estadista Augusto Pinochet.",,2023-06-09 05:42:53.836139
youtube#commentThread,skY9vhEo9pqfGbwJh4CUzqbfRLc,UgxdcFEouXxJh4CnZFB4AaABAg,"{'videoId': 'SFubem2H08c', 'topLevelComment': {'kind': 'youtube#comment', 'etag': '36e7ji3N1YhE7FuLhcxcrE5Io2Y', 'id': 'UgxdcFEouXxJh4CnZFB4AaABAg', 'snippet': {'videoId': 'SFubem2H08c', 'textDisplay': 'Povo Se Prepara! Eles Irão Fraudar As Urnas Para Implantar Uma Ditadura Brutal! O Povo Terá Que Iniciar Uma Guerra Cívil Imediatamente Após O Anúncio Da Fraude !', 'textOriginal': 'Povo Se Prepara! Eles Irão Fraudar As Urnas Para Implantar Uma Ditadura Brutal! O Povo Terá Que Iniciar Uma Guerra Cívil Imediatamente Após O Anúncio Da Fraude !', 'authorDisplayName': 'TKN400 Ninja', 'authorProfileImageUrl': 'https://yt3.ggpht.com/ytc/AGIKgqOFYaugJAEr20qZumIa2vbKcVqsr1E6UIrxnQ=s48-c-k-c0x00ffffff-no-rj', 'authorChannelUrl': 'http://www.youtube.com/channel/UCIY73RchPfSS8koJbYP1K4g', 'authorChannelId': {'value': 'UCIY73RchPfSS8koJbYP1K4g'}, 'canRate': True, 'viewerRating': 'none', 'likeCount': 0, 'publishedAt': '2022-10-19T03:51:08Z', 'updatedAt': '2022-10-19T03:51:08Z'}}, 'canReply': True, 'totalReplyCount': 0, 'isPublic': True}",,UCIY73RchPfSS8koJbYP1K4g,2022-10-19T03:51:08Z,Povo Se Prepara! Eles Irão Fraudar As Urnas Para Implantar Uma Ditadura Brutal! O Povo Terá Que Iniciar Uma Guerra Cívil Imediatamente Após O Anúncio Da Fraude !,,2023-06-09 05:42:53.836139
youtube#commentThread,n8rP4m7bYBhaVx4-ueFI4j3yXyI,Ugx7cquRVEhquHy9C094AaABAg,"{'videoId': 'SFubem2H08c', 'topLevelComment': {'kind': 'youtube#comment', 'etag': 'tWyk7r2bdKFSFJcad_OTfBL1Ll8', 'id': 'Ugx7cquRVEhquHy9C094AaABAg', 'snippet': {'videoId': 'SFubem2H08c', 'textDisplay': 'É mais um país que está trilhando o mesmo caminho em que se meteram Venezuela, Argentina, Colômbia e agora o Chile. <br>O povo chileno terá um 2023 terrível!', 'textOriginal': 'É mais um país que está trilhando o mesmo caminho em que se meteram Venezuela, Argentina, Colômbia e agora o Chile. \\nO povo chileno terá um 2023 terrível!', 'authorDisplayName': 'André NPinheiro', 'authorProfileImageUrl': 'https://yt3.ggpht.com/ytc/AGIKgqOXMgScin6uYk8OZEuTELkf5jtW33fk9VJb4Q=s48-c-k-c0x00ffffff-no-rj', 'authorChannelUrl': 'http://www.youtube.com/channel/UCAmmt8VK3_7WMQoZlaOWs3w', 'authorChannelId': {'value': 'UCAmmt8VK3_7WMQoZlaOWs3w'}, 'canRate': True, 'viewerRating': 'none', 'likeCount': 36, 'publishedAt': '2022-10-19T03:50:59Z', 'updatedAt': '2022-10-19T03:50:59Z'}}, 'canReply': True, 'totalReplyCount': 1, 'isPublic': True}","{'comments': [{'kind': 'youtube#comment', 'etag': 'FZ8-1sFUXMr4XfUz_cPUHUzEAVk', 'id': 'Ugx7cquRVEhquHy9C094AaABAg.9hLsoXKne929hQT72LDfuQ', 'snippet': {'videoId': 'SFubem2H08c', 'textDisplay': '<b>Nicarágua....</b>', 'textOriginal': '*Nicarágua....*', 'parentId': 'Ugx7cquRVEhquHy9C094AaABAg', 'authorDisplayName': 'Vanessa', 'authorProfileImageUrl': 'https://yt3.ggpht.com/YO1wBl7QpKXHFzWvIRAvg3xioM7Lvv7zttVvN401qmsy-uaojvkkqx436hUZ1FEmpcjDDjMispA=s48-c-k-c0x00ffffff-no-rj', 'authorChannelUrl': 'http://www.youtube.com/channel/UCQWk9j0ybkf4LWvcSNjQu3g', 'authorChannelId': {'value': 'UCQWk9j0ybkf4LWvcSNjQu3g'}, 'canRate': True, 'viewerRating': 'none', 'likeCount': 0, 'publishedAt': '2022-10-20T22:33:55Z', 'updatedAt': '2022-10-20T22:33:55Z'}}]}",UCAmmt8VK3_7WMQoZlaOWs3w,2022-10-19T03:50:59Z,"É mais um país que está trilhando o mesmo caminho em que se meteram Venezuela, Argentina, Colômbia e agora o Chile. 
O povo chileno terá um 2023 terrível!",,2023-06-09 05:42:53.836139
youtube#commentThread,voMMFYbq8mggNRf1iQ1X7FQaCng,Ugx6kj2sPjWfIJaydJV4AaABAg,"{'videoId': 'SFubem2H08c', 'topLevelComment': {'kind': 'youtube#comment', 'etag': 'N-_UR1mD_tTFp6AcOZOBQnRodt8', 'id': 'Ugx6kj2sPjWfIJaydJV4AaABAg', 'snippet': {'videoId': 'SFubem2H08c', 'textDisplay': 'Onde a esquerda governa é ditadura e miséria,  destroem tudo.', 'textOriginal': 'Onde a esquerda governa é ditadura e miséria,  destroem tudo.', 'authorDisplayName': 'João Carlos Martins', 'authorProfileImageUrl': 'https://yt3.ggpht.com/ac0JnDpnfXyht_k4qlwXCeU3fYS_rZKNpFVB33-d8WdLzy35ypV67-hyBDlqJGFCepwyHLES7Q=s48-c-k-c0x00ffffff-no-rj', 'authorChannelUrl': 'http://www.youtube.com/channel/UCpIeoqMYFvMURDCR69k7QiQ', 'authorChannelId': {'value': 'UCpIeoqMYFvMURDCR69k7QiQ'}, 'canRate': True, 'viewerRating': 'none', 'likeCount': 1, 'publishedAt': '2022-10-19T03:49:10Z', 'updatedAt': '2022-10-19T03:49:10Z'}}, 'canReply': True, 'totalReplyCount': 0, 'isPublic': True}",,UCpIeoqMYFvMURDCR69k7QiQ,2022-10-19T03:49:10Z,"Onde a esquerda governa é ditadura e miséria,  destroem tudo.",,2023-06-09 05:42:53.836139
youtube#commentThread,lk1kkRwgxrbd2PNbDo0o-kTSVTk,UgzQRo9NFDGBFthXL254AaABAg,"{'videoId': 'SFubem2H08c', 'topLevelComment': {'kind': 'youtube#comment', 'etag': 'gLEhRmsSeeRnhj7R8PF6TYLu1YE', 'id': 'UgzQRo9NFDGBFthXL254AaABAg', 'snippet': {'videoId': 'SFubem2H08c', 'textDisplay': 'ESTA VENDO CHILENOS FORAM VOTAR NO COMUNISTA DA ESQUEDA AGORA ESTAO SOFRENDO O COMUNISMO Ê UMA PRAGA POR ONDE CHEGA SOR PLANTA O MAU..', 'textOriginal': 'ESTA VENDO CHILENOS FORAM VOTAR NO COMUNISTA DA ESQUEDA AGORA ESTAO SOFRENDO O COMUNISMO Ê UMA PRAGA POR ONDE CHEGA SOR PLANTA O MAU..', 'authorDisplayName': 'isaquesan', 'authorProfileImageUrl': 'https://yt3.ggpht.com/VfUrd0DRHIZmhaj0RE8SLVvVgSweNKAo9aWX9VmbVEGJ4cd67V9WY8A5kka5kTaQI10cPlFrDQ=s48-c-k-c0x00ffffff-no-rj', 'authorChannelUrl': 'http://www.youtube.com/channel/UCv28XQxYc4tFTC9w9RgWdUw', 'authorChannelId': {'value': 'UCv28XQxYc4tFTC9w9RgWdUw'}, 'canRate': True, 'viewerRating': 'none', 'likeCount': 0, 'publishedAt': '2022-10-19T03:46:43Z', 'updatedAt': '2022-10-19T03:46:43Z'}}, 'canReply': True, 'totalReplyCount': 0, 'isPublic': True}",,UCv28XQxYc4tFTC9w9RgWdUw,2022-10-19T03:46:43Z,ESTA VENDO CHILENOS FORAM VOTAR NO COMUNISTA DA ESQUEDA AGORA ESTAO SOFRENDO O COMUNISMO Ê UMA PRAGA POR ONDE CHEGA SOR PLANTA O MAU..,,2023-06-09 05:42:53.836139
youtube#commentThread,QQRprh1TV7opZFYjA2OhwHgjadI,UgzXyrIe-fkkvtdzjyl4AaABAg,"{'videoId': 'SFubem2H08c', 'topLevelComment': {'kind': 'youtube#comment', 'etag': 'sNdrJGePTRbqW9ykHHncmdeO8uo', 'id': 'UgzXyrIe-fkkvtdzjyl4AaABAg', 'snippet': {'videoId': 'SFubem2H08c', 'textDisplay': 'Maduro, Boric, Fernandes, Petro, Ortega estão aí pra servir de exemplo do que deve ser evitado.', 'textOriginal': 'Maduro, Boric, Fernandes, Petro, Ortega estão aí pra servir de exemplo do que deve ser evitado.', 'authorDisplayName': 'Magoo', 'authorProfileImageUrl': 'https://yt3.ggpht.com/iffkqxefPc2VbzvKhI2xjKwgJ_xntDE-FD-Ysa_hSyFwP2CXeNhOFjpW9B3eJjfAHVynDEU8Dg=s48-c-k-c0x00ffffff-no-rj', 'authorChannelUrl': 'http://www.youtube.com/channel/UC_0sFlBWN9G7OnDXwDqJwoA', 'authorChannelId': {'value': 'UC_0sFlBWN9G7OnDXwDqJwoA'}, 'canRate': True, 'viewerRating': 'none', 'likeCount': 269, 'publishedAt': '2022-10-19T03:46:17Z', 'updatedAt': '2022-10-19T03:46:46Z'}}, 'canReply': True, 'totalReplyCount': 16, 'isPublic': True}","{'comments': [{'kind': 'youtube#comment', 'etag': 'F3HvrDkYSfuiBcSu7fGkSQFlgpc', 'id': 'UgzXyrIe-fkkvtdzjyl4AaABAg.9hLsH7lTLX49hXEh3VnHD1', 'snippet': {'videoId': 'SFubem2H08c', 'textDisplay': 'Dia 30 ou você salva os bons ou será cúmplice do mal.', 'textOriginal': 'Dia 30 ou você salva os bons ou será cúmplice do mal.', 'parentId': 'UgzXyrIe-fkkvtdzjyl4AaABAg', 'authorDisplayName': 'murilo cordeiro', 'authorProfileImageUrl': 'https://yt3.ggpht.com/ytc/AGIKgqM_t7BOfywEPCAyFTemKElmJJNEoO8OPZy-LHaf=s48-c-k-c0x00ffffff-no-rj', 'authorChannelUrl': 'http://www.youtube.com/channel/UCqqXxW-FN_-1YgKp1wdfoHg', 'authorChannelId': {'value': 'UCqqXxW-FN_-1YgKp1wdfoHg'}, 'canRate': True, 'viewerRating': 'none', 'likeCount': 2, 'publishedAt': '2022-10-23T13:42:35Z', 'updatedAt': '2022-10-23T13:42:35Z'}}, {'kind': 'youtube#comment', 'etag': 'bIav2IyXt4739lxx1tcZYWse5OE', 'id': 'UgzXyrIe-fkkvtdzjyl4AaABAg.9hLsH7lTLX49hW_WeKX2mx', 'snippet': {'videoId': 'SFubem2H08c', 'textDisplay': 'Vamos transformar o comentário abaixo em um mantra nessa reta final de campanha. De que forma: replicando-a em todas as redes sociais. Faça a sua parte repliquem também. &quot;Eu acho que... Comentário Removido Pelo TSE Com a Chancela do Supremo Tribunal Federal (STF - PT).&quot;', 'textOriginal': 'Vamos transformar o comentário abaixo em um mantra nessa reta final de campanha. De que forma: replicando-a em todas as redes sociais. Faça a sua parte repliquem também. ""Eu acho que... Comentário Removido Pelo TSE Com a Chancela do Supremo Tribunal Federal (STF - PT).""', 'parentId': 'UgzXyrIe-fkkvtdzjyl4AaABAg', 'authorDisplayName': 'Melbourne Zobaran', 'authorProfileImageUrl': 'https://yt3.ggpht.com/ytc/AGIKgqOwSVQQOEXyj0IKmGIk5sAa3j57XWdSHsVVaA=s48-c-k-c0x00ffffff-no-rj', 'authorChannelUrl': 'http://www.youtube.com/channel/UCU7EIzDWvgwbylAsBJI-u1g', 'authorChannelId': {'value': 'UCU7EIzDWvgwbylAsBJI-u1g'}, 'canRate': True, 'viewerRating': 'none', 'likeCount': 1, 'publishedAt': '2022-10-23T07:34:01Z', 'updatedAt': '2022-10-23T07:34:01Z'}}, {'kind': 'youtube#comment', 'etag': 'u54b3VzP0ogE7D8icm5l9ulfrfw', 'id': 'UgzXyrIe-fkkvtdzjyl4AaABAg.9hLsH7lTLX49hU7u8TIAlv', 'snippet': {'videoId': 'SFubem2H08c', 'textDisplay': '@Carlos Ferreira E quem quer o Lula é o povão os que vão sofrer mais si a pobreza aumentar', 'textOriginal': '@Carlos Ferreira E quem quer o Lula é o povão os que vão sofrer mais si a pobreza aumentar', 'parentId': 'UgzXyrIe-fkkvtdzjyl4AaABAg', 'authorDisplayName': 'Djalma Medeiros', 'authorProfileImageUrl': 'https://yt3.ggpht.com/ytc/AGIKgqNHa1BjjsGvhjjlN5YE5fYwz6CTQavd4q54IA=s48-c-k-c0x00ffffff-no-rj', 'authorChannelUrl': 'http://www.youtube.com/channel/UC62a4U1Kw6pMFh2E6Rg4v2w', 'authorChannelId': {'value': 'UC62a4U1Kw6pMFh2E6Rg4v2w'}, 'canRate': True, 'viewerRating': 'none', 'likeCount': 0, 'publishedAt': '2022-10-22T08:45:29Z', 'updatedAt': '2022-10-22T08:45:29Z'}}, {'kind': 'youtube#comment', 'etag': 'oA-Mn-yGfV6-UOmNCgAuqweaEpM', 'id': 'UgzXyrIe-fkkvtdzjyl4AaABAg.9hLsH7lTLX49hRqL62n9i4', 'snippet': {'videoId': 'SFubem2H08c', 'textDisplay': '@Raimundo Rodrigues  Licença, por que está me atacando se nem viu o contexto da conversa? Respondi pro cara ali, e claramente eu disse me referindo às pessoas que veem a situação de um país que não deu certo, mas insistem em implantar o mesmo esquema no Brasil.', 'textOriginal': '@Raimundo Rodrigues  Licença, por que está me atacando se nem viu o contexto da conversa? Respondi pro cara ali, e claramente eu disse me referindo às pessoas que veem a situação de um país que não deu certo, mas insistem em implantar o mesmo esquema no Brasil.', 'parentId': 'UgzXyrIe-fkkvtdzjyl4AaABAg', 'authorDisplayName': 'Lany-kun', 'authorProfileImageUrl': 'https://yt3.ggpht.com/Zkz8Co8d0ftgX6ttIam5CjrJmv6bmiE7enHO0lAp0EGiVXGhYamww8O6Q_s5Wkk8RS-yTj8s=s48-c-k-c0x00ffffff-no-rj', 'authorChannelUrl': 'http://www.youtube.com/channel/UCt96jZkwScwQQcypT6sGMcA', 'authorChannelId': {'value': 'UCt96jZkwScwQQcypT6sGMcA'}, 'canRate': True, 'viewerRating': 'none', 'likeCount': 1, 'publishedAt': '2022-10-21T11:24:47Z', 'updatedAt': '2022-10-21T11:25:46Z'}}, {'kind': 'youtube#comment', 'etag': 'cpDfWI5gxAq-6qRJ5fkDPiU3VS4', 'id': 'UgzXyrIe-fkkvtdzjyl4AaABAg.9hLsH7lTLX49hPlLJ_pmJ7', 'snippet': {'videoId': 'SFubem2H08c', 'textDisplay': '@Lany-kun porque não vai viver lá o sua anta.', 'textOriginal': '@Lany-kun porque não vai viver lá o sua anta.', 'parentId': 'UgzXyrIe-fkkvtdzjyl4AaABAg', 'authorDisplayName': 'Raimundo Rodrigues', 'authorProfileImageUrl': 'https://yt3.ggpht.com/ytc/AGIKgqMiUyICIyQ1r9QjMo9GXGSMfWAmnem7LAZaxQ=s48-c-k-c0x00ffffff-no-rj', 'authorChannelUrl': 'http://www.youtube.com/channel/UC7LlLbYsiSHROlXLuuB91ig', 'authorChannelId': {'value': 'UC7LlLbYsiSHROlXLuuB91ig'}, 'canRate': True, 'viewerRating': 'none', 'likeCount': 0, 'publishedAt': '2022-10-20T16:02:39Z', 'updatedAt': '2022-10-20T16:02:39Z'}}]}",UC_0sFlBWN9G7OnDXwDqJwoA,2022-10-19T03:46:17Z,"Maduro, Boric, Fernandes, Petro, Ortega estão aí pra servir de exemplo do que deve ser evitado.",,2023-06-09 05:42:53.836139
youtube#commentThread,tek4r5_LyjpDyO03RPRdkLn9ToU,UgwEgsIIGRbsKem6j1d4AaABAg,"{'videoId': 'SFubem2H08c', 'topLevelComment': {'kind': 'youtube#comment', 'etag': 'RrRVd4LMdXmI7wkgfGB7hjHmbMs', 'id': 'UgwEgsIIGRbsKem6j1d4AaABAg', 'snippet': {'videoId': 'SFubem2H08c', 'textDisplay': 'Os Chilenos agiram de modo irresponsável.', 'textOriginal': 'Os Chilenos agiram de modo irresponsável.', 'authorDisplayName': 'Evaldo De Freitas Fenilli', 'authorProfileImageUrl': 'https://yt3.ggpht.com/ytc/AGIKgqN7m1MKXTHd3rPaWEQue5obFytc4Wzqb8ramSPp=s48-c-k-c0x00ffffff-no-rj', 'authorChannelUrl': 'http://www.youtube.com/channel/UC3NKd5tv5d2epZ_NiG9WN3w', 'authorChannelId': {'value': 'UC3NKd5tv5d2epZ_NiG9WN3w'}, 'canRate': True, 'viewerRating': 'none', 'likeCount': 190, 'publishedAt': '2022-10-19T03:44:41Z', 'updatedAt': '2022-10-19T03:44:41Z'}}, 'canReply': True, 'totalReplyCount': 25, 'isPublic': True}","{'comments': [{'kind': 'youtube#comment', 'etag': 'apxqJlwbdnZ7_DFdtcUd2tvosYM', 'id': 'UgwEgsIIGRbsKem6j1d4AaABAg.9hLs5OUEpo-9hZ_0sG6BVO', 'snippet': {'videoId': 'SFubem2H08c', 'textDisplay': '@Marcus Canesqui Já viu de perto?', 'textOriginal': '@Marcus Canesqui Já viu de perto?', 'parentId': 'UgwEgsIIGRbsKem6j1d4AaABAg', 'authorDisplayName': 'Unknown Supersoldier', 'authorProfileImageUrl': 'https://yt3.ggpht.com/8UD-u843toNiuxRn0cFwE5zhjuLZkHHVahUZCJzJyEqbbL8fx9sEq8HAKtk2uMfw4F26zBRX6SU=s48-c-k-c0x00ffffff-no-rj', 'authorChannelUrl': 'http://www.youtube.com/channel/UCdbaGA4n-t_ikMv19QF6Q7w', 'authorChannelId': {'value': 'UCdbaGA4n-t_ikMv19QF6Q7w'}, 'canRate': True, 'viewerRating': 'none', 'likeCount': 0, 'publishedAt': '2022-10-24T11:27:24Z', 'updatedAt': '2022-10-24T11:27:24Z'}}, {'kind': 'youtube#comment', 'etag': 'TG99VQQ9ILJ0M675tVttJqBijCs', 'id': 'UgwEgsIIGRbsKem6j1d4AaABAg.9hLs5OUEpo-9hWaLbnh4F6', 'snippet': {'videoId': 'SFubem2H08c', 'textDisplay': 'Vamos transformar o comentário abaixo em um mantra nessa reta final de campanha. De que forma: replicando-a em todas as redes sociais. Faça a sua parte repliquem também. &quot;Eu acho que... Comentário Removido Pelo TSE Com a Chancela do Supremo Tribunal Federal (STF - PT).&quot;', 'textOriginal': 'Vamos transformar o comentário abaixo em um mantra nessa reta final de campanha. De que forma: replicando-a em todas as redes sociais. Faça a sua parte repliquem também. ""Eu acho que... Comentário Removido Pelo TSE Com a Chancela do Supremo Tribunal Federal (STF - PT).""', 'parentId': 'UgwEgsIIGRbsKem6j1d4AaABAg', 'authorDisplayName': 'Melbourne Zobaran', 'authorProfileImageUrl': 'https://yt3.ggpht.com/ytc/AGIKgqOwSVQQOEXyj0IKmGIk5sAa3j57XWdSHsVVaA=s48-c-k-c0x00ffffff-no-rj', 'authorChannelUrl': 'http://www.youtube.com/channel/UCU7EIzDWvgwbylAsBJI-u1g', 'authorChannelId': {'value': 'UCU7EIzDWvgwbylAsBJI-u1g'}, 'canRate': True, 'viewerRating': 'none', 'likeCount': 1, 'publishedAt': '2022-10-23T07:41:15Z', 'updatedAt': '2022-10-23T07:41:15Z'}}, {'kind': 'youtube#comment', 'etag': 'lFXKEOcz6ekNV8-FOfC97k5Zq_w', 'id': 'UgwEgsIIGRbsKem6j1d4AaABAg.9hLs5OUEpo-9hVwJmYTKM5', 'snippet': {'videoId': 'SFubem2H08c', 'textDisplay': '30 milhões de brasileiros passando fome, e você vem falar que os chilenos agiram de modo irresponsável skskskssk', 'textOriginal': '30 milhões de brasileiros passando fome, e você vem falar que os chilenos agiram de modo irresponsável skskskssk', 'parentId': 'UgwEgsIIGRbsKem6j1d4AaABAg', 'authorDisplayName': 'Só sei que nada sei', 'authorProfileImageUrl': 'https://yt3.ggpht.com/2XoE1TdAvSF_5jBiO3waQXwmTNblHUt8kQIEMjIPEEC1lHgfU30WS7cDqnxkFR_UN0cWI-nJ=s48-c-k-c0x00ffffff-no-rj', 'authorChannelUrl': 'http://www.youtube.com/channel/UCJTfQhpH391hOWJNJMPfNvQ', 'authorChannelId': {'value': 'UCJTfQhpH391hOWJNJMPfNvQ'}, 'canRate': True, 'viewerRating': 'none', 'likeCount': 0, 'publishedAt': '2022-10-23T01:34:00Z', 'updatedAt': '2022-10-23T01:34:00Z'}}, {'kind': 'youtube#comment', 'etag': 'm2uvNt9Jg0YMQSbfGCiBCJNQ3v8', 'id': 'UgwEgsIIGRbsKem6j1d4AaABAg.9hLs5OUEpo-9hUmMwRPmhV', 'snippet': {'videoId': 'SFubem2H08c', 'textDisplay': '@Clebson Walter Claro que ele era contra. Pra ele era só uma gripezinha, que era coisa de mariquinha e frescura tem que falar isso para as 690 mil famílias que perderam seus entes. Mesmo assim, quem vê pensa que todo mundo parou. Mas a economia já ia mal antes da pandemia', 'textOriginal': '@Clebson Walter Claro que ele era contra. Pra ele era só uma gripezinha, que era coisa de mariquinha e frescura tem que falar isso para as 690 mil famílias que perderam seus entes. Mesmo assim, quem vê pensa que todo mundo parou. Mas a economia já ia mal antes da pandemia', 'parentId': 'UgwEgsIIGRbsKem6j1d4AaABAg', 'authorDisplayName': 'Marcus Canesqui', 'authorProfileImageUrl': 'https://yt3.ggpht.com/ytc/AGIKgqMhxvpxaFLyrYzat7u7P15pbTZlnu6cj-F2ww=s48-c-k-c0x00ffffff-no-rj', 'authorChannelUrl': 'http://www.youtube.com/channel/UCFAWPM8T3afqHuOwg_pXJiQ', 'authorChannelId': {'value': 'UCFAWPM8T3afqHuOwg_pXJiQ'}, 'canRate': True, 'viewerRating': 'none', 'likeCount': 0, 'publishedAt': '2022-10-22T14:47:48Z', 'updatedAt': '2022-10-22T14:47:48Z'}}, {'kind': 'youtube#comment', 'etag': 'GHHP7MkEMXyAU3IZszr8L5SXsrY', 'id': 'UgwEgsIIGRbsKem6j1d4AaABAg.9hLs5OUEpo-9hTXWzrKJCQ', 'snippet': {'videoId': 'SFubem2H08c', 'textDisplay': '@Marcus Canesqui só que vc esqueceu a pandemia,como vc pode cobrar a economia do atual presidente se o comércio estava fechado?as indústrias pararam,empresas fecharam e demitiram vários funcionários,aí vc quer que esteja mil maravilhas?e o (fica em casa)vc esqueceu?a economia agente ver depois!agora é culpa de bolsonrano as coisas estarem com preços altos?ele sempre foi contra o fechamento do comercio', 'textOriginal': '@Marcus Canesqui só que vc esqueceu a pandemia,como vc pode cobrar a economia do atual presidente se o comércio estava fechado?as indústrias pararam,empresas fecharam e demitiram vários funcionários,aí vc quer que esteja mil maravilhas?e o (fica em casa)vc esqueceu?a economia agente ver depois!agora é culpa de bolsonrano as coisas estarem com preços altos?ele sempre foi contra o fechamento do comercio', 'parentId': 'UgwEgsIIGRbsKem6j1d4AaABAg', 'authorDisplayName': 'Clebson Walter', 'authorProfileImageUrl': 'https://yt3.ggpht.com/ytc/AGIKgqMt7QBkUc_XB5Exg8P5SgaXlhj5gNmFj6AZzA=s48-c-k-c0x00ffffff-no-rj', 'authorChannelUrl': 'http://www.youtube.com/channel/UCPYnDzus2zY_BSEKJ0ibeQA', 'authorChannelId': {'value': 'UCPYnDzus2zY_BSEKJ0ibeQA'}, 'canRate': True, 'viewerRating': 'none', 'likeCount': 0, 'publishedAt': '2022-10-22T03:10:08Z', 'updatedAt': '2022-10-22T03:10:08Z'}}]}",UC3NKd5tv5d2epZ_NiG9WN3w,2022-10-19T03:44:41Z,Os Chilenos agiram de modo irresponsável.,,2023-06-09 05:42:53.836139
youtube#commentThread,6FIp83mKNJUoI85YLVNYm-K3dBQ,UgxXzoUkzVWD4z03xGh4AaABAg,"{'videoId': 'SFubem2H08c', 'topLevelComment': {'kind': 'youtube#comment', 'etag': 'nq8bSjKvPVALQaCpY4Wr0-WbvVQ', 'id': 'UgxXzoUkzVWD4z03xGh4AaABAg', 'snippet': {'videoId': 'SFubem2H08c', 'textDisplay': 'Vejo muita gente iludida com o encantador de burros mentiroso do pt. <br>Trouxa é aquele que não aprende com erro dos outros.<br>Pt age como uma cobra, tanto que agora troca de pele vermelha e se esconde na branca.<br>Porque vcs acham que todos nossos vizinhos que seguiram esse caminho se ferraram? <br>Acordem pra realidade, pois essa utopia socialista imunda so serve pra enriquecer os encantadores de burro.', 'textOriginal': 'Vejo muita gente iludida com o encantador de burros mentiroso do pt. \\nTrouxa é aquele que não aprende com erro dos outros.\\nPt age como uma cobra, tanto que agora troca de pele vermelha e se esconde na branca.\\nPorque vcs acham que todos nossos vizinhos que seguiram esse caminho se ferraram? \\nAcordem pra realidade, pois essa utopia socialista imunda so serve pra enriquecer os encantadores de burro.', 'authorDisplayName': 'Vaizard Kurosaki', 'authorProfileImageUrl': 'https://yt3.ggpht.com/ytc/AGIKgqPheHQLhLshQobfAmghmKX8cfChIccDUNU9gJSx=s48-c-k-c0x00ffffff-no-rj', 'authorChannelUrl': 'http://www.youtube.com/channel/UCOFT42BVVsLeJq0jf6FMTYw', 'authorChannelId': {'value': 'UCOFT42BVVsLeJq0jf6FMTYw'}, 'canRate': True, 'viewerRating': 'none', 'likeCount': 0, 'publishedAt': '2022-10-19T03:44:06Z', 'updatedAt': '2022-10-19T03:44:06Z'}}, 'canReply': True, 'totalReplyCount': 0, 'isPublic': True}",,UCOFT42BVVsLeJq0jf6FMTYw,2022-10-19T03:44:06Z,"Vejo muita gente iludida com o encantador de burros mentiroso do pt. 
Trouxa é aquele que não aprende com erro dos outros.
Pt age como uma cobra, tanto que agora troca de pele vermelha e se esconde na branca.
Porque vcs acham que todos nossos vizinhos que seguiram esse caminho se ferraram? 
Acordem pra realidade, pois essa utopia socialista imunda so serve pra enriquecer os encantadores de burro.",,2023-06-09 05:42:53.836139
youtube#commentThread,MGHPVOZAnmMryZPs5NQcK0tvSkU,Ugyi7XhvGuovbK8CDJF4AaABAg,"{'videoId': 'SFubem2H08c', 'topLevelComment': {'kind': 'youtube#comment', 'etag': '4WdnpfcLmKsykS05_cbUX9H401Y', 'id': 'Ugyi7XhvGuovbK8CDJF4AaABAg', 'snippet': {'videoId': 'SFubem2H08c', 'textDisplay': 'SOR OS O POVO LEIGOS QUE NAO SABE DISSO.....OS PAIZES COMUNISTA ESTAO COM ECONOMIA QUEBRADA E SABE QUE O BRASIL É UNICO QUE ESTA BEM NA ECONOMIA POR ISSO ESTAO APOIANDO O LULA PARA SE BENEFICIAR COM O BANCO DO BRASIL O BNDS PARA DAR DINHEIRO PARA SALVAR OS PAIZ COMUNISTA.....ABRE O OLHOS BRASILEIRO.......NINGUEM APOIA O LULA DE GRAÇA NAO...', 'textOriginal': 'SOR OS O POVO LEIGOS QUE NAO SABE DISSO.....OS PAIZES COMUNISTA ESTAO COM ECONOMIA QUEBRADA E SABE QUE O BRASIL É UNICO QUE ESTA BEM NA ECONOMIA POR ISSO ESTAO APOIANDO O LULA PARA SE BENEFICIAR COM O BANCO DO BRASIL O BNDS PARA DAR DINHEIRO PARA SALVAR OS PAIZ COMUNISTA.....ABRE O OLHOS BRASILEIRO.......NINGUEM APOIA O LULA DE GRAÇA NAO...', 'authorDisplayName': 'isaquesan', 'authorProfileImageUrl': 'https://yt3.ggpht.com/VfUrd0DRHIZmhaj0RE8SLVvVgSweNKAo9aWX9VmbVEGJ4cd67V9WY8A5kka5kTaQI10cPlFrDQ=s48-c-k-c0x00ffffff-no-rj', 'authorChannelUrl': 'http://www.youtube.com/channel/UCv28XQxYc4tFTC9w9RgWdUw', 'authorChannelId': {'value': 'UCv28XQxYc4tFTC9w9RgWdUw'}, 'canRate': True, 'viewerRating': 'none', 'likeCount': 0, 'publishedAt': '2022-10-19T03:43:40Z', 'updatedAt': '2022-10-19T03:43:40Z'}}, 'canReply': True, 'totalReplyCount': 0, 'isPublic': True}",,UCv28XQxYc4tFTC9w9RgWdUw,2022-10-19T03:43:40Z,SOR OS O POVO LEIGOS QUE NAO SABE DISSO.....OS PAIZES COMUNISTA ESTAO COM ECONOMIA QUEBRADA E SABE QUE O BRASIL É UNICO QUE ESTA BEM NA ECONOMIA POR ISSO ESTAO APOIANDO O LULA PARA SE BENEFICIAR COM O BANCO DO BRASIL O BNDS PARA DAR DINHEIRO PARA SALVAR OS PAIZ COMUNISTA.....ABRE O OLHOS BRASILEIRO.......NINGUEM APOIA O LULA DE GRAÇA NAO...,,2023-06-09 05:42:53.836139
youtube#commentThread,o847AHKMUCXbQ24nISlY1EEh2oQ,UgwUZxiPF_Ke3h7S_cZ4AaABAg,"{'videoId': 'SFubem2H08c', 'topLevelComment': {'kind': 'youtube#comment', 'etag': 'LiMgQiD3Ki9kp9S6Jn_3Tx3-Tp4', 'id': 'UgwUZxiPF_Ke3h7S_cZ4AaABAg', 'snippet': {'videoId': 'SFubem2H08c', 'textDisplay': 'Chile já foi Pinochet  comunista  é este  povo elegeu outra g<br>Vez um comunistas esquerdistas  Chile sofre por escolher vermelho comunismo', 'textOriginal': 'Chile já foi Pinochet  comunista  é este  povo elegeu outra g\\nVez um comunistas esquerdistas  Chile sofre por escolher vermelho comunismo', 'authorDisplayName': 'Maria Aparecida Cortez Bueno', 'authorProfileImageUrl': 'https://yt3.ggpht.com/ytc/AGIKgqMX2y5XBgIEjRzmQ8xXTE3TrMBJnhpZQLsePSDpoU8kk89Y_NtIWAnNcN0cO1OM=s48-c-k-c0x00ffffff-no-rj', 'authorChannelUrl': 'http://www.youtube.com/channel/UC39T7w1Q4aaBftO0SOMhYlA', 'authorChannelId': {'value': 'UC39T7w1Q4aaBftO0SOMhYlA'}, 'canRate': True, 'viewerRating': 'none', 'likeCount': 0, 'publishedAt': '2022-10-19T03:42:35Z', 'updatedAt': '2022-10-19T03:42:35Z'}}, 'canReply': True, 'totalReplyCount': 0, 'isPublic': True}",,UC39T7w1Q4aaBftO0SOMhYlA,2022-10-19T03:42:35Z,"Chile já foi Pinochet  comunista  é este  povo elegeu outra g
Vez um comunistas esquerdistas  Chile sofre por escolher vermelho comunismo",,2023-06-09 05:42:53.836139
youtube#commentThread,iFk8QEB8BqiPkp5_xSPxE2bmgFc,UgwQclHUK3xIBPftsz14AaABAg,"{'videoId': 'SFubem2H08c', 'topLevelComment': {'kind': 'youtube#comment', 'etag': 'bdZr6dS6m41-s58B9JSzNJeu3-M', 'id': 'UgwQclHUK3xIBPftsz14AaABAg', 'snippet': {'videoId': 'SFubem2H08c', 'textDisplay': 'FORO DE SP É UM ORCRIM INTERNACIONAL!', 'textOriginal': 'FORO DE SP É UM ORCRIM INTERNACIONAL!', 'authorDisplayName': 'Moacir  Carvalho ', 'authorProfileImageUrl': 'https://yt3.ggpht.com/ytc/AGIKgqOBhMBgYvBwoSyAzVyitfEZ9iol_owbAnuhSZkjNMQUILWPedDbent7TF71vpH0=s48-c-k-c0x00ffffff-no-rj', 'authorChannelUrl': 'http://www.youtube.com/channel/UCfWf6DrXRWcpPRh8E2WDAdw', 'authorChannelId': {'value': 'UCfWf6DrXRWcpPRh8E2WDAdw'}, 'canRate': True, 'viewerRating': 'none', 'likeCount': 0, 'publishedAt': '2022-10-19T03:41:11Z', 'updatedAt': '2022-10-19T03:41:11Z'}}, 'canReply': True, 'totalReplyCount': 0, 'isPublic': True}",,UCfWf6DrXRWcpPRh8E2WDAdw,2022-10-19T03:41:11Z,FORO DE SP É UM ORCRIM INTERNACIONAL!,,2023-06-09 05:42:53.836139
youtube#commentThread,59jk8tY-MLB8VGQ0SDkPYZymFAo,Ugx7LoVnqGYc6qn08Tt4AaABAg,"{'videoId': 'SFubem2H08c', 'topLevelComment': {'kind': 'youtube#comment', 'etag': 'gg8IyeYyCLS46dNEyulRy0Icfis', 'id': 'Ugx7LoVnqGYc6qn08Tt4AaABAg', 'snippet': {'videoId': 'SFubem2H08c', 'textDisplay': 'QUE O NOSSO POVO NÃO SEJAM TÃO &quot;BURROS&quot;  COMO OS CHILENOS❗❗', 'textOriginal': 'QUE O NOSSO POVO NÃO SEJAM TÃO ""BURROS""  COMO OS CHILENOS❗❗', 'authorDisplayName': 'Vitoria Regina S Imbroisi', 'authorProfileImageUrl': 'https://yt3.ggpht.com/VgpfbvpEJWgRbYI-5E2WO2FAGQ0BZoXyVjlLm5PMIj-0XClKW7a5PyOC4hMxAa6kJvWNxcsU_g=s48-c-k-c0x00ffffff-no-rj', 'authorChannelUrl': 'http://www.youtube.com/channel/UCXkbTA--x1wTbEvsOsxRzqA', 'authorChannelId': {'value': 'UCXkbTA--x1wTbEvsOsxRzqA'}, 'canRate': True, 'viewerRating': 'none', 'likeCount': 0, 'publishedAt': '2022-10-19T03:40:46Z', 'updatedAt': '2022-10-19T03:40:46Z'}}, 'canReply': True, 'totalReplyCount': 0, 'isPublic': True}",,UCXkbTA--x1wTbEvsOsxRzqA,2022-10-19T03:40:46Z,"QUE O NOSSO POVO NÃO SEJAM TÃO ""BURROS""  COMO OS CHILENOS❗❗",,2023-06-09 05:42:53.836139
youtube#commentThread,80H5MbvMPeVHhY8zVSEDUI0nNmw,UgweYGNEWJLWO87tw4x4AaABAg,"{'videoId': 'SFubem2H08c', 'topLevelComment': {'kind': 'youtube#comment', 'etag': 'xY4wyroBdDHkCy704lytBBgxw3A', 'id': 'UgweYGNEWJLWO87tw4x4AaABAg', 'snippet': {'videoId': 'SFubem2H08c', 'textDisplay': 'Faz o L que melhora a economia.', 'textOriginal': 'Faz o L que melhora a economia.', 'authorDisplayName': 'carlos coutinho', 'authorProfileImageUrl': 'https://yt3.ggpht.com/ytc/AGIKgqPNh6TrAG7q_CiPDx5f8-Qes81mE87xLmiodA=s48-c-k-c0x00ffffff-no-rj', 'authorChannelUrl': 'http://www.youtube.com/channel/UCNq1VulV9AcDO5AenNyexTw', 'authorChannelId': {'value': 'UCNq1VulV9AcDO5AenNyexTw'}, 'canRate': True, 'viewerRating': 'none', 'likeCount': 40, 'publishedAt': '2022-10-19T03:40:42Z', 'updatedAt': '2022-10-19T03:40:42Z'}}, 'canReply': True, 'totalReplyCount': 2, 'isPublic': True}","{'comments': [{'kind': 'youtube#comment', 'etag': '0aBYWLG-ZpAO2sUXDMUo2rCOYt8', 'id': 'UgweYGNEWJLWO87tw4x4AaABAg.9hLrdJS572m9hMZJqm4CMv', 'snippet': {'videoId': 'SFubem2H08c', 'textDisplay': 'Aproveite e faz exame de próstata, uma colonoscopia, e uma vasectomia, para que pessoas com pensamentos tão inescrupulosos,como você não se reproduzam', 'textOriginal': 'Aproveite e faz exame de próstata, uma colonoscopia, e uma vasectomia, para que pessoas com pensamentos tão inescrupulosos,como você não se reproduzam', 'parentId': 'UgweYGNEWJLWO87tw4x4AaABAg', 'authorDisplayName': 'canal das abelhas', 'authorProfileImageUrl': 'https://yt3.ggpht.com/ytc/AGIKgqPZgaWzly8ZIi2ZTuadCywHOmTSvH2LjnPngnti=s48-c-k-c0x00ffffff-no-rj', 'authorChannelUrl': 'http://www.youtube.com/channel/UCswDm3Pu_szPXLrItbbhN0w', 'authorChannelId': {'value': 'UCswDm3Pu_szPXLrItbbhN0w'}, 'canRate': True, 'viewerRating': 'none', 'likeCount': 0, 'publishedAt': '2022-10-19T10:11:08Z', 'updatedAt': '2022-10-19T10:11:08Z'}}, {'kind': 'youtube#comment', 'etag': '5z1kTg2Pfwn3I9eLG3pAj2_0_8M', 'id': 'UgweYGNEWJLWO87tw4x4AaABAg.9hLrdJS572m9hM7PRwu-wM', 'snippet': {'videoId': 'SFubem2H08c', 'textDisplay': 'Verdade faz o L e vota 22 🇧🇷', 'textOriginal': 'Verdade faz o L e vota 22 🇧🇷', 'parentId': 'UgweYGNEWJLWO87tw4x4AaABAg', 'authorDisplayName': 'João Gabriel', 'authorProfileImageUrl': 'https://yt3.ggpht.com/ytc/AGIKgqPgGrqMyxUVCPNQjYlIrzCW_uH29mtEQWxZ3Ljq-afaWZ1UrrVE_O_cCjBxxqeI=s48-c-k-c0x00ffffff-no-rj', 'authorChannelUrl': 'http://www.youtube.com/channel/UCSGCyu6QLr3xPlaq0KB3QLw', 'authorChannelId': {'value': 'UCSGCyu6QLr3xPlaq0KB3QLw'}, 'canRate': True, 'viewerRating': 'none', 'likeCount': 3, 'publishedAt': '2022-10-19T06:07:13Z', 'updatedAt': '2022-10-19T06:07:13Z'}}]}",UCNq1VulV9AcDO5AenNyexTw,2022-10-19T03:40:42Z,Faz o L que melhora a economia.,,2023-06-09 05:42:53.836139
youtube#commentThread,XRaiDBgodhDRFCDLl-hFGA936IE,UgxIJENpuchDayGZrn14AaABAg,"{'videoId': 'SFubem2H08c', 'topLevelComment': {'kind': 'youtube#comment', 'etag': 'PvIf-cJdEtTuKFNoJBxvH-AU-V0', 'id': 'UgxIJENpuchDayGZrn14AaABAg', 'snippet': {'videoId': 'SFubem2H08c', 'textDisplay': 'Triste, 😢😢😢😭😭😭 vai pra cúcuia, mais um país do Fórum de São Paulo 🤬👹💩🤮👹💩🤬🤮', 'textOriginal': 'Triste, 😢😢😢😭😭😭 vai pra cúcuia, mais um país do Fórum de São Paulo 🤬👹💩🤮👹💩🤬🤮', 'authorDisplayName': 'Vitoria Regina S Imbroisi', 'authorProfileImageUrl': 'https://yt3.ggpht.com/VgpfbvpEJWgRbYI-5E2WO2FAGQ0BZoXyVjlLm5PMIj-0XClKW7a5PyOC4hMxAa6kJvWNxcsU_g=s48-c-k-c0x00ffffff-no-rj', 'authorChannelUrl': 'http://www.youtube.com/channel/UCXkbTA--x1wTbEvsOsxRzqA', 'authorChannelId': {'value': 'UCXkbTA--x1wTbEvsOsxRzqA'}, 'canRate': True, 'viewerRating': 'none', 'likeCount': 14, 'publishedAt': '2022-10-19T03:39:12Z', 'updatedAt': '2022-10-19T03:39:12Z'}}, 'canReply': True, 'totalReplyCount': 0, 'isPublic': True}",,UCXkbTA--x1wTbEvsOsxRzqA,2022-10-19T03:39:12Z,"Triste, 😢😢😢😭😭😭 vai pra cúcuia, mais um país do Fórum de São Paulo 🤬👹💩🤮👹💩🤬🤮",,2023-06-09 05:42:53.836139
youtube#commentThread,hTKi2IFAl2MIM6moVY4vF_WX5GA,UgxNtfUvbt1fWhtdWjR4AaABAg,"{'videoId': 'SFubem2H08c', 'topLevelComment': {'kind': 'youtube#comment', 'etag': 'RBBMT0XGnraKSJmY--NCl1t3Z4c', 'id': 'UgxNtfUvbt1fWhtdWjR4AaABAg', 'snippet': {'videoId': 'SFubem2H08c', 'textDisplay': 'É sempre assim onde chega a esquerda chega a miséria!!!', 'textOriginal': 'É sempre assim onde chega a esquerda chega a miséria!!!', 'authorDisplayName': 'Maria Estela Soares Coutinho', 'authorProfileImageUrl': 'https://yt3.ggpht.com/ytc/AGIKgqMSUn_aiODunjENl4vzSWNmvY6QYfgFFAm1LA=s48-c-k-c0x00ffffff-no-rj', 'authorChannelUrl': 'http://www.youtube.com/channel/UCTMR0EZzsWO5anv49Pok9Bw', 'authorChannelId': {'value': 'UCTMR0EZzsWO5anv49Pok9Bw'}, 'canRate': True, 'viewerRating': 'none', 'likeCount': 0, 'publishedAt': '2022-10-19T03:39:05Z', 'updatedAt': '2022-10-19T03:39:05Z'}}, 'canReply': True, 'totalReplyCount': 0, 'isPublic': True}",,UCTMR0EZzsWO5anv49Pok9Bw,2022-10-19T03:39:05Z,É sempre assim onde chega a esquerda chega a miséria!!!,,2023-06-09 05:42:53.836139
youtube#commentThread,QaDaJp1Gjno729DX1M59mKzFLjE,Ugwh5ofkunUbXIra5J94AaABAg,"{'videoId': 'SFubem2H08c', 'topLevelComment': {'kind': 'youtube#comment', 'etag': 'XiwqI8pDTs89JXT_Fe-6CtO7VPU', 'id': 'Ugwh5ofkunUbXIra5J94AaABAg', 'snippet': {'videoId': 'SFubem2H08c', 'textDisplay': 'Em 2019, estive no Chile. Achei um  país muito bonito  e desenvolvido! Uma pena que a Esquerda Maldita já começou a destruição. Agora, já era! Não tem mais volta! As futuras gerações: os filhos e netos pagarão pela escolha de seus pais. Querem fazer a mesma coisa no Brasil.', 'textOriginal': 'Em 2019, estive no Chile. Achei um  país muito bonito  e desenvolvido! Uma pena que a Esquerda Maldita já começou a destruição. Agora, já era! Não tem mais volta! As futuras gerações: os filhos e netos pagarão pela escolha de seus pais. Querem fazer a mesma coisa no Brasil.', 'authorDisplayName': 'Janete Rodrigues', 'authorProfileImageUrl': 'https://yt3.ggpht.com/ytc/AGIKgqNiTjXtNULsjgtSuJtKOucPI4_0qcqCY0xGDQ=s48-c-k-c0x00ffffff-no-rj', 'authorChannelUrl': 'http://www.youtube.com/channel/UCSlhFhkamlqNp02tsb8HLQQ', 'authorChannelId': {'value': 'UCSlhFhkamlqNp02tsb8HLQQ'}, 'canRate': True, 'viewerRating': 'none', 'likeCount': 0, 'publishedAt': '2022-10-19T03:37:53Z', 'updatedAt': '2022-10-19T03:37:53Z'}}, 'canReply': True, 'totalReplyCount': 0, 'isPublic': True}",,UCSlhFhkamlqNp02tsb8HLQQ,2022-10-19T03:37:53Z,"Em 2019, estive no Chile. Achei um  país muito bonito  e desenvolvido! Uma pena que a Esquerda Maldita já começou a destruição. Agora, já era! Não tem mais volta! As futuras gerações: os filhos e netos pagarão pela escolha de seus pais. Querem fazer a mesma coisa no Brasil.",,2023-06-09 05:42:53.836139
youtube#commentThread,eRihc5iaZyJFAfmgp5cr4SeBbyw,UgxZBihW64cB1NT_pMp4AaABAg,"{'videoId': 'SFubem2H08c', 'topLevelComment': {'kind': 'youtube#comment', 'etag': '-oMETXl82udapkiHtpv6R3sk6i8', 'id': 'UgxZBihW64cB1NT_pMp4AaABAg', 'snippet': {'videoId': 'SFubem2H08c', 'textDisplay': 'Têm que se lascarem mesmo para aprenderem a votar 👏👏👏', 'textOriginal': 'Têm que se lascarem mesmo para aprenderem a votar 👏👏👏', 'authorDisplayName': 'Gerard Louzada', 'authorProfileImageUrl': 'https://yt3.ggpht.com/-LlQWB7HFiuwfC_yH7lOGFXQyO5z9hWv2Pu0ILfbPNgOKbc417hLAZpuNw6K56wM0K5BjN-nrqE=s48-c-k-c0x00ffffff-no-rj', 'authorChannelUrl': 'http://www.youtube.com/channel/UCtZnwiWx2Ld0jIjsHPHjW0w', 'authorChannelId': {'value': 'UCtZnwiWx2Ld0jIjsHPHjW0w'}, 'canRate': True, 'viewerRating': 'none', 'likeCount': 51, 'publishedAt': '2022-10-19T03:35:07Z', 'updatedAt': '2022-10-19T03:35:07Z'}}, 'canReply': True, 'totalReplyCount': 5, 'isPublic': True}","{'comments': [{'kind': 'youtube#comment', 'etag': 'zx5SaG0NjF1JaO97OSpNsKQ5_bs', 'id': 'UgxZBihW64cB1NT_pMp4AaABAg.9hLr-NkGT5E9hWahHzO3xH', 'snippet': {'videoId': 'SFubem2H08c', 'textDisplay': 'Vamos transformar o comentário abaixo em um mantra nessa reta final de campanha. De que forma: replicando-a em todas as redes sociais. Faça a sua parte repliquem também. &quot;Eu acho que... Comentário Removido Pelo TSE Com a Chancela do Supremo Tribunal Federal (STF - PT).&quot;', 'textOriginal': 'Vamos transformar o comentário abaixo em um mantra nessa reta final de campanha. De que forma: replicando-a em todas as redes sociais. Faça a sua parte repliquem também. ""Eu acho que... Comentário Removido Pelo TSE Com a Chancela do Supremo Tribunal Federal (STF - PT).""', 'parentId': 'UgxZBihW64cB1NT_pMp4AaABAg', 'authorDisplayName': 'Melbourne Zobaran', 'authorProfileImageUrl': 'https://yt3.ggpht.com/ytc/AGIKgqOwSVQQOEXyj0IKmGIk5sAa3j57XWdSHsVVaA=s48-c-k-c0x00ffffff-no-rj', 'authorChannelUrl': 'http://www.youtube.com/channel/UCU7EIzDWvgwbylAsBJI-u1g', 'authorChannelId': {'value': 'UCU7EIzDWvgwbylAsBJI-u1g'}, 'canRate': True, 'viewerRating': 'none', 'likeCount': 1, 'publishedAt': '2022-10-23T07:44:21Z', 'updatedAt': '2022-10-23T07:44:21Z'}}, {'kind': 'youtube#comment', 'etag': 'W2h4UYe_CX3QCNL-LGVLlD-PZec', 'id': 'UgxZBihW64cB1NT_pMp4AaABAg.9hLr-NkGT5E9hVnZRiVh7t', 'snippet': {'videoId': 'SFubem2H08c', 'textDisplay': 'Quando aprenderem não poderão mais votar, será tarde demais.', 'textOriginal': 'Quando aprenderem não poderão mais votar, será tarde demais.', 'parentId': 'UgxZBihW64cB1NT_pMp4AaABAg', 'authorDisplayName': 'Gilberto santana carvalho', 'authorProfileImageUrl': 'https://yt3.ggpht.com/ytc/AGIKgqP7H_4gRgYVQxf981wKV5rfWEFRXh9k1znPBw=s48-c-k-c0x00ffffff-no-rj', 'authorChannelUrl': 'http://www.youtube.com/channel/UCHK49uCFGfzmG1GKJ7Z51mg', 'authorChannelId': {'value': 'UCHK49uCFGfzmG1GKJ7Z51mg'}, 'canRate': True, 'viewerRating': 'none', 'likeCount': 2, 'publishedAt': '2022-10-23T00:17:30Z', 'updatedAt': '2022-10-23T00:17:30Z'}}, {'kind': 'youtube#comment', 'etag': 'LCoJkUQYlGYT54uU-MDRvR_OV08', 'id': 'UgxZBihW64cB1NT_pMp4AaABAg.9hLr-NkGT5E9hM75lBLN3m', 'snippet': {'videoId': 'SFubem2H08c', 'textDisplay': '@Mateus De Moraes  Essa é falha da democracia, aqui tivemos 57mi que quase acabaram com nossa esperança no 1° turno.', 'textOriginal': '@Mateus De Moraes  Essa é falha da democracia, aqui tivemos 57mi que quase acabaram com nossa esperança no 1° turno.', 'parentId': 'UgxZBihW64cB1NT_pMp4AaABAg', 'authorDisplayName': 'Canal Sem Conexão', 'authorProfileImageUrl': 'https://yt3.ggpht.com/ytc/AGIKgqMsfv0fnMwXrygmKyJYXSZQUllj8h29he3S9iaQ=s48-c-k-c0x00ffffff-no-rj', 'authorChannelUrl': 'http://www.youtube.com/channel/UCgl40jViTT1kHWkZ3YO6fGw', 'authorChannelId': {'value': 'UCgl40jViTT1kHWkZ3YO6fGw'}, 'canRate': True, 'viewerRating': 'none', 'likeCount': 5, 'publishedAt': '2022-10-19T06:04:32Z', 'updatedAt': '2022-10-19T06:04:50Z'}}, {'kind': 'youtube#comment', 'etag': 'EDifg16_36vJXw-I-OJnD2h1Mbo', 'id': 'UgxZBihW64cB1NT_pMp4AaABAg.9hLr-NkGT5E9hM34UM8keQ', 'snippet': {'videoId': 'SFubem2H08c', 'textDisplay': 'Calma que a gente ainda tá na corda bamba <br>50% são burros demais <br>Ainda mais essa nova geração aí', 'textOriginal': 'Calma que a gente ainda tá na corda bamba \\n50% são burros demais \\nAinda mais essa nova geração aí', 'parentId': 'UgxZBihW64cB1NT_pMp4AaABAg', 'authorDisplayName': 'Sergiana Valquiria', 'authorProfileImageUrl': 'https://yt3.ggpht.com/XrB18N61bCSpzOdRfAgsuPuvt3k9EZ4AEIaPRmCT2tJu5EPpcxhQs_nlqhqbCLq_Jmx7E-dx=s48-c-k-c0x00ffffff-no-rj', 'authorChannelUrl': 'http://www.youtube.com/channel/UCITIqERwxov5MwuFbjW9DOg', 'authorChannelId': {'value': 'UCITIqERwxov5MwuFbjW9DOg'}, 'canRate': True, 'viewerRating': 'none', 'likeCount': 0, 'publishedAt': '2022-10-19T05:29:25Z', 'updatedAt': '2022-10-19T05:29:25Z'}}, {'kind': 'youtube#comment', 'etag': 'hpJoDlDhy2k0FOeOPrAlIKWdADo', 'id': 'UgxZBihW64cB1NT_pMp4AaABAg.9hLr-NkGT5E9hM11hP16Fw', 'snippet': {'videoId': 'SFubem2H08c', 'textDisplay': 'Triste são os que votaram certo e estão se lascando junto.', 'textOriginal': 'Triste são os que votaram certo e estão se lascando junto.', 'parentId': 'UgxZBihW64cB1NT_pMp4AaABAg', 'authorDisplayName': 'Mateus De Moraes', 'authorProfileImageUrl': 'https://yt3.ggpht.com/ytc/AGIKgqPLOWdku0VdL8GqfOf-6wMuxidUD3QoAGrMe1e5ykM=s48-c-k-c0x00ffffff-no-rj', 'authorChannelUrl': 'http://www.youtube.com/channel/UCLL7Rz-ZYjLyMWujWzhuY0g', 'authorChannelId': {'value': 'UCLL7Rz-ZYjLyMWujWzhuY0g'}, 'canRate': True, 'viewerRating': 'none', 'likeCount': 18, 'publishedAt': '2022-10-19T05:11:33Z', 'updatedAt': '2022-10-19T05:11:33Z'}}]}",UCtZnwiWx2Ld0jIjsHPHjW0w,2022-10-19T03:35:07Z,Têm que se lascarem mesmo para aprenderem a votar 👏👏👏,,2023-06-09 05:42:53.836139
youtube#commentThread,MFH3uIiO7lftO7rFguC2T5YJohE,UgxCzZb7uTyfgIkSQLN4AaABAg,"{'videoId': 'SFubem2H08c', 'topLevelComment': {'kind': 'youtube#comment', 'etag': 'tsZsuVj0KXvZrPu0xPHDLpPlGpo', 'id': 'UgxCzZb7uTyfgIkSQLN4AaABAg', 'snippet': {'videoId': 'SFubem2H08c', 'textDisplay': 'Acorda Brasil!!! Usem a inteligência, abram o olho e vejam o que está acontecendo em vários países governados pela esquerda. Pobreza extrema,  refugiados e tudo de ruim. <br>Para frente é que anda, retrocedeu é idiotice. <br>🇧🇷🇧🇷🇧🇷🇧🇷🇧🇷🇧🇷🇧🇷🇧🇷🇧🇷🇧🇷🇧🇷🇧🇷🇧🇷🇧🇷🇧🇷', 'textOriginal': 'Acorda Brasil!!! Usem a inteligência, abram o olho e vejam o que está acontecendo em vários países governados pela esquerda. Pobreza extrema,  refugiados e tudo de ruim. \\nPara frente é que anda, retrocedeu é idiotice. \\n🇧🇷🇧🇷🇧🇷🇧🇷🇧🇷🇧🇷🇧🇷🇧🇷🇧🇷🇧🇷🇧🇷🇧🇷🇧🇷🇧🇷🇧🇷', 'authorDisplayName': 'Juliana Avila', 'authorProfileImageUrl': 'https://yt3.ggpht.com/ytc/AGIKgqMtMxniG8rY1c4z975vOPVOcSC4x055m1blYw=s48-c-k-c0x00ffffff-no-rj', 'authorChannelUrl': 'http://www.youtube.com/channel/UC4lU1qNvOchoizYYltOGAnA', 'authorChannelId': {'value': 'UC4lU1qNvOchoizYYltOGAnA'}, 'canRate': True, 'viewerRating': 'none', 'likeCount': 0, 'publishedAt': '2022-10-19T03:34:30Z', 'updatedAt': '2022-10-19T03:34:30Z'}}, 'canReply': True, 'totalReplyCount': 0, 'isPublic': True}",,UC4lU1qNvOchoizYYltOGAnA,2022-10-19T03:34:30Z,"Acorda Brasil!!! Usem a inteligência, abram o olho e vejam o que está acontecendo em vários países governados pela esquerda. Pobreza extrema,  refugiados e tudo de ruim. 
Para frente é que anda, retrocedeu é idiotice. 
🇧🇷🇧🇷🇧🇷🇧🇷🇧🇷🇧🇷🇧🇷🇧🇷🇧🇷🇧🇷🇧🇷🇧🇷🇧🇷🇧🇷🇧🇷",,2023-06-09 05:42:53.836139
youtube#commentThread,kFr3TniwrI_ESS18BBy_-iJL6Qw,UgxIc18Ckjs5YwFnmxp4AaABAg,"{'videoId': 'SFubem2H08c', 'topLevelComment': {'kind': 'youtube#comment', 'etag': 'h37UJ_OI2rsu8TWwgEs3YkkxK28', 'id': 'UgxIc18Ckjs5YwFnmxp4AaABAg', 'snippet': {'videoId': 'SFubem2H08c', 'textDisplay': 'Bem feito aos chilenos e bem feito aos brasileiros que votarão no Lula quando aqui virar uma Venezuela!', 'textOriginal': 'Bem feito aos chilenos e bem feito aos brasileiros que votarão no Lula quando aqui virar uma Venezuela!', 'authorDisplayName': 'Villas', 'authorProfileImageUrl': 'https://yt3.ggpht.com/ytc/AGIKgqMgPHC1hGPMLDtOmn8sDnhuV1odVoqqxRIaf-c7hn9vk_8iRNtMGgF9ERBhXR5O=s48-c-k-c0x00ffffff-no-rj', 'authorChannelUrl': 'http://www.youtube.com/channel/UC8PxedteExOqc0ndcFI4Uyw', 'authorChannelId': {'value': 'UC8PxedteExOqc0ndcFI4Uyw'}, 'canRate': True, 'viewerRating': 'none', 'likeCount': 61, 'publishedAt': '2022-10-19T03:30:51Z', 'updatedAt': '2022-10-19T03:30:51Z'}}, 'canReply': True, 'totalReplyCount': 8, 'isPublic': True}","{'comments': [{'kind': 'youtube#comment', 'etag': 'Q1SMPe_HIKnvrbIBea61ce0jjZE', 'id': 'UgxIc18Ckjs5YwFnmxp4AaABAg.9hLqW6vxcPf9hWadsQCfef', 'snippet': {'videoId': 'SFubem2H08c', 'textDisplay': 'Vamos transformar o comentário abaixo em um mantra nessa reta final de campanha. De que forma: replicando-a em todas as redes sociais. Faça a sua parte repliquem também. &quot;Eu acho que... Comentário Removido Pelo TSE Com a Chancela do Supremo Tribunal Federal (STF - PT).&quot;', 'textOriginal': 'Vamos transformar o comentário abaixo em um mantra nessa reta final de campanha. De que forma: replicando-a em todas as redes sociais. Faça a sua parte repliquem também. ""Eu acho que... Comentário Removido Pelo TSE Com a Chancela do Supremo Tribunal Federal (STF - PT).""', 'parentId': 'UgxIc18Ckjs5YwFnmxp4AaABAg', 'authorDisplayName': 'Melbourne Zobaran', 'authorProfileImageUrl': 'https://yt3.ggpht.com/ytc/AGIKgqOwSVQQOEXyj0IKmGIk5sAa3j57XWdSHsVVaA=s48-c-k-c0x00ffffff-no-rj', 'authorChannelUrl': 'http://www.youtube.com/channel/UCU7EIzDWvgwbylAsBJI-u1g', 'authorChannelId': {'value': 'UCU7EIzDWvgwbylAsBJI-u1g'}, 'canRate': True, 'viewerRating': 'none', 'likeCount': 1, 'publishedAt': '2022-10-23T07:43:53Z', 'updatedAt': '2022-10-23T07:43:53Z'}}, {'kind': 'youtube#comment', 'etag': 'zAZsk9de-YzoTsWPB5qWxc6Iem8', 'id': 'UgxIc18Ckjs5YwFnmxp4AaABAg.9hLqW6vxcPf9hQUcbz2DNH', 'snippet': {'videoId': 'SFubem2H08c', 'textDisplay': 'Kkk... Quando falam do Brasil, os Bolsotontos falam da pandemia, agora pro Chile não serve', 'textOriginal': 'Kkk... Quando falam do Brasil, os Bolsotontos falam da pandemia, agora pro Chile não serve', 'parentId': 'UgxIc18Ckjs5YwFnmxp4AaABAg', 'authorDisplayName': 'Marcus Canesqui', 'authorProfileImageUrl': 'https://yt3.ggpht.com/ytc/AGIKgqMhxvpxaFLyrYzat7u7P15pbTZlnu6cj-F2ww=s48-c-k-c0x00ffffff-no-rj', 'authorChannelUrl': 'http://www.youtube.com/channel/UCFAWPM8T3afqHuOwg_pXJiQ', 'authorChannelId': {'value': 'UCFAWPM8T3afqHuOwg_pXJiQ'}, 'canRate': True, 'viewerRating': 'none', 'likeCount': 0, 'publishedAt': '2022-10-20T22:47:06Z', 'updatedAt': '2022-10-20T22:47:06Z'}}, {'kind': 'youtube#comment', 'etag': 'artNfoEA33-yrN-Y2U6lN5PsH6Y', 'id': 'UgxIc18Ckjs5YwFnmxp4AaABAg.9hLqW6vxcPf9hNDnbavVMx', 'snippet': {'videoId': 'SFubem2H08c', 'textDisplay': 'Esses &#39;&amp;$túpid0$&#39; que estão votando no &#39;l@d®ã0&#39;, quando a coisa ficar feia (porque vai ficar), serão OS PRIMEIROS A RECLAMAREM! É aí que, se &#39;b0b&amp;@®&#39;, eu vou descer a LENHA nesses traidores que vierem reclamar perto de mim!', 'textOriginal': ""Esses '&$túpid0$' que estão votando no 'l@d®ã0', quando a coisa ficar feia (porque vai ficar), serão OS PRIMEIROS A RECLAMAREM! É aí que, se 'b0b&@®', eu vou descer a LENHA nesses traidores que vierem reclamar perto de mim!"", 'parentId': 'UgxIc18Ckjs5YwFnmxp4AaABAg', 'authorDisplayName': 'Eduardo Matos - FORA LULADRÃO', 'authorProfileImageUrl': 'https://yt3.ggpht.com/L3eUNf3xrTjLpJl-39AQzVOvHyOBMEHA3hiuidWhD29faEOl1VN7aPWvjrSaEGJ3ygnVii3Cqw=s48-c-k-c0x00ffffff-no-rj', 'authorChannelUrl': 'http://www.youtube.com/channel/UCvtxFPF9lWQQ4Uidmr-lNmg', 'authorChannelId': {'value': 'UCvtxFPF9lWQQ4Uidmr-lNmg'}, 'canRate': True, 'viewerRating': 'none', 'likeCount': 1, 'publishedAt': '2022-10-19T16:22:20Z', 'updatedAt': '2022-10-19T16:22:20Z'}}, {'kind': 'youtube#comment', 'etag': 'W3MO1mbUeoIDsbpil53HFJcjUi8', 'id': 'UgxIc18Ckjs5YwFnmxp4AaABAg.9hLqW6vxcPf9hNBb_ZV1-4', 'snippet': {'videoId': 'SFubem2H08c', 'textDisplay': 'O pior é que eles se jogam no mar de merda e levam a gente junto.', 'textOriginal': 'O pior é que eles se jogam no mar de merda e levam a gente junto.', 'parentId': 'UgxIc18Ckjs5YwFnmxp4AaABAg', 'authorDisplayName': 'Cristiano Boechat', 'authorProfileImageUrl': 'https://yt3.ggpht.com/ytc/AGIKgqMCiBQsXeWlN3LDdefOCoXEqb5jPEN8K1voBQ=s48-c-k-c0x00ffffff-no-rj', 'authorChannelUrl': 'http://www.youtube.com/channel/UC68mKaU4BWZDgRtVtvBOo0Q', 'authorChannelId': {'value': 'UC68mKaU4BWZDgRtVtvBOo0Q'}, 'canRate': True, 'viewerRating': 'none', 'likeCount': 2, 'publishedAt': '2022-10-19T16:03:13Z', 'updatedAt': '2022-10-19T16:03:13Z'}}, {'kind': 'youtube#comment', 'etag': 'a9AfHLIgExD7XpllHY1lGMF-jgo', 'id': 'UgxIc18Ckjs5YwFnmxp4AaABAg.9hLqW6vxcPf9hMoZTPXPvE', 'snippet': {'videoId': 'SFubem2H08c', 'textDisplay': '@Fernanda Inácio ao menos sei k não compactuei com a volta da mega icorrupção', 'textOriginal': '@Fernanda Inácio ao menos sei k não compactuei com a volta da mega icorrupção', 'parentId': 'UgxIc18Ckjs5YwFnmxp4AaABAg', 'authorDisplayName': 'Ubiratan Rolemberg', 'authorProfileImageUrl': 'https://yt3.ggpht.com/U3kukPA20Rb6uFUrcchs4T8f7toFHzM3jPL_GZGMMFLd5pdI9hyk7dvExZjRYBbWTXfKZd0EIg=s48-c-k-c0x00ffffff-no-rj', 'authorChannelUrl': 'http://www.youtube.com/channel/UC6yXUb9YmiVrSSWmlAmId3A', 'authorChannelId': {'value': 'UC6yXUb9YmiVrSSWmlAmId3A'}, 'canRate': True, 'viewerRating': 'none', 'likeCount': 6, 'publishedAt': '2022-10-19T12:33:04Z', 'updatedAt': '2022-10-19T12:33:04Z'}}]}",UC8PxedteExOqc0ndcFI4Uyw,2022-10-19T03:30:51Z,Bem feito aos chilenos e bem feito aos brasileiros que votarão no Lula quando aqui virar uma Venezuela!,,2023-06-09 05:42:53.836139
youtube#commentThread,lUwbNH978A3pedRR46VhG9aDfmY,UgwkEJAH3l3sgElXfpJ4AaABAg,"{'videoId': 'SFubem2H08c', 'topLevelComment': {'kind': 'youtube#comment', 'etag': 'aTg1ujl4GpiaQILe_kyF1TIk1nI', 'id': 'UgwkEJAH3l3sgElXfpJ4AaABAg', 'snippet': {'videoId': 'SFubem2H08c', 'textDisplay': 'Que Deus nos abençoe nos proteja daquele mal chamado PT ta repreendido em nome de Jesus tenho muita fé em Deus que Deus vai nos dar a Vitória em nome de Jesus amém 🇧🇷🇧🇷🇧🇷🇧🇷🇧🇷💚💙💛', 'textOriginal': 'Que Deus nos abençoe nos proteja daquele mal chamado PT ta repreendido em nome de Jesus tenho muita fé em Deus que Deus vai nos dar a Vitória em nome de Jesus amém 🇧🇷🇧🇷🇧🇷🇧🇷🇧🇷💚💙💛', 'authorDisplayName': 'Francilene Silva', 'authorProfileImageUrl': 'https://yt3.ggpht.com/ytc/AGIKgqMYIlI3_DNiaSELhFORLDIN3uN0KuEZxFfPBw=s48-c-k-c0x00ffffff-no-rj', 'authorChannelUrl': 'http://www.youtube.com/channel/UCu0YDTBrq8EJUSvy6VWu1kA', 'authorChannelId': {'value': 'UCu0YDTBrq8EJUSvy6VWu1kA'}, 'canRate': True, 'viewerRating': 'none', 'likeCount': 206, 'publishedAt': '2022-10-19T03:29:23Z', 'updatedAt': '2022-10-19T03:29:23Z'}}, 'canReply': True, 'totalReplyCount': 7, 'isPublic': True}","{'comments': [{'kind': 'youtube#comment', 'etag': 'dTnT0RQt4LijpacB0ndA5B1a3Yw', 'id': 'UgwkEJAH3l3sgElXfpJ4AaABAg.9hLqLQXKaeU9hWaJV_-jz_', 'snippet': {'videoId': 'SFubem2H08c', 'textDisplay': 'Vamos transformar o comentário abaixo em um mantra nessa reta final de campanha. De que forma: replicando-a em todas as redes sociais. Faça a sua parte repliquem também. &quot;Eu acho que... Comentário Removido Pelo TSE Com a Chancela do Supremo Tribunal Federal (STF - PT).&quot;', 'textOriginal': 'Vamos transformar o comentário abaixo em um mantra nessa reta final de campanha. De que forma: replicando-a em todas as redes sociais. Faça a sua parte repliquem também. ""Eu acho que... Comentário Removido Pelo TSE Com a Chancela do Supremo Tribunal Federal (STF - PT).""', 'parentId': 'UgwkEJAH3l3sgElXfpJ4AaABAg', 'authorDisplayName': 'Melbourne Zobaran', 'authorProfileImageUrl': 'https://yt3.ggpht.com/ytc/AGIKgqOwSVQQOEXyj0IKmGIk5sAa3j57XWdSHsVVaA=s48-c-k-c0x00ffffff-no-rj', 'authorChannelUrl': 'http://www.youtube.com/channel/UCU7EIzDWvgwbylAsBJI-u1g', 'authorChannelId': {'value': 'UCU7EIzDWvgwbylAsBJI-u1g'}, 'canRate': True, 'viewerRating': 'none', 'likeCount': 1, 'publishedAt': '2022-10-23T07:40:58Z', 'updatedAt': '2022-10-23T07:40:58Z'}}, {'kind': 'youtube#comment', 'etag': 'qIT6kmeLlYPi1OYNnR5N4eZzYfY', 'id': 'UgwkEJAH3l3sgElXfpJ4AaABAg.9hLqLQXKaeU9hQYBGNgPxA', 'snippet': {'videoId': 'SFubem2H08c', 'textDisplay': 'Pintou um clima?', 'textOriginal': 'Pintou um clima?', 'parentId': 'UgwkEJAH3l3sgElXfpJ4AaABAg', 'authorDisplayName': 'Tito Schmidt', 'authorProfileImageUrl': 'https://yt3.ggpht.com/ytc/AGIKgqNWaSe9QNOe4I5joNW-1ZwK9HqIepT6L3g9wJ10Pg=s48-c-k-c0x00ffffff-no-rj', 'authorChannelUrl': 'http://www.youtube.com/channel/UC8ycjkbmkEnpGDIwS8n5wPg', 'authorChannelId': {'value': 'UC8ycjkbmkEnpGDIwS8n5wPg'}, 'canRate': True, 'viewerRating': 'none', 'likeCount': 0, 'publishedAt': '2022-10-20T23:18:11Z', 'updatedAt': '2022-10-20T23:18:11Z'}}, {'kind': 'youtube#comment', 'etag': 'pjru7YqqmRSWLyAcaKFcmyQ60nQ', 'id': 'UgwkEJAH3l3sgElXfpJ4AaABAg.9hLqLQXKaeU9hO31JYDKSO', 'snippet': {'videoId': 'SFubem2H08c', 'textDisplay': 'Desculpe Francilene, pois é só uma opinião. Acho que Deus não tem nada a ver com nada disso. Ele nos deu inteligência e livre arbítrio para que nós mesmos possamos tomar nossas decisões. Quando acertamos, ótimo, mas se erramos temos que aceitar pagar pelos erros cometidos.', 'textOriginal': 'Desculpe Francilene, pois é só uma opinião. Acho que Deus não tem nada a ver com nada disso. Ele nos deu inteligência e livre arbítrio para que nós mesmos possamos tomar nossas decisões. Quando acertamos, ótimo, mas se erramos temos que aceitar pagar pelos erros cometidos.', 'parentId': 'UgwkEJAH3l3sgElXfpJ4AaABAg', 'authorDisplayName': 'Antonio Christófalo', 'authorProfileImageUrl': 'https://yt3.ggpht.com/ytc/AGIKgqPD24bS6MgWXdhWJC53R3az0glhMODzgycmuA=s48-c-k-c0x00ffffff-no-rj', 'authorChannelUrl': 'http://www.youtube.com/channel/UCfixFx-VSgbZ8afZiaRYOyA', 'authorChannelId': {'value': 'UCfixFx-VSgbZ8afZiaRYOyA'}, 'canRate': True, 'viewerRating': 'none', 'likeCount': 0, 'publishedAt': '2022-10-20T00:07:27Z', 'updatedAt': '2022-10-20T00:10:02Z'}}, {'kind': 'youtube#comment', 'etag': 'ancztO6DJPnO5G5MDyE3Bi5JxQE', 'id': 'UgwkEJAH3l3sgElXfpJ4AaABAg.9hLqLQXKaeU9hMujnnpSI1', 'snippet': {'videoId': 'SFubem2H08c', 'textDisplay': 'quem é Pai vai entender: quem coloca o Filho num ônibus ou van escolar sabendo q aquele modelo de ônibus sempre apresentou problemas nos países onde foi usado? este ônibus é o comunismo/socialismo/pt/pcc', 'textOriginal': 'quem é Pai vai entender: quem coloca o Filho num ônibus ou van escolar sabendo q aquele modelo de ônibus sempre apresentou problemas nos países onde foi usado? este ônibus é o comunismo/socialismo/pt/pcc', 'parentId': 'UgwkEJAH3l3sgElXfpJ4AaABAg', 'authorDisplayName': 'VIC777 Vieira', 'authorProfileImageUrl': 'https://yt3.ggpht.com/ytc/AGIKgqPvFDei3zd-hNWOwAFOCT0d-nu8VMZUIbvxDw=s48-c-k-c0x00ffffff-no-rj', 'authorChannelUrl': 'http://www.youtube.com/channel/UCjqgtqY0WECpDDZ9is3wWOQ', 'authorChannelId': {'value': 'UCjqgtqY0WECpDDZ9is3wWOQ'}, 'canRate': True, 'viewerRating': 'none', 'likeCount': 2, 'publishedAt': '2022-10-19T13:27:03Z', 'updatedAt': '2022-10-19T13:27:03Z'}}, {'kind': 'youtube#comment', 'etag': 'eWa48uvpWA2OKDLAZZJZkIVVk5k', 'id': 'UgwkEJAH3l3sgElXfpJ4AaABAg.9hLqLQXKaeU9hMs9cvHssp', 'snippet': {'videoId': 'SFubem2H08c', 'textDisplay': '<a href=""https://youtu.be/Al2PCYKOAMo"">https://youtu.be/Al2PCYKOAMo</a>', 'textOriginal': 'https://youtu.be/Al2PCYKOAMo', 'parentId': 'UgwkEJAH3l3sgElXfpJ4AaABAg', 'authorDisplayName': 'Waldir Alves', 'authorProfileImageUrl': 'https://yt3.ggpht.com/ytc/AGIKgqNMBahBc7jMi3-rCTck8gVI3IqDG1yHEogVhw=s48-c-k-c0x00ffffff-no-rj', 'authorChannelUrl': 'http://www.youtube.com/channel/UCHYLlqOdBobsqLSP5aC7C6w', 'authorChannelId': {'value': 'UCHYLlqOdBobsqLSP5aC7C6w'}, 'canRate': True, 'viewerRating': 'none', 'likeCount': 1, 'publishedAt': '2022-10-19T13:04:30Z', 'updatedAt': '2022-10-19T13:04:30Z'}}]}",UCu0YDTBrq8EJUSvy6VWu1kA,2022-10-19T03:29:23Z,Que Deus nos abençoe nos proteja daquele mal chamado PT ta repreendido em nome de Jesus tenho muita fé em Deus que Deus vai nos dar a Vitória em nome de Jesus amém 🇧🇷🇧🇷🇧🇷🇧🇷🇧🇷💚💙💛,,2023-06-09 05:42:53.836139
youtube#commentThread,8sv4ylKxQoNZFqlHINuqYV_IZS8,Ugyp1t4FmQt9Pv4N0xV4AaABAg,"{'videoId': 'SFubem2H08c', 'topLevelComment': {'kind': 'youtube#comment', 'etag': 'qtngGnI0BYXtQSrpG16yqIJhoBo', 'id': 'Ugyp1t4FmQt9Pv4N0xV4AaABAg', 'snippet': {'videoId': 'SFubem2H08c', 'textDisplay': 'Aonde a esquerda chega o mal a pobreza e a miséria vão junto infelizmente!', 'textOriginal': 'Aonde a esquerda chega o mal a pobreza e a miséria vão junto infelizmente!', 'authorDisplayName': 'Andrelina Pereira gomes', 'authorProfileImageUrl': 'https://yt3.ggpht.com/ytc/AGIKgqO722L_bFI47P4QVQGgQQ-e0DbX-WgEl0aHtQaYO9uNaM7V0ObgZSGxvMbPI7l_=s48-c-k-c0x00ffffff-no-rj', 'authorChannelUrl': 'http://www.youtube.com/channel/UC8hKUnGRJHIWDRJVLaGl-nw', 'authorChannelId': {'value': 'UC8hKUnGRJHIWDRJVLaGl-nw'}, 'canRate': True, 'viewerRating': 'none', 'likeCount': 0, 'publishedAt': '2022-10-19T03:27:45Z', 'updatedAt': '2022-10-19T03:27:45Z'}}, 'canReply': True, 'totalReplyCount': 0, 'isPublic': True}",,UC8hKUnGRJHIWDRJVLaGl-nw,2022-10-19T03:27:45Z,Aonde a esquerda chega o mal a pobreza e a miséria vão junto infelizmente!,,2023-06-09 05:42:53.836139
youtube#commentThread,BNkUMHp9KgMbkt0WwtjWWLCvrlo,UgyPQWfmx8g7popRDad4AaABAg,"{'videoId': 'SFubem2H08c', 'topLevelComment': {'kind': 'youtube#comment', 'etag': '8OWjIdD3PfGgUnjXS3nEbpXl58Q', 'id': 'UgyPQWfmx8g7popRDad4AaABAg', 'snippet': {'videoId': 'SFubem2H08c', 'textDisplay': 'Por onde a esquerda passar , destruição deixará . Abre o olho Brasil !!!!!!!!!!', 'textOriginal': 'Por onde a esquerda passar , destruição deixará . Abre o olho Brasil !!!!!!!!!!', 'authorDisplayName': 'The Barba Kill', 'authorProfileImageUrl': 'https://yt3.ggpht.com/ytc/AGIKgqPmQJ9o8pLcdr5WdoaS4kFYyfaN6sYJlznH2gM_=s48-c-k-c0x00ffffff-no-rj', 'authorChannelUrl': 'http://www.youtube.com/channel/UCdvwoQ4UAQx-Pq5eqrECudQ', 'authorChannelId': {'value': 'UCdvwoQ4UAQx-Pq5eqrECudQ'}, 'canRate': True, 'viewerRating': 'none', 'likeCount': 0, 'publishedAt': '2022-10-19T03:26:00Z', 'updatedAt': '2022-10-19T03:26:00Z'}}, 'canReply': True, 'totalReplyCount': 0, 'isPublic': True}",,UCdvwoQ4UAQx-Pq5eqrECudQ,2022-10-19T03:26:00Z,"Por onde a esquerda passar , destruição deixará . Abre o olho Brasil !!!!!!!!!!",,2023-06-09 05:42:53.836139
youtube#commentThread,DB0ALFKO9ueakheXB42i5BqMbkk,UgyZDfNP51zMcvqtZ3d4AaABAg,"{'videoId': 'SFubem2H08c', 'topLevelComment': {'kind': 'youtube#comment', 'etag': 'TDBhbM0r0CdTSuMHKGHLqxM30zg', 'id': 'UgyZDfNP51zMcvqtZ3d4AaABAg', 'snippet': {'videoId': 'SFubem2H08c', 'textDisplay': 'ACABEI DE VOLTAR DI CHILE..  TUDO CARÍSSIMO', 'textOriginal': 'ACABEI DE VOLTAR DI CHILE..  TUDO CARÍSSIMO', 'authorDisplayName': 'Lu S', 'authorProfileImageUrl': 'https://yt3.ggpht.com/ytc/AGIKgqNqdJuk-dqTnhkbrxFZEww_jdroKk8VbjbSsg=s48-c-k-c0x00ffffff-no-rj', 'authorChannelUrl': 'http://www.youtube.com/channel/UCU1RnrOnO_-8CD8Hv2IiVPg', 'authorChannelId': {'value': 'UCU1RnrOnO_-8CD8Hv2IiVPg'}, 'canRate': True, 'viewerRating': 'none', 'likeCount': 102, 'publishedAt': '2022-10-19T03:25:27Z', 'updatedAt': '2022-10-19T03:25:27Z'}}, 'canReply': True, 'totalReplyCount': 9, 'isPublic': True}","{'comments': [{'kind': 'youtube#comment', 'etag': '5e3ON5Z7Z32ld9U4BBNF5NsT0HY', 'id': 'UgyZDfNP51zMcvqtZ3d4AaABAg.9hLpt_4ZHzz9hWaacLOvm8', 'snippet': {'videoId': 'SFubem2H08c', 'textDisplay': 'Vamos transformar o comentário abaixo em um mantra nessa reta final de campanha. De que forma: replicando-a em todas as redes sociais. Faça a sua parte repliquem também. &quot;Eu acho que... Comentário Removido Pelo TSE Com a Chancela do Supremo Tribunal Federal (STF - PT).&quot;', 'textOriginal': 'Vamos transformar o comentário abaixo em um mantra nessa reta final de campanha. De que forma: replicando-a em todas as redes sociais. Faça a sua parte repliquem também. ""Eu acho que... Comentário Removido Pelo TSE Com a Chancela do Supremo Tribunal Federal (STF - PT).""', 'parentId': 'UgyZDfNP51zMcvqtZ3d4AaABAg', 'authorDisplayName': 'Melbourne Zobaran', 'authorProfileImageUrl': 'https://yt3.ggpht.com/ytc/AGIKgqOwSVQQOEXyj0IKmGIk5sAa3j57XWdSHsVVaA=s48-c-k-c0x00ffffff-no-rj', 'authorChannelUrl': 'http://www.youtube.com/channel/UCU7EIzDWvgwbylAsBJI-u1g', 'authorChannelId': {'value': 'UCU7EIzDWvgwbylAsBJI-u1g'}, 'canRate': True, 'viewerRating': 'none', 'likeCount': 1, 'publishedAt': '2022-10-23T07:43:26Z', 'updatedAt': '2022-10-23T07:43:26Z'}}, {'kind': 'youtube#comment', 'etag': 'BaaMymQuSio8kOoIVFXeqkn4daM', 'id': 'UgyZDfNP51zMcvqtZ3d4AaABAg.9hLpt_4ZHzz9hQWcrcDi2u', 'snippet': {'videoId': 'SFubem2H08c', 'textDisplay': '@Vanessa pq vermelho?', 'textOriginal': '@Vanessa pq vermelho?', 'parentId': 'UgyZDfNP51zMcvqtZ3d4AaABAg', 'authorDisplayName': 'Schimers', 'authorProfileImageUrl': 'https://yt3.ggpht.com/95mo3jsAD2JtpI9BsdzTQJbEjgoSz9J4Y6UOb3wEYgSI1Pdf8wqjKzes2wj5Gm10bO7oPohazQ=s48-c-k-c0x00ffffff-no-rj', 'authorChannelUrl': 'http://www.youtube.com/channel/UC3daM1luNTAs0KftkXAUrCA', 'authorChannelId': {'value': 'UC3daM1luNTAs0KftkXAUrCA'}, 'canRate': True, 'viewerRating': 'none', 'likeCount': 0, 'publishedAt': '2022-10-20T23:04:36Z', 'updatedAt': '2022-10-20T23:04:36Z'}}, {'kind': 'youtube#comment', 'etag': '2eNxYDtbXpNOmQHlbvj1WJlm6to', 'id': 'UgyZDfNP51zMcvqtZ3d4AaABAg.9hLpt_4ZHzz9hQWbXURYSS', 'snippet': {'videoId': 'SFubem2H08c', 'textDisplay': '@Marcus Canesqui e com o mundo né', 'textOriginal': '@Marcus Canesqui e com o mundo né', 'parentId': 'UgyZDfNP51zMcvqtZ3d4AaABAg', 'authorDisplayName': 'Schimers', 'authorProfileImageUrl': 'https://yt3.ggpht.com/95mo3jsAD2JtpI9BsdzTQJbEjgoSz9J4Y6UOb3wEYgSI1Pdf8wqjKzes2wj5Gm10bO7oPohazQ=s48-c-k-c0x00ffffff-no-rj', 'authorChannelUrl': 'http://www.youtube.com/channel/UC3daM1luNTAs0KftkXAUrCA', 'authorChannelId': {'value': 'UC3daM1luNTAs0KftkXAUrCA'}, 'canRate': True, 'viewerRating': 'none', 'likeCount': 1, 'publishedAt': '2022-10-20T23:04:26Z', 'updatedAt': '2022-10-20T23:04:26Z'}}, {'kind': 'youtube#comment', 'etag': 'pNk3q2bE-J4dWjXSgV60R-WtqC8', 'id': 'UgyZDfNP51zMcvqtZ3d4AaABAg.9hLpt_4ZHzz9hQUXWT2ZH_', 'snippet': {'videoId': 'SFubem2H08c', 'textDisplay': 'Parecido com o Brasil', 'textOriginal': 'Parecido com o Brasil', 'parentId': 'UgyZDfNP51zMcvqtZ3d4AaABAg', 'authorDisplayName': 'Marcus Canesqui', 'authorProfileImageUrl': 'https://yt3.ggpht.com/ytc/AGIKgqMhxvpxaFLyrYzat7u7P15pbTZlnu6cj-F2ww=s48-c-k-c0x00ffffff-no-rj', 'authorChannelUrl': 'http://www.youtube.com/channel/UCFAWPM8T3afqHuOwg_pXJiQ', 'authorChannelId': {'value': 'UCFAWPM8T3afqHuOwg_pXJiQ'}, 'canRate': True, 'viewerRating': 'none', 'likeCount': 0, 'publishedAt': '2022-10-20T22:46:16Z', 'updatedAt': '2022-10-20T22:46:16Z'}}, {'kind': 'youtube#comment', 'etag': 'KcDaBxmy467HyShEA54t5lI-ofw', 'id': 'UgyZDfNP51zMcvqtZ3d4AaABAg.9hLpt_4ZHzz9hQT3b7ODbH', 'snippet': {'videoId': 'SFubem2H08c', 'textDisplay': '@Schimers acho que lá tá vermelhokkk', 'textOriginal': '@Schimers acho que lá tá vermelhokkk', 'parentId': 'UgyZDfNP51zMcvqtZ3d4AaABAg', 'authorDisplayName': 'Vanessa', 'authorProfileImageUrl': 'https://yt3.ggpht.com/YO1wBl7QpKXHFzWvIRAvg3xioM7Lvv7zttVvN401qmsy-uaojvkkqx436hUZ1FEmpcjDDjMispA=s48-c-k-c0x00ffffff-no-rj', 'authorChannelUrl': 'http://www.youtube.com/channel/UCQWk9j0ybkf4LWvcSNjQu3g', 'authorChannelId': {'value': 'UCQWk9j0ybkf4LWvcSNjQu3g'}, 'canRate': True, 'viewerRating': 'none', 'likeCount': 0, 'publishedAt': '2022-10-20T22:33:27Z', 'updatedAt': '2022-10-20T22:33:27Z'}}]}",UCU1RnrOnO_-8CD8Hv2IiVPg,2022-10-19T03:25:27Z,ACABEI DE VOLTAR DI CHILE..  TUDO CARÍSSIMO,,2023-06-09 05:42:53.836139
youtube#commentThread,zP1-TUfKBcYbngZRfoapC6OGBgw,Ugz_c6q1NQC-z5GJRp54AaABAg,"{'videoId': 'SFubem2H08c', 'topLevelComment': {'kind': 'youtube#comment', 'etag': 'vEXrrkBICqfc98DxBnArubdeGMc', 'id': 'Ugz_c6q1NQC-z5GJRp54AaABAg', 'snippet': {'videoId': 'SFubem2H08c', 'textDisplay': 'Aqui será a mesma coisa se o PT ganhar a eleição.', 'textOriginal': 'Aqui será a mesma coisa se o PT ganhar a eleição.', 'authorDisplayName': 'Giba Tequila', 'authorProfileImageUrl': 'https://yt3.ggpht.com/ytc/AGIKgqMrKBLfJRNP5jEmQbsw4va8Ebl-sa5-t-59outC=s48-c-k-c0x00ffffff-no-rj', 'authorChannelUrl': 'http://www.youtube.com/channel/UCy6EP7B8b1q4ZgHZwNcTZ4A', 'authorChannelId': {'value': 'UCy6EP7B8b1q4ZgHZwNcTZ4A'}, 'canRate': True, 'viewerRating': 'none', 'likeCount': 156, 'publishedAt': '2022-10-19T03:24:24Z', 'updatedAt': '2022-10-19T03:24:24Z'}}, 'canReply': True, 'totalReplyCount': 19, 'isPublic': True}","{'comments': [{'kind': 'youtube#comment', 'etag': 'Pa5Ci4AgDpeHce7BBSctmZWfK5U', 'id': 'Ugz_c6q1NQC-z5GJRp54AaABAg.9hLpluAcunx9hZ_bT-xjUK', 'snippet': {'videoId': 'SFubem2H08c', 'textDisplay': '@Sergio Kkkk é nessa epoca onde todo mundo comia picanha direito?', 'textOriginal': '@Sergio Kkkk é nessa epoca onde todo mundo comia picanha direito?', 'parentId': 'Ugz_c6q1NQC-z5GJRp54AaABAg', 'authorDisplayName': 'Unknown Supersoldier', 'authorProfileImageUrl': 'https://yt3.ggpht.com/8UD-u843toNiuxRn0cFwE5zhjuLZkHHVahUZCJzJyEqbbL8fx9sEq8HAKtk2uMfw4F26zBRX6SU=s48-c-k-c0x00ffffff-no-rj', 'authorChannelUrl': 'http://www.youtube.com/channel/UCdbaGA4n-t_ikMv19QF6Q7w', 'authorChannelId': {'value': 'UCdbaGA4n-t_ikMv19QF6Q7w'}, 'canRate': True, 'viewerRating': 'none', 'likeCount': 0, 'publishedAt': '2022-10-24T11:32:32Z', 'updatedAt': '2022-10-24T11:32:32Z'}}, {'kind': 'youtube#comment', 'etag': 'd6h41xj3kyeZLmXvTd1JWscjNcA', 'id': 'Ugz_c6q1NQC-z5GJRp54AaABAg.9hLpluAcunx9hZ_MoJEiIV', 'snippet': {'videoId': 'SFubem2H08c', 'textDisplay': '@Sergio Sim a Boom da commodites ajudou a América Latina e o Brasil crescer economicamente', 'textOriginal': '@Sergio Sim a Boom da commodites ajudou a América Latina e o Brasil crescer economicamente', 'parentId': 'Ugz_c6q1NQC-z5GJRp54AaABAg', 'authorDisplayName': 'Unknown Supersoldier', 'authorProfileImageUrl': 'https://yt3.ggpht.com/8UD-u843toNiuxRn0cFwE5zhjuLZkHHVahUZCJzJyEqbbL8fx9sEq8HAKtk2uMfw4F26zBRX6SU=s48-c-k-c0x00ffffff-no-rj', 'authorChannelUrl': 'http://www.youtube.com/channel/UCdbaGA4n-t_ikMv19QF6Q7w', 'authorChannelId': {'value': 'UCdbaGA4n-t_ikMv19QF6Q7w'}, 'canRate': True, 'viewerRating': 'none', 'likeCount': 0, 'publishedAt': '2022-10-24T11:30:24Z', 'updatedAt': '2022-10-24T11:30:24Z'}}, {'kind': 'youtube#comment', 'etag': 'PZB_SEhS6T35LJAN-j3SRkK1kRo', 'id': 'Ugz_c6q1NQC-z5GJRp54AaABAg.9hLpluAcunx9hZ_I2lwrbv', 'snippet': {'videoId': 'SFubem2H08c', 'textDisplay': '@Sergio Ficou tão ótimo, que ele endividou a petrobás!', 'textOriginal': '@Sergio Ficou tão ótimo, que ele endividou a petrobás!', 'parentId': 'Ugz_c6q1NQC-z5GJRp54AaABAg', 'authorDisplayName': 'Unknown Supersoldier', 'authorProfileImageUrl': 'https://yt3.ggpht.com/8UD-u843toNiuxRn0cFwE5zhjuLZkHHVahUZCJzJyEqbbL8fx9sEq8HAKtk2uMfw4F26zBRX6SU=s48-c-k-c0x00ffffff-no-rj', 'authorChannelUrl': 'http://www.youtube.com/channel/UCdbaGA4n-t_ikMv19QF6Q7w', 'authorChannelId': {'value': 'UCdbaGA4n-t_ikMv19QF6Q7w'}, 'canRate': True, 'viewerRating': 'none', 'likeCount': 0, 'publishedAt': '2022-10-24T11:29:45Z', 'updatedAt': '2022-10-24T11:29:45Z'}}, {'kind': 'youtube#comment', 'etag': '5r3fmkaXLIDuNmZKGPN97gpdFpY', 'id': 'Ugz_c6q1NQC-z5GJRp54AaABAg.9hLpluAcunx9hWrHQ-byc4', 'snippet': {'videoId': 'SFubem2H08c', 'textDisplay': '@Waldir Alves vocês  esqueceram que Lula já foi presidente por 8 anos e a nossa economia no período ficou entre os países mais ricos do mundo(sétimo), não venha colocar terror em coisas que não existiram e que não vão existir', 'textOriginal': '@Waldir Alves vocês  esqueceram que Lula já foi presidente por 8 anos e a nossa economia no período ficou entre os países mais ricos do mundo(sétimo), não venha colocar terror em coisas que não existiram e que não vão existir', 'parentId': 'Ugz_c6q1NQC-z5GJRp54AaABAg', 'authorDisplayName': 'Sergio', 'authorProfileImageUrl': 'https://yt3.ggpht.com/2K7S3EcYvju7VOF5s_xiTekfIiPUegsJXGmI_M7YU07NaqecRBQhBXknHSZo0daHVJb9IaQBpG8=s48-c-k-c0x00ffffff-no-rj', 'authorChannelUrl': 'http://www.youtube.com/channel/UCJqxqz16PXdE5AsPPLArv9w', 'authorChannelId': {'value': 'UCJqxqz16PXdE5AsPPLArv9w'}, 'canRate': True, 'viewerRating': 'none', 'likeCount': 0, 'publishedAt': '2022-10-23T10:09:13Z', 'updatedAt': '2022-10-23T10:09:13Z'}}, {'kind': 'youtube#comment', 'etag': 'X9NklZ3essjNYoLR_hJf5UWIPVA', 'id': 'Ugz_c6q1NQC-z5GJRp54AaABAg.9hLpluAcunx9hWqVJMzX4p', 'snippet': {'videoId': 'SFubem2H08c', 'textDisplay': '@Sergio Será que foi à toa que o Emanuel macron estendeu o tapete vermelho para o Lula, Será que foi à toa que o Lula falou que vai compartilhar a Amazônia, você gostaria de ver uma posse do Lula com maduro, Alberto Fernandes, Daniel Ortega, Gabriel borick no mesmo palco eu como brasileiro não gostaria de ver nada disso, não a censura PT nunca mais', 'textOriginal': '@Sergio Será que foi à toa que o Emanuel macron estendeu o tapete vermelho para o Lula, Será que foi à toa que o Lula falou que vai compartilhar a Amazônia, você gostaria de ver uma posse do Lula com maduro, Alberto Fernandes, Daniel Ortega, Gabriel borick no mesmo palco eu como brasileiro não gostaria de ver nada disso, não a censura PT nunca mais', 'parentId': 'Ugz_c6q1NQC-z5GJRp54AaABAg', 'authorDisplayName': 'Waldir Alves', 'authorProfileImageUrl': 'https://yt3.ggpht.com/ytc/AGIKgqNMBahBc7jMi3-rCTck8gVI3IqDG1yHEogVhw=s48-c-k-c0x00ffffff-no-rj', 'authorChannelUrl': 'http://www.youtube.com/channel/UCHYLlqOdBobsqLSP5aC7C6w', 'authorChannelId': {'value': 'UCHYLlqOdBobsqLSP5aC7C6w'}, 'canRate': True, 'viewerRating': 'none', 'likeCount': 0, 'publishedAt': '2022-10-23T10:02:23Z', 'updatedAt': '2022-10-23T10:02:23Z'}}]}",UCy6EP7B8b1q4ZgHZwNcTZ4A,2022-10-19T03:24:24Z,Aqui será a mesma coisa se o PT ganhar a eleição.,,2023-06-09 05:42:53.836139
