kind,etag,id,snippet,replies,authorChannelId,publishedAt,textOriginal,nextPageToken,extraction_date
youtube#commentThread,4wOjhZ9cujPYusXMro86e6wLWno,Ugxcu6NiRVwfKOplmqx4AaABAg,"{'videoId': 'RB2SIx6Uy9g', 'topLevelComment': {'kind': 'youtube#comment', 'etag': 'PgjRhXL_g8MY0aJP4Qkn7F-2LOU', 'id': 'Ugxcu6NiRVwfKOplmqx4AaABAg', 'snippet': {'videoId': 'RB2SIx6Uy9g', 'textDisplay': '⚠️❌⚠️ - SEGURANÇA NA VOTAÇÃO: O que impede que MESÁRIOS (mal-intencionados) votem no lugar dos ELEITORES? Ainda mais sabendo através das redes sociais, O PARTIDO de cada um. 🤔... DESPERTAR É PRECISO!!!  👁️🇧🇷🖖', 'textOriginal': '⚠️❌⚠️ - SEGURANÇA NA VOTAÇÃO: O que impede que MESÁRIOS (mal-intencionados) votem no lugar dos ELEITORES? Ainda mais sabendo através das redes sociais, O PARTIDO de cada um. 🤔... DESPERTAR É PRECISO!!!  👁️🇧🇷🖖', 'authorDisplayName': 'ALBERTO O COMANDINI', 'authorProfileImageUrl': 'https://yt3.ggpht.com/ytc/AGIKgqNSAW5IVJaJVlwlCuFQ8UPdTaKokpiieiR0Kw=s48-c-k-c0x00ffffff-no-rj', 'authorChannelUrl': 'http://www.youtube.com/channel/UC_G95CAYfXAtUCxr_2tNarg', 'authorChannelId': {'value': 'UC_G95CAYfXAtUCxr_2tNarg'}, 'canRate': True, 'viewerRating': 'none', 'likeCount': 0, 'publishedAt': '2022-10-27T15:39:29Z', 'updatedAt': '2022-10-27T15:39:29Z'}}, 'canReply': True, 'totalReplyCount': 0, 'isPublic': True}",,UC_G95CAYfXAtUCxr_2tNarg,2022-10-27T15:39:29Z,"⚠️❌⚠️ - SEGURANÇA NA VOTAÇÃO: O que impede que MESÁRIOS (mal-intencionados) votem no lugar dos ELEITORES? Ainda mais sabendo através das redes sociais, O PARTIDO de cada um. 🤔... DESPERTAR É PRECISO!!!  👁️🇧🇷🖖",,2023-06-09 05:19:40.442272
youtube#commentThread,dBUxMux3H1VTYrRv5PXtIMkUId0,UgwD4xbgRiSKC36fhyp4AaABAg,"{'videoId': 'RB2SIx6Uy9g', 'topLevelComment': {'kind': 'youtube#comment', 'etag': 'wcQAt8R0Tp9YQA3yAyxBfjQ1AIw', 'id': 'UgwD4xbgRiSKC36fhyp4AaABAg', 'snippet': {'videoId': 'RB2SIx6Uy9g', 'textDisplay': 'Romário surtou kkkkkk', 'textOriginal': 'Romário surtou kkkkkk', 'authorDisplayName': 'Rodrigo Ramos', 'authorProfileImageUrl': 'https://yt3.ggpht.com/ytc/AGIKgqPcw0gpvs67VLgPw90QuYLMVxoPr5MvcnOLlQ=s48-c-k-c0x00ffffff-no-rj', 'authorChannelUrl': 'http://www.youtube.com/channel/UCbq8h0jl7XtkTBGDr6LOi_w', 'authorChannelId': {'value': 'UCbq8h0jl7XtkTBGDr6LOi_w'}, 'canRate': True, 'viewerRating': 'none', 'likeCount': 0, 'publishedAt': '2022-10-10T23:53:51Z', 'updatedAt': '2022-10-10T23:53:51Z'}}, 'canReply': True, 'totalReplyCount': 0, 'isPublic': True}",,UCbq8h0jl7XtkTBGDr6LOi_w,2022-10-10T23:53:51Z,Romário surtou kkkkkk,,2023-06-09 05:19:40.442272
youtube#commentThread,OLEGpSZcTRvPtjQmivIFGqbGf7Y,Ugz27yDBcB99a-04fNR4AaABAg,"{'videoId': 'RB2SIx6Uy9g', 'topLevelComment': {'kind': 'youtube#comment', 'etag': 'QUP1GO1EN6lKRpXaG2c6hWelW-Y', 'id': 'Ugz27yDBcB99a-04fNR4AaABAg', 'snippet': {'videoId': 'RB2SIx6Uy9g', 'textDisplay': 'Daniel Silveira heroi brasileiro', 'textOriginal': 'Daniel Silveira heroi brasileiro', 'authorDisplayName': 'Ricardo', 'authorProfileImageUrl': 'https://yt3.ggpht.com/ytc/AGIKgqP-w6z0cGxitZUlB7SNmhEcMqOpiPXaRiCRp0bQbHI=s48-c-k-c0x00ffffff-no-rj', 'authorChannelUrl': 'http://www.youtube.com/channel/UClwu0Sl7ReqfU6ITCtBEw3g', 'authorChannelId': {'value': 'UClwu0Sl7ReqfU6ITCtBEw3g'}, 'canRate': True, 'viewerRating': 'none', 'likeCount': 4, 'publishedAt': '2022-10-05T20:58:34Z', 'updatedAt': '2022-10-05T20:58:34Z'}}, 'canReply': True, 'totalReplyCount': 0, 'isPublic': True}",,UClwu0Sl7ReqfU6ITCtBEw3g,2022-10-05T20:58:34Z,Daniel Silveira heroi brasileiro,,2023-06-09 05:19:40.442272
youtube#commentThread,qmhKWDRoMNQicLyq-43RBN-3WXM,UgwPuZuWHqUYIIZeFhB4AaABAg,"{'videoId': 'RB2SIx6Uy9g', 'topLevelComment': {'kind': 'youtube#comment', 'etag': 'bQM0G8ZJQ7SeQZPKpJmnKikxY0A', 'id': 'UgwPuZuWHqUYIIZeFhB4AaABAg', 'snippet': {'videoId': 'RB2SIx6Uy9g', 'textDisplay': 'Os dois derrotados', 'textOriginal': 'Os dois derrotados', 'authorDisplayName': 'Carlos Luis', 'authorProfileImageUrl': 'https://yt3.ggpht.com/ytc/AGIKgqMx91JQxDhJS0zttxQ0CP_nLZ2wgF4TuqUcwQ=s48-c-k-c0x00ffffff-no-rj', 'authorChannelUrl': 'http://www.youtube.com/channel/UCitCT21yhOyAbyg6QOzWZeg', 'authorChannelId': {'value': 'UCitCT21yhOyAbyg6QOzWZeg'}, 'canRate': True, 'viewerRating': 'none', 'likeCount': 1, 'publishedAt': '2022-10-04T23:43:07Z', 'updatedAt': '2022-10-04T23:43:07Z'}}, 'canReply': True, 'totalReplyCount': 0, 'isPublic': True}",,UCitCT21yhOyAbyg6QOzWZeg,2022-10-04T23:43:07Z,Os dois derrotados,,2023-06-09 05:19:40.442272
youtube#commentThread,sCGsUTeM09J73Lf66eiv_z3m4Co,UgwNjpvg46RWZPK1D8t4AaABAg,"{'videoId': 'RB2SIx6Uy9g', 'topLevelComment': {'kind': 'youtube#comment', 'etag': '5O3jTxfem8xxVlQeEMPL7ymN5Ho', 'id': 'UgwNjpvg46RWZPK1D8t4AaABAg', 'snippet': {'videoId': 'RB2SIx6Uy9g', 'textDisplay': 'Quantos votos teve o Daniel silveira?', 'textOriginal': 'Quantos votos teve o Daniel silveira?', 'authorDisplayName': 'Francisco Jairo De Azevedo Azevedo', 'authorProfileImageUrl': 'https://yt3.ggpht.com/ytc/AGIKgqOPnVVUP5PU9rZ6acHFdn268KfTkRyGD63hcw=s48-c-k-c0x00ffffff-no-rj', 'authorChannelUrl': 'http://www.youtube.com/channel/UCV8pdu3MzSr5RhbbqixfCsQ', 'authorChannelId': {'value': 'UCV8pdu3MzSr5RhbbqixfCsQ'}, 'canRate': True, 'viewerRating': 'none', 'likeCount': 1, 'publishedAt': '2022-10-04T12:45:12Z', 'updatedAt': '2022-10-04T12:45:12Z'}}, 'canReply': True, 'totalReplyCount': 0, 'isPublic': True}",,UCV8pdu3MzSr5RhbbqixfCsQ,2022-10-04T12:45:12Z,Quantos votos teve o Daniel silveira?,,2023-06-09 05:19:40.442272
youtube#commentThread,LUbydqqfbG5UPVyu0NvbbYRqItg,UgwWCVvglF_cNlNmcH54AaABAg,"{'videoId': 'RB2SIx6Uy9g', 'topLevelComment': {'kind': 'youtube#comment', 'etag': 'CUAdLhmFHjhUuFzKL9YNJMrkPP8', 'id': 'UgwWCVvglF_cNlNmcH54AaABAg', 'snippet': {'videoId': 'RB2SIx6Uy9g', 'textDisplay': 'Conversa de adulto, sem mimimi...', 'textOriginal': 'Conversa de adulto, sem mimimi...', 'authorDisplayName': 'Wesley Ferreira da Silva', 'authorProfileImageUrl': 'https://yt3.ggpht.com/ytc/AGIKgqNk1sutXBemeJ2W9KmHRwmf9nhoBgZzGNHnZNon_W0=s48-c-k-c0x00ffffff-no-rj', 'authorChannelUrl': 'http://www.youtube.com/channel/UCl7MjVqL1wWar9AUQ7xXOnA', 'authorChannelId': {'value': 'UCl7MjVqL1wWar9AUQ7xXOnA'}, 'canRate': True, 'viewerRating': 'none', 'likeCount': 1, 'publishedAt': '2022-10-04T01:11:54Z', 'updatedAt': '2022-10-04T01:11:54Z'}}, 'canReply': True, 'totalReplyCount': 0, 'isPublic': True}",,UCl7MjVqL1wWar9AUQ7xXOnA,2022-10-04T01:11:54Z,"Conversa de adulto, sem mimimi...",,2023-06-09 05:19:40.442272
youtube#commentThread,Bfs7OUuIc5t_01Hu8_HenDge8T0,Ugz-6vQQlkoLD1oAUiV4AaABAg,"{'videoId': 'RB2SIx6Uy9g', 'topLevelComment': {'kind': 'youtube#comment', 'etag': 'z68qR9vCe7XDHTu3YAZFto-Dl7U', 'id': 'Ugz-6vQQlkoLD1oAUiV4AaABAg', 'snippet': {'videoId': 'RB2SIx6Uy9g', 'textDisplay': 'Que nojo eu senti! Vontade de vomitar!', 'textOriginal': 'Que nojo eu senti! Vontade de vomitar!', 'authorDisplayName': 'E MARINHO', 'authorProfileImageUrl': 'https://yt3.ggpht.com/ytc/AGIKgqPAR6RTp0TW81EAf-qQrnPmBpF-LRacV1bBJndQCA=s48-c-k-c0x00ffffff-no-rj', 'authorChannelUrl': 'http://www.youtube.com/channel/UCwpl9Yd8Mlv7-589ZY1xBDw', 'authorChannelId': {'value': 'UCwpl9Yd8Mlv7-589ZY1xBDw'}, 'canRate': True, 'viewerRating': 'none', 'likeCount': 1, 'publishedAt': '2022-10-03T21:41:10Z', 'updatedAt': '2022-10-03T21:41:10Z'}}, 'canReply': True, 'totalReplyCount': 1, 'isPublic': True}","{'comments': [{'kind': 'youtube#comment', 'etag': 'SG__rJuhKOgZI9mMU-De0pjLDXE', 'id': 'Ugz-6vQQlkoLD1oAUiV4AaABAg.9gjaZs-xiRQ9gs3W7K5fhz', 'snippet': {'videoId': 'RB2SIx6Uy9g', 'textDisplay': 'Quando o molusco foi pro segundo turno ??', 'textOriginal': 'Quando o molusco foi pro segundo turno ??', 'parentId': 'Ugz-6vQQlkoLD1oAUiV4AaABAg', 'authorDisplayName': 'Renato Peran', 'authorProfileImageUrl': 'https://yt3.ggpht.com/NPdSvx6PAnaE9jHmjfZycDhBlvkOVTFn_GimMthafJu_cNwnyRYHfT1uTDPjjkdp6Kq478S4ZA=s48-c-k-c0x00ffffff-no-rj', 'authorChannelUrl': 'http://www.youtube.com/channel/UC1BwM-7JKYaQeU5rM7eA9sg', 'authorChannelId': {'value': 'UC1BwM-7JKYaQeU5rM7eA9sg'}, 'canRate': True, 'viewerRating': 'none', 'likeCount': 0, 'publishedAt': '2022-10-07T04:36:44Z', 'updatedAt': '2022-10-07T04:36:44Z'}}]}",UCwpl9Yd8Mlv7-589ZY1xBDw,2022-10-03T21:41:10Z,Que nojo eu senti! Vontade de vomitar!,,2023-06-09 05:19:40.442272
youtube#commentThread,iNle9p9kWk-yoEOAkQ5dOZj7lwM,Ugxt6wyLNyL4AS-qd6R4AaABAg,"{'videoId': 'RB2SIx6Uy9g', 'topLevelComment': {'kind': 'youtube#comment', 'etag': 'iN-dt7XW1LqMA48PYjLz67LR2EM', 'id': 'Ugxt6wyLNyL4AS-qd6R4AaABAg', 'snippet': {'videoId': 'RB2SIx6Uy9g', 'textDisplay': 'bolsonaro presidente da República 👏 👏', 'textOriginal': 'bolsonaro presidente da República 👏 👏', 'authorDisplayName': 'Gilda Cardélli', 'authorProfileImageUrl': 'https://yt3.ggpht.com/ytc/AGIKgqPHyObFgTk1e-lTaX3kIbfa4FpLygZUl3AblbJqmcuM3fJqpKrN32Si4i71A8tA=s48-c-k-c0x00ffffff-no-rj', 'authorChannelUrl': 'http://www.youtube.com/channel/UCV_-NGPdARMZDA6YqbXAoGw', 'authorChannelId': {'value': 'UCV_-NGPdARMZDA6YqbXAoGw'}, 'canRate': True, 'viewerRating': 'none', 'likeCount': 2, 'publishedAt': '2022-10-03T17:18:09Z', 'updatedAt': '2022-10-03T17:18:09Z'}}, 'canReply': True, 'totalReplyCount': 0, 'isPublic': True}",,UCV_-NGPdARMZDA6YqbXAoGw,2022-10-03T17:18:09Z,bolsonaro presidente da República 👏 👏,,2023-06-09 05:19:40.442272
youtube#commentThread,GVW_KGIivNb_1p_Oisb4rfP7qfo,UgyN96S7z5Ghwl7CXG54AaABAg,"{'videoId': 'RB2SIx6Uy9g', 'topLevelComment': {'kind': 'youtube#comment', 'etag': 'BJkVeFJ6UvdzJt3Pol7Wwoin8yc', 'id': 'UgyN96S7z5Ghwl7CXG54AaABAg', 'snippet': {'videoId': 'RB2SIx6Uy9g', 'textDisplay': 'Lógico que sim. Eles são irmãos siameses. Dois arruaceiros, subversivos e ignorantes.', 'textOriginal': 'Lógico que sim. Eles são irmãos siameses. Dois arruaceiros, subversivos e ignorantes.', 'authorDisplayName': 'Joyce de Mello Meirelles', 'authorProfileImageUrl': 'https://yt3.ggpht.com/77sqm8A5MJLiLUnuvUQiVoDFQ6lLJo04H5GUE2E7o5mB63DXMvbridljnprD4cKxRg6TE4sY=s48-c-k-c0x00ffffff-no-rj', 'authorChannelUrl': 'http://www.youtube.com/channel/UCC4MBBayn01-HLlvYXT7IKQ', 'authorChannelId': {'value': 'UCC4MBBayn01-HLlvYXT7IKQ'}, 'canRate': True, 'viewerRating': 'none', 'likeCount': 1, 'publishedAt': '2022-10-03T13:51:07Z', 'updatedAt': '2022-10-03T13:51:07Z'}}, 'canReply': True, 'totalReplyCount': 0, 'isPublic': True}",,UCC4MBBayn01-HLlvYXT7IKQ,2022-10-03T13:51:07Z,"Lógico que sim. Eles são irmãos siameses. Dois arruaceiros, subversivos e ignorantes.",,2023-06-09 05:19:40.442272
youtube#commentThread,s_ngssYZ-otrINeURB7FFDpCZOc,UgxxnQULaWyMTfLWBuh4AaABAg,"{'videoId': 'RB2SIx6Uy9g', 'topLevelComment': {'kind': 'youtube#comment', 'etag': 'dATd4FKxgipd5hs_bX_lFOAIfdI', 'id': 'UgxxnQULaWyMTfLWBuh4AaABAg', 'snippet': {'videoId': 'RB2SIx6Uy9g', 'textDisplay': 'Eu to e passada com esasa eleicao, ja vi muitas, a nivel Nacao nunca vi uma eleicao tao podre como essa. E vergonhoso e pricipalmente.', 'textOriginal': 'Eu to e passada com esasa eleicao, ja vi muitas, a nivel Nacao nunca vi uma eleicao tao podre como essa. E vergonhoso e pricipalmente.', 'authorDisplayName': 'Ana Suzana Vanderlei', 'authorProfileImageUrl': 'https://yt3.ggpht.com/ytc/AGIKgqPQ2tfZgD7ZNSHnMkucICWuzrJ-XUNEpmylijAdTA=s48-c-k-c0x00ffffff-no-rj', 'authorChannelUrl': 'http://www.youtube.com/channel/UC5wLxaQTW3t-ayxHaT95S_A', 'authorChannelId': {'value': 'UC5wLxaQTW3t-ayxHaT95S_A'}, 'canRate': True, 'viewerRating': 'none', 'likeCount': 3, 'publishedAt': '2022-10-03T13:31:09Z', 'updatedAt': '2022-10-03T13:31:09Z'}}, 'canReply': True, 'totalReplyCount': 1, 'isPublic': True}","{'comments': [{'kind': 'youtube#comment', 'etag': 'waG2ll0Yru35bVIxQB_G-7xqYrY', 'id': 'UgxxnQULaWyMTfLWBuh4AaABAg.9giiUqGdJcc9gs3c6TejLC', 'snippet': {'videoId': 'RB2SIx6Uy9g', 'textDisplay': 'Concordo, ainda mais com a ida do ladrão mor pro segundo turno né.', 'textOriginal': 'Concordo, ainda mais com a ida do ladrão mor pro segundo turno né.', 'parentId': 'UgxxnQULaWyMTfLWBuh4AaABAg', 'authorDisplayName': 'Renato Peran', 'authorProfileImageUrl': 'https://yt3.ggpht.com/NPdSvx6PAnaE9jHmjfZycDhBlvkOVTFn_GimMthafJu_cNwnyRYHfT1uTDPjjkdp6Kq478S4ZA=s48-c-k-c0x00ffffff-no-rj', 'authorChannelUrl': 'http://www.youtube.com/channel/UC1BwM-7JKYaQeU5rM7eA9sg', 'authorChannelId': {'value': 'UC1BwM-7JKYaQeU5rM7eA9sg'}, 'canRate': True, 'viewerRating': 'none', 'likeCount': 0, 'publishedAt': '2022-10-07T04:37:41Z', 'updatedAt': '2022-10-07T04:37:41Z'}}]}",UC5wLxaQTW3t-ayxHaT95S_A,2022-10-03T13:31:09Z,"Eu to e passada com esasa eleicao, ja vi muitas, a nivel Nacao nunca vi uma eleicao tao podre como essa. E vergonhoso e pricipalmente.",,2023-06-09 05:19:40.442272
youtube#commentThread,KX5AA1I1S7NLUTdbfbvb3qKwthI,Ugzt4mBQz06UG-qPlU54AaABAg,"{'videoId': 'RB2SIx6Uy9g', 'topLevelComment': {'kind': 'youtube#comment', 'etag': 'i3g7rLxQKMFsxzEpG3tvu_3y5gc', 'id': 'Ugzt4mBQz06UG-qPlU54AaABAg', 'snippet': {'videoId': 'RB2SIx6Uy9g', 'textDisplay': 'Eu também votei em Daniel Silveira 🇧🇷🇧🇷🇧🇷🇧🇷🇧🇷🇧🇷', 'textOriginal': 'Eu também votei em Daniel Silveira 🇧🇷🇧🇷🇧🇷🇧🇷🇧🇷🇧🇷', 'authorDisplayName': 'Marcia moura Costa', 'authorProfileImageUrl': 'https://yt3.ggpht.com/ytc/AGIKgqMmRIb0AqiDqQo6SWKdLh5vT2FKmx7dgXjYXQ=s48-c-k-c0x00ffffff-no-rj', 'authorChannelUrl': 'http://www.youtube.com/channel/UCeKfBdCBFfefQZZ68z5sAoA', 'authorChannelId': {'value': 'UCeKfBdCBFfefQZZ68z5sAoA'}, 'canRate': True, 'viewerRating': 'none', 'likeCount': 9, 'publishedAt': '2022-10-03T12:51:07Z', 'updatedAt': '2022-10-03T12:51:07Z'}}, 'canReply': True, 'totalReplyCount': 0, 'isPublic': True}",,UCeKfBdCBFfefQZZ68z5sAoA,2022-10-03T12:51:07Z,Eu também votei em Daniel Silveira 🇧🇷🇧🇷🇧🇷🇧🇷🇧🇷🇧🇷,,2023-06-09 05:19:40.442272
youtube#commentThread,L2XYaUo8P--QKRLniDDJ3lIBsnM,UgxGwaC0sYBL6f693mx4AaABAg,"{'videoId': 'RB2SIx6Uy9g', 'topLevelComment': {'kind': 'youtube#comment', 'etag': 'EOacA_w67hVmPuPd5oV5dFxk_Fw', 'id': 'UgxGwaC0sYBL6f693mx4AaABAg', 'snippet': {'videoId': 'RB2SIx6Uy9g', 'textDisplay': '2 pilantras', 'textOriginal': '2 pilantras', 'authorDisplayName': 'Brandão', 'authorProfileImageUrl': 'https://yt3.ggpht.com/Ia394USHzky5lw1VBi0NDHxHoIzoAH8VPyesNfUJMqDNaXYTOWj9lt2i2oQg7ziZZDXmQQoL=s48-c-k-c0x00ffffff-no-rj', 'authorChannelUrl': 'http://www.youtube.com/channel/UCqJaxfyTe0zCCc6e6xAma9A', 'authorChannelId': {'value': 'UCqJaxfyTe0zCCc6e6xAma9A'}, 'canRate': True, 'viewerRating': 'none', 'likeCount': 0, 'publishedAt': '2022-10-03T02:21:15Z', 'updatedAt': '2022-10-03T02:21:15Z'}}, 'canReply': True, 'totalReplyCount': 0, 'isPublic': True}",,UCqJaxfyTe0zCCc6e6xAma9A,2022-10-03T02:21:15Z,2 pilantras,,2023-06-09 05:19:40.442272
youtube#commentThread,0PgojnlY4dPE4nH_FBhXl2GXO4g,UgxPMYz4uoJEu8xfQOF4AaABAg,"{'videoId': 'RB2SIx6Uy9g', 'topLevelComment': {'kind': 'youtube#comment', 'etag': 'z2BfdTBNSmojYdvRlMvpv_cUPWo', 'id': 'UgxPMYz4uoJEu8xfQOF4AaABAg', 'snippet': {'videoId': 'RB2SIx6Uy9g', 'textDisplay': 'Ķkkkkkkkkk', 'textOriginal': 'Ķkkkkkkkkk', 'authorDisplayName': 'Reinaldo Souza', 'authorProfileImageUrl': 'https://yt3.ggpht.com/ytc/AGIKgqPkeY3kn_OsOzGkDmoJ4xx1XzU6XFoEEL-ukw=s48-c-k-c0x00ffffff-no-rj', 'authorChannelUrl': 'http://www.youtube.com/channel/UCumcT2EuRg_oX2Lqx-z_DGg', 'authorChannelId': {'value': 'UCumcT2EuRg_oX2Lqx-z_DGg'}, 'canRate': True, 'viewerRating': 'none', 'likeCount': 0, 'publishedAt': '2022-10-03T02:19:17Z', 'updatedAt': '2022-10-03T02:19:17Z'}}, 'canReply': True, 'totalReplyCount': 0, 'isPublic': True}",,UCumcT2EuRg_oX2Lqx-z_DGg,2022-10-03T02:19:17Z,Ķkkkkkkkkk,,2023-06-09 05:19:40.442272
youtube#commentThread,Csb-vX-xCOiLc4PdiINsl3WVPpA,UgxTBPmeY_qNaaPS8uJ4AaABAg,"{'videoId': 'RB2SIx6Uy9g', 'topLevelComment': {'kind': 'youtube#comment', 'etag': '4oyqDsoHiaZz2CYAD6xZzFrNriU', 'id': 'UgxTBPmeY_qNaaPS8uJ4AaABAg', 'snippet': {'videoId': 'RB2SIx6Uy9g', 'textDisplay': 'Kkkkk', 'textOriginal': 'Kkkkk', 'authorDisplayName': 'Samara Soares', 'authorProfileImageUrl': 'https://yt3.ggpht.com/ytc/AGIKgqOO9kiZadbcn-fjm7DQBKXu1s884uhaCvvsXw=s48-c-k-c0x00ffffff-no-rj', 'authorChannelUrl': 'http://www.youtube.com/channel/UC9EVAwHdh59ywWpWMlzooag', 'authorChannelId': {'value': 'UC9EVAwHdh59ywWpWMlzooag'}, 'canRate': True, 'viewerRating': 'none', 'likeCount': 1, 'publishedAt': '2022-10-03T00:54:33Z', 'updatedAt': '2022-10-03T00:54:33Z'}}, 'canReply': True, 'totalReplyCount': 0, 'isPublic': True}",,UC9EVAwHdh59ywWpWMlzooag,2022-10-03T00:54:33Z,Kkkkk,,2023-06-09 05:19:40.442272
youtube#commentThread,4itX_pjK4W-FmvT_VJMj3LGpBJQ,Ugyt0f0LZOfnCd-6Vqp4AaABAg,"{'videoId': 'RB2SIx6Uy9g', 'topLevelComment': {'kind': 'youtube#comment', 'etag': 'G0rPTEbYTHrPw8GVhxkuxlHlvDc', 'id': 'Ugyt0f0LZOfnCd-6Vqp4AaABAg', 'snippet': {'videoId': 'RB2SIx6Uy9g', 'textDisplay': 'Bandido votando em bandido, tudo normal por aqui', 'textOriginal': 'Bandido votando em bandido, tudo normal por aqui', 'authorDisplayName': 'Power_Guidão de Ipatinga-MG', 'authorProfileImageUrl': 'https://yt3.ggpht.com/G62MoC-fw14aFWM6dKnn-j-p0OyL5B_Z_ke-ywP_GPOFrNni64B2M8Dj7nD5dkLL4_e_Ndd3Yw=s48-c-k-c0x00ffffff-no-rj', 'authorChannelUrl': 'http://www.youtube.com/channel/UCtStrjLaICxRQMvl-ny-ajw', 'authorChannelId': {'value': 'UCtStrjLaICxRQMvl-ny-ajw'}, 'canRate': True, 'viewerRating': 'none', 'likeCount': 1, 'publishedAt': '2022-10-03T00:16:48Z', 'updatedAt': '2022-10-03T00:16:48Z'}}, 'canReply': True, 'totalReplyCount': 1, 'isPublic': True}","{'comments': [{'kind': 'youtube#comment', 'etag': '3KwYxdyEwABtqdhuMZVm9EXVoBY', 'id': 'Ugyt0f0LZOfnCd-6Vqp4AaABAg.9ghI_prOs2t9gh_1youijw', 'snippet': {'videoId': 'RB2SIx6Uy9g', 'textDisplay': 'Verdade o bandido até roubou meu voto xoooo Satanás de 9 dedos', 'textOriginal': 'Verdade o bandido até roubou meu voto xoooo Satanás de 9 dedos', 'parentId': 'Ugyt0f0LZOfnCd-6Vqp4AaABAg', 'authorDisplayName': 'Celia Passos', 'authorProfileImageUrl': 'https://yt3.ggpht.com/ytc/AGIKgqPdX0vCyZx702_t0FAaAV_b9r8_aWvzamDA3V97=s48-c-k-c0x00ffffff-no-rj', 'authorChannelUrl': 'http://www.youtube.com/channel/UCVM8WGfRl-XhjkO_jARMbyg', 'authorChannelId': {'value': 'UCVM8WGfRl-XhjkO_jARMbyg'}, 'canRate': True, 'viewerRating': 'none', 'likeCount': 0, 'publishedAt': '2022-10-03T02:49:19Z', 'updatedAt': '2022-10-03T02:49:19Z'}}]}",UCtStrjLaICxRQMvl-ny-ajw,2022-10-03T00:16:48Z,"Bandido votando em bandido, tudo normal por aqui",,2023-06-09 05:19:40.442272
youtube#commentThread,D9s0p9NqO9CB1Hf05Y-a-wzyefk,Ugy-HvSBRoxDHNyN-5Z4AaABAg,"{'videoId': 'RB2SIx6Uy9g', 'topLevelComment': {'kind': 'youtube#comment', 'etag': 'SjaJY3rYralvfsnwgeu-FNfEIGc', 'id': 'Ugy-HvSBRoxDHNyN-5Z4AaABAg', 'snippet': {'videoId': 'RB2SIx6Uy9g', 'textDisplay': 'Daniel já ganhou?', 'textOriginal': 'Daniel já ganhou?', 'authorDisplayName': 'Rose Neves', 'authorProfileImageUrl': 'https://yt3.ggpht.com/ytc/AGIKgqOjxrONDg-ncCHbZQ9D_vHslIhDrgG09Apwzg=s48-c-k-c0x00ffffff-no-rj', 'authorChannelUrl': 'http://www.youtube.com/channel/UCiUZkgNJ4kW6YYlPdHQlR3g', 'authorChannelId': {'value': 'UCiUZkgNJ4kW6YYlPdHQlR3g'}, 'canRate': True, 'viewerRating': 'none', 'likeCount': 4, 'publishedAt': '2022-10-03T00:13:29Z', 'updatedAt': '2022-10-03T00:13:29Z'}}, 'canReply': True, 'totalReplyCount': 0, 'isPublic': True}",,UCiUZkgNJ4kW6YYlPdHQlR3g,2022-10-03T00:13:29Z,Daniel já ganhou?,,2023-06-09 05:19:40.442272
youtube#commentThread,6ve3Rmtwu2o9_mV0cWcXiO_kaTY,UgylmzF1q_Gr_VQG6sp4AaABAg,"{'videoId': 'RB2SIx6Uy9g', 'topLevelComment': {'kind': 'youtube#comment', 'etag': 'CF4LnHS-iNIbEQ37_MsaJ6iYGFo', 'id': 'UgylmzF1q_Gr_VQG6sp4AaABAg', 'snippet': {'videoId': 'RB2SIx6Uy9g', 'textDisplay': 'Que lei que aprovou esse cidadão para merecer voto…', 'textOriginal': 'Que lei que aprovou esse cidadão para merecer voto…', 'authorDisplayName': 'Luis Felipe', 'authorProfileImageUrl': 'https://yt3.ggpht.com/ytc/AGIKgqNb70yBYGv5lfgq7IHUqoZmuVk_afcTSei9CruhPA=s48-c-k-c0x00ffffff-no-rj', 'authorChannelUrl': 'http://www.youtube.com/channel/UCb4TnC9PdYLLheC49eHgzMw', 'authorChannelId': {'value': 'UCb4TnC9PdYLLheC49eHgzMw'}, 'canRate': True, 'viewerRating': 'none', 'likeCount': 1, 'publishedAt': '2022-10-02T22:22:51Z', 'updatedAt': '2022-10-02T22:22:51Z'}}, 'canReply': True, 'totalReplyCount': 0, 'isPublic': True}",,UCb4TnC9PdYLLheC49eHgzMw,2022-10-02T22:22:51Z,Que lei que aprovou esse cidadão para merecer voto…,,2023-06-09 05:19:40.442272
youtube#commentThread,OZACXB0hxj1hvLq5NYAosTOdoGg,UgyBDrT8_iZoNSpC-6R4AaABAg,"{'videoId': 'RB2SIx6Uy9g', 'topLevelComment': {'kind': 'youtube#comment', 'etag': 'fmuznDZnbBIBf4iX0Fj80N43JAE', 'id': 'UgyBDrT8_iZoNSpC-6R4AaABAg', 'snippet': {'videoId': 'RB2SIx6Uy9g', 'textDisplay': 'Brasileiro merece isso e coisa pior....!', 'textOriginal': 'Brasileiro merece isso e coisa pior....!', 'authorDisplayName': 'Eduardo Branas', 'authorProfileImageUrl': 'https://yt3.ggpht.com/ytc/AGIKgqOibM0FCM75t0srkzXReRbfl665xzWb4rd5y-3Gvg=s48-c-k-c0x00ffffff-no-rj', 'authorChannelUrl': 'http://www.youtube.com/channel/UC-jzXzprduXh178kV86UhIQ', 'authorChannelId': {'value': 'UC-jzXzprduXh178kV86UhIQ'}, 'canRate': True, 'viewerRating': 'none', 'likeCount': 1, 'publishedAt': '2022-10-02T21:07:31Z', 'updatedAt': '2022-10-02T21:07:31Z'}}, 'canReply': True, 'totalReplyCount': 0, 'isPublic': True}",,UC-jzXzprduXh178kV86UhIQ,2022-10-02T21:07:31Z,Brasileiro merece isso e coisa pior....!,,2023-06-09 05:19:40.442272
youtube#commentThread,Uud6F5phZaKE8CWcLKzK-DBuEno,UgyR9OREy1iWa8FHEXB4AaABAg,"{'videoId': 'RB2SIx6Uy9g', 'topLevelComment': {'kind': 'youtube#comment', 'etag': 'v5iWT0RQM8KIwhCsBv1xPnvA2tk', 'id': 'UgyR9OREy1iWa8FHEXB4AaABAg', 'snippet': {'videoId': 'RB2SIx6Uy9g', 'textDisplay': 'Foi pra isso que votei kkk', 'textOriginal': 'Foi pra isso que votei kkk', 'authorDisplayName': 'E se nada der certo !!!', 'authorProfileImageUrl': 'https://yt3.ggpht.com/ytc/AGIKgqMUTqDXC_U_HenWJgAJZUR34o12Fzjht085_kLZYhVRH0TK89zlnoWrI9R0jqX3=s48-c-k-c0x00ffffff-no-rj', 'authorChannelUrl': 'http://www.youtube.com/channel/UC-5WrVMuttBhjWUEQE5LHTw', 'authorChannelId': {'value': 'UC-5WrVMuttBhjWUEQE5LHTw'}, 'canRate': True, 'viewerRating': 'none', 'likeCount': 5, 'publishedAt': '2022-10-02T20:43:57Z', 'updatedAt': '2022-10-02T20:43:57Z'}}, 'canReply': True, 'totalReplyCount': 0, 'isPublic': True}",,UC-5WrVMuttBhjWUEQE5LHTw,2022-10-02T20:43:57Z,Foi pra isso que votei kkk,,2023-06-09 05:19:40.442272
youtube#commentThread,6JzFz4xv_VXTZU7czPUhHHy1_7g,UgypEE3-92ON9oVTsUx4AaABAg,"{'videoId': 'RB2SIx6Uy9g', 'topLevelComment': {'kind': 'youtube#comment', 'etag': 'rkW8pvcBLJs8j2YODbop-OvXzUM', 'id': 'UgypEE3-92ON9oVTsUx4AaABAg', 'snippet': {'videoId': 'RB2SIx6Uy9g', 'textDisplay': 'Animal ñ vota mas, alguns até se elegem...', 'textOriginal': 'Animal ñ vota mas, alguns até se elegem...', 'authorDisplayName': 'atirador434fsantos', 'authorProfileImageUrl': 'https://yt3.ggpht.com/ytc/AGIKgqPCkK2OKkxuAtfmnjYwKVhwYF8DAHJytQoxKMGe=s48-c-k-c0x00ffffff-no-rj', 'authorChannelUrl': 'http://www.youtube.com/channel/UC0XbqBJjp5byzXt2fgH0YHQ', 'authorChannelId': {'value': 'UC0XbqBJjp5byzXt2fgH0YHQ'}, 'canRate': True, 'viewerRating': 'none', 'likeCount': 5, 'publishedAt': '2022-10-02T20:25:15Z', 'updatedAt': '2022-10-02T20:25:15Z'}}, 'canReply': True, 'totalReplyCount': 0, 'isPublic': True}",,UC0XbqBJjp5byzXt2fgH0YHQ,2022-10-02T20:25:15Z,"Animal ñ vota mas, alguns até se elegem...",,2023-06-09 05:19:40.442272
youtube#commentThread,whBts5OcYWPhWJXVMZz1KTrqRWQ,UgxUD41KwpUXuM-ORnN4AaABAg,"{'videoId': 'RB2SIx6Uy9g', 'topLevelComment': {'kind': 'youtube#comment', 'etag': 'mNL8GAENW5vIn1S4xE2mSPndQpQ', 'id': 'UgxUD41KwpUXuM-ORnN4AaABAg', 'snippet': {'videoId': 'RB2SIx6Uy9g', 'textDisplay': 'KALIGULA E NERO. SE MERECEM', 'textOriginal': 'KALIGULA E NERO. SE MERECEM', 'authorDisplayName': 'Maria', 'authorProfileImageUrl': 'https://yt3.ggpht.com/ytc/AGIKgqNUKGLmucXt5TczGNoLAtE25ALzse7BBf0szTRa0lo=s48-c-k-c0x00ffffff-no-rj', 'authorChannelUrl': 'http://www.youtube.com/channel/UCRQkIGQXLfcSNq35gIk2mkg', 'authorChannelId': {'value': 'UCRQkIGQXLfcSNq35gIk2mkg'}, 'canRate': True, 'viewerRating': 'none', 'likeCount': 3, 'publishedAt': '2022-10-02T20:21:14Z', 'updatedAt': '2022-10-02T20:21:14Z'}}, 'canReply': True, 'totalReplyCount': 0, 'isPublic': True}",,UCRQkIGQXLfcSNq35gIk2mkg,2022-10-02T20:21:14Z,KALIGULA E NERO. SE MERECEM,,2023-06-09 05:19:40.442272
youtube#commentThread,Tmd-6Khew2LnN2MnjJSo3UHPG0w,UgyX4YokvCaiaZ6Dm_V4AaABAg,"{'videoId': 'RB2SIx6Uy9g', 'topLevelComment': {'kind': 'youtube#comment', 'etag': '3BumxfJXDxCE_wmrvYZvACBxk8o', 'id': 'UgyX4YokvCaiaZ6Dm_V4AaABAg', 'snippet': {'videoId': 'RB2SIx6Uy9g', 'textDisplay': 'Um animal de teta com outro animal de teta', 'textOriginal': 'Um animal de teta com outro animal de teta', 'authorDisplayName': 'Casanova', 'authorProfileImageUrl': 'https://yt3.ggpht.com/ytc/AGIKgqN-XgTvBPfkLFxhOdJNgRJxGNLMdnAtlUXQmXx4=s48-c-k-c0x00ffffff-no-rj', 'authorChannelUrl': 'http://www.youtube.com/channel/UC7VSdj_mtJ5XDKwLnJA01-A', 'authorChannelId': {'value': 'UC7VSdj_mtJ5XDKwLnJA01-A'}, 'canRate': True, 'viewerRating': 'none', 'likeCount': 2, 'publishedAt': '2022-10-02T20:14:52Z', 'updatedAt': '2022-10-02T20:14:52Z'}}, 'canReply': True, 'totalReplyCount': 0, 'isPublic': True}",,UC7VSdj_mtJ5XDKwLnJA01-A,2022-10-02T20:14:52Z,Um animal de teta com outro animal de teta,,2023-06-09 05:19:40.442272
youtube#commentThread,-H5IRLEd7T--89Szu4-xMOcSoso,UgxDChsH4OFjkz8kN5V4AaABAg,"{'videoId': 'RB2SIx6Uy9g', 'topLevelComment': {'kind': 'youtube#comment', 'etag': 'DkwnkvIoKn_2GnjWxm_862oKCwo', 'id': 'UgxDChsH4OFjkz8kN5V4AaABAg', 'snippet': {'videoId': 'RB2SIx6Uy9g', 'textDisplay': 'Parabéns isso mesmo... milícia junta', 'textOriginal': 'Parabéns isso mesmo... milícia junta', 'authorDisplayName': 'Eduardo Cabrera', 'authorProfileImageUrl': 'https://yt3.ggpht.com/ytc/AGIKgqPUfj8uzpxV0APWBWraBvINrPFhykYZAuS8xtNIm3U=s48-c-k-c0x00ffffff-no-rj', 'authorChannelUrl': 'http://www.youtube.com/channel/UC42FReDDP8Vp2WQi0kZM1Kg', 'authorChannelId': {'value': 'UC42FReDDP8Vp2WQi0kZM1Kg'}, 'canRate': True, 'viewerRating': 'none', 'likeCount': 5, 'publishedAt': '2022-10-02T20:12:46Z', 'updatedAt': '2022-10-02T20:12:46Z'}}, 'canReply': True, 'totalReplyCount': 1, 'isPublic': True}","{'comments': [{'kind': 'youtube#comment', 'etag': 'fBTyw6Ve9GLc5NntvwPhtiVSRgY', 'id': 'UgxDChsH4OFjkz8kN5V4AaABAg.9ggreYQDFoa9gjKRbpoiUg', 'snippet': {'videoId': 'RB2SIx6Uy9g', 'textDisplay': 'E bandidos juntos também, igualmente Lula e Marcola.', 'textOriginal': 'E bandidos juntos também, igualmente Lula e Marcola.', 'parentId': 'UgxDChsH4OFjkz8kN5V4AaABAg', 'authorDisplayName': 'Flavia Daiane G. da S.', 'authorProfileImageUrl': 'https://yt3.ggpht.com/jYMgpt6QzRz5c-i0j2SlQh8QFhVDkJ82oSQ4KorVXQC9VNaUFouJmoG8o_t0t0UphbfwYT8N=s48-c-k-c0x00ffffff-no-rj', 'authorChannelUrl': 'http://www.youtube.com/channel/UCodTRPryoAS9bBiE35YxW4w', 'authorChannelId': {'value': 'UCodTRPryoAS9bBiE35YxW4w'}, 'canRate': True, 'viewerRating': 'none', 'likeCount': 0, 'publishedAt': '2022-10-03T19:11:30Z', 'updatedAt': '2022-10-03T19:11:30Z'}}]}",UC42FReDDP8Vp2WQi0kZM1Kg,2022-10-02T20:12:46Z,Parabéns isso mesmo... milícia junta,,2023-06-09 05:19:40.442272
youtube#commentThread,IFadZLPbzpEXORgkHJIpIlgLevc,UgwQfB15io-_KWhko4R4AaABAg,"{'videoId': 'RB2SIx6Uy9g', 'topLevelComment': {'kind': 'youtube#comment', 'etag': 'SpvUfoHkSaoTTFLPMNgp5Qcyx7Q', 'id': 'UgwQfB15io-_KWhko4R4AaABAg', 'snippet': {'videoId': 'RB2SIx6Uy9g', 'textDisplay': 'Deixei de seguir vcs por estarem produzindo Fake News. Caso Marcola que o TSE teve que fazer vocês apagarem. Vergonha para jornalistas como O Antagonista.', 'textOriginal': 'Deixei de seguir vcs por estarem produzindo Fake News. Caso Marcola que o TSE teve que fazer vocês apagarem. Vergonha para jornalistas como O Antagonista.', 'authorDisplayName': 'Daniell Calixto novais dos santos', 'authorProfileImageUrl': 'https://yt3.ggpht.com/ytc/AGIKgqO7NrqjaPKvxZrR6INvqfQfGAjlptNhLlpyAmysC0i2gTxdgvX8yQHpyEMIXshT=s48-c-k-c0x00ffffff-no-rj', 'authorChannelUrl': 'http://www.youtube.com/channel/UCOv95mB-NK4HPyTPU6r3BGg', 'authorChannelId': {'value': 'UCOv95mB-NK4HPyTPU6r3BGg'}, 'canRate': True, 'viewerRating': 'none', 'likeCount': 0, 'publishedAt': '2022-10-02T20:00:42Z', 'updatedAt': '2022-10-02T20:00:42Z'}}, 'canReply': True, 'totalReplyCount': 1, 'isPublic': True}","{'comments': [{'kind': 'youtube#comment', 'etag': '4ID81K9BGgJ4C-QKVYEVmqUzEPs', 'id': 'UgwQfB15io-_KWhko4R4AaABAg.9ggqH4eBTPY9ggqO9VMbuW', 'snippet': {'videoId': 'RB2SIx6Uy9g', 'textDisplay': 'Caso Marcola foi real amigão, só pesquisar rsrsrs', 'textOriginal': 'Caso Marcola foi real amigão, só pesquisar rsrsrs', 'parentId': 'UgwQfB15io-_KWhko4R4AaABAg', 'authorDisplayName': 'Renan Costa', 'authorProfileImageUrl': 'https://yt3.ggpht.com/ytc/AGIKgqPxyT0rhYAIwp1ZuUY22uRUdl2DR1pr6fAfxw=s48-c-k-c0x00ffffff-no-rj', 'authorChannelUrl': 'http://www.youtube.com/channel/UCGMnjAbVrr4gGHbp-EurBIw', 'authorChannelId': {'value': 'UCGMnjAbVrr4gGHbp-EurBIw'}, 'canRate': True, 'viewerRating': 'none', 'likeCount': 0, 'publishedAt': '2022-10-02T20:01:40Z', 'updatedAt': '2022-10-02T20:01:40Z'}}]}",UCOv95mB-NK4HPyTPU6r3BGg,2022-10-02T20:00:42Z,Deixei de seguir vcs por estarem produzindo Fake News. Caso Marcola que o TSE teve que fazer vocês apagarem. Vergonha para jornalistas como O Antagonista.,,2023-06-09 05:19:40.442272
youtube#commentThread,8EU_v9JgsgyFdTbFmSeoduj5y9Y,UgxXulVcBB7F1_lX-cF4AaABAg,"{'videoId': 'RB2SIx6Uy9g', 'topLevelComment': {'kind': 'youtube#comment', 'etag': 'GzUTbqfCoS5ZkoXDWcbsDvRIedE', 'id': 'UgxXulVcBB7F1_lX-cF4AaABAg', 'snippet': {'videoId': 'RB2SIx6Uy9g', 'textDisplay': 'ESSE CARA NÃO DESISTE,  NÃO  TEM VERGONHA NA CARA DE PANACA  .....', 'textOriginal': 'ESSE CARA NÃO DESISTE,  NÃO  TEM VERGONHA NA CARA DE PANACA  .....', 'authorDisplayName': 'Andrea Teixeira', 'authorProfileImageUrl': 'https://yt3.ggpht.com/ytc/AGIKgqMaNWYWIHIlEu6ErRDmqqY3EVAlnCO9IoF3WA=s48-c-k-c0x00ffffff-no-rj', 'authorChannelUrl': 'http://www.youtube.com/channel/UCH2ONjyFGU1dYH8H8BKfK2w', 'authorChannelId': {'value': 'UCH2ONjyFGU1dYH8H8BKfK2w'}, 'canRate': True, 'viewerRating': 'none', 'likeCount': 1, 'publishedAt': '2022-10-02T19:50:15Z', 'updatedAt': '2022-10-02T19:50:15Z'}}, 'canReply': True, 'totalReplyCount': 1, 'isPublic': True}","{'comments': [{'kind': 'youtube#comment', 'etag': '-Te1sLpPwtNffI3gbDFzlcFCk5Y', 'id': 'UgxXulVcBB7F1_lX-cF4AaABAg.9ggp4cm_Rb_9ghZmBVlodC', 'snippet': {'videoId': 'RB2SIx6Uy9g', 'textDisplay': 'Quem não vergonha na cara é  quem vota no saqueadores da nação  Satanás  puro xoooo demônios', 'textOriginal': 'Quem não vergonha na cara é  quem vota no saqueadores da nação  Satanás  puro xoooo demônios', 'parentId': 'UgxXulVcBB7F1_lX-cF4AaABAg', 'authorDisplayName': 'Celia Passos', 'authorProfileImageUrl': 'https://yt3.ggpht.com/ytc/AGIKgqPdX0vCyZx702_t0FAaAV_b9r8_aWvzamDA3V97=s48-c-k-c0x00ffffff-no-rj', 'authorChannelUrl': 'http://www.youtube.com/channel/UCVM8WGfRl-XhjkO_jARMbyg', 'authorChannelId': {'value': 'UCVM8WGfRl-XhjkO_jARMbyg'}, 'canRate': True, 'viewerRating': 'none', 'likeCount': 0, 'publishedAt': '2022-10-03T02:47:02Z', 'updatedAt': '2022-10-03T02:47:02Z'}}]}",UCH2ONjyFGU1dYH8H8BKfK2w,2022-10-02T19:50:15Z,"ESSE CARA NÃO DESISTE,  NÃO  TEM VERGONHA NA CARA DE PANACA  .....",,2023-06-09 05:19:40.442272
youtube#commentThread,TkyqefgFZXdxDiEw0kn4WublE44,UgyXGw_QpiPY_eLwFBh4AaABAg,"{'videoId': 'RB2SIx6Uy9g', 'topLevelComment': {'kind': 'youtube#comment', 'etag': 'Z8HTjSOt-xJBCk1LSSYh-kHa5OA', 'id': 'UgyXGw_QpiPY_eLwFBh4AaABAg', 'snippet': {'videoId': 'RB2SIx6Uy9g', 'textDisplay': 'Bandido  vota em bandido e dai?', 'textOriginal': 'Bandido  vota em bandido e dai?', 'authorDisplayName': 'Sonia Santos', 'authorProfileImageUrl': 'https://yt3.ggpht.com/ytc/AGIKgqOWPC5bnFFOnvSrN1qffTd5oSn-OjmYQFcUUw=s48-c-k-c0x00ffffff-no-rj', 'authorChannelUrl': 'http://www.youtube.com/channel/UC-Pe_A-VSEWTcRoPkR99SvQ', 'authorChannelId': {'value': 'UC-Pe_A-VSEWTcRoPkR99SvQ'}, 'canRate': True, 'viewerRating': 'none', 'likeCount': 1, 'publishedAt': '2022-10-02T19:44:10Z', 'updatedAt': '2022-10-02T19:44:10Z'}}, 'canReply': True, 'totalReplyCount': 1, 'isPublic': True}","{'comments': [{'kind': 'youtube#comment', 'etag': 'sRozDpK-6Fmz0wtj3lbyF2sx8Ao', 'id': 'UgyXGw_QpiPY_eLwFBh4AaABAg.9ggoO-LEYPd9ghZvHadGYf', 'snippet': {'videoId': 'RB2SIx6Uy9g', 'textDisplay': 'Verdade o ladrão de 9 dedos tai cheio de bandidos votando nele xoooo domínios', 'textOriginal': 'Verdade o ladrão de 9 dedos tai cheio de bandidos votando nele xoooo domínios', 'parentId': 'UgyXGw_QpiPY_eLwFBh4AaABAg', 'authorDisplayName': 'Celia Passos', 'authorProfileImageUrl': 'https://yt3.ggpht.com/ytc/AGIKgqPdX0vCyZx702_t0FAaAV_b9r8_aWvzamDA3V97=s48-c-k-c0x00ffffff-no-rj', 'authorChannelUrl': 'http://www.youtube.com/channel/UCVM8WGfRl-XhjkO_jARMbyg', 'authorChannelId': {'value': 'UCVM8WGfRl-XhjkO_jARMbyg'}, 'canRate': True, 'viewerRating': 'none', 'likeCount': 0, 'publishedAt': '2022-10-03T02:48:16Z', 'updatedAt': '2022-10-03T02:48:16Z'}}]}",UC-Pe_A-VSEWTcRoPkR99SvQ,2022-10-02T19:44:10Z,Bandido  vota em bandido e dai?,,2023-06-09 05:19:40.442272
youtube#commentThread,df1_DCK2rOhOpFpK6nk6dwR__Ow,UgyaCD63Rf4UwfeTnL54AaABAg,"{'videoId': 'RB2SIx6Uy9g', 'topLevelComment': {'kind': 'youtube#comment', 'etag': 'dsSnwS3E_tLYTT9EeU4Ts6Kdbfc', 'id': 'UgyaCD63Rf4UwfeTnL54AaABAg', 'snippet': {'videoId': 'RB2SIx6Uy9g', 'textDisplay': 'Esses dois juntos não valem o &quot;ti-búm&quot; que fazem na água. kkkkk', 'textOriginal': 'Esses dois juntos não valem o ""ti-búm"" que fazem na água. kkkkk', 'authorDisplayName': ""Mark Wô'Jama"", 'authorProfileImageUrl': 'https://yt3.ggpht.com/ytc/AGIKgqPIGNuY--tPH1T2Xg-UGy8guRKD2jU-ypHuRG68dA=s48-c-k-c0x00ffffff-no-rj', 'authorChannelUrl': 'http://www.youtube.com/channel/UCbNPBzb6B5vmAfuqAf1fW_w', 'authorChannelId': {'value': 'UCbNPBzb6B5vmAfuqAf1fW_w'}, 'canRate': True, 'viewerRating': 'none', 'likeCount': 13, 'publishedAt': '2022-10-02T19:40:10Z', 'updatedAt': '2022-10-02T19:40:10Z'}}, 'canReply': True, 'totalReplyCount': 5, 'isPublic': True}","{'comments': [{'kind': 'youtube#comment', 'etag': 'SnzGqJpmbM7QmEb51sewnjNGQa4', 'id': 'UgyaCD63Rf4UwfeTnL54AaABAg.9ggnvfjTsrB9gjMNFHjv8B', 'snippet': {'videoId': 'RB2SIx6Uy9g', 'textDisplay': '@Flavia Daiane G. da S. pra mim ambos são iguais e só não dão piores por falta de oportunidade... Bolsonaro recebeu o apoio de inúmeros bandidos também, inclusive muitos desse que já estiveram juntos do Lula em outros tempos. Nada mudou, só muda os nomes e os endereços desses lixos. Se engana quem pensa que tem alguma diferença entre eles. 🤦\\u200d♂️', 'textOriginal': '@Flavia Daiane G. da S. pra mim ambos são iguais e só não dão piores por falta de oportunidade... Bolsonaro recebeu o apoio de inúmeros bandidos também, inclusive muitos desse que já estiveram juntos do Lula em outros tempos. Nada mudou, só muda os nomes e os endereços desses lixos. Se engana quem pensa que tem alguma diferença entre eles. 🤦\\u200d♂️', 'parentId': 'UgyaCD63Rf4UwfeTnL54AaABAg', 'authorDisplayName': ""Mark Wô'Jama"", 'authorProfileImageUrl': 'https://yt3.ggpht.com/ytc/AGIKgqPIGNuY--tPH1T2Xg-UGy8guRKD2jU-ypHuRG68dA=s48-c-k-c0x00ffffff-no-rj', 'authorChannelUrl': 'http://www.youtube.com/channel/UCbNPBzb6B5vmAfuqAf1fW_w', 'authorChannelId': {'value': 'UCbNPBzb6B5vmAfuqAf1fW_w'}, 'canRate': True, 'viewerRating': 'none', 'likeCount': 0, 'publishedAt': '2022-10-03T19:28:22Z', 'updatedAt': '2022-10-03T19:28:22Z'}}, {'kind': 'youtube#comment', 'etag': '-MpcZCYpsh38TSCQhiBSK0GZW_I', 'id': 'UgyaCD63Rf4UwfeTnL54AaABAg.9ggnvfjTsrB9gjKa_M4g14', 'snippet': {'videoId': 'RB2SIx6Uy9g', 'textDisplay': 'Vale menos ainda o Lula quem recebeu apoio do Marcola', 'textOriginal': 'Vale menos ainda o Lula quem recebeu apoio do Marcola', 'parentId': 'UgyaCD63Rf4UwfeTnL54AaABAg', 'authorDisplayName': 'Flavia Daiane G. da S.', 'authorProfileImageUrl': 'https://yt3.ggpht.com/jYMgpt6QzRz5c-i0j2SlQh8QFhVDkJ82oSQ4KorVXQC9VNaUFouJmoG8o_t0t0UphbfwYT8N=s48-c-k-c0x00ffffff-no-rj', 'authorChannelUrl': 'http://www.youtube.com/channel/UCodTRPryoAS9bBiE35YxW4w', 'authorChannelId': {'value': 'UCodTRPryoAS9bBiE35YxW4w'}, 'canRate': True, 'viewerRating': 'none', 'likeCount': 3, 'publishedAt': '2022-10-03T19:12:51Z', 'updatedAt': '2022-10-03T19:12:51Z'}}, {'kind': 'youtube#comment', 'etag': 'yegGaqYtja0EYb81K2-2AdqKESs', 'id': 'UgyaCD63Rf4UwfeTnL54AaABAg.9ggnvfjTsrB9gijUAXGbZa', 'snippet': {'videoId': 'RB2SIx6Uy9g', 'textDisplay': 'Vc vale muita coisa, né? É o que vc pensa, nem para ser fezes vc presta.', 'textOriginal': 'Vc vale muita coisa, né? É o que vc pensa, nem para ser fezes vc presta.', 'parentId': 'UgyaCD63Rf4UwfeTnL54AaABAg', 'authorDisplayName': 'eliane correa bomfim', 'authorProfileImageUrl': 'https://yt3.ggpht.com/ytc/AGIKgqM_fdrFfSX57qKH-_F1Ti68Six3kahQaOq1Rg=s48-c-k-c0x00ffffff-no-rj', 'authorChannelUrl': 'http://www.youtube.com/channel/UCLI16PJuSZyxtfQtapXhvQA', 'authorChannelId': {'value': 'UCLI16PJuSZyxtfQtapXhvQA'}, 'canRate': True, 'viewerRating': 'none', 'likeCount': 0, 'publishedAt': '2022-10-03T13:39:48Z', 'updatedAt': '2022-10-03T13:40:10Z'}}, {'kind': 'youtube#comment', 'etag': 'jntzSO5TtwDt7mm9WguwkkDuGFU', 'id': 'UgyaCD63Rf4UwfeTnL54AaABAg.9ggnvfjTsrB9giXQluth-3', 'snippet': {'videoId': 'RB2SIx6Uy9g', 'textDisplay': 'Kkkkk', 'textOriginal': 'Kkkkk', 'parentId': 'UgyaCD63Rf4UwfeTnL54AaABAg', 'authorDisplayName': 'Aline A. Monteiro', 'authorProfileImageUrl': 'https://yt3.ggpht.com/ytc/AGIKgqNivBLf2dZZBKxbbbnH9DsG8mnkQ2AJ2nIRVZ1B=s48-c-k-c0x00ffffff-no-rj', 'authorChannelUrl': 'http://www.youtube.com/channel/UCUG8t4N3NrUxbWDclpjIcFw', 'authorChannelId': {'value': 'UCUG8t4N3NrUxbWDclpjIcFw'}, 'canRate': True, 'viewerRating': 'none', 'likeCount': 0, 'publishedAt': '2022-10-03T11:45:44Z', 'updatedAt': '2022-10-03T11:45:44Z'}}, {'kind': 'youtube#comment', 'etag': '6eNC1Wmuf_UGAmOjLCrePefuHxE', 'id': 'UgyaCD63Rf4UwfeTnL54AaABAg.9ggnvfjTsrB9ggwWtHdV1k', 'snippet': {'videoId': 'RB2SIx6Uy9g', 'textDisplay': 'o &quot;ti-búm&quot; que as fezes deles fazem ao cair na privada.', 'textOriginal': 'o ""ti-búm"" que as fezes deles fazem ao cair na privada.', 'parentId': 'UgyaCD63Rf4UwfeTnL54AaABAg', 'authorDisplayName': 'samuelferreira', 'authorProfileImageUrl': 'https://yt3.ggpht.com/1UF03BjwxnFBZ4A9ed_u1G7joZ0KR3IzG6bbgbpcFXLYUDVemobIl07FrmaomZhcw0X1QWrjIQ=s48-c-k-c0x00ffffff-no-rj', 'authorChannelUrl': 'http://www.youtube.com/channel/UC2bTTXrj1mpkjT4GvOeZCKw', 'authorChannelId': {'value': 'UC2bTTXrj1mpkjT4GvOeZCKw'}, 'canRate': True, 'viewerRating': 'none', 'likeCount': 2, 'publishedAt': '2022-10-02T20:55:17Z', 'updatedAt': '2022-10-02T20:55:17Z'}}]}",UCbNPBzb6B5vmAfuqAf1fW_w,2022-10-02T19:40:10Z,"Esses dois juntos não valem o ""ti-búm"" que fazem na água. kkkkk",,2023-06-09 05:19:40.442272
youtube#commentThread,_BBGZm1dR0xfI8PNm07uzeVNKeo,Ugxn8wc1ycQt3nRkmvd4AaABAg,"{'videoId': 'RB2SIx6Uy9g', 'topLevelComment': {'kind': 'youtube#comment', 'etag': 'pzuKymmN4tgVC1eHcWfuYqj_5VE', 'id': 'Ugxn8wc1ycQt3nRkmvd4AaABAg', 'snippet': {'videoId': 'RB2SIx6Uy9g', 'textDisplay': 'Vença o Brasil e vença a democracia!', 'textOriginal': 'Vença o Brasil e vença a democracia!', 'authorDisplayName': 'Na Europa Channel', 'authorProfileImageUrl': 'https://yt3.ggpht.com/ytc/AGIKgqPjrMbQwIv9bgxx3t9zZTV3uC04I5sYyxPLvWkTaA=s48-c-k-c0x00ffffff-no-rj', 'authorChannelUrl': 'http://www.youtube.com/channel/UC9MVhsRfYgcKZZYcFKN9IHg', 'authorChannelId': {'value': 'UC9MVhsRfYgcKZZYcFKN9IHg'}, 'canRate': True, 'viewerRating': 'none', 'likeCount': 7, 'publishedAt': '2022-10-02T19:39:28Z', 'updatedAt': '2022-10-02T19:39:28Z'}}, 'canReply': True, 'totalReplyCount': 0, 'isPublic': True}",,UC9MVhsRfYgcKZZYcFKN9IHg,2022-10-02T19:39:28Z,Vença o Brasil e vença a democracia!,,2023-06-09 05:19:40.442272
youtube#commentThread,arNmBwrSf5DjJg-_FDhlE9ejka0,Ugz6qDXlf77DZhA1DAZ4AaABAg,"{'videoId': 'RB2SIx6Uy9g', 'topLevelComment': {'kind': 'youtube#comment', 'etag': 'Ux2V1BWL71cUlpjENxhXm3IANqM', 'id': 'Ugz6qDXlf77DZhA1DAZ4AaABAg', 'snippet': {'videoId': 'RB2SIx6Uy9g', 'textDisplay': 'Como que brasileiro apoia político bandido desses? depois de sair as ruas pra protestar contra a corrupção hoje estão aí lambendo outro vagabundo.<br>bostil mesmo', 'textOriginal': 'Como que brasileiro apoia político bandido desses? depois de sair as ruas pra protestar contra a corrupção hoje estão aí lambendo outro vagabundo.\\nbostil mesmo', 'authorDisplayName': 'Ayrton Lima', 'authorProfileImageUrl': 'https://yt3.ggpht.com/ytc/AGIKgqPCreDi9A85QxzMZl0hI8bBSk64xtmBTStTFKr9XQ=s48-c-k-c0x00ffffff-no-rj', 'authorChannelUrl': 'http://www.youtube.com/channel/UCGU9_ELXsFCKQx_xSFz8VRg', 'authorChannelId': {'value': 'UCGU9_ELXsFCKQx_xSFz8VRg'}, 'canRate': True, 'viewerRating': 'none', 'likeCount': 0, 'publishedAt': '2022-10-02T19:39:28Z', 'updatedAt': '2022-10-02T19:39:28Z'}}, 'canReply': True, 'totalReplyCount': 0, 'isPublic': True}",,UCGU9_ELXsFCKQx_xSFz8VRg,2022-10-02T19:39:28Z,"Como que brasileiro apoia político bandido desses? depois de sair as ruas pra protestar contra a corrupção hoje estão aí lambendo outro vagabundo.
bostil mesmo",,2023-06-09 05:19:40.442272
youtube#commentThread,Nt8VjFjzNlzsEm1KM1uZq5LbJxM,UgyGib4EVuOh5skAdq14AaABAg,"{'videoId': 'RB2SIx6Uy9g', 'topLevelComment': {'kind': 'youtube#comment', 'etag': 'XdU8JGUeFge6TmNYGuEFfPrJAAU', 'id': 'UgyGib4EVuOh5skAdq14AaABAg', 'snippet': {'videoId': 'RB2SIx6Uy9g', 'textDisplay': '☝☝☝😳💚💛', 'textOriginal': '☝☝☝😳💚💛', 'authorDisplayName': 'Derly Alves', 'authorProfileImageUrl': 'https://yt3.ggpht.com/ytc/AGIKgqPUB94cWrVHd0k5Sexg_UXgf1fUCwu_8YK7Rw=s48-c-k-c0x00ffffff-no-rj', 'authorChannelUrl': 'http://www.youtube.com/channel/UCKOwbsZgI7KFSUMUlxd_Ykw', 'authorChannelId': {'value': 'UCKOwbsZgI7KFSUMUlxd_Ykw'}, 'canRate': True, 'viewerRating': 'none', 'likeCount': 1, 'publishedAt': '2022-10-02T19:38:50Z', 'updatedAt': '2022-10-02T19:38:50Z'}}, 'canReply': True, 'totalReplyCount': 0, 'isPublic': True}",,UCKOwbsZgI7KFSUMUlxd_Ykw,2022-10-02T19:38:50Z,☝☝☝😳💚💛,,2023-06-09 05:19:40.442272
youtube#commentThread,RllFc6MVgu_kRCn7hc61hk7mUXs,UgwYnVsrZNE-paCTpmp4AaABAg,"{'videoId': 'RB2SIx6Uy9g', 'topLevelComment': {'kind': 'youtube#comment', 'etag': 'kW0vLV1WOJzzJxuX_WbKvKqX1s0', 'id': 'UgwYnVsrZNE-paCTpmp4AaABAg', 'snippet': {'videoId': 'RB2SIx6Uy9g', 'textDisplay': 'Cadeia para a gangue bolsopetista toda!', 'textOriginal': 'Cadeia para a gangue bolsopetista toda!', 'authorDisplayName': 'scezar gaspereti', 'authorProfileImageUrl': 'https://yt3.ggpht.com/ytc/AGIKgqMAt0PPOf5ZvSVy_eG5ElUdNrTSWQgayLGFbiPlfTQ=s48-c-k-c0x00ffffff-no-rj', 'authorChannelUrl': 'http://www.youtube.com/channel/UC-L4dU8kqGO2f9R2dcjfxew', 'authorChannelId': {'value': 'UC-L4dU8kqGO2f9R2dcjfxew'}, 'canRate': True, 'viewerRating': 'none', 'likeCount': 2, 'publishedAt': '2022-10-02T19:38:04Z', 'updatedAt': '2022-10-02T19:38:04Z'}}, 'canReply': True, 'totalReplyCount': 0, 'isPublic': True}",,UC-L4dU8kqGO2f9R2dcjfxew,2022-10-02T19:38:04Z,Cadeia para a gangue bolsopetista toda!,,2023-06-09 05:19:40.442272
youtube#commentThread,ZRKcj52AdL8Ue-z8yQC93SBGjOY,UgyqxqTkQRVxCGt0YrR4AaABAg,"{'videoId': 'RB2SIx6Uy9g', 'topLevelComment': {'kind': 'youtube#comment', 'etag': 'kc_3jS6qyJVIJFZkqlYmKs3MaZ4', 'id': 'UgyqxqTkQRVxCGt0YrR4AaABAg', 'snippet': {'videoId': 'RB2SIx6Uy9g', 'textDisplay': 'E aí gado, preparados para dar golpe de estado??? O Daniel Silveira parece que amarelou 😂😂😂', 'textOriginal': 'E aí gado, preparados para dar golpe de estado??? O Daniel Silveira parece que amarelou 😂😂😂', 'authorDisplayName': 'Moises Lagares', 'authorProfileImageUrl': 'https://yt3.ggpht.com/ytc/AGIKgqNuZ3cuwC9V66TIsFRDEgFxc853t0FD_0tCeEk-CA=s48-c-k-c0x00ffffff-no-rj', 'authorChannelUrl': 'http://www.youtube.com/channel/UC7D78t7vt8dl-25WPQ-TTAw', 'authorChannelId': {'value': 'UC7D78t7vt8dl-25WPQ-TTAw'}, 'canRate': True, 'viewerRating': 'none', 'likeCount': 8, 'publishedAt': '2022-10-02T19:36:05Z', 'updatedAt': '2022-10-02T19:36:05Z'}}, 'canReply': True, 'totalReplyCount': 3, 'isPublic': True}","{'comments': [{'kind': 'youtube#comment', 'etag': 'CGDEpwbQgSQlXkOJGH6KkkSYYtU', 'id': 'UgyqxqTkQRVxCGt0YrR4AaABAg.9ggnSrBE6km9ggplVInu84', 'snippet': {'videoId': 'RB2SIx6Uy9g', 'textDisplay': 'Não jumento... o golpe vai ser de vcs', 'textOriginal': 'Não jumento... o golpe vai ser de vcs', 'parentId': 'UgyqxqTkQRVxCGt0YrR4AaABAg', 'authorDisplayName': 'Mari Pinheiro', 'authorProfileImageUrl': 'https://yt3.ggpht.com/ytc/AGIKgqPMhfojCOisBS_wgfWVNaFM5361F5YJbdWuBg=s48-c-k-c0x00ffffff-no-rj', 'authorChannelUrl': 'http://www.youtube.com/channel/UCUTQ_1fYXG4O8v3yi2twBqA', 'authorChannelId': {'value': 'UCUTQ_1fYXG4O8v3yi2twBqA'}, 'canRate': True, 'viewerRating': 'none', 'likeCount': 0, 'publishedAt': '2022-10-02T19:56:15Z', 'updatedAt': '2022-10-02T19:56:15Z'}}, {'kind': 'youtube#comment', 'etag': 'mFrJ8JGgznxHqaoKaFI2Zp_t9rg', 'id': 'UgyqxqTkQRVxCGt0YrR4AaABAg.9ggnSrBE6km9ggoNxVUR_w', 'snippet': {'videoId': 'RB2SIx6Uy9g', 'textDisplay': 'Igualzinho a 2018, mesmo golpe', 'textOriginal': 'Igualzinho a 2018, mesmo golpe', 'parentId': 'UgyqxqTkQRVxCGt0YrR4AaABAg', 'authorDisplayName': 'J B', 'authorProfileImageUrl': 'https://yt3.ggpht.com/ytc/AGIKgqMxqBbJEpJYei3PWUuICgxVxMtvQIrjrgUHp4ovePc=s48-c-k-c0x00ffffff-no-rj', 'authorChannelUrl': 'http://www.youtube.com/channel/UCJhD2Fzc7B2feCPN9HsNhtw', 'authorChannelId': {'value': 'UCJhD2Fzc7B2feCPN9HsNhtw'}, 'canRate': True, 'viewerRating': 'none', 'likeCount': 2, 'publishedAt': '2022-10-02T19:44:09Z', 'updatedAt': '2022-10-02T19:44:09Z'}}, {'kind': 'youtube#comment', 'etag': 'JT193Hvf3Zwf2We2vBeXxyca7S8', 'id': 'UgyqxqTkQRVxCGt0YrR4AaABAg.9ggnSrBE6km9ggoAkMC7wi', 'snippet': {'videoId': 'RB2SIx6Uy9g', 'textDisplay': 'Sim se não está bom vá para Venezuela Argentina ou cuba ptsta', 'textOriginal': 'Sim se não está bom vá para Venezuela Argentina ou cuba ptsta', 'parentId': 'UgyqxqTkQRVxCGt0YrR4AaABAg', 'authorDisplayName': 'João Batista', 'authorProfileImageUrl': 'https://yt3.ggpht.com/ytc/AGIKgqMApj1GsvxSLClY3Cy9c6DD8mVh6ae2F8p8OKMWBc6AKNy3Jqftki-MSRzhw1mn=s48-c-k-c0x00ffffff-no-rj', 'authorChannelUrl': 'http://www.youtube.com/channel/UC3NfrKEVH49DVSxL65qhRUg', 'authorChannelId': {'value': 'UC3NfrKEVH49DVSxL65qhRUg'}, 'canRate': True, 'viewerRating': 'none', 'likeCount': 0, 'publishedAt': '2022-10-02T19:42:21Z', 'updatedAt': '2022-10-02T19:42:21Z'}}]}",UC7D78t7vt8dl-25WPQ-TTAw,2022-10-02T19:36:05Z,"E aí gado, preparados para dar golpe de estado??? O Daniel Silveira parece que amarelou 😂😂😂",,2023-06-09 05:19:40.442272
