kind,etag,id,snippet,replies,authorChannelId,publishedAt,textOriginal,nextPageToken,extraction_date
youtube#commentThread,oOYnBY-fxSVgmfRTVKOmeY5lOQ4,Ugz9eKqkvDyZ1smCErF4AaABAg,"{'videoId': 'Dj53W_arcYY', 'topLevelComment': {'kind': 'youtube#comment', 'etag': 'UImx8gtiHQPgdBOiwCdQ_KsLG0c', 'id': 'Ugz9eKqkvDyZ1smCErF4AaABAg', 'snippet': {'videoId': 'Dj53W_arcYY', 'textDisplay': '<a href=""http://www.youtube.com/results?search_query=%23impeachment"">#IMPEACHMENT</a> DE ALEXANDRE DE MORAES JÁ', 'textOriginal': '#IMPEACHMENT DE ALEXANDRE DE MORAES JÁ', 'authorDisplayName': 'Edvaldo Gualberto', 'authorProfileImageUrl': 'https://yt3.ggpht.com/ytc/AGIKgqM4QYl0D3BPcr0_QH4RVP4VGFAkaE_rBNFE1A=s48-c-k-c0x00ffffff-no-rj', 'authorChannelUrl': 'http://www.youtube.com/channel/UCUGh81TYIsa6L86ZU5mMLkQ', 'authorChannelId': {'value': 'UCUGh81TYIsa6L86ZU5mMLkQ'}, 'canRate': True, 'viewerRating': 'none', 'likeCount': 0, 'publishedAt': '2022-10-24T17:13:39Z', 'updatedAt': '2022-10-24T17:13:39Z'}}, 'canReply': True, 'totalReplyCount': 0, 'isPublic': True}",,UCUGh81TYIsa6L86ZU5mMLkQ,2022-10-24T17:13:39Z,#IMPEACHMENT DE ALEXANDRE DE MORAES JÁ,QURTSl9pMXVtOFpwaDNyOE4xaTRqZG9nZGY4Sk1WcXFYM0Z3b3hDSFVBZUdJX3gzdFYxNkVKYlFHV1FuTzZ4VG9GS3BxVUVrR3hPWDg1WQ==,2023-06-07 23:24:08.833091
youtube#commentThread,krjPK640Za1nRKscg0C3wTfUPAk,UgybG1USyL6-x3P41Cx4AaABAg,"{'videoId': 'ZLrZ7ED8l0E', 'topLevelComment': {'kind': 'youtube#comment', 'etag': 'LOORwvms-zDmBxSWFottKijvvck', 'id': 'UgybG1USyL6-x3P41Cx4AaABAg', 'snippet': {'videoId': 'ZLrZ7ED8l0E', 'textDisplay': 'MULA LADRÃO SEU LUGAR É NA PRISÃO', 'textOriginal': 'MULA LADRÃO SEU LUGAR É NA PRISÃO', 'authorDisplayName': 'Edvaldo Gualberto', 'authorProfileImageUrl': 'https://yt3.ggpht.com/ytc/AGIKgqM4QYl0D3BPcr0_QH4RVP4VGFAkaE_rBNFE1A=s48-c-k-c0x00ffffff-no-rj', 'authorChannelUrl': 'http://www.youtube.com/channel/UCUGh81TYIsa6L86ZU5mMLkQ', 'authorChannelId': {'value': 'UCUGh81TYIsa6L86ZU5mMLkQ'}, 'canRate': True, 'viewerRating': 'none', 'likeCount': 0, 'publishedAt': '2022-10-24T12:07:15Z', 'updatedAt': '2022-10-24T12:07:15Z'}}, 'canReply': True, 'totalReplyCount': 0, 'isPublic': True}",,UCUGh81TYIsa6L86ZU5mMLkQ,2022-10-24T12:07:15Z,MULA LADRÃO SEU LUGAR É NA PRISÃO,QURTSl9pM2g1NWFaaGNsQVpXRlRfZUdWWEV1Y1VJeXJzbmdaRG1tc3Y4Zmt6b1dNYlE2Z0FCWEdkbk0zR3VBcWVLTzItZ25UWXpFVmxKVQ==,2023-06-07 23:24:17.837980
youtube#commentThread,ubfQopEJTgXf8cVpnRY01_tC3aQ,UgycHbsvuFvV2fgXCJ54AaABAg,"{'videoId': 'ZLrZ7ED8l0E', 'topLevelComment': {'kind': 'youtube#comment', 'etag': 'wA8fbjnzmh00MIpl3mrb1ldXOjQ', 'id': 'UgycHbsvuFvV2fgXCJ54AaABAg', 'snippet': {'videoId': 'ZLrZ7ED8l0E', 'textDisplay': 'CONGRESSO NACIONAL POR FAVOR CRIE UMA LEI QUE REDUZA O MANDATO DESSES MINISTROS DO STF PARA OITO ANOS E ACABE COM ESSE MANDATO VITALÍCIO E RETIRE ESSES PENDURICALHOS DOS SALÁRIOS QUE JÁ SÃO UM ABSURDO', 'textOriginal': 'CONGRESSO NACIONAL POR FAVOR CRIE UMA LEI QUE REDUZA O MANDATO DESSES MINISTROS DO STF PARA OITO ANOS E ACABE COM ESSE MANDATO VITALÍCIO E RETIRE ESSES PENDURICALHOS DOS SALÁRIOS QUE JÁ SÃO UM ABSURDO', 'authorDisplayName': 'Edvaldo Gualberto', 'authorProfileImageUrl': 'https://yt3.ggpht.com/ytc/AGIKgqM4QYl0D3BPcr0_QH4RVP4VGFAkaE_rBNFE1A=s48-c-k-c0x00ffffff-no-rj', 'authorChannelUrl': 'http://www.youtube.com/channel/UCUGh81TYIsa6L86ZU5mMLkQ', 'authorChannelId': {'value': 'UCUGh81TYIsa6L86ZU5mMLkQ'}, 'canRate': True, 'viewerRating': 'none', 'likeCount': 1, 'publishedAt': '2022-10-24T12:06:04Z', 'updatedAt': '2022-10-24T12:06:04Z'}}, 'canReply': True, 'totalReplyCount': 0, 'isPublic': True}",,UCUGh81TYIsa6L86ZU5mMLkQ,2022-10-24T12:06:04Z,CONGRESSO NACIONAL POR FAVOR CRIE UMA LEI QUE REDUZA O MANDATO DESSES MINISTROS DO STF PARA OITO ANOS E ACABE COM ESSE MANDATO VITALÍCIO E RETIRE ESSES PENDURICALHOS DOS SALÁRIOS QUE JÁ SÃO UM ABSURDO,QURTSl9pM2g1NWFaaGNsQVpXRlRfZUdWWEV1Y1VJeXJzbmdaRG1tc3Y4Zmt6b1dNYlE2Z0FCWEdkbk0zR3VBcWVLTzItZ25UWXpFVmxKVQ==,2023-06-07 23:24:17.837980
youtube#commentThread,2o3NpQgdOuaiZz3KleoSI9o55WU,UgyKCgrASJsCxoXbC3l4AaABAg,"{'videoId': 'ZLrZ7ED8l0E', 'topLevelComment': {'kind': 'youtube#comment', 'etag': 'skErQfsXIFfb2MhmHZsMdHdooBU', 'id': 'UgyKCgrASJsCxoXbC3l4AaABAg', 'snippet': {'videoId': 'ZLrZ7ED8l0E', 'textDisplay': 'INTERVENÇÃO CONSTITUCIONAL FEDERAL SUPERIOR MILITAR NO STF E TSE TROCANDO ESSES IMBECIS POR JUÍZES DE CARREIRA COM NOTÓRIO SABER JURÍDICO', 'textOriginal': 'INTERVENÇÃO CONSTITUCIONAL FEDERAL SUPERIOR MILITAR NO STF E TSE TROCANDO ESSES IMBECIS POR JUÍZES DE CARREIRA COM NOTÓRIO SABER JURÍDICO', 'authorDisplayName': 'Edvaldo Gualberto', 'authorProfileImageUrl': 'https://yt3.ggpht.com/ytc/AGIKgqM4QYl0D3BPcr0_QH4RVP4VGFAkaE_rBNFE1A=s48-c-k-c0x00ffffff-no-rj', 'authorChannelUrl': 'http://www.youtube.com/channel/UCUGh81TYIsa6L86ZU5mMLkQ', 'authorChannelId': {'value': 'UCUGh81TYIsa6L86ZU5mMLkQ'}, 'canRate': True, 'viewerRating': 'none', 'likeCount': 0, 'publishedAt': '2022-10-24T12:05:26Z', 'updatedAt': '2022-10-24T12:05:26Z'}}, 'canReply': True, 'totalReplyCount': 0, 'isPublic': True}",,UCUGh81TYIsa6L86ZU5mMLkQ,2022-10-24T12:05:26Z,INTERVENÇÃO CONSTITUCIONAL FEDERAL SUPERIOR MILITAR NO STF E TSE TROCANDO ESSES IMBECIS POR JUÍZES DE CARREIRA COM NOTÓRIO SABER JURÍDICO,QURTSl9pM2g1NWFaaGNsQVpXRlRfZUdWWEV1Y1VJeXJzbmdaRG1tc3Y4Zmt6b1dNYlE2Z0FCWEdkbk0zR3VBcWVLTzItZ25UWXpFVmxKVQ==,2023-06-07 23:24:17.837980
youtube#commentThread,DW9TSorG2bOKeecZVmne7k_S9_E,UgyuWl2FOLbOSkg2x7J4AaABAg,"{'videoId': 'ZLrZ7ED8l0E', 'topLevelComment': {'kind': 'youtube#comment', 'etag': 'X-tzxeBii3NPIy3pdOfsZw7D56k', 'id': 'UgyuWl2FOLbOSkg2x7J4AaABAg', 'snippet': {'videoId': 'ZLrZ7ED8l0E', 'textDisplay': 'IMPEACHMENT DE ALEXANDRE DE MORAES JÁ', 'textOriginal': 'IMPEACHMENT DE ALEXANDRE DE MORAES JÁ', 'authorDisplayName': 'Edvaldo Gualberto', 'authorProfileImageUrl': 'https://yt3.ggpht.com/ytc/AGIKgqM4QYl0D3BPcr0_QH4RVP4VGFAkaE_rBNFE1A=s48-c-k-c0x00ffffff-no-rj', 'authorChannelUrl': 'http://www.youtube.com/channel/UCUGh81TYIsa6L86ZU5mMLkQ', 'authorChannelId': {'value': 'UCUGh81TYIsa6L86ZU5mMLkQ'}, 'canRate': True, 'viewerRating': 'none', 'likeCount': 0, 'publishedAt': '2022-10-24T12:04:43Z', 'updatedAt': '2022-10-24T12:04:43Z'}}, 'canReply': True, 'totalReplyCount': 0, 'isPublic': True}",,UCUGh81TYIsa6L86ZU5mMLkQ,2022-10-24T12:04:43Z,IMPEACHMENT DE ALEXANDRE DE MORAES JÁ,QURTSl9pM2g1NWFaaGNsQVpXRlRfZUdWWEV1Y1VJeXJzbmdaRG1tc3Y4Zmt6b1dNYlE2Z0FCWEdkbk0zR3VBcWVLTzItZ25UWXpFVmxKVQ==,2023-06-07 23:24:17.837980
youtube#commentThread,vzHKUm9EXNIVvElVYE7dSM3AO4k,Ugwqrj5hIJAF4ZrTNKd4AaABAg,"{'videoId': 'ZLrZ7ED8l0E', 'topLevelComment': {'kind': 'youtube#comment', 'etag': 'nKL4cfWnT1L8tHPmURNKxQLTiSE', 'id': 'Ugwqrj5hIJAF4ZrTNKd4AaABAg', 'snippet': {'videoId': 'ZLrZ7ED8l0E', 'textDisplay': 'ESTAMOS COM JAMBO JAIR MESSIAS BOLSONARO O MITO 2022', 'textOriginal': 'ESTAMOS COM JAMBO JAIR MESSIAS BOLSONARO O MITO 2022', 'authorDisplayName': 'Edvaldo Gualberto', 'authorProfileImageUrl': 'https://yt3.ggpht.com/ytc/AGIKgqM4QYl0D3BPcr0_QH4RVP4VGFAkaE_rBNFE1A=s48-c-k-c0x00ffffff-no-rj', 'authorChannelUrl': 'http://www.youtube.com/channel/UCUGh81TYIsa6L86ZU5mMLkQ', 'authorChannelId': {'value': 'UCUGh81TYIsa6L86ZU5mMLkQ'}, 'canRate': True, 'viewerRating': 'none', 'likeCount': 0, 'publishedAt': '2022-10-24T12:04:10Z', 'updatedAt': '2022-10-24T12:04:10Z'}}, 'canReply': True, 'totalReplyCount': 0, 'isPublic': True}",,UCUGh81TYIsa6L86ZU5mMLkQ,2022-10-24T12:04:10Z,ESTAMOS COM JAMBO JAIR MESSIAS BOLSONARO O MITO 2022,QURTSl9pM2g1NWFaaGNsQVpXRlRfZUdWWEV1Y1VJeXJzbmdaRG1tc3Y4Zmt6b1dNYlE2Z0FCWEdkbk0zR3VBcWVLTzItZ25UWXpFVmxKVQ==,2023-06-07 23:24:17.837980
youtube#commentThread,DG5Xb_XOIrBdJyZlQKhLqjLjxzY,UgzPyr-AInuHB-qNCeZ4AaABAg,"{'videoId': 'kUToCwhVzRg', 'topLevelComment': {'kind': 'youtube#comment', 'etag': 'wmW5qiCunv6oHadyhtESURKeJE0', 'id': 'UgzPyr-AInuHB-qNCeZ4AaABAg', 'snippet': {'videoId': 'kUToCwhVzRg', 'textDisplay': 'INTERVENÇÃO CONSTITUCIONAL FEDERAL SUPERIOR MILITAR NO STF E TSE TROCANDO ESSES IMBECIS POR JUÍZES DE CARREIRA COM NOTÓRIO JURÍDICO SABER', 'textOriginal': 'INTERVENÇÃO CONSTITUCIONAL FEDERAL SUPERIOR MILITAR NO STF E TSE TROCANDO ESSES IMBECIS POR JUÍZES DE CARREIRA COM NOTÓRIO JURÍDICO SABER', 'authorDisplayName': 'Edvaldo Gualberto', 'authorProfileImageUrl': 'https://yt3.ggpht.com/ytc/AGIKgqM4QYl0D3BPcr0_QH4RVP4VGFAkaE_rBNFE1A=s48-c-k-c0x00ffffff-no-rj', 'authorChannelUrl': 'http://www.youtube.com/channel/UCUGh81TYIsa6L86ZU5mMLkQ', 'authorChannelId': {'value': 'UCUGh81TYIsa6L86ZU5mMLkQ'}, 'canRate': True, 'viewerRating': 'none', 'likeCount': 1, 'publishedAt': '2022-10-22T21:45:58Z', 'updatedAt': '2022-10-22T21:45:58Z'}}, 'canReply': True, 'totalReplyCount': 0, 'isPublic': True}",,UCUGh81TYIsa6L86ZU5mMLkQ,2022-10-22T21:45:58Z,INTERVENÇÃO CONSTITUCIONAL FEDERAL SUPERIOR MILITAR NO STF E TSE TROCANDO ESSES IMBECIS POR JUÍZES DE CARREIRA COM NOTÓRIO JURÍDICO SABER,QURTSl9pMFNaNVg4Z3FtQy1URzVOdWdKTmEySTBkajlOdXpYak9hMkhSeDhfaWNBVXhEc2FubTBnR3c5MkhiRkh0RFhDVFg2Z1ZlZ3JPaw==,2023-06-07 23:25:13.764337
youtube#commentThread,cjiEwRHcHFC-n0qSusgllqGQxpQ,UgxiEB6h3jPqbywSsFZ4AaABAg,"{'videoId': 'kUToCwhVzRg', 'topLevelComment': {'kind': 'youtube#comment', 'etag': 'RmHwNGMLSSqJS4JUEnCgcJkbKaw', 'id': 'UgxiEB6h3jPqbywSsFZ4AaABAg', 'snippet': {'videoId': 'kUToCwhVzRg', 'textDisplay': 'IMPEACHMENT DE ALEXANDRE DE MORAES JÁ', 'textOriginal': 'IMPEACHMENT DE ALEXANDRE DE MORAES JÁ', 'authorDisplayName': 'Edvaldo Gualberto', 'authorProfileImageUrl': 'https://yt3.ggpht.com/ytc/AGIKgqM4QYl0D3BPcr0_QH4RVP4VGFAkaE_rBNFE1A=s48-c-k-c0x00ffffff-no-rj', 'authorChannelUrl': 'http://www.youtube.com/channel/UCUGh81TYIsa6L86ZU5mMLkQ', 'authorChannelId': {'value': 'UCUGh81TYIsa6L86ZU5mMLkQ'}, 'canRate': True, 'viewerRating': 'none', 'likeCount': 1, 'publishedAt': '2022-10-22T21:45:00Z', 'updatedAt': '2022-10-22T21:45:00Z'}}, 'canReply': True, 'totalReplyCount': 0, 'isPublic': True}",,UCUGh81TYIsa6L86ZU5mMLkQ,2022-10-22T21:45:00Z,IMPEACHMENT DE ALEXANDRE DE MORAES JÁ,QURTSl9pMFNaNVg4Z3FtQy1URzVOdWdKTmEySTBkajlOdXpYak9hMkhSeDhfaWNBVXhEc2FubTBnR3c5MkhiRkh0RFhDVFg2Z1ZlZ3JPaw==,2023-06-07 23:25:13.764337
youtube#commentThread,e3UPsEnqNcL9TxCStXVYaYwni4c,UgxuTCOzOiDkVvNxdZt4AaABAg,"{'videoId': 'kUToCwhVzRg', 'topLevelComment': {'kind': 'youtube#comment', 'etag': 'bqTEMMqVRpbdr4ZGtNU5BXkNEx8', 'id': 'UgxuTCOzOiDkVvNxdZt4AaABAg', 'snippet': {'videoId': 'kUToCwhVzRg', 'textDisplay': 'ESTAMOS COM JAMBO JAIR MESSIAS BOLSONARO O MITO 2022', 'textOriginal': 'ESTAMOS COM JAMBO JAIR MESSIAS BOLSONARO O MITO 2022', 'authorDisplayName': 'Edvaldo Gualberto', 'authorProfileImageUrl': 'https://yt3.ggpht.com/ytc/AGIKgqM4QYl0D3BPcr0_QH4RVP4VGFAkaE_rBNFE1A=s48-c-k-c0x00ffffff-no-rj', 'authorChannelUrl': 'http://www.youtube.com/channel/UCUGh81TYIsa6L86ZU5mMLkQ', 'authorChannelId': {'value': 'UCUGh81TYIsa6L86ZU5mMLkQ'}, 'canRate': True, 'viewerRating': 'none', 'likeCount': 0, 'publishedAt': '2022-10-22T21:44:33Z', 'updatedAt': '2022-10-22T21:44:33Z'}}, 'canReply': True, 'totalReplyCount': 0, 'isPublic': True}",,UCUGh81TYIsa6L86ZU5mMLkQ,2022-10-22T21:44:33Z,ESTAMOS COM JAMBO JAIR MESSIAS BOLSONARO O MITO 2022,QURTSl9pMFNaNVg4Z3FtQy1URzVOdWdKTmEySTBkajlOdXpYak9hMkhSeDhfaWNBVXhEc2FubTBnR3c5MkhiRkh0RFhDVFg2Z1ZlZ3JPaw==,2023-06-07 23:25:13.764337
youtube#commentThread,xHeVpwtpYtO-UQcYKXuOdRI357Y,UgzMC4Uj9lLfC1gYVUB4AaABAg,"{'videoId': 'WbJUvy_DBew', 'topLevelComment': {'kind': 'youtube#comment', 'etag': '4O3Oxs8_V507oI3sTd5mD2w254E', 'id': 'UgzMC4Uj9lLfC1gYVUB4AaABAg', 'snippet': {'videoId': 'WbJUvy_DBew', 'textDisplay': 'PT NUNCA MAIS', 'textOriginal': 'PT NUNCA MAIS', 'authorDisplayName': 'Edvaldo Gualberto', 'authorProfileImageUrl': 'https://yt3.ggpht.com/ytc/AGIKgqM4QYl0D3BPcr0_QH4RVP4VGFAkaE_rBNFE1A=s48-c-k-c0x00ffffff-no-rj', 'authorChannelUrl': 'http://www.youtube.com/channel/UCUGh81TYIsa6L86ZU5mMLkQ', 'authorChannelId': {'value': 'UCUGh81TYIsa6L86ZU5mMLkQ'}, 'canRate': True, 'viewerRating': 'none', 'likeCount': 0, 'publishedAt': '2022-10-21T01:04:31Z', 'updatedAt': '2022-10-21T01:04:31Z'}}, 'canReply': True, 'totalReplyCount': 0, 'isPublic': True}",,UCUGh81TYIsa6L86ZU5mMLkQ,2022-10-21T01:04:31Z,PT NUNCA MAIS,QURTSl9pMmVVa3lPQ2Flc2RJZVp4Y3UydmJCcld3dlRsRUFOcENOR0ZYY05iakdtWVRlZERhUWswV05xWjhoX2liLXRyZl9DNml3ckM5aw==,2023-06-07 23:26:36.089254
youtube#commentThread,UOPMdXk_jtsLB7b8uJh91qEgF2U,UgxYJFeX0BxeCpu273Z4AaABAg,"{'videoId': 'WbJUvy_DBew', 'topLevelComment': {'kind': 'youtube#comment', 'etag': '0AbOctv-4MWMzpgWEV-EsA4l_c8', 'id': 'UgxYJFeX0BxeCpu273Z4AaABAg', 'snippet': {'videoId': 'WbJUvy_DBew', 'textDisplay': 'LULA LADRÃO SEU LUGAR É NA PRISÃO', 'textOriginal': 'LULA LADRÃO SEU LUGAR É NA PRISÃO', 'authorDisplayName': 'Edvaldo Gualberto', 'authorProfileImageUrl': 'https://yt3.ggpht.com/ytc/AGIKgqM4QYl0D3BPcr0_QH4RVP4VGFAkaE_rBNFE1A=s48-c-k-c0x00ffffff-no-rj', 'authorChannelUrl': 'http://www.youtube.com/channel/UCUGh81TYIsa6L86ZU5mMLkQ', 'authorChannelId': {'value': 'UCUGh81TYIsa6L86ZU5mMLkQ'}, 'canRate': True, 'viewerRating': 'none', 'likeCount': 0, 'publishedAt': '2022-10-21T01:04:19Z', 'updatedAt': '2022-10-21T01:04:19Z'}}, 'canReply': True, 'totalReplyCount': 0, 'isPublic': True}",,UCUGh81TYIsa6L86ZU5mMLkQ,2022-10-21T01:04:19Z,LULA LADRÃO SEU LUGAR É NA PRISÃO,QURTSl9pMmVVa3lPQ2Flc2RJZVp4Y3UydmJCcld3dlRsRUFOcENOR0ZYY05iakdtWVRlZERhUWswV05xWjhoX2liLXRyZl9DNml3ckM5aw==,2023-06-07 23:26:36.089254
youtube#commentThread,XGdIf_fCLag8CgghFzM_7pyeoDw,UgzYiSP32DJjO_bMCE54AaABAg,"{'videoId': 'WbJUvy_DBew', 'topLevelComment': {'kind': 'youtube#comment', 'etag': 'g2QzF_kT7X9JShuy71EZKFs81Rg', 'id': 'UgzYiSP32DJjO_bMCE54AaABAg', 'snippet': {'videoId': 'WbJUvy_DBew', 'textDisplay': 'CONGRESSO NACIONAL POR FAVOR CRIE UMA LEI QUE REDUZA O MANDATO DESSES MINISTROS DO STF PARA OITO ANOS E ACABE COM ESSE MANDATO VITALÍCIO E RETIRE ESSES PENDURICALHOS DOS SALÁRIOS QUE JÁ SÃO UM ABSURDO.', 'textOriginal': 'CONGRESSO NACIONAL POR FAVOR CRIE UMA LEI QUE REDUZA O MANDATO DESSES MINISTROS DO STF PARA OITO ANOS E ACABE COM ESSE MANDATO VITALÍCIO E RETIRE ESSES PENDURICALHOS DOS SALÁRIOS QUE JÁ SÃO UM ABSURDO.', 'authorDisplayName': 'Edvaldo Gualberto', 'authorProfileImageUrl': 'https://yt3.ggpht.com/ytc/AGIKgqM4QYl0D3BPcr0_QH4RVP4VGFAkaE_rBNFE1A=s48-c-k-c0x00ffffff-no-rj', 'authorChannelUrl': 'http://www.youtube.com/channel/UCUGh81TYIsa6L86ZU5mMLkQ', 'authorChannelId': {'value': 'UCUGh81TYIsa6L86ZU5mMLkQ'}, 'canRate': True, 'viewerRating': 'none', 'likeCount': 0, 'publishedAt': '2022-10-21T00:55:38Z', 'updatedAt': '2022-10-21T00:55:38Z'}}, 'canReply': True, 'totalReplyCount': 0, 'isPublic': True}",,UCUGh81TYIsa6L86ZU5mMLkQ,2022-10-21T00:55:38Z,CONGRESSO NACIONAL POR FAVOR CRIE UMA LEI QUE REDUZA O MANDATO DESSES MINISTROS DO STF PARA OITO ANOS E ACABE COM ESSE MANDATO VITALÍCIO E RETIRE ESSES PENDURICALHOS DOS SALÁRIOS QUE JÁ SÃO UM ABSURDO.,QURTSl9pMlZWbkFpVFkzTGZ4OW93cTRKNXFZNm5mUTE0RXctZWVGMDd5MDJkMUJ3RlFEZ1JSanJfbEF6Rno3VHJFUFhYUW9jN21WT1lHNA==,2023-06-07 23:26:37.684878
youtube#commentThread,GD7nnqNoxgcN4Ha88rr67mfgUKk,Ugyc7oKyKjRHI6gSacJ4AaABAg,"{'videoId': 'WbJUvy_DBew', 'topLevelComment': {'kind': 'youtube#comment', 'etag': 'WGo68TI_iRGPiqpKQeuNLsMce4Q', 'id': 'Ugyc7oKyKjRHI6gSacJ4AaABAg', 'snippet': {'videoId': 'WbJUvy_DBew', 'textDisplay': 'INTERVENÇÃO CONSTITUCIONAL FEDERAL SUPERIOR MILITAR NO STF E TSE TROCANDO ESSES IMBECIS POR JUÍZES DE CARREIRA COM NOTÓRIO SABER JURÍDICO', 'textOriginal': 'INTERVENÇÃO CONSTITUCIONAL FEDERAL SUPERIOR MILITAR NO STF E TSE TROCANDO ESSES IMBECIS POR JUÍZES DE CARREIRA COM NOTÓRIO SABER JURÍDICO', 'authorDisplayName': 'Edvaldo Gualberto', 'authorProfileImageUrl': 'https://yt3.ggpht.com/ytc/AGIKgqM4QYl0D3BPcr0_QH4RVP4VGFAkaE_rBNFE1A=s48-c-k-c0x00ffffff-no-rj', 'authorChannelUrl': 'http://www.youtube.com/channel/UCUGh81TYIsa6L86ZU5mMLkQ', 'authorChannelId': {'value': 'UCUGh81TYIsa6L86ZU5mMLkQ'}, 'canRate': True, 'viewerRating': 'none', 'likeCount': 0, 'publishedAt': '2022-10-21T00:55:12Z', 'updatedAt': '2022-10-21T00:55:12Z'}}, 'canReply': True, 'totalReplyCount': 0, 'isPublic': True}",,UCUGh81TYIsa6L86ZU5mMLkQ,2022-10-21T00:55:12Z,INTERVENÇÃO CONSTITUCIONAL FEDERAL SUPERIOR MILITAR NO STF E TSE TROCANDO ESSES IMBECIS POR JUÍZES DE CARREIRA COM NOTÓRIO SABER JURÍDICO,QURTSl9pMlZWbkFpVFkzTGZ4OW93cTRKNXFZNm5mUTE0RXctZWVGMDd5MDJkMUJ3RlFEZ1JSanJfbEF6Rno3VHJFUFhYUW9jN21WT1lHNA==,2023-06-07 23:26:37.684878
youtube#commentThread,aS8WNuSBeaFJJzj8aDiuVzOAeos,Ugx0GlPdMquaoA6-hmR4AaABAg,"{'videoId': 'Dchuaay235c', 'topLevelComment': {'kind': 'youtube#comment', 'etag': 'nIA_pgu7SMsGHDhjie6rFqigNoE', 'id': 'Ugx0GlPdMquaoA6-hmR4AaABAg', 'snippet': {'videoId': 'Dchuaay235c', 'textDisplay': 'IMPEACHMENT DE ALEXANDRE DE MORAES JÁ', 'textOriginal': 'IMPEACHMENT DE ALEXANDRE DE MORAES JÁ', 'authorDisplayName': 'Edvaldo Gualberto', 'authorProfileImageUrl': 'https://yt3.ggpht.com/ytc/AGIKgqM4QYl0D3BPcr0_QH4RVP4VGFAkaE_rBNFE1A=s48-c-k-c0x00ffffff-no-rj', 'authorChannelUrl': 'http://www.youtube.com/channel/UCUGh81TYIsa6L86ZU5mMLkQ', 'authorChannelId': {'value': 'UCUGh81TYIsa6L86ZU5mMLkQ'}, 'canRate': True, 'viewerRating': 'none', 'likeCount': 0, 'publishedAt': '2022-10-20T02:34:45Z', 'updatedAt': '2022-10-20T02:34:45Z'}}, 'canReply': True, 'totalReplyCount': 0, 'isPublic': True}",,UCUGh81TYIsa6L86ZU5mMLkQ,2022-10-20T02:34:45Z,IMPEACHMENT DE ALEXANDRE DE MORAES JÁ,QURTSl9pMHA5aXNTSnhnNzFDQlp5U2lDV1V5N3cyWGZXYzRGYldCX2VsenRmRnEyNVFtWDVIaUxqdUt4ZGdlV3RQcHozV0JfM2FocWxoOA==,2023-06-07 23:27:07.099412
youtube#commentThread,VNwKclbkOTMsKQbE-rSu3SWTYfs,UgxRmNPWlHk-yQQTSfh4AaABAg,"{'videoId': 'IOAmO6BxAFc', 'topLevelComment': {'kind': 'youtube#comment', 'etag': 'DOWcrBLO2eHjJG28xn-4_ngDWCY', 'id': 'UgxRmNPWlHk-yQQTSfh4AaABAg', 'snippet': {'videoId': 'IOAmO6BxAFc', 'textDisplay': 'DEUS SALVE O BRASIL, ALEXANDRE GARCIA O SR. É EXEMPLO DE JORNALISTA, É  UM DOS ÚLTIMOS DOS MOICANOS, É IMPARCIAL E HONESTO.', 'textOriginal': 'DEUS SALVE O BRASIL, ALEXANDRE GARCIA O SR. É EXEMPLO DE JORNALISTA, É  UM DOS ÚLTIMOS DOS MOICANOS, É IMPARCIAL E HONESTO.', 'authorDisplayName': 'Edvaldo Gualberto', 'authorProfileImageUrl': 'https://yt3.ggpht.com/ytc/AGIKgqM4QYl0D3BPcr0_QH4RVP4VGFAkaE_rBNFE1A=s48-c-k-c0x00ffffff-no-rj', 'authorChannelUrl': 'http://www.youtube.com/channel/UCUGh81TYIsa6L86ZU5mMLkQ', 'authorChannelId': {'value': 'UCUGh81TYIsa6L86ZU5mMLkQ'}, 'canRate': True, 'viewerRating': 'none', 'likeCount': 0, 'publishedAt': '2022-10-19T11:45:50Z', 'updatedAt': '2022-10-19T11:45:50Z'}}, 'canReply': True, 'totalReplyCount': 0, 'isPublic': True}",,UCUGh81TYIsa6L86ZU5mMLkQ,2022-10-19T11:45:50Z,"DEUS SALVE O BRASIL, ALEXANDRE GARCIA O SR. É EXEMPLO DE JORNALISTA, É  UM DOS ÚLTIMOS DOS MOICANOS, É IMPARCIAL E HONESTO.",QURTSl9pMUdmSDFzOGhPWHdLVDFCclpTcF9mWjZJMWdnQ0hzdU5MbzBjN28tT2R6SHpHT3pMRVZXTzlRdV9YM05qNHkwQ2NDVTNlS1Nucw==,2023-06-07 23:28:20.906169
youtube#commentThread,6yJAtJNOYm8qIFdsCvYIftd9GyQ,UgyzeP3GSCPML3AyNP54AaABAg,"{'videoId': 'yRAr5xHQ3m0', 'topLevelComment': {'kind': 'youtube#comment', 'etag': 't5AKn2KdxhI4FgtS4Mf_bt7CZsM', 'id': 'UgyzeP3GSCPML3AyNP54AaABAg', 'snippet': {'videoId': 'yRAr5xHQ3m0', 'textDisplay': 'MULA LADRÃO SEU LUGAR É NA PRISÃO', 'textOriginal': 'MULA LADRÃO SEU LUGAR É NA PRISÃO', 'authorDisplayName': 'Edvaldo Gualberto', 'authorProfileImageUrl': 'https://yt3.ggpht.com/ytc/AGIKgqM4QYl0D3BPcr0_QH4RVP4VGFAkaE_rBNFE1A=s48-c-k-c0x00ffffff-no-rj', 'authorChannelUrl': 'http://www.youtube.com/channel/UCUGh81TYIsa6L86ZU5mMLkQ', 'authorChannelId': {'value': 'UCUGh81TYIsa6L86ZU5mMLkQ'}, 'canRate': True, 'viewerRating': 'none', 'likeCount': 0, 'publishedAt': '2022-10-19T08:20:02Z', 'updatedAt': '2022-10-19T08:20:02Z'}}, 'canReply': True, 'totalReplyCount': 0, 'isPublic': True}",,UCUGh81TYIsa6L86ZU5mMLkQ,2022-10-19T08:20:02Z,MULA LADRÃO SEU LUGAR É NA PRISÃO,QURTSl9pMHdjMmZCMmQwdXNvRENIS2FoZlY2TERqdlNoOEhGY1lENGVXWmdFR25qbnlQYkYyQmVQY2pZVVZ2LUR4ZlFRdHNYUGo0UnB3Zw==,2023-06-07 23:28:46.378900
youtube#commentThread,HESYR8TIeerK5BhBDI1K0GIuqK4,UgzoZVOVenFBNLEyTZx4AaABAg,"{'videoId': 'yRAr5xHQ3m0', 'topLevelComment': {'kind': 'youtube#comment', 'etag': 'pwO7f5Vv0hVUK3QqDsElJ5GsXcw', 'id': 'UgzoZVOVenFBNLEyTZx4AaABAg', 'snippet': {'videoId': 'yRAr5xHQ3m0', 'textDisplay': 'PT NUNCA MAIS', 'textOriginal': 'PT NUNCA MAIS', 'authorDisplayName': 'Edvaldo Gualberto', 'authorProfileImageUrl': 'https://yt3.ggpht.com/ytc/AGIKgqM4QYl0D3BPcr0_QH4RVP4VGFAkaE_rBNFE1A=s48-c-k-c0x00ffffff-no-rj', 'authorChannelUrl': 'http://www.youtube.com/channel/UCUGh81TYIsa6L86ZU5mMLkQ', 'authorChannelId': {'value': 'UCUGh81TYIsa6L86ZU5mMLkQ'}, 'canRate': True, 'viewerRating': 'none', 'likeCount': 0, 'publishedAt': '2022-10-19T08:19:24Z', 'updatedAt': '2022-10-19T08:19:24Z'}}, 'canReply': True, 'totalReplyCount': 0, 'isPublic': True}",,UCUGh81TYIsa6L86ZU5mMLkQ,2022-10-19T08:19:24Z,PT NUNCA MAIS,QURTSl9pMGZxZlUwWWJlM3REYnJYZlZFN19RSXlwZG1XLUFXeGpYOXhFbWNSajVYOTY2MXhIWlhZZ3dVM3R6M2l0dHJiZXBFdzBWSUtTbw==,2023-06-07 23:28:48.012754
youtube#commentThread,twE2C1pu-eoHo2pn760-KgZSudQ,UgwicdWHFiYV6kcjqHx4AaABAg,"{'videoId': 'yRAr5xHQ3m0', 'topLevelComment': {'kind': 'youtube#comment', 'etag': 'VW9HpySWpRVMi1PoujGR6gEBvFc', 'id': 'UgwicdWHFiYV6kcjqHx4AaABAg', 'snippet': {'videoId': 'yRAr5xHQ3m0', 'textDisplay': 'CONGRESSO NACIONAL POR FAVOR CRIE UMA LEI QUE REDUZA O MANDATO DESSES MINISTROS DO STF PARA OITO ANOS E ACABE COM ESSE MANDATO VITALÍCIO E RETIRE ESSES PENDURICALHOS DOS SALÁRIOS QUE JÁ SÃO UM ABSURDO.', 'textOriginal': 'CONGRESSO NACIONAL POR FAVOR CRIE UMA LEI QUE REDUZA O MANDATO DESSES MINISTROS DO STF PARA OITO ANOS E ACABE COM ESSE MANDATO VITALÍCIO E RETIRE ESSES PENDURICALHOS DOS SALÁRIOS QUE JÁ SÃO UM ABSURDO.', 'authorDisplayName': 'Edvaldo Gualberto', 'authorProfileImageUrl': 'https://yt3.ggpht.com/ytc/AGIKgqM4QYl0D3BPcr0_QH4RVP4VGFAkaE_rBNFE1A=s48-c-k-c0x00ffffff-no-rj', 'authorChannelUrl': 'http://www.youtube.com/channel/UCUGh81TYIsa6L86ZU5mMLkQ', 'authorChannelId': {'value': 'UCUGh81TYIsa6L86ZU5mMLkQ'}, 'canRate': True, 'viewerRating': 'none', 'likeCount': 13, 'publishedAt': '2022-10-19T08:18:21Z', 'updatedAt': '2022-10-19T08:18:21Z'}}, 'canReply': True, 'totalReplyCount': 0, 'isPublic': True}",,UCUGh81TYIsa6L86ZU5mMLkQ,2022-10-19T08:18:21Z,CONGRESSO NACIONAL POR FAVOR CRIE UMA LEI QUE REDUZA O MANDATO DESSES MINISTROS DO STF PARA OITO ANOS E ACABE COM ESSE MANDATO VITALÍCIO E RETIRE ESSES PENDURICALHOS DOS SALÁRIOS QUE JÁ SÃO UM ABSURDO.,QURTSl9pMGZxZlUwWWJlM3REYnJYZlZFN19RSXlwZG1XLUFXeGpYOXhFbWNSajVYOTY2MXhIWlhZZ3dVM3R6M2l0dHJiZXBFdzBWSUtTbw==,2023-06-07 23:28:48.012754
youtube#commentThread,oCFYp-mN9FvHTcj2LMvcrUb6nyw,UgyhiloKim672TYAlPh4AaABAg,"{'videoId': 'yRAr5xHQ3m0', 'topLevelComment': {'kind': 'youtube#comment', 'etag': 'Y-4U1IGLRu_pB7iwABydKiURvqc', 'id': 'UgyhiloKim672TYAlPh4AaABAg', 'snippet': {'videoId': 'yRAr5xHQ3m0', 'textDisplay': 'INTERVENÇÃO CONSTITUCIONAL FEDERAL SUPERIOR MILITAR NO STF E TSE TROCANDO ESSES IMBECIS POR JUÍZES DE CARREIRA COM NOTÓRIO JURÍDICO SABER', 'textOriginal': 'INTERVENÇÃO CONSTITUCIONAL FEDERAL SUPERIOR MILITAR NO STF E TSE TROCANDO ESSES IMBECIS POR JUÍZES DE CARREIRA COM NOTÓRIO JURÍDICO SABER', 'authorDisplayName': 'Edvaldo Gualberto', 'authorProfileImageUrl': 'https://yt3.ggpht.com/ytc/AGIKgqM4QYl0D3BPcr0_QH4RVP4VGFAkaE_rBNFE1A=s48-c-k-c0x00ffffff-no-rj', 'authorChannelUrl': 'http://www.youtube.com/channel/UCUGh81TYIsa6L86ZU5mMLkQ', 'authorChannelId': {'value': 'UCUGh81TYIsa6L86ZU5mMLkQ'}, 'canRate': True, 'viewerRating': 'none', 'likeCount': 0, 'publishedAt': '2022-10-19T08:17:39Z', 'updatedAt': '2022-10-19T08:17:39Z'}}, 'canReply': True, 'totalReplyCount': 0, 'isPublic': True}",,UCUGh81TYIsa6L86ZU5mMLkQ,2022-10-19T08:17:39Z,INTERVENÇÃO CONSTITUCIONAL FEDERAL SUPERIOR MILITAR NO STF E TSE TROCANDO ESSES IMBECIS POR JUÍZES DE CARREIRA COM NOTÓRIO JURÍDICO SABER,QURTSl9pMGZxZlUwWWJlM3REYnJYZlZFN19RSXlwZG1XLUFXeGpYOXhFbWNSajVYOTY2MXhIWlhZZ3dVM3R6M2l0dHJiZXBFdzBWSUtTbw==,2023-06-07 23:28:48.012754
youtube#commentThread,xvTi_ozIciwFYGptGG7J7Zi1NMU,UgyJDIGdYJBZaz42IEB4AaABAg,"{'videoId': 'yRAr5xHQ3m0', 'topLevelComment': {'kind': 'youtube#comment', 'etag': 'UhLICuMC2Ai8WKbDTJ0_RYDKlh0', 'id': 'UgyJDIGdYJBZaz42IEB4AaABAg', 'snippet': {'videoId': 'yRAr5xHQ3m0', 'textDisplay': 'IMPEACHMENT DE ALEXANDRE DE MORAES JÁ', 'textOriginal': 'IMPEACHMENT DE ALEXANDRE DE MORAES JÁ', 'authorDisplayName': 'Edvaldo Gualberto', 'authorProfileImageUrl': 'https://yt3.ggpht.com/ytc/AGIKgqM4QYl0D3BPcr0_QH4RVP4VGFAkaE_rBNFE1A=s48-c-k-c0x00ffffff-no-rj', 'authorChannelUrl': 'http://www.youtube.com/channel/UCUGh81TYIsa6L86ZU5mMLkQ', 'authorChannelId': {'value': 'UCUGh81TYIsa6L86ZU5mMLkQ'}, 'canRate': True, 'viewerRating': 'none', 'likeCount': 0, 'publishedAt': '2022-10-19T08:17:09Z', 'updatedAt': '2022-10-19T08:17:09Z'}}, 'canReply': True, 'totalReplyCount': 0, 'isPublic': True}",,UCUGh81TYIsa6L86ZU5mMLkQ,2022-10-19T08:17:09Z,IMPEACHMENT DE ALEXANDRE DE MORAES JÁ,QURTSl9pMGZxZlUwWWJlM3REYnJYZlZFN19RSXlwZG1XLUFXeGpYOXhFbWNSajVYOTY2MXhIWlhZZ3dVM3R6M2l0dHJiZXBFdzBWSUtTbw==,2023-06-07 23:28:48.012754
youtube#commentThread,7NOeoiIyvM2Nz-kFDbwuzuAShzo,Ugx1eUUYGZ1GLfHdhW54AaABAg,"{'videoId': 'yRAr5xHQ3m0', 'topLevelComment': {'kind': 'youtube#comment', 'etag': 'E9F1nOxMTAOvQ5dJ8XyS9QuoOuE', 'id': 'Ugx1eUUYGZ1GLfHdhW54AaABAg', 'snippet': {'videoId': 'yRAr5xHQ3m0', 'textDisplay': 'ESTAMOS COM JAMBO JAIR MESSIAS BOLSONARO O MITO', 'textOriginal': 'ESTAMOS COM JAMBO JAIR MESSIAS BOLSONARO O MITO', 'authorDisplayName': 'Edvaldo Gualberto', 'authorProfileImageUrl': 'https://yt3.ggpht.com/ytc/AGIKgqM4QYl0D3BPcr0_QH4RVP4VGFAkaE_rBNFE1A=s48-c-k-c0x00ffffff-no-rj', 'authorChannelUrl': 'http://www.youtube.com/channel/UCUGh81TYIsa6L86ZU5mMLkQ', 'authorChannelId': {'value': 'UCUGh81TYIsa6L86ZU5mMLkQ'}, 'canRate': True, 'viewerRating': 'none', 'likeCount': 0, 'publishedAt': '2022-10-19T08:16:53Z', 'updatedAt': '2022-10-19T08:16:53Z'}}, 'canReply': True, 'totalReplyCount': 0, 'isPublic': True}",,UCUGh81TYIsa6L86ZU5mMLkQ,2022-10-19T08:16:53Z,ESTAMOS COM JAMBO JAIR MESSIAS BOLSONARO O MITO,QURTSl9pMGZxZlUwWWJlM3REYnJYZlZFN19RSXlwZG1XLUFXeGpYOXhFbWNSajVYOTY2MXhIWlhZZ3dVM3R6M2l0dHJiZXBFdzBWSUtTbw==,2023-06-07 23:28:48.012754
youtube#commentThread,zfq2f9p1Qzk-1CX6YhIa3rMZmdA,UgyOvFic-qPlMFikmgZ4AaABAg,"{'videoId': '2ovexiuZQ-w', 'topLevelComment': {'kind': 'youtube#comment', 'etag': 'QsE810o605_l2gD_aThDGAYejuI', 'id': 'UgyOvFic-qPlMFikmgZ4AaABAg', 'snippet': {'videoId': '2ovexiuZQ-w', 'textDisplay': 'STF E TSE SE VOCÊS ME ENGANAM EU BEM QUE TE ENTENDO, PORÉM EU QUERO QUE VOCÊS ENTENDAM, QUE EU ENTENDO QUE VOCÊS NÃO ME ENGANAS', 'textOriginal': 'STF E TSE SE VOCÊS ME ENGANAM EU BEM QUE TE ENTENDO, PORÉM EU QUERO QUE VOCÊS ENTENDAM, QUE EU ENTENDO QUE VOCÊS NÃO ME ENGANAS', 'authorDisplayName': 'Edvaldo Gualberto', 'authorProfileImageUrl': 'https://yt3.ggpht.com/ytc/AGIKgqM4QYl0D3BPcr0_QH4RVP4VGFAkaE_rBNFE1A=s48-c-k-c0x00ffffff-no-rj', 'authorChannelUrl': 'http://www.youtube.com/channel/UCUGh81TYIsa6L86ZU5mMLkQ', 'authorChannelId': {'value': 'UCUGh81TYIsa6L86ZU5mMLkQ'}, 'canRate': True, 'viewerRating': 'none', 'likeCount': 0, 'publishedAt': '2022-10-18T06:43:04Z', 'updatedAt': '2022-10-18T06:43:04Z'}}, 'canReply': True, 'totalReplyCount': 0, 'isPublic': True}",,UCUGh81TYIsa6L86ZU5mMLkQ,2022-10-18T06:43:04Z,"STF E TSE SE VOCÊS ME ENGANAM EU BEM QUE TE ENTENDO, PORÉM EU QUERO QUE VOCÊS ENTENDAM, QUE EU ENTENDO QUE VOCÊS NÃO ME ENGANAS",QURTSl9pMnJETDgyM3JGNXJUUHFpSGM2QTlRc05kWHNLTmFiWFJGRFZncXotMWZXbV8xS2lDc0Q5Tmw1Uy0xMm96T3VkZk9mWGZkdG1Lcw==,2023-06-07 23:29:07.496005
youtube#commentThread,rdv_ZOEiBO2JBlR_eAp1dcN_NwA,UgzypwTY6LO2buJlEu54AaABAg,"{'videoId': '2ovexiuZQ-w', 'topLevelComment': {'kind': 'youtube#comment', 'etag': 'kCI_W3Y4VYs4EPgpWVEUS0hiQlk', 'id': 'UgzypwTY6LO2buJlEu54AaABAg', 'snippet': {'videoId': '2ovexiuZQ-w', 'textDisplay': 'CONGRESSO NACIONAL POR FAVOR CRIE UMA LEI QUE REDUZA O MANDATO DESSES MINISTROS DO STF PARA OITO ANOS E ACABE COM ESSE MANDATO VITALÍCIO E RETIRE ESSES PENDURICALHOS DOS SALÁRIOS QUE JÁ SÃO UM ABSURDO.', 'textOriginal': 'CONGRESSO NACIONAL POR FAVOR CRIE UMA LEI QUE REDUZA O MANDATO DESSES MINISTROS DO STF PARA OITO ANOS E ACABE COM ESSE MANDATO VITALÍCIO E RETIRE ESSES PENDURICALHOS DOS SALÁRIOS QUE JÁ SÃO UM ABSURDO.', 'authorDisplayName': 'Edvaldo Gualberto', 'authorProfileImageUrl': 'https://yt3.ggpht.com/ytc/AGIKgqM4QYl0D3BPcr0_QH4RVP4VGFAkaE_rBNFE1A=s48-c-k-c0x00ffffff-no-rj', 'authorChannelUrl': 'http://www.youtube.com/channel/UCUGh81TYIsa6L86ZU5mMLkQ', 'authorChannelId': {'value': 'UCUGh81TYIsa6L86ZU5mMLkQ'}, 'canRate': True, 'viewerRating': 'none', 'likeCount': 0, 'publishedAt': '2022-10-18T06:36:52Z', 'updatedAt': '2022-10-18T06:36:52Z'}}, 'canReply': True, 'totalReplyCount': 0, 'isPublic': True}",,UCUGh81TYIsa6L86ZU5mMLkQ,2022-10-18T06:36:52Z,CONGRESSO NACIONAL POR FAVOR CRIE UMA LEI QUE REDUZA O MANDATO DESSES MINISTROS DO STF PARA OITO ANOS E ACABE COM ESSE MANDATO VITALÍCIO E RETIRE ESSES PENDURICALHOS DOS SALÁRIOS QUE JÁ SÃO UM ABSURDO.,QURTSl9pMnJETDgyM3JGNXJUUHFpSGM2QTlRc05kWHNLTmFiWFJGRFZncXotMWZXbV8xS2lDc0Q5Tmw1Uy0xMm96T3VkZk9mWGZkdG1Lcw==,2023-06-07 23:29:07.496005
youtube#commentThread,L7d4QEun5A1JRfK4DzYkpN4gNwc,UgzgEa-fCXJfsu1q-bJ4AaABAg,"{'videoId': '2ovexiuZQ-w', 'topLevelComment': {'kind': 'youtube#comment', 'etag': '3wKzZsO5gHg8VYl2jYSVrEHHSTY', 'id': 'UgzgEa-fCXJfsu1q-bJ4AaABAg', 'snippet': {'videoId': '2ovexiuZQ-w', 'textDisplay': 'VOTEMOS TODOS NÓS VELHOSOS EM<br>FUNÇÃO DE UM BRASIL MELHOR PARA NOSSOS FILHOS E NETOS, E ESSA NOVA GERAÇÃO QUE CHEGA,DIA 30 DE OUTUBRO POR FAVOR NÃO ESQUEÇA.', 'textOriginal': 'VOTEMOS TODOS NÓS VELHOSOS EM\\\\nFUNÇÃO DE UM BRASIL MELHOR PARA NOSSOS FILHOS E NETOS, E ESSA NOVA GERAÇÃO QUE CHEGA,DIA 30 DE OUTUBRO POR FAVOR NÃO ESQUEÇA.', 'authorDisplayName': 'Edvaldo Gualberto', 'authorProfileImageUrl': 'https://yt3.ggpht.com/ytc/AGIKgqM4QYl0D3BPcr0_QH4RVP4VGFAkaE_rBNFE1A=s48-c-k-c0x00ffffff-no-rj', 'authorChannelUrl': 'http://www.youtube.com/channel/UCUGh81TYIsa6L86ZU5mMLkQ', 'authorChannelId': {'value': 'UCUGh81TYIsa6L86ZU5mMLkQ'}, 'canRate': True, 'viewerRating': 'none', 'likeCount': 0, 'publishedAt': '2022-10-18T06:33:16Z', 'updatedAt': '2022-10-18T06:33:16Z'}}, 'canReply': True, 'totalReplyCount': 0, 'isPublic': True}",,UCUGh81TYIsa6L86ZU5mMLkQ,2022-10-18T06:33:16Z,"VOTEMOS TODOS NÓS VELHOSOS EM
FUNÇÃO DE UM BRASIL MELHOR PARA NOSSOS FILHOS E NETOS, E ESSA NOVA GERAÇÃO QUE CHEGA,DIA 30 DE OUTUBRO POR FAVOR NÃO ESQUEÇA.",QURTSl9pMnJETDgyM3JGNXJUUHFpSGM2QTlRc05kWHNLTmFiWFJGRFZncXotMWZXbV8xS2lDc0Q5Tmw1Uy0xMm96T3VkZk9mWGZkdG1Lcw==,2023-06-07 23:29:07.496005
youtube#commentThread,0Pp12qA6GeYyKjRJLMAlkK5ROPE,Ugzt9HBCQCI7r3BARap4AaABAg,"{'videoId': 'c_XilLACL-s', 'topLevelComment': {'kind': 'youtube#comment', 'etag': 'hdcHs9yoc15faSeGXbgVmJjCqDM', 'id': 'Ugzt9HBCQCI7r3BARap4AaABAg', 'snippet': {'videoId': 'c_XilLACL-s', 'textDisplay': 'CONGRESSO NACIONAL POR FAVOR CRIE UMA LEI QUE REDUZA O MANDATO DESSES MINISTROS DO STF PARA OITO ANOS E ACABE COM ESSE MANDATO VITALÍCIO E RETIRE ESSES PENDURICALHOS DOS SALÁRIOS QUE JÁ SÃO UM ABSURDO', 'textOriginal': 'CONGRESSO NACIONAL POR FAVOR CRIE UMA LEI QUE REDUZA O MANDATO DESSES MINISTROS DO STF PARA OITO ANOS E ACABE COM ESSE MANDATO VITALÍCIO E RETIRE ESSES PENDURICALHOS DOS SALÁRIOS QUE JÁ SÃO UM ABSURDO', 'authorDisplayName': 'Edvaldo Gualberto', 'authorProfileImageUrl': 'https://yt3.ggpht.com/ytc/AGIKgqM4QYl0D3BPcr0_QH4RVP4VGFAkaE_rBNFE1A=s48-c-k-c0x00ffffff-no-rj', 'authorChannelUrl': 'http://www.youtube.com/channel/UCUGh81TYIsa6L86ZU5mMLkQ', 'authorChannelId': {'value': 'UCUGh81TYIsa6L86ZU5mMLkQ'}, 'canRate': True, 'viewerRating': 'none', 'likeCount': 369, 'publishedAt': '2022-10-15T15:49:20Z', 'updatedAt': '2022-10-15T15:49:20Z'}}, 'canReply': True, 'totalReplyCount': 26, 'isPublic': True}","{'comments': [{'kind': 'youtube#comment', 'etag': 'PAIJBswzi3me55ui2D8Eus3tkcY', 'id': 'Ugzt9HBCQCI7r3BARap4AaABAg.9hCrqUh2CSR9hJBxT9Yo76', 'snippet': {'videoId': 'c_XilLACL-s', 'textDisplay': '@Italosoares a proposta foi feita pela srá Luiza Erundida e vai ser votada pelo novo congresso.', 'textOriginal': '@Italosoares a proposta foi feita pela srá Luiza Erundida e vai ser votada pelo novo congresso.', 'parentId': 'Ugzt9HBCQCI7r3BARap4AaABAg', 'authorDisplayName': 'Nina Urios', 'authorProfileImageUrl': 'https://yt3.ggpht.com/ytc/AGIKgqPvolRljPy43zMHQ1PmL6v2dvsfOkMgK1hjOi4ov-If9Sn4qov8z6gOuYbCfJiW=s48-c-k-c0x00ffffff-no-rj', 'authorChannelUrl': 'http://www.youtube.com/channel/UCjpF6nbwHrwnl70uGk1uWbA', 'authorChannelId': {'value': 'UCjpF6nbwHrwnl70uGk1uWbA'}, 'canRate': True, 'viewerRating': 'none', 'likeCount': 0, 'publishedAt': '2022-10-18T02:49:14Z', 'updatedAt': '2022-10-18T02:49:14Z'}}, {'kind': 'youtube#comment', 'etag': 'lMEem6AtjTZhWU4-oho_bUAGj54', 'id': 'Ugzt9HBCQCI7r3BARap4AaABAg.9hCrqUh2CSR9hHfJnObHjq', 'snippet': {'videoId': 'c_XilLACL-s', 'textDisplay': 'Oito anos? Tem que trocar os oito e colocar 4 anos, tá de muito bom tamanho.', 'textOriginal': 'Oito anos? Tem que trocar os oito e colocar 4 anos, tá de muito bom tamanho.', 'parentId': 'Ugzt9HBCQCI7r3BARap4AaABAg', 'authorDisplayName': 'Socorro Freire Artesã', 'authorProfileImageUrl': 'https://yt3.ggpht.com/bpvGIKq9M_mkX31f0_VKFcXUDb73nJ8WVUaCgr2v9b576oAvu056zV4LNWjdHLUIsj_wmZlI=s48-c-k-c0x00ffffff-no-rj', 'authorChannelUrl': 'http://www.youtube.com/channel/UCmZXahhk-P9cWWbRtO01ANA', 'authorChannelId': {'value': 'UCmZXahhk-P9cWWbRtO01ANA'}, 'canRate': True, 'viewerRating': 'none', 'likeCount': 1, 'publishedAt': '2022-10-17T12:36:05Z', 'updatedAt': '2022-10-17T12:36:05Z'}}, {'kind': 'youtube#comment', 'etag': '-BTY-_cMoYuUv34x_TJ4uOqVyyQ', 'id': 'Ugzt9HBCQCI7r3BARap4AaABAg.9hCrqUh2CSR9hHe7I_Lcrl', 'snippet': {'videoId': 'c_XilLACL-s', 'textDisplay': 'E se querem acabar com &quot;mamata&quot; do $$ público,q TODOS políticos devem ganhar no máximo 10 mil/mês e, SEM auxílio disso e daquilo,portal da transparência sempre on e, referendo a todo domingo sobre fazer isso ou aquilo !', 'textOriginal': 'E se querem acabar com ""mamata"" do $$ público,q TODOS políticos devem ganhar no máximo 10 mil/mês e, SEM auxílio disso e daquilo,portal da transparência sempre on e, referendo a todo domingo sobre fazer isso ou aquilo !', 'parentId': 'Ugzt9HBCQCI7r3BARap4AaABAg', 'authorDisplayName': 'Mauricio da Silva', 'authorProfileImageUrl': 'https://yt3.ggpht.com/ytc/AGIKgqOEAfI0P73jOi2e8uwi0nXq_uSGagTbJNosOA=s48-c-k-c0x00ffffff-no-rj', 'authorChannelUrl': 'http://www.youtube.com/channel/UCrAQXl7ltScLutI4ZgFKsBg', 'authorChannelId': {'value': 'UCrAQXl7ltScLutI4ZgFKsBg'}, 'canRate': True, 'viewerRating': 'none', 'likeCount': 0, 'publishedAt': '2022-10-17T12:25:38Z', 'updatedAt': '2022-10-17T12:25:38Z'}}, {'kind': 'youtube#comment', 'etag': 'MrD0OjpzkSy9C5H_aMrWFeavK7Q', 'id': 'Ugzt9HBCQCI7r3BARap4AaABAg.9hCrqUh2CSR9hGHMIPN0Qk', 'snippet': {'videoId': 'c_XilLACL-s', 'textDisplay': 'Seria muito bom. Melhor ainda se todos fossem juízes e não meros advogados.', 'textOriginal': 'Seria muito bom. Melhor ainda se todos fossem juízes e não meros advogados.', 'parentId': 'Ugzt9HBCQCI7r3BARap4AaABAg', 'authorDisplayName': 'Luiz Henrique', 'authorProfileImageUrl': 'https://yt3.ggpht.com/ytc/AGIKgqM_30zPk56DCC-fzqVOEfibj---DTiOX-G1PQ=s48-c-k-c0x00ffffff-no-rj', 'authorChannelUrl': 'http://www.youtube.com/channel/UCjJWFXnT_FLcnJ2e88irekQ', 'authorChannelId': {'value': 'UCjJWFXnT_FLcnJ2e88irekQ'}, 'canRate': True, 'viewerRating': 'none', 'likeCount': 1, 'publishedAt': '2022-10-16T23:38:44Z', 'updatedAt': '2022-10-16T23:40:02Z'}}, {'kind': 'youtube#comment', 'etag': '6Jn2Qz6Y_JqhQYkdy4JKIyZfgFA', 'id': 'Ugzt9HBCQCI7r3BARap4AaABAg.9hCrqUh2CSR9hFwFR-s8E5', 'snippet': {'videoId': 'c_XilLACL-s', 'textDisplay': 'Vamos chegar lá!!! Tudo isso será ajustado e corrigido. Tem muita coisa para ser consertada; dormimos e passamos do ponto.', 'textOriginal': 'Vamos chegar lá!!! Tudo isso será ajustado e corrigido. Tem muita coisa para ser consertada; dormimos e passamos do ponto.', 'parentId': 'Ugzt9HBCQCI7r3BARap4AaABAg', 'authorDisplayName': 'Cezar Cantuaria Cantuaria', 'authorProfileImageUrl': 'https://yt3.ggpht.com/ytc/AGIKgqOyPMB0M6Esa4dd36LxvchOeWT5tsyGZs8uRA=s48-c-k-c0x00ffffff-no-rj', 'authorChannelUrl': 'http://www.youtube.com/channel/UCmBPZe1lXwI1QRXMmBnK5uQ', 'authorChannelId': {'value': 'UCmBPZe1lXwI1QRXMmBnK5uQ'}, 'canRate': True, 'viewerRating': 'none', 'likeCount': 0, 'publishedAt': '2022-10-16T20:25:33Z', 'updatedAt': '2022-10-16T20:25:33Z'}}]}",UCUGh81TYIsa6L86ZU5mMLkQ,2022-10-15T15:49:20Z,CONGRESSO NACIONAL POR FAVOR CRIE UMA LEI QUE REDUZA O MANDATO DESSES MINISTROS DO STF PARA OITO ANOS E ACABE COM ESSE MANDATO VITALÍCIO E RETIRE ESSES PENDURICALHOS DOS SALÁRIOS QUE JÁ SÃO UM ABSURDO,QURTSl9pMDM1R19aMHE1SjhSWkZNS085N3hXTWlDRW82emV0OFJDZVY4MFhxaWhsOXVfYjB3UUJtN3p6MnlNM2VTei1TWTV3MV9oc0U1QQ==,2023-06-07 23:30:07.406632
youtube#commentThread,siQKYyUXbGbY5kN7vTUjNOdm9yU,Ugw99PAZGwo3XQoM8pF4AaABAg,"{'videoId': 'AyQwTIZHSKY', 'topLevelComment': {'kind': 'youtube#comment', 'etag': '7h2EvoA7FlmIbWmlxS3P-6Sz2UM', 'id': 'Ugw99PAZGwo3XQoM8pF4AaABAg', 'snippet': {'videoId': 'AyQwTIZHSKY', 'textDisplay': 'ESTAMOS COM JAMBO JAIR MESSIAS BOLSONARO O MITO 2022', 'textOriginal': 'ESTAMOS COM JAMBO JAIR MESSIAS BOLSONARO O MITO 2022', 'authorDisplayName': 'Edvaldo Gualberto', 'authorProfileImageUrl': 'https://yt3.ggpht.com/ytc/AGIKgqM4QYl0D3BPcr0_QH4RVP4VGFAkaE_rBNFE1A=s48-c-k-c0x00ffffff-no-rj', 'authorChannelUrl': 'http://www.youtube.com/channel/UCUGh81TYIsa6L86ZU5mMLkQ', 'authorChannelId': {'value': 'UCUGh81TYIsa6L86ZU5mMLkQ'}, 'canRate': True, 'viewerRating': 'none', 'likeCount': 0, 'publishedAt': '2022-10-14T00:37:29Z', 'updatedAt': '2022-10-14T00:37:29Z'}}, 'canReply': True, 'totalReplyCount': 0, 'isPublic': True}",,UCUGh81TYIsa6L86ZU5mMLkQ,2022-10-14T00:37:29Z,ESTAMOS COM JAMBO JAIR MESSIAS BOLSONARO O MITO 2022,QURTSl9pMC05RjV6U0pWZHBzN1R0WmtTWXJSYjBDVlI1Mkx3MU1YVVdXcHZ2NXJZTV9aeTJLU25zbU1mZ1VhYXlYZzk3R3cxakJhVl9Jcw==,2023-06-07 23:30:36.733182
youtube#commentThread,wOtY2FJZypAjiDsA8E2wLZmhDXE,UgzAmA8jaSMGjZmjSul4AaABAg,"{'videoId': 'cB1-RbRSR4I', 'topLevelComment': {'kind': 'youtube#comment', 'etag': 'c5F-dcrQhnPDzEHMtFKKnVJDkOs', 'id': 'UgzAmA8jaSMGjZmjSul4AaABAg', 'snippet': {'videoId': 'cB1-RbRSR4I', 'textDisplay': 'SOMOS TODOS JOVEM PAN <br>SOMOS TODOS AUGUSTO NUNES', 'textOriginal': 'SOMOS TODOS JOVEM PAN \\\\nSOMOS TODOS AUGUSTO NUNES', 'authorDisplayName': 'Edvaldo Gualberto', 'authorProfileImageUrl': 'https://yt3.ggpht.com/ytc/AGIKgqM4QYl0D3BPcr0_QH4RVP4VGFAkaE_rBNFE1A=s48-c-k-c0x00ffffff-no-rj', 'authorChannelUrl': 'http://www.youtube.com/channel/UCUGh81TYIsa6L86ZU5mMLkQ', 'authorChannelId': {'value': 'UCUGh81TYIsa6L86ZU5mMLkQ'}, 'canRate': True, 'viewerRating': 'none', 'likeCount': 0, 'publishedAt': '2022-10-30T10:00:30Z', 'updatedAt': '2022-10-30T10:00:30Z'}}, 'canReply': True, 'totalReplyCount': 0, 'isPublic': True}",,UCUGh81TYIsa6L86ZU5mMLkQ,2022-10-30T10:00:30Z,"SOMOS TODOS JOVEM PAN 
SOMOS TODOS AUGUSTO NUNES",QURTSl9pMkItWUg4b0RLc2lVM2t2MTVjSnRScmRHdXB5eWlxcXVXUlpYN2M0Q0s4Q1ZzeWptVHJURzd6VnhVOUpRZjV0VzVfMkI0eHlKbw==,2023-06-07 23:20:23.861618
youtube#commentThread,EvAmkgRcuHFzsD5LghRelRGkLUc,Ugx78XjQYDBfQeYEqDV4AaABAg,"{'videoId': 'cB1-RbRSR4I', 'topLevelComment': {'kind': 'youtube#comment', 'etag': 'Juhk1tXKyHsSkfcNJz8mErWpzYM', 'id': 'Ugx78XjQYDBfQeYEqDV4AaABAg', 'snippet': {'videoId': 'cB1-RbRSR4I', 'textDisplay': '# IMPEACHMENT DE ALEXANDRE DE MORAES JÁ', 'textOriginal': '# IMPEACHMENT DE ALEXANDRE DE MORAES JÁ', 'authorDisplayName': 'Edvaldo Gualberto', 'authorProfileImageUrl': 'https://yt3.ggpht.com/ytc/AGIKgqM4QYl0D3BPcr0_QH4RVP4VGFAkaE_rBNFE1A=s48-c-k-c0x00ffffff-no-rj', 'authorChannelUrl': 'http://www.youtube.com/channel/UCUGh81TYIsa6L86ZU5mMLkQ', 'authorChannelId': {'value': 'UCUGh81TYIsa6L86ZU5mMLkQ'}, 'canRate': True, 'viewerRating': 'none', 'likeCount': 0, 'publishedAt': '2022-10-30T09:59:31Z', 'updatedAt': '2022-10-30T09:59:31Z'}}, 'canReply': True, 'totalReplyCount': 0, 'isPublic': True}",,UCUGh81TYIsa6L86ZU5mMLkQ,2022-10-30T09:59:31Z,# IMPEACHMENT DE ALEXANDRE DE MORAES JÁ,QURTSl9pMkItWUg4b0RLc2lVM2t2MTVjSnRScmRHdXB5eWlxcXVXUlpYN2M0Q0s4Q1ZzeWptVHJURzd6VnhVOUpRZjV0VzVfMkI0eHlKbw==,2023-06-07 23:20:23.861618
youtube#commentThread,DBdgpd-6vJTZB9feQLVPG5uzEaE,UgxWxRDoDG3181p002N4AaABAg,"{'videoId': 'cB1-RbRSR4I', 'topLevelComment': {'kind': 'youtube#comment', 'etag': 'SgqMPlGZ-jMeo1eSJnry9dh39z8', 'id': 'UgxWxRDoDG3181p002N4AaABAg', 'snippet': {'videoId': 'cB1-RbRSR4I', 'textDisplay': 'ESTAMOS COM JAMBO JAIR MESSIAS BOLSONARO O MITO 2022', 'textOriginal': 'ESTAMOS COM JAMBO JAIR MESSIAS BOLSONARO O MITO 2022', 'authorDisplayName': 'Edvaldo Gualberto', 'authorProfileImageUrl': 'https://yt3.ggpht.com/ytc/AGIKgqM4QYl0D3BPcr0_QH4RVP4VGFAkaE_rBNFE1A=s48-c-k-c0x00ffffff-no-rj', 'authorChannelUrl': 'http://www.youtube.com/channel/UCUGh81TYIsa6L86ZU5mMLkQ', 'authorChannelId': {'value': 'UCUGh81TYIsa6L86ZU5mMLkQ'}, 'canRate': True, 'viewerRating': 'none', 'likeCount': 0, 'publishedAt': '2022-10-30T09:59:06Z', 'updatedAt': '2022-10-30T09:59:06Z'}}, 'canReply': True, 'totalReplyCount': 0, 'isPublic': True}",,UCUGh81TYIsa6L86ZU5mMLkQ,2022-10-30T09:59:06Z,ESTAMOS COM JAMBO JAIR MESSIAS BOLSONARO O MITO 2022,QURTSl9pMkItWUg4b0RLc2lVM2t2MTVjSnRScmRHdXB5eWlxcXVXUlpYN2M0Q0s4Q1ZzeWptVHJURzd6VnhVOUpRZjV0VzVfMkI0eHlKbw==,2023-06-07 23:20:23.861618
youtube#commentThread,itz1yv4NFln0B5eTLJZXTxLwTFI,Ugx3WZOwfS6ia6sBKTd4AaABAg,"{'videoId': 'EQbGwGvxE2w', 'topLevelComment': {'kind': 'youtube#comment', 'etag': 'xaqbUlO7VmeH6COdPCXXKYPk0mk', 'id': 'Ugx3WZOwfS6ia6sBKTd4AaABAg', 'snippet': {'videoId': 'EQbGwGvxE2w', 'textDisplay': 'IMPEACHMENT DE ALEXANDRE DE MORAES JÁ', 'textOriginal': 'IMPEACHMENT DE ALEXANDRE DE MORAES JÁ', 'authorDisplayName': 'Edvaldo Gualberto', 'authorProfileImageUrl': 'https://yt3.ggpht.com/ytc/AGIKgqM4QYl0D3BPcr0_QH4RVP4VGFAkaE_rBNFE1A=s48-c-k-c0x00ffffff-no-rj', 'authorChannelUrl': 'http://www.youtube.com/channel/UCUGh81TYIsa6L86ZU5mMLkQ', 'authorChannelId': {'value': 'UCUGh81TYIsa6L86ZU5mMLkQ'}, 'canRate': True, 'viewerRating': 'none', 'likeCount': 0, 'publishedAt': '2022-10-11T02:26:52Z', 'updatedAt': '2022-10-11T02:26:52Z'}}, 'canReply': True, 'totalReplyCount': 0, 'isPublic': True}",,UCUGh81TYIsa6L86ZU5mMLkQ,2022-10-11T02:26:52Z,IMPEACHMENT DE ALEXANDRE DE MORAES JÁ,QURTSl9pMkFnb1Bhc1hSal9CMFVDYlFwMzdWRk1zNkh0QmJ5NzM4RmxBZVlSUEx2R2ZGZXlScHlacUg4Z0IzYW93MEc3bjA1ajlJZlMxMA==,2023-06-07 23:31:59.420726
youtube#commentThread,lQBDsom7sVWt1KwtC8OFT2rnSY4,UgxD3fIooAqGs0JgEF94AaABAg,"{'videoId': 'EQbGwGvxE2w', 'topLevelComment': {'kind': 'youtube#comment', 'etag': 'jyCOj_mCOARs68DyckmMu-y-Ops', 'id': 'UgxD3fIooAqGs0JgEF94AaABAg', 'snippet': {'videoId': 'EQbGwGvxE2w', 'textDisplay': 'CONGRESSO NACIONAL POR FAVOR CRIE UMA LEI QUE REDUZA O MANDATO DESSES MINISTROS DO STF PARA OITO ANOS E ACABE COM ESSES PENDURICALHOS DE SEUS SALÁRIOS JÁ SÃO UM ABSURDO.', 'textOriginal': 'CONGRESSO NACIONAL POR FAVOR CRIE UMA LEI QUE REDUZA O MANDATO DESSES MINISTROS DO STF PARA OITO ANOS E ACABE COM ESSES PENDURICALHOS DE SEUS SALÁRIOS JÁ SÃO UM ABSURDO.', 'authorDisplayName': 'Edvaldo Gualberto', 'authorProfileImageUrl': 'https://yt3.ggpht.com/ytc/AGIKgqM4QYl0D3BPcr0_QH4RVP4VGFAkaE_rBNFE1A=s48-c-k-c0x00ffffff-no-rj', 'authorChannelUrl': 'http://www.youtube.com/channel/UCUGh81TYIsa6L86ZU5mMLkQ', 'authorChannelId': {'value': 'UCUGh81TYIsa6L86ZU5mMLkQ'}, 'canRate': True, 'viewerRating': 'none', 'likeCount': 0, 'publishedAt': '2022-10-11T02:26:17Z', 'updatedAt': '2022-10-11T02:26:17Z'}}, 'canReply': True, 'totalReplyCount': 0, 'isPublic': True}",,UCUGh81TYIsa6L86ZU5mMLkQ,2022-10-11T02:26:17Z,CONGRESSO NACIONAL POR FAVOR CRIE UMA LEI QUE REDUZA O MANDATO DESSES MINISTROS DO STF PARA OITO ANOS E ACABE COM ESSES PENDURICALHOS DE SEUS SALÁRIOS JÁ SÃO UM ABSURDO.,QURTSl9pMkFnb1Bhc1hSal9CMFVDYlFwMzdWRk1zNkh0QmJ5NzM4RmxBZVlSUEx2R2ZGZXlScHlacUg4Z0IzYW93MEc3bjA1ajlJZlMxMA==,2023-06-07 23:31:59.420726
youtube#commentThread,eCUVpxjPhdoLl3RfPT4GGNja804,UgxnsQlT-5Kf2GfGMZ14AaABAg,"{'videoId': 'EQbGwGvxE2w', 'topLevelComment': {'kind': 'youtube#comment', 'etag': 'Ey94IojTYmIbPqb9mP5Ov8_HrwI', 'id': 'UgxnsQlT-5Kf2GfGMZ14AaABAg', 'snippet': {'videoId': 'EQbGwGvxE2w', 'textDisplay': 'INTERVENÇÃO CONSTITUCIONAL FEDERAL SUPERIOR MILITAR NO STF E TSE TROCANDO ESSES IMBECIS POR JUÍZES DE CARREIRA COM NOTÓRIO SABER JURÍDICO', 'textOriginal': 'INTERVENÇÃO CONSTITUCIONAL FEDERAL SUPERIOR MILITAR NO STF E TSE TROCANDO ESSES IMBECIS POR JUÍZES DE CARREIRA COM NOTÓRIO SABER JURÍDICO', 'authorDisplayName': 'Edvaldo Gualberto', 'authorProfileImageUrl': 'https://yt3.ggpht.com/ytc/AGIKgqM4QYl0D3BPcr0_QH4RVP4VGFAkaE_rBNFE1A=s48-c-k-c0x00ffffff-no-rj', 'authorChannelUrl': 'http://www.youtube.com/channel/UCUGh81TYIsa6L86ZU5mMLkQ', 'authorChannelId': {'value': 'UCUGh81TYIsa6L86ZU5mMLkQ'}, 'canRate': True, 'viewerRating': 'none', 'likeCount': 0, 'publishedAt': '2022-10-11T02:24:49Z', 'updatedAt': '2022-10-11T02:24:49Z'}}, 'canReply': True, 'totalReplyCount': 0, 'isPublic': True}",,UCUGh81TYIsa6L86ZU5mMLkQ,2022-10-11T02:24:49Z,INTERVENÇÃO CONSTITUCIONAL FEDERAL SUPERIOR MILITAR NO STF E TSE TROCANDO ESSES IMBECIS POR JUÍZES DE CARREIRA COM NOTÓRIO SABER JURÍDICO,QURTSl9pMkFnb1Bhc1hSal9CMFVDYlFwMzdWRk1zNkh0QmJ5NzM4RmxBZVlSUEx2R2ZGZXlScHlacUg4Z0IzYW93MEc3bjA1ajlJZlMxMA==,2023-06-07 23:31:59.420726
youtube#commentThread,D7rHdS12Au0yOTdBwT65lUEMluY,Ugxn5B-YxWunLzt4-594AaABAg,"{'videoId': 'TZYoBPF1RMw', 'topLevelComment': {'kind': 'youtube#comment', 'etag': 'TrsWuJoaWQ2cY-8ZZGCs6hKTb8w', 'id': 'Ugxn5B-YxWunLzt4-594AaABAg', 'snippet': {'videoId': 'TZYoBPF1RMw', 'textDisplay': 'ESTAMOS COM JAMBO JAIR MESSIAS BOLSONARO O MITO 2022', 'textOriginal': 'ESTAMOS COM JAMBO JAIR MESSIAS BOLSONARO O MITO 2022', 'authorDisplayName': 'Edvaldo Gualberto', 'authorProfileImageUrl': 'https://yt3.ggpht.com/ytc/AGIKgqM4QYl0D3BPcr0_QH4RVP4VGFAkaE_rBNFE1A=s48-c-k-c0x00ffffff-no-rj', 'authorChannelUrl': 'http://www.youtube.com/channel/UCUGh81TYIsa6L86ZU5mMLkQ', 'authorChannelId': {'value': 'UCUGh81TYIsa6L86ZU5mMLkQ'}, 'canRate': True, 'viewerRating': 'none', 'likeCount': 0, 'publishedAt': '2022-10-06T08:14:59Z', 'updatedAt': '2022-10-06T08:14:59Z'}}, 'canReply': True, 'totalReplyCount': 0, 'isPublic': True}",,UCUGh81TYIsa6L86ZU5mMLkQ,2022-10-06T08:14:59Z,ESTAMOS COM JAMBO JAIR MESSIAS BOLSONARO O MITO 2022,QURTSl9pMTVKM2tCeGs3NEdmc0dVUlBYbFZDTl9YeE9QSkw1QnJuRGVUWUI5aEpRWjNxNnU1SFhrb2xIUVhqUkZfZHhlYmNfbVRrZEwxOA==,2023-06-07 23:34:00.265982
youtube#commentThread,MRxHQmTsm0moGyCbGlDRXUcJBI4,Ugz1OO4v_n5o41QeRtZ4AaABAg,"{'videoId': 'BfGoiqsm3k8', 'topLevelComment': {'kind': 'youtube#comment', 'etag': 'jHB2_h91PyaebvP9QVBfDEAcWco', 'id': 'Ugz1OO4v_n5o41QeRtZ4AaABAg', 'snippet': {'videoId': 'BfGoiqsm3k8', 'textDisplay': 'ESTAMOS COM JAMBO JAIR MESSIAS BOLSONARO O MITO 2022', 'textOriginal': 'ESTAMOS COM JAMBO JAIR MESSIAS BOLSONARO O MITO 2022', 'authorDisplayName': 'Edvaldo Gualberto', 'authorProfileImageUrl': 'https://yt3.ggpht.com/ytc/AGIKgqM4QYl0D3BPcr0_QH4RVP4VGFAkaE_rBNFE1A=s48-c-k-c0x00ffffff-no-rj', 'authorChannelUrl': 'http://www.youtube.com/channel/UCUGh81TYIsa6L86ZU5mMLkQ', 'authorChannelId': {'value': 'UCUGh81TYIsa6L86ZU5mMLkQ'}, 'canRate': True, 'viewerRating': 'none', 'likeCount': 0, 'publishedAt': '2022-10-04T02:45:23Z', 'updatedAt': '2022-10-04T02:45:23Z'}}, 'canReply': True, 'totalReplyCount': 0, 'isPublic': True}",,UCUGh81TYIsa6L86ZU5mMLkQ,2022-10-04T02:45:23Z,ESTAMOS COM JAMBO JAIR MESSIAS BOLSONARO O MITO 2022,QURTSl9pMWo2VjVoaUktblpDMGtLU1IxU25iVTd0Xy1Nck1kbVoteGVkbUZSOXdobmdmZ0ZuNGxjVmp0bzgwUExvblFmUWprUC1ZcWNEdw==,2023-06-07 23:35:37.446470
youtube#commentThread,nuH_jaGNqu0vK36t7KWd1qm2MiY,UgzlsRHt_7igJE1aSNp4AaABAg,"{'videoId': '5xU_Id3GEDw', 'topLevelComment': {'kind': 'youtube#comment', 'etag': 'i8e-Dumwsgh8QCkQY6sVmDZqLCo', 'id': 'UgzlsRHt_7igJE1aSNp4AaABAg', 'snippet': {'videoId': '5xU_Id3GEDw', 'textDisplay': 'INTERVENÇÃO CONSTITUCIONAL FEDERAL SUPERIOR MILITAR NO STF E TSE TROCANDO ESSES IMBECIS POR JUÍZES DE CARREIRA COM NOTÓRIO JURÍDICO SABER', 'textOriginal': 'INTERVENÇÃO CONSTITUCIONAL FEDERAL SUPERIOR MILITAR NO STF E TSE TROCANDO ESSES IMBECIS POR JUÍZES DE CARREIRA COM NOTÓRIO JURÍDICO SABER', 'authorDisplayName': 'Edvaldo Gualberto', 'authorProfileImageUrl': 'https://yt3.ggpht.com/ytc/AGIKgqM4QYl0D3BPcr0_QH4RVP4VGFAkaE_rBNFE1A=s48-c-k-c0x00ffffff-no-rj', 'authorChannelUrl': 'http://www.youtube.com/channel/UCUGh81TYIsa6L86ZU5mMLkQ', 'authorChannelId': {'value': 'UCUGh81TYIsa6L86ZU5mMLkQ'}, 'canRate': True, 'viewerRating': 'none', 'likeCount': 0, 'publishedAt': '2022-10-28T03:31:59Z', 'updatedAt': '2022-10-28T03:31:59Z'}}, 'canReply': True, 'totalReplyCount': 0, 'isPublic': True}",,UCUGh81TYIsa6L86ZU5mMLkQ,2022-10-28T03:31:59Z,INTERVENÇÃO CONSTITUCIONAL FEDERAL SUPERIOR MILITAR NO STF E TSE TROCANDO ESSES IMBECIS POR JUÍZES DE CARREIRA COM NOTÓRIO JURÍDICO SABER,QURTSl9pMGtXSmRpZnd0TkJZZkQxQ1h6cHdEa2lFdXF1RE1QZ3J0RjRwVWY3a0JQd2RSNDhwbGFxZExPN1VyNU1vZDlCaWg3Mml1ODNfMA==,2023-06-07 23:21:06.740099
youtube#commentThread,jVFeERc1LwCUFvKed4pOQjhXCZo,UgztzuTFD7seZ-OGz194AaABAg,"{'videoId': '5xU_Id3GEDw', 'topLevelComment': {'kind': 'youtube#comment', 'etag': 'rnDLFIEb_PrTkvBNyRk-BYzI_Lc', 'id': 'UgztzuTFD7seZ-OGz194AaABAg', 'snippet': {'videoId': '5xU_Id3GEDw', 'textDisplay': '# PT NUNCA MAIS <br># LULADRÃO SEU LUGAR É NA PRISÃO', 'textOriginal': '# PT NUNCA MAIS \\\\n# LULADRÃO SEU LUGAR É NA PRISÃO', 'authorDisplayName': 'Edvaldo Gualberto', 'authorProfileImageUrl': 'https://yt3.ggpht.com/ytc/AGIKgqM4QYl0D3BPcr0_QH4RVP4VGFAkaE_rBNFE1A=s48-c-k-c0x00ffffff-no-rj', 'authorChannelUrl': 'http://www.youtube.com/channel/UCUGh81TYIsa6L86ZU5mMLkQ', 'authorChannelId': {'value': 'UCUGh81TYIsa6L86ZU5mMLkQ'}, 'canRate': True, 'viewerRating': 'none', 'likeCount': 0, 'publishedAt': '2022-10-28T03:29:44Z', 'updatedAt': '2022-10-28T03:29:44Z'}}, 'canReply': True, 'totalReplyCount': 0, 'isPublic': True}",,UCUGh81TYIsa6L86ZU5mMLkQ,2022-10-28T03:29:44Z,"# PT NUNCA MAIS 
# LULADRÃO SEU LUGAR É NA PRISÃO",QURTSl9pMGtXSmRpZnd0TkJZZkQxQ1h6cHdEa2lFdXF1RE1QZ3J0RjRwVWY3a0JQd2RSNDhwbGFxZExPN1VyNU1vZDlCaWg3Mml1ODNfMA==,2023-06-07 23:21:06.740099
youtube#commentThread,fPeqT7ZzjsoXC6tsZHW08PgdhQU,UgxyTq57_KXy2vwgW9V4AaABAg,"{'videoId': '5xU_Id3GEDw', 'topLevelComment': {'kind': 'youtube#comment', 'etag': 'FWh6tDWRoW-XBFt77URlkJo0RAY', 'id': 'UgxyTq57_KXy2vwgW9V4AaABAg', 'snippet': {'videoId': '5xU_Id3GEDw', 'textDisplay': '# SOMOS TODOS JOVEM PAN <br># SOMOS TODOS AUGUSTO NUNES', 'textOriginal': '# SOMOS TODOS JOVEM PAN \\\\n# SOMOS TODOS AUGUSTO NUNES', 'authorDisplayName': 'Edvaldo Gualberto', 'authorProfileImageUrl': 'https://yt3.ggpht.com/ytc/AGIKgqM4QYl0D3BPcr0_QH4RVP4VGFAkaE_rBNFE1A=s48-c-k-c0x00ffffff-no-rj', 'authorChannelUrl': 'http://www.youtube.com/channel/UCUGh81TYIsa6L86ZU5mMLkQ', 'authorChannelId': {'value': 'UCUGh81TYIsa6L86ZU5mMLkQ'}, 'canRate': True, 'viewerRating': 'none', 'likeCount': 0, 'publishedAt': '2022-10-28T03:28:30Z', 'updatedAt': '2022-10-28T03:28:30Z'}}, 'canReply': True, 'totalReplyCount': 0, 'isPublic': True}",,UCUGh81TYIsa6L86ZU5mMLkQ,2022-10-28T03:28:30Z,"# SOMOS TODOS JOVEM PAN 
# SOMOS TODOS AUGUSTO NUNES",QURTSl9pMGtXSmRpZnd0TkJZZkQxQ1h6cHdEa2lFdXF1RE1QZ3J0RjRwVWY3a0JQd2RSNDhwbGFxZExPN1VyNU1vZDlCaWg3Mml1ODNfMA==,2023-06-07 23:21:06.740099
youtube#commentThread,X_ccJuv5DeMgFknpYPKDCf7r2vQ,UgzMPX_GyazNHidu9G94AaABAg,"{'videoId': 'bDWfoGWPhn0', 'topLevelComment': {'kind': 'youtube#comment', 'etag': 'atEHpBpcNC-vW9YDw2v8xi3a7qI', 'id': 'UgzMPX_GyazNHidu9G94AaABAg', 'snippet': {'videoId': 'bDWfoGWPhn0', 'textDisplay': 'DEUS SALVE O BRASIL', 'textOriginal': 'DEUS SALVE O BRASIL', 'authorDisplayName': 'Edvaldo Gualberto', 'authorProfileImageUrl': 'https://yt3.ggpht.com/ytc/AGIKgqM4QYl0D3BPcr0_QH4RVP4VGFAkaE_rBNFE1A=s48-c-k-c0x00ffffff-no-rj', 'authorChannelUrl': 'http://www.youtube.com/channel/UCUGh81TYIsa6L86ZU5mMLkQ', 'authorChannelId': {'value': 'UCUGh81TYIsa6L86ZU5mMLkQ'}, 'canRate': True, 'viewerRating': 'none', 'likeCount': 0, 'publishedAt': '2022-10-27T18:24:53Z', 'updatedAt': '2022-10-27T18:24:53Z'}}, 'canReply': True, 'totalReplyCount': 0, 'isPublic': True}",,UCUGh81TYIsa6L86ZU5mMLkQ,2022-10-27T18:24:53Z,DEUS SALVE O BRASIL,QURTSl9pMXNhcGtKTHk4RDNLVEI4anYxWVRuWEsyU05Heko1eUdJRy1qN0hhRjhVcTdBNEFReHRDSkVMT2Q5N2NrSHQ1bHZzSWI3LU9hVQ==,2023-06-07 23:21:33.162983
youtube#commentThread,_AaoHtWv4BajwwDgog735Xrid7o,UgwpdJGf5oZRinm9Mq14AaABAg,"{'videoId': 'bDWfoGWPhn0', 'topLevelComment': {'kind': 'youtube#comment', 'etag': '3K0GE7CqtivOXAAj8pS0Tlv8uo0', 'id': 'UgwpdJGf5oZRinm9Mq14AaABAg', 'snippet': {'videoId': 'bDWfoGWPhn0', 'textDisplay': 'BRASIL ACOORRDDDAAAA POOORRRA NA VENEZUELA COMEÇOU ASSIM CALA UM DEPUTADO ALI OUTRO SENADOR ACOLÁ UNS JORNALISTAS E VÁRIAS MÍDIAS E CANAIS INDEPENDENTES', 'textOriginal': 'BRASIL ACOORRDDDAAAA POOORRRA NA VENEZUELA COMEÇOU ASSIM CALA UM DEPUTADO ALI OUTRO SENADOR ACOLÁ UNS JORNALISTAS E VÁRIAS MÍDIAS E CANAIS INDEPENDENTES', 'authorDisplayName': 'Edvaldo Gualberto', 'authorProfileImageUrl': 'https://yt3.ggpht.com/ytc/AGIKgqM4QYl0D3BPcr0_QH4RVP4VGFAkaE_rBNFE1A=s48-c-k-c0x00ffffff-no-rj', 'authorChannelUrl': 'http://www.youtube.com/channel/UCUGh81TYIsa6L86ZU5mMLkQ', 'authorChannelId': {'value': 'UCUGh81TYIsa6L86ZU5mMLkQ'}, 'canRate': True, 'viewerRating': 'none', 'likeCount': 0, 'publishedAt': '2022-10-27T18:24:41Z', 'updatedAt': '2022-10-27T18:24:41Z'}}, 'canReply': True, 'totalReplyCount': 0, 'isPublic': True}",,UCUGh81TYIsa6L86ZU5mMLkQ,2022-10-27T18:24:41Z,BRASIL ACOORRDDDAAAA POOORRRA NA VENEZUELA COMEÇOU ASSIM CALA UM DEPUTADO ALI OUTRO SENADOR ACOLÁ UNS JORNALISTAS E VÁRIAS MÍDIAS E CANAIS INDEPENDENTES,QURTSl9pMXNhcGtKTHk4RDNLVEI4anYxWVRuWEsyU05Heko1eUdJRy1qN0hhRjhVcTdBNEFReHRDSkVMT2Q5N2NrSHQ1bHZzSWI3LU9hVQ==,2023-06-07 23:21:33.162983
youtube#commentThread,29KlcTodwpBv4FcXBPZEZEFYf3E,Ugz02nxRayjWAnLOsyB4AaABAg,"{'videoId': 'bDWfoGWPhn0', 'topLevelComment': {'kind': 'youtube#comment', 'etag': 'I_Wt64W6Jr5mHdBFX0dskQLRyxc', 'id': 'Ugz02nxRayjWAnLOsyB4AaABAg', 'snippet': {'videoId': 'bDWfoGWPhn0', 'textDisplay': '# LULADRÃO SEU LUGAR É NA PRISÃO <br># PT NUNCA MAIS', 'textOriginal': '# LULADRÃO SEU LUGAR É NA PRISÃO \\\\n# PT NUNCA MAIS', 'authorDisplayName': 'Edvaldo Gualberto', 'authorProfileImageUrl': 'https://yt3.ggpht.com/ytc/AGIKgqM4QYl0D3BPcr0_QH4RVP4VGFAkaE_rBNFE1A=s48-c-k-c0x00ffffff-no-rj', 'authorChannelUrl': 'http://www.youtube.com/channel/UCUGh81TYIsa6L86ZU5mMLkQ', 'authorChannelId': {'value': 'UCUGh81TYIsa6L86ZU5mMLkQ'}, 'canRate': True, 'viewerRating': 'none', 'likeCount': 0, 'publishedAt': '2022-10-27T18:22:40Z', 'updatedAt': '2022-10-27T18:22:40Z'}}, 'canReply': True, 'totalReplyCount': 0, 'isPublic': True}",,UCUGh81TYIsa6L86ZU5mMLkQ,2022-10-27T18:22:40Z,"# LULADRÃO SEU LUGAR É NA PRISÃO 
# PT NUNCA MAIS",QURTSl9pMXNhcGtKTHk4RDNLVEI4anYxWVRuWEsyU05Heko1eUdJRy1qN0hhRjhVcTdBNEFReHRDSkVMT2Q5N2NrSHQ1bHZzSWI3LU9hVQ==,2023-06-07 23:21:33.162983
youtube#commentThread,qK1_7OeTeEGzxI44dceMDWGP7JQ,UgzM3eFx6rJ4jx3Kej54AaABAg,"{'videoId': 'bDWfoGWPhn0', 'topLevelComment': {'kind': 'youtube#comment', 'etag': 'Eys_T3OPjw_NtflWuxV0oVCrWbQ', 'id': 'UgzM3eFx6rJ4jx3Kej54AaABAg', 'snippet': {'videoId': 'bDWfoGWPhn0', 'textDisplay': 'CONGRESSO NACIONAL POR FAVOR CRIE UMA LEI QUE REDUZA O MANDATO DESSES MINISTROS DO STF PARA OITO ANOS E ACABE COM ESSE MANDATO VITALÍCIO E RETIRE ESSES PENDURICALHOS DOS SALÁRIOS QUE JÁ SÃO UM ABSURDO', 'textOriginal': 'CONGRESSO NACIONAL POR FAVOR CRIE UMA LEI QUE REDUZA O MANDATO DESSES MINISTROS DO STF PARA OITO ANOS E ACABE COM ESSE MANDATO VITALÍCIO E RETIRE ESSES PENDURICALHOS DOS SALÁRIOS QUE JÁ SÃO UM ABSURDO', 'authorDisplayName': 'Edvaldo Gualberto', 'authorProfileImageUrl': 'https://yt3.ggpht.com/ytc/AGIKgqM4QYl0D3BPcr0_QH4RVP4VGFAkaE_rBNFE1A=s48-c-k-c0x00ffffff-no-rj', 'authorChannelUrl': 'http://www.youtube.com/channel/UCUGh81TYIsa6L86ZU5mMLkQ', 'authorChannelId': {'value': 'UCUGh81TYIsa6L86ZU5mMLkQ'}, 'canRate': True, 'viewerRating': 'none', 'likeCount': 0, 'publishedAt': '2022-10-27T18:22:01Z', 'updatedAt': '2022-10-27T18:22:01Z'}}, 'canReply': True, 'totalReplyCount': 0, 'isPublic': True}",,UCUGh81TYIsa6L86ZU5mMLkQ,2022-10-27T18:22:01Z,CONGRESSO NACIONAL POR FAVOR CRIE UMA LEI QUE REDUZA O MANDATO DESSES MINISTROS DO STF PARA OITO ANOS E ACABE COM ESSE MANDATO VITALÍCIO E RETIRE ESSES PENDURICALHOS DOS SALÁRIOS QUE JÁ SÃO UM ABSURDO,QURTSl9pMXNhcGtKTHk4RDNLVEI4anYxWVRuWEsyU05Heko1eUdJRy1qN0hhRjhVcTdBNEFReHRDSkVMT2Q5N2NrSHQ1bHZzSWI3LU9hVQ==,2023-06-07 23:21:33.162983
youtube#commentThread,ZP1SFqIpd52osD4gtLvwR27m-T0,Ugx75LuS2OYjOWhD7994AaABAg,"{'videoId': 'bDWfoGWPhn0', 'topLevelComment': {'kind': 'youtube#comment', 'etag': '9g8aVb2BQhXNkbYVelP5ORtKtxU', 'id': 'Ugx75LuS2OYjOWhD7994AaABAg', 'snippet': {'videoId': 'bDWfoGWPhn0', 'textDisplay': 'INTERVENÇÃO CONSTITUCIONAL FEDERAL SUPERIOR MILITAR NO STF E TSE TROCANDO ESSES IMBECIS POR JUÍZES DE CARREIRA COM NOTÓRIO JURÍDICO SABER', 'textOriginal': 'INTERVENÇÃO CONSTITUCIONAL FEDERAL SUPERIOR MILITAR NO STF E TSE TROCANDO ESSES IMBECIS POR JUÍZES DE CARREIRA COM NOTÓRIO JURÍDICO SABER', 'authorDisplayName': 'Edvaldo Gualberto', 'authorProfileImageUrl': 'https://yt3.ggpht.com/ytc/AGIKgqM4QYl0D3BPcr0_QH4RVP4VGFAkaE_rBNFE1A=s48-c-k-c0x00ffffff-no-rj', 'authorChannelUrl': 'http://www.youtube.com/channel/UCUGh81TYIsa6L86ZU5mMLkQ', 'authorChannelId': {'value': 'UCUGh81TYIsa6L86ZU5mMLkQ'}, 'canRate': True, 'viewerRating': 'none', 'likeCount': 0, 'publishedAt': '2022-10-27T18:21:31Z', 'updatedAt': '2022-10-27T18:21:31Z'}}, 'canReply': True, 'totalReplyCount': 0, 'isPublic': True}",,UCUGh81TYIsa6L86ZU5mMLkQ,2022-10-27T18:21:31Z,INTERVENÇÃO CONSTITUCIONAL FEDERAL SUPERIOR MILITAR NO STF E TSE TROCANDO ESSES IMBECIS POR JUÍZES DE CARREIRA COM NOTÓRIO JURÍDICO SABER,QURTSl9pMXNhcGtKTHk4RDNLVEI4anYxWVRuWEsyU05Heko1eUdJRy1qN0hhRjhVcTdBNEFReHRDSkVMT2Q5N2NrSHQ1bHZzSWI3LU9hVQ==,2023-06-07 23:21:33.162983
youtube#commentThread,h5-4KRlz1gEXgQ5Tj1zpzHEbzP4,UgyJk9GlRacRFW1Nw_l4AaABAg,"{'videoId': 'bDWfoGWPhn0', 'topLevelComment': {'kind': 'youtube#comment', 'etag': 'YoGGAUJ9H19RvU5KPJzrBhAsP_0', 'id': 'UgyJk9GlRacRFW1Nw_l4AaABAg', 'snippet': {'videoId': 'bDWfoGWPhn0', 'textDisplay': '# SOMOS TODOS JOVEM PAN <br># SOMOS TODOS AUGUSTO NUNES', 'textOriginal': '# SOMOS TODOS JOVEM PAN \\\\n# SOMOS TODOS AUGUSTO NUNES', 'authorDisplayName': 'Edvaldo Gualberto', 'authorProfileImageUrl': 'https://yt3.ggpht.com/ytc/AGIKgqM4QYl0D3BPcr0_QH4RVP4VGFAkaE_rBNFE1A=s48-c-k-c0x00ffffff-no-rj', 'authorChannelUrl': 'http://www.youtube.com/channel/UCUGh81TYIsa6L86ZU5mMLkQ', 'authorChannelId': {'value': 'UCUGh81TYIsa6L86ZU5mMLkQ'}, 'canRate': True, 'viewerRating': 'none', 'likeCount': 0, 'publishedAt': '2022-10-27T18:20:52Z', 'updatedAt': '2022-10-27T18:20:52Z'}}, 'canReply': True, 'totalReplyCount': 0, 'isPublic': True}",,UCUGh81TYIsa6L86ZU5mMLkQ,2022-10-27T18:20:52Z,"# SOMOS TODOS JOVEM PAN 
# SOMOS TODOS AUGUSTO NUNES",QURTSl9pMXNhcGtKTHk4RDNLVEI4anYxWVRuWEsyU05Heko1eUdJRy1qN0hhRjhVcTdBNEFReHRDSkVMT2Q5N2NrSHQ1bHZzSWI3LU9hVQ==,2023-06-07 23:21:33.162983
youtube#commentThread,vkYdJklHvwtHPNvbqtOmI5WleCM,UgwGPSgtOGmTqjeU_xR4AaABAg,"{'videoId': 'bDWfoGWPhn0', 'topLevelComment': {'kind': 'youtube#comment', 'etag': 'EE__qrGIGb8OUt7e9IopXhBU8Ms', 'id': 'UgwGPSgtOGmTqjeU_xR4AaABAg', 'snippet': {'videoId': 'bDWfoGWPhn0', 'textDisplay': '<a href=""http://www.youtube.com/results?search_query=%23impeachment"">#IMPEACHMENT</a> DE ALEXANDRE DE MORAES JÁ', 'textOriginal': '#IMPEACHMENT DE ALEXANDRE DE MORAES JÁ', 'authorDisplayName': 'Edvaldo Gualberto', 'authorProfileImageUrl': 'https://yt3.ggpht.com/ytc/AGIKgqM4QYl0D3BPcr0_QH4RVP4VGFAkaE_rBNFE1A=s48-c-k-c0x00ffffff-no-rj', 'authorChannelUrl': 'http://www.youtube.com/channel/UCUGh81TYIsa6L86ZU5mMLkQ', 'authorChannelId': {'value': 'UCUGh81TYIsa6L86ZU5mMLkQ'}, 'canRate': True, 'viewerRating': 'none', 'likeCount': 0, 'publishedAt': '2022-10-27T18:20:05Z', 'updatedAt': '2022-10-27T18:20:05Z'}}, 'canReply': True, 'totalReplyCount': 0, 'isPublic': True}",,UCUGh81TYIsa6L86ZU5mMLkQ,2022-10-27T18:20:05Z,#IMPEACHMENT DE ALEXANDRE DE MORAES JÁ,QURTSl9pMXNhcGtKTHk4RDNLVEI4anYxWVRuWEsyU05Heko1eUdJRy1qN0hhRjhVcTdBNEFReHRDSkVMT2Q5N2NrSHQ1bHZzSWI3LU9hVQ==,2023-06-07 23:21:33.162983
youtube#commentThread,C4vxVo7eQAazHbK_aque-LwFmgw,Ugy0p37z-UP_tH635Y94AaABAg,"{'videoId': 'bDWfoGWPhn0', 'topLevelComment': {'kind': 'youtube#comment', 'etag': 'grfCSRFsXE-qJR60vmkBl57KpYI', 'id': 'Ugy0p37z-UP_tH635Y94AaABAg', 'snippet': {'videoId': 'bDWfoGWPhn0', 'textDisplay': 'ESTAMOS COM JAMBO JAIR MESSIAS BOLSONARO O MITO 2022', 'textOriginal': 'ESTAMOS COM JAMBO JAIR MESSIAS BOLSONARO O MITO 2022', 'authorDisplayName': 'Edvaldo Gualberto', 'authorProfileImageUrl': 'https://yt3.ggpht.com/ytc/AGIKgqM4QYl0D3BPcr0_QH4RVP4VGFAkaE_rBNFE1A=s48-c-k-c0x00ffffff-no-rj', 'authorChannelUrl': 'http://www.youtube.com/channel/UCUGh81TYIsa6L86ZU5mMLkQ', 'authorChannelId': {'value': 'UCUGh81TYIsa6L86ZU5mMLkQ'}, 'canRate': True, 'viewerRating': 'none', 'likeCount': 0, 'publishedAt': '2022-10-27T18:19:47Z', 'updatedAt': '2022-10-27T18:19:47Z'}}, 'canReply': True, 'totalReplyCount': 0, 'isPublic': True}",,UCUGh81TYIsa6L86ZU5mMLkQ,2022-10-27T18:19:47Z,ESTAMOS COM JAMBO JAIR MESSIAS BOLSONARO O MITO 2022,QURTSl9pMXNhcGtKTHk4RDNLVEI4anYxWVRuWEsyU05Heko1eUdJRy1qN0hhRjhVcTdBNEFReHRDSkVMT2Q5N2NrSHQ1bHZzSWI3LU9hVQ==,2023-06-07 23:21:33.162983
youtube#commentThread,29E-2YD3_Xk3O5FpiGD0MqBhBL4,UgwcpjDg8hqkvSL3n0x4AaABAg,"{'videoId': 'R_-EO8cEHUk', 'topLevelComment': {'kind': 'youtube#comment', 'etag': 'N_RM-fdICRWpnzFpv2RF7J_Vb7k', 'id': 'UgwcpjDg8hqkvSL3n0x4AaABAg', 'snippet': {'videoId': 'R_-EO8cEHUk', 'textDisplay': 'CONGRESSO NACIONAL POR FAVOR CRIE UMA LEI QUE REDUZA O MANDATO DESSES MINISTROS DO STF PARA OITO ANOS E ACABE COM ESSE MANDATO VITALÍCIO E RETIRE ESSES PENDURICALHOS DOS SALÁRIOS QUE JÁ SÃO UM ABSURDO', 'textOriginal': 'CONGRESSO NACIONAL POR FAVOR CRIE UMA LEI QUE REDUZA O MANDATO DESSES MINISTROS DO STF PARA OITO ANOS E ACABE COM ESSE MANDATO VITALÍCIO E RETIRE ESSES PENDURICALHOS DOS SALÁRIOS QUE JÁ SÃO UM ABSURDO', 'authorDisplayName': 'Edvaldo Gualberto', 'authorProfileImageUrl': 'https://yt3.ggpht.com/ytc/AGIKgqM4QYl0D3BPcr0_QH4RVP4VGFAkaE_rBNFE1A=s48-c-k-c0x00ffffff-no-rj', 'authorChannelUrl': 'http://www.youtube.com/channel/UCUGh81TYIsa6L86ZU5mMLkQ', 'authorChannelId': {'value': 'UCUGh81TYIsa6L86ZU5mMLkQ'}, 'canRate': True, 'viewerRating': 'none', 'likeCount': 1, 'publishedAt': '2022-10-27T06:32:43Z', 'updatedAt': '2022-10-27T06:32:43Z'}}, 'canReply': True, 'totalReplyCount': 0, 'isPublic': True}",,UCUGh81TYIsa6L86ZU5mMLkQ,2022-10-27T06:32:43Z,CONGRESSO NACIONAL POR FAVOR CRIE UMA LEI QUE REDUZA O MANDATO DESSES MINISTROS DO STF PARA OITO ANOS E ACABE COM ESSE MANDATO VITALÍCIO E RETIRE ESSES PENDURICALHOS DOS SALÁRIOS QUE JÁ SÃO UM ABSURDO,QURTSl9pMDJyQVhrSnN5bzdKRFIxd3E2RGJhMV9feFhMSnZpbXBwS1VrbFlac1hhREpjUjVRQm5iT285Rk9JZjhna3hCaklMaVN3eVJaWQ==,2023-06-07 23:21:53.055700
youtube#commentThread,a1Vdeo3IGHdHDiGEBh7odzk6ctM,Ugxg1Zhl1_y_bpCQ61l4AaABAg,"{'videoId': 'R_-EO8cEHUk', 'topLevelComment': {'kind': 'youtube#comment', 'etag': 'T9fCtMXliDfluDm8vwzem8T2Bpg', 'id': 'Ugxg1Zhl1_y_bpCQ61l4AaABAg', 'snippet': {'videoId': 'R_-EO8cEHUk', 'textDisplay': 'INTERVENÇÃO CONSTITUCIONAL FEDERAL SUPERIOR MILITAR NO STF E TSE TROCANDO ESSES IMBECIS POR JUÍZES DE CARREIRA COM NOTÓRIO SABER JURÍDICO', 'textOriginal': 'INTERVENÇÃO CONSTITUCIONAL FEDERAL SUPERIOR MILITAR NO STF E TSE TROCANDO ESSES IMBECIS POR JUÍZES DE CARREIRA COM NOTÓRIO SABER JURÍDICO', 'authorDisplayName': 'Edvaldo Gualberto', 'authorProfileImageUrl': 'https://yt3.ggpht.com/ytc/AGIKgqM4QYl0D3BPcr0_QH4RVP4VGFAkaE_rBNFE1A=s48-c-k-c0x00ffffff-no-rj', 'authorChannelUrl': 'http://www.youtube.com/channel/UCUGh81TYIsa6L86ZU5mMLkQ', 'authorChannelId': {'value': 'UCUGh81TYIsa6L86ZU5mMLkQ'}, 'canRate': True, 'viewerRating': 'none', 'likeCount': 0, 'publishedAt': '2022-10-27T06:32:10Z', 'updatedAt': '2022-10-27T06:32:10Z'}}, 'canReply': True, 'totalReplyCount': 0, 'isPublic': True}",,UCUGh81TYIsa6L86ZU5mMLkQ,2022-10-27T06:32:10Z,INTERVENÇÃO CONSTITUCIONAL FEDERAL SUPERIOR MILITAR NO STF E TSE TROCANDO ESSES IMBECIS POR JUÍZES DE CARREIRA COM NOTÓRIO SABER JURÍDICO,QURTSl9pMDJyQVhrSnN5bzdKRFIxd3E2RGJhMV9feFhMSnZpbXBwS1VrbFlac1hhREpjUjVRQm5iT285Rk9JZjhna3hCaklMaVN3eVJaWQ==,2023-06-07 23:21:53.055700
youtube#commentThread,p8TOx1S-4nvHZNbdosN39frUb-Y,Ugz4MRdzeUEYy7_rBdh4AaABAg,"{'videoId': 'R_-EO8cEHUk', 'topLevelComment': {'kind': 'youtube#comment', 'etag': 'xbpiQAv72Pn5hQSIeRwQGcEmB4g', 'id': 'Ugz4MRdzeUEYy7_rBdh4AaABAg', 'snippet': {'videoId': 'R_-EO8cEHUk', 'textDisplay': '# IMPEACHMENT DE ALEXANDRE DE MORAES JÁ', 'textOriginal': '# IMPEACHMENT DE ALEXANDRE DE MORAES JÁ', 'authorDisplayName': 'Edvaldo Gualberto', 'authorProfileImageUrl': 'https://yt3.ggpht.com/ytc/AGIKgqM4QYl0D3BPcr0_QH4RVP4VGFAkaE_rBNFE1A=s48-c-k-c0x00ffffff-no-rj', 'authorChannelUrl': 'http://www.youtube.com/channel/UCUGh81TYIsa6L86ZU5mMLkQ', 'authorChannelId': {'value': 'UCUGh81TYIsa6L86ZU5mMLkQ'}, 'canRate': True, 'viewerRating': 'none', 'likeCount': 0, 'publishedAt': '2022-10-27T06:31:24Z', 'updatedAt': '2022-10-27T06:31:24Z'}}, 'canReply': True, 'totalReplyCount': 0, 'isPublic': True}",,UCUGh81TYIsa6L86ZU5mMLkQ,2022-10-27T06:31:24Z,# IMPEACHMENT DE ALEXANDRE DE MORAES JÁ,QURTSl9pMDJyQVhrSnN5bzdKRFIxd3E2RGJhMV9feFhMSnZpbXBwS1VrbFlac1hhREpjUjVRQm5iT285Rk9JZjhna3hCaklMaVN3eVJaWQ==,2023-06-07 23:21:53.055700
youtube#commentThread,nYspBp0SuCc6fv1onSYCQ--B1sQ,UgxVBE4-TBLoKf-_gMx4AaABAg,"{'videoId': 'R_-EO8cEHUk', 'topLevelComment': {'kind': 'youtube#comment', 'etag': 'I6_6lZ6EKgTgy595v3UNl00Zx_E', 'id': 'UgxVBE4-TBLoKf-_gMx4AaABAg', 'snippet': {'videoId': 'R_-EO8cEHUk', 'textDisplay': '# SOMOS TODOS JOVEM PAN', 'textOriginal': '# SOMOS TODOS JOVEM PAN', 'authorDisplayName': 'Edvaldo Gualberto', 'authorProfileImageUrl': 'https://yt3.ggpht.com/ytc/AGIKgqM4QYl0D3BPcr0_QH4RVP4VGFAkaE_rBNFE1A=s48-c-k-c0x00ffffff-no-rj', 'authorChannelUrl': 'http://www.youtube.com/channel/UCUGh81TYIsa6L86ZU5mMLkQ', 'authorChannelId': {'value': 'UCUGh81TYIsa6L86ZU5mMLkQ'}, 'canRate': True, 'viewerRating': 'none', 'likeCount': 0, 'publishedAt': '2022-10-27T06:31:04Z', 'updatedAt': '2022-10-27T06:31:04Z'}}, 'canReply': True, 'totalReplyCount': 0, 'isPublic': True}",,UCUGh81TYIsa6L86ZU5mMLkQ,2022-10-27T06:31:04Z,# SOMOS TODOS JOVEM PAN,QURTSl9pMDJyQVhrSnN5bzdKRFIxd3E2RGJhMV9feFhMSnZpbXBwS1VrbFlac1hhREpjUjVRQm5iT285Rk9JZjhna3hCaklMaVN3eVJaWQ==,2023-06-07 23:21:53.055700
youtube#commentThread,9i-gengyWCBwEnEqrqk7fDFMQqU,UgyJLsT5wT5To8T4e054AaABAg,"{'videoId': 'R_-EO8cEHUk', 'topLevelComment': {'kind': 'youtube#comment', 'etag': 'E0Gb5CbzLqbzmBuyDIj5_koaUFs', 'id': 'UgyJLsT5wT5To8T4e054AaABAg', 'snippet': {'videoId': 'R_-EO8cEHUk', 'textDisplay': '# SOMOS TODOS AUGUSTO NUNES', 'textOriginal': '# SOMOS TODOS AUGUSTO NUNES', 'authorDisplayName': 'Edvaldo Gualberto', 'authorProfileImageUrl': 'https://yt3.ggpht.com/ytc/AGIKgqM4QYl0D3BPcr0_QH4RVP4VGFAkaE_rBNFE1A=s48-c-k-c0x00ffffff-no-rj', 'authorChannelUrl': 'http://www.youtube.com/channel/UCUGh81TYIsa6L86ZU5mMLkQ', 'authorChannelId': {'value': 'UCUGh81TYIsa6L86ZU5mMLkQ'}, 'canRate': True, 'viewerRating': 'none', 'likeCount': 0, 'publishedAt': '2022-10-27T06:30:28Z', 'updatedAt': '2022-10-27T06:30:28Z'}}, 'canReply': True, 'totalReplyCount': 0, 'isPublic': True}",,UCUGh81TYIsa6L86ZU5mMLkQ,2022-10-27T06:30:28Z,# SOMOS TODOS AUGUSTO NUNES,QURTSl9pMDJyQVhrSnN5bzdKRFIxd3E2RGJhMV9feFhMSnZpbXBwS1VrbFlac1hhREpjUjVRQm5iT285Rk9JZjhna3hCaklMaVN3eVJaWQ==,2023-06-07 23:21:53.055700
youtube#commentThread,JghwQl-5UW-KVI0EV50mTWrLpuk,UgzV1naCvGsW8lUtZ054AaABAg,"{'videoId': 'R_-EO8cEHUk', 'topLevelComment': {'kind': 'youtube#comment', 'etag': 'K2KITOupaQznfew9QSHMzJduHZw', 'id': 'UgzV1naCvGsW8lUtZ054AaABAg', 'snippet': {'videoId': 'R_-EO8cEHUk', 'textDisplay': 'ESTAMOS COM JAMBO JAIR MESSIAS BOLSONARO O MITO 2022', 'textOriginal': 'ESTAMOS COM JAMBO JAIR MESSIAS BOLSONARO O MITO 2022', 'authorDisplayName': 'Edvaldo Gualberto', 'authorProfileImageUrl': 'https://yt3.ggpht.com/ytc/AGIKgqM4QYl0D3BPcr0_QH4RVP4VGFAkaE_rBNFE1A=s48-c-k-c0x00ffffff-no-rj', 'authorChannelUrl': 'http://www.youtube.com/channel/UCUGh81TYIsa6L86ZU5mMLkQ', 'authorChannelId': {'value': 'UCUGh81TYIsa6L86ZU5mMLkQ'}, 'canRate': True, 'viewerRating': 'none', 'likeCount': 0, 'publishedAt': '2022-10-27T06:29:51Z', 'updatedAt': '2022-10-27T06:29:51Z'}}, 'canReply': True, 'totalReplyCount': 0, 'isPublic': True}",,UCUGh81TYIsa6L86ZU5mMLkQ,2022-10-27T06:29:51Z,ESTAMOS COM JAMBO JAIR MESSIAS BOLSONARO O MITO 2022,QURTSl9pMDJyQVhrSnN5bzdKRFIxd3E2RGJhMV9feFhMSnZpbXBwS1VrbFlac1hhREpjUjVRQm5iT285Rk9JZjhna3hCaklMaVN3eVJaWQ==,2023-06-07 23:21:53.055700
youtube#commentThread,ARNx4ogBK3CLc8ZYEcVvFO-Ocaw,Ugxo5bka2uV7TFEac_l4AaABAg,"{'videoId': '37MnZSVj2gg', 'topLevelComment': {'kind': 'youtube#comment', 'etag': 'bDquQGgJikag-Z25ajbsUM6JJdg', 'id': 'Ugxo5bka2uV7TFEac_l4AaABAg', 'snippet': {'videoId': '37MnZSVj2gg', 'textDisplay': 'CONGRESSO NACIONAL POR FAVOR CRIE UMA LEI QUE REDUZA O MANDATO DESSES MINISTROS DO STF PARA OITO ANOS E ACABE COM ESSE MANDATO VITALÍCIO E RETIRE ESSES PENDURICALHOS DOS SALÁRIOS QUE JÁ SÃO UM ABSURDO', 'textOriginal': 'CONGRESSO NACIONAL POR FAVOR CRIE UMA LEI QUE REDUZA O MANDATO DESSES MINISTROS DO STF PARA OITO ANOS E ACABE COM ESSE MANDATO VITALÍCIO E RETIRE ESSES PENDURICALHOS DOS SALÁRIOS QUE JÁ SÃO UM ABSURDO', 'authorDisplayName': 'Edvaldo Gualberto', 'authorProfileImageUrl': 'https://yt3.ggpht.com/ytc/AGIKgqM4QYl0D3BPcr0_QH4RVP4VGFAkaE_rBNFE1A=s48-c-k-c0x00ffffff-no-rj', 'authorChannelUrl': 'http://www.youtube.com/channel/UCUGh81TYIsa6L86ZU5mMLkQ', 'authorChannelId': {'value': 'UCUGh81TYIsa6L86ZU5mMLkQ'}, 'canRate': True, 'viewerRating': 'none', 'likeCount': 0, 'publishedAt': '2022-10-26T03:45:39Z', 'updatedAt': '2022-10-26T03:45:39Z'}}, 'canReply': True, 'totalReplyCount': 0, 'isPublic': True}",,UCUGh81TYIsa6L86ZU5mMLkQ,2022-10-26T03:45:39Z,CONGRESSO NACIONAL POR FAVOR CRIE UMA LEI QUE REDUZA O MANDATO DESSES MINISTROS DO STF PARA OITO ANOS E ACABE COM ESSE MANDATO VITALÍCIO E RETIRE ESSES PENDURICALHOS DOS SALÁRIOS QUE JÁ SÃO UM ABSURDO,QURTSl9pM0w2WThzVHVRVkRRb1VpUkJmMlJEWUpxRUxTNHZhMkRjaDdPN1drRTZzakU2ZlpBeGZvMXd5MmUzVE5oRldFQWZWLVBsYXprQQ==,2023-06-07 23:22:54.328158
youtube#commentThread,qr_BFTl3pxB6esHRPVk-gS7s0Ro,Ugxg0teDXCsZmoK_6Ml4AaABAg,"{'videoId': '37MnZSVj2gg', 'topLevelComment': {'kind': 'youtube#comment', 'etag': '4L4T4ZqVBkbf-Ac8u1z-uluyD-Q', 'id': 'Ugxg0teDXCsZmoK_6Ml4AaABAg', 'snippet': {'videoId': '37MnZSVj2gg', 'textDisplay': 'INTERVENÇÃO CONSTITUCIONAL FEDERAL SUPERIOR MILITAR NO STF E TSE TROCANDO ESSES IMBECIS POR JUÍZES DE CARREIRA COM NOTÓRIO SABER JURÍDICO', 'textOriginal': 'INTERVENÇÃO CONSTITUCIONAL FEDERAL SUPERIOR MILITAR NO STF E TSE TROCANDO ESSES IMBECIS POR JUÍZES DE CARREIRA COM NOTÓRIO SABER JURÍDICO', 'authorDisplayName': 'Edvaldo Gualberto', 'authorProfileImageUrl': 'https://yt3.ggpht.com/ytc/AGIKgqM4QYl0D3BPcr0_QH4RVP4VGFAkaE_rBNFE1A=s48-c-k-c0x00ffffff-no-rj', 'authorChannelUrl': 'http://www.youtube.com/channel/UCUGh81TYIsa6L86ZU5mMLkQ', 'authorChannelId': {'value': 'UCUGh81TYIsa6L86ZU5mMLkQ'}, 'canRate': True, 'viewerRating': 'none', 'likeCount': 0, 'publishedAt': '2022-10-26T03:45:05Z', 'updatedAt': '2022-10-26T03:45:05Z'}}, 'canReply': True, 'totalReplyCount': 0, 'isPublic': True}",,UCUGh81TYIsa6L86ZU5mMLkQ,2022-10-26T03:45:05Z,INTERVENÇÃO CONSTITUCIONAL FEDERAL SUPERIOR MILITAR NO STF E TSE TROCANDO ESSES IMBECIS POR JUÍZES DE CARREIRA COM NOTÓRIO SABER JURÍDICO,QURTSl9pM0w2WThzVHVRVkRRb1VpUkJmMlJEWUpxRUxTNHZhMkRjaDdPN1drRTZzakU2ZlpBeGZvMXd5MmUzVE5oRldFQWZWLVBsYXprQQ==,2023-06-07 23:22:54.328158
youtube#commentThread,fo6qEL8p_qCi7igDqOWp_391nlE,UgzkZYjadJPJ30qtUYl4AaABAg,"{'videoId': '37MnZSVj2gg', 'topLevelComment': {'kind': 'youtube#comment', 'etag': 'AF1g0GFNBNK4TjHCDnR4ZJFhDb0', 'id': 'UgzkZYjadJPJ30qtUYl4AaABAg', 'snippet': {'videoId': '37MnZSVj2gg', 'textDisplay': '# PT NUNCA MAIS', 'textOriginal': '# PT NUNCA MAIS', 'authorDisplayName': 'Edvaldo Gualberto', 'authorProfileImageUrl': 'https://yt3.ggpht.com/ytc/AGIKgqM4QYl0D3BPcr0_QH4RVP4VGFAkaE_rBNFE1A=s48-c-k-c0x00ffffff-no-rj', 'authorChannelUrl': 'http://www.youtube.com/channel/UCUGh81TYIsa6L86ZU5mMLkQ', 'authorChannelId': {'value': 'UCUGh81TYIsa6L86ZU5mMLkQ'}, 'canRate': True, 'viewerRating': 'none', 'likeCount': 0, 'publishedAt': '2022-10-26T03:44:37Z', 'updatedAt': '2022-10-26T03:44:37Z'}}, 'canReply': True, 'totalReplyCount': 0, 'isPublic': True}",,UCUGh81TYIsa6L86ZU5mMLkQ,2022-10-26T03:44:37Z,# PT NUNCA MAIS,QURTSl9pM0w2WThzVHVRVkRRb1VpUkJmMlJEWUpxRUxTNHZhMkRjaDdPN1drRTZzakU2ZlpBeGZvMXd5MmUzVE5oRldFQWZWLVBsYXprQQ==,2023-06-07 23:22:54.328158
youtube#commentThread,hpKP9MLgJfVvICAUbZmOCzZHkVE,UgwRDc8cOrThrRlmBZx4AaABAg,"{'videoId': '37MnZSVj2gg', 'topLevelComment': {'kind': 'youtube#comment', 'etag': 'eAlec18U-mnaGHAjx08RKexjhyg', 'id': 'UgwRDc8cOrThrRlmBZx4AaABAg', 'snippet': {'videoId': '37MnZSVj2gg', 'textDisplay': 'LULADRÃO SEU LUGAR É NA PRISÃO', 'textOriginal': 'LULADRÃO SEU LUGAR É NA PRISÃO', 'authorDisplayName': 'Edvaldo Gualberto', 'authorProfileImageUrl': 'https://yt3.ggpht.com/ytc/AGIKgqM4QYl0D3BPcr0_QH4RVP4VGFAkaE_rBNFE1A=s48-c-k-c0x00ffffff-no-rj', 'authorChannelUrl': 'http://www.youtube.com/channel/UCUGh81TYIsa6L86ZU5mMLkQ', 'authorChannelId': {'value': 'UCUGh81TYIsa6L86ZU5mMLkQ'}, 'canRate': True, 'viewerRating': 'none', 'likeCount': 0, 'publishedAt': '2022-10-26T03:44:22Z', 'updatedAt': '2022-10-26T03:44:22Z'}}, 'canReply': True, 'totalReplyCount': 0, 'isPublic': True}",,UCUGh81TYIsa6L86ZU5mMLkQ,2022-10-26T03:44:22Z,LULADRÃO SEU LUGAR É NA PRISÃO,QURTSl9pM0w2WThzVHVRVkRRb1VpUkJmMlJEWUpxRUxTNHZhMkRjaDdPN1drRTZzakU2ZlpBeGZvMXd5MmUzVE5oRldFQWZWLVBsYXprQQ==,2023-06-07 23:22:54.328158
