kind,etag,id,snippet,replies,authorChannelId,publishedAt,textOriginal,nextPageToken,extraction_date
youtube#commentThread,HChIBL5VaHcgot-_UTi4sRUNemk,UgzkI4y1Zi7MFNW5AMZ4AaABAg,"{'videoId': 'ROZmJdoC-R4', 'topLevelComment': {'kind': 'youtube#comment', 'etag': 'VH1f_5I-kVOrGwt36PpsRRo0O8w', 'id': 'UgzkI4y1Zi7MFNW5AMZ4AaABAg', 'snippet': {'videoId': 'ROZmJdoC-R4', 'textDisplay': 'Deus abençoe bolsonaro para ganha no 2 turno', 'textOriginal': 'Deus abençoe bolsonaro para ganha no 2 turno', 'authorDisplayName': 'Felipe moreira Felipe', 'authorProfileImageUrl': 'https://yt3.ggpht.com/ytc/AGIKgqODjHoAgtC-sFSX1yX5NA6v2mABjoTFveUDcG-r=s48-c-k-c0x00ffffff-no-rj', 'authorChannelUrl': 'http://www.youtube.com/channel/UCD2LpqgABygXydJhB5vrA0w', 'authorChannelId': {'value': 'UCD2LpqgABygXydJhB5vrA0w'}, 'canRate': True, 'viewerRating': 'none', 'likeCount': 0, 'publishedAt': '2022-10-03T15:00:11Z', 'updatedAt': '2022-10-03T15:00:11Z'}}, 'canReply': True, 'totalReplyCount': 0, 'isPublic': True}",,UCD2LpqgABygXydJhB5vrA0w,2022-10-03T15:00:11Z,Deus abençoe bolsonaro para ganha no 2 turno,,2023-06-08 12:31:00.739059
youtube#commentThread,lXGJ6WTmAOMfcaPdV13Yua0cMUE,UgxvvxOJhwHbTKf1OOF4AaABAg,"{'videoId': 'ROZmJdoC-R4', 'topLevelComment': {'kind': 'youtube#comment', 'etag': 'vpSM6LLcVNcXF5gHLIVQVnGYCOY', 'id': 'UgxvvxOJhwHbTKf1OOF4AaABAg', 'snippet': {'videoId': 'ROZmJdoC-R4', 'textDisplay': 'Fraude    Fraude.   Fraude                        Mas nem Tudo ESTA Perdido.  Se o Presidents Abrir uma Conta Corrente pros seus Eleitores Depositar R$ 1 (um real)ESTA SERA A PESQUIZA SEM ERRO e Deposita a soma arrecadada pra uma instituição.', 'textOriginal': 'Fraude    Fraude.   Fraude                        Mas nem Tudo ESTA Perdido.  Se o Presidents Abrir uma Conta Corrente pros seus Eleitores Depositar R$ 1 (um real)ESTA SERA A PESQUIZA SEM ERRO e Deposita a soma arrecadada pra uma instituição.', 'authorDisplayName': 'Maria Helena Monteiro', 'authorProfileImageUrl': 'https://yt3.ggpht.com/vjY98l4ukYqZWGTWQVdHqaVK5HQM3baCKKlN6OIfyJYwnb1kZdKXjT9GcpGjVenisatB6MIIVf4=s48-c-k-c0x00ffffff-no-rj', 'authorChannelUrl': 'http://www.youtube.com/channel/UCGjNB_0hFtRLEFZgxkkMXlg', 'authorChannelId': {'value': 'UCGjNB_0hFtRLEFZgxkkMXlg'}, 'canRate': True, 'viewerRating': 'none', 'likeCount': 0, 'publishedAt': '2022-10-03T13:28:30Z', 'updatedAt': '2022-10-03T13:28:30Z'}}, 'canReply': True, 'totalReplyCount': 0, 'isPublic': True}",,UCGjNB_0hFtRLEFZgxkkMXlg,2022-10-03T13:28:30Z,Fraude    Fraude.   Fraude                        Mas nem Tudo ESTA Perdido.  Se o Presidents Abrir uma Conta Corrente pros seus Eleitores Depositar R$ 1 (um real)ESTA SERA A PESQUIZA SEM ERRO e Deposita a soma arrecadada pra uma instituição.,,2023-06-08 12:31:00.739059
youtube#commentThread,tJd0bL2B7cXOAjznqr38YYAnSDY,UgwSa5PiiK7YXE9mKgJ4AaABAg,"{'videoId': 'ROZmJdoC-R4', 'topLevelComment': {'kind': 'youtube#comment', 'etag': 'O9JVHtNEWhMwDZIrFPn9_vpurQU', 'id': 'UgwSa5PiiK7YXE9mKgJ4AaABAg', 'snippet': {'videoId': 'ROZmJdoC-R4', 'textDisplay': 'Não  adianta  orar  rezar  se  ajoelhar  a  cosa  ta  desenhada  e  se  não entrar  com  contenção  de  força  maior  os  bandidos  levam  nossa  nação  igual  as  hienas  leva  as  carniças  tomada  dos  leões ;  a  coisa  é  selvagem  e  temos  que  agir  como  tal !', 'textOriginal': 'Não  adianta  orar  rezar  se  ajoelhar  a  cosa  ta  desenhada  e  se  não entrar  com  contenção  de  força  maior  os  bandidos  levam  nossa  nação  igual  as  hienas  leva  as  carniças  tomada  dos  leões ;  a  coisa  é  selvagem  e  temos  que  agir  como  tal !', 'authorDisplayName': 'João Ivanildo', 'authorProfileImageUrl': 'https://yt3.ggpht.com/ytc/AGIKgqO4DmT7zqc-A-zxV3CJZSY0Zvczudu8yr5JJw=s48-c-k-c0x00ffffff-no-rj', 'authorChannelUrl': 'http://www.youtube.com/channel/UCX50m69d6wnusniYnhHhSMQ', 'authorChannelId': {'value': 'UCX50m69d6wnusniYnhHhSMQ'}, 'canRate': True, 'viewerRating': 'none', 'likeCount': 0, 'publishedAt': '2022-10-03T12:34:48Z', 'updatedAt': '2022-10-03T12:34:48Z'}}, 'canReply': True, 'totalReplyCount': 0, 'isPublic': True}",,UCX50m69d6wnusniYnhHhSMQ,2022-10-03T12:34:48Z,Não  adianta  orar  rezar  se  ajoelhar  a  cosa  ta  desenhada  e  se  não entrar  com  contenção  de  força  maior  os  bandidos  levam  nossa  nação  igual  as  hienas  leva  as  carniças  tomada  dos  leões ;  a  coisa  é  selvagem  e  temos  que  agir  como  tal !,,2023-06-08 12:31:00.739059
youtube#commentThread,NXPVyKfEL4EyOIirwgCDBpES1pU,Ugz4ARtyNSLjIwVhFKh4AaABAg,"{'videoId': 'ROZmJdoC-R4', 'topLevelComment': {'kind': 'youtube#comment', 'etag': 'hA0k5o3GdwnFcIPtqxzsZSUUGek', 'id': 'Ugz4ARtyNSLjIwVhFKh4AaABAg', 'snippet': {'videoId': 'ROZmJdoC-R4', 'textDisplay': 'Vota pra ser roubado  voto nulo.', 'textOriginal': 'Vota pra ser roubado  voto nulo.', 'authorDisplayName': 'Rosemeire Alvez', 'authorProfileImageUrl': 'https://yt3.ggpht.com/w7ANecNlerfe2xTaI765TvaqAIaRRES-ihU6e7d1xdUDOZnFPsf4Al7PabvoRrWDHWwwIhBynA=s48-c-k-c0x00ffffff-no-rj', 'authorChannelUrl': 'http://www.youtube.com/channel/UCHQTCd0YlAghOHCYuhfYkXQ', 'authorChannelId': {'value': 'UCHQTCd0YlAghOHCYuhfYkXQ'}, 'canRate': True, 'viewerRating': 'none', 'likeCount': 0, 'publishedAt': '2022-10-03T12:13:25Z', 'updatedAt': '2022-10-03T12:13:25Z'}}, 'canReply': True, 'totalReplyCount': 0, 'isPublic': True}",,UCHQTCd0YlAghOHCYuhfYkXQ,2022-10-03T12:13:25Z,Vota pra ser roubado  voto nulo.,,2023-06-08 12:31:00.739059
youtube#commentThread,m9rsqkPt1sXZAVWnIUC_WLqWz44,Ugx8me8UiM_-96NCMq14AaABAg,"{'videoId': 'ROZmJdoC-R4', 'topLevelComment': {'kind': 'youtube#comment', 'etag': 'hUua49H08S9ZxmUAIYahMu6pzRM', 'id': 'Ugx8me8UiM_-96NCMq14AaABAg', 'snippet': {'videoId': 'ROZmJdoC-R4', 'textDisplay': '🤚😡💬<br>ONDE ESTÃO OS ELEITORES DO LULA, QUE NÃO ENCHEM, NEM UMA PRAÇA??<br>ONDE ESTÃO ESTES ELEITORES, QUE O CONDUZIU, PARA A EXISTÊNCIA DE UM 2°TURNO??? 1° E\\xa0 2° TIRNO SERÁ UNA FRAUDES, EM DUAS ETAPAS?? TÁ NA CARA!!! SÓ NÃO ENXERGA QUEM É IDIOTA!!!', 'textOriginal': '🤚😡💬\\nONDE ESTÃO OS ELEITORES DO LULA, QUE NÃO ENCHEM, NEM UMA PRAÇA??\\nONDE ESTÃO ESTES ELEITORES, QUE O CONDUZIU, PARA A EXISTÊNCIA DE UM 2°TURNO??? 1° E\\xa0 2° TIRNO SERÁ UNA FRAUDES, EM DUAS ETAPAS?? TÁ NA CARA!!! SÓ NÃO ENXERGA QUEM É IDIOTA!!!', 'authorDisplayName': 'BRINIL', 'authorProfileImageUrl': 'https://yt3.ggpht.com/ytc/AGIKgqPj3N1R-NJZdDnEB2p5V_DLUjDFf8XXmpSihg=s48-c-k-c0x00ffffff-no-rj', 'authorChannelUrl': 'http://www.youtube.com/channel/UCWeS4a1qmGKOlh4agWblIjg', 'authorChannelId': {'value': 'UCWeS4a1qmGKOlh4agWblIjg'}, 'canRate': True, 'viewerRating': 'none', 'likeCount': 0, 'publishedAt': '2022-10-03T11:53:17Z', 'updatedAt': '2022-10-03T11:53:17Z'}}, 'canReply': True, 'totalReplyCount': 0, 'isPublic': True}",,UCWeS4a1qmGKOlh4agWblIjg,2022-10-03T11:53:17Z,"🤚😡💬
ONDE ESTÃO OS ELEITORES DO LULA, QUE NÃO ENCHEM, NEM UMA PRAÇA??
ONDE ESTÃO ESTES ELEITORES, QUE O CONDUZIU, PARA A EXISTÊNCIA DE UM 2°TURNO??? 1° E  2° TIRNO SERÁ UNA FRAUDES, EM DUAS ETAPAS?? TÁ NA CARA!!! SÓ NÃO ENXERGA QUEM É IDIOTA!!!",,2023-06-08 12:31:00.739059
youtube#commentThread,UgiG1uxMxtRVqcyDhI0sIk0wyBo,UgwmAabPVsa0KLA_ESN4AaABAg,"{'videoId': 'ROZmJdoC-R4', 'topLevelComment': {'kind': 'youtube#comment', 'etag': 'r_DmBnLeEqAERCjfjsVywGmges4', 'id': 'UgwmAabPVsa0KLA_ESN4AaABAg', 'snippet': {'videoId': 'ROZmJdoC-R4', 'textDisplay': 'Estou muito desconfiada', 'textOriginal': 'Estou muito desconfiada', 'authorDisplayName': 'Deonilva Bertochi Pigatto', 'authorProfileImageUrl': 'https://yt3.ggpht.com/ytc/AGIKgqPCgpa964JcaPvI-x50iiBQes4wiHQrbbm2Lg=s48-c-k-c0x00ffffff-no-rj', 'authorChannelUrl': 'http://www.youtube.com/channel/UCbJpT7lhPcMSGFBYlnqOkGA', 'authorChannelId': {'value': 'UCbJpT7lhPcMSGFBYlnqOkGA'}, 'canRate': True, 'viewerRating': 'none', 'likeCount': 0, 'publishedAt': '2022-10-03T11:32:26Z', 'updatedAt': '2022-10-03T11:32:26Z'}}, 'canReply': True, 'totalReplyCount': 0, 'isPublic': True}",,UCbJpT7lhPcMSGFBYlnqOkGA,2022-10-03T11:32:26Z,Estou muito desconfiada,,2023-06-08 12:31:00.739059
youtube#commentThread,8I_LBw6mdjBjtyfwtQxOXPD5ALE,UgwkdRFpzc4j9oqNynZ4AaABAg,"{'videoId': 'ROZmJdoC-R4', 'topLevelComment': {'kind': 'youtube#comment', 'etag': 'agzSQY9IJev8fG1HN4cHtzZsQ14', 'id': 'UgwkdRFpzc4j9oqNynZ4AaABAg', 'snippet': {'videoId': 'ROZmJdoC-R4', 'textDisplay': 'Há qe pontos chegamos ??????? <br>PT de volta? Plmds isso não pode se repetir ! O povo brasileiro precisa agora de vez ir pras ruas protestar !!! <br>Se aceita isso novamente o País vai se torna o centro de criminalidade e corrupção.....', 'textOriginal': 'Há qe pontos chegamos ??????? \\nPT de volta? Plmds isso não pode se repetir ! O povo brasileiro precisa agora de vez ir pras ruas protestar !!! \\nSe aceita isso novamente o País vai se torna o centro de criminalidade e corrupção.....', 'authorDisplayName': 'Pablo Patrick', 'authorProfileImageUrl': 'https://yt3.ggpht.com/ytc/AGIKgqNK1tYjzBUCT5WiQuXmqsDAUcLajW7_C2-82Z6t91k=s48-c-k-c0x00ffffff-no-rj', 'authorChannelUrl': 'http://www.youtube.com/channel/UCPTH8yuDkH1-kLz2Bg3Dv6w', 'authorChannelId': {'value': 'UCPTH8yuDkH1-kLz2Bg3Dv6w'}, 'canRate': True, 'viewerRating': 'none', 'likeCount': 0, 'publishedAt': '2022-10-03T11:05:43Z', 'updatedAt': '2022-10-03T11:05:43Z'}}, 'canReply': True, 'totalReplyCount': 0, 'isPublic': True}",,UCPTH8yuDkH1-kLz2Bg3Dv6w,2022-10-03T11:05:43Z,"Há qe pontos chegamos ??????? 
PT de volta? Plmds isso não pode se repetir ! O povo brasileiro precisa agora de vez ir pras ruas protestar !!! 
Se aceita isso novamente o País vai se torna o centro de criminalidade e corrupção.....",,2023-06-08 12:31:00.739059
youtube#commentThread,wTNbAKe8AdJkRs8pz5XgdyAd5Ps,UgwocuDkriYxaf-Ravt4AaABAg,"{'videoId': 'ROZmJdoC-R4', 'topLevelComment': {'kind': 'youtube#comment', 'etag': '82UIFd1NaydRLCMZuGPhYANkQeE', 'id': 'UgwocuDkriYxaf-Ravt4AaABAg', 'snippet': {'videoId': 'ROZmJdoC-R4', 'textDisplay': 'Os indeciso vão nos apoiar no segundo turno 👍', 'textOriginal': 'Os indeciso vão nos apoiar no segundo turno 👍', 'authorDisplayName': 'José Antero do Nascimento Nascimento', 'authorProfileImageUrl': 'https://yt3.ggpht.com/ytc/AGIKgqObW-6QxEUqm56KIma-XUekdgWEQiKphvSXKx1dtQ=s48-c-k-c0x00ffffff-no-rj', 'authorChannelUrl': 'http://www.youtube.com/channel/UCDoBOBEyfG3M4NcVguRafdA', 'authorChannelId': {'value': 'UCDoBOBEyfG3M4NcVguRafdA'}, 'canRate': True, 'viewerRating': 'none', 'likeCount': 2, 'publishedAt': '2022-10-03T08:31:18Z', 'updatedAt': '2022-10-03T08:31:18Z'}}, 'canReply': True, 'totalReplyCount': 1, 'isPublic': True}","{'comments': [{'kind': 'youtube#comment', 'etag': 'mxJWlmYq50W6rXxIlqvh50ByfJs', 'id': 'UgwocuDkriYxaf-Ravt4AaABAg.9giBAjZAdag9gikppDgk29', 'snippet': {'videoId': 'ROZmJdoC-R4', 'textDisplay': 'Fraude    Fraude.   Fraude                        Mas nem Tudo ESTA Perdido.  Se o Presidents Abrir uma Conta Corrente pros seus Eleitores Depositar R$ 1 (um real)ESTA SERA A PESQUIZA SEM ERRO e Deposita a soma arrecadada pra uma instituição.', 'textOriginal': 'Fraude    Fraude.   Fraude                        Mas nem Tudo ESTA Perdido.  Se o Presidents Abrir uma Conta Corrente pros seus Eleitores Depositar R$ 1 (um real)ESTA SERA A PESQUIZA SEM ERRO e Deposita a soma arrecadada pra uma instituição.', 'parentId': 'UgwocuDkriYxaf-Ravt4AaABAg', 'authorDisplayName': 'Maria Helena Monteiro', 'authorProfileImageUrl': 'https://yt3.ggpht.com/vjY98l4ukYqZWGTWQVdHqaVK5HQM3baCKKlN6OIfyJYwnb1kZdKXjT9GcpGjVenisatB6MIIVf4=s48-c-k-c0x00ffffff-no-rj', 'authorChannelUrl': 'http://www.youtube.com/channel/UCGjNB_0hFtRLEFZgxkkMXlg', 'authorChannelId': {'value': 'UCGjNB_0hFtRLEFZgxkkMXlg'}, 'canRate': True, 'viewerRating': 'none', 'likeCount': 0, 'publishedAt': '2022-10-03T13:51:38Z', 'updatedAt': '2022-10-03T13:51:38Z'}}]}",UCDoBOBEyfG3M4NcVguRafdA,2022-10-03T08:31:18Z,Os indeciso vão nos apoiar no segundo turno 👍,,2023-06-08 12:31:00.739059
youtube#commentThread,Dqs6iNErQ03pRN7g3BTdNl2WZ20,UgyjyE-yO0Cbb9O3rlV4AaABAg,"{'videoId': 'ROZmJdoC-R4', 'topLevelComment': {'kind': 'youtube#comment', 'etag': 'uES0yESAIhLffKx5ds8fjWIvnU8', 'id': 'UgyjyE-yO0Cbb9O3rlV4AaABAg', 'snippet': {'videoId': 'ROZmJdoC-R4', 'textDisplay': 'Inacreditável algo errado aí não está me cheirando bem como pode ? Deus nos ajude perdão por estar te pedindo mas o Brasil presiza urgentemente de Ti mude está situação Jair Bolsonaro com a ajuda de Ti pode salvar nosso Brasil como vem fazendo, não deixe o mal vencer Amém 🙏', 'textOriginal': 'Inacreditável algo errado aí não está me cheirando bem como pode ? Deus nos ajude perdão por estar te pedindo mas o Brasil presiza urgentemente de Ti mude está situação Jair Bolsonaro com a ajuda de Ti pode salvar nosso Brasil como vem fazendo, não deixe o mal vencer Amém 🙏', 'authorDisplayName': 'Olivetti Ilsa', 'authorProfileImageUrl': 'https://yt3.ggpht.com/ytc/AGIKgqPHvf5yfqwCt-m1YtU7oUcFlU2J7ysitFlFpA=s48-c-k-c0x00ffffff-no-rj', 'authorChannelUrl': 'http://www.youtube.com/channel/UCynySUfuR7jWkSD_bwbvmww', 'authorChannelId': {'value': 'UCynySUfuR7jWkSD_bwbvmww'}, 'canRate': True, 'viewerRating': 'none', 'likeCount': 0, 'publishedAt': '2022-10-03T08:15:35Z', 'updatedAt': '2022-10-03T08:15:35Z'}}, 'canReply': True, 'totalReplyCount': 0, 'isPublic': True}",,UCynySUfuR7jWkSD_bwbvmww,2022-10-03T08:15:35Z,"Inacreditável algo errado aí não está me cheirando bem como pode ? Deus nos ajude perdão por estar te pedindo mas o Brasil presiza urgentemente de Ti mude está situação Jair Bolsonaro com a ajuda de Ti pode salvar nosso Brasil como vem fazendo, não deixe o mal vencer Amém 🙏",,2023-06-08 12:31:00.739059
youtube#commentThread,9b5dIGeQaMuPq0ZthcPa1c-Wu3c,UgwTsW5Fsk9JQHGmVTJ4AaABAg,"{'videoId': 'ROZmJdoC-R4', 'topLevelComment': {'kind': 'youtube#comment', 'etag': 'gb84BEcoVIxCxp_f8bTBFjNDS0E', 'id': 'UgwTsW5Fsk9JQHGmVTJ4AaABAg', 'snippet': {'videoId': 'ROZmJdoC-R4', 'textDisplay': 'No 2&amp; turno, Bolsonaro deve mudar de atuitudes. Preocupar menos com o adversário e dedicar mais com o que foi feito e a situação atual do Brasil.', 'textOriginal': 'No 2& turno, Bolsonaro deve mudar de atuitudes. Preocupar menos com o adversário e dedicar mais com o que foi feito e a situação atual do Brasil.', 'authorDisplayName': 'americo belfort', 'authorProfileImageUrl': 'https://yt3.ggpht.com/ytc/AGIKgqMGPnWJYLtOLLYi_h7UeCAq7lL51JwSNFBofqIA-A=s48-c-k-c0x00ffffff-no-rj', 'authorChannelUrl': 'http://www.youtube.com/channel/UCJBmOhp3cNbQv77W_7cHwOQ', 'authorChannelId': {'value': 'UCJBmOhp3cNbQv77W_7cHwOQ'}, 'canRate': True, 'viewerRating': 'none', 'likeCount': 0, 'publishedAt': '2022-10-03T07:08:59Z', 'updatedAt': '2022-10-03T07:08:59Z'}}, 'canReply': True, 'totalReplyCount': 0, 'isPublic': True}",,UCJBmOhp3cNbQv77W_7cHwOQ,2022-10-03T07:08:59Z,"No 2& turno, Bolsonaro deve mudar de atuitudes. Preocupar menos com o adversário e dedicar mais com o que foi feito e a situação atual do Brasil.",,2023-06-08 12:31:00.739059
youtube#commentThread,hmfwZkZPAF_JIOkt5nm-H1oJub4,UgxxMoqJg_kC54YvRqh4AaABAg,"{'videoId': 'ROZmJdoC-R4', 'topLevelComment': {'kind': 'youtube#comment', 'etag': 'SMfCCi9-oXs_pQ74nmOcYb3w0jA', 'id': 'UgxxMoqJg_kC54YvRqh4AaABAg', 'snippet': {'videoId': 'ROZmJdoC-R4', 'textDisplay': 'Quadrilha de safados roubaram meu presidente Bolsonaro 😢😢DEUS É MAIS', 'textOriginal': 'Quadrilha de safados roubaram meu presidente Bolsonaro 😢😢DEUS É MAIS', 'authorDisplayName': 'Joana D’Arc De Jesus Rodrigues da Silva', 'authorProfileImageUrl': 'https://yt3.ggpht.com/ytc/AGIKgqOSOV4eVXFbj1AETz9yYzjlwkDB4G9uut-Clg=s48-c-k-c0x00ffffff-no-rj', 'authorChannelUrl': 'http://www.youtube.com/channel/UCtEDvOfYndU-4WiDMFLssUg', 'authorChannelId': {'value': 'UCtEDvOfYndU-4WiDMFLssUg'}, 'canRate': True, 'viewerRating': 'none', 'likeCount': 0, 'publishedAt': '2022-10-03T04:45:50Z', 'updatedAt': '2022-10-03T04:45:50Z'}}, 'canReply': True, 'totalReplyCount': 0, 'isPublic': True}",,UCtEDvOfYndU-4WiDMFLssUg,2022-10-03T04:45:50Z,Quadrilha de safados roubaram meu presidente Bolsonaro 😢😢DEUS É MAIS,,2023-06-08 12:31:00.739059
youtube#commentThread,hYpnRabRvSs7WvV9u-4isOkPlRc,Ugx0XzB6xehqkV9Be5d4AaABAg,"{'videoId': 'ROZmJdoC-R4', 'topLevelComment': {'kind': 'youtube#comment', 'etag': 'I42LuK8UYs-X3Ds7Iwj0I9x2KvA', 'id': 'Ugx0XzB6xehqkV9Be5d4AaABAg', 'snippet': {'videoId': 'ROZmJdoC-R4', 'textDisplay': 'Muito triste o que aconteceu nessas eleições com o Presidente Bolsonaro! 😢😢😢', 'textOriginal': 'Muito triste o que aconteceu nessas eleições com o Presidente Bolsonaro! 😢😢😢', 'authorDisplayName': 'Elizabeth Areas', 'authorProfileImageUrl': 'https://yt3.ggpht.com/ytc/AGIKgqMlkmt4BbW05jUNH00kWWKmuFW8oNUqIpC6ycMBPWw=s48-c-k-c0x00ffffff-no-rj', 'authorChannelUrl': 'http://www.youtube.com/channel/UCUAw4k_JRLGIRXqBWFyMAhw', 'authorChannelId': {'value': 'UCUAw4k_JRLGIRXqBWFyMAhw'}, 'canRate': True, 'viewerRating': 'none', 'likeCount': 4, 'publishedAt': '2022-10-03T03:35:24Z', 'updatedAt': '2022-10-03T03:35:24Z'}}, 'canReply': True, 'totalReplyCount': 0, 'isPublic': True}",,UCUAw4k_JRLGIRXqBWFyMAhw,2022-10-03T03:35:24Z,Muito triste o que aconteceu nessas eleições com o Presidente Bolsonaro! 😢😢😢,,2023-06-08 12:31:00.739059
youtube#commentThread,4mSwQFgjS03vlwrTmwTC_wPHPFo,UgynTE2RICEROWxvCy94AaABAg,"{'videoId': 'ROZmJdoC-R4', 'topLevelComment': {'kind': 'youtube#comment', 'etag': 'sRWnSz3pvlFwvfavy7MXb8AjDVM', 'id': 'UgynTE2RICEROWxvCy94AaABAg', 'snippet': {'videoId': 'ROZmJdoC-R4', 'textDisplay': 'SEM SOMBRA DE DÚVIDAS FOMOS ROUBADOS MAIS UMA VEZ.', 'textOriginal': 'SEM SOMBRA DE DÚVIDAS FOMOS ROUBADOS MAIS UMA VEZ.', 'authorDisplayName': 'Frederico Arruda', 'authorProfileImageUrl': 'https://yt3.ggpht.com/ytc/AGIKgqPQrcl0PmwVj8mekoIM25wQq91bB7tRJwz_X9VgyRwda7npBfskn8z7xZYU9g1T=s48-c-k-c0x00ffffff-no-rj', 'authorChannelUrl': 'http://www.youtube.com/channel/UC154YMk8-h3TD7Xujhqj-hA', 'authorChannelId': {'value': 'UC154YMk8-h3TD7Xujhqj-hA'}, 'canRate': True, 'viewerRating': 'none', 'likeCount': 4, 'publishedAt': '2022-10-03T03:02:29Z', 'updatedAt': '2022-10-03T03:02:29Z'}}, 'canReply': True, 'totalReplyCount': 1, 'isPublic': True}","{'comments': [{'kind': 'youtube#comment', 'etag': 'Mv2xL_HN8IuGUlmj0XJuy0aJH4w', 'id': 'UgynTE2RICEROWxvCy94AaABAg.9ghaYMUD-RJ9gi9c_fTwY7', 'snippet': {'videoId': 'ROZmJdoC-R4', 'textDisplay': 'Não podemos ficar de Braços cruzados isso não pode acontecer mais meu Deus nos ajude 🙏', 'textOriginal': 'Não podemos ficar de Braços cruzados isso não pode acontecer mais meu Deus nos ajude 🙏', 'parentId': 'UgynTE2RICEROWxvCy94AaABAg', 'authorDisplayName': 'Olivetti Ilsa', 'authorProfileImageUrl': 'https://yt3.ggpht.com/ytc/AGIKgqPHvf5yfqwCt-m1YtU7oUcFlU2J7ysitFlFpA=s48-c-k-c0x00ffffff-no-rj', 'authorChannelUrl': 'http://www.youtube.com/channel/UCynySUfuR7jWkSD_bwbvmww', 'authorChannelId': {'value': 'UCynySUfuR7jWkSD_bwbvmww'}, 'canRate': True, 'viewerRating': 'none', 'likeCount': 0, 'publishedAt': '2022-10-03T08:17:46Z', 'updatedAt': '2022-10-03T08:17:46Z'}}]}",UC154YMk8-h3TD7Xujhqj-hA,2022-10-03T03:02:29Z,SEM SOMBRA DE DÚVIDAS FOMOS ROUBADOS MAIS UMA VEZ.,,2023-06-08 12:31:00.739059
youtube#commentThread,VSxpNbVfM5q-mD2DRTdyMMUSgNE,UgxIbcCIe_U01MlE47d4AaABAg,"{'videoId': 'ROZmJdoC-R4', 'topLevelComment': {'kind': 'youtube#comment', 'etag': 'POwdQHANAwikJ1PaOc3Z0Giqg-c', 'id': 'UgxIbcCIe_U01MlE47d4AaABAg', 'snippet': {'videoId': 'ROZmJdoC-R4', 'textDisplay': 'NAO DA PARA EMTENDER BOLSONARO ELEGE TANTA GENTE NÃO GANHA NO PRIMEIRO TURNO;TEM ALGO ERRADO AÍ.', 'textOriginal': 'NAO DA PARA EMTENDER BOLSONARO ELEGE TANTA GENTE NÃO GANHA NO PRIMEIRO TURNO;TEM ALGO ERRADO AÍ.', 'authorDisplayName': 'Frederico Arruda', 'authorProfileImageUrl': 'https://yt3.ggpht.com/ytc/AGIKgqPQrcl0PmwVj8mekoIM25wQq91bB7tRJwz_X9VgyRwda7npBfskn8z7xZYU9g1T=s48-c-k-c0x00ffffff-no-rj', 'authorChannelUrl': 'http://www.youtube.com/channel/UC154YMk8-h3TD7Xujhqj-hA', 'authorChannelId': {'value': 'UC154YMk8-h3TD7Xujhqj-hA'}, 'canRate': True, 'viewerRating': 'none', 'likeCount': 0, 'publishedAt': '2022-10-03T03:01:16Z', 'updatedAt': '2022-10-03T03:01:16Z'}}, 'canReply': True, 'totalReplyCount': 0, 'isPublic': True}",,UC154YMk8-h3TD7Xujhqj-hA,2022-10-03T03:01:16Z,NAO DA PARA EMTENDER BOLSONARO ELEGE TANTA GENTE NÃO GANHA NO PRIMEIRO TURNO;TEM ALGO ERRADO AÍ.,,2023-06-08 12:31:00.739059
youtube#commentThread,61IRdrUwBp2VN354z0nhjFWBRsg,UgxQ8ryyItsANpC8z-94AaABAg,"{'videoId': 'ROZmJdoC-R4', 'topLevelComment': {'kind': 'youtube#comment', 'etag': 'TKTLyEHoI5apu2ptVnK2v8DobH4', 'id': 'UgxQ8ryyItsANpC8z-94AaABAg', 'snippet': {'videoId': 'ROZmJdoC-R4', 'textDisplay': 'Vamos orar!! Temos que confiar em Deus', 'textOriginal': 'Vamos orar!! Temos que confiar em Deus', 'authorDisplayName': 'Everton Campos', 'authorProfileImageUrl': 'https://yt3.ggpht.com/ytc/AGIKgqNZEsGOT7rwsyS9zUEbO4wh09pP-f78sm5pzw=s48-c-k-c0x00ffffff-no-rj', 'authorChannelUrl': 'http://www.youtube.com/channel/UCA4PKWXTtgP4ipkjPZPudhg', 'authorChannelId': {'value': 'UCA4PKWXTtgP4ipkjPZPudhg'}, 'canRate': True, 'viewerRating': 'none', 'likeCount': 6, 'publishedAt': '2022-10-03T02:52:33Z', 'updatedAt': '2022-10-03T02:52:33Z'}}, 'canReply': True, 'totalReplyCount': 0, 'isPublic': True}",,UCA4PKWXTtgP4ipkjPZPudhg,2022-10-03T02:52:33Z,Vamos orar!! Temos que confiar em Deus,,2023-06-08 12:31:00.739059
youtube#commentThread,eEqhhLmRECntR4HuGUiW72KQvpA,UgxnrE6YbznrSup1reF4AaABAg,"{'videoId': 'ROZmJdoC-R4', 'topLevelComment': {'kind': 'youtube#comment', 'etag': 'E_PDP_6jqfWc5Oinhn38hUMb4Dc', 'id': 'UgxnrE6YbznrSup1reF4AaABAg', 'snippet': {'videoId': 'ROZmJdoC-R4', 'textDisplay': 'Ainda não entendi se é  Lula q manda em Alexandre ou Alexandre q comanda Lula. Mas q tem uma treta, há isso tem. E o puxadinho do STF  e todo do mesmo time.', 'textOriginal': 'Ainda não entendi se é  Lula q manda em Alexandre ou Alexandre q comanda Lula. Mas q tem uma treta, há isso tem. E o puxadinho do STF  e todo do mesmo time.', 'authorDisplayName': 'Leni Campos', 'authorProfileImageUrl': 'https://yt3.ggpht.com/ytc/AGIKgqMxjxnW41-3yQYIEytIQvHTYa2IgdMtDyb8Vg=s48-c-k-c0x00ffffff-no-rj', 'authorChannelUrl': 'http://www.youtube.com/channel/UCp9FK-RlY0k6R3yBouScs-g', 'authorChannelId': {'value': 'UCp9FK-RlY0k6R3yBouScs-g'}, 'canRate': True, 'viewerRating': 'none', 'likeCount': 0, 'publishedAt': '2022-10-03T02:41:51Z', 'updatedAt': '2022-10-03T02:41:51Z'}}, 'canReply': True, 'totalReplyCount': 0, 'isPublic': True}",,UCp9FK-RlY0k6R3yBouScs-g,2022-10-03T02:41:51Z,"Ainda não entendi se é  Lula q manda em Alexandre ou Alexandre q comanda Lula. Mas q tem uma treta, há isso tem. E o puxadinho do STF  e todo do mesmo time.",,2023-06-08 12:31:00.739059
youtube#commentThread,ba0oLXb4OCthRyNqXPb0dw9cP-w,Ugy-Xyzlkkt7yv1WHF14AaABAg,"{'videoId': 'ROZmJdoC-R4', 'topLevelComment': {'kind': 'youtube#comment', 'etag': 'f0YfltgQ6m5v1u29nGEkRPmw758', 'id': 'Ugy-Xyzlkkt7yv1WHF14AaABAg', 'snippet': {'videoId': 'ROZmJdoC-R4', 'textDisplay': 'O maior concorrente do nosso presidente é a fraude, já se esperava isso por isso eles não aceitaram voto impresso', 'textOriginal': 'O maior concorrente do nosso presidente é a fraude, já se esperava isso por isso eles não aceitaram voto impresso', 'authorDisplayName': 'Carlão Araujo', 'authorProfileImageUrl': 'https://yt3.ggpht.com/ytc/AGIKgqNOCM4Mw9HsSF7qln9k6Ig7bAmADBE8NpMsqxag864=s48-c-k-c0x00ffffff-no-rj', 'authorChannelUrl': 'http://www.youtube.com/channel/UCdXAwwv0Obyjwdu--1Asjug', 'authorChannelId': {'value': 'UCdXAwwv0Obyjwdu--1Asjug'}, 'canRate': True, 'viewerRating': 'none', 'likeCount': 0, 'publishedAt': '2022-10-03T02:39:04Z', 'updatedAt': '2022-10-03T02:39:04Z'}}, 'canReply': True, 'totalReplyCount': 0, 'isPublic': True}",,UCdXAwwv0Obyjwdu--1Asjug,2022-10-03T02:39:04Z,"O maior concorrente do nosso presidente é a fraude, já se esperava isso por isso eles não aceitaram voto impresso",,2023-06-08 12:31:00.739059
youtube#commentThread,Ay_1N93vL9HIhHyAWdCgge7y1KY,UgyZlp-G0M5-DVRA2Et4AaABAg,"{'videoId': 'ROZmJdoC-R4', 'topLevelComment': {'kind': 'youtube#comment', 'etag': 'C65V1O8tjLWO7jCTSPwRrKoRMQI', 'id': 'UgyZlp-G0M5-DVRA2Et4AaABAg', 'snippet': {'videoId': 'ROZmJdoC-R4', 'textDisplay': 'Como candidatos do PL ganha e o presidente perde? Sem sentido. Como assim os juízes que descondenaram o molusco são os mesmos que apuram as eleições? 🤦\\u200d♀️', 'textOriginal': 'Como candidatos do PL ganha e o presidente perde? Sem sentido. Como assim os juízes que descondenaram o molusco são os mesmos que apuram as eleições? 🤦\\u200d♀️', 'authorDisplayName': 'Cele Gomes', 'authorProfileImageUrl': 'https://yt3.ggpht.com/ytc/AGIKgqNJ1yGp0rK-533-IgyqGI6ElRTczOJtDxLOTA=s48-c-k-c0x00ffffff-no-rj', 'authorChannelUrl': 'http://www.youtube.com/channel/UCkjMW92mIkgDsT4EUQVEthg', 'authorChannelId': {'value': 'UCkjMW92mIkgDsT4EUQVEthg'}, 'canRate': True, 'viewerRating': 'none', 'likeCount': 0, 'publishedAt': '2022-10-03T02:23:37Z', 'updatedAt': '2022-10-03T02:23:37Z'}}, 'canReply': True, 'totalReplyCount': 0, 'isPublic': True}",,UCkjMW92mIkgDsT4EUQVEthg,2022-10-03T02:23:37Z,Como candidatos do PL ganha e o presidente perde? Sem sentido. Como assim os juízes que descondenaram o molusco são os mesmos que apuram as eleições? 🤦‍♀️,,2023-06-08 12:31:00.739059
youtube#commentThread,YqafYCq98x-IQwGDh3lA3NaHdM8,UgxQpRjJqMYANgT83pZ4AaABAg,"{'videoId': 'ROZmJdoC-R4', 'topLevelComment': {'kind': 'youtube#comment', 'etag': 'vB3AVZpFKbnycWiMFRCRUaHtMa8', 'id': 'UgxQpRjJqMYANgT83pZ4AaABAg', 'snippet': {'videoId': 'ROZmJdoC-R4', 'textDisplay': '🤚😡💬<br>1° E  2° SERÁ FRAUDES, EM DUAS ETAPAS?? TÁ NA CARA!!!<br>SÓ NÃO ENXERGA QUEM É IDIOTA!!!', 'textOriginal': '🤚😡💬\\n1° E  2° SERÁ FRAUDES, EM DUAS ETAPAS?? TÁ NA CARA!!!\\nSÓ NÃO ENXERGA QUEM É IDIOTA!!!', 'authorDisplayName': 'BRINIL', 'authorProfileImageUrl': 'https://yt3.ggpht.com/ytc/AGIKgqPj3N1R-NJZdDnEB2p5V_DLUjDFf8XXmpSihg=s48-c-k-c0x00ffffff-no-rj', 'authorChannelUrl': 'http://www.youtube.com/channel/UCWeS4a1qmGKOlh4agWblIjg', 'authorChannelId': {'value': 'UCWeS4a1qmGKOlh4agWblIjg'}, 'canRate': True, 'viewerRating': 'none', 'likeCount': 4, 'publishedAt': '2022-10-03T02:14:55Z', 'updatedAt': '2022-10-03T02:14:55Z'}}, 'canReply': True, 'totalReplyCount': 0, 'isPublic': True}",,UCWeS4a1qmGKOlh4agWblIjg,2022-10-03T02:14:55Z,"🤚😡💬
1° E  2° SERÁ FRAUDES, EM DUAS ETAPAS?? TÁ NA CARA!!!
SÓ NÃO ENXERGA QUEM É IDIOTA!!!",,2023-06-08 12:31:00.739059
youtube#commentThread,9lCuXmUHtcW4T-oYi2R7dTcXvAI,Ugy1eZvu3mgYZz0gZ_J4AaABAg,"{'videoId': 'ROZmJdoC-R4', 'topLevelComment': {'kind': 'youtube#comment', 'etag': 'y0TeXfQfODeQ3srrC3ydj75DTO0', 'id': 'Ugy1eZvu3mgYZz0gZ_J4AaABAg', 'snippet': {'videoId': 'ROZmJdoC-R4', 'textDisplay': 'Com esses bandidos do stf no comando deu nisso. O Lúcifer está às gargalhadas assim como os petralhas.', 'textOriginal': 'Com esses bandidos do stf no comando deu nisso. O Lúcifer está às gargalhadas assim como os petralhas.', 'authorDisplayName': 'Senaide Camargo', 'authorProfileImageUrl': 'https://yt3.ggpht.com/ytc/AGIKgqOwy1SbpWo4l03c4Xws0Yc4me3ESON9qrneKw=s48-c-k-c0x00ffffff-no-rj', 'authorChannelUrl': 'http://www.youtube.com/channel/UCNS8HMR_f_f_TVlzQN5HE-Q', 'authorChannelId': {'value': 'UCNS8HMR_f_f_TVlzQN5HE-Q'}, 'canRate': True, 'viewerRating': 'none', 'likeCount': 0, 'publishedAt': '2022-10-03T02:04:56Z', 'updatedAt': '2022-10-03T02:04:56Z'}}, 'canReply': True, 'totalReplyCount': 0, 'isPublic': True}",,UCNS8HMR_f_f_TVlzQN5HE-Q,2022-10-03T02:04:56Z,Com esses bandidos do stf no comando deu nisso. O Lúcifer está às gargalhadas assim como os petralhas.,,2023-06-08 12:31:00.739059
youtube#commentThread,tCvF4OjAHp8LnkG4HxoHsTyhZOQ,UgwcggvK_5H8KJYM0Ah4AaABAg,"{'videoId': 'ROZmJdoC-R4', 'topLevelComment': {'kind': 'youtube#comment', 'etag': 'Aw6gR_6aqT-Wi1HcRuOryPoMRbQ', 'id': 'UgwcggvK_5H8KJYM0Ah4AaABAg', 'snippet': {'videoId': 'ROZmJdoC-R4', 'textDisplay': 'NOSSO PRESIDENTE PRECISA DE CADA UM DE NÓS NA LUTA... NÃO FIQUE OMISSO... CONQUISTE VOTOS', 'textOriginal': 'NOSSO PRESIDENTE PRECISA DE CADA UM DE NÓS NA LUTA... NÃO FIQUE OMISSO... CONQUISTE VOTOS', 'authorDisplayName': 'Acosta', 'authorProfileImageUrl': 'https://yt3.ggpht.com/IgONnT8ylGdWjFgHdSk4EYEfqLmkrgenq5f9RwK5_RwRLOQlflC9GYKxhnPFA9SKq21ts8bl=s48-c-k-c0x00ffffff-no-rj', 'authorChannelUrl': 'http://www.youtube.com/channel/UCG8_4AnyCUCAa2zMJNmZcNA', 'authorChannelId': {'value': 'UCG8_4AnyCUCAa2zMJNmZcNA'}, 'canRate': True, 'viewerRating': 'none', 'likeCount': 9, 'publishedAt': '2022-10-03T02:01:36Z', 'updatedAt': '2022-10-03T02:01:36Z'}}, 'canReply': True, 'totalReplyCount': 0, 'isPublic': True}",,UCG8_4AnyCUCAa2zMJNmZcNA,2022-10-03T02:01:36Z,NOSSO PRESIDENTE PRECISA DE CADA UM DE NÓS NA LUTA... NÃO FIQUE OMISSO... CONQUISTE VOTOS,,2023-06-08 12:31:00.739059
youtube#commentThread,x_jbCGrSNbLS9IN_9k6hIslnm4Y,UgzlcSnMGfMJjQLWIOB4AaABAg,"{'videoId': 'ROZmJdoC-R4', 'topLevelComment': {'kind': 'youtube#comment', 'etag': 'YZdnk5RTr18ANRYLvxtmaR4mEz8', 'id': 'UgzlcSnMGfMJjQLWIOB4AaABAg', 'snippet': {'videoId': 'ROZmJdoC-R4', 'textDisplay': 'Foi o que aconteceu nos EUA. Com urnas escondidas que elegeram o Bidem. Será que aqui no Brasil está acontecendo o mesmo?', 'textOriginal': 'Foi o que aconteceu nos EUA. Com urnas escondidas que elegeram o Bidem. Será que aqui no Brasil está acontecendo o mesmo?', 'authorDisplayName': 'Senaide Camargo', 'authorProfileImageUrl': 'https://yt3.ggpht.com/ytc/AGIKgqOwy1SbpWo4l03c4Xws0Yc4me3ESON9qrneKw=s48-c-k-c0x00ffffff-no-rj', 'authorChannelUrl': 'http://www.youtube.com/channel/UCNS8HMR_f_f_TVlzQN5HE-Q', 'authorChannelId': {'value': 'UCNS8HMR_f_f_TVlzQN5HE-Q'}, 'canRate': True, 'viewerRating': 'none', 'likeCount': 6, 'publishedAt': '2022-10-03T02:01:35Z', 'updatedAt': '2022-10-03T02:01:35Z'}}, 'canReply': True, 'totalReplyCount': 1, 'isPublic': True}","{'comments': [{'kind': 'youtube#comment', 'etag': 'pyL0Ana0smOagboIJEgKAsyMmYk', 'id': 'UgzlcSnMGfMJjQLWIOB4AaABAg.9ghU_GP8ztw9gi9WJEJSEj', 'snippet': {'videoId': 'ROZmJdoC-R4', 'textDisplay': 'Verdade isso tem q ser apurado', 'textOriginal': 'Verdade isso tem q ser apurado', 'parentId': 'UgzlcSnMGfMJjQLWIOB4AaABAg', 'authorDisplayName': 'Olivetti Ilsa', 'authorProfileImageUrl': 'https://yt3.ggpht.com/ytc/AGIKgqPHvf5yfqwCt-m1YtU7oUcFlU2J7ysitFlFpA=s48-c-k-c0x00ffffff-no-rj', 'authorChannelUrl': 'http://www.youtube.com/channel/UCynySUfuR7jWkSD_bwbvmww', 'authorChannelId': {'value': 'UCynySUfuR7jWkSD_bwbvmww'}, 'canRate': True, 'viewerRating': 'none', 'likeCount': 1, 'publishedAt': '2022-10-03T08:16:47Z', 'updatedAt': '2022-10-03T08:16:47Z'}}]}",UCNS8HMR_f_f_TVlzQN5HE-Q,2022-10-03T02:01:35Z,Foi o que aconteceu nos EUA. Com urnas escondidas que elegeram o Bidem. Será que aqui no Brasil está acontecendo o mesmo?,,2023-06-08 12:31:00.739059
youtube#commentThread,TTdfaMpIM909giRiT1N1tUDKiBA,Ugyyj355p37FlF8Imu14AaABAg,"{'videoId': 'ROZmJdoC-R4', 'topLevelComment': {'kind': 'youtube#comment', 'etag': 't6tTumoAozJuU8HhmdRoavmBJGc', 'id': 'Ugyyj355p37FlF8Imu14AaABAg', 'snippet': {'videoId': 'ROZmJdoC-R4', 'textDisplay': 'Em Manaus chegou uma urna com capacidade de 350 eleitores inscritos nela e teve mais de 600 votos para Lula nessa mesma urna', 'textOriginal': 'Em Manaus chegou uma urna com capacidade de 350 eleitores inscritos nela e teve mais de 600 votos para Lula nessa mesma urna', 'authorDisplayName': 'WALTER MELO', 'authorProfileImageUrl': 'https://yt3.ggpht.com/eRBNguS0zQuEUR4Bcra2WOQtlaOHGxlzUFW9GBadWRg64wT_dydCh_Apv9pDk94P4_EeoUuNAg=s48-c-k-c0x00ffffff-no-rj', 'authorChannelUrl': 'http://www.youtube.com/channel/UCRbB-SWo4j79KeLRbdQI9DQ', 'authorChannelId': {'value': 'UCRbB-SWo4j79KeLRbdQI9DQ'}, 'canRate': True, 'viewerRating': 'none', 'likeCount': 6, 'publishedAt': '2022-10-03T02:00:48Z', 'updatedAt': '2022-10-03T02:00:48Z'}}, 'canReply': True, 'totalReplyCount': 1, 'isPublic': True}","{'comments': [{'kind': 'youtube#comment', 'etag': 'gSVs8lPiLrj_VMuxHYtrkOqXW8I', 'id': 'Ugyyj355p37FlF8Imu14AaABAg.9ghUU_W3xN_9gi9T-dUZZK', 'snippet': {'videoId': 'ROZmJdoC-R4', 'textDisplay': 'Muito estranho aí tem coisa', 'textOriginal': 'Muito estranho aí tem coisa', 'parentId': 'Ugyyj355p37FlF8Imu14AaABAg', 'authorDisplayName': 'Olivetti Ilsa', 'authorProfileImageUrl': 'https://yt3.ggpht.com/ytc/AGIKgqPHvf5yfqwCt-m1YtU7oUcFlU2J7ysitFlFpA=s48-c-k-c0x00ffffff-no-rj', 'authorChannelUrl': 'http://www.youtube.com/channel/UCynySUfuR7jWkSD_bwbvmww', 'authorChannelId': {'value': 'UCynySUfuR7jWkSD_bwbvmww'}, 'canRate': True, 'viewerRating': 'none', 'likeCount': 0, 'publishedAt': '2022-10-03T08:16:19Z', 'updatedAt': '2022-10-03T08:16:19Z'}}]}",UCRbB-SWo4j79KeLRbdQI9DQ,2022-10-03T02:00:48Z,Em Manaus chegou uma urna com capacidade de 350 eleitores inscritos nela e teve mais de 600 votos para Lula nessa mesma urna,,2023-06-08 12:31:00.739059
youtube#commentThread,xZB32lKtc4Ria2moVLZ6hLAmRJA,UgxBfGkw8yROyI3oTgJ4AaABAg,"{'videoId': 'ROZmJdoC-R4', 'topLevelComment': {'kind': 'youtube#comment', 'etag': 'xv5QwBIs0zmULsHHmz_-Xmc-9uA', 'id': 'UgxBfGkw8yROyI3oTgJ4AaABAg', 'snippet': {'videoId': 'ROZmJdoC-R4', 'textDisplay': 'JÁ ESTÃO APARECENDO AS  FRAUDES', 'textOriginal': 'JÁ ESTÃO APARECENDO AS  FRAUDES', 'authorDisplayName': 'WALTER MELO', 'authorProfileImageUrl': 'https://yt3.ggpht.com/eRBNguS0zQuEUR4Bcra2WOQtlaOHGxlzUFW9GBadWRg64wT_dydCh_Apv9pDk94P4_EeoUuNAg=s48-c-k-c0x00ffffff-no-rj', 'authorChannelUrl': 'http://www.youtube.com/channel/UCRbB-SWo4j79KeLRbdQI9DQ', 'authorChannelId': {'value': 'UCRbB-SWo4j79KeLRbdQI9DQ'}, 'canRate': True, 'viewerRating': 'none', 'likeCount': 0, 'publishedAt': '2022-10-03T01:59:47Z', 'updatedAt': '2022-10-03T01:59:47Z'}}, 'canReply': True, 'totalReplyCount': 0, 'isPublic': True}",,UCRbB-SWo4j79KeLRbdQI9DQ,2022-10-03T01:59:47Z,JÁ ESTÃO APARECENDO AS  FRAUDES,,2023-06-08 12:31:00.739059
youtube#commentThread,jnjzWpdTL11eO5muIdLKWGLhAtQ,Ugxh051hUER6Tgnjn-R4AaABAg,"{'videoId': 'ROZmJdoC-R4', 'topLevelComment': {'kind': 'youtube#comment', 'etag': 'RRmw_A1xn-nbAO8hOuR0WmQ7hQ8', 'id': 'Ugxh051hUER6Tgnjn-R4AaABAg', 'snippet': {'videoId': 'ROZmJdoC-R4', 'textDisplay': 'Tão rindo do que? Tá na cara que roubaram . Tá se achando seu babaca', 'textOriginal': 'Tão rindo do que? Tá na cara que roubaram . Tá se achando seu babaca', 'authorDisplayName': 'Rosangela Camargo', 'authorProfileImageUrl': 'https://yt3.ggpht.com/ytc/AGIKgqOb2zQGpAxbmFP2T_Ksp3ItQPVoIa3cGGJmTw=s48-c-k-c0x00ffffff-no-rj', 'authorChannelUrl': 'http://www.youtube.com/channel/UCU6dLNBX8i6eEErpSJtUznA', 'authorChannelId': {'value': 'UCU6dLNBX8i6eEErpSJtUznA'}, 'canRate': True, 'viewerRating': 'none', 'likeCount': 0, 'publishedAt': '2022-10-03T01:59:26Z', 'updatedAt': '2022-10-03T01:59:26Z'}}, 'canReply': True, 'totalReplyCount': 0, 'isPublic': True}",,UCU6dLNBX8i6eEErpSJtUznA,2022-10-03T01:59:26Z,Tão rindo do que? Tá na cara que roubaram . Tá se achando seu babaca,,2023-06-08 12:31:00.739059
youtube#commentThread,rfFz-pR1rHRFFel1J82YO5P___A,UgytxGzFHcALWUzbfsZ4AaABAg,"{'videoId': 'ROZmJdoC-R4', 'topLevelComment': {'kind': 'youtube#comment', 'etag': 'jZJRd7Aqqk7kYwa4kICCPbuA1Lo', 'id': 'UgytxGzFHcALWUzbfsZ4AaABAg', 'snippet': {'videoId': 'ROZmJdoC-R4', 'textDisplay': 'Aí teve fraude com força', 'textOriginal': 'Aí teve fraude com força', 'authorDisplayName': 'Elvis Messias', 'authorProfileImageUrl': 'https://yt3.ggpht.com/ytc/AGIKgqOd2FRAM7yGU9kmpmfqGeu9txa3SQN-QRHiea2SZbw=s48-c-k-c0x00ffffff-no-rj', 'authorChannelUrl': 'http://www.youtube.com/channel/UCejR39VugDDj8qn58-kfFcw', 'authorChannelId': {'value': 'UCejR39VugDDj8qn58-kfFcw'}, 'canRate': True, 'viewerRating': 'none', 'likeCount': 5, 'publishedAt': '2022-10-03T01:54:54Z', 'updatedAt': '2022-10-03T01:54:54Z'}}, 'canReply': True, 'totalReplyCount': 0, 'isPublic': True}",,UCejR39VugDDj8qn58-kfFcw,2022-10-03T01:54:54Z,Aí teve fraude com força,,2023-06-08 12:31:00.739059
youtube#commentThread,pBSVumbP0a65Ey2SN4Egtm090fY,Ugyi2o8nMzuZ76ORzT14AaABAg,"{'videoId': 'ROZmJdoC-R4', 'topLevelComment': {'kind': 'youtube#comment', 'etag': 'OjAxPUhKAZZTg0ZD8vYqpcdCzFc', 'id': 'Ugyi2o8nMzuZ76ORzT14AaABAg', 'snippet': {'videoId': 'ROZmJdoC-R4', 'textDisplay': 'Roubando esse bandido ganhou', 'textOriginal': 'Roubando esse bandido ganhou', 'authorDisplayName': 'Izenita Corrêa', 'authorProfileImageUrl': 'https://yt3.ggpht.com/kI7TOWWIjlnbSyr9eG-3BeAt7OELkQiE1g36jb-IPyFnMPb4eFntQh4TMiAEmxkWcIiE7iWeow=s48-c-k-c0x00ffffff-no-rj', 'authorChannelUrl': 'http://www.youtube.com/channel/UCOm_jzxeMh063RwRH2rMyMg', 'authorChannelId': {'value': 'UCOm_jzxeMh063RwRH2rMyMg'}, 'canRate': True, 'viewerRating': 'none', 'likeCount': 5, 'publishedAt': '2022-10-03T01:54:26Z', 'updatedAt': '2022-10-03T01:54:26Z'}}, 'canReply': True, 'totalReplyCount': 1, 'isPublic': True}","{'comments': [{'kind': 'youtube#comment', 'etag': 'fB843Ar7BADmVylqW9hnvklMTOc', 'id': 'Ugyi2o8nMzuZ76ORzT14AaABAg.9ghTksmIhtt9gi9q9hS45l', 'snippet': {'videoId': 'ROZmJdoC-R4', 'textDisplay': 'Esse Velho só pode ter feito aquela coisa ruim q prefiro não falar, mas Deus é mais como está na Bíblia 🙏', 'textOriginal': 'Esse Velho só pode ter feito aquela coisa ruim q prefiro não falar, mas Deus é mais como está na Bíblia 🙏', 'parentId': 'Ugyi2o8nMzuZ76ORzT14AaABAg', 'authorDisplayName': 'Olivetti Ilsa', 'authorProfileImageUrl': 'https://yt3.ggpht.com/ytc/AGIKgqPHvf5yfqwCt-m1YtU7oUcFlU2J7ysitFlFpA=s48-c-k-c0x00ffffff-no-rj', 'authorChannelUrl': 'http://www.youtube.com/channel/UCynySUfuR7jWkSD_bwbvmww', 'authorChannelId': {'value': 'UCynySUfuR7jWkSD_bwbvmww'}, 'canRate': True, 'viewerRating': 'none', 'likeCount': 0, 'publishedAt': '2022-10-03T08:19:37Z', 'updatedAt': '2022-10-03T08:19:37Z'}}]}",UCOm_jzxeMh063RwRH2rMyMg,2022-10-03T01:54:26Z,Roubando esse bandido ganhou,,2023-06-08 12:31:00.739059
youtube#commentThread,SaxWgBkXvblLs1Nz2vih_w4TL8k,UgyMPHNJXMvBS7eSxz14AaABAg,"{'videoId': 'ROZmJdoC-R4', 'topLevelComment': {'kind': 'youtube#comment', 'etag': 'XtM5OH5FaxauWRsX6AL5HVA0wx8', 'id': 'UgyMPHNJXMvBS7eSxz14AaABAg', 'snippet': {'videoId': 'ROZmJdoC-R4', 'textDisplay': 'Fraude', 'textOriginal': 'Fraude', 'authorDisplayName': 'Edson CALASANS', 'authorProfileImageUrl': 'https://yt3.ggpht.com/ytc/AGIKgqPa31EBddHKhKybjnV8y94VcZ9Glm6Punms1Q=s48-c-k-c0x00ffffff-no-rj', 'authorChannelUrl': 'http://www.youtube.com/channel/UCB-6gAXc71n6mD_-iFbkedg', 'authorChannelId': {'value': 'UCB-6gAXc71n6mD_-iFbkedg'}, 'canRate': True, 'viewerRating': 'none', 'likeCount': 5, 'publishedAt': '2022-10-03T01:53:59Z', 'updatedAt': '2022-10-03T01:53:59Z'}}, 'canReply': True, 'totalReplyCount': 0, 'isPublic': True}",,UCB-6gAXc71n6mD_-iFbkedg,2022-10-03T01:53:59Z,Fraude,,2023-06-08 12:31:00.739059
