kind,etag,id,snippet,replies,authorChannelId,publishedAt,textOriginal,nextPageToken,extraction_date
youtube#commentThread,tkH1S2tu5LTgzUpGObRvw8NcmTY,UgwaXwRO_oAHfwpTsEp4AaABAg,"{'videoId': 'ZBaqttk_mG8', 'topLevelComment': {'kind': 'youtube#comment', 'etag': 'igVMvkfoWivXSPofiFqRduSmF7Q', 'id': 'UgwaXwRO_oAHfwpTsEp4AaABAg', 'snippet': {'videoId': 'ZBaqttk_mG8', 'textDisplay': 'Todo o faturamento gerado pela Folha Política desde 1º de julho de 2021 está bloqueado por ordem do TSE. Ajude a Folha Política a continuar o seu trabalho. Doe por meio do\\r<br>PIX: ajude@<a href=""http://folhapolitica.org/"">folhapolitica.org</a> \\r<br>Depósitos / Transferências (Conta Bancária):\\r<br>Banco Itaú (341)\\r<br>Agência 1571\\r<br>c/c 10911-3\\r<br>Raposo Fernandes Marketing Digital LTDA (Administradora da Folha Política)\\r<br>CNPJ 20.010.215/0001-09', 'textOriginal': 'Todo o faturamento gerado pela Folha Política desde 1º de julho de 2021 está bloqueado por ordem do TSE. Ajude a Folha Política a continuar o seu trabalho. Doe por meio do\\r\\nPIX: ajude@folhapolitica.org \\r\\nDepósitos / Transferências (Conta Bancária):\\r\\nBanco Itaú (341)\\r\\nAgência 1571\\r\\nc/c 10911-3\\r\\nRaposo Fernandes Marketing Digital LTDA (Administradora da Folha Política)\\r\\nCNPJ 20.010.215/0001-09', 'authorDisplayName': 'Folha Política', 'authorProfileImageUrl': 'https://yt3.ggpht.com/ytc/AGIKgqPv2BkrL_RF0yvJSwvUNlbfU43XXvde1WDvvXh4Bw=s48-c-k-c0x00ffffff-no-rj', 'authorChannelUrl': 'http://www.youtube.com/channel/UCYiM773ssvNMaBHvaWWeIoQ', 'authorChannelId': {'value': 'UCYiM773ssvNMaBHvaWWeIoQ'}, 'canRate': True, 'viewerRating': 'none', 'likeCount': 36, 'publishedAt': '2022-10-21T23:08:39Z', 'updatedAt': '2022-10-21T23:08:39Z'}}, 'canReply': True, 'totalReplyCount': 3, 'isPublic': True}","{'comments': [{'kind': 'youtube#comment', 'etag': 'LayChl-tuSCiOi7_jIZHOrc9GDM', 'id': 'UgwaXwRO_oAHfwpTsEp4AaABAg.9hT5tMwWTVt9hXvl7540N8', 'snippet': {'videoId': 'ZBaqttk_mG8', 'textDisplay': 'essa imundice do Lula só fala mentiras ladrão', 'textOriginal': 'essa imundice do Lula só fala mentiras ladrão', 'parentId': 'UgwaXwRO_oAHfwpTsEp4AaABAg', 'authorDisplayName': 'Gerso Ferreira', 'authorProfileImageUrl': 'https://yt3.ggpht.com/_M6xdNOjxRtPPY-quOz96_7LPVMYUCMNT_mel3DRq4IiJHlX85oT6SepwLhJYCIn72s99b58K0k=s48-c-k-c0x00ffffff-no-rj', 'authorChannelUrl': 'http://www.youtube.com/channel/UC4zFhztdU1TPtNNbAiz8ZBw', 'authorChannelId': {'value': 'UC4zFhztdU1TPtNNbAiz8ZBw'}, 'canRate': True, 'viewerRating': 'none', 'likeCount': 1, 'publishedAt': '2022-10-23T20:07:37Z', 'updatedAt': '2022-10-23T20:07:37Z'}}, {'kind': 'youtube#comment', 'etag': 'jhjxDz-DXXxhRKgYj5ndgikJtNc', 'id': 'UgwaXwRO_oAHfwpTsEp4AaABAg.9hT5tMwWTVt9hTQC0s61cF', 'snippet': {'videoId': 'ZBaqttk_mG8', 'textDisplay': 'Eu vou AJUDAR num pouco', 'textOriginal': 'Eu vou AJUDAR num pouco', 'parentId': 'UgwaXwRO_oAHfwpTsEp4AaABAg', 'authorDisplayName': 'Ana Paula Santos', 'authorProfileImageUrl': 'https://yt3.ggpht.com/zhHAN7zRdt6Vrgsar8pcqajf5KH3tFI7yuhZPZZBwmQJllLPygP7wX4Tc6T-Vrc-_Qe11xeLHQ=s48-c-k-c0x00ffffff-no-rj', 'authorChannelUrl': 'http://www.youtube.com/channel/UCUee_p-cU0ZeTiG5ng5PmMw', 'authorChannelId': {'value': 'UCUee_p-cU0ZeTiG5ng5PmMw'}, 'canRate': True, 'viewerRating': 'none', 'likeCount': 0, 'publishedAt': '2022-10-22T02:06:06Z', 'updatedAt': '2022-10-22T02:06:06Z'}}, {'kind': 'youtube#comment', 'etag': '_qU9h7bvqiRo0fxpZH0DXytoTfg', 'id': 'UgwaXwRO_oAHfwpTsEp4AaABAg.9hT5tMwWTVt9hT9SQIG3hz', 'snippet': {'videoId': 'ZBaqttk_mG8', 'textDisplay': 'Amo meu presidente Jair Messias', 'textOriginal': 'Amo meu presidente Jair Messias', 'parentId': 'UgwaXwRO_oAHfwpTsEp4AaABAg', 'authorDisplayName': 'Clarinha Ines Marca', 'authorProfileImageUrl': 'https://yt3.ggpht.com/ytc/AGIKgqOhVfjPeCMQ3Aa1Qrip0SlEXckD3ooJL5xV5hjcXy6UdOobTe_m-JKDRiah-m_m=s48-c-k-c0x00ffffff-no-rj', 'authorChannelUrl': 'http://www.youtube.com/channel/UC-Dh11jSNBkZPOduAkDP3Fw', 'authorChannelId': {'value': 'UC-Dh11jSNBkZPOduAkDP3Fw'}, 'canRate': True, 'viewerRating': 'none', 'likeCount': 2, 'publishedAt': '2022-10-21T23:39:47Z', 'updatedAt': '2022-10-21T23:39:47Z'}}]}",UCYiM773ssvNMaBHvaWWeIoQ,2022-10-21T23:08:39Z,"Todo o faturamento gerado pela Folha Política desde 1º de julho de 2021 está bloqueado por ordem do TSE. Ajude a Folha Política a continuar o seu trabalho. Doe por meio do
PIX: ajude@folhapolitica.org 
Depósitos / Transferências (Conta Bancária):
Banco Itaú (341)
Agência 1571
c/c 10911-3
Raposo Fernandes Marketing Digital LTDA (Administradora da Folha Política)
CNPJ 20.010.215/0001-09",QURTSl9pMl9XYmNzRkdoMUNySGtqNUs3bUw5emU3M0dDYmk3VTNuOTJmd3MtekN1ZkpvcXJnbEdfYU0tY0I0aDJTanp3UTA2dm1lekRTeVlhNlJRbTE4bnVwcl83dXBDSGc=,2023-06-08 12:23:52.067969
youtube#commentThread,h3fxFdORGds72WuypboPAdSQPWE,Ugy1MDZXyXPix8qvDJJ4AaABAg,"{'videoId': 'ZBaqttk_mG8', 'topLevelComment': {'kind': 'youtube#comment', 'etag': 'u2Sw-PFt2tkbBb8AxypxudNCh6k', 'id': 'Ugy1MDZXyXPix8qvDJJ4AaABAg', 'snippet': {'videoId': 'ZBaqttk_mG8', 'textDisplay': 'Aliás o Judiciário e muitos Políticos adversários de Bolsonaro, tem postura antiética, sem base na lei, e são IMORAIS!!!', 'textOriginal': 'Aliás o Judiciário e muitos Políticos adversários de Bolsonaro, tem postura antiética, sem base na lei, e são IMORAIS!!!', 'authorDisplayName': 'Fatima', 'authorProfileImageUrl': 'https://yt3.ggpht.com/ytc/AGIKgqPYQe9n6TS-Z6VFEowrfC17vzjoYKm05_E10o0PL9RAeW0ly3oK1X5JaTQoIQds=s48-c-k-c0x00ffffff-no-rj', 'authorChannelUrl': 'http://www.youtube.com/channel/UCagfdqb2NB4u2BaKrxnf6ZQ', 'authorChannelId': {'value': 'UCagfdqb2NB4u2BaKrxnf6ZQ'}, 'canRate': True, 'viewerRating': 'none', 'likeCount': 0, 'publishedAt': '2022-10-29T00:29:21Z', 'updatedAt': '2022-10-29T00:29:21Z'}}, 'canReply': True, 'totalReplyCount': 0, 'isPublic': True}",,UCagfdqb2NB4u2BaKrxnf6ZQ,2022-10-29T00:29:21Z,"Aliás o Judiciário e muitos Políticos adversários de Bolsonaro, tem postura antiética, sem base na lei, e são IMORAIS!!!",QURTSl9pMl9XYmNzRkdoMUNySGtqNUs3bUw5emU3M0dDYmk3VTNuOTJmd3MtekN1ZkpvcXJnbEdfYU0tY0I0aDJTanp3UTA2dm1lekRTeVlhNlJRbTE4bnVwcl83dXBDSGc=,2023-06-08 12:23:52.067969
youtube#commentThread,4D2YGf6W0X0in9MIj4jn1lgu-e8,UgwgxNTZ9zcQJvasCM94AaABAg,"{'videoId': 'ZBaqttk_mG8', 'topLevelComment': {'kind': 'youtube#comment', 'etag': 'ZqN5Z4vbqS03Bsf3FAcLrWspi8U', 'id': 'UgwgxNTZ9zcQJvasCM94AaABAg', 'snippet': {'videoId': 'ZBaqttk_mG8', 'textDisplay': 'Quem arma todas mentiras é o Janone, se acha incrível inclusive! 🤮', 'textOriginal': 'Quem arma todas mentiras é o Janone, se acha incrível inclusive! 🤮', 'authorDisplayName': 'Fatima', 'authorProfileImageUrl': 'https://yt3.ggpht.com/ytc/AGIKgqPYQe9n6TS-Z6VFEowrfC17vzjoYKm05_E10o0PL9RAeW0ly3oK1X5JaTQoIQds=s48-c-k-c0x00ffffff-no-rj', 'authorChannelUrl': 'http://www.youtube.com/channel/UCagfdqb2NB4u2BaKrxnf6ZQ', 'authorChannelId': {'value': 'UCagfdqb2NB4u2BaKrxnf6ZQ'}, 'canRate': True, 'viewerRating': 'none', 'likeCount': 0, 'publishedAt': '2022-10-29T00:27:46Z', 'updatedAt': '2022-10-29T00:27:46Z'}}, 'canReply': True, 'totalReplyCount': 0, 'isPublic': True}",,UCagfdqb2NB4u2BaKrxnf6ZQ,2022-10-29T00:27:46Z,"Quem arma todas mentiras é o Janone, se acha incrível inclusive! 🤮",QURTSl9pMl9XYmNzRkdoMUNySGtqNUs3bUw5emU3M0dDYmk3VTNuOTJmd3MtekN1ZkpvcXJnbEdfYU0tY0I0aDJTanp3UTA2dm1lekRTeVlhNlJRbTE4bnVwcl83dXBDSGc=,2023-06-08 12:23:52.067969
youtube#commentThread,yXHwyFSCY4wyHEa0wfn4AeUlMgI,Ugx_ebEXt4ZPXIOJ27h4AaABAg,"{'videoId': 'ZBaqttk_mG8', 'topLevelComment': {'kind': 'youtube#comment', 'etag': 'MKdkSyh1RRF9w7F9xXdVyXSI-_4', 'id': 'Ugx_ebEXt4ZPXIOJ27h4AaABAg', 'snippet': {'videoId': 'ZBaqttk_mG8', 'textDisplay': 'O povo acorda, não acredita nesse petista, se eles quisesem fazer teria feito todo tempo que tiveram o país na mão deles, hoje com pandemia, guerra, com povo fique em casa, para muitos que não  tinha ficaram com menos ou nada, vejam com o nosso presidente Bolsonaro22 encontrou recursos para distribuir com todos mais necessitados, vejam como o Brasil é rico, que sem roubar  pode sim distribuir para todos. Vamos as urnas e lutar pela liberdade vote 22, Bolsonaro22', 'textOriginal': 'O povo acorda, não acredita nesse petista, se eles quisesem fazer teria feito todo tempo que tiveram o país na mão deles, hoje com pandemia, guerra, com povo fique em casa, para muitos que não  tinha ficaram com menos ou nada, vejam com o nosso presidente Bolsonaro22 encontrou recursos para distribuir com todos mais necessitados, vejam como o Brasil é rico, que sem roubar  pode sim distribuir para todos. Vamos as urnas e lutar pela liberdade vote 22, Bolsonaro22', 'authorDisplayName': 'fabiana guerrero', 'authorProfileImageUrl': 'https://yt3.ggpht.com/ytc/AGIKgqOmTaTBb6_aAiDcwwgPiN3IiIE4Fd8SdGpO0BMclg=s48-c-k-c0x00ffffff-no-rj', 'authorChannelUrl': 'http://www.youtube.com/channel/UCO_g9Xqo00bdnr5qmMffZ2w', 'authorChannelId': {'value': 'UCO_g9Xqo00bdnr5qmMffZ2w'}, 'canRate': True, 'viewerRating': 'none', 'likeCount': 0, 'publishedAt': '2022-10-23T05:33:15Z', 'updatedAt': '2022-10-23T05:33:15Z'}}, 'canReply': True, 'totalReplyCount': 0, 'isPublic': True}",,UCO_g9Xqo00bdnr5qmMffZ2w,2022-10-23T05:33:15Z,"O povo acorda, não acredita nesse petista, se eles quisesem fazer teria feito todo tempo que tiveram o país na mão deles, hoje com pandemia, guerra, com povo fique em casa, para muitos que não  tinha ficaram com menos ou nada, vejam com o nosso presidente Bolsonaro22 encontrou recursos para distribuir com todos mais necessitados, vejam como o Brasil é rico, que sem roubar  pode sim distribuir para todos. Vamos as urnas e lutar pela liberdade vote 22, Bolsonaro22",QURTSl9pMl9XYmNzRkdoMUNySGtqNUs3bUw5emU3M0dDYmk3VTNuOTJmd3MtekN1ZkpvcXJnbEdfYU0tY0I0aDJTanp3UTA2dm1lekRTeVlhNlJRbTE4bnVwcl83dXBDSGc=,2023-06-08 12:23:52.067969
youtube#commentThread,bp730omuSf3ASaJWLe8KmGSnMtI,UgwvLp9Fq9t1BV_qB7l4AaABAg,"{'videoId': 'ZBaqttk_mG8', 'topLevelComment': {'kind': 'youtube#comment', 'etag': 'hH34qOR_2Y9EUDWEDcDcW-muG3g', 'id': 'UgwvLp9Fq9t1BV_qB7l4AaABAg', 'snippet': {'videoId': 'ZBaqttk_mG8', 'textDisplay': 'Não se deixem sujeitar a essas sensores!!! Querem calar a  nossa boca, roubar a nossa liberdade.', 'textOriginal': 'Não se deixem sujeitar a essas sensores!!! Querem calar a  nossa boca, roubar a nossa liberdade.', 'authorDisplayName': 'Wagner Querubim', 'authorProfileImageUrl': 'https://yt3.ggpht.com/ytc/AGIKgqO6r8L3pnWl1_4uxbvE-m7ktAZTaeAa_0y7nhXyp2k=s48-c-k-c0x00ffffff-no-rj', 'authorChannelUrl': 'http://www.youtube.com/channel/UCz8td2K25tKXuu28_IrF5dw', 'authorChannelId': {'value': 'UCz8td2K25tKXuu28_IrF5dw'}, 'canRate': True, 'viewerRating': 'none', 'likeCount': 0, 'publishedAt': '2022-10-23T01:45:32Z', 'updatedAt': '2022-10-23T01:45:32Z'}}, 'canReply': True, 'totalReplyCount': 0, 'isPublic': True}",,UCz8td2K25tKXuu28_IrF5dw,2022-10-23T01:45:32Z,"Não se deixem sujeitar a essas sensores!!! Querem calar a  nossa boca, roubar a nossa liberdade.",QURTSl9pMl9XYmNzRkdoMUNySGtqNUs3bUw5emU3M0dDYmk3VTNuOTJmd3MtekN1ZkpvcXJnbEdfYU0tY0I0aDJTanp3UTA2dm1lekRTeVlhNlJRbTE4bnVwcl83dXBDSGc=,2023-06-08 12:23:52.067969
youtube#commentThread,wSQuPv1nsJ1Qp2JeRuJ8w8ezLRU,UgxxvxfIul7eGqVgoSF4AaABAg,"{'videoId': 'ZBaqttk_mG8', 'topLevelComment': {'kind': 'youtube#comment', 'etag': 'WVkp-QaKR5cw0R32GpXHh1AJDmc', 'id': 'UgxxvxfIul7eGqVgoSF4AaABAg', 'snippet': {'videoId': 'ZBaqttk_mG8', 'textDisplay': 'Não acredito e nem podemos acreditar Nação Brasileira nesse engano que os petralhas brasileiros pregam para nós conduzir ao engano. Temos o dever cívico de defender o Brasil desse socialismo ditatorial. Não queremos ser uma Venezuela, Nicarágua, Colômbia, Chile e outros Países ditatoriais espalhados pelo mundo. Valorizem o seu voto! O Brasil está dando certo. Continuemos!!!', 'textOriginal': 'Não acredito e nem podemos acreditar Nação Brasileira nesse engano que os petralhas brasileiros pregam para nós conduzir ao engano. Temos o dever cívico de defender o Brasil desse socialismo ditatorial. Não queremos ser uma Venezuela, Nicarágua, Colômbia, Chile e outros Países ditatoriais espalhados pelo mundo. Valorizem o seu voto! O Brasil está dando certo. Continuemos!!!', 'authorDisplayName': 'Wagner Querubim', 'authorProfileImageUrl': 'https://yt3.ggpht.com/ytc/AGIKgqO6r8L3pnWl1_4uxbvE-m7ktAZTaeAa_0y7nhXyp2k=s48-c-k-c0x00ffffff-no-rj', 'authorChannelUrl': 'http://www.youtube.com/channel/UCz8td2K25tKXuu28_IrF5dw', 'authorChannelId': {'value': 'UCz8td2K25tKXuu28_IrF5dw'}, 'canRate': True, 'viewerRating': 'none', 'likeCount': 0, 'publishedAt': '2022-10-23T01:41:36Z', 'updatedAt': '2022-10-23T01:41:36Z'}}, 'canReply': True, 'totalReplyCount': 0, 'isPublic': True}",,UCz8td2K25tKXuu28_IrF5dw,2022-10-23T01:41:36Z,"Não acredito e nem podemos acreditar Nação Brasileira nesse engano que os petralhas brasileiros pregam para nós conduzir ao engano. Temos o dever cívico de defender o Brasil desse socialismo ditatorial. Não queremos ser uma Venezuela, Nicarágua, Colômbia, Chile e outros Países ditatoriais espalhados pelo mundo. Valorizem o seu voto! O Brasil está dando certo. Continuemos!!!",QURTSl9pMl9XYmNzRkdoMUNySGtqNUs3bUw5emU3M0dDYmk3VTNuOTJmd3MtekN1ZkpvcXJnbEdfYU0tY0I0aDJTanp3UTA2dm1lekRTeVlhNlJRbTE4bnVwcl83dXBDSGc=,2023-06-08 12:23:52.067969
youtube#commentThread,dbHzuQdQFiST5cMKrgxArTVaTuE,UgzAmaLPjU9vr2C8ZNd4AaABAg,"{'videoId': 'ZBaqttk_mG8', 'topLevelComment': {'kind': 'youtube#comment', 'etag': 'CpEYn_0uH2QJALGjqEWUfL1iMok', 'id': 'UgzAmaLPjU9vr2C8ZNd4AaABAg', 'snippet': {'videoId': 'ZBaqttk_mG8', 'textDisplay': 'CENSURA NUNCA MAIS.', 'textOriginal': 'CENSURA NUNCA MAIS.', 'authorDisplayName': 'Carlos Souza', 'authorProfileImageUrl': 'https://yt3.ggpht.com/ytc/AGIKgqNtoLWNWS89yWoQGFrCVzt1QUDHIdkz6dgOYQ=s48-c-k-c0x00ffffff-no-rj', 'authorChannelUrl': 'http://www.youtube.com/channel/UCBQN_EKHW-vJBwHUF8DEWIQ', 'authorChannelId': {'value': 'UCBQN_EKHW-vJBwHUF8DEWIQ'}, 'canRate': True, 'viewerRating': 'none', 'likeCount': 0, 'publishedAt': '2022-10-23T01:39:55Z', 'updatedAt': '2022-10-23T01:39:55Z'}}, 'canReply': True, 'totalReplyCount': 0, 'isPublic': True}",,UCBQN_EKHW-vJBwHUF8DEWIQ,2022-10-23T01:39:55Z,CENSURA NUNCA MAIS.,QURTSl9pMl9XYmNzRkdoMUNySGtqNUs3bUw5emU3M0dDYmk3VTNuOTJmd3MtekN1ZkpvcXJnbEdfYU0tY0I0aDJTanp3UTA2dm1lekRTeVlhNlJRbTE4bnVwcl83dXBDSGc=,2023-06-08 12:23:52.067969
youtube#commentThread,e-DgOEL7gNsDiMikf3rq4Wjm-Zg,Ugwa4ZEs-vECdaiKvoB4AaABAg,"{'videoId': 'ZBaqttk_mG8', 'topLevelComment': {'kind': 'youtube#comment', 'etag': 'WfT0EbXb6SoHEiQlUpmS6XpsBwI', 'id': 'Ugwa4ZEs-vECdaiKvoB4AaABAg', 'snippet': {'videoId': 'ZBaqttk_mG8', 'textDisplay': 'Minha Bandeira jamais será vermelha.', 'textOriginal': 'Minha Bandeira jamais será vermelha.', 'authorDisplayName': 'Carlos Souza', 'authorProfileImageUrl': 'https://yt3.ggpht.com/ytc/AGIKgqNtoLWNWS89yWoQGFrCVzt1QUDHIdkz6dgOYQ=s48-c-k-c0x00ffffff-no-rj', 'authorChannelUrl': 'http://www.youtube.com/channel/UCBQN_EKHW-vJBwHUF8DEWIQ', 'authorChannelId': {'value': 'UCBQN_EKHW-vJBwHUF8DEWIQ'}, 'canRate': True, 'viewerRating': 'none', 'likeCount': 0, 'publishedAt': '2022-10-23T01:39:36Z', 'updatedAt': '2022-10-23T01:39:36Z'}}, 'canReply': True, 'totalReplyCount': 0, 'isPublic': True}",,UCBQN_EKHW-vJBwHUF8DEWIQ,2022-10-23T01:39:36Z,Minha Bandeira jamais será vermelha.,QURTSl9pMl9XYmNzRkdoMUNySGtqNUs3bUw5emU3M0dDYmk3VTNuOTJmd3MtekN1ZkpvcXJnbEdfYU0tY0I0aDJTanp3UTA2dm1lekRTeVlhNlJRbTE4bnVwcl83dXBDSGc=,2023-06-08 12:23:52.067969
youtube#commentThread,HKPd7DTCn2UCmfIplSowq5O0P3U,UgwZPuuEiqDzyPHYVbF4AaABAg,"{'videoId': 'ZBaqttk_mG8', 'topLevelComment': {'kind': 'youtube#comment', 'etag': 'dCv04NNLkgjAATgR--OrHQOQQ0s', 'id': 'UgwZPuuEiqDzyPHYVbF4AaABAg', 'snippet': {'videoId': 'ZBaqttk_mG8', 'textDisplay': '🦆🦆🇧🇷🦆🦆🇧🇷', 'textOriginal': '🦆🦆🇧🇷🦆🦆🇧🇷', 'authorDisplayName': 'Maria Auxiliadora Silva', 'authorProfileImageUrl': 'https://yt3.ggpht.com/4RI4xS-mfBg7v_WYNrFVzXxz3joiqdxidoEr1YsnBGwL9gcU-T2_Jb65idb8sKAldqKl09wSbw=s48-c-k-c0x00ffffff-no-rj', 'authorChannelUrl': 'http://www.youtube.com/channel/UCN-BwBXTxbdxMRNBki_Y91w', 'authorChannelId': {'value': 'UCN-BwBXTxbdxMRNBki_Y91w'}, 'canRate': True, 'viewerRating': 'none', 'likeCount': 0, 'publishedAt': '2022-10-23T01:03:31Z', 'updatedAt': '2022-10-23T01:03:31Z'}}, 'canReply': True, 'totalReplyCount': 0, 'isPublic': True}",,UCN-BwBXTxbdxMRNBki_Y91w,2022-10-23T01:03:31Z,🦆🦆🇧🇷🦆🦆🇧🇷,QURTSl9pMl9XYmNzRkdoMUNySGtqNUs3bUw5emU3M0dDYmk3VTNuOTJmd3MtekN1ZkpvcXJnbEdfYU0tY0I0aDJTanp3UTA2dm1lekRTeVlhNlJRbTE4bnVwcl83dXBDSGc=,2023-06-08 12:23:52.067969
youtube#commentThread,V4j7abt-sVoeEfJRdEhGpiDclXQ,Ugw_1IC0LEmJ_jRMw_94AaABAg,"{'videoId': 'ZBaqttk_mG8', 'topLevelComment': {'kind': 'youtube#comment', 'etag': 'DPKcm5mf3wIwYtVM0wqMrm6WQeY', 'id': 'Ugw_1IC0LEmJ_jRMw_94AaABAg', 'snippet': {'videoId': 'ZBaqttk_mG8', 'textDisplay': 'Muito bem presidente 🇧🇷🇧🇷🇧🇷🇧🇷🇧🇷2️⃣2️⃣', 'textOriginal': 'Muito bem presidente 🇧🇷🇧🇷🇧🇷🇧🇷🇧🇷2️⃣2️⃣', 'authorDisplayName': 'Jacinta Silva', 'authorProfileImageUrl': 'https://yt3.ggpht.com/ytc/AGIKgqOiMw0f2He29ixBY8Mpp6A9bzXPK0-Um9bGtw=s48-c-k-c0x00ffffff-no-rj', 'authorChannelUrl': 'http://www.youtube.com/channel/UC8MuoFml97-HG1rQYcwt_QQ', 'authorChannelId': {'value': 'UC8MuoFml97-HG1rQYcwt_QQ'}, 'canRate': True, 'viewerRating': 'none', 'likeCount': 0, 'publishedAt': '2022-10-22T22:36:20Z', 'updatedAt': '2022-10-22T22:36:20Z'}}, 'canReply': True, 'totalReplyCount': 0, 'isPublic': True}",,UC8MuoFml97-HG1rQYcwt_QQ,2022-10-22T22:36:20Z,Muito bem presidente 🇧🇷🇧🇷🇧🇷🇧🇷🇧🇷2️⃣2️⃣,QURTSl9pMl9XYmNzRkdoMUNySGtqNUs3bUw5emU3M0dDYmk3VTNuOTJmd3MtekN1ZkpvcXJnbEdfYU0tY0I0aDJTanp3UTA2dm1lekRTeVlhNlJRbTE4bnVwcl83dXBDSGc=,2023-06-08 12:23:52.067969
youtube#commentThread,Cz7e2Woe7LDBRRv1yscNfT4Szvs,UgylhDqWfCb74mZ-XzB4AaABAg,"{'videoId': 'ZBaqttk_mG8', 'topLevelComment': {'kind': 'youtube#comment', 'etag': 'WqFtMLSVCoRbeTqVacljflt1Co8', 'id': 'UgylhDqWfCb74mZ-XzB4AaABAg', 'snippet': {'videoId': 'ZBaqttk_mG8', 'textDisplay': 'ESTAMOS 💚 JUNTOS COM O CAPITÃO DO POVO E SUA EQUIPE!!  NUNCA PENSAMOS QUE PUDÉSSEMOS PRESENCIAR ESSA VERGONHA DE  CENSURA  DOS TOGADOS ÀS INFORMAÇÕES NO  BRASIL-- QUEREM NOS MANOBRAR COM MENTIRAS! É INACEITÁVEL, TODOS DEVEM SER CASSADOS!   MAS,  A VITÓRIA É DO BRASIL!!', 'textOriginal': 'ESTAMOS 💚 JUNTOS COM O CAPITÃO DO POVO E SUA EQUIPE!!  NUNCA PENSAMOS QUE PUDÉSSEMOS PRESENCIAR ESSA VERGONHA DE  CENSURA  DOS TOGADOS ÀS INFORMAÇÕES NO  BRASIL-- QUEREM NOS MANOBRAR COM MENTIRAS! É INACEITÁVEL, TODOS DEVEM SER CASSADOS!   MAS,  A VITÓRIA É DO BRASIL!!', 'authorDisplayName': 'Neuza Carvalho Caffaro', 'authorProfileImageUrl': 'https://yt3.ggpht.com/ytc/AGIKgqPn61ZHj53_x6K4nXMmgyTt-Nui7yK1N-E4Fw=s48-c-k-c0x00ffffff-no-rj', 'authorChannelUrl': 'http://www.youtube.com/channel/UCdGfDEh5DGi1p9e9zFgAzVg', 'authorChannelId': {'value': 'UCdGfDEh5DGi1p9e9zFgAzVg'}, 'canRate': True, 'viewerRating': 'none', 'likeCount': 0, 'publishedAt': '2022-10-22T21:59:20Z', 'updatedAt': '2022-10-22T22:07:44Z'}}, 'canReply': True, 'totalReplyCount': 0, 'isPublic': True}",,UCdGfDEh5DGi1p9e9zFgAzVg,2022-10-22T21:59:20Z,"ESTAMOS 💚 JUNTOS COM O CAPITÃO DO POVO E SUA EQUIPE!!  NUNCA PENSAMOS QUE PUDÉSSEMOS PRESENCIAR ESSA VERGONHA DE  CENSURA  DOS TOGADOS ÀS INFORMAÇÕES NO  BRASIL-- QUEREM NOS MANOBRAR COM MENTIRAS! É INACEITÁVEL, TODOS DEVEM SER CASSADOS!   MAS,  A VITÓRIA É DO BRASIL!!",QURTSl9pMl9XYmNzRkdoMUNySGtqNUs3bUw5emU3M0dDYmk3VTNuOTJmd3MtekN1ZkpvcXJnbEdfYU0tY0I0aDJTanp3UTA2dm1lekRTeVlhNlJRbTE4bnVwcl83dXBDSGc=,2023-06-08 12:23:52.067969
youtube#commentThread,n45eqeyK4Go3ZX-YGhLNPWxt6wA,UgxslpBKymWspIEv8_t4AaABAg,"{'videoId': 'ZBaqttk_mG8', 'topLevelComment': {'kind': 'youtube#comment', 'etag': 'b4uPpT3R4Fpq8VvSZBjDWnSV4FU', 'id': 'UgxslpBKymWspIEv8_t4AaABAg', 'snippet': {'videoId': 'ZBaqttk_mG8', 'textDisplay': 'Lula tá apelando, isso é desespero porque, sabe que sua campanha ao Planalto subiu no telhado', 'textOriginal': 'Lula tá apelando, isso é desespero porque, sabe que sua campanha ao Planalto subiu no telhado', 'authorDisplayName': 'Eriston Silva', 'authorProfileImageUrl': 'https://yt3.ggpht.com/ytc/AGIKgqPtXbtAIHEiyDQyAvcIb0GHzrAEHff6eZrReA=s48-c-k-c0x00ffffff-no-rj', 'authorChannelUrl': 'http://www.youtube.com/channel/UCM5m1p6rj5wkB_8OE-pPlEw', 'authorChannelId': {'value': 'UCM5m1p6rj5wkB_8OE-pPlEw'}, 'canRate': True, 'viewerRating': 'none', 'likeCount': 0, 'publishedAt': '2022-10-22T18:11:17Z', 'updatedAt': '2022-10-22T18:11:17Z'}}, 'canReply': True, 'totalReplyCount': 0, 'isPublic': True}",,UCM5m1p6rj5wkB_8OE-pPlEw,2022-10-22T18:11:17Z,"Lula tá apelando, isso é desespero porque, sabe que sua campanha ao Planalto subiu no telhado",QURTSl9pMl9XYmNzRkdoMUNySGtqNUs3bUw5emU3M0dDYmk3VTNuOTJmd3MtekN1ZkpvcXJnbEdfYU0tY0I0aDJTanp3UTA2dm1lekRTeVlhNlJRbTE4bnVwcl83dXBDSGc=,2023-06-08 12:23:52.067969
youtube#commentThread,R3WnBjL5Nn10nMYuC-Lict_xOWc,Ugwy5Q3v-vgB7S-AApp4AaABAg,"{'videoId': 'ZBaqttk_mG8', 'topLevelComment': {'kind': 'youtube#comment', 'etag': 'tXMavJXq-hC-y70uqtvH-CcMp0k', 'id': 'Ugwy5Q3v-vgB7S-AApp4AaABAg', 'snippet': {'videoId': 'ZBaqttk_mG8', 'textDisplay': 'Sou mineira vivendo em outro Estado, e, repu dio vergonhosa molecagem desse janones ex- sindicalista q. tenta fazer a cabeça do mineiro desinformado!', 'textOriginal': 'Sou mineira vivendo em outro Estado, e, repu dio vergonhosa molecagem desse janones ex- sindicalista q. tenta fazer a cabeça do mineiro desinformado!', 'authorDisplayName': 'Odete Pedrosa', 'authorProfileImageUrl': 'https://yt3.ggpht.com/ytc/AGIKgqPFNRlXgOI9vPngdQ1bexrCWOEz42-j6j_YBXdwsw=s48-c-k-c0x00ffffff-no-rj', 'authorChannelUrl': 'http://www.youtube.com/channel/UCKGiBWmon87qyFh-Dt5XCuQ', 'authorChannelId': {'value': 'UCKGiBWmon87qyFh-Dt5XCuQ'}, 'canRate': True, 'viewerRating': 'none', 'likeCount': 0, 'publishedAt': '2022-10-22T15:39:28Z', 'updatedAt': '2022-10-22T15:41:16Z'}}, 'canReply': True, 'totalReplyCount': 0, 'isPublic': True}",,UCKGiBWmon87qyFh-Dt5XCuQ,2022-10-22T15:39:28Z,"Sou mineira vivendo em outro Estado, e, repu dio vergonhosa molecagem desse janones ex- sindicalista q. tenta fazer a cabeça do mineiro desinformado!",QURTSl9pMl9XYmNzRkdoMUNySGtqNUs3bUw5emU3M0dDYmk3VTNuOTJmd3MtekN1ZkpvcXJnbEdfYU0tY0I0aDJTanp3UTA2dm1lekRTeVlhNlJRbTE4bnVwcl83dXBDSGc=,2023-06-08 12:23:52.067969
youtube#commentThread,5H6nxioHZ53EY7WVEqs0xWRs5No,UgzXvjgs1dQFS8-AHnR4AaABAg,"{'videoId': 'ZBaqttk_mG8', 'topLevelComment': {'kind': 'youtube#comment', 'etag': 'HK55IMMZunQqiAzyxajlzUdCSBc', 'id': 'UgzXvjgs1dQFS8-AHnR4AaABAg', 'snippet': {'videoId': 'ZBaqttk_mG8', 'textDisplay': 'Enfelismente existe esse pessoal que sempre fez isso implantando mentiras e tem gente que acredita  a vida toda atrapalhando o trabalho do presidente Bonsonaro', 'textOriginal': 'Enfelismente existe esse pessoal que sempre fez isso implantando mentiras e tem gente que acredita  a vida toda atrapalhando o trabalho do presidente Bonsonaro', 'authorDisplayName': 'Jose Tiago', 'authorProfileImageUrl': 'https://yt3.ggpht.com/ytc/AGIKgqPHmxR2-ias4ZDaVnqs-RXvI371lJGSrIAKoIHU=s48-c-k-c0x00ffffff-no-rj', 'authorChannelUrl': 'http://www.youtube.com/channel/UCbL7krzyHazpq4X12w6VC9w', 'authorChannelId': {'value': 'UCbL7krzyHazpq4X12w6VC9w'}, 'canRate': True, 'viewerRating': 'none', 'likeCount': 0, 'publishedAt': '2022-10-22T13:05:16Z', 'updatedAt': '2022-10-22T13:05:16Z'}}, 'canReply': True, 'totalReplyCount': 0, 'isPublic': True}",,UCbL7krzyHazpq4X12w6VC9w,2022-10-22T13:05:16Z,Enfelismente existe esse pessoal que sempre fez isso implantando mentiras e tem gente que acredita  a vida toda atrapalhando o trabalho do presidente Bonsonaro,QURTSl9pMl9XYmNzRkdoMUNySGtqNUs3bUw5emU3M0dDYmk3VTNuOTJmd3MtekN1ZkpvcXJnbEdfYU0tY0I0aDJTanp3UTA2dm1lekRTeVlhNlJRbTE4bnVwcl83dXBDSGc=,2023-06-08 12:23:52.067969
youtube#commentThread,CXV1mQahJve-ivil1XDLU_W40VM,UgxWEtO28H80pR8qLrZ4AaABAg,"{'videoId': 'ZBaqttk_mG8', 'topLevelComment': {'kind': 'youtube#comment', 'etag': '2g9UHD5F6HuILm8rVKoOkuIrIcE', 'id': 'UgxWEtO28H80pR8qLrZ4AaABAg', 'snippet': {'videoId': 'ZBaqttk_mG8', 'textDisplay': 'Deus abençoe ó nosso Brasil para contra sensura do STF PCdoB PDT e PT TSE', 'textOriginal': 'Deus abençoe ó nosso Brasil para contra sensura do STF PCdoB PDT e PT TSE', 'authorDisplayName': 'Isaias Sales', 'authorProfileImageUrl': 'https://yt3.ggpht.com/ytc/AGIKgqOy6eoFb_eLExFGRnk7duq0Bfj8Dx_hG98-oQ=s48-c-k-c0x00ffffff-no-rj', 'authorChannelUrl': 'http://www.youtube.com/channel/UCpGJX8lkoI9dt73G31kVp4A', 'authorChannelId': {'value': 'UCpGJX8lkoI9dt73G31kVp4A'}, 'canRate': True, 'viewerRating': 'none', 'likeCount': 0, 'publishedAt': '2022-10-22T13:04:01Z', 'updatedAt': '2022-10-22T13:04:01Z'}}, 'canReply': True, 'totalReplyCount': 0, 'isPublic': True}",,UCpGJX8lkoI9dt73G31kVp4A,2022-10-22T13:04:01Z,Deus abençoe ó nosso Brasil para contra sensura do STF PCdoB PDT e PT TSE,QURTSl9pMl9XYmNzRkdoMUNySGtqNUs3bUw5emU3M0dDYmk3VTNuOTJmd3MtekN1ZkpvcXJnbEdfYU0tY0I0aDJTanp3UTA2dm1lekRTeVlhNlJRbTE4bnVwcl83dXBDSGc=,2023-06-08 12:23:52.067969
youtube#commentThread,1kWDYpaNzkdY4pmhk-ZIuryCcmY,UgwQFrKCPLl4HQzc5Al4AaABAg,"{'videoId': 'ZBaqttk_mG8', 'topLevelComment': {'kind': 'youtube#comment', 'etag': 'EGRMv0Yr1Sp9ffXA6y1PnXEzQX0', 'id': 'UgwQFrKCPLl4HQzc5Al4AaABAg', 'snippet': {'videoId': 'ZBaqttk_mG8', 'textDisplay': 'AGORA SO QUERERENDO   MALDADE  COM NOSSO GOVERNO BOLSOBARIO  NUNCA MENTIU PARA NÓS  VAMOS  VENCER  AGORA  É 22 22', 'textOriginal': 'AGORA SO QUERERENDO   MALDADE  COM NOSSO GOVERNO BOLSOBARIO  NUNCA MENTIU PARA NÓS  VAMOS  VENCER  AGORA  É 22 22', 'authorDisplayName': 'REGINA DEGEL', 'authorProfileImageUrl': 'https://yt3.ggpht.com/ytc/AGIKgqNEAtSia43cJeiMiOEeEYz-sd8gZExzxfDQ9Q=s48-c-k-c0x00ffffff-no-rj', 'authorChannelUrl': 'http://www.youtube.com/channel/UCOKIFzvEEqQ8Mcj5fOFxt1A', 'authorChannelId': {'value': 'UCOKIFzvEEqQ8Mcj5fOFxt1A'}, 'canRate': True, 'viewerRating': 'none', 'likeCount': 0, 'publishedAt': '2022-10-22T12:49:43Z', 'updatedAt': '2022-10-22T12:49:43Z'}}, 'canReply': True, 'totalReplyCount': 0, 'isPublic': True}",,UCOKIFzvEEqQ8Mcj5fOFxt1A,2022-10-22T12:49:43Z,AGORA SO QUERERENDO   MALDADE  COM NOSSO GOVERNO BOLSOBARIO  NUNCA MENTIU PARA NÓS  VAMOS  VENCER  AGORA  É 22 22,QURTSl9pMl9XYmNzRkdoMUNySGtqNUs3bUw5emU3M0dDYmk3VTNuOTJmd3MtekN1ZkpvcXJnbEdfYU0tY0I0aDJTanp3UTA2dm1lekRTeVlhNlJRbTE4bnVwcl83dXBDSGc=,2023-06-08 12:23:52.067969
youtube#commentThread,LDjbOF-7LBBNhuEHrGxNFGTwWds,UgxUnLp3aZ_W6RGPIXF4AaABAg,"{'videoId': 'ZBaqttk_mG8', 'topLevelComment': {'kind': 'youtube#comment', 'etag': 'OCj9AMwWNoZpWIvDj08QFTMfrbY', 'id': 'UgxUnLp3aZ_W6RGPIXF4AaABAg', 'snippet': {'videoId': 'ZBaqttk_mG8', 'textDisplay': 'EU CONFIO EM PAULIO  QUEDE BRASIL   TEM TANTO DINHEIRO  QUE ELE PT NUNCA  AJUDOU NÓS SO GOSTAVA  DE LEVAR  ATÉ  AUXÍLIO  EMERGÊNCIA  PARA POVO  BOLSONARIO DEU TEMOS DIREITO  PORQUE  O DINHEIRO  É NOSSO', 'textOriginal': 'EU CONFIO EM PAULIO  QUEDE BRASIL   TEM TANTO DINHEIRO  QUE ELE PT NUNCA  AJUDOU NÓS SO GOSTAVA  DE LEVAR  ATÉ  AUXÍLIO  EMERGÊNCIA  PARA POVO  BOLSONARIO DEU TEMOS DIREITO  PORQUE  O DINHEIRO  É NOSSO', 'authorDisplayName': 'REGINA DEGEL', 'authorProfileImageUrl': 'https://yt3.ggpht.com/ytc/AGIKgqNEAtSia43cJeiMiOEeEYz-sd8gZExzxfDQ9Q=s48-c-k-c0x00ffffff-no-rj', 'authorChannelUrl': 'http://www.youtube.com/channel/UCOKIFzvEEqQ8Mcj5fOFxt1A', 'authorChannelId': {'value': 'UCOKIFzvEEqQ8Mcj5fOFxt1A'}, 'canRate': True, 'viewerRating': 'none', 'likeCount': 0, 'publishedAt': '2022-10-22T12:47:02Z', 'updatedAt': '2022-10-22T12:47:02Z'}}, 'canReply': True, 'totalReplyCount': 0, 'isPublic': True}",,UCOKIFzvEEqQ8Mcj5fOFxt1A,2022-10-22T12:47:02Z,EU CONFIO EM PAULIO  QUEDE BRASIL   TEM TANTO DINHEIRO  QUE ELE PT NUNCA  AJUDOU NÓS SO GOSTAVA  DE LEVAR  ATÉ  AUXÍLIO  EMERGÊNCIA  PARA POVO  BOLSONARIO DEU TEMOS DIREITO  PORQUE  O DINHEIRO  É NOSSO,QURTSl9pMl9XYmNzRkdoMUNySGtqNUs3bUw5emU3M0dDYmk3VTNuOTJmd3MtekN1ZkpvcXJnbEdfYU0tY0I0aDJTanp3UTA2dm1lekRTeVlhNlJRbTE4bnVwcl83dXBDSGc=,2023-06-08 12:23:52.067969
youtube#commentThread,I9uDCyh0VWt7hCAtDwaDuHms3uI,Ugyvdfx-Wkv0LUu0SyF4AaABAg,"{'videoId': 'ZBaqttk_mG8', 'topLevelComment': {'kind': 'youtube#comment', 'etag': 'azRV2K1ugePISCwXB3Az5x6eRi4', 'id': 'Ugyvdfx-Wkv0LUu0SyF4AaABAg', 'snippet': {'videoId': 'ZBaqttk_mG8', 'textDisplay': 'ESTÃO  COM MEDO DA NOSSA VITÓRIA  DEUS VAI ESTA NO PODER   VAMIS LAVAR  AGORA   22 22', 'textOriginal': 'ESTÃO  COM MEDO DA NOSSA VITÓRIA  DEUS VAI ESTA NO PODER   VAMIS LAVAR  AGORA   22 22', 'authorDisplayName': 'REGINA DEGEL', 'authorProfileImageUrl': 'https://yt3.ggpht.com/ytc/AGIKgqNEAtSia43cJeiMiOEeEYz-sd8gZExzxfDQ9Q=s48-c-k-c0x00ffffff-no-rj', 'authorChannelUrl': 'http://www.youtube.com/channel/UCOKIFzvEEqQ8Mcj5fOFxt1A', 'authorChannelId': {'value': 'UCOKIFzvEEqQ8Mcj5fOFxt1A'}, 'canRate': True, 'viewerRating': 'none', 'likeCount': 0, 'publishedAt': '2022-10-22T12:43:14Z', 'updatedAt': '2022-10-22T12:43:14Z'}}, 'canReply': True, 'totalReplyCount': 0, 'isPublic': True}",,UCOKIFzvEEqQ8Mcj5fOFxt1A,2022-10-22T12:43:14Z,ESTÃO  COM MEDO DA NOSSA VITÓRIA  DEUS VAI ESTA NO PODER   VAMIS LAVAR  AGORA   22 22,QURTSl9pMl9XYmNzRkdoMUNySGtqNUs3bUw5emU3M0dDYmk3VTNuOTJmd3MtekN1ZkpvcXJnbEdfYU0tY0I0aDJTanp3UTA2dm1lekRTeVlhNlJRbTE4bnVwcl83dXBDSGc=,2023-06-08 12:23:52.067969
youtube#commentThread,PCZVDVvnKGn9Se-ZPkR8uMj5bXY,UgzRhnU5klzwKKFdksB4AaABAg,"{'videoId': 'ZBaqttk_mG8', 'topLevelComment': {'kind': 'youtube#comment', 'etag': 'nl4SIJvO42EXpBuG2cOfmwiC1gM', 'id': 'UgzRhnU5klzwKKFdksB4AaABAg', 'snippet': {'videoId': 'ZBaqttk_mG8', 'textDisplay': 'ESQUERDA  TEM O PRAZER DE SUJAR  I PRESIDENTE ACORDA  BRASIL', 'textOriginal': 'ESQUERDA  TEM O PRAZER DE SUJAR  I PRESIDENTE ACORDA  BRASIL', 'authorDisplayName': 'REGINA DEGEL', 'authorProfileImageUrl': 'https://yt3.ggpht.com/ytc/AGIKgqNEAtSia43cJeiMiOEeEYz-sd8gZExzxfDQ9Q=s48-c-k-c0x00ffffff-no-rj', 'authorChannelUrl': 'http://www.youtube.com/channel/UCOKIFzvEEqQ8Mcj5fOFxt1A', 'authorChannelId': {'value': 'UCOKIFzvEEqQ8Mcj5fOFxt1A'}, 'canRate': True, 'viewerRating': 'none', 'likeCount': 0, 'publishedAt': '2022-10-22T12:41:58Z', 'updatedAt': '2022-10-22T12:41:58Z'}}, 'canReply': True, 'totalReplyCount': 0, 'isPublic': True}",,UCOKIFzvEEqQ8Mcj5fOFxt1A,2022-10-22T12:41:58Z,ESQUERDA  TEM O PRAZER DE SUJAR  I PRESIDENTE ACORDA  BRASIL,QURTSl9pMl9XYmNzRkdoMUNySGtqNUs3bUw5emU3M0dDYmk3VTNuOTJmd3MtekN1ZkpvcXJnbEdfYU0tY0I0aDJTanp3UTA2dm1lekRTeVlhNlJRbTE4bnVwcl83dXBDSGc=,2023-06-08 12:23:52.067969
youtube#commentThread,Ba6F-beyEtBbFuCnu08EvoLVtOA,UgyYY80C18mVrdwBpKp4AaABAg,"{'videoId': 'ZBaqttk_mG8', 'topLevelComment': {'kind': 'youtube#comment', 'etag': '67o00BCYWI8AW3mfMXlf08dfHAM', 'id': 'UgyYY80C18mVrdwBpKp4AaABAg', 'snippet': {'videoId': 'ZBaqttk_mG8', 'textDisplay': 'Galera temos de nos unir e virar votos pro seu Jair. Não podemos deixar o larápio voltar.', 'textOriginal': 'Galera temos de nos unir e virar votos pro seu Jair. Não podemos deixar o larápio voltar.', 'authorDisplayName': 'Asgard Skulld', 'authorProfileImageUrl': 'https://yt3.ggpht.com/ytc/AGIKgqP-DGEbaHTP6nxeoHsBTgMqf99OiUgqERlc9w=s48-c-k-c0x00ffffff-no-rj', 'authorChannelUrl': 'http://www.youtube.com/channel/UCgg9VbTBZ-ws8ZjROqaDNAg', 'authorChannelId': {'value': 'UCgg9VbTBZ-ws8ZjROqaDNAg'}, 'canRate': True, 'viewerRating': 'none', 'likeCount': 0, 'publishedAt': '2022-10-22T12:36:11Z', 'updatedAt': '2022-10-22T12:36:11Z'}}, 'canReply': True, 'totalReplyCount': 0, 'isPublic': True}",,UCgg9VbTBZ-ws8ZjROqaDNAg,2022-10-22T12:36:11Z,Galera temos de nos unir e virar votos pro seu Jair. Não podemos deixar o larápio voltar.,QURTSl9pMl9XYmNzRkdoMUNySGtqNUs3bUw5emU3M0dDYmk3VTNuOTJmd3MtekN1ZkpvcXJnbEdfYU0tY0I0aDJTanp3UTA2dm1lekRTeVlhNlJRbTE4bnVwcl83dXBDSGc=,2023-06-08 12:23:52.067969
youtube#commentThread,FGqdoAIgpZvIIrgWWYiVE-sXxnM,UgzMO3ccwKkKQmSiPrN4AaABAg,"{'videoId': 'ZBaqttk_mG8', 'topLevelComment': {'kind': 'youtube#comment', 'etag': 'dVlDb2vkIx4wYmXdxHqDJ0n6rV0', 'id': 'UgzMO3ccwKkKQmSiPrN4AaABAg', 'snippet': {'videoId': 'ZBaqttk_mG8', 'textDisplay': 'bolsonaro 22 22 22 22', 'textOriginal': 'bolsonaro 22 22 22 22', 'authorDisplayName': 'sergioviegas livio', 'authorProfileImageUrl': 'https://yt3.ggpht.com/ytc/AGIKgqMF0s0190P79SXiknAzW_mFW0yePsPgC419zYszcjwN2NNe4yCh-zWiTT2n78gp=s48-c-k-c0x00ffffff-no-rj', 'authorChannelUrl': 'http://www.youtube.com/channel/UCi7TSw5D7WM1UYffQDxOQrQ', 'authorChannelId': {'value': 'UCi7TSw5D7WM1UYffQDxOQrQ'}, 'canRate': True, 'viewerRating': 'none', 'likeCount': 0, 'publishedAt': '2022-10-22T10:51:56Z', 'updatedAt': '2022-10-22T10:51:56Z'}}, 'canReply': True, 'totalReplyCount': 0, 'isPublic': True}",,UCi7TSw5D7WM1UYffQDxOQrQ,2022-10-22T10:51:56Z,bolsonaro 22 22 22 22,QURTSl9pMl9XYmNzRkdoMUNySGtqNUs3bUw5emU3M0dDYmk3VTNuOTJmd3MtekN1ZkpvcXJnbEdfYU0tY0I0aDJTanp3UTA2dm1lekRTeVlhNlJRbTE4bnVwcl83dXBDSGc=,2023-06-08 12:23:52.067969
youtube#commentThread,bY6r4J1rdO4fVcS-yhjBRS5bjiA,Ugx5XNZFj3jmMqW5wwJ4AaABAg,"{'videoId': 'ZBaqttk_mG8', 'topLevelComment': {'kind': 'youtube#comment', 'etag': '3OeN7Z8UKGa5-ZMY474yUgv4MEs', 'id': 'Ugx5XNZFj3jmMqW5wwJ4AaABAg', 'snippet': {'videoId': 'ZBaqttk_mG8', 'textDisplay': 'LAMENTÁVEL. <br>ESSA ESQUERDA É UMA VERGONHA PARA A NAÇÃO BRASILEIRA,  BAIXARIA TOTAL, SÓ DESGRAÇAS.<br>CADA UM DÁ O QUE TEM.<br>A VERDADE SEMPRE APARECE. <br>COM DEUS NÃO SE BRINCA.  <br>DEUS É JUSTIÇA!!!!', 'textOriginal': 'LAMENTÁVEL. \\nESSA ESQUERDA É UMA VERGONHA PARA A NAÇÃO BRASILEIRA,  BAIXARIA TOTAL, SÓ DESGRAÇAS.\\nCADA UM DÁ O QUE TEM.\\nA VERDADE SEMPRE APARECE. \\nCOM DEUS NÃO SE BRINCA.  \\nDEUS É JUSTIÇA!!!!', 'authorDisplayName': 'Elizama Pereira', 'authorProfileImageUrl': 'https://yt3.ggpht.com/ytc/AGIKgqM9T-Uy14VjEjv0RSzaRhV_OIgAMQpGISxxmw=s48-c-k-c0x00ffffff-no-rj', 'authorChannelUrl': 'http://www.youtube.com/channel/UCV8kdHUYdgMY-AAWPs3_VRQ', 'authorChannelId': {'value': 'UCV8kdHUYdgMY-AAWPs3_VRQ'}, 'canRate': True, 'viewerRating': 'none', 'likeCount': 0, 'publishedAt': '2022-10-22T10:22:12Z', 'updatedAt': '2022-10-22T10:22:12Z'}}, 'canReply': True, 'totalReplyCount': 0, 'isPublic': True}",,UCV8kdHUYdgMY-AAWPs3_VRQ,2022-10-22T10:22:12Z,"LAMENTÁVEL. 
ESSA ESQUERDA É UMA VERGONHA PARA A NAÇÃO BRASILEIRA,  BAIXARIA TOTAL, SÓ DESGRAÇAS.
CADA UM DÁ O QUE TEM.
A VERDADE SEMPRE APARECE. 
COM DEUS NÃO SE BRINCA.  
DEUS É JUSTIÇA!!!!",QURTSl9pMl9XYmNzRkdoMUNySGtqNUs3bUw5emU3M0dDYmk3VTNuOTJmd3MtekN1ZkpvcXJnbEdfYU0tY0I0aDJTanp3UTA2dm1lekRTeVlhNlJRbTE4bnVwcl83dXBDSGc=,2023-06-08 12:23:52.067969
youtube#commentThread,uLCl4ex9iIMd2GNterPiosyYQmw,UgzenaYS7Q6AU62-aSF4AaABAg,"{'videoId': 'ZBaqttk_mG8', 'topLevelComment': {'kind': 'youtube#comment', 'etag': 'csUFiSXWHav5l39OKrFiEiweCZk', 'id': 'UgzenaYS7Q6AU62-aSF4AaABAg', 'snippet': {'videoId': 'ZBaqttk_mG8', 'textDisplay': 'A Globo fazia o sinal da cruz quando o Presidente Bolsonaro ganhou as eleições. Acreditando que seriam perseguidos ou temendo a volta dos militares 🤔 Olhem isso que está acontecendo com o Brasil 🤫🤐✍🏻 Um ministro está CENSURANDO a mídia. E a autoridade maior é o Presidente da República 🇧🇷 NÃO um ministro. Aqui não é a Europa 🤷🏻\\u200d♀️', 'textOriginal': 'A Globo fazia o sinal da cruz quando o Presidente Bolsonaro ganhou as eleições. Acreditando que seriam perseguidos ou temendo a volta dos militares 🤔 Olhem isso que está acontecendo com o Brasil 🤫🤐✍🏻 Um ministro está CENSURANDO a mídia. E a autoridade maior é o Presidente da República 🇧🇷 NÃO um ministro. Aqui não é a Europa 🤷🏻\\u200d♀️', 'authorDisplayName': 'Dora Maria', 'authorProfileImageUrl': 'https://yt3.ggpht.com/ytc/AGIKgqOwj4RhFL1KIjUai47QsexL70z42608SjzStIYzGxg=s48-c-k-c0x00ffffff-no-rj', 'authorChannelUrl': 'http://www.youtube.com/channel/UCiVlVTrHhmW9XnweD3qcFxg', 'authorChannelId': {'value': 'UCiVlVTrHhmW9XnweD3qcFxg'}, 'canRate': True, 'viewerRating': 'none', 'likeCount': 0, 'publishedAt': '2022-10-22T10:22:00Z', 'updatedAt': '2022-10-22T10:22:00Z'}}, 'canReply': True, 'totalReplyCount': 0, 'isPublic': True}",,UCiVlVTrHhmW9XnweD3qcFxg,2022-10-22T10:22:00Z,A Globo fazia o sinal da cruz quando o Presidente Bolsonaro ganhou as eleições. Acreditando que seriam perseguidos ou temendo a volta dos militares 🤔 Olhem isso que está acontecendo com o Brasil 🤫🤐✍🏻 Um ministro está CENSURANDO a mídia. E a autoridade maior é o Presidente da República 🇧🇷 NÃO um ministro. Aqui não é a Europa 🤷🏻‍♀️,QURTSl9pMl9XYmNzRkdoMUNySGtqNUs3bUw5emU3M0dDYmk3VTNuOTJmd3MtekN1ZkpvcXJnbEdfYU0tY0I0aDJTanp3UTA2dm1lekRTeVlhNlJRbTE4bnVwcl83dXBDSGc=,2023-06-08 12:23:52.067969
youtube#commentThread,PASsFYyYAfhWbF5Mud9egsDDSpc,Ugzg7YxeEbbISVyUt1p4AaABAg,"{'videoId': 'ZBaqttk_mG8', 'topLevelComment': {'kind': 'youtube#comment', 'etag': '30LErJtOzkCHlIujZv4Se_p1h8s', 'id': 'Ugzg7YxeEbbISVyUt1p4AaABAg', 'snippet': {'videoId': 'ZBaqttk_mG8', 'textDisplay': 'Presidente, temos o exemplo do nordeste que sempre votou p.t. e sempre conviveu com toda sorte de miséria lá! 22🇧🇷🇧🇷🇧🇷🇧🇷🇧🇷👊👊', 'textOriginal': 'Presidente, temos o exemplo do nordeste que sempre votou p.t. e sempre conviveu com toda sorte de miséria lá! 22🇧🇷🇧🇷🇧🇷🇧🇷🇧🇷👊👊', 'authorDisplayName': 'João Carlos Jow', 'authorProfileImageUrl': 'https://yt3.ggpht.com/ytc/AGIKgqPRSFaNuN3KLm47DYe_kvdZ6FWr-zCl3nwk6lpi6A=s48-c-k-c0x00ffffff-no-rj', 'authorChannelUrl': 'http://www.youtube.com/channel/UCyvhbAOmG45HmX_5iI8861w', 'authorChannelId': {'value': 'UCyvhbAOmG45HmX_5iI8861w'}, 'canRate': True, 'viewerRating': 'none', 'likeCount': 0, 'publishedAt': '2022-10-22T09:56:33Z', 'updatedAt': '2022-10-22T09:56:33Z'}}, 'canReply': True, 'totalReplyCount': 0, 'isPublic': True}",,UCyvhbAOmG45HmX_5iI8861w,2022-10-22T09:56:33Z,"Presidente, temos o exemplo do nordeste que sempre votou p.t. e sempre conviveu com toda sorte de miséria lá! 22🇧🇷🇧🇷🇧🇷🇧🇷🇧🇷👊👊",QURTSl9pMl9XYmNzRkdoMUNySGtqNUs3bUw5emU3M0dDYmk3VTNuOTJmd3MtekN1ZkpvcXJnbEdfYU0tY0I0aDJTanp3UTA2dm1lekRTeVlhNlJRbTE4bnVwcl83dXBDSGc=,2023-06-08 12:23:52.067969
youtube#commentThread,nm0tcaPO0vZtZ9RUNdtID_gVwTk,Ugx0_5cnnpFWhUfT-0R4AaABAg,"{'videoId': 'ZBaqttk_mG8', 'topLevelComment': {'kind': 'youtube#comment', 'etag': '6GReawb2V_-TKRTlCkokz5oP8QQ', 'id': 'Ugx0_5cnnpFWhUfT-0R4AaABAg', 'snippet': {'videoId': 'ZBaqttk_mG8', 'textDisplay': 'Essa censura foi um tiro no pé do Lula, o que o Bolsonaro sempre falou que ele  ( Lula) um dia iria fazer......agora o Lula fez..... isso não é legal, mas para os petistas foi bem feito......continuem do lado errado, pois o chicote que bate em Francisco, bate em João, em Pedro e assim por diante, a direita já avisava há muito tempo que o Lula iria fazer isso e muito mais, aquele homem não presta. Meu voto será Bolsonaro novamente 💚🇧🇷💛.', 'textOriginal': 'Essa censura foi um tiro no pé do Lula, o que o Bolsonaro sempre falou que ele  ( Lula) um dia iria fazer......agora o Lula fez..... isso não é legal, mas para os petistas foi bem feito......continuem do lado errado, pois o chicote que bate em Francisco, bate em João, em Pedro e assim por diante, a direita já avisava há muito tempo que o Lula iria fazer isso e muito mais, aquele homem não presta. Meu voto será Bolsonaro novamente 💚🇧🇷💛.', 'authorDisplayName': 'kelli cristina', 'authorProfileImageUrl': 'https://yt3.ggpht.com/ytc/AGIKgqM6cYc891UhwVXY-vIKtgCJLgjxD1l1u_I-lg=s48-c-k-c0x00ffffff-no-rj', 'authorChannelUrl': 'http://www.youtube.com/channel/UCjA5SCHEaNSgcSle3_gwA4w', 'authorChannelId': {'value': 'UCjA5SCHEaNSgcSle3_gwA4w'}, 'canRate': True, 'viewerRating': 'none', 'likeCount': 0, 'publishedAt': '2022-10-22T09:04:51Z', 'updatedAt': '2022-10-22T09:04:51Z'}}, 'canReply': True, 'totalReplyCount': 0, 'isPublic': True}",,UCjA5SCHEaNSgcSle3_gwA4w,2022-10-22T09:04:51Z,"Essa censura foi um tiro no pé do Lula, o que o Bolsonaro sempre falou que ele  ( Lula) um dia iria fazer......agora o Lula fez..... isso não é legal, mas para os petistas foi bem feito......continuem do lado errado, pois o chicote que bate em Francisco, bate em João, em Pedro e assim por diante, a direita já avisava há muito tempo que o Lula iria fazer isso e muito mais, aquele homem não presta. Meu voto será Bolsonaro novamente 💚🇧🇷💛.",QURTSl9pMl9XYmNzRkdoMUNySGtqNUs3bUw5emU3M0dDYmk3VTNuOTJmd3MtekN1ZkpvcXJnbEdfYU0tY0I0aDJTanp3UTA2dm1lekRTeVlhNlJRbTE4bnVwcl83dXBDSGc=,2023-06-08 12:23:52.067969
youtube#commentThread,d9na1UDHTN9tBeeaDNPlyr5_eB4,UgzLEZhhWWJ50mO7jGN4AaABAg,"{'videoId': 'ZBaqttk_mG8', 'topLevelComment': {'kind': 'youtube#comment', 'etag': 'P4rqM0-viOdLOtxktXnWaZSvCUQ', 'id': 'UgzLEZhhWWJ50mO7jGN4AaABAg', 'snippet': {'videoId': 'ZBaqttk_mG8', 'textDisplay': 'Que Deus proteja o nosso presidente e sua família.', 'textOriginal': 'Que Deus proteja o nosso presidente e sua família.', 'authorDisplayName': 'Sheila Bonard', 'authorProfileImageUrl': 'https://yt3.ggpht.com/ytc/AGIKgqN5T0UhiXAHlIqSMxKxJwow8u7ObwQ61_mq4w=s48-c-k-c0x00ffffff-no-rj', 'authorChannelUrl': 'http://www.youtube.com/channel/UC1Z786abj6ZBi-JYgILcF8Q', 'authorChannelId': {'value': 'UC1Z786abj6ZBi-JYgILcF8Q'}, 'canRate': True, 'viewerRating': 'none', 'likeCount': 1, 'publishedAt': '2022-10-22T06:01:35Z', 'updatedAt': '2022-10-22T06:01:35Z'}}, 'canReply': True, 'totalReplyCount': 0, 'isPublic': True}",,UC1Z786abj6ZBi-JYgILcF8Q,2022-10-22T06:01:35Z,Que Deus proteja o nosso presidente e sua família.,QURTSl9pMl9XYmNzRkdoMUNySGtqNUs3bUw5emU3M0dDYmk3VTNuOTJmd3MtekN1ZkpvcXJnbEdfYU0tY0I0aDJTanp3UTA2dm1lekRTeVlhNlJRbTE4bnVwcl83dXBDSGc=,2023-06-08 12:23:52.067969
youtube#commentThread,MZtdyGPFqT4jx_B40KOtN4GHFRw,UgyWsmZMgO-bv3G8wOl4AaABAg,"{'videoId': 'ZBaqttk_mG8', 'topLevelComment': {'kind': 'youtube#comment', 'etag': '-0gVslsc4ZYdfrPiRU49_QJqGkk', 'id': 'UgyWsmZMgO-bv3G8wOl4AaABAg', 'snippet': {'videoId': 'ZBaqttk_mG8', 'textDisplay': 'STF E TSE  VAI PROIBIR  BOLSONARO  DE SAIR DE CASA  LOGO LOGO  E  IR NOS DEBATE  NAS TV', 'textOriginal': 'STF E TSE  VAI PROIBIR  BOLSONARO  DE SAIR DE CASA  LOGO LOGO  E  IR NOS DEBATE  NAS TV', 'authorDisplayName': 'COLINARIA DO DOIDÃO', 'authorProfileImageUrl': 'https://yt3.ggpht.com/8KQkPrgn70HuKcleVpG_fNszoOLfoZT0RMwqeJ1zohtUlxhJkoc9Wl2-yV3wZEXf7PY6Jeg5=s48-c-k-c0x00ffffff-no-rj', 'authorChannelUrl': 'http://www.youtube.com/channel/UClEq-5cvMd_kGUPO8RKchJA', 'authorChannelId': {'value': 'UClEq-5cvMd_kGUPO8RKchJA'}, 'canRate': True, 'viewerRating': 'none', 'likeCount': 1, 'publishedAt': '2022-10-22T04:51:08Z', 'updatedAt': '2022-10-22T04:51:08Z'}}, 'canReply': True, 'totalReplyCount': 0, 'isPublic': True}",,UClEq-5cvMd_kGUPO8RKchJA,2022-10-22T04:51:08Z,STF E TSE  VAI PROIBIR  BOLSONARO  DE SAIR DE CASA  LOGO LOGO  E  IR NOS DEBATE  NAS TV,QURTSl9pMl9XYmNzRkdoMUNySGtqNUs3bUw5emU3M0dDYmk3VTNuOTJmd3MtekN1ZkpvcXJnbEdfYU0tY0I0aDJTanp3UTA2dm1lekRTeVlhNlJRbTE4bnVwcl83dXBDSGc=,2023-06-08 12:23:52.067969
youtube#commentThread,rVHLAcLfavbEuDvU35i8TnIPcv8,UgzmwnRcabp4q4YpkdV4AaABAg,"{'videoId': 'ZBaqttk_mG8', 'topLevelComment': {'kind': 'youtube#comment', 'etag': 'ZwkdEzU0NgTY0cWe2q8MbRmxqoU', 'id': 'UgzmwnRcabp4q4YpkdV4AaABAg', 'snippet': {'videoId': 'ZBaqttk_mG8', 'textDisplay': 'Mitoooo, dia 30 é 22', 'textOriginal': 'Mitoooo, dia 30 é 22', 'authorDisplayName': 'Clovis Fonseca', 'authorProfileImageUrl': 'https://yt3.ggpht.com/ytc/AGIKgqNdUl2Q3m0j1LcFT_gGtyNXIvHPtRKt-FHoyA=s48-c-k-c0x00ffffff-no-rj', 'authorChannelUrl': 'http://www.youtube.com/channel/UCR7hgUQ-shHDe_6e6mCmy3A', 'authorChannelId': {'value': 'UCR7hgUQ-shHDe_6e6mCmy3A'}, 'canRate': True, 'viewerRating': 'none', 'likeCount': 0, 'publishedAt': '2022-10-22T04:47:16Z', 'updatedAt': '2022-10-22T04:47:16Z'}}, 'canReply': True, 'totalReplyCount': 0, 'isPublic': True}",,UCR7hgUQ-shHDe_6e6mCmy3A,2022-10-22T04:47:16Z,"Mitoooo, dia 30 é 22",QURTSl9pMl9XYmNzRkdoMUNySGtqNUs3bUw5emU3M0dDYmk3VTNuOTJmd3MtekN1ZkpvcXJnbEdfYU0tY0I0aDJTanp3UTA2dm1lekRTeVlhNlJRbTE4bnVwcl83dXBDSGc=,2023-06-08 12:23:52.067969
youtube#commentThread,k746Rzx3h6SnOYEc_bl_g0ZrO5k,Ugw7XLi4V-bw4tf5tLV4AaABAg,"{'videoId': 'ZBaqttk_mG8', 'topLevelComment': {'kind': 'youtube#comment', 'etag': 'zx5dHvTfA2LFJ3Ulj9Y2omwUIUc', 'id': 'Ugw7XLi4V-bw4tf5tLV4AaABAg', 'snippet': {'videoId': 'ZBaqttk_mG8', 'textDisplay': 'Vamos em frente orando com ajudar de Deus venceremos o mau em nome do senhor Jesus Cristo 💚💛💛💚 💛💚💛💚💛💚💛💚💛💚💛💚💛💚💛 💚💛💚💛💚💛💚', 'textOriginal': 'Vamos em frente orando com ajudar de Deus venceremos o mau em nome do senhor Jesus Cristo 💚💛💛💚 💛💚💛💚💛💚💛💚💛💚💛💚💛💚💛 💚💛💚💛💚💛💚', 'authorDisplayName': 'Maciana Alves', 'authorProfileImageUrl': 'https://yt3.ggpht.com/ytc/AGIKgqN0nyKPpjXO8ma0ztNS4Q0j0KSKV9ZvB2D8KA=s48-c-k-c0x00ffffff-no-rj', 'authorChannelUrl': 'http://www.youtube.com/channel/UCWBYB0YRFGpVspb-uBRO25A', 'authorChannelId': {'value': 'UCWBYB0YRFGpVspb-uBRO25A'}, 'canRate': True, 'viewerRating': 'none', 'likeCount': 1, 'publishedAt': '2022-10-22T04:40:15Z', 'updatedAt': '2022-10-22T04:40:15Z'}}, 'canReply': True, 'totalReplyCount': 0, 'isPublic': True}",,UCWBYB0YRFGpVspb-uBRO25A,2022-10-22T04:40:15Z,Vamos em frente orando com ajudar de Deus venceremos o mau em nome do senhor Jesus Cristo 💚💛💛💚 💛💚💛💚💛💚💛💚💛💚💛💚💛💚💛 💚💛💚💛💚💛💚,QURTSl9pMl9XYmNzRkdoMUNySGtqNUs3bUw5emU3M0dDYmk3VTNuOTJmd3MtekN1ZkpvcXJnbEdfYU0tY0I0aDJTanp3UTA2dm1lekRTeVlhNlJRbTE4bnVwcl83dXBDSGc=,2023-06-08 12:23:52.067969
youtube#commentThread,vdGo9qiu54NvggZuK30FI-tVC0E,Ugzgl1MhHb68YaKTwDh4AaABAg,"{'videoId': 'ZBaqttk_mG8', 'topLevelComment': {'kind': 'youtube#comment', 'etag': 'tFrN4HVKcvMCAsMmq54Giz2l6Sg', 'id': 'Ugzgl1MhHb68YaKTwDh4AaABAg', 'snippet': {'videoId': 'ZBaqttk_mG8', 'textDisplay': 'Por que o presidente não dá logo um golpe melhor ele como ditador do que o Lula que não respeita ninguém', 'textOriginal': 'Por que o presidente não dá logo um golpe melhor ele como ditador do que o Lula que não respeita ninguém', 'authorDisplayName': 'pela democracia 🇧🇷', 'authorProfileImageUrl': 'https://yt3.ggpht.com/ytc/AGIKgqNDRTp0fITz4wJdaYAJACeEZz_7IvYo0yyNPKfiW99u-i4vX1V5YL0Hd4DdWGaX=s48-c-k-c0x00ffffff-no-rj', 'authorChannelUrl': 'http://www.youtube.com/channel/UCF0e6Pphbi7l7EwOjBIZFWQ', 'authorChannelId': {'value': 'UCF0e6Pphbi7l7EwOjBIZFWQ'}, 'canRate': True, 'viewerRating': 'none', 'likeCount': 0, 'publishedAt': '2022-10-22T04:31:02Z', 'updatedAt': '2022-10-22T04:31:02Z'}}, 'canReply': True, 'totalReplyCount': 0, 'isPublic': True}",,UCF0e6Pphbi7l7EwOjBIZFWQ,2022-10-22T04:31:02Z,Por que o presidente não dá logo um golpe melhor ele como ditador do que o Lula que não respeita ninguém,QURTSl9pMl9XYmNzRkdoMUNySGtqNUs3bUw5emU3M0dDYmk3VTNuOTJmd3MtekN1ZkpvcXJnbEdfYU0tY0I0aDJTanp3UTA2dm1lekRTeVlhNlJRbTE4bnVwcl83dXBDSGc=,2023-06-08 12:23:52.067969
youtube#commentThread,Hxj9dBiu6pxJubaXjdqcKmtPF5s,UgzbrcCuk-5JW_RtuSR4AaABAg,"{'videoId': 'ZBaqttk_mG8', 'topLevelComment': {'kind': 'youtube#comment', 'etag': 'atdaMFvt5hWzlkuomH0mPgIPcu8', 'id': 'UgzbrcCuk-5JW_RtuSR4AaABAg', 'snippet': {'videoId': 'ZBaqttk_mG8', 'textDisplay': 'Não  acreditamos', 'textOriginal': 'Não  acreditamos', 'authorDisplayName': 'Socorro Leal', 'authorProfileImageUrl': 'https://yt3.ggpht.com/ytc/AGIKgqOZ4mu8LsnFTx-u1oBYqq9FU0OJt0qi007R-Xa4XVU=s48-c-k-c0x00ffffff-no-rj', 'authorChannelUrl': 'http://www.youtube.com/channel/UCCGUpRlmdBERvx7K-9SjNNQ', 'authorChannelId': {'value': 'UCCGUpRlmdBERvx7K-9SjNNQ'}, 'canRate': True, 'viewerRating': 'none', 'likeCount': 0, 'publishedAt': '2022-10-22T04:29:43Z', 'updatedAt': '2022-10-22T04:29:43Z'}}, 'canReply': True, 'totalReplyCount': 0, 'isPublic': True}",,UCCGUpRlmdBERvx7K-9SjNNQ,2022-10-22T04:29:43Z,Não  acreditamos,QURTSl9pMl9XYmNzRkdoMUNySGtqNUs3bUw5emU3M0dDYmk3VTNuOTJmd3MtekN1ZkpvcXJnbEdfYU0tY0I0aDJTanp3UTA2dm1lekRTeVlhNlJRbTE4bnVwcl83dXBDSGc=,2023-06-08 12:23:52.067969
youtube#commentThread,66HqhsEKY04fFQ1FRT0gqIcwtdY,Ugww_0MyJZNMT4ZlY754AaABAg,"{'videoId': 'ZBaqttk_mG8', 'topLevelComment': {'kind': 'youtube#comment', 'etag': 'ZU2woJZMNvFG7hYpi-QGf9EAekM', 'id': 'Ugww_0MyJZNMT4ZlY754AaABAg', 'snippet': {'videoId': 'ZBaqttk_mG8', 'textDisplay': 'JANONES, não ia RENUNCIAR, vagabundo??', 'textOriginal': 'JANONES, não ia RENUNCIAR, vagabundo??', 'authorDisplayName': 'Ana Maria Tiezzi Sanchez', 'authorProfileImageUrl': 'https://yt3.ggpht.com/ytc/AGIKgqOKCzrE-yrV2U7ONnCZGyXNA-IYTsE_ytgXGA=s48-c-k-c0x00ffffff-no-rj', 'authorChannelUrl': 'http://www.youtube.com/channel/UCSBWgZwTCbQOnBH5GXxFxgA', 'authorChannelId': {'value': 'UCSBWgZwTCbQOnBH5GXxFxgA'}, 'canRate': True, 'viewerRating': 'none', 'likeCount': 0, 'publishedAt': '2022-10-22T04:10:37Z', 'updatedAt': '2022-10-22T04:10:37Z'}}, 'canReply': True, 'totalReplyCount': 0, 'isPublic': True}",,UCSBWgZwTCbQOnBH5GXxFxgA,2022-10-22T04:10:37Z,"JANONES, não ia RENUNCIAR, vagabundo??",QURTSl9pMl9XYmNzRkdoMUNySGtqNUs3bUw5emU3M0dDYmk3VTNuOTJmd3MtekN1ZkpvcXJnbEdfYU0tY0I0aDJTanp3UTA2dm1lekRTeVlhNlJRbTE4bnVwcl83dXBDSGc=,2023-06-08 12:23:52.067969
youtube#commentThread,bl3U7M-NSrbn5aA1NHsRwSTPvFA,UgwT4tCnc12VB7m_9rd4AaABAg,"{'videoId': 'ZBaqttk_mG8', 'topLevelComment': {'kind': 'youtube#comment', 'etag': 'bLpMmMYUZm3IePLfoi-MEJjfqt4', 'id': 'UgwT4tCnc12VB7m_9rd4AaABAg', 'snippet': {'videoId': 'ZBaqttk_mG8', 'textDisplay': 'Pra mim o André janone  é um zero a esquerda não passa disso pena que ele não vê os comentários', 'textOriginal': 'Pra mim o André janone  é um zero a esquerda não passa disso pena que ele não vê os comentários', 'authorDisplayName': 'José gsmer', 'authorProfileImageUrl': 'https://yt3.ggpht.com/ytc/AGIKgqPwcPKGeTQZBXDt9x5v9Fyb3MYbJc5YY3Ifdg=s48-c-k-c0x00ffffff-no-rj', 'authorChannelUrl': 'http://www.youtube.com/channel/UCMljcUTqn-PnqB6-F-1fFJw', 'authorChannelId': {'value': 'UCMljcUTqn-PnqB6-F-1fFJw'}, 'canRate': True, 'viewerRating': 'none', 'likeCount': 0, 'publishedAt': '2022-10-22T03:35:20Z', 'updatedAt': '2022-10-22T03:35:20Z'}}, 'canReply': True, 'totalReplyCount': 0, 'isPublic': True}",,UCMljcUTqn-PnqB6-F-1fFJw,2022-10-22T03:35:20Z,Pra mim o André janone  é um zero a esquerda não passa disso pena que ele não vê os comentários,QURTSl9pMl9XYmNzRkdoMUNySGtqNUs3bUw5emU3M0dDYmk3VTNuOTJmd3MtekN1ZkpvcXJnbEdfYU0tY0I0aDJTanp3UTA2dm1lekRTeVlhNlJRbTE4bnVwcl83dXBDSGc=,2023-06-08 12:23:52.067969
youtube#commentThread,2-LBL-YsJHDnP2u3JzeZjdId4C8,Ugxl6vJsIsh9vfvYwMZ4AaABAg,"{'videoId': 'ZBaqttk_mG8', 'topLevelComment': {'kind': 'youtube#comment', 'etag': 'Ri-x7taK4mlx-yiWqjrmKMma-zM', 'id': 'Ugxl6vJsIsh9vfvYwMZ4AaABAg', 'snippet': {'videoId': 'ZBaqttk_mG8', 'textDisplay': '13neles', 'textOriginal': '13neles', 'authorDisplayName': 'Henrique Silva', 'authorProfileImageUrl': 'https://yt3.ggpht.com/ytc/AGIKgqOPgcMMpstFnLrfr1akAEtgezcf46liDugAkiC0C2xSiaxX9FCoi1nO2YwcACY5=s48-c-k-c0x00ffffff-no-rj', 'authorChannelUrl': 'http://www.youtube.com/channel/UCaUXmUyuPoeLRx5qpbCds-g', 'authorChannelId': {'value': 'UCaUXmUyuPoeLRx5qpbCds-g'}, 'canRate': True, 'viewerRating': 'none', 'likeCount': 1, 'publishedAt': '2022-10-22T03:33:08Z', 'updatedAt': '2022-10-22T03:33:08Z'}}, 'canReply': True, 'totalReplyCount': 0, 'isPublic': True}",,UCaUXmUyuPoeLRx5qpbCds-g,2022-10-22T03:33:08Z,13neles,QURTSl9pMl9XYmNzRkdoMUNySGtqNUs3bUw5emU3M0dDYmk3VTNuOTJmd3MtekN1ZkpvcXJnbEdfYU0tY0I0aDJTanp3UTA2dm1lekRTeVlhNlJRbTE4bnVwcl83dXBDSGc=,2023-06-08 12:23:52.067969
youtube#commentThread,509QFDB7v00Ly94jcMuGQYmRmDg,UgyVQU7LHAYrdKxsC8N4AaABAg,"{'videoId': 'ZBaqttk_mG8', 'topLevelComment': {'kind': 'youtube#comment', 'etag': 'PLWuXShVkCHsaXkmlrsn8HH1jew', 'id': 'UgyVQU7LHAYrdKxsC8N4AaABAg', 'snippet': {'videoId': 'ZBaqttk_mG8', 'textDisplay': 'ok', 'textOriginal': 'ok', 'authorDisplayName': 'Walther', 'authorProfileImageUrl': 'https://yt3.ggpht.com/ytc/AGIKgqOGYpvHQrOxp5RoNu6xxw_NpRIJ1vmFg1nyZg=s48-c-k-c0x00ffffff-no-rj', 'authorChannelUrl': 'http://www.youtube.com/channel/UCZ2MrTTYJDGi-5kUK_Qexgw', 'authorChannelId': {'value': 'UCZ2MrTTYJDGi-5kUK_Qexgw'}, 'canRate': True, 'viewerRating': 'none', 'likeCount': 0, 'publishedAt': '2022-10-22T03:20:39Z', 'updatedAt': '2022-10-22T03:20:39Z'}}, 'canReply': True, 'totalReplyCount': 0, 'isPublic': True}",,UCZ2MrTTYJDGi-5kUK_Qexgw,2022-10-22T03:20:39Z,ok,QURTSl9pMl9XYmNzRkdoMUNySGtqNUs3bUw5emU3M0dDYmk3VTNuOTJmd3MtekN1ZkpvcXJnbEdfYU0tY0I0aDJTanp3UTA2dm1lekRTeVlhNlJRbTE4bnVwcl83dXBDSGc=,2023-06-08 12:23:52.067969
youtube#commentThread,muKjcmDf_ykPZpIW6ZKPIBAftCw,Ugx-yy5ySQbrboKFEuN4AaABAg,"{'videoId': 'ZBaqttk_mG8', 'topLevelComment': {'kind': 'youtube#comment', 'etag': 'R-zO1h2MadQXtgVGA9duMzb1tZY', 'id': 'Ugx-yy5ySQbrboKFEuN4AaABAg', 'snippet': {'videoId': 'ZBaqttk_mG8', 'textDisplay': '<a href=""https://youtu.be/_MePAC0r2Qs"">https://youtu.be/_MePAC0r2Qs</a>', 'textOriginal': 'https://youtu.be/_MePAC0r2Qs', 'authorDisplayName': 'Rosyane Rodrigues', 'authorProfileImageUrl': 'https://yt3.ggpht.com/ytc/AGIKgqNiqJo7vZIpYSYs8Jj8l6KkQfjUU2AGu09JWtE0bg=s48-c-k-c0x00ffffff-no-rj', 'authorChannelUrl': 'http://www.youtube.com/channel/UCiwMpfqnpVzX6LuzRydhE3w', 'authorChannelId': {'value': 'UCiwMpfqnpVzX6LuzRydhE3w'}, 'canRate': True, 'viewerRating': 'none', 'likeCount': 0, 'publishedAt': '2022-10-22T03:18:04Z', 'updatedAt': '2022-10-22T03:18:04Z'}}, 'canReply': True, 'totalReplyCount': 0, 'isPublic': True}",,UCiwMpfqnpVzX6LuzRydhE3w,2022-10-22T03:18:04Z,https://youtu.be/_MePAC0r2Qs,QURTSl9pMl9XYmNzRkdoMUNySGtqNUs3bUw5emU3M0dDYmk3VTNuOTJmd3MtekN1ZkpvcXJnbEdfYU0tY0I0aDJTanp3UTA2dm1lekRTeVlhNlJRbTE4bnVwcl83dXBDSGc=,2023-06-08 12:23:52.067969
youtube#commentThread,rYyUWlFZpxC5iTvq_GNB-CEKFm0,UgxeMIq4qAH-suY9oXZ4AaABAg,"{'videoId': 'ZBaqttk_mG8', 'topLevelComment': {'kind': 'youtube#comment', 'etag': 'frUhTfhUkBV74EhzYa028OFKmIw', 'id': 'UgxeMIq4qAH-suY9oXZ4AaABAg', 'snippet': {'videoId': 'ZBaqttk_mG8', 'textDisplay': 'Parabéns Presidente 22 🙏🇧🇷Tarcísio 10🙏🇧🇷', 'textOriginal': 'Parabéns Presidente 22 🙏🇧🇷Tarcísio 10🙏🇧🇷', 'authorDisplayName': 'Lurdinha Souza', 'authorProfileImageUrl': 'https://yt3.ggpht.com/ytc/AGIKgqMrnZTscv0U4HsNKXZ1b0fu1yan9eIJy_Ac45nW_Q=s48-c-k-c0x00ffffff-no-rj', 'authorChannelUrl': 'http://www.youtube.com/channel/UCYT3HNKZD0Xt_gIBWbXcq6g', 'authorChannelId': {'value': 'UCYT3HNKZD0Xt_gIBWbXcq6g'}, 'canRate': True, 'viewerRating': 'none', 'likeCount': 1, 'publishedAt': '2022-10-22T03:17:54Z', 'updatedAt': '2022-10-22T03:17:54Z'}}, 'canReply': True, 'totalReplyCount': 0, 'isPublic': True}",,UCYT3HNKZD0Xt_gIBWbXcq6g,2022-10-22T03:17:54Z,Parabéns Presidente 22 🙏🇧🇷Tarcísio 10🙏🇧🇷,QURTSl9pMl9XYmNzRkdoMUNySGtqNUs3bUw5emU3M0dDYmk3VTNuOTJmd3MtekN1ZkpvcXJnbEdfYU0tY0I0aDJTanp3UTA2dm1lekRTeVlhNlJRbTE4bnVwcl83dXBDSGc=,2023-06-08 12:23:52.067969
youtube#commentThread,14dJe4yZ6iuYPWrAKQWppvNi2Hk,UgxPmZk8mojrhOrIhIF4AaABAg,"{'videoId': 'ZBaqttk_mG8', 'topLevelComment': {'kind': 'youtube#comment', 'etag': 'hyPYvMUUD3ta9mgwpWsMtXnBwvE', 'id': 'UgxPmZk8mojrhOrIhIF4AaABAg', 'snippet': {'videoId': 'ZBaqttk_mG8', 'textDisplay': 'E se for no comício de Lula cuidado com a carteira tá cheio de larápios ali que querem tomar um cervejinha', 'textOriginal': 'E se for no comício de Lula cuidado com a carteira tá cheio de larápios ali que querem tomar um cervejinha', 'authorDisplayName': 'Antonio Carlos', 'authorProfileImageUrl': 'https://yt3.ggpht.com/ytc/AGIKgqMr1jr_1hJ2WK-7xz0TXWeu9SrryTCcP3nBGQ=s48-c-k-c0x00ffffff-no-rj', 'authorChannelUrl': 'http://www.youtube.com/channel/UCxgucl3wWoKHCyxRcfWb5Tg', 'authorChannelId': {'value': 'UCxgucl3wWoKHCyxRcfWb5Tg'}, 'canRate': True, 'viewerRating': 'none', 'likeCount': 0, 'publishedAt': '2022-10-22T03:13:10Z', 'updatedAt': '2022-10-22T03:13:41Z'}}, 'canReply': True, 'totalReplyCount': 0, 'isPublic': True}",,UCxgucl3wWoKHCyxRcfWb5Tg,2022-10-22T03:13:10Z,E se for no comício de Lula cuidado com a carteira tá cheio de larápios ali que querem tomar um cervejinha,QURTSl9pMl9XYmNzRkdoMUNySGtqNUs3bUw5emU3M0dDYmk3VTNuOTJmd3MtekN1ZkpvcXJnbEdfYU0tY0I0aDJTanp3UTA2dm1lekRTeVlhNlJRbTE4bnVwcl83dXBDSGc=,2023-06-08 12:23:52.067969
youtube#commentThread,GrFJ9AaAupCs4p-IlYYXa9JLi9E,Ugy55jRvir8VHSasSJF4AaABAg,"{'videoId': 'ZBaqttk_mG8', 'topLevelComment': {'kind': 'youtube#comment', 'etag': 'jfmGjFrgJXQ4QE7W3y95HmRjOrI', 'id': 'Ugy55jRvir8VHSasSJF4AaABAg', 'snippet': {'videoId': 'ZBaqttk_mG8', 'textDisplay': 'Maravilho, que orgulho, acabei de ver o debate do SBT,  nada como alguém inteligente, honesto e experiente....cada dia que passa mais orgulho em ser brasileiro, mais grato ao Presidente Bolsonaro...', 'textOriginal': 'Maravilho, que orgulho, acabei de ver o debate do SBT,  nada como alguém inteligente, honesto e experiente....cada dia que passa mais orgulho em ser brasileiro, mais grato ao Presidente Bolsonaro...', 'authorDisplayName': 'Frederico', 'authorProfileImageUrl': 'https://yt3.ggpht.com/ytc/AGIKgqN7NA3gOj_H2NeN6R19DGqShwuvg9LTNKxqNQ=s48-c-k-c0x00ffffff-no-rj', 'authorChannelUrl': 'http://www.youtube.com/channel/UCloyP56ou6qjqVF22nvhC7Q', 'authorChannelId': {'value': 'UCloyP56ou6qjqVF22nvhC7Q'}, 'canRate': True, 'viewerRating': 'none', 'likeCount': 1, 'publishedAt': '2022-10-22T02:58:00Z', 'updatedAt': '2022-10-22T02:58:00Z'}}, 'canReply': True, 'totalReplyCount': 0, 'isPublic': True}",,UCloyP56ou6qjqVF22nvhC7Q,2022-10-22T02:58:00Z,"Maravilho, que orgulho, acabei de ver o debate do SBT,  nada como alguém inteligente, honesto e experiente....cada dia que passa mais orgulho em ser brasileiro, mais grato ao Presidente Bolsonaro...",QURTSl9pMl9XYmNzRkdoMUNySGtqNUs3bUw5emU3M0dDYmk3VTNuOTJmd3MtekN1ZkpvcXJnbEdfYU0tY0I0aDJTanp3UTA2dm1lekRTeVlhNlJRbTE4bnVwcl83dXBDSGc=,2023-06-08 12:23:52.067969
youtube#commentThread,V1EHJnBl_wsMgl2uqbe3VV_x-qA,Ugxh9qZNMiwcqNOEEFJ4AaABAg,"{'videoId': 'ZBaqttk_mG8', 'topLevelComment': {'kind': 'youtube#comment', 'etag': 'OMpoI0jdGVP7aPHe65bsBj_eWlo', 'id': 'Ugxh9qZNMiwcqNOEEFJ4AaABAg', 'snippet': {'videoId': 'ZBaqttk_mG8', 'textDisplay': 'CENSURA DE CANALHAS !!!!!COVARDES <br>ABRAM OS OLHOS BRASIL !!!!<br>🐙drao E gangue vao tomar tudo que VOCE  conquistou com muito esforco !!!! Propriedades . Sua voz  . Sua VIDA. Sua essencia !!!!! <br>Cuidado com PARTIDO das TREVAS !!!! SO TEM CORRUPTO LADRAO CANALHA VAGABUNDO PINGUÇU MENTIROSO <br> <br>VAMOS LIMPAR ESSA MANCHA<br>COM PRESIDENTE BOLSONARO <br>VAMOS VOTAR <br><a href=""http://www.youtube.com/results?search_query=%23bolsonaro22"">#Bolsonaro22</a> <a href=""http://www.youtube.com/results?search_query=%23capitaodopovo22"">#CapitaodoPovo22</a><br><a href=""http://www.youtube.com/results?search_query=%23tarcisio10"">#Tarcisio10</a><br><a href=""http://www.youtube.com/results?search_query=%23onixgoversdor"">#ONIXgoversdor</a><br><a href=""http://www.youtube.com/results?search_query=%23serginhomellogovernador"">#SerginhoMellogovernador</a> <br><a href=""http://www.youtube.com/results?search_query=%23marcosrogeriororaima"">#MarcosRogerioRoraima</a>', 'textOriginal': 'CENSURA DE CANALHAS !!!!!COVARDES \\nABRAM OS OLHOS BRASIL !!!!\\n🐙drao E gangue vao tomar tudo que VOCE  conquistou com muito esforco !!!! Propriedades . Sua voz  . Sua VIDA. Sua essencia !!!!! \\nCuidado com PARTIDO das TREVAS !!!! SO TEM CORRUPTO LADRAO CANALHA VAGABUNDO PINGUÇU MENTIROSO \\n \\nVAMOS LIMPAR ESSA MANCHA\\nCOM PRESIDENTE BOLSONARO \\nVAMOS VOTAR \\n#Bolsonaro22 #CapitaodoPovo22\\n#Tarcisio10\\n#ONIXgoversdor\\n#SerginhoMellogovernador \\n#MarcosRogerioRoraima', 'authorDisplayName': 'haru chan', 'authorProfileImageUrl': 'https://yt3.ggpht.com/ytc/AGIKgqP3-FSX-qpGpL6VS7mGNjl7JYLLtnOBg1_BKw=s48-c-k-c0x00ffffff-no-rj', 'authorChannelUrl': 'http://www.youtube.com/channel/UC0qF44ipTdRNILt5ZHl6p0A', 'authorChannelId': {'value': 'UC0qF44ipTdRNILt5ZHl6p0A'}, 'canRate': True, 'viewerRating': 'none', 'likeCount': 0, 'publishedAt': '2022-10-22T02:51:32Z', 'updatedAt': '2022-10-22T02:51:32Z'}}, 'canReply': True, 'totalReplyCount': 0, 'isPublic': True}",,UC0qF44ipTdRNILt5ZHl6p0A,2022-10-22T02:51:32Z,"CENSURA DE CANALHAS !!!!!COVARDES 
ABRAM OS OLHOS BRASIL !!!!
🐙drao E gangue vao tomar tudo que VOCE  conquistou com muito esforco !!!! Propriedades . Sua voz  . Sua VIDA. Sua essencia !!!!! 
Cuidado com PARTIDO das TREVAS !!!! SO TEM CORRUPTO LADRAO CANALHA VAGABUNDO PINGUÇU MENTIROSO 
 
VAMOS LIMPAR ESSA MANCHA
COM PRESIDENTE BOLSONARO 
VAMOS VOTAR 
#Bolsonaro22 #CapitaodoPovo22
#Tarcisio10
#ONIXgoversdor
#SerginhoMellogovernador 
#MarcosRogerioRoraima",QURTSl9pMl9XYmNzRkdoMUNySGtqNUs3bUw5emU3M0dDYmk3VTNuOTJmd3MtekN1ZkpvcXJnbEdfYU0tY0I0aDJTanp3UTA2dm1lekRTeVlhNlJRbTE4bnVwcl83dXBDSGc=,2023-06-08 12:23:52.067969
youtube#commentThread,aCOE4lCdZhoYXwGE0O-_q4sRfng,UgzN2vLNa8cMSUCgPmd4AaABAg,"{'videoId': 'ZBaqttk_mG8', 'topLevelComment': {'kind': 'youtube#comment', 'etag': 'uGv_YXAHLGqBQmdJY2NfndaSWx4', 'id': 'UgzN2vLNa8cMSUCgPmd4AaABAg', 'snippet': {'videoId': 'ZBaqttk_mG8', 'textDisplay': '22', 'textOriginal': '22', 'authorDisplayName': 'janaina Donato', 'authorProfileImageUrl': 'https://yt3.ggpht.com/mqIzRsTYIWtZJZfXRKVPwhhbM_eHjpmMuA47u9nBfykqbNiM54zOADKokODMgbvdeBHapTVv=s48-c-k-c0x00ffffff-no-rj', 'authorChannelUrl': 'http://www.youtube.com/channel/UCmVYRn_2WKqDewVh6FUPS1g', 'authorChannelId': {'value': 'UCmVYRn_2WKqDewVh6FUPS1g'}, 'canRate': True, 'viewerRating': 'none', 'likeCount': 0, 'publishedAt': '2022-10-22T02:43:48Z', 'updatedAt': '2022-10-22T02:43:48Z'}}, 'canReply': True, 'totalReplyCount': 0, 'isPublic': True}",,UCmVYRn_2WKqDewVh6FUPS1g,2022-10-22T02:43:48Z,22,QURTSl9pMl9XYmNzRkdoMUNySGtqNUs3bUw5emU3M0dDYmk3VTNuOTJmd3MtekN1ZkpvcXJnbEdfYU0tY0I0aDJTanp3UTA2dm1lekRTeVlhNlJRbTE4bnVwcl83dXBDSGc=,2023-06-08 12:23:52.067969
youtube#commentThread,zkRHUXjVGY91l10bFKzXSYT6qxk,Ugx-XhzxRS1TjXe5J2h4AaABAg,"{'videoId': 'ZBaqttk_mG8', 'topLevelComment': {'kind': 'youtube#comment', 'etag': '_ynkXHIZYKnTElJsv7YC3qIW0CE', 'id': 'Ugx-XhzxRS1TjXe5J2h4AaABAg', 'snippet': {'videoId': 'ZBaqttk_mG8', 'textDisplay': 'A  esquerda  só   vive  de  mentiras..tmjunto bolsonaro', 'textOriginal': 'A  esquerda  só   vive  de  mentiras..tmjunto bolsonaro', 'authorDisplayName': 'Marilia Marani', 'authorProfileImageUrl': 'https://yt3.ggpht.com/ytc/AGIKgqOw6utjarg3ibf5ubnlVdvGdRt7q6EhNf4T-w=s48-c-k-c0x00ffffff-no-rj', 'authorChannelUrl': 'http://www.youtube.com/channel/UCx6Qj_oJ6cgdZ7OwoCRVLvg', 'authorChannelId': {'value': 'UCx6Qj_oJ6cgdZ7OwoCRVLvg'}, 'canRate': True, 'viewerRating': 'none', 'likeCount': 0, 'publishedAt': '2022-10-22T02:38:36Z', 'updatedAt': '2022-10-22T02:38:36Z'}}, 'canReply': True, 'totalReplyCount': 0, 'isPublic': True}",,UCx6Qj_oJ6cgdZ7OwoCRVLvg,2022-10-22T02:38:36Z,A  esquerda  só   vive  de  mentiras..tmjunto bolsonaro,QURTSl9pMl9XYmNzRkdoMUNySGtqNUs3bUw5emU3M0dDYmk3VTNuOTJmd3MtekN1ZkpvcXJnbEdfYU0tY0I0aDJTanp3UTA2dm1lekRTeVlhNlJRbTE4bnVwcl83dXBDSGc=,2023-06-08 12:23:52.067969
youtube#commentThread,UmzST0nvkp84ZIs0UJDC3xxDNOA,Ugz-76f4F-aA7gpdc6B4AaABAg,"{'videoId': 'ZBaqttk_mG8', 'topLevelComment': {'kind': 'youtube#comment', 'etag': 'M_AMmp33X1JdhzAgD_KH7VV9whg', 'id': 'Ugz-76f4F-aA7gpdc6B4AaABAg', 'snippet': {'videoId': 'ZBaqttk_mG8', 'textDisplay': 'Essa turminha morre de inveja da popularidade do presidente… nojento. Ficaram anos no<br>puder e agora prometem o que já prometeram e nunca fizeram 😡😡', 'textOriginal': 'Essa turminha morre de inveja da popularidade do presidente… nojento. Ficaram anos no\\npuder e agora prometem o que já prometeram e nunca fizeram 😡😡', 'authorDisplayName': 'Vânia Alvarenga', 'authorProfileImageUrl': 'https://yt3.ggpht.com/ytc/AGIKgqMIKWzdgysqIVKQ8vu3pHy05cbFNZbJxnpaeSLH=s48-c-k-c0x00ffffff-no-rj', 'authorChannelUrl': 'http://www.youtube.com/channel/UCx8CT50pwCJzbqur6nviPqw', 'authorChannelId': {'value': 'UCx8CT50pwCJzbqur6nviPqw'}, 'canRate': True, 'viewerRating': 'none', 'likeCount': 0, 'publishedAt': '2022-10-22T02:33:24Z', 'updatedAt': '2022-10-22T02:33:24Z'}}, 'canReply': True, 'totalReplyCount': 0, 'isPublic': True}",,UCx8CT50pwCJzbqur6nviPqw,2022-10-22T02:33:24Z,"Essa turminha morre de inveja da popularidade do presidente… nojento. Ficaram anos no
puder e agora prometem o que já prometeram e nunca fizeram 😡😡",QURTSl9pMl9XYmNzRkdoMUNySGtqNUs3bUw5emU3M0dDYmk3VTNuOTJmd3MtekN1ZkpvcXJnbEdfYU0tY0I0aDJTanp3UTA2dm1lekRTeVlhNlJRbTE4bnVwcl83dXBDSGc=,2023-06-08 12:23:52.067969
youtube#commentThread,tIRgHZpeoPt8Pvri_FGSRI8t5Ek,Ugw6_JrsFSGMRv2gIZN4AaABAg,"{'videoId': 'ZBaqttk_mG8', 'topLevelComment': {'kind': 'youtube#comment', 'etag': 'biZO12wLZ68RjNb8Np9m7kELnOA', 'id': 'Ugw6_JrsFSGMRv2gIZN4AaABAg', 'snippet': {'videoId': 'ZBaqttk_mG8', 'textDisplay': 'ONDE ESTA O CANALHA  COVARDE QUE AI COMBATER AS FAKES .', 'textOriginal': 'ONDE ESTA O CANALHA  COVARDE QUE AI COMBATER AS FAKES .', 'authorDisplayName': 'Jaymiro dos Santos Monteiro', 'authorProfileImageUrl': 'https://yt3.ggpht.com/ytc/AGIKgqMPbVKWOyOtVRKBSDgQvIIPr3szDURcPLLBVQ=s48-c-k-c0x00ffffff-no-rj', 'authorChannelUrl': 'http://www.youtube.com/channel/UCp_Qv9fo27zJeouU-wSdBMw', 'authorChannelId': {'value': 'UCp_Qv9fo27zJeouU-wSdBMw'}, 'canRate': True, 'viewerRating': 'none', 'likeCount': 0, 'publishedAt': '2022-10-22T02:32:51Z', 'updatedAt': '2022-10-22T02:32:51Z'}}, 'canReply': True, 'totalReplyCount': 0, 'isPublic': True}",,UCp_Qv9fo27zJeouU-wSdBMw,2022-10-22T02:32:51Z,ONDE ESTA O CANALHA  COVARDE QUE AI COMBATER AS FAKES .,QURTSl9pMl9XYmNzRkdoMUNySGtqNUs3bUw5emU3M0dDYmk3VTNuOTJmd3MtekN1ZkpvcXJnbEdfYU0tY0I0aDJTanp3UTA2dm1lekRTeVlhNlJRbTE4bnVwcl83dXBDSGc=,2023-06-08 12:23:52.067969
youtube#commentThread,qA-joztOFJj9WxfzjF5669pcm6g,UgwMi3IEbaNPm9C72694AaABAg,"{'videoId': 'ZBaqttk_mG8', 'topLevelComment': {'kind': 'youtube#comment', 'etag': 'NrFUjwxMr6r3wlPfEHY1zRfB5QA', 'id': 'UgwMi3IEbaNPm9C72694AaABAg', 'snippet': {'videoId': 'ZBaqttk_mG8', 'textDisplay': 'Esquerda Maldita Vive de Mentiras', 'textOriginal': 'Esquerda Maldita Vive de Mentiras', 'authorDisplayName': 'neuza freitas', 'authorProfileImageUrl': 'https://yt3.ggpht.com/ytc/AGIKgqNfhR47pQkCjZXeuvFHG88oB04pntI_5tJnAUHL1A=s48-c-k-c0x00ffffff-no-rj', 'authorChannelUrl': 'http://www.youtube.com/channel/UCsyUrmX6stluiCJZp-TvVCA', 'authorChannelId': {'value': 'UCsyUrmX6stluiCJZp-TvVCA'}, 'canRate': True, 'viewerRating': 'none', 'likeCount': 0, 'publishedAt': '2022-10-22T02:09:19Z', 'updatedAt': '2022-10-22T02:09:19Z'}}, 'canReply': True, 'totalReplyCount': 0, 'isPublic': True}",,UCsyUrmX6stluiCJZp-TvVCA,2022-10-22T02:09:19Z,Esquerda Maldita Vive de Mentiras,QURTSl9pMl9XYmNzRkdoMUNySGtqNUs3bUw5emU3M0dDYmk3VTNuOTJmd3MtekN1ZkpvcXJnbEdfYU0tY0I0aDJTanp3UTA2dm1lekRTeVlhNlJRbTE4bnVwcl83dXBDSGc=,2023-06-08 12:23:52.067969
youtube#commentThread,cTXJOrcbBQPpE2a5DX5juZc9YQM,Ugzilgd3CxOCno5gZ3h4AaABAg,"{'videoId': 'ZBaqttk_mG8', 'topLevelComment': {'kind': 'youtube#comment', 'etag': '6IXLldq7VWfhURbOGwI3x2ybrkY', 'id': 'Ugzilgd3CxOCno5gZ3h4AaABAg', 'snippet': {'videoId': 'ZBaqttk_mG8', 'textDisplay': 'Vamos pedir a Deus pela vida dos homens que amam a Deus e a Pátria. 2️⃣2️⃣✅🇧🇷🙏', 'textOriginal': 'Vamos pedir a Deus pela vida dos homens que amam a Deus e a Pátria. 2️⃣2️⃣✅🇧🇷🙏', 'authorDisplayName': 'Ana Paula Santos', 'authorProfileImageUrl': 'https://yt3.ggpht.com/zhHAN7zRdt6Vrgsar8pcqajf5KH3tFI7yuhZPZZBwmQJllLPygP7wX4Tc6T-Vrc-_Qe11xeLHQ=s48-c-k-c0x00ffffff-no-rj', 'authorChannelUrl': 'http://www.youtube.com/channel/UCUee_p-cU0ZeTiG5ng5PmMw', 'authorChannelId': {'value': 'UCUee_p-cU0ZeTiG5ng5PmMw'}, 'canRate': True, 'viewerRating': 'none', 'likeCount': 1, 'publishedAt': '2022-10-22T02:07:37Z', 'updatedAt': '2022-10-22T02:07:37Z'}}, 'canReply': True, 'totalReplyCount': 0, 'isPublic': True}",,UCUee_p-cU0ZeTiG5ng5PmMw,2022-10-22T02:07:37Z,Vamos pedir a Deus pela vida dos homens que amam a Deus e a Pátria. 2️⃣2️⃣✅🇧🇷🙏,QURTSl9pMl9XYmNzRkdoMUNySGtqNUs3bUw5emU3M0dDYmk3VTNuOTJmd3MtekN1ZkpvcXJnbEdfYU0tY0I0aDJTanp3UTA2dm1lekRTeVlhNlJRbTE4bnVwcl83dXBDSGc=,2023-06-08 12:23:52.067969
youtube#commentThread,qxUcYtqGtCMkuGdYwaxVztiUwQQ,UgzHcvA447P6K2QTEKp4AaABAg,"{'videoId': 'ZBaqttk_mG8', 'topLevelComment': {'kind': 'youtube#comment', 'etag': 'WlbPu2g_WHeMRJzyR9SrR1Zv8k8', 'id': 'UgzHcvA447P6K2QTEKp4AaABAg', 'snippet': {'videoId': 'ZBaqttk_mG8', 'textDisplay': 'Bora votar 22 presidente Bolsonaro, bora votar 10 SP Tarcísio, lula ladrão traidor parasita do povo brasileiro', 'textOriginal': 'Bora votar 22 presidente Bolsonaro, bora votar 10 SP Tarcísio, lula ladrão traidor parasita do povo brasileiro', 'authorDisplayName': 'Luiz Biffi', 'authorProfileImageUrl': 'https://yt3.ggpht.com/ytc/AGIKgqM0KwJO8BX9ePleXBMjC0yYyZdTpkFEeeOEluZCdVYWgw3HGa_Zxe-CeKySGnO2=s48-c-k-c0x00ffffff-no-rj', 'authorChannelUrl': 'http://www.youtube.com/channel/UCDn4j5Edj7MvxDuOKkyMqCw', 'authorChannelId': {'value': 'UCDn4j5Edj7MvxDuOKkyMqCw'}, 'canRate': True, 'viewerRating': 'none', 'likeCount': 0, 'publishedAt': '2022-10-22T01:44:15Z', 'updatedAt': '2022-10-22T01:44:15Z'}}, 'canReply': True, 'totalReplyCount': 0, 'isPublic': True}",,UCDn4j5Edj7MvxDuOKkyMqCw,2022-10-22T01:44:15Z,"Bora votar 22 presidente Bolsonaro, bora votar 10 SP Tarcísio, lula ladrão traidor parasita do povo brasileiro",QURTSl9pMl9XYmNzRkdoMUNySGtqNUs3bUw5emU3M0dDYmk3VTNuOTJmd3MtekN1ZkpvcXJnbEdfYU0tY0I0aDJTanp3UTA2dm1lekRTeVlhNlJRbTE4bnVwcl83dXBDSGc=,2023-06-08 12:23:52.067969
youtube#commentThread,4Jh4AT-ZmGfoqYQySpnd3iwfQTI,UgzOhKF5qZQniXpRKh14AaABAg,"{'videoId': 'ZBaqttk_mG8', 'topLevelComment': {'kind': 'youtube#comment', 'etag': 'Y0a0K_4RwO2v_by5i2mYqtaPdcY', 'id': 'UgzOhKF5qZQniXpRKh14AaABAg', 'snippet': {'videoId': 'ZBaqttk_mG8', 'textDisplay': 'PT está usando covas dos mortos da civid covardia nós que perdemos entes queridos não aceitamos esse crime', 'textOriginal': 'PT está usando covas dos mortos da civid covardia nós que perdemos entes queridos não aceitamos esse crime', 'authorDisplayName': 'Gilson Risco', 'authorProfileImageUrl': 'https://yt3.ggpht.com/ytc/AGIKgqNYDv_OhYwnulgv0dkYlTyF7LUBsw4YG_vBow=s48-c-k-c0x00ffffff-no-rj', 'authorChannelUrl': 'http://www.youtube.com/channel/UCm6oimD8hCoxIYEG4mvcuEA', 'authorChannelId': {'value': 'UCm6oimD8hCoxIYEG4mvcuEA'}, 'canRate': True, 'viewerRating': 'none', 'likeCount': 0, 'publishedAt': '2022-10-22T01:44:11Z', 'updatedAt': '2022-10-22T01:44:11Z'}}, 'canReply': True, 'totalReplyCount': 0, 'isPublic': True}",,UCm6oimD8hCoxIYEG4mvcuEA,2022-10-22T01:44:11Z,PT está usando covas dos mortos da civid covardia nós que perdemos entes queridos não aceitamos esse crime,QURTSl9pMl9XYmNzRkdoMUNySGtqNUs3bUw5emU3M0dDYmk3VTNuOTJmd3MtekN1ZkpvcXJnbEdfYU0tY0I0aDJTanp3UTA2dm1lekRTeVlhNlJRbTE4bnVwcl83dXBDSGc=,2023-06-08 12:23:52.067969
youtube#commentThread,ssNENEJqrxch-ZbBz-09e1oW2Ik,Ugzx452vAfXjwWKGITh4AaABAg,"{'videoId': 'ZBaqttk_mG8', 'topLevelComment': {'kind': 'youtube#comment', 'etag': 'NARi-k-5Ub5yaOGlCpFi4_3TVY4', 'id': 'Ugzx452vAfXjwWKGITh4AaABAg', 'snippet': {'videoId': 'ZBaqttk_mG8', 'textDisplay': 'ESSE CARA ME REPRESENTA....BOLSONARO 22.', 'textOriginal': 'ESSE CARA ME REPRESENTA....BOLSONARO 22.', 'authorDisplayName': 'Marco Túlio Túlio', 'authorProfileImageUrl': 'https://yt3.ggpht.com/ytc/AGIKgqOssq6Cs-0BPHDNET6utYigBBMBqjtUnhUOHA=s48-c-k-c0x00ffffff-no-rj', 'authorChannelUrl': 'http://www.youtube.com/channel/UCg4qVJmV1ZQP_zrr-NcXvZg', 'authorChannelId': {'value': 'UCg4qVJmV1ZQP_zrr-NcXvZg'}, 'canRate': True, 'viewerRating': 'none', 'likeCount': 2, 'publishedAt': '2022-10-22T01:38:35Z', 'updatedAt': '2022-10-22T01:38:35Z'}}, 'canReply': True, 'totalReplyCount': 0, 'isPublic': True}",,UCg4qVJmV1ZQP_zrr-NcXvZg,2022-10-22T01:38:35Z,ESSE CARA ME REPRESENTA....BOLSONARO 22.,QURTSl9pMl9XYmNzRkdoMUNySGtqNUs3bUw5emU3M0dDYmk3VTNuOTJmd3MtekN1ZkpvcXJnbEdfYU0tY0I0aDJTanp3UTA2dm1lekRTeVlhNlJRbTE4bnVwcl83dXBDSGc=,2023-06-08 12:23:52.067969
youtube#commentThread,rvgL_VE9ftQjqdAlhaCiAb_NKxQ,Ugya8pOxmBD1XK8V_RV4AaABAg,"{'videoId': 'ZBaqttk_mG8', 'topLevelComment': {'kind': 'youtube#comment', 'etag': 'gDQjVHKS-eIIszfbGA0E7N6Azq8', 'id': 'Ugya8pOxmBD1XK8V_RV4AaABAg', 'snippet': {'videoId': 'ZBaqttk_mG8', 'textDisplay': 'Bolsonaro 22,reeleito!', 'textOriginal': 'Bolsonaro 22,reeleito!', 'authorDisplayName': 'Jorgeney Rocha', 'authorProfileImageUrl': 'https://yt3.ggpht.com/ytc/AGIKgqMSc4yzw8kjdg9bC0UwNpVptBwthmjsAumDBCqPXdauJItnIrdXWSl8cDI3cfPV=s48-c-k-c0x00ffffff-no-rj', 'authorChannelUrl': 'http://www.youtube.com/channel/UCCYkapfjXFVARz4Gyh0t3Lw', 'authorChannelId': {'value': 'UCCYkapfjXFVARz4Gyh0t3Lw'}, 'canRate': True, 'viewerRating': 'none', 'likeCount': 0, 'publishedAt': '2022-10-22T01:38:33Z', 'updatedAt': '2022-10-22T01:38:33Z'}}, 'canReply': True, 'totalReplyCount': 0, 'isPublic': True}",,UCCYkapfjXFVARz4Gyh0t3Lw,2022-10-22T01:38:33Z,"Bolsonaro 22,reeleito!",QURTSl9pMl9XYmNzRkdoMUNySGtqNUs3bUw5emU3M0dDYmk3VTNuOTJmd3MtekN1ZkpvcXJnbEdfYU0tY0I0aDJTanp3UTA2dm1lekRTeVlhNlJRbTE4bnVwcl83dXBDSGc=,2023-06-08 12:23:52.067969
youtube#commentThread,D_MYvc7AomJ9YMy4J6wR1GLk0MY,UgwOXl1h7wzlvHW7N8J4AaABAg,"{'videoId': 'ZBaqttk_mG8', 'topLevelComment': {'kind': 'youtube#comment', 'etag': 'tbGWrdAJMJ8d_BwoUH9MBWT7x38', 'id': 'UgwOXl1h7wzlvHW7N8J4AaABAg', 'snippet': {'videoId': 'ZBaqttk_mG8', 'textDisplay': 'presidente tranquilo porque não mente reponde as perguntas na ponta da língua e da uma aula 🇧🇷🇧🇷🇧🇷💚💚💛💛💛 22 22 22 22', 'textOriginal': 'presidente tranquilo porque não mente reponde as perguntas na ponta da língua e da uma aula 🇧🇷🇧🇷🇧🇷💚💚💛💛💛 22 22 22 22', 'authorDisplayName': 'Maria Dias gomes', 'authorProfileImageUrl': 'https://yt3.ggpht.com/ytc/AGIKgqN0c3FfN3T03LAqCjedq2keEp9Bpto-bC4oFQ=s48-c-k-c0x00ffffff-no-rj', 'authorChannelUrl': 'http://www.youtube.com/channel/UCgVebjeQ6uBhGBC2ujlnkrg', 'authorChannelId': {'value': 'UCgVebjeQ6uBhGBC2ujlnkrg'}, 'canRate': True, 'viewerRating': 'none', 'likeCount': 2, 'publishedAt': '2022-10-22T01:24:11Z', 'updatedAt': '2022-10-22T01:24:11Z'}}, 'canReply': True, 'totalReplyCount': 0, 'isPublic': True}",,UCgVebjeQ6uBhGBC2ujlnkrg,2022-10-22T01:24:11Z,presidente tranquilo porque não mente reponde as perguntas na ponta da língua e da uma aula 🇧🇷🇧🇷🇧🇷💚💚💛💛💛 22 22 22 22,QURTSl9pMl9XYmNzRkdoMUNySGtqNUs3bUw5emU3M0dDYmk3VTNuOTJmd3MtekN1ZkpvcXJnbEdfYU0tY0I0aDJTanp3UTA2dm1lekRTeVlhNlJRbTE4bnVwcl83dXBDSGc=,2023-06-08 12:23:52.067969
youtube#commentThread,BZI0V_0wMS1_1ol-xi56kD9MARE,UgxmabXI-3H9UshiQ014AaABAg,"{'videoId': 'ZBaqttk_mG8', 'topLevelComment': {'kind': 'youtube#comment', 'etag': 'AM4AN5VIObXYHkiwPWO4_utDUj0', 'id': 'UgxmabXI-3H9UshiQ014AaABAg', 'snippet': {'videoId': 'ZBaqttk_mG8', 'textDisplay': 'A esquerda é um bando de VAGABUNDOS e covardes que é contra o BRASIL, SÃO UM BANDO DE CORRUPTOS', 'textOriginal': 'A esquerda é um bando de VAGABUNDOS e covardes que é contra o BRASIL, SÃO UM BANDO DE CORRUPTOS', 'authorDisplayName': 'JOSE PEREIRA', 'authorProfileImageUrl': 'https://yt3.ggpht.com/ytc/AGIKgqO8PNIaBsa-rfKuowmeig6ItlWdTT7lfUDY3peLe3Y=s48-c-k-c0x00ffffff-no-rj', 'authorChannelUrl': 'http://www.youtube.com/channel/UCrFD36d9pLkCmq3sK8yA7tw', 'authorChannelId': {'value': 'UCrFD36d9pLkCmq3sK8yA7tw'}, 'canRate': True, 'viewerRating': 'none', 'likeCount': 0, 'publishedAt': '2022-10-22T01:23:40Z', 'updatedAt': '2022-10-22T01:23:40Z'}}, 'canReply': True, 'totalReplyCount': 0, 'isPublic': True}",,UCrFD36d9pLkCmq3sK8yA7tw,2022-10-22T01:23:40Z,"A esquerda é um bando de VAGABUNDOS e covardes que é contra o BRASIL, SÃO UM BANDO DE CORRUPTOS",QURTSl9pMl9XYmNzRkdoMUNySGtqNUs3bUw5emU3M0dDYmk3VTNuOTJmd3MtekN1ZkpvcXJnbEdfYU0tY0I0aDJTanp3UTA2dm1lekRTeVlhNlJRbTE4bnVwcl83dXBDSGc=,2023-06-08 12:23:52.067969
youtube#commentThread,0gNU8eWkG7s8QPdtd4gtf-uLQZs,UgwCY6nczAv7Z_LxHgp4AaABAg,"{'videoId': 'ZBaqttk_mG8', 'topLevelComment': {'kind': 'youtube#comment', 'etag': 'y-CAJbvmNLSSgOn4oefMf8E0_iY', 'id': 'UgwCY6nczAv7Z_LxHgp4AaABAg', 'snippet': {'videoId': 'ZBaqttk_mG8', 'textDisplay': 'Juntos com o presidente e equipe', 'textOriginal': 'Juntos com o presidente e equipe', 'authorDisplayName': 'Cimara Tranchezzi', 'authorProfileImageUrl': 'https://yt3.ggpht.com/ytc/AGIKgqPVyC7eTec6F00TEvUkik87EIwJsCnXdh9YiA=s48-c-k-c0x00ffffff-no-rj', 'authorChannelUrl': 'http://www.youtube.com/channel/UCK9957Vrmd8Q-eYN2bUIr6A', 'authorChannelId': {'value': 'UCK9957Vrmd8Q-eYN2bUIr6A'}, 'canRate': True, 'viewerRating': 'none', 'likeCount': 4, 'publishedAt': '2022-10-22T01:17:20Z', 'updatedAt': '2022-10-22T01:17:20Z'}}, 'canReply': True, 'totalReplyCount': 0, 'isPublic': True}",,UCK9957Vrmd8Q-eYN2bUIr6A,2022-10-22T01:17:20Z,Juntos com o presidente e equipe,QURTSl9pMl9XYmNzRkdoMUNySGtqNUs3bUw5emU3M0dDYmk3VTNuOTJmd3MtekN1ZkpvcXJnbEdfYU0tY0I0aDJTanp3UTA2dm1lekRTeVlhNlJRbTE4bnVwcl83dXBDSGc=,2023-06-08 12:23:52.067969
youtube#commentThread,za7HxjoX7WunmIXauy2UGeHs6u4,Ugwil6y_Obl5yUOqPwt4AaABAg,"{'videoId': 'ZBaqttk_mG8', 'topLevelComment': {'kind': 'youtube#comment', 'etag': 'N_oc7j8jwPWg_pZ7L6ckfjS3Yzs', 'id': 'Ugwil6y_Obl5yUOqPwt4AaABAg', 'snippet': {'videoId': 'ZBaqttk_mG8', 'textDisplay': '🙏🏼🇧🇷🙏🏼', 'textOriginal': '🙏🏼🇧🇷🙏🏼', 'authorDisplayName': 'ivone rocha', 'authorProfileImageUrl': 'https://yt3.ggpht.com/RnhUwrl6NJMmTQu3TsJT4QJOxTdGC4FROEo7tbHmiWh68KRztO82qfgQU3OFcvQEd7aeX3ODP5U=s48-c-k-c0x00ffffff-no-rj', 'authorChannelUrl': 'http://www.youtube.com/channel/UCHuiCgp6SPQ5LQOBftNTQ2w', 'authorChannelId': {'value': 'UCHuiCgp6SPQ5LQOBftNTQ2w'}, 'canRate': True, 'viewerRating': 'none', 'likeCount': 1, 'publishedAt': '2022-10-22T01:13:40Z', 'updatedAt': '2022-10-22T01:13:40Z'}}, 'canReply': True, 'totalReplyCount': 0, 'isPublic': True}",,UCHuiCgp6SPQ5LQOBftNTQ2w,2022-10-22T01:13:40Z,🙏🏼🇧🇷🙏🏼,QURTSl9pMl9XYmNzRkdoMUNySGtqNUs3bUw5emU3M0dDYmk3VTNuOTJmd3MtekN1ZkpvcXJnbEdfYU0tY0I0aDJTanp3UTA2dm1lekRTeVlhNlJRbTE4bnVwcl83dXBDSGc=,2023-06-08 12:23:52.067969
youtube#commentThread,g7yXiMJuv8YGnYiwETYtNl06lR8,UgxbEOoHVQNjoZVDc4d4AaABAg,"{'videoId': 'ZBaqttk_mG8', 'topLevelComment': {'kind': 'youtube#comment', 'etag': 'Bww75RMNzz7vSTupJycrgKrS5lc', 'id': 'UgxbEOoHVQNjoZVDc4d4AaABAg', 'snippet': {'videoId': 'ZBaqttk_mG8', 'textDisplay': 'Aqueles que ainda não acordaram, está aí pra todos assistirem, as censuras do tse, a pedido do PT. Vcs imaginem se eles ganharem o poder.Que Deus tenha misericórdia do nosso povo, pra que não viremos uma Venezuela....🙏🙏🙏🙏🙏', 'textOriginal': 'Aqueles que ainda não acordaram, está aí pra todos assistirem, as censuras do tse, a pedido do PT. Vcs imaginem se eles ganharem o poder.Que Deus tenha misericórdia do nosso povo, pra que não viremos uma Venezuela....🙏🙏🙏🙏🙏', 'authorDisplayName': 'Marina', 'authorProfileImageUrl': 'https://yt3.ggpht.com/ytc/AGIKgqOF063ABVIgNrvTg7g8GHLwfN9Ehl0MKlT5u75XNQXdPwIQFD9bDE-IMbZB6Ppw=s48-c-k-c0x00ffffff-no-rj', 'authorChannelUrl': 'http://www.youtube.com/channel/UCe6r4MRmz7M2uYRbVOcWyeQ', 'authorChannelId': {'value': 'UCe6r4MRmz7M2uYRbVOcWyeQ'}, 'canRate': True, 'viewerRating': 'none', 'likeCount': 0, 'publishedAt': '2022-10-22T01:05:22Z', 'updatedAt': '2022-10-22T01:05:22Z'}}, 'canReply': True, 'totalReplyCount': 0, 'isPublic': True}",,UCe6r4MRmz7M2uYRbVOcWyeQ,2022-10-22T01:05:22Z,"Aqueles que ainda não acordaram, está aí pra todos assistirem, as censuras do tse, a pedido do PT. Vcs imaginem se eles ganharem o poder.Que Deus tenha misericórdia do nosso povo, pra que não viremos uma Venezuela....🙏🙏🙏🙏🙏",QURTSl9pMl9XYmNzRkdoMUNySGtqNUs3bUw5emU3M0dDYmk3VTNuOTJmd3MtekN1ZkpvcXJnbEdfYU0tY0I0aDJTanp3UTA2dm1lekRTeVlhNlJRbTE4bnVwcl83dXBDSGc=,2023-06-08 12:23:52.067969
youtube#commentThread,QKY00LbrQH28JF9Ofro0Yewb6z4,Ugw8BQPr57CHAheOOFl4AaABAg,"{'videoId': 'ZBaqttk_mG8', 'topLevelComment': {'kind': 'youtube#comment', 'etag': 'n91taYzsdXB6Cv8oa4lB0a3r6kA', 'id': 'Ugw8BQPr57CHAheOOFl4AaABAg', 'snippet': {'videoId': 'ZBaqttk_mG8', 'textDisplay': '🇧🇷🇧🇷💚💛👏<a href=""http://www.youtube.com/results?search_query=%23fechados"">#FECHADOS</a> COM BOLSONARO', 'textOriginal': '🇧🇷🇧🇷💚💛👏#FECHADOS COM BOLSONARO', 'authorDisplayName': 'Ivani Freitas', 'authorProfileImageUrl': 'https://yt3.ggpht.com/ytc/AGIKgqOf8YXPkDuM0R_9DXnErHdOz-FaPcMthwsd1Q=s48-c-k-c0x00ffffff-no-rj', 'authorChannelUrl': 'http://www.youtube.com/channel/UCl2XLPLXRevIZfZ0iE11JgQ', 'authorChannelId': {'value': 'UCl2XLPLXRevIZfZ0iE11JgQ'}, 'canRate': True, 'viewerRating': 'none', 'likeCount': 1, 'publishedAt': '2022-10-22T00:54:28Z', 'updatedAt': '2022-10-22T00:54:28Z'}}, 'canReply': True, 'totalReplyCount': 0, 'isPublic': True}",,UCl2XLPLXRevIZfZ0iE11JgQ,2022-10-22T00:54:28Z,🇧🇷🇧🇷💚💛👏#FECHADOS COM BOLSONARO,QURTSl9pMl9XYmNzRkdoMUNySGtqNUs3bUw5emU3M0dDYmk3VTNuOTJmd3MtekN1ZkpvcXJnbEdfYU0tY0I0aDJTanp3UTA2dm1lekRTeVlhNlJRbTE4bnVwcl83dXBDSGc=,2023-06-08 12:23:52.067969
youtube#commentThread,rWIY1474NBIaI7D_zqKu3ZL6fgg,UgxRo6WNL0PETpzUsqt4AaABAg,"{'videoId': 'ZBaqttk_mG8', 'topLevelComment': {'kind': 'youtube#comment', 'etag': 'XdvlbMHX61CDH1u7Eami6gkLPGQ', 'id': 'UgxRo6WNL0PETpzUsqt4AaABAg', 'snippet': {'videoId': 'ZBaqttk_mG8', 'textDisplay': 'Fechado  com bolsonaro.', 'textOriginal': 'Fechado  com bolsonaro.', 'authorDisplayName': 'Joao costa Berone 22', 'authorProfileImageUrl': 'https://yt3.ggpht.com/wJ04p-vTRoDRRnqRsW3FtHfozmlCSW41opJmoVHmqMra-L0lpGifWnxWYuPrXD5m5OkL__WYS0M=s48-c-k-c0x00ffffff-no-rj', 'authorChannelUrl': 'http://www.youtube.com/channel/UCBtEBTPW0jECISdo9VgjS5A', 'authorChannelId': {'value': 'UCBtEBTPW0jECISdo9VgjS5A'}, 'canRate': True, 'viewerRating': 'none', 'likeCount': 0, 'publishedAt': '2022-10-22T00:53:32Z', 'updatedAt': '2022-10-22T00:53:32Z'}}, 'canReply': True, 'totalReplyCount': 0, 'isPublic': True}",,UCBtEBTPW0jECISdo9VgjS5A,2022-10-22T00:53:32Z,Fechado  com bolsonaro.,QURTSl9pMl9XYmNzRkdoMUNySGtqNUs3bUw5emU3M0dDYmk3VTNuOTJmd3MtekN1ZkpvcXJnbEdfYU0tY0I0aDJTanp3UTA2dm1lekRTeVlhNlJRbTE4bnVwcl83dXBDSGc=,2023-06-08 12:23:52.067969
youtube#commentThread,RngvTaw9n5ENnS4_yMvqhHYIp_w,Ugx8c7wgC6N0JIZo0Xx4AaABAg,"{'videoId': 'ZBaqttk_mG8', 'topLevelComment': {'kind': 'youtube#comment', 'etag': 'X67083XvT9_FTsJipWJ8ChYi7wU', 'id': 'Ugx8c7wgC6N0JIZo0Xx4AaABAg', 'snippet': {'videoId': 'ZBaqttk_mG8', 'textDisplay': 'No dia que eles falarem a verdade , ninguém vai acreditar o pt está em total  descrédito', 'textOriginal': 'No dia que eles falarem a verdade , ninguém vai acreditar o pt está em total  descrédito', 'authorDisplayName': 'Lucineide Guimarães', 'authorProfileImageUrl': 'https://yt3.ggpht.com/ytc/AGIKgqNAXlkumgZ86ht8g38zOytmigGaDtGAkeC48A=s48-c-k-c0x00ffffff-no-rj', 'authorChannelUrl': 'http://www.youtube.com/channel/UCOGNxL0aZdJwFwgOQRzvTdg', 'authorChannelId': {'value': 'UCOGNxL0aZdJwFwgOQRzvTdg'}, 'canRate': True, 'viewerRating': 'none', 'likeCount': 0, 'publishedAt': '2022-10-22T00:50:30Z', 'updatedAt': '2022-10-22T00:50:30Z'}}, 'canReply': True, 'totalReplyCount': 0, 'isPublic': True}",,UCOGNxL0aZdJwFwgOQRzvTdg,2022-10-22T00:50:30Z,"No dia que eles falarem a verdade , ninguém vai acreditar o pt está em total  descrédito",QURTSl9pMl9XYmNzRkdoMUNySGtqNUs3bUw5emU3M0dDYmk3VTNuOTJmd3MtekN1ZkpvcXJnbEdfYU0tY0I0aDJTanp3UTA2dm1lekRTeVlhNlJRbTE4bnVwcl83dXBDSGc=,2023-06-08 12:23:52.067969
youtube#commentThread,S53_o9lSBPr9FRMUsZcCuBIjZ2o,Ugy0cqR0uiP0PvyTvip4AaABAg,"{'videoId': 'ZBaqttk_mG8', 'topLevelComment': {'kind': 'youtube#comment', 'etag': 'W4zZ0CIaxmLJjzNgMhWjcO0F9IE', 'id': 'Ugy0cqR0uiP0PvyTvip4AaABAg', 'snippet': {'videoId': 'ZBaqttk_mG8', 'textDisplay': 'Unir para vencer<br>Não me recordo a época<br>Mas a Globo abriu um espaço de 30 segundos no jornal nacional<br>A Todos os brasileiros.<br>Para falar seu nome estado e município e fazer suas reivindicações...<br>Essas últimas decisões tomadas pelo  STF sem querer nos deram a chave da vitória...<br>Vamos pedir..: A deputados senadores ,governadores Prefeitos, assessores, vereadores, juristas, repórteres jornalistas pastores padres empresários e a população em geral.... Onde cada um Deve simplesmente   opinar sobre a  censura ...E dizer o que é  contra e a favor em nosso país...<br>Exemplo..<br> Digo não a Censura e não concordo com decisões da justiça ou partidária injusta que beneficiou a minoria ou a si próprio...<br>Sou a favor da liberdade de expressão da família da saúde e educação do desenvolvimento social e do crescimento do Brasil....🙌', 'textOriginal': 'Unir para vencer\\nNão me recordo a época\\nMas a Globo abriu um espaço de 30 segundos no jornal nacional\\nA Todos os brasileiros.\\nPara falar seu nome estado e município e fazer suas reivindicações...\\nEssas últimas decisões tomadas pelo  STF sem querer nos deram a chave da vitória...\\nVamos pedir..: A deputados senadores ,governadores Prefeitos, assessores, vereadores, juristas, repórteres jornalistas pastores padres empresários e a população em geral.... Onde cada um Deve simplesmente   opinar sobre a  censura ...E dizer o que é  contra e a favor em nosso país...\\nExemplo..\\n Digo não a Censura e não concordo com decisões da justiça ou partidária injusta que beneficiou a minoria ou a si próprio...\\nSou a favor da liberdade de expressão da família da saúde e educação do desenvolvimento social e do crescimento do Brasil....🙌', 'authorDisplayName': 'Jose marcelo Marcelo', 'authorProfileImageUrl': 'https://yt3.ggpht.com/ytc/AGIKgqMXe0R-cZMGB5DXV-4xaNGEcCcVyXNn1JqHJw=s48-c-k-c0x00ffffff-no-rj', 'authorChannelUrl': 'http://www.youtube.com/channel/UCHW_5zEZqQo6AuP6hS3xYyw', 'authorChannelId': {'value': 'UCHW_5zEZqQo6AuP6hS3xYyw'}, 'canRate': True, 'viewerRating': 'none', 'likeCount': 0, 'publishedAt': '2022-10-22T00:49:36Z', 'updatedAt': '2022-10-22T00:49:36Z'}}, 'canReply': True, 'totalReplyCount': 0, 'isPublic': True}",,UCHW_5zEZqQo6AuP6hS3xYyw,2022-10-22T00:49:36Z,"Unir para vencer
Não me recordo a época
Mas a Globo abriu um espaço de 30 segundos no jornal nacional
A Todos os brasileiros.
Para falar seu nome estado e município e fazer suas reivindicações...
Essas últimas decisões tomadas pelo  STF sem querer nos deram a chave da vitória...
Vamos pedir..: A deputados senadores ,governadores Prefeitos, assessores, vereadores, juristas, repórteres jornalistas pastores padres empresários e a população em geral.... Onde cada um Deve simplesmente   opinar sobre a  censura ...E dizer o que é  contra e a favor em nosso país...
Exemplo..
 Digo não a Censura e não concordo com decisões da justiça ou partidária injusta que beneficiou a minoria ou a si próprio...
Sou a favor da liberdade de expressão da família da saúde e educação do desenvolvimento social e do crescimento do Brasil....🙌",QURTSl9pMl9XYmNzRkdoMUNySGtqNUs3bUw5emU3M0dDYmk3VTNuOTJmd3MtekN1ZkpvcXJnbEdfYU0tY0I0aDJTanp3UTA2dm1lekRTeVlhNlJRbTE4bnVwcl83dXBDSGc=,2023-06-08 12:23:52.067969
youtube#commentThread,h3dC5ckQ876j5_iuSzYNwPZP3Z4,UgyKPoNkTtRbwJ2THv54AaABAg,"{'videoId': 'ZBaqttk_mG8', 'topLevelComment': {'kind': 'youtube#comment', 'etag': 'zBRibkUXb8QrRAM16lbORzSdnaA', 'id': 'UgyKPoNkTtRbwJ2THv54AaABAg', 'snippet': {'videoId': 'ZBaqttk_mG8', 'textDisplay': 'Esse André Janones é o tipo de político que os brasileiros não queremos mais, mente uma atrás da outra, vamos ver quando o congresso caçar o seu mandato. 😡', 'textOriginal': 'Esse André Janones é o tipo de político que os brasileiros não queremos mais, mente uma atrás da outra, vamos ver quando o congresso caçar o seu mandato. 😡', 'authorDisplayName': 'francisco rodrigues', 'authorProfileImageUrl': 'https://yt3.ggpht.com/ytc/AGIKgqOKNXOnXY14XIqq0aFO3eVu_KSkNbecaiWIa3gp6g=s48-c-k-c0x00ffffff-no-rj', 'authorChannelUrl': 'http://www.youtube.com/channel/UCl47K0lNwyXB61G5b_Vvaww', 'authorChannelId': {'value': 'UCl47K0lNwyXB61G5b_Vvaww'}, 'canRate': True, 'viewerRating': 'none', 'likeCount': 0, 'publishedAt': '2022-10-22T00:47:32Z', 'updatedAt': '2022-10-22T00:47:32Z'}}, 'canReply': True, 'totalReplyCount': 0, 'isPublic': True}",,UCl47K0lNwyXB61G5b_Vvaww,2022-10-22T00:47:32Z,"Esse André Janones é o tipo de político que os brasileiros não queremos mais, mente uma atrás da outra, vamos ver quando o congresso caçar o seu mandato. 😡",QURTSl9pMl9XYmNzRkdoMUNySGtqNUs3bUw5emU3M0dDYmk3VTNuOTJmd3MtekN1ZkpvcXJnbEdfYU0tY0I0aDJTanp3UTA2dm1lekRTeVlhNlJRbTE4bnVwcl83dXBDSGc=,2023-06-08 12:23:52.067969
youtube#commentThread,W__IDmG4FoWfVoB6Z1iRUikP8DM,UgxFCz3YIrSSZG1PvmB4AaABAg,"{'videoId': 'ZBaqttk_mG8', 'topLevelComment': {'kind': 'youtube#comment', 'etag': 'eWkCKOJSMijMb9y23WNoaD9ULTQ', 'id': 'UgxFCz3YIrSSZG1PvmB4AaABAg', 'snippet': {'videoId': 'ZBaqttk_mG8', 'textDisplay': 'Só tolo acredita nessas conversas de janones, Lula e sua patota, o PR JB já mostrou quem é assim como o nove dedos já mostrou quem é e mesmo assim ainda tem quem leva a sério o que ele diz.', 'textOriginal': 'Só tolo acredita nessas conversas de janones, Lula e sua patota, o PR JB já mostrou quem é assim como o nove dedos já mostrou quem é e mesmo assim ainda tem quem leva a sério o que ele diz.', 'authorDisplayName': 'Olenildes Silva Mendonça', 'authorProfileImageUrl': 'https://yt3.ggpht.com/ytc/AGIKgqPgYtRgONM0WPsTqRkRVJVfWBZoreX6shfJXecrZw=s48-c-k-c0x00ffffff-no-rj', 'authorChannelUrl': 'http://www.youtube.com/channel/UComAJ_ax9KBtI9MmDEw09zA', 'authorChannelId': {'value': 'UComAJ_ax9KBtI9MmDEw09zA'}, 'canRate': True, 'viewerRating': 'none', 'likeCount': 0, 'publishedAt': '2022-10-22T00:41:48Z', 'updatedAt': '2022-10-22T00:41:48Z'}}, 'canReply': True, 'totalReplyCount': 0, 'isPublic': True}",,UComAJ_ax9KBtI9MmDEw09zA,2022-10-22T00:41:48Z,"Só tolo acredita nessas conversas de janones, Lula e sua patota, o PR JB já mostrou quem é assim como o nove dedos já mostrou quem é e mesmo assim ainda tem quem leva a sério o que ele diz.",QURTSl9pMl9XYmNzRkdoMUNySGtqNUs3bUw5emU3M0dDYmk3VTNuOTJmd3MtekN1ZkpvcXJnbEdfYU0tY0I0aDJTanp3UTA2dm1lekRTeVlhNlJRbTE4bnVwcl83dXBDSGc=,2023-06-08 12:23:52.067969
youtube#commentThread,90wdZU8BlM0I0p5NOc15p0b-4Js,UgzhNr5Kzbiqh-rG0K94AaABAg,"{'videoId': 'ZBaqttk_mG8', 'topLevelComment': {'kind': 'youtube#comment', 'etag': '7eimd-2GAX9AzaSPb6_endMpqpU', 'id': 'UgzhNr5Kzbiqh-rG0K94AaABAg', 'snippet': {'videoId': 'ZBaqttk_mG8', 'textDisplay': 'Não há nenhuma instituição brasileira que seja responsável por acabar com estes desmandos? Cadê o Senado??? Não são eles os responsáveis? Serão cobrados. Veja o que aconteceu no primeiro turno. O povo não perdoa não', 'textOriginal': 'Não há nenhuma instituição brasileira que seja responsável por acabar com estes desmandos? Cadê o Senado??? Não são eles os responsáveis? Serão cobrados. Veja o que aconteceu no primeiro turno. O povo não perdoa não', 'authorDisplayName': 'MariVi', 'authorProfileImageUrl': 'https://yt3.ggpht.com/ytc/AGIKgqMOyTP6IVGgMBeAki8NPX5Wo0P7FJ9YvARjJw=s48-c-k-c0x00ffffff-no-rj', 'authorChannelUrl': 'http://www.youtube.com/channel/UCZSkROI8cHEvLLqCEsM3h7w', 'authorChannelId': {'value': 'UCZSkROI8cHEvLLqCEsM3h7w'}, 'canRate': True, 'viewerRating': 'none', 'likeCount': 0, 'publishedAt': '2022-10-22T00:41:19Z', 'updatedAt': '2022-10-22T00:41:19Z'}}, 'canReply': True, 'totalReplyCount': 0, 'isPublic': True}",,UCZSkROI8cHEvLLqCEsM3h7w,2022-10-22T00:41:19Z,Não há nenhuma instituição brasileira que seja responsável por acabar com estes desmandos? Cadê o Senado??? Não são eles os responsáveis? Serão cobrados. Veja o que aconteceu no primeiro turno. O povo não perdoa não,QURTSl9pMl9XYmNzRkdoMUNySGtqNUs3bUw5emU3M0dDYmk3VTNuOTJmd3MtekN1ZkpvcXJnbEdfYU0tY0I0aDJTanp3UTA2dm1lekRTeVlhNlJRbTE4bnVwcl83dXBDSGc=,2023-06-08 12:23:52.067969
youtube#commentThread,fJc3KWweB9wDM-rK7_A5MaHA9GY,Ugxz_pNzlzlxGRHbCQR4AaABAg,"{'videoId': 'ZBaqttk_mG8', 'topLevelComment': {'kind': 'youtube#comment', 'etag': 'TAlmnqzZojU3_PZJ4bkwPBJPYgE', 'id': 'Ugxz_pNzlzlxGRHbCQR4AaABAg', 'snippet': {'videoId': 'ZBaqttk_mG8', 'textDisplay': 'Esas é una guerra.', 'textOriginal': 'Esas é una guerra.', 'authorDisplayName': 'Eliane Guedes', 'authorProfileImageUrl': 'https://yt3.ggpht.com/ytc/AGIKgqME2tmNpLnQE9ZHlp8pJ6ckxNeDUibn-P2LgZetrg=s48-c-k-c0x00ffffff-no-rj', 'authorChannelUrl': 'http://www.youtube.com/channel/UCEnLMlMI9o9mA4e9dBqy4zg', 'authorChannelId': {'value': 'UCEnLMlMI9o9mA4e9dBqy4zg'}, 'canRate': True, 'viewerRating': 'none', 'likeCount': 0, 'publishedAt': '2022-10-22T00:39:22Z', 'updatedAt': '2022-10-22T00:39:22Z'}}, 'canReply': True, 'totalReplyCount': 0, 'isPublic': True}",,UCEnLMlMI9o9mA4e9dBqy4zg,2022-10-22T00:39:22Z,Esas é una guerra.,QURTSl9pMl9XYmNzRkdoMUNySGtqNUs3bUw5emU3M0dDYmk3VTNuOTJmd3MtekN1ZkpvcXJnbEdfYU0tY0I0aDJTanp3UTA2dm1lekRTeVlhNlJRbTE4bnVwcl83dXBDSGc=,2023-06-08 12:23:52.067969
youtube#commentThread,hTcLsJYzI2C-dQunNvnORZcrAgo,UgwN23_sEckiP7mBSRt4AaABAg,"{'videoId': 'ZBaqttk_mG8', 'topLevelComment': {'kind': 'youtube#comment', 'etag': 'BiVGG7Pq1E5TcDnMMYuzIv4C81Y', 'id': 'UgwN23_sEckiP7mBSRt4AaABAg', 'snippet': {'videoId': 'ZBaqttk_mG8', 'textDisplay': 'Só nos reforça que no Dia 30 é Bolsonaro22 e Tarcísio10 para Governador de SP🇧🇷🇧🇷🇧🇷🇧🇷🇧🇷🇧🇷🇧🇷🇧🇷🇧🇷🇧🇷🇧🇷🇧🇷🇧🇷🇧🇷🇧🇷🇧🇷🇧🇷🇧🇷🇧🇷', 'textOriginal': 'Só nos reforça que no Dia 30 é Bolsonaro22 e Tarcísio10 para Governador de SP🇧🇷🇧🇷🇧🇷🇧🇷🇧🇷🇧🇷🇧🇷🇧🇷🇧🇷🇧🇷🇧🇷🇧🇷🇧🇷🇧🇷🇧🇷🇧🇷🇧🇷🇧🇷🇧🇷', 'authorDisplayName': 'Deise', 'authorProfileImageUrl': 'https://yt3.ggpht.com/ytc/AGIKgqOUj9ssQ3g7TQDhOMpFlJZk4RmHrOfj1dYzlBTN2fIRzKPBihkR8WkzQe0UeKr1=s48-c-k-c0x00ffffff-no-rj', 'authorChannelUrl': 'http://www.youtube.com/channel/UCpop3Upp9v3PWSlAi9Y-kwQ', 'authorChannelId': {'value': 'UCpop3Upp9v3PWSlAi9Y-kwQ'}, 'canRate': True, 'viewerRating': 'none', 'likeCount': 0, 'publishedAt': '2022-10-22T00:39:21Z', 'updatedAt': '2022-10-22T00:39:21Z'}}, 'canReply': True, 'totalReplyCount': 0, 'isPublic': True}",,UCpop3Upp9v3PWSlAi9Y-kwQ,2022-10-22T00:39:21Z,Só nos reforça que no Dia 30 é Bolsonaro22 e Tarcísio10 para Governador de SP🇧🇷🇧🇷🇧🇷🇧🇷🇧🇷🇧🇷🇧🇷🇧🇷🇧🇷🇧🇷🇧🇷🇧🇷🇧🇷🇧🇷🇧🇷🇧🇷🇧🇷🇧🇷🇧🇷,QURTSl9pMl9XYmNzRkdoMUNySGtqNUs3bUw5emU3M0dDYmk3VTNuOTJmd3MtekN1ZkpvcXJnbEdfYU0tY0I0aDJTanp3UTA2dm1lekRTeVlhNlJRbTE4bnVwcl83dXBDSGc=,2023-06-08 12:23:52.067969
youtube#commentThread,hNaLzLV0I80Ks51Xz4pdo4bUiMQ,Ugx45tfH6LFv-bKH-MV4AaABAg,"{'videoId': 'ZBaqttk_mG8', 'topLevelComment': {'kind': 'youtube#comment', 'etag': 'qymTxB5Y_BaELh73a3xvzbmJQ2Q', 'id': 'Ugx45tfH6LFv-bKH-MV4AaABAg', 'snippet': {'videoId': 'ZBaqttk_mG8', 'textDisplay': 'Ministro Paulo Guedes é fantástico estamos juntos parabéns a todos', 'textOriginal': 'Ministro Paulo Guedes é fantástico estamos juntos parabéns a todos', 'authorDisplayName': 'Eva 🇧🇷', 'authorProfileImageUrl': 'https://yt3.ggpht.com/ytc/AGIKgqMx4NAXU-M7HciZeCai9FaPCywCry5fDHyvF6k7vB4QY2pQ_Pg1baavwqiL3iWA=s48-c-k-c0x00ffffff-no-rj', 'authorChannelUrl': 'http://www.youtube.com/channel/UC15dho13m-9IXihE-rC4BCQ', 'authorChannelId': {'value': 'UC15dho13m-9IXihE-rC4BCQ'}, 'canRate': True, 'viewerRating': 'none', 'likeCount': 7, 'publishedAt': '2022-10-22T00:35:59Z', 'updatedAt': '2022-10-22T00:35:59Z'}}, 'canReply': True, 'totalReplyCount': 0, 'isPublic': True}",,UC15dho13m-9IXihE-rC4BCQ,2022-10-22T00:35:59Z,Ministro Paulo Guedes é fantástico estamos juntos parabéns a todos,QURTSl9pMl9XYmNzRkdoMUNySGtqNUs3bUw5emU3M0dDYmk3VTNuOTJmd3MtekN1ZkpvcXJnbEdfYU0tY0I0aDJTanp3UTA2dm1lekRTeVlhNlJRbTE4bnVwcl83dXBDSGc=,2023-06-08 12:23:52.067969
youtube#commentThread,rXftu1_2BHAQiEOy4EiQ6wO_RRM,UgyDoqsQBUMzf1-hWNV4AaABAg,"{'videoId': 'ZBaqttk_mG8', 'topLevelComment': {'kind': 'youtube#comment', 'etag': 'VTHmDrZC1qsS08C8B8ljSD30zhA', 'id': 'UgyDoqsQBUMzf1-hWNV4AaABAg', 'snippet': {'videoId': 'ZBaqttk_mG8', 'textDisplay': 'Compras so vi uma, n lambro  o none do presidents fui ao mercado e voltei pra casa com 2 Carro do mercado cheo e paguei 80 em dinheiro n sei nome da moeda.', 'textOriginal': 'Compras so vi uma, n lambro  o none do presidents fui ao mercado e voltei pra casa com 2 Carro do mercado cheo e paguei 80 em dinheiro n sei nome da moeda.', 'authorDisplayName': 'Abgail Loureiro Bastos', 'authorProfileImageUrl': 'https://yt3.ggpht.com/ytc/AGIKgqNq4Brqc_zh0Cr_HlbwNmNemhs8ooG0wA8bEw=s48-c-k-c0x00ffffff-no-rj', 'authorChannelUrl': 'http://www.youtube.com/channel/UCD5APz53r4AFWo102KzDYAw', 'authorChannelId': {'value': 'UCD5APz53r4AFWo102KzDYAw'}, 'canRate': True, 'viewerRating': 'none', 'likeCount': 0, 'publishedAt': '2022-10-22T00:35:22Z', 'updatedAt': '2022-10-22T00:35:22Z'}}, 'canReply': True, 'totalReplyCount': 0, 'isPublic': True}",,UCD5APz53r4AFWo102KzDYAw,2022-10-22T00:35:22Z,"Compras so vi uma, n lambro  o none do presidents fui ao mercado e voltei pra casa com 2 Carro do mercado cheo e paguei 80 em dinheiro n sei nome da moeda.",QURTSl9pMl9XYmNzRkdoMUNySGtqNUs3bUw5emU3M0dDYmk3VTNuOTJmd3MtekN1ZkpvcXJnbEdfYU0tY0I0aDJTanp3UTA2dm1lekRTeVlhNlJRbTE4bnVwcl83dXBDSGc=,2023-06-08 12:23:52.067969
youtube#commentThread,4QqAiw7aEfwIl_EJ3epXCYArKjM,Ugyi5bfBfPNmDUwYRrN4AaABAg,"{'videoId': 'ZBaqttk_mG8', 'topLevelComment': {'kind': 'youtube#comment', 'etag': 'z0lc8daJ-MGK5cRv5b632rFRfIw', 'id': 'Ugyi5bfBfPNmDUwYRrN4AaABAg', 'snippet': {'videoId': 'ZBaqttk_mG8', 'textDisplay': 'Bolsonaro reeleito', 'textOriginal': 'Bolsonaro reeleito', 'authorDisplayName': 'Eva 🇧🇷', 'authorProfileImageUrl': 'https://yt3.ggpht.com/ytc/AGIKgqMx4NAXU-M7HciZeCai9FaPCywCry5fDHyvF6k7vB4QY2pQ_Pg1baavwqiL3iWA=s48-c-k-c0x00ffffff-no-rj', 'authorChannelUrl': 'http://www.youtube.com/channel/UC15dho13m-9IXihE-rC4BCQ', 'authorChannelId': {'value': 'UC15dho13m-9IXihE-rC4BCQ'}, 'canRate': True, 'viewerRating': 'none', 'likeCount': 1, 'publishedAt': '2022-10-22T00:35:08Z', 'updatedAt': '2022-10-22T00:35:08Z'}}, 'canReply': True, 'totalReplyCount': 0, 'isPublic': True}",,UC15dho13m-9IXihE-rC4BCQ,2022-10-22T00:35:08Z,Bolsonaro reeleito,QURTSl9pMl9XYmNzRkdoMUNySGtqNUs3bUw5emU3M0dDYmk3VTNuOTJmd3MtekN1ZkpvcXJnbEdfYU0tY0I0aDJTanp3UTA2dm1lekRTeVlhNlJRbTE4bnVwcl83dXBDSGc=,2023-06-08 12:23:52.067969
youtube#commentThread,9Y8kzDJSlQ_DKtVoPqZdGCXV2mg,UgwAHRuNzqEb3XhZSXt4AaABAg,"{'videoId': 'ZBaqttk_mG8', 'topLevelComment': {'kind': 'youtube#comment', 'etag': '6LSoDsPWutTER64Si7zOTVSdmBw', 'id': 'UgwAHRuNzqEb3XhZSXt4AaABAg', 'snippet': {'videoId': 'ZBaqttk_mG8', 'textDisplay': 'Gente não acredite em partido petista este André janones é um hipócrita corrupto junto a este Lula', 'textOriginal': 'Gente não acredite em partido petista este André janones é um hipócrita corrupto junto a este Lula', 'authorDisplayName': 'Eva 🇧🇷', 'authorProfileImageUrl': 'https://yt3.ggpht.com/ytc/AGIKgqMx4NAXU-M7HciZeCai9FaPCywCry5fDHyvF6k7vB4QY2pQ_Pg1baavwqiL3iWA=s48-c-k-c0x00ffffff-no-rj', 'authorChannelUrl': 'http://www.youtube.com/channel/UC15dho13m-9IXihE-rC4BCQ', 'authorChannelId': {'value': 'UC15dho13m-9IXihE-rC4BCQ'}, 'canRate': True, 'viewerRating': 'none', 'likeCount': 1, 'publishedAt': '2022-10-22T00:34:54Z', 'updatedAt': '2022-10-22T00:34:54Z'}}, 'canReply': True, 'totalReplyCount': 0, 'isPublic': True}",,UC15dho13m-9IXihE-rC4BCQ,2022-10-22T00:34:54Z,Gente não acredite em partido petista este André janones é um hipócrita corrupto junto a este Lula,QURTSl9pMl9XYmNzRkdoMUNySGtqNUs3bUw5emU3M0dDYmk3VTNuOTJmd3MtekN1ZkpvcXJnbEdfYU0tY0I0aDJTanp3UTA2dm1lekRTeVlhNlJRbTE4bnVwcl83dXBDSGc=,2023-06-08 12:23:52.067969
youtube#commentThread,ks62o_c1-gYEeddMKXr6d5xzWGc,Ugzv4EgBcMm8WTJ00GZ4AaABAg,"{'videoId': 'ZBaqttk_mG8', 'topLevelComment': {'kind': 'youtube#comment', 'etag': 'rg8Fey8FUtqiBr9S0XY-TW9HPcA', 'id': 'Ugzv4EgBcMm8WTJ00GZ4AaABAg', 'snippet': {'videoId': 'ZBaqttk_mG8', 'textDisplay': 'Tamo junto', 'textOriginal': 'Tamo junto', 'authorDisplayName': 'Divina Lopes Costa', 'authorProfileImageUrl': 'https://yt3.ggpht.com/ytc/AGIKgqNI3wE6LJEqXv3xZ8arUDOEzM8Ret_OaBCss6pbRiU4hlPq6RmstJI3Taftnx1P=s48-c-k-c0x00ffffff-no-rj', 'authorChannelUrl': 'http://www.youtube.com/channel/UCTCMdBcd60a2KX7ypyUzqlQ', 'authorChannelId': {'value': 'UCTCMdBcd60a2KX7ypyUzqlQ'}, 'canRate': True, 'viewerRating': 'none', 'likeCount': 0, 'publishedAt': '2022-10-22T00:33:34Z', 'updatedAt': '2022-10-22T00:33:34Z'}}, 'canReply': True, 'totalReplyCount': 0, 'isPublic': True}",,UCTCMdBcd60a2KX7ypyUzqlQ,2022-10-22T00:33:34Z,Tamo junto,QURTSl9pMl9XYmNzRkdoMUNySGtqNUs3bUw5emU3M0dDYmk3VTNuOTJmd3MtekN1ZkpvcXJnbEdfYU0tY0I0aDJTanp3UTA2dm1lekRTeVlhNlJRbTE4bnVwcl83dXBDSGc=,2023-06-08 12:23:52.067969
youtube#commentThread,AfVHAgxpWcxDkTkeIZJ0NpiGyzY,UgwTCqDwSAv_hXquVMh4AaABAg,"{'videoId': 'ZBaqttk_mG8', 'topLevelComment': {'kind': 'youtube#comment', 'etag': 'sFragBPzzq_I7pnLia41m-kwNlo', 'id': 'UgwTCqDwSAv_hXquVMh4AaABAg', 'snippet': {'videoId': 'ZBaqttk_mG8', 'textDisplay': 'Capitao tamo junto sou 22', 'textOriginal': 'Capitao tamo junto sou 22', 'authorDisplayName': 'Divina Lopes Costa', 'authorProfileImageUrl': 'https://yt3.ggpht.com/ytc/AGIKgqNI3wE6LJEqXv3xZ8arUDOEzM8Ret_OaBCss6pbRiU4hlPq6RmstJI3Taftnx1P=s48-c-k-c0x00ffffff-no-rj', 'authorChannelUrl': 'http://www.youtube.com/channel/UCTCMdBcd60a2KX7ypyUzqlQ', 'authorChannelId': {'value': 'UCTCMdBcd60a2KX7ypyUzqlQ'}, 'canRate': True, 'viewerRating': 'none', 'likeCount': 0, 'publishedAt': '2022-10-22T00:33:09Z', 'updatedAt': '2022-10-22T00:33:09Z'}}, 'canReply': True, 'totalReplyCount': 0, 'isPublic': True}",,UCTCMdBcd60a2KX7ypyUzqlQ,2022-10-22T00:33:09Z,Capitao tamo junto sou 22,QURTSl9pMl9XYmNzRkdoMUNySGtqNUs3bUw5emU3M0dDYmk3VTNuOTJmd3MtekN1ZkpvcXJnbEdfYU0tY0I0aDJTanp3UTA2dm1lekRTeVlhNlJRbTE4bnVwcl83dXBDSGc=,2023-06-08 12:23:52.067969
youtube#commentThread,LNdbQQf1w3BbAx90OgG0yW6VGoQ,UgxDOaSz1RQ-9176YVV4AaABAg,"{'videoId': 'ZBaqttk_mG8', 'topLevelComment': {'kind': 'youtube#comment', 'etag': 'lX5qV2AzKJc6QLMPO_Dx-kZ1kQw', 'id': 'UgxDOaSz1RQ-9176YVV4AaABAg', 'snippet': {'videoId': 'ZBaqttk_mG8', 'textDisplay': 'Vamos te dar a resposta lula descondenado, nas urnas 22 🇧🇷🇧🇷🇧🇷🇧🇷🇧🇷 vc vai voltar pra cadeia, <a href=""http://www.youtube.com/results?search_query=%23fecha"">#fecha</a> STF', 'textOriginal': 'Vamos te dar a resposta lula descondenado, nas urnas 22 🇧🇷🇧🇷🇧🇷🇧🇷🇧🇷 vc vai voltar pra cadeia, #fecha STF', 'authorDisplayName': 'Elizangela Magalhães', 'authorProfileImageUrl': 'https://yt3.ggpht.com/ytc/AGIKgqP9yiXXvbqHG7_Li3rD0zgo6AG4uxRMo3YVICMz=s48-c-k-c0x00ffffff-no-rj', 'authorChannelUrl': 'http://www.youtube.com/channel/UC1Bpdkzv2RJErxB0VFVprqQ', 'authorChannelId': {'value': 'UC1Bpdkzv2RJErxB0VFVprqQ'}, 'canRate': True, 'viewerRating': 'none', 'likeCount': 0, 'publishedAt': '2022-10-22T00:30:22Z', 'updatedAt': '2022-10-22T00:30:22Z'}}, 'canReply': True, 'totalReplyCount': 0, 'isPublic': True}",,UC1Bpdkzv2RJErxB0VFVprqQ,2022-10-22T00:30:22Z,"Vamos te dar a resposta lula descondenado, nas urnas 22 🇧🇷🇧🇷🇧🇷🇧🇷🇧🇷 vc vai voltar pra cadeia, #fecha STF",QURTSl9pMl9XYmNzRkdoMUNySGtqNUs3bUw5emU3M0dDYmk3VTNuOTJmd3MtekN1ZkpvcXJnbEdfYU0tY0I0aDJTanp3UTA2dm1lekRTeVlhNlJRbTE4bnVwcl83dXBDSGc=,2023-06-08 12:23:52.067969
youtube#commentThread,my6JuCdcjAjFXWLCcwDYfUMTWfs,UgyATuZyJ32Wnrioofd4AaABAg,"{'videoId': 'ZBaqttk_mG8', 'topLevelComment': {'kind': 'youtube#comment', 'etag': 'Qyr3kcTTQDJCJg3JBeusYoxjUz0', 'id': 'UgyATuZyJ32Wnrioofd4AaABAg', 'snippet': {'videoId': 'ZBaqttk_mG8', 'textDisplay': '<a href=""http://www.youtube.com/results?search_query=%23fechastf"">#fechastf</a>', 'textOriginal': '#fechastf', 'authorDisplayName': 'Elizangela Magalhães', 'authorProfileImageUrl': 'https://yt3.ggpht.com/ytc/AGIKgqP9yiXXvbqHG7_Li3rD0zgo6AG4uxRMo3YVICMz=s48-c-k-c0x00ffffff-no-rj', 'authorChannelUrl': 'http://www.youtube.com/channel/UC1Bpdkzv2RJErxB0VFVprqQ', 'authorChannelId': {'value': 'UC1Bpdkzv2RJErxB0VFVprqQ'}, 'canRate': True, 'viewerRating': 'none', 'likeCount': 0, 'publishedAt': '2022-10-22T00:28:37Z', 'updatedAt': '2022-10-22T00:28:37Z'}}, 'canReply': True, 'totalReplyCount': 0, 'isPublic': True}",,UC1Bpdkzv2RJErxB0VFVprqQ,2022-10-22T00:28:37Z,#fechastf,QURTSl9pMl9XYmNzRkdoMUNySGtqNUs3bUw5emU3M0dDYmk3VTNuOTJmd3MtekN1ZkpvcXJnbEdfYU0tY0I0aDJTanp3UTA2dm1lekRTeVlhNlJRbTE4bnVwcl83dXBDSGc=,2023-06-08 12:23:52.067969
youtube#commentThread,w6vokHw4_ATQw-oNAfVwyzXSLmU,UgwznAPrz07LA-R_8Dt4AaABAg,"{'videoId': 'ZBaqttk_mG8', 'topLevelComment': {'kind': 'youtube#comment', 'etag': 'vDBGgAsnu2BlLBmvjfo4eoGx7sc', 'id': 'UgwznAPrz07LA-R_8Dt4AaABAg', 'snippet': {'videoId': 'ZBaqttk_mG8', 'textDisplay': 'Tá desesperado esse  Lula ladrão, expresidiario,<a href=""http://www.youtube.com/results?search_query=%23fechadocom"">#fechadocom</a> Bolsonaro 💚🇧🇷💚', 'textOriginal': 'Tá desesperado esse  Lula ladrão, expresidiario,#fechadocom Bolsonaro 💚🇧🇷💚', 'authorDisplayName': 'Elizangela Magalhães', 'authorProfileImageUrl': 'https://yt3.ggpht.com/ytc/AGIKgqP9yiXXvbqHG7_Li3rD0zgo6AG4uxRMo3YVICMz=s48-c-k-c0x00ffffff-no-rj', 'authorChannelUrl': 'http://www.youtube.com/channel/UC1Bpdkzv2RJErxB0VFVprqQ', 'authorChannelId': {'value': 'UC1Bpdkzv2RJErxB0VFVprqQ'}, 'canRate': True, 'viewerRating': 'none', 'likeCount': 0, 'publishedAt': '2022-10-22T00:28:15Z', 'updatedAt': '2022-10-22T00:28:15Z'}}, 'canReply': True, 'totalReplyCount': 0, 'isPublic': True}",,UC1Bpdkzv2RJErxB0VFVprqQ,2022-10-22T00:28:15Z,"Tá desesperado esse  Lula ladrão, expresidiario,#fechadocom Bolsonaro 💚🇧🇷💚",QURTSl9pMl9XYmNzRkdoMUNySGtqNUs3bUw5emU3M0dDYmk3VTNuOTJmd3MtekN1ZkpvcXJnbEdfYU0tY0I0aDJTanp3UTA2dm1lekRTeVlhNlJRbTE4bnVwcl83dXBDSGc=,2023-06-08 12:23:52.067969
youtube#commentThread,L-s0IRAQnoAF_aEo6IBMtTjTgc8,UgwubnPbJp1ACnwOc7B4AaABAg,"{'videoId': 'ZBaqttk_mG8', 'topLevelComment': {'kind': 'youtube#comment', 'etag': 'r6zpHuJuzZ9TK_0Y9FzuqKAs5SQ', 'id': 'UgwubnPbJp1ACnwOc7B4AaABAg', 'snippet': {'videoId': 'ZBaqttk_mG8', 'textDisplay': 'Em 2022 vote 22!...', 'textOriginal': 'Em 2022 vote 22!...', 'authorDisplayName': 'Newza Basílio', 'authorProfileImageUrl': 'https://yt3.ggpht.com/ytc/AGIKgqMV4QvLS7zVoA8Cncv5HETSJDB-HgfBOquM4g=s48-c-k-c0x00ffffff-no-rj', 'authorChannelUrl': 'http://www.youtube.com/channel/UCKio0PziN04IGE3drKkKNvA', 'authorChannelId': {'value': 'UCKio0PziN04IGE3drKkKNvA'}, 'canRate': True, 'viewerRating': 'none', 'likeCount': 0, 'publishedAt': '2022-10-22T00:26:14Z', 'updatedAt': '2022-10-22T00:26:14Z'}}, 'canReply': True, 'totalReplyCount': 0, 'isPublic': True}",,UCKio0PziN04IGE3drKkKNvA,2022-10-22T00:26:14Z,Em 2022 vote 22!...,QURTSl9pMl9XYmNzRkdoMUNySGtqNUs3bUw5emU3M0dDYmk3VTNuOTJmd3MtekN1ZkpvcXJnbEdfYU0tY0I0aDJTanp3UTA2dm1lekRTeVlhNlJRbTE4bnVwcl83dXBDSGc=,2023-06-08 12:23:52.067969
youtube#commentThread,nODLTlzAFpUN9588CHn6haQJSnI,Ugw2zTCFn9kMRojMWh54AaABAg,"{'videoId': 'ZBaqttk_mG8', 'topLevelComment': {'kind': 'youtube#comment', 'etag': '8Z7jgv_8Kx3JdPkXNZRYEijyBrY', 'id': 'Ugw2zTCFn9kMRojMWh54AaABAg', 'snippet': {'videoId': 'ZBaqttk_mG8', 'textDisplay': '22 22 22,22,22 <br>22 22,22', 'textOriginal': '22 22 22,22,22 \\n22 22,22', 'authorDisplayName': 'Newza Basílio', 'authorProfileImageUrl': 'https://yt3.ggpht.com/ytc/AGIKgqMV4QvLS7zVoA8Cncv5HETSJDB-HgfBOquM4g=s48-c-k-c0x00ffffff-no-rj', 'authorChannelUrl': 'http://www.youtube.com/channel/UCKio0PziN04IGE3drKkKNvA', 'authorChannelId': {'value': 'UCKio0PziN04IGE3drKkKNvA'}, 'canRate': True, 'viewerRating': 'none', 'likeCount': 0, 'publishedAt': '2022-10-22T00:25:36Z', 'updatedAt': '2022-10-22T00:25:36Z'}}, 'canReply': True, 'totalReplyCount': 0, 'isPublic': True}",,UCKio0PziN04IGE3drKkKNvA,2022-10-22T00:25:36Z,"22 22 22,22,22 
22 22,22",QURTSl9pMl9XYmNzRkdoMUNySGtqNUs3bUw5emU3M0dDYmk3VTNuOTJmd3MtekN1ZkpvcXJnbEdfYU0tY0I0aDJTanp3UTA2dm1lekRTeVlhNlJRbTE4bnVwcl83dXBDSGc=,2023-06-08 12:23:52.067969
youtube#commentThread,tcy-x2Bu30yKZTeWKtNZA8XVciI,UgygYITV7c-pK7F9H6x4AaABAg,"{'videoId': 'ZBaqttk_mG8', 'topLevelComment': {'kind': 'youtube#comment', 'etag': 'JDYVcGDkh1qvaJIogc6qashMbzc', 'id': 'UgygYITV7c-pK7F9H6x4AaABAg', 'snippet': {'videoId': 'ZBaqttk_mG8', 'textDisplay': 'deixa estar  esse vagabundo ainda vai ser cassado e preso', 'textOriginal': 'deixa estar  esse vagabundo ainda vai ser cassado e preso', 'authorDisplayName': 'Roberto Teccel', 'authorProfileImageUrl': 'https://yt3.ggpht.com/ytc/AGIKgqNgP0RfMkO0k8qvajbJvax4ot2uqlLiKifZ0g=s48-c-k-c0x00ffffff-no-rj', 'authorChannelUrl': 'http://www.youtube.com/channel/UCjt71meTWxCQKkQ414YoEGA', 'authorChannelId': {'value': 'UCjt71meTWxCQKkQ414YoEGA'}, 'canRate': True, 'viewerRating': 'none', 'likeCount': 0, 'publishedAt': '2022-10-22T00:25:21Z', 'updatedAt': '2022-10-22T00:25:21Z'}}, 'canReply': True, 'totalReplyCount': 0, 'isPublic': True}",,UCjt71meTWxCQKkQ414YoEGA,2022-10-22T00:25:21Z,deixa estar  esse vagabundo ainda vai ser cassado e preso,QURTSl9pMl9XYmNzRkdoMUNySGtqNUs3bUw5emU3M0dDYmk3VTNuOTJmd3MtekN1ZkpvcXJnbEdfYU0tY0I0aDJTanp3UTA2dm1lekRTeVlhNlJRbTE4bnVwcl83dXBDSGc=,2023-06-08 12:23:52.067969
youtube#commentThread,BU9jCyZqp34iYcixFuCGta1OZBY,Ugz0wTQ71AFcUaZdXc94AaABAg,"{'videoId': 'ZBaqttk_mG8', 'topLevelComment': {'kind': 'youtube#comment', 'etag': 'Yom7-N20Hv8lsC3njSZxoyNw7Eo', 'id': 'Ugz0wTQ71AFcUaZdXc94AaABAg', 'snippet': {'videoId': 'ZBaqttk_mG8', 'textDisplay': 'BOLSONARO 22 🇧🇷🇧🇷🇧🇷', 'textOriginal': 'BOLSONARO 22 🇧🇷🇧🇷🇧🇷', 'authorDisplayName': 'Edilene mãe de três', 'authorProfileImageUrl': 'https://yt3.ggpht.com/ytc/AGIKgqPrZD3kXdJ4Wda-PC8tK4d41tcYA4ElfO9e0l7pP4U=s48-c-k-c0x00ffffff-no-rj', 'authorChannelUrl': 'http://www.youtube.com/channel/UCgnY4_Fzc5kjYK4eLUnMa9g', 'authorChannelId': {'value': 'UCgnY4_Fzc5kjYK4eLUnMa9g'}, 'canRate': True, 'viewerRating': 'none', 'likeCount': 1, 'publishedAt': '2022-10-22T00:22:10Z', 'updatedAt': '2022-10-22T00:22:10Z'}}, 'canReply': True, 'totalReplyCount': 0, 'isPublic': True}",,UCgnY4_Fzc5kjYK4eLUnMa9g,2022-10-22T00:22:10Z,BOLSONARO 22 🇧🇷🇧🇷🇧🇷,QURTSl9pMl9XYmNzRkdoMUNySGtqNUs3bUw5emU3M0dDYmk3VTNuOTJmd3MtekN1ZkpvcXJnbEdfYU0tY0I0aDJTanp3UTA2dm1lekRTeVlhNlJRbTE4bnVwcl83dXBDSGc=,2023-06-08 12:23:52.067969
youtube#commentThread,QzHuOk_LlwfLcBqBRKXH_vEto3k,Ugye-f7xoIn06iKC8dd4AaABAg,"{'videoId': 'ZBaqttk_mG8', 'topLevelComment': {'kind': 'youtube#comment', 'etag': 'APVbWb_VJQaKvHCz0Cv-jWhm07k', 'id': 'Ugye-f7xoIn06iKC8dd4AaABAg', 'snippet': {'videoId': 'ZBaqttk_mG8', 'textDisplay': '<a href=""http://www.youtube.com/results?search_query=%23bolsonaro22"">#Bolsonaro22</a>', 'textOriginal': '#Bolsonaro22', 'authorDisplayName': 'Maria de Fátima Moreira de Carvalho', 'authorProfileImageUrl': 'https://yt3.ggpht.com/ytc/AGIKgqNSsuG2f3g92EkiY_ATeXYiXdy4XI6HG_1zMqrI=s48-c-k-c0x00ffffff-no-rj', 'authorChannelUrl': 'http://www.youtube.com/channel/UCR3nbGfuzv5HSy5gHenu-pw', 'authorChannelId': {'value': 'UCR3nbGfuzv5HSy5gHenu-pw'}, 'canRate': True, 'viewerRating': 'none', 'likeCount': 0, 'publishedAt': '2022-10-22T00:21:57Z', 'updatedAt': '2022-10-22T00:21:57Z'}}, 'canReply': True, 'totalReplyCount': 0, 'isPublic': True}",,UCR3nbGfuzv5HSy5gHenu-pw,2022-10-22T00:21:57Z,#Bolsonaro22,QURTSl9pMl9XYmNzRkdoMUNySGtqNUs3bUw5emU3M0dDYmk3VTNuOTJmd3MtekN1ZkpvcXJnbEdfYU0tY0I0aDJTanp3UTA2dm1lekRTeVlhNlJRbTE4bnVwcl83dXBDSGc=,2023-06-08 12:23:52.067969
youtube#commentThread,VrHY9r8-3nARioMf2-qumNK5XYM,UgwpBabrBVWX_eJvcgR4AaABAg,"{'videoId': 'ZBaqttk_mG8', 'topLevelComment': {'kind': 'youtube#comment', 'etag': 'VT9nc16dOxbwPVoZRV03jYPy5mA', 'id': 'UgwpBabrBVWX_eJvcgR4AaABAg', 'snippet': {'videoId': 'ZBaqttk_mG8', 'textDisplay': 'Até agora vc está deixando o barco correr até quando...', 'textOriginal': 'Até agora vc está deixando o barco correr até quando...', 'authorDisplayName': 'Maria Nascimento', 'authorProfileImageUrl': 'https://yt3.ggpht.com/ytc/AGIKgqMksXW38O-1VU80mB-lFs3T9aYZQUVPnlLg3fY9_DyCahA_Q4vrL3-uSrL3SZ4U=s48-c-k-c0x00ffffff-no-rj', 'authorChannelUrl': 'http://www.youtube.com/channel/UCTOqeXmlEzs7KGPo0yYfeTA', 'authorChannelId': {'value': 'UCTOqeXmlEzs7KGPo0yYfeTA'}, 'canRate': True, 'viewerRating': 'none', 'likeCount': 0, 'publishedAt': '2022-10-22T00:21:28Z', 'updatedAt': '2022-10-22T00:21:28Z'}}, 'canReply': True, 'totalReplyCount': 0, 'isPublic': True}",,UCTOqeXmlEzs7KGPo0yYfeTA,2022-10-22T00:21:28Z,Até agora vc está deixando o barco correr até quando...,QURTSl9pMl9XYmNzRkdoMUNySGtqNUs3bUw5emU3M0dDYmk3VTNuOTJmd3MtekN1ZkpvcXJnbEdfYU0tY0I0aDJTanp3UTA2dm1lekRTeVlhNlJRbTE4bnVwcl83dXBDSGc=,2023-06-08 12:23:52.067969
youtube#commentThread,KwVqPA1O0xFBa5j1-8k6Xk43aDc,UgxX5omfrBNUiRpvsZN4AaABAg,"{'videoId': 'ZBaqttk_mG8', 'topLevelComment': {'kind': 'youtube#comment', 'etag': 'NoeaW-EW-adhpGRIjSyqWhxHvuE', 'id': 'UgxX5omfrBNUiRpvsZN4AaABAg', 'snippet': {'videoId': 'ZBaqttk_mG8', 'textDisplay': 'Essa esquerda e muita suja. Meu maior arrependimento foi ter votado no corrupto do lula por anos. Gracas a Deus desde 2018 consegui abrir meus olhos. Bolsonaro 22', 'textOriginal': 'Essa esquerda e muita suja. Meu maior arrependimento foi ter votado no corrupto do lula por anos. Gracas a Deus desde 2018 consegui abrir meus olhos. Bolsonaro 22', 'authorDisplayName': 'Maria Aparecida Taborda', 'authorProfileImageUrl': 'https://yt3.ggpht.com/ytc/AGIKgqORbuG9dzOMchgxm2TS5J2NstNppqSJkjpu=s48-c-k-c0x00ffffff-no-rj', 'authorChannelUrl': 'http://www.youtube.com/channel/UCKuXZIwcVHNREA8df0YtF8g', 'authorChannelId': {'value': 'UCKuXZIwcVHNREA8df0YtF8g'}, 'canRate': True, 'viewerRating': 'none', 'likeCount': 0, 'publishedAt': '2022-10-22T00:20:03Z', 'updatedAt': '2022-10-22T00:20:03Z'}}, 'canReply': True, 'totalReplyCount': 0, 'isPublic': True}",,UCKuXZIwcVHNREA8df0YtF8g,2022-10-22T00:20:03Z,Essa esquerda e muita suja. Meu maior arrependimento foi ter votado no corrupto do lula por anos. Gracas a Deus desde 2018 consegui abrir meus olhos. Bolsonaro 22,QURTSl9pMl9XYmNzRkdoMUNySGtqNUs3bUw5emU3M0dDYmk3VTNuOTJmd3MtekN1ZkpvcXJnbEdfYU0tY0I0aDJTanp3UTA2dm1lekRTeVlhNlJRbTE4bnVwcl83dXBDSGc=,2023-06-08 12:23:52.067969
youtube#commentThread,LQ_vbWhMV07EsDTBp9ol6sdCPjw,Ugwk8NOg4AfUD2NglwN4AaABAg,"{'videoId': 'ZBaqttk_mG8', 'topLevelComment': {'kind': 'youtube#comment', 'etag': 'EH0B_447kEjkkVhzzJlumv2uT-8', 'id': 'Ugwk8NOg4AfUD2NglwN4AaABAg', 'snippet': {'videoId': 'ZBaqttk_mG8', 'textDisplay': 'Estes pessoas q estam dominsndo as leis apronbeitem  PQ DIA 2 DE OUTUBRO FACAM SUAS MALAS.E UM AVIAO VAO PRA RUSSIA ..NAO QUEREMOS COISA RUIM NO BRASIL', 'textOriginal': 'Estes pessoas q estam dominsndo as leis apronbeitem  PQ DIA 2 DE OUTUBRO FACAM SUAS MALAS.E UM AVIAO VAO PRA RUSSIA ..NAO QUEREMOS COISA RUIM NO BRASIL', 'authorDisplayName': 'Abgail Loureiro Bastos', 'authorProfileImageUrl': 'https://yt3.ggpht.com/ytc/AGIKgqNq4Brqc_zh0Cr_HlbwNmNemhs8ooG0wA8bEw=s48-c-k-c0x00ffffff-no-rj', 'authorChannelUrl': 'http://www.youtube.com/channel/UCD5APz53r4AFWo102KzDYAw', 'authorChannelId': {'value': 'UCD5APz53r4AFWo102KzDYAw'}, 'canRate': True, 'viewerRating': 'none', 'likeCount': 0, 'publishedAt': '2022-10-22T00:19:49Z', 'updatedAt': '2022-10-22T00:19:49Z'}}, 'canReply': True, 'totalReplyCount': 0, 'isPublic': True}",,UCD5APz53r4AFWo102KzDYAw,2022-10-22T00:19:49Z,Estes pessoas q estam dominsndo as leis apronbeitem  PQ DIA 2 DE OUTUBRO FACAM SUAS MALAS.E UM AVIAO VAO PRA RUSSIA ..NAO QUEREMOS COISA RUIM NO BRASIL,QURTSl9pMl9XYmNzRkdoMUNySGtqNUs3bUw5emU3M0dDYmk3VTNuOTJmd3MtekN1ZkpvcXJnbEdfYU0tY0I0aDJTanp3UTA2dm1lekRTeVlhNlJRbTE4bnVwcl83dXBDSGc=,2023-06-08 12:23:52.067969
youtube#commentThread,1mi2nX0V3enPQMvWnmvYtJ98L-s,Ugz7G5HzxCCLOmY0LTV4AaABAg,"{'videoId': 'ZBaqttk_mG8', 'topLevelComment': {'kind': 'youtube#comment', 'etag': 'Fm1vElVJ1zMh14gnDaWsPxqr10E', 'id': 'Ugz7G5HzxCCLOmY0LTV4AaABAg', 'snippet': {'videoId': 'ZBaqttk_mG8', 'textDisplay': 'Nols Presidente  22 de novo,essa esquerda não  vale nada mesmo cada dia que passa eles mesmos se desvalorizam mais', 'textOriginal': 'Nols Presidente  22 de novo,essa esquerda não  vale nada mesmo cada dia que passa eles mesmos se desvalorizam mais', 'authorDisplayName': 'Rita De Cassia', 'authorProfileImageUrl': 'https://yt3.ggpht.com/OiWSRrxIDIEdQJbdNuQO3oUuc_MVUXejR4HOfFgKEGuCGtrPMAP2fg8ZTgBU07Adlj8bwYdCwkc=s48-c-k-c0x00ffffff-no-rj', 'authorChannelUrl': 'http://www.youtube.com/channel/UCi-oWUdTmAgAyUAnmZUTpgA', 'authorChannelId': {'value': 'UCi-oWUdTmAgAyUAnmZUTpgA'}, 'canRate': True, 'viewerRating': 'none', 'likeCount': 0, 'publishedAt': '2022-10-22T00:16:22Z', 'updatedAt': '2022-10-22T00:16:22Z'}}, 'canReply': True, 'totalReplyCount': 0, 'isPublic': True}",,UCi-oWUdTmAgAyUAnmZUTpgA,2022-10-22T00:16:22Z,"Nols Presidente  22 de novo,essa esquerda não  vale nada mesmo cada dia que passa eles mesmos se desvalorizam mais",QURTSl9pMl9XYmNzRkdoMUNySGtqNUs3bUw5emU3M0dDYmk3VTNuOTJmd3MtekN1ZkpvcXJnbEdfYU0tY0I0aDJTanp3UTA2dm1lekRTeVlhNlJRbTE4bnVwcl83dXBDSGc=,2023-06-08 12:23:52.067969
youtube#commentThread,mmWT6ewZS9ThvE_srlnZx-wTNd8,UgyQsG5jl_8QfYj5TYV4AaABAg,"{'videoId': 'ZBaqttk_mG8', 'topLevelComment': {'kind': 'youtube#comment', 'etag': 'cyFz8QgN96UER5k9WuZyTXh3D_M', 'id': 'UgyQsG5jl_8QfYj5TYV4AaABAg', 'snippet': {'videoId': 'ZBaqttk_mG8', 'textDisplay': 'É  verdade esses petistas não  prestam bolsonaro  presidente', 'textOriginal': 'É  verdade esses petistas não  prestam bolsonaro  presidente', 'authorDisplayName': 'Sarah lima de Moraes Moraes', 'authorProfileImageUrl': 'https://yt3.ggpht.com/ytc/AGIKgqOTQSVTGzKuRr-yjr39tnTpZgHya7k9xVEPMw=s48-c-k-c0x00ffffff-no-rj', 'authorChannelUrl': 'http://www.youtube.com/channel/UCCs0IGx5Mp4vqPW4bPMlx2Q', 'authorChannelId': {'value': 'UCCs0IGx5Mp4vqPW4bPMlx2Q'}, 'canRate': True, 'viewerRating': 'none', 'likeCount': 0, 'publishedAt': '2022-10-22T00:15:52Z', 'updatedAt': '2022-10-22T00:15:52Z'}}, 'canReply': True, 'totalReplyCount': 0, 'isPublic': True}",,UCCs0IGx5Mp4vqPW4bPMlx2Q,2022-10-22T00:15:52Z,É  verdade esses petistas não  prestam bolsonaro  presidente,QURTSl9pMl9XYmNzRkdoMUNySGtqNUs3bUw5emU3M0dDYmk3VTNuOTJmd3MtekN1ZkpvcXJnbEdfYU0tY0I0aDJTanp3UTA2dm1lekRTeVlhNlJRbTE4bnVwcl83dXBDSGc=,2023-06-08 12:23:52.067969
youtube#commentThread,5Ku9hGBTkH8EXLFfHsefeQO-8ys,Ugzdwy0_uiPcNfaO3RN4AaABAg,"{'videoId': 'ZBaqttk_mG8', 'topLevelComment': {'kind': 'youtube#comment', 'etag': 'IaCnXkoZu_6YtPsef3uzU1kd2mg', 'id': 'Ugzdwy0_uiPcNfaO3RN4AaABAg', 'snippet': {'videoId': 'ZBaqttk_mG8', 'textDisplay': 'PT  e Lula mentem  e enganam o povo o tempo todo, criam  e distorcem fatos e falas do presidente Bolsonaro ,sempre tentando \\rdividir e causar confusão entre o povo.', 'textOriginal': 'PT  e Lula mentem  e enganam o povo o tempo todo, criam  e distorcem fatos e falas do presidente Bolsonaro ,sempre tentando \\rdividir e causar confusão entre o povo.', 'authorDisplayName': 'Valtair Schmidt', 'authorProfileImageUrl': 'https://yt3.ggpht.com/ytc/AGIKgqOIe7sTxYkFrNFKW5f7LYpJ5nFCT1AesQ_Thw=s48-c-k-c0x00ffffff-no-rj', 'authorChannelUrl': 'http://www.youtube.com/channel/UCZEYjN2uff79MSq-vEsEXIA', 'authorChannelId': {'value': 'UCZEYjN2uff79MSq-vEsEXIA'}, 'canRate': True, 'viewerRating': 'none', 'likeCount': 0, 'publishedAt': '2022-10-22T00:14:40Z', 'updatedAt': '2022-10-22T00:14:40Z'}}, 'canReply': True, 'totalReplyCount': 0, 'isPublic': True}",,UCZEYjN2uff79MSq-vEsEXIA,2022-10-22T00:14:40Z,"PT  e Lula mentem  e enganam o povo o tempo todo, criam  e distorcem fatos e falas do presidente Bolsonaro ,sempre tentando dividir e causar confusão entre o povo.",QURTSl9pMl9XYmNzRkdoMUNySGtqNUs3bUw5emU3M0dDYmk3VTNuOTJmd3MtekN1ZkpvcXJnbEdfYU0tY0I0aDJTanp3UTA2dm1lekRTeVlhNlJRbTE4bnVwcl83dXBDSGc=,2023-06-08 12:23:52.067969
youtube#commentThread,XJR5vjgCXT0lefT_Ioekjo04Q88,UgyzKKPn88pNcfzV3dN4AaABAg,"{'videoId': 'ZBaqttk_mG8', 'topLevelComment': {'kind': 'youtube#comment', 'etag': '9NkGTBo4SuvnJuN4UABQFLCeGDw', 'id': 'UgyzKKPn88pNcfzV3dN4AaABAg', 'snippet': {'videoId': 'ZBaqttk_mG8', 'textDisplay': 'Voltarem atrás quando começaram a perder Paulo Guedes não presta fora Bolsonaro Lula Presidente 13', 'textOriginal': 'Voltarem atrás quando começaram a perder Paulo Guedes não presta fora Bolsonaro Lula Presidente 13', 'authorDisplayName': 'Cidinha Comes', 'authorProfileImageUrl': 'https://yt3.ggpht.com/ytc/AGIKgqMI99gaegt1taBdt3NzpOxhCup9XNzC38CNxg=s48-c-k-c0x00ffffff-no-rj', 'authorChannelUrl': 'http://www.youtube.com/channel/UCT39LwlI0Slrau-fFcTrbwg', 'authorChannelId': {'value': 'UCT39LwlI0Slrau-fFcTrbwg'}, 'canRate': True, 'viewerRating': 'none', 'likeCount': 0, 'publishedAt': '2022-10-22T00:14:20Z', 'updatedAt': '2022-10-22T00:14:20Z'}}, 'canReply': True, 'totalReplyCount': 0, 'isPublic': True}",,UCT39LwlI0Slrau-fFcTrbwg,2022-10-22T00:14:20Z,Voltarem atrás quando começaram a perder Paulo Guedes não presta fora Bolsonaro Lula Presidente 13,QURTSl9pMl9XYmNzRkdoMUNySGtqNUs3bUw5emU3M0dDYmk3VTNuOTJmd3MtekN1ZkpvcXJnbEdfYU0tY0I0aDJTanp3UTA2dm1lekRTeVlhNlJRbTE4bnVwcl83dXBDSGc=,2023-06-08 12:23:52.067969
youtube#commentThread,Ypv76XmLWW1PUEAi_TOmSZ3Md1w,UgxbH5eqjw9jrSozQ-d4AaABAg,"{'videoId': 'ZBaqttk_mG8', 'topLevelComment': {'kind': 'youtube#comment', 'etag': '5NkU547f2O3e2o2Xc4MjqIMbK-0', 'id': 'UgxbH5eqjw9jrSozQ-d4AaABAg', 'snippet': {'videoId': 'ZBaqttk_mG8', 'textDisplay': 'Será que ganha?', 'textOriginal': 'Será que ganha?', 'authorDisplayName': 'Raimunda', 'authorProfileImageUrl': 'https://yt3.ggpht.com/gP3gdSHKI3fa2SQ6KbEucNfEyn8k9BqZjryM2cw3w4oOI6JMuhldc5FRG_At8zqPCgbOJbdo=s48-c-k-c0x00ffffff-no-rj', 'authorChannelUrl': 'http://www.youtube.com/channel/UCSg9uyj_K0IjPfmYX20kTWw', 'authorChannelId': {'value': 'UCSg9uyj_K0IjPfmYX20kTWw'}, 'canRate': True, 'viewerRating': 'none', 'likeCount': 0, 'publishedAt': '2022-10-22T00:13:52Z', 'updatedAt': '2022-10-22T00:13:52Z'}}, 'canReply': True, 'totalReplyCount': 0, 'isPublic': True}",,UCSg9uyj_K0IjPfmYX20kTWw,2022-10-22T00:13:52Z,Será que ganha?,QURTSl9pMl9XYmNzRkdoMUNySGtqNUs3bUw5emU3M0dDYmk3VTNuOTJmd3MtekN1ZkpvcXJnbEdfYU0tY0I0aDJTanp3UTA2dm1lekRTeVlhNlJRbTE4bnVwcl83dXBDSGc=,2023-06-08 12:23:52.067969
youtube#commentThread,7V2g5l37itVppXIkZnvdbkJXf4Q,UgwyD_uEiOFzeMlG5414AaABAg,"{'videoId': 'ZBaqttk_mG8', 'topLevelComment': {'kind': 'youtube#comment', 'etag': 'zFTzX2jsnarnnqXX-eJi2QFrW-g', 'id': 'UgwyD_uEiOFzeMlG5414AaABAg', 'snippet': {'videoId': 'ZBaqttk_mG8', 'textDisplay': 'Legal', 'textOriginal': 'Legal', 'authorDisplayName': 'Raimunda', 'authorProfileImageUrl': 'https://yt3.ggpht.com/gP3gdSHKI3fa2SQ6KbEucNfEyn8k9BqZjryM2cw3w4oOI6JMuhldc5FRG_At8zqPCgbOJbdo=s48-c-k-c0x00ffffff-no-rj', 'authorChannelUrl': 'http://www.youtube.com/channel/UCSg9uyj_K0IjPfmYX20kTWw', 'authorChannelId': {'value': 'UCSg9uyj_K0IjPfmYX20kTWw'}, 'canRate': True, 'viewerRating': 'none', 'likeCount': 0, 'publishedAt': '2022-10-22T00:13:15Z', 'updatedAt': '2022-10-22T00:13:15Z'}}, 'canReply': True, 'totalReplyCount': 0, 'isPublic': True}",,UCSg9uyj_K0IjPfmYX20kTWw,2022-10-22T00:13:15Z,Legal,QURTSl9pMl9XYmNzRkdoMUNySGtqNUs3bUw5emU3M0dDYmk3VTNuOTJmd3MtekN1ZkpvcXJnbEdfYU0tY0I0aDJTanp3UTA2dm1lekRTeVlhNlJRbTE4bnVwcl83dXBDSGc=,2023-06-08 12:23:52.067969
youtube#commentThread,xije8Fk-MoWeRyiP0PsE19FJndk,UgznEXraS2l-TTi_VrR4AaABAg,"{'videoId': 'ZBaqttk_mG8', 'topLevelComment': {'kind': 'youtube#comment', 'etag': '-penTIcMnhoP4wsFNTAFy_nefm4', 'id': 'UgznEXraS2l-TTi_VrR4AaABAg', 'snippet': {'videoId': 'ZBaqttk_mG8', 'textDisplay': 'O povo está sendo avisado  Deus esta nos dando a  oportunidade se jogar o Brasil na mão da ditadura depois  não avera mais  oportunidade  .vamos  acordar  Brasil  pelo amor de Deus', 'textOriginal': 'O povo está sendo avisado  Deus esta nos dando a  oportunidade se jogar o Brasil na mão da ditadura depois  não avera mais  oportunidade  .vamos  acordar  Brasil  pelo amor de Deus', 'authorDisplayName': 'Marlene', 'authorProfileImageUrl': 'https://yt3.ggpht.com/ytc/AGIKgqOF063ABVIgNrvTg7g8GHLwfN9Ehl0MKlT5u75XNQXdPwIQFD9bDE-IMbZB6Ppw=s48-c-k-c0x00ffffff-no-rj', 'authorChannelUrl': 'http://www.youtube.com/channel/UCfkvKwkYiTVlIjxYoxfdxNg', 'authorChannelId': {'value': 'UCfkvKwkYiTVlIjxYoxfdxNg'}, 'canRate': True, 'viewerRating': 'none', 'likeCount': 0, 'publishedAt': '2022-10-22T00:12:51Z', 'updatedAt': '2022-10-22T00:12:51Z'}}, 'canReply': True, 'totalReplyCount': 0, 'isPublic': True}",,UCfkvKwkYiTVlIjxYoxfdxNg,2022-10-22T00:12:51Z,O povo está sendo avisado  Deus esta nos dando a  oportunidade se jogar o Brasil na mão da ditadura depois  não avera mais  oportunidade  .vamos  acordar  Brasil  pelo amor de Deus,QURTSl9pMl9XYmNzRkdoMUNySGtqNUs3bUw5emU3M0dDYmk3VTNuOTJmd3MtekN1ZkpvcXJnbEdfYU0tY0I0aDJTanp3UTA2dm1lekRTeVlhNlJRbTE4bnVwcl83dXBDSGc=,2023-06-08 12:23:52.067969
youtube#commentThread,JVwZbF_Yr6X0syu7H5dxQ6pTvBI,UgwnqCKq-iULRiTicP94AaABAg,"{'videoId': 'ZBaqttk_mG8', 'topLevelComment': {'kind': 'youtube#comment', 'etag': 'ck_tLWdzcB0KPSAJ_QpP4ijecHc', 'id': 'UgwnqCKq-iULRiTicP94AaABAg', 'snippet': {'videoId': 'ZBaqttk_mG8', 'textDisplay': '💪🏽💪🏽💪🏽🇧🇷🇧🇷🇧🇷', 'textOriginal': '💪🏽💪🏽💪🏽🇧🇷🇧🇷🇧🇷', 'authorDisplayName': 'Denise Ucha', 'authorProfileImageUrl': 'https://yt3.ggpht.com/ytc/AGIKgqMokd6V1bZfmv9aZ3z0h4NQ3vJ-pGZYLuDXsw=s48-c-k-c0x00ffffff-no-rj', 'authorChannelUrl': 'http://www.youtube.com/channel/UC4CwHK5Hk2UCBXDBUWRLfhw', 'authorChannelId': {'value': 'UC4CwHK5Hk2UCBXDBUWRLfhw'}, 'canRate': True, 'viewerRating': 'none', 'likeCount': 1, 'publishedAt': '2022-10-22T00:10:58Z', 'updatedAt': '2022-10-22T00:10:58Z'}}, 'canReply': True, 'totalReplyCount': 0, 'isPublic': True}",,UC4CwHK5Hk2UCBXDBUWRLfhw,2022-10-22T00:10:58Z,💪🏽💪🏽💪🏽🇧🇷🇧🇷🇧🇷,QURTSl9pMl9XYmNzRkdoMUNySGtqNUs3bUw5emU3M0dDYmk3VTNuOTJmd3MtekN1ZkpvcXJnbEdfYU0tY0I0aDJTanp3UTA2dm1lekRTeVlhNlJRbTE4bnVwcl83dXBDSGc=,2023-06-08 12:23:52.067969
youtube#commentThread,RPCKcCt48D543PO0iCMBnBI9OJ8,UgzR7Gaoz0YBdUXCjLN4AaABAg,"{'videoId': 'ZBaqttk_mG8', 'topLevelComment': {'kind': 'youtube#comment', 'etag': 'kgKvIjF8xq8faYxYfQp3cTqKs88', 'id': 'UgzR7Gaoz0YBdUXCjLN4AaABAg', 'snippet': {'videoId': 'ZBaqttk_mG8', 'textDisplay': 'LULADRAO E SO UM CACHACEIRO QUE OBEDECE ORDENS DA ESQUERDA MALDITA APOIADOS PELA ONU. MUITOS FAZEM PARTE E SAO CONIVENTES COM O QUE QUEREM IMPOR NOS PAISES. ESTAO DESTRUINDO A TODOS!! SOROS E CIA PATROCINAM STF E PARTIDOS POLITICOS. PECO AO BRASIL QUE VOTEM NO CAPITAO BOLSONARO PARA CONTINUAR A JOGAR NAS 4 LINHAS!!!', 'textOriginal': 'LULADRAO E SO UM CACHACEIRO QUE OBEDECE ORDENS DA ESQUERDA MALDITA APOIADOS PELA ONU. MUITOS FAZEM PARTE E SAO CONIVENTES COM O QUE QUEREM IMPOR NOS PAISES. ESTAO DESTRUINDO A TODOS!! SOROS E CIA PATROCINAM STF E PARTIDOS POLITICOS. PECO AO BRASIL QUE VOTEM NO CAPITAO BOLSONARO PARA CONTINUAR A JOGAR NAS 4 LINHAS!!!', 'authorDisplayName': 'FALCONE FITTIPALDI', 'authorProfileImageUrl': 'https://yt3.ggpht.com/ytc/AGIKgqNllulXyZKVWuhJeL0LtHwtSnyiMxUO1LVtz7Hz6Ob7uj_ZothAHka-zbcX5GED=s48-c-k-c0x00ffffff-no-rj', 'authorChannelUrl': 'http://www.youtube.com/channel/UCHvSPi0lmuIY30Y8XOCJdcg', 'authorChannelId': {'value': 'UCHvSPi0lmuIY30Y8XOCJdcg'}, 'canRate': True, 'viewerRating': 'none', 'likeCount': 0, 'publishedAt': '2022-10-22T00:09:40Z', 'updatedAt': '2022-10-22T00:09:40Z'}}, 'canReply': True, 'totalReplyCount': 0, 'isPublic': True}",,UCHvSPi0lmuIY30Y8XOCJdcg,2022-10-22T00:09:40Z,LULADRAO E SO UM CACHACEIRO QUE OBEDECE ORDENS DA ESQUERDA MALDITA APOIADOS PELA ONU. MUITOS FAZEM PARTE E SAO CONIVENTES COM O QUE QUEREM IMPOR NOS PAISES. ESTAO DESTRUINDO A TODOS!! SOROS E CIA PATROCINAM STF E PARTIDOS POLITICOS. PECO AO BRASIL QUE VOTEM NO CAPITAO BOLSONARO PARA CONTINUAR A JOGAR NAS 4 LINHAS!!!,QURTSl9pMl9XYmNzRkdoMUNySGtqNUs3bUw5emU3M0dDYmk3VTNuOTJmd3MtekN1ZkpvcXJnbEdfYU0tY0I0aDJTanp3UTA2dm1lekRTeVlhNlJRbTE4bnVwcl83dXBDSGc=,2023-06-08 12:23:52.067969
youtube#commentThread,Nte4zCztsH3hHbsj3EZJg6tpfCk,UgySbqQNljOSpV3TERx4AaABAg,"{'videoId': 'ZBaqttk_mG8', 'topLevelComment': {'kind': 'youtube#comment', 'etag': 'GuA8kcqLLxkDA1Qv3HzpOAo3vbA', 'id': 'UgySbqQNljOSpV3TERx4AaABAg', 'snippet': {'videoId': 'ZBaqttk_mG8', 'textDisplay': '22  22  22 💚💛💙💚💛💙', 'textOriginal': '22  22  22 💚💛💙💚💛💙', 'authorDisplayName': 'Helena Sabino', 'authorProfileImageUrl': 'https://yt3.ggpht.com/ytc/AGIKgqOAT_B8RObQpUfUhsdDSZqh-2-mx5agS3cReFoVlGQ=s48-c-k-c0x00ffffff-no-rj', 'authorChannelUrl': 'http://www.youtube.com/channel/UCy2DN0zqplp9yfHMyoIr1GA', 'authorChannelId': {'value': 'UCy2DN0zqplp9yfHMyoIr1GA'}, 'canRate': True, 'viewerRating': 'none', 'likeCount': 0, 'publishedAt': '2022-10-22T00:09:19Z', 'updatedAt': '2022-10-22T00:09:19Z'}}, 'canReply': True, 'totalReplyCount': 0, 'isPublic': True}",,UCy2DN0zqplp9yfHMyoIr1GA,2022-10-22T00:09:19Z,22  22  22 💚💛💙💚💛💙,QURTSl9pMl9XYmNzRkdoMUNySGtqNUs3bUw5emU3M0dDYmk3VTNuOTJmd3MtekN1ZkpvcXJnbEdfYU0tY0I0aDJTanp3UTA2dm1lekRTeVlhNlJRbTE4bnVwcl83dXBDSGc=,2023-06-08 12:23:52.067969
youtube#commentThread,1XXboNirsUatt_lRvWc3-OXU5L0,UgwyHkc-zmrlNYR_nR54AaABAg,"{'videoId': 'ZBaqttk_mG8', 'topLevelComment': {'kind': 'youtube#comment', 'etag': '4MLvZjBmFJrV07AI8hah6FQZJOQ', 'id': 'UgwyHkc-zmrlNYR_nR54AaABAg', 'snippet': {'videoId': 'ZBaqttk_mG8', 'textDisplay': 'Esses Ministros Do STF STE São Quadrilheiros Comunistas Assassinos Ditadores.', 'textOriginal': 'Esses Ministros Do STF STE São Quadrilheiros Comunistas Assassinos Ditadores.', 'authorDisplayName': 'Jose maria Avilla', 'authorProfileImageUrl': 'https://yt3.ggpht.com/ytc/AGIKgqOfS1HAs020SO6mzO2P-gF7_3PcqzfvirOFLDpg7rCtkFgiN6TMO8Pu-xqCWt_n=s48-c-k-c0x00ffffff-no-rj', 'authorChannelUrl': 'http://www.youtube.com/channel/UCe1eo8dtSn1oIVGmx7LbF3w', 'authorChannelId': {'value': 'UCe1eo8dtSn1oIVGmx7LbF3w'}, 'canRate': True, 'viewerRating': 'none', 'likeCount': 0, 'publishedAt': '2022-10-22T00:05:50Z', 'updatedAt': '2022-10-22T00:05:50Z'}}, 'canReply': True, 'totalReplyCount': 0, 'isPublic': True}",,UCe1eo8dtSn1oIVGmx7LbF3w,2022-10-22T00:05:50Z,Esses Ministros Do STF STE São Quadrilheiros Comunistas Assassinos Ditadores.,QURTSl9pMl9XYmNzRkdoMUNySGtqNUs3bUw5emU3M0dDYmk3VTNuOTJmd3MtekN1ZkpvcXJnbEdfYU0tY0I0aDJTanp3UTA2dm1lekRTeVlhNlJRbTE4bnVwcl83dXBDSGc=,2023-06-08 12:23:52.067969
youtube#commentThread,FUU-FDhPdy-tShDNyEewV2-lG28,Ugz6AMitEyCe4otgHdp4AaABAg,"{'videoId': 'ZBaqttk_mG8', 'topLevelComment': {'kind': 'youtube#comment', 'etag': '8arM9SMoeYl6WcysGVicfn_kQDc', 'id': 'Ugz6AMitEyCe4otgHdp4AaABAg', 'snippet': {'videoId': 'ZBaqttk_mG8', 'textDisplay': 'Parabéns Presidente Bolsonaro, creio em Deus o senhor será Novamente nosso Presidente Bolsonaro 22 ,Parabéns à Folha Política e a Jovem Pan', 'textOriginal': 'Parabéns Presidente Bolsonaro, creio em Deus o senhor será Novamente nosso Presidente Bolsonaro 22 ,Parabéns à Folha Política e a Jovem Pan', 'authorDisplayName': 'Marta Ligia', 'authorProfileImageUrl': 'https://yt3.ggpht.com/ytc/AGIKgqPFjRwt51keZ_DCw95S5_O1sdr_NcLAQCUMxw=s48-c-k-c0x00ffffff-no-rj', 'authorChannelUrl': 'http://www.youtube.com/channel/UCjitTuA_luPUTL2PU7mB1gQ', 'authorChannelId': {'value': 'UCjitTuA_luPUTL2PU7mB1gQ'}, 'canRate': True, 'viewerRating': 'none', 'likeCount': 5, 'publishedAt': '2022-10-22T00:05:10Z', 'updatedAt': '2022-10-22T00:05:10Z'}}, 'canReply': True, 'totalReplyCount': 0, 'isPublic': True}",,UCjitTuA_luPUTL2PU7mB1gQ,2022-10-22T00:05:10Z,"Parabéns Presidente Bolsonaro, creio em Deus o senhor será Novamente nosso Presidente Bolsonaro 22 ,Parabéns à Folha Política e a Jovem Pan",QURTSl9pMl9XYmNzRkdoMUNySGtqNUs3bUw5emU3M0dDYmk3VTNuOTJmd3MtekN1ZkpvcXJnbEdfYU0tY0I0aDJTanp3UTA2dm1lekRTeVlhNlJRbTE4bnVwcl83dXBDSGc=,2023-06-08 12:23:52.067969
youtube#commentThread,puv3EyHhDFQiKSnQAW_3gg6fj3A,UgwLehs3XWMEP38Ojm54AaABAg,"{'videoId': 'ZBaqttk_mG8', 'topLevelComment': {'kind': 'youtube#comment', 'etag': 'Zspn97aGUkqo09wlhuSBfcEL4fc', 'id': 'UgwLehs3XWMEP38Ojm54AaABAg', 'snippet': {'videoId': 'ZBaqttk_mG8', 'textDisplay': 'JUNTOS COM NOSSO PRESIDENTE NA VERDADE !<br>🇧🇷2️⃣2️⃣🇧🇷🇧🇷🇧🇷2️⃣2️⃣🇧🇷🇧🇷', 'textOriginal': 'JUNTOS COM NOSSO PRESIDENTE NA VERDADE !\\n🇧🇷2️⃣2️⃣🇧🇷🇧🇷🇧🇷2️⃣2️⃣🇧🇷🇧🇷', 'authorDisplayName': 'Ford Cardos', 'authorProfileImageUrl': 'https://yt3.ggpht.com/ytc/AGIKgqNYtcqcrdFvcxAZW9Su4F0NjYj5S25VqMVkng=s48-c-k-c0x00ffffff-no-rj', 'authorChannelUrl': 'http://www.youtube.com/channel/UC5nTPb1Is8MLY6tMaLYFsZg', 'authorChannelId': {'value': 'UC5nTPb1Is8MLY6tMaLYFsZg'}, 'canRate': True, 'viewerRating': 'none', 'likeCount': 4, 'publishedAt': '2022-10-22T00:03:45Z', 'updatedAt': '2022-10-22T00:03:45Z'}}, 'canReply': True, 'totalReplyCount': 0, 'isPublic': True}",,UC5nTPb1Is8MLY6tMaLYFsZg,2022-10-22T00:03:45Z,"JUNTOS COM NOSSO PRESIDENTE NA VERDADE !
🇧🇷2️⃣2️⃣🇧🇷🇧🇷🇧🇷2️⃣2️⃣🇧🇷🇧🇷",QURTSl9pMl9XYmNzRkdoMUNySGtqNUs3bUw5emU3M0dDYmk3VTNuOTJmd3MtekN1ZkpvcXJnbEdfYU0tY0I0aDJTanp3UTA2dm1lekRTeVlhNlJRbTE4bnVwcl83dXBDSGc=,2023-06-08 12:23:52.067969
youtube#commentThread,kR0svP-uEpjc7aDNDMrLxCcKk_Y,Ugw549XmNml9cux_lAt4AaABAg,"{'videoId': 'ZBaqttk_mG8', 'topLevelComment': {'kind': 'youtube#comment', 'etag': 'HHOI7--I6GjjtvyVqKWvBiQroeQ', 'id': 'Ugw549XmNml9cux_lAt4AaABAg', 'snippet': {'videoId': 'ZBaqttk_mG8', 'textDisplay': '9dedos e danones - dupla mais corrupta, desonesta, mentirosa e salafrária do mundo.', 'textOriginal': '9dedos e danones - dupla mais corrupta, desonesta, mentirosa e salafrária do mundo.', 'authorDisplayName': 'marcos flávio ribeiro mendes', 'authorProfileImageUrl': 'https://yt3.ggpht.com/ytc/AGIKgqPQxOLbKExaqCKawhXgzsDnj9GS-FJspYRx9BPX=s48-c-k-c0x00ffffff-no-rj', 'authorChannelUrl': 'http://www.youtube.com/channel/UC26mt3Z99ZE6Ge3NlSsgFgg', 'authorChannelId': {'value': 'UC26mt3Z99ZE6Ge3NlSsgFgg'}, 'canRate': True, 'viewerRating': 'none', 'likeCount': 1, 'publishedAt': '2022-10-22T00:02:55Z', 'updatedAt': '2022-10-22T00:02:55Z'}}, 'canReply': True, 'totalReplyCount': 0, 'isPublic': True}",,UC26mt3Z99ZE6Ge3NlSsgFgg,2022-10-22T00:02:55Z,"9dedos e danones - dupla mais corrupta, desonesta, mentirosa e salafrária do mundo.",QURTSl9pMl9XYmNzRkdoMUNySGtqNUs3bUw5emU3M0dDYmk3VTNuOTJmd3MtekN1ZkpvcXJnbEdfYU0tY0I0aDJTanp3UTA2dm1lekRTeVlhNlJRbTE4bnVwcl83dXBDSGc=,2023-06-08 12:23:52.067969
youtube#commentThread,ofNAqnb-ewoOCF5pQFm_u71r9Y4,Ugybo1ERoSygrawEP4Z4AaABAg,"{'videoId': 'ZBaqttk_mG8', 'topLevelComment': {'kind': 'youtube#comment', 'etag': 'Pmks02CC7Frnq0vOF7aOyK14XgQ', 'id': 'Ugybo1ERoSygrawEP4Z4AaABAg', 'snippet': {'videoId': 'ZBaqttk_mG8', 'textDisplay': 'MT gente fazendo corpo mole com essa tirania desses órgãos. Depois a conta virá.🇧🇷🇧🇷🇧🇷🇧🇷🇧🇷🇧🇷🇧🇷🇧🇷', 'textOriginal': 'MT gente fazendo corpo mole com essa tirania desses órgãos. Depois a conta virá.🇧🇷🇧🇷🇧🇷🇧🇷🇧🇷🇧🇷🇧🇷🇧🇷', 'authorDisplayName': 'Noemi Dantas', 'authorProfileImageUrl': 'https://yt3.ggpht.com/ytc/AGIKgqNJEdkoS3Ain-j6tslATxNnhv1JXQlvhOjSjQ=s48-c-k-c0x00ffffff-no-rj', 'authorChannelUrl': 'http://www.youtube.com/channel/UCBegOivvTcq_VHrKti-dFRQ', 'authorChannelId': {'value': 'UCBegOivvTcq_VHrKti-dFRQ'}, 'canRate': True, 'viewerRating': 'none', 'likeCount': 0, 'publishedAt': '2022-10-22T00:02:27Z', 'updatedAt': '2022-10-22T00:02:27Z'}}, 'canReply': True, 'totalReplyCount': 0, 'isPublic': True}",,UCBegOivvTcq_VHrKti-dFRQ,2022-10-22T00:02:27Z,MT gente fazendo corpo mole com essa tirania desses órgãos. Depois a conta virá.🇧🇷🇧🇷🇧🇷🇧🇷🇧🇷🇧🇷🇧🇷🇧🇷,QURTSl9pMl9XYmNzRkdoMUNySGtqNUs3bUw5emU3M0dDYmk3VTNuOTJmd3MtekN1ZkpvcXJnbEdfYU0tY0I0aDJTanp3UTA2dm1lekRTeVlhNlJRbTE4bnVwcl83dXBDSGc=,2023-06-08 12:23:52.067969
youtube#commentThread,i2YiJvDWEDFemJVh1grRJxQ2N34,UgxyE_6aIDwHnU6xMPh4AaABAg,"{'videoId': 'ZBaqttk_mG8', 'topLevelComment': {'kind': 'youtube#comment', 'etag': 'EgeFufwPMbN48JNFZAqg1ixopGY', 'id': 'UgxyE_6aIDwHnU6xMPh4AaABAg', 'snippet': {'videoId': 'ZBaqttk_mG8', 'textDisplay': 'acho a sua voz linda 😍', 'textOriginal': 'acho a sua voz linda 😍', 'authorDisplayName': 'Juvenia Almeida', 'authorProfileImageUrl': 'https://yt3.ggpht.com/3YWMDv-4ss-rmDUv3tRJmck9s1DO-30SIFo6Wjt_y3hqeaVZcR9XgIQgatJpVou19c8xFbK8jg=s48-c-k-c0x00ffffff-no-rj', 'authorChannelUrl': 'http://www.youtube.com/channel/UCpNMU3HB3453soOm80Aophw', 'authorChannelId': {'value': 'UCpNMU3HB3453soOm80Aophw'}, 'canRate': True, 'viewerRating': 'none', 'likeCount': 1, 'publishedAt': '2022-10-22T00:02:05Z', 'updatedAt': '2022-10-22T00:02:05Z'}}, 'canReply': True, 'totalReplyCount': 0, 'isPublic': True}",,UCpNMU3HB3453soOm80Aophw,2022-10-22T00:02:05Z,acho a sua voz linda 😍,QURTSl9pMl9XYmNzRkdoMUNySGtqNUs3bUw5emU3M0dDYmk3VTNuOTJmd3MtekN1ZkpvcXJnbEdfYU0tY0I0aDJTanp3UTA2dm1lekRTeVlhNlJRbTE4bnVwcl83dXBDSGc=,2023-06-08 12:23:52.067969
youtube#commentThread,r4xAhXSC0GxhjN0PEsMMei4aqRU,UgyS19ZXDi2PXM_rwml4AaABAg,"{'videoId': 'ZBaqttk_mG8', 'topLevelComment': {'kind': 'youtube#comment', 'etag': 'oj8e9V8W9V97rqfF-ukFxXKurhk', 'id': 'UgyS19ZXDi2PXM_rwml4AaABAg', 'snippet': {'videoId': 'ZBaqttk_mG8', 'textDisplay': 'ESSE VERME JANONES ESTA FAZENDO FAK NOS CORREIOS DIZENDO QUE PAULO GUEDES,NO PASSADO COM LULA ROUBOU SEUS FUNDOS D PENSOES CONVERSEI COM CARTEIRO HOJE FIQUEI D CABELO EM PE .ESSE CARTEIRO AINDA DISSE QUE JANONES MANDOU VIDEOS P ELES(CORREIOS) DIZENDO MENTIRAS FAK SOBRE NOSSO PR BOLSONARO ❗️🤚🤚🤚🤚🇮🇱🇧🇷🇮🇱❗️2️⃣2️⃣🤚🇧🇷1️⃣0️⃣✨️👮🤚', 'textOriginal': 'ESSE VERME JANONES ESTA FAZENDO FAK NOS CORREIOS DIZENDO QUE PAULO GUEDES,NO PASSADO COM LULA ROUBOU SEUS FUNDOS D PENSOES CONVERSEI COM CARTEIRO HOJE FIQUEI D CABELO EM PE .ESSE CARTEIRO AINDA DISSE QUE JANONES MANDOU VIDEOS P ELES(CORREIOS) DIZENDO MENTIRAS FAK SOBRE NOSSO PR BOLSONARO ❗️🤚🤚🤚🤚🇮🇱🇧🇷🇮🇱❗️2️⃣2️⃣🤚🇧🇷1️⃣0️⃣✨️👮🤚', 'authorDisplayName': 'Jamile Salomao', 'authorProfileImageUrl': 'https://yt3.ggpht.com/pOTwcn6_LbLpXKJBW2HtZSlOP2B_ENZFMWBJmNwc_xZqZ65jpmzIjs2Ol8RM76u2OkXRqmSG=s48-c-k-c0x00ffffff-no-rj', 'authorChannelUrl': 'http://www.youtube.com/channel/UCJ1lgu5Re7nglX6ussCRxHg', 'authorChannelId': {'value': 'UCJ1lgu5Re7nglX6ussCRxHg'}, 'canRate': True, 'viewerRating': 'none', 'likeCount': 0, 'publishedAt': '2022-10-22T00:01:44Z', 'updatedAt': '2022-10-22T00:01:44Z'}}, 'canReply': True, 'totalReplyCount': 0, 'isPublic': True}",,UCJ1lgu5Re7nglX6ussCRxHg,2022-10-22T00:01:44Z,"ESSE VERME JANONES ESTA FAZENDO FAK NOS CORREIOS DIZENDO QUE PAULO GUEDES,NO PASSADO COM LULA ROUBOU SEUS FUNDOS D PENSOES CONVERSEI COM CARTEIRO HOJE FIQUEI D CABELO EM PE .ESSE CARTEIRO AINDA DISSE QUE JANONES MANDOU VIDEOS P ELES(CORREIOS) DIZENDO MENTIRAS FAK SOBRE NOSSO PR BOLSONARO ❗️🤚🤚🤚🤚🇮🇱🇧🇷🇮🇱❗️2️⃣2️⃣🤚🇧🇷1️⃣0️⃣✨️👮🤚",QURTSl9pMl9XYmNzRkdoMUNySGtqNUs3bUw5emU3M0dDYmk3VTNuOTJmd3MtekN1ZkpvcXJnbEdfYU0tY0I0aDJTanp3UTA2dm1lekRTeVlhNlJRbTE4bnVwcl83dXBDSGc=,2023-06-08 12:23:52.067969
youtube#commentThread,w4m-uo5XN5NaRvlDq-7bNCshbgI,UgxWgatCNOR2_ZNhc3V4AaABAg,"{'videoId': 'ZBaqttk_mG8', 'topLevelComment': {'kind': 'youtube#comment', 'etag': 'nWBB_vSa-2U9H_zuEwcDQBUk33Y', 'id': 'UgxWgatCNOR2_ZNhc3V4AaABAg', 'snippet': {'videoId': 'ZBaqttk_mG8', 'textDisplay': 'Postagem será censurado...presidente não toma ação contra estas mentiras, por isso mentem livremente...', 'textOriginal': 'Postagem será censurado...presidente não toma ação contra estas mentiras, por isso mentem livremente...', 'authorDisplayName': 'Anderson Domingues', 'authorProfileImageUrl': 'https://yt3.ggpht.com/ytc/AGIKgqNAV8ME0jAtFaAA7jTwn-3cNdI2DU34bm9Ry_-bBA=s48-c-k-c0x00ffffff-no-rj', 'authorChannelUrl': 'http://www.youtube.com/channel/UCiSn5U5e_kLDBH239lwzjGQ', 'authorChannelId': {'value': 'UCiSn5U5e_kLDBH239lwzjGQ'}, 'canRate': True, 'viewerRating': 'none', 'likeCount': 0, 'publishedAt': '2022-10-22T00:00:57Z', 'updatedAt': '2022-10-22T00:00:57Z'}}, 'canReply': True, 'totalReplyCount': 0, 'isPublic': True}",,UCiSn5U5e_kLDBH239lwzjGQ,2022-10-22T00:00:57Z,"Postagem será censurado...presidente não toma ação contra estas mentiras, por isso mentem livremente...",QURTSl9pMl9XYmNzRkdoMUNySGtqNUs3bUw5emU3M0dDYmk3VTNuOTJmd3MtekN1ZkpvcXJnbEdfYU0tY0I0aDJTanp3UTA2dm1lekRTeVlhNlJRbTE4bnVwcl83dXBDSGc=,2023-06-08 12:23:52.067969
youtube#commentThread,ydhewyydhsQtkJMtucNpIwKgN8E,UgymLk21xCT9Au4Xwzl4AaABAg,"{'videoId': 'ZBaqttk_mG8', 'topLevelComment': {'kind': 'youtube#comment', 'etag': '7BY-55_oS-UTFSce0y1tuBv7loY', 'id': 'UgymLk21xCT9Au4Xwzl4AaABAg', 'snippet': {'videoId': 'ZBaqttk_mG8', 'textDisplay': 'LADRÃO É LARÁPIO IGUAL A 13<br>PRESIDENTE BOLSONARO 22 DEUS PÁTRIA FAMÍLIA E LIBERDADE. BRASILEIROS PATRIOTAS JUNTOS E UNIDOS COM PRESIDENTE.<br>DEUS PÁTRIA FAMÍLIA E LIBERDADE 🇧🇷🙏🇧🇷🙏🇧🇷🙏🇧🇷🙏🇧🇷🙏🇧🇷🙏🇧🇷🙏🇧🇷🙏', 'textOriginal': 'LADRÃO É LARÁPIO IGUAL A 13\\nPRESIDENTE BOLSONARO 22 DEUS PÁTRIA FAMÍLIA E LIBERDADE. BRASILEIROS PATRIOTAS JUNTOS E UNIDOS COM PRESIDENTE.\\nDEUS PÁTRIA FAMÍLIA E LIBERDADE 🇧🇷🙏🇧🇷🙏🇧🇷🙏🇧🇷🙏🇧🇷🙏🇧🇷🙏🇧🇷🙏🇧🇷🙏', 'authorDisplayName': 'Socorro Machado', 'authorProfileImageUrl': 'https://yt3.ggpht.com/ytc/AGIKgqP53BDlG-Ml520AbXrKJOnbIZgQHE07O5f3Pw=s48-c-k-c0x00ffffff-no-rj', 'authorChannelUrl': 'http://www.youtube.com/channel/UCPDnab0l0t4lBImWKTIq-yg', 'authorChannelId': {'value': 'UCPDnab0l0t4lBImWKTIq-yg'}, 'canRate': True, 'viewerRating': 'none', 'likeCount': 0, 'publishedAt': '2022-10-22T00:00:07Z', 'updatedAt': '2022-10-22T00:00:07Z'}}, 'canReply': True, 'totalReplyCount': 0, 'isPublic': True}",,UCPDnab0l0t4lBImWKTIq-yg,2022-10-22T00:00:07Z,"LADRÃO É LARÁPIO IGUAL A 13
PRESIDENTE BOLSONARO 22 DEUS PÁTRIA FAMÍLIA E LIBERDADE. BRASILEIROS PATRIOTAS JUNTOS E UNIDOS COM PRESIDENTE.
DEUS PÁTRIA FAMÍLIA E LIBERDADE 🇧🇷🙏🇧🇷🙏🇧🇷🙏🇧🇷🙏🇧🇷🙏🇧🇷🙏🇧🇷🙏🇧🇷🙏",QURTSl9pMl9XYmNzRkdoMUNySGtqNUs3bUw5emU3M0dDYmk3VTNuOTJmd3MtekN1ZkpvcXJnbEdfYU0tY0I0aDJTanp3UTA2dm1lekRTeVlhNlJRbTE4bnVwcl83dXBDSGc=,2023-06-08 12:23:52.067969
youtube#commentThread,A-8auFrmMs6kxHXG0yF5aRsuizg,Ugx1bh0NTMZxwBFIlfd4AaABAg,"{'videoId': 'ZBaqttk_mG8', 'topLevelComment': {'kind': 'youtube#comment', 'etag': 'x_NJYJXqWDowxtIBzrgD9bt7m9o', 'id': 'Ugx1bh0NTMZxwBFIlfd4AaABAg', 'snippet': {'videoId': 'ZBaqttk_mG8', 'textDisplay': 'LADRÃO É LARÁPIO IGUAL A 13<br>PRESIDENTE BOLSONARO 22 DEUS PÁTRIA FAMÍLIA E LIBERDADE. BRASILEIROS PATRIOTAS JUNTOS E UNIDOS COM PRESIDENTE.<br>DEUS PÁTRIA FAMÍLIA E LIBERDADE 🇧🇷🙏🇧🇷🙏🇧🇷🙏🇧🇷🙏🇧🇷🙏🇧🇷🙏🇧🇷🙏🇧🇷🙏', 'textOriginal': 'LADRÃO É LARÁPIO IGUAL A 13\\nPRESIDENTE BOLSONARO 22 DEUS PÁTRIA FAMÍLIA E LIBERDADE. BRASILEIROS PATRIOTAS JUNTOS E UNIDOS COM PRESIDENTE.\\nDEUS PÁTRIA FAMÍLIA E LIBERDADE 🇧🇷🙏🇧🇷🙏🇧🇷🙏🇧🇷🙏🇧🇷🙏🇧🇷🙏🇧🇷🙏🇧🇷🙏', 'authorDisplayName': 'Socorro Machado', 'authorProfileImageUrl': 'https://yt3.ggpht.com/ytc/AGIKgqP53BDlG-Ml520AbXrKJOnbIZgQHE07O5f3Pw=s48-c-k-c0x00ffffff-no-rj', 'authorChannelUrl': 'http://www.youtube.com/channel/UCPDnab0l0t4lBImWKTIq-yg', 'authorChannelId': {'value': 'UCPDnab0l0t4lBImWKTIq-yg'}, 'canRate': True, 'viewerRating': 'none', 'likeCount': 0, 'publishedAt': '2022-10-21T23:59:33Z', 'updatedAt': '2022-10-21T23:59:33Z'}}, 'canReply': True, 'totalReplyCount': 0, 'isPublic': True}",,UCPDnab0l0t4lBImWKTIq-yg,2022-10-21T23:59:33Z,"LADRÃO É LARÁPIO IGUAL A 13
PRESIDENTE BOLSONARO 22 DEUS PÁTRIA FAMÍLIA E LIBERDADE. BRASILEIROS PATRIOTAS JUNTOS E UNIDOS COM PRESIDENTE.
DEUS PÁTRIA FAMÍLIA E LIBERDADE 🇧🇷🙏🇧🇷🙏🇧🇷🙏🇧🇷🙏🇧🇷🙏🇧🇷🙏🇧🇷🙏🇧🇷🙏",QURTSl9pMjRtcWtWOURtNmxjRmhoYnJPVkV2RVlKLXlnc2NmMWpPN1hQVXNYSVREMU9tcEZNSDByazN0aTBINW92TFdkX0VWX2dURjNkaTMxT2JlTTNGeUpuUDcxT1RHNUE=,2023-06-08 12:23:52.841627
youtube#commentThread,sInnZeVZZNBPlgrDVnhBK2csokQ,UgykIglOcrNONZdJLll4AaABAg,"{'videoId': 'ZBaqttk_mG8', 'topLevelComment': {'kind': 'youtube#comment', 'etag': 'FHTcXUK4UxNw32GS1JvwXDomhr4', 'id': 'UgykIglOcrNONZdJLll4AaABAg', 'snippet': {'videoId': 'ZBaqttk_mG8', 'textDisplay': 'O PT quer voltar para sena do crime,  para poder roubar muito mais do que antes. Fora corruptos canalhas..', 'textOriginal': 'O PT quer voltar para sena do crime,  para poder roubar muito mais do que antes. Fora corruptos canalhas..', 'authorDisplayName': 'Davidson Fernandes', 'authorProfileImageUrl': 'https://yt3.ggpht.com/ytc/AGIKgqMu_pxOCYZd-q-ApKyK7YjHSBxOyThNYV2nGA=s48-c-k-c0x00ffffff-no-rj', 'authorChannelUrl': 'http://www.youtube.com/channel/UCpu6_FZr7mQULPIcbPR8hwQ', 'authorChannelId': {'value': 'UCpu6_FZr7mQULPIcbPR8hwQ'}, 'canRate': True, 'viewerRating': 'none', 'likeCount': 0, 'publishedAt': '2022-10-21T23:59:32Z', 'updatedAt': '2022-10-21T23:59:32Z'}}, 'canReply': True, 'totalReplyCount': 0, 'isPublic': True}",,UCpu6_FZr7mQULPIcbPR8hwQ,2022-10-21T23:59:32Z,"O PT quer voltar para sena do crime,  para poder roubar muito mais do que antes. Fora corruptos canalhas..",QURTSl9pMjRtcWtWOURtNmxjRmhoYnJPVkV2RVlKLXlnc2NmMWpPN1hQVXNYSVREMU9tcEZNSDByazN0aTBINW92TFdkX0VWX2dURjNkaTMxT2JlTTNGeUpuUDcxT1RHNUE=,2023-06-08 12:23:52.841627
youtube#commentThread,uBXsQOKI_Om5MD-f9qrT0fZokgo,Ugzni95f55lnfSW4cU54AaABAg,"{'videoId': 'ZBaqttk_mG8', 'topLevelComment': {'kind': 'youtube#comment', 'etag': 'ML9U9OY5o2Z9Z_QtheEjrcQZWQo', 'id': 'Ugzni95f55lnfSW4cU54AaABAg', 'snippet': {'videoId': 'ZBaqttk_mG8', 'textDisplay': 'Essa Esquerda já ultrapassaram todos os limites e não são censurados e uma perseguição sem limites contra o Presidente,eles tocam terrorismo e fica tudo por isso mesmo, que Deus salve nosso país JMB.22 🇧🇷', 'textOriginal': 'Essa Esquerda já ultrapassaram todos os limites e não são censurados e uma perseguição sem limites contra o Presidente,eles tocam terrorismo e fica tudo por isso mesmo, que Deus salve nosso país JMB.22 🇧🇷', 'authorDisplayName': 'Maria Do Carmo De Paula', 'authorProfileImageUrl': 'https://yt3.ggpht.com/ytc/AGIKgqPx5Hn-0fU5WnVTaYNBnBpWgww7EIuiL-QFCg=s48-c-k-c0x00ffffff-no-rj', 'authorChannelUrl': 'http://www.youtube.com/channel/UCI7jrsWB-c9ExHN-8foH-hQ', 'authorChannelId': {'value': 'UCI7jrsWB-c9ExHN-8foH-hQ'}, 'canRate': True, 'viewerRating': 'none', 'likeCount': 0, 'publishedAt': '2022-10-21T23:59:08Z', 'updatedAt': '2022-10-21T23:59:08Z'}}, 'canReply': True, 'totalReplyCount': 0, 'isPublic': True}",,UCI7jrsWB-c9ExHN-8foH-hQ,2022-10-21T23:59:08Z,"Essa Esquerda já ultrapassaram todos os limites e não são censurados e uma perseguição sem limites contra o Presidente,eles tocam terrorismo e fica tudo por isso mesmo, que Deus salve nosso país JMB.22 🇧🇷",QURTSl9pMjRtcWtWOURtNmxjRmhoYnJPVkV2RVlKLXlnc2NmMWpPN1hQVXNYSVREMU9tcEZNSDByazN0aTBINW92TFdkX0VWX2dURjNkaTMxT2JlTTNGeUpuUDcxT1RHNUE=,2023-06-08 12:23:52.841627
youtube#commentThread,u6hVweH3sjAdQTrw3UFLjodpaHo,UgxdX_HqBh8gkt0ORA14AaABAg,"{'videoId': 'ZBaqttk_mG8', 'topLevelComment': {'kind': 'youtube#comment', 'etag': 'xSlLZsEHzIb5jQtG7RuGjiv1WWM', 'id': 'UgxdX_HqBh8gkt0ORA14AaABAg', 'snippet': {'videoId': 'ZBaqttk_mG8', 'textDisplay': 'Boa Noite ❤️', 'textOriginal': 'Boa Noite ❤️', 'authorDisplayName': 'Juvenia Almeida', 'authorProfileImageUrl': 'https://yt3.ggpht.com/3YWMDv-4ss-rmDUv3tRJmck9s1DO-30SIFo6Wjt_y3hqeaVZcR9XgIQgatJpVou19c8xFbK8jg=s48-c-k-c0x00ffffff-no-rj', 'authorChannelUrl': 'http://www.youtube.com/channel/UCpNMU3HB3453soOm80Aophw', 'authorChannelId': {'value': 'UCpNMU3HB3453soOm80Aophw'}, 'canRate': True, 'viewerRating': 'none', 'likeCount': 0, 'publishedAt': '2022-10-21T23:58:27Z', 'updatedAt': '2022-10-21T23:58:27Z'}}, 'canReply': True, 'totalReplyCount': 0, 'isPublic': True}",,UCpNMU3HB3453soOm80Aophw,2022-10-21T23:58:27Z,Boa Noite ❤️,QURTSl9pMjRtcWtWOURtNmxjRmhoYnJPVkV2RVlKLXlnc2NmMWpPN1hQVXNYSVREMU9tcEZNSDByazN0aTBINW92TFdkX0VWX2dURjNkaTMxT2JlTTNGeUpuUDcxT1RHNUE=,2023-06-08 12:23:52.841627
youtube#commentThread,dczR_I6um0g_R98GcyMzUHkGP1Q,UgyCcoRnuIrHSZsdCDB4AaABAg,"{'videoId': 'ZBaqttk_mG8', 'topLevelComment': {'kind': 'youtube#comment', 'etag': 'N087-MU5ELnX78UFRnCnRDc7-Vo', 'id': 'UgyCcoRnuIrHSZsdCDB4AaABAg', 'snippet': {'videoId': 'ZBaqttk_mG8', 'textDisplay': 'E o capitão do povo eu voto nele de novo  com maior prazer', 'textOriginal': 'E o capitão do povo eu voto nele de novo  com maior prazer', 'authorDisplayName': 'Girleania Torres', 'authorProfileImageUrl': 'https://yt3.ggpht.com/ytc/AGIKgqO0TBeJykdp5g8msjMIXESQxznCu9qIRWVA9Q=s48-c-k-c0x00ffffff-no-rj', 'authorChannelUrl': 'http://www.youtube.com/channel/UCKF3E_42ePmoTjkkvM8e1-w', 'authorChannelId': {'value': 'UCKF3E_42ePmoTjkkvM8e1-w'}, 'canRate': True, 'viewerRating': 'none', 'likeCount': 1, 'publishedAt': '2022-10-21T23:57:54Z', 'updatedAt': '2022-10-21T23:57:54Z'}}, 'canReply': True, 'totalReplyCount': 0, 'isPublic': True}",,UCKF3E_42ePmoTjkkvM8e1-w,2022-10-21T23:57:54Z,E o capitão do povo eu voto nele de novo  com maior prazer,QURTSl9pMjRtcWtWOURtNmxjRmhoYnJPVkV2RVlKLXlnc2NmMWpPN1hQVXNYSVREMU9tcEZNSDByazN0aTBINW92TFdkX0VWX2dURjNkaTMxT2JlTTNGeUpuUDcxT1RHNUE=,2023-06-08 12:23:52.841627
youtube#commentThread,qVUFw6HbhkRes8aL8uuI-ihjq98,UgzjRpT2TSnKeYk4aZh4AaABAg,"{'videoId': 'ZBaqttk_mG8', 'topLevelComment': {'kind': 'youtube#comment', 'etag': 'vBzcsw6BKpg6BRkH5ELQq94b_QA', 'id': 'UgzjRpT2TSnKeYk4aZh4AaABAg', 'snippet': {'videoId': 'ZBaqttk_mG8', 'textDisplay': 'LARÁPIO É LADRÃO', 'textOriginal': 'LARÁPIO É LADRÃO', 'authorDisplayName': 'Socorro Machado', 'authorProfileImageUrl': 'https://yt3.ggpht.com/ytc/AGIKgqP53BDlG-Ml520AbXrKJOnbIZgQHE07O5f3Pw=s48-c-k-c0x00ffffff-no-rj', 'authorChannelUrl': 'http://www.youtube.com/channel/UCPDnab0l0t4lBImWKTIq-yg', 'authorChannelId': {'value': 'UCPDnab0l0t4lBImWKTIq-yg'}, 'canRate': True, 'viewerRating': 'none', 'likeCount': 0, 'publishedAt': '2022-10-21T23:57:33Z', 'updatedAt': '2022-10-21T23:57:33Z'}}, 'canReply': True, 'totalReplyCount': 0, 'isPublic': True}",,UCPDnab0l0t4lBImWKTIq-yg,2022-10-21T23:57:33Z,LARÁPIO É LADRÃO,QURTSl9pMjRtcWtWOURtNmxjRmhoYnJPVkV2RVlKLXlnc2NmMWpPN1hQVXNYSVREMU9tcEZNSDByazN0aTBINW92TFdkX0VWX2dURjNkaTMxT2JlTTNGeUpuUDcxT1RHNUE=,2023-06-08 12:23:52.841627
youtube#commentThread,1dYCBLzkubuVoVPd31Q8R6jwyHk,UgzJBEmEZp3LXCYacKF4AaABAg,"{'videoId': 'ZBaqttk_mG8', 'topLevelComment': {'kind': 'youtube#comment', 'etag': 'uX9KubG7ymwT2GeDqfEyKECs1ic', 'id': 'UgzJBEmEZp3LXCYacKF4AaABAg', 'snippet': {'videoId': 'ZBaqttk_mG8', 'textDisplay': 'Que Deus abencoe o  Presidente. a livra nossa Patria o <a href=""http://brasil.de/"">Brasil.de</a> Comunismo.', 'textOriginal': 'Que Deus abencoe o  Presidente. a livra nossa Patria o Brasil.de Comunismo.', 'authorDisplayName': 'Maria José Ventura de Oliveira', 'authorProfileImageUrl': 'https://yt3.ggpht.com/ytc/AGIKgqOF-WnWfy3RAx1ErXOrRAj2BiLfFPvV_yQaSaERIGUIXST4IQDKruJKD8WBpQGQ=s48-c-k-c0x00ffffff-no-rj', 'authorChannelUrl': 'http://www.youtube.com/channel/UC0PS0QugrwKFK_EW-M8h3dw', 'authorChannelId': {'value': 'UC0PS0QugrwKFK_EW-M8h3dw'}, 'canRate': True, 'viewerRating': 'none', 'likeCount': 1, 'publishedAt': '2022-10-21T23:56:39Z', 'updatedAt': '2022-10-21T23:56:39Z'}}, 'canReply': True, 'totalReplyCount': 0, 'isPublic': True}",,UC0PS0QugrwKFK_EW-M8h3dw,2022-10-21T23:56:39Z,Que Deus abencoe o  Presidente. a livra nossa Patria o Brasil.de Comunismo.,QURTSl9pMjRtcWtWOURtNmxjRmhoYnJPVkV2RVlKLXlnc2NmMWpPN1hQVXNYSVREMU9tcEZNSDByazN0aTBINW92TFdkX0VWX2dURjNkaTMxT2JlTTNGeUpuUDcxT1RHNUE=,2023-06-08 12:23:52.841627
youtube#commentThread,HS3Lu3T3JRPBGbQPNesMRQ8kvvs,UgyS_v107EyglPhh7tx4AaABAg,"{'videoId': 'ZBaqttk_mG8', 'topLevelComment': {'kind': 'youtube#comment', 'etag': 'k4tLdSE0-NHW9xsgdgxrbKhajO4', 'id': 'UgyS_v107EyglPhh7tx4AaABAg', 'snippet': {'videoId': 'ZBaqttk_mG8', 'textDisplay': '<a href=""http://www.youtube.com/results?search_query=%23bolsonaro22"">#Bolsonaro22</a>', 'textOriginal': '#Bolsonaro22', 'authorDisplayName': 'Marcio Ney França França', 'authorProfileImageUrl': 'https://yt3.ggpht.com/ytc/AGIKgqOeDcege8zg17o9XiN-_E56ET4UHOzInY2Ctg=s48-c-k-c0x00ffffff-no-rj', 'authorChannelUrl': 'http://www.youtube.com/channel/UC50Zyjnbx4vBFgJ64QqgUXg', 'authorChannelId': {'value': 'UC50Zyjnbx4vBFgJ64QqgUXg'}, 'canRate': True, 'viewerRating': 'none', 'likeCount': 2, 'publishedAt': '2022-10-21T23:55:37Z', 'updatedAt': '2022-10-21T23:55:37Z'}}, 'canReply': True, 'totalReplyCount': 0, 'isPublic': True}",,UC50Zyjnbx4vBFgJ64QqgUXg,2022-10-21T23:55:37Z,#Bolsonaro22,QURTSl9pMjRtcWtWOURtNmxjRmhoYnJPVkV2RVlKLXlnc2NmMWpPN1hQVXNYSVREMU9tcEZNSDByazN0aTBINW92TFdkX0VWX2dURjNkaTMxT2JlTTNGeUpuUDcxT1RHNUE=,2023-06-08 12:23:52.841627
youtube#commentThread,wELRczI0wff0gPQ6K0O5GEVAkIU,Ugz3AivUSo5r0PnxAhd4AaABAg,"{'videoId': 'ZBaqttk_mG8', 'topLevelComment': {'kind': 'youtube#comment', 'etag': 'UCjfY8oqIZK22sDpTJ1jTSdTcLA', 'id': 'Ugz3AivUSo5r0PnxAhd4AaABAg', 'snippet': {'videoId': 'ZBaqttk_mG8', 'textDisplay': 'Bolsonaro Reeleito 22 😎🇧🇷🇧🇷🇧🇷', 'textOriginal': 'Bolsonaro Reeleito 22 😎🇧🇷🇧🇷🇧🇷', 'authorDisplayName': 'Anderson RJ Caxias', 'authorProfileImageUrl': 'https://yt3.ggpht.com/ytc/AGIKgqO47cCBS9SM6bC0C_Fti5RHqGFjRRk0GfqSEw=s48-c-k-c0x00ffffff-no-rj', 'authorChannelUrl': 'http://www.youtube.com/channel/UCV0FaxSAwwGSunhP4aWsrAg', 'authorChannelId': {'value': 'UCV0FaxSAwwGSunhP4aWsrAg'}, 'canRate': True, 'viewerRating': 'none', 'likeCount': 1, 'publishedAt': '2022-10-21T23:54:59Z', 'updatedAt': '2022-10-21T23:54:59Z'}}, 'canReply': True, 'totalReplyCount': 0, 'isPublic': True}",,UCV0FaxSAwwGSunhP4aWsrAg,2022-10-21T23:54:59Z,Bolsonaro Reeleito 22 😎🇧🇷🇧🇷🇧🇷,QURTSl9pMjRtcWtWOURtNmxjRmhoYnJPVkV2RVlKLXlnc2NmMWpPN1hQVXNYSVREMU9tcEZNSDByazN0aTBINW92TFdkX0VWX2dURjNkaTMxT2JlTTNGeUpuUDcxT1RHNUE=,2023-06-08 12:23:52.841627
youtube#commentThread,HtPOgZNJ7Jsmb9tFF072v4WpvSU,UgyIDzD8AghKxKUUhq54AaABAg,"{'videoId': 'ZBaqttk_mG8', 'topLevelComment': {'kind': 'youtube#comment', 'etag': 'prhBnjjWwGaNKUoJnm_vZm4GSGI', 'id': 'UgyIDzD8AghKxKUUhq54AaABAg', 'snippet': {'videoId': 'ZBaqttk_mG8', 'textDisplay': 'Esta esquerda tem que ser extinta da política....', 'textOriginal': 'Esta esquerda tem que ser extinta da política....', 'authorDisplayName': 'Davidson Fernandes', 'authorProfileImageUrl': 'https://yt3.ggpht.com/ytc/AGIKgqMu_pxOCYZd-q-ApKyK7YjHSBxOyThNYV2nGA=s48-c-k-c0x00ffffff-no-rj', 'authorChannelUrl': 'http://www.youtube.com/channel/UCpu6_FZr7mQULPIcbPR8hwQ', 'authorChannelId': {'value': 'UCpu6_FZr7mQULPIcbPR8hwQ'}, 'canRate': True, 'viewerRating': 'none', 'likeCount': 0, 'publishedAt': '2022-10-21T23:54:36Z', 'updatedAt': '2022-10-21T23:54:36Z'}}, 'canReply': True, 'totalReplyCount': 0, 'isPublic': True}",,UCpu6_FZr7mQULPIcbPR8hwQ,2022-10-21T23:54:36Z,Esta esquerda tem que ser extinta da política....,QURTSl9pMjRtcWtWOURtNmxjRmhoYnJPVkV2RVlKLXlnc2NmMWpPN1hQVXNYSVREMU9tcEZNSDByazN0aTBINW92TFdkX0VWX2dURjNkaTMxT2JlTTNGeUpuUDcxT1RHNUE=,2023-06-08 12:23:52.841627
youtube#commentThread,ynTrz5hPxwaG6XWnnrwxCWc50CE,UgyafpswfifTEIx94FB4AaABAg,"{'videoId': 'ZBaqttk_mG8', 'topLevelComment': {'kind': 'youtube#comment', 'etag': '9uaR_RtnImvpDqjRTjuC-MAWUbE', 'id': 'UgyafpswfifTEIx94FB4AaABAg', 'snippet': {'videoId': 'ZBaqttk_mG8', 'textDisplay': 'É que os demôn1os não deixam de investir pesado, para destruir esta nação.<br>Janones já vendeu a alma ao d4abo faz tempo. Já teve problemas com a OAB e não sossega.<br>Lutava contra o pudin de cachaça, agora se aliou ao pudin de cachaça. É um verme.', 'textOriginal': 'É que os demôn1os não deixam de investir pesado, para destruir esta nação.\\nJanones já vendeu a alma ao d4abo faz tempo. Já teve problemas com a OAB e não sossega.\\nLutava contra o pudin de cachaça, agora se aliou ao pudin de cachaça. É um verme.', 'authorDisplayName': 'Beatriz Silva', 'authorProfileImageUrl': 'https://yt3.ggpht.com/6g4ZbcdGoNqGPR-S-4Ko2GXiCmeB8E6AWBf5_t1kQQ5EYnDfcg3nWrfvq41n3U_bNGWSCxmaLQ=s48-c-k-c0x00ffffff-no-rj', 'authorChannelUrl': 'http://www.youtube.com/channel/UCFp3bBCzw37V7JS66hKuMzg', 'authorChannelId': {'value': 'UCFp3bBCzw37V7JS66hKuMzg'}, 'canRate': True, 'viewerRating': 'none', 'likeCount': 0, 'publishedAt': '2022-10-21T23:53:46Z', 'updatedAt': '2022-10-21T23:53:46Z'}}, 'canReply': True, 'totalReplyCount': 0, 'isPublic': True}",,UCFp3bBCzw37V7JS66hKuMzg,2022-10-21T23:53:46Z,"É que os demôn1os não deixam de investir pesado, para destruir esta nação.
Janones já vendeu a alma ao d4abo faz tempo. Já teve problemas com a OAB e não sossega.
Lutava contra o pudin de cachaça, agora se aliou ao pudin de cachaça. É um verme.",QURTSl9pMjRtcWtWOURtNmxjRmhoYnJPVkV2RVlKLXlnc2NmMWpPN1hQVXNYSVREMU9tcEZNSDByazN0aTBINW92TFdkX0VWX2dURjNkaTMxT2JlTTNGeUpuUDcxT1RHNUE=,2023-06-08 12:23:52.841627
youtube#commentThread,6s4-iHi1ofjr2ZmL77LX2WCFgtQ,UgzkGQylt1rD7fKAWu14AaABAg,"{'videoId': 'ZBaqttk_mG8', 'topLevelComment': {'kind': 'youtube#comment', 'etag': 'KQX4y4uzBMNKbToinYmiLu1YGxk', 'id': 'UgzkGQylt1rD7fKAWu14AaABAg', 'snippet': {'videoId': 'ZBaqttk_mG8', 'textDisplay': 'Esse Lula pilandra absurdo o que estão fazendo com o Presidente', 'textOriginal': 'Esse Lula pilandra absurdo o que estão fazendo com o Presidente', 'authorDisplayName': 'Vida animal', 'authorProfileImageUrl': 'https://yt3.ggpht.com/gr0ccMHdskT9ars3khj0fLNdK7afu4zo6D6qIfJaBcuze1DjLZNfFX58xeImbo86du2RPjvMpA=s48-c-k-c0x00ffffff-no-rj', 'authorChannelUrl': 'http://www.youtube.com/channel/UCdELhs_uptQiq9dkM_7y3tQ', 'authorChannelId': {'value': 'UCdELhs_uptQiq9dkM_7y3tQ'}, 'canRate': True, 'viewerRating': 'none', 'likeCount': 0, 'publishedAt': '2022-10-21T23:53:16Z', 'updatedAt': '2022-10-21T23:53:16Z'}}, 'canReply': True, 'totalReplyCount': 0, 'isPublic': True}",,UCdELhs_uptQiq9dkM_7y3tQ,2022-10-21T23:53:16Z,Esse Lula pilandra absurdo o que estão fazendo com o Presidente,QURTSl9pMjRtcWtWOURtNmxjRmhoYnJPVkV2RVlKLXlnc2NmMWpPN1hQVXNYSVREMU9tcEZNSDByazN0aTBINW92TFdkX0VWX2dURjNkaTMxT2JlTTNGeUpuUDcxT1RHNUE=,2023-06-08 12:23:52.841627
youtube#commentThread,BQVyFV3Orwo37Hdso6x2cPwOAh0,UgzOT6MFCRKo-OM5xeh4AaABAg,"{'videoId': 'ZBaqttk_mG8', 'topLevelComment': {'kind': 'youtube#comment', 'etag': '-jK7klETPDIq7RHriI-ccpuEKNc', 'id': 'UgzOT6MFCRKo-OM5xeh4AaABAg', 'snippet': {'videoId': 'ZBaqttk_mG8', 'textDisplay': 'NOSSO PRESIDENTE JAIR MESSIAS BOLSONARO,  DENTRO DO SEU PLANEJAMENTO, CUMPRIU TODAS AS SUAS PROMESSAS,  GERANDO GRANDES MUDANÇAS PARA A SOCIEDADE. O POVO BRASILEIRO CONTINUA COM ELE. SOMOS 22.', 'textOriginal': 'NOSSO PRESIDENTE JAIR MESSIAS BOLSONARO,  DENTRO DO SEU PLANEJAMENTO, CUMPRIU TODAS AS SUAS PROMESSAS,  GERANDO GRANDES MUDANÇAS PARA A SOCIEDADE. O POVO BRASILEIRO CONTINUA COM ELE. SOMOS 22.', 'authorDisplayName': 'Eliane Siedschlag', 'authorProfileImageUrl': 'https://yt3.ggpht.com/ytc/AGIKgqM37HIqXmbnzruqeGNwVSD8GbZpFbW4zAsoHs7jaqo=s48-c-k-c0x00ffffff-no-rj', 'authorChannelUrl': 'http://www.youtube.com/channel/UCVFjnWfuX03hutK2mjBv6Sw', 'authorChannelId': {'value': 'UCVFjnWfuX03hutK2mjBv6Sw'}, 'canRate': True, 'viewerRating': 'none', 'likeCount': 4, 'publishedAt': '2022-10-21T23:51:10Z', 'updatedAt': '2022-10-21T23:51:10Z'}}, 'canReply': True, 'totalReplyCount': 1, 'isPublic': True}","{'comments': [{'kind': 'youtube#comment', 'etag': 'tA_KAAtoT79OFbbgUcPH9Pt34kY', 'id': 'UgzOT6MFCRKo-OM5xeh4AaABAg.9hTAkj7wSrb9hTrzvltJqT', 'snippet': {'videoId': 'ZBaqttk_mG8', 'textDisplay': 'Não fez mais porque não deixaram ele governar. Oprimiram 24 horas por dia durante 4 anos. Mas DEUS tem dado resistência. E até aqui ele chegou. Agora virá o tempo do refrigério. E saberão ; QUEM manda é DEUS .', 'textOriginal': 'Não fez mais porque não deixaram ele governar. Oprimiram 24 horas por dia durante 4 anos. Mas DEUS tem dado resistência. E até aqui ele chegou. Agora virá o tempo do refrigério. E saberão ; QUEM manda é DEUS .', 'parentId': 'UgzOT6MFCRKo-OM5xeh4AaABAg', 'authorDisplayName': 'Edileusa Barbosa', 'authorProfileImageUrl': 'https://yt3.ggpht.com/ytc/AGIKgqN2pAs7XpPHIO9MIGg0vjoyDTsB-soGVjoh7w=s48-c-k-c0x00ffffff-no-rj', 'authorChannelUrl': 'http://www.youtube.com/channel/UCbgMHlCmYZqLnx7TYto0dTg', 'authorChannelId': {'value': 'UCbgMHlCmYZqLnx7TYto0dTg'}, 'canRate': True, 'viewerRating': 'none', 'likeCount': 1, 'publishedAt': '2022-10-22T06:17:43Z', 'updatedAt': '2022-10-22T06:18:50Z'}}]}",UCVFjnWfuX03hutK2mjBv6Sw,2022-10-21T23:51:10Z,"NOSSO PRESIDENTE JAIR MESSIAS BOLSONARO,  DENTRO DO SEU PLANEJAMENTO, CUMPRIU TODAS AS SUAS PROMESSAS,  GERANDO GRANDES MUDANÇAS PARA A SOCIEDADE. O POVO BRASILEIRO CONTINUA COM ELE. SOMOS 22.",QURTSl9pMjRtcWtWOURtNmxjRmhoYnJPVkV2RVlKLXlnc2NmMWpPN1hQVXNYSVREMU9tcEZNSDByazN0aTBINW92TFdkX0VWX2dURjNkaTMxT2JlTTNGeUpuUDcxT1RHNUE=,2023-06-08 12:23:52.841627
youtube#commentThread,C1BB7Hk1T5U7MaRKZtwqwVL6m6k,UgyizD06ayPeGicipwB4AaABAg,"{'videoId': 'ZBaqttk_mG8', 'topLevelComment': {'kind': 'youtube#comment', 'etag': 'ss1CCviUWA4ljSbrwCOFUIRPwwc', 'id': 'UgyizD06ayPeGicipwB4AaABAg', 'snippet': {'videoId': 'ZBaqttk_mG8', 'textDisplay': 'mais uma  vez como sempre oh PT e toda sua trupe de circo vem atuado nos bastidores dás trevas contra oh BR 🇧🇷 e seu povo 😔🙌🙏👑✨📖🕊️✍️ quê Deus tenha misericórdia desse país e do seu povo 🛐🕎✡️✝️🇧🇷🇮🇱💙💚💛 <br>BR 🇧🇷 acima de tudo Deus acima de todos 👑✨📖🕊️<br>BOLSONARO JAIR MESSIAS 2️⃣2️⃣', 'textOriginal': 'mais uma  vez como sempre oh PT e toda sua trupe de circo vem atuado nos bastidores dás trevas contra oh BR 🇧🇷 e seu povo 😔🙌🙏👑✨📖🕊️✍️ quê Deus tenha misericórdia desse país e do seu povo 🛐🕎✡️✝️🇧🇷🇮🇱💙💚💛 \\nBR 🇧🇷 acima de tudo Deus acima de todos 👑✨📖🕊️\\nBOLSONARO JAIR MESSIAS 2️⃣2️⃣', 'authorDisplayName': 'Cleberson Luis de Almeida', 'authorProfileImageUrl': 'https://yt3.ggpht.com/BvJheinT_HUVNyoV9ysMha_E5OOi-nzmHyiB5CEj40TKUphGO973zQOAjjk5s7jk9wBnQ9HmUfk=s48-c-k-c0x00ffffff-no-rj', 'authorChannelUrl': 'http://www.youtube.com/channel/UCLJxl9Ip40le3uQNcfXSnkA', 'authorChannelId': {'value': 'UCLJxl9Ip40le3uQNcfXSnkA'}, 'canRate': True, 'viewerRating': 'none', 'likeCount': 1, 'publishedAt': '2022-10-21T23:50:45Z', 'updatedAt': '2022-10-21T23:50:45Z'}}, 'canReply': True, 'totalReplyCount': 0, 'isPublic': True}",,UCLJxl9Ip40le3uQNcfXSnkA,2022-10-21T23:50:45Z,"mais uma  vez como sempre oh PT e toda sua trupe de circo vem atuado nos bastidores dás trevas contra oh BR 🇧🇷 e seu povo 😔🙌🙏👑✨📖🕊️✍️ quê Deus tenha misericórdia desse país e do seu povo 🛐🕎✡️✝️🇧🇷🇮🇱💙💚💛 
BR 🇧🇷 acima de tudo Deus acima de todos 👑✨📖🕊️
BOLSONARO JAIR MESSIAS 2️⃣2️⃣",QURTSl9pMjRtcWtWOURtNmxjRmhoYnJPVkV2RVlKLXlnc2NmMWpPN1hQVXNYSVREMU9tcEZNSDByazN0aTBINW92TFdkX0VWX2dURjNkaTMxT2JlTTNGeUpuUDcxT1RHNUE=,2023-06-08 12:23:52.841627
youtube#commentThread,ZrD4MlrLDIjubUmSFipFV7zMUaI,UgzxrG1W_UnsACfQjyh4AaABAg,"{'videoId': 'ZBaqttk_mG8', 'topLevelComment': {'kind': 'youtube#comment', 'etag': 'joL-Z_ZjCMxvGeQa0U3Y8VYTy5g', 'id': 'UgzxrG1W_UnsACfQjyh4AaABAg', 'snippet': {'videoId': 'ZBaqttk_mG8', 'textDisplay': 'Bolsonaro 22 🇧🇷 o Brasil em boas mãos quem mais fez pelo Brasil e pelo povo.', 'textOriginal': 'Bolsonaro 22 🇧🇷 o Brasil em boas mãos quem mais fez pelo Brasil e pelo povo.', 'authorDisplayName': 'Rosalia', 'authorProfileImageUrl': 'https://yt3.ggpht.com/ytc/AGIKgqNnCBUSay9lhs3tc1qNpe1xE4n_MFwm6vljTQ=s48-c-k-c0x00ffffff-no-rj', 'authorChannelUrl': 'http://www.youtube.com/channel/UCFuNHF4aoOn_wrjOktK1Krw', 'authorChannelId': {'value': 'UCFuNHF4aoOn_wrjOktK1Krw'}, 'canRate': True, 'viewerRating': 'none', 'likeCount': 3, 'publishedAt': '2022-10-21T23:50:09Z', 'updatedAt': '2022-10-21T23:50:09Z'}}, 'canReply': True, 'totalReplyCount': 0, 'isPublic': True}",,UCFuNHF4aoOn_wrjOktK1Krw,2022-10-21T23:50:09Z,Bolsonaro 22 🇧🇷 o Brasil em boas mãos quem mais fez pelo Brasil e pelo povo.,QURTSl9pMjRtcWtWOURtNmxjRmhoYnJPVkV2RVlKLXlnc2NmMWpPN1hQVXNYSVREMU9tcEZNSDByazN0aTBINW92TFdkX0VWX2dURjNkaTMxT2JlTTNGeUpuUDcxT1RHNUE=,2023-06-08 12:23:52.841627
youtube#commentThread,1zzyi8TENl3cP3bZo175Sqm5elE,UgySIh7YmmN_l9ehewJ4AaABAg,"{'videoId': 'ZBaqttk_mG8', 'topLevelComment': {'kind': 'youtube#comment', 'etag': '8Yns_gJtnGh5FODh6cyfM5Zx6oo', 'id': 'UgySIh7YmmN_l9ehewJ4AaABAg', 'snippet': {'videoId': 'ZBaqttk_mG8', 'textDisplay': 'DE   FATO   O   LULARAPIO   TIROU   MUITOS   DA  POBRESA  .,OS  SEUS  FILHOS   QUE  TEM   VERGONHA DO PAI  QUE   TEM  OS   CORRUPTOS  AMIGUINHOS   DELE.,.   E  OS  LADROES  ESTAO  QUERENDO    VOLTAR   POR   FAVOR  NAO  SEJAM   TROXAS   BOBOS   E  ENGANADOS    OUTRA   VEZ    SEJA  INTELIGENTE   VOTE   NO CAPITAO   BOLSONARO   NAO  VOTE  NUMA  PESSOA  QUE  SENTE  ORGULHO  DE   SER   ANALFABETO.....OK....', 'textOriginal': 'DE   FATO   O   LULARAPIO   TIROU   MUITOS   DA  POBRESA  .,OS  SEUS  FILHOS   QUE  TEM   VERGONHA DO PAI  QUE   TEM  OS   CORRUPTOS  AMIGUINHOS   DELE.,.   E  OS  LADROES  ESTAO  QUERENDO    VOLTAR   POR   FAVOR  NAO  SEJAM   TROXAS   BOBOS   E  ENGANADOS    OUTRA   VEZ    SEJA  INTELIGENTE   VOTE   NO CAPITAO   BOLSONARO   NAO  VOTE  NUMA  PESSOA  QUE  SENTE  ORGULHO  DE   SER   ANALFABETO.....OK....', 'authorDisplayName': 'José Marques', 'authorProfileImageUrl': 'https://yt3.ggpht.com/ytc/AGIKgqO1k6js2wsB9Z40azgr5IEHesrx8FXsZbbcFQ=s48-c-k-c0x00ffffff-no-rj', 'authorChannelUrl': 'http://www.youtube.com/channel/UC2lui-HtrkYkEmN5aE_Fejw', 'authorChannelId': {'value': 'UC2lui-HtrkYkEmN5aE_Fejw'}, 'canRate': True, 'viewerRating': 'none', 'likeCount': 0, 'publishedAt': '2022-10-21T23:49:59Z', 'updatedAt': '2022-10-21T23:49:59Z'}}, 'canReply': True, 'totalReplyCount': 0, 'isPublic': True}",,UC2lui-HtrkYkEmN5aE_Fejw,2022-10-21T23:49:59Z,"DE   FATO   O   LULARAPIO   TIROU   MUITOS   DA  POBRESA  .,OS  SEUS  FILHOS   QUE  TEM   VERGONHA DO PAI  QUE   TEM  OS   CORRUPTOS  AMIGUINHOS   DELE.,.   E  OS  LADROES  ESTAO  QUERENDO    VOLTAR   POR   FAVOR  NAO  SEJAM   TROXAS   BOBOS   E  ENGANADOS    OUTRA   VEZ    SEJA  INTELIGENTE   VOTE   NO CAPITAO   BOLSONARO   NAO  VOTE  NUMA  PESSOA  QUE  SENTE  ORGULHO  DE   SER   ANALFABETO.....OK....",QURTSl9pMjRtcWtWOURtNmxjRmhoYnJPVkV2RVlKLXlnc2NmMWpPN1hQVXNYSVREMU9tcEZNSDByazN0aTBINW92TFdkX0VWX2dURjNkaTMxT2JlTTNGeUpuUDcxT1RHNUE=,2023-06-08 12:23:52.841627
youtube#commentThread,_rEYcnOZVIk2WV3NnvXxGrvT3V0,UgwOJsfphwQtg559uXt4AaABAg,"{'videoId': 'ZBaqttk_mG8', 'topLevelComment': {'kind': 'youtube#comment', 'etag': 'CKR1Ir4FxgQb2ZeGuQ4Cu40B0qU', 'id': 'UgwOJsfphwQtg559uXt4AaABAg', 'snippet': {'videoId': 'ZBaqttk_mG8', 'textDisplay': 'E nada acontece com esse deputado marginal. Nunca vi um lixo desse combinar tanto com esse partido esquerdalha!<br>Essa censura nojenta foi &quot;um tiro no pé&quot; desses idiotas pq , se presidente Bolsonaro  já seria reeleito , agora que não tenho a menor dúvida!<br>Fora com esses boçais , lixos dessa esquerda <br>O Brasil não merece esse nove dedos de novo!!!<br>Bolsonaro 2022!!!', 'textOriginal': 'E nada acontece com esse deputado marginal. Nunca vi um lixo desse combinar tanto com esse partido esquerdalha!\\nEssa censura nojenta foi ""um tiro no pé"" desses idiotas pq , se presidente Bolsonaro  já seria reeleito , agora que não tenho a menor dúvida!\\nFora com esses boçais , lixos dessa esquerda \\nO Brasil não merece esse nove dedos de novo!!!\\nBolsonaro 2022!!!', 'authorDisplayName': 'Anaesteromirabda', 'authorProfileImageUrl': 'https://yt3.ggpht.com/ytc/AGIKgqO-P3w9WwrFCjxHWYvY0KG5JS_V5cla0LUlQ-Bu6YCEHgx0iyHHsz9FIFqOUzBv=s48-c-k-c0x00ffffff-no-rj', 'authorChannelUrl': 'http://www.youtube.com/channel/UC9ri7P4bsL1zTzH5Z2Iq9pw', 'authorChannelId': {'value': 'UC9ri7P4bsL1zTzH5Z2Iq9pw'}, 'canRate': True, 'viewerRating': 'none', 'likeCount': 0, 'publishedAt': '2022-10-21T23:49:43Z', 'updatedAt': '2022-10-21T23:49:43Z'}}, 'canReply': True, 'totalReplyCount': 0, 'isPublic': True}",,UC9ri7P4bsL1zTzH5Z2Iq9pw,2022-10-21T23:49:43Z,"E nada acontece com esse deputado marginal. Nunca vi um lixo desse combinar tanto com esse partido esquerdalha!
Essa censura nojenta foi ""um tiro no pé"" desses idiotas pq , se presidente Bolsonaro  já seria reeleito , agora que não tenho a menor dúvida!
Fora com esses boçais , lixos dessa esquerda 
O Brasil não merece esse nove dedos de novo!!!
Bolsonaro 2022!!!",QURTSl9pMjRtcWtWOURtNmxjRmhoYnJPVkV2RVlKLXlnc2NmMWpPN1hQVXNYSVREMU9tcEZNSDByazN0aTBINW92TFdkX0VWX2dURjNkaTMxT2JlTTNGeUpuUDcxT1RHNUE=,2023-06-08 12:23:52.841627
youtube#commentThread,7lJ9jtJ9pAY-zfw0-sJiTUxgJfQ,UgzsOxWoflb_jinoHHd4AaABAg,"{'videoId': 'ZBaqttk_mG8', 'topLevelComment': {'kind': 'youtube#comment', 'etag': 'MUWztS2Jg5sue4cVCYei2BHJHlw', 'id': 'UgzsOxWoflb_jinoHHd4AaABAg', 'snippet': {'videoId': 'ZBaqttk_mG8', 'textDisplay': 'Votei e votarei novamente Bolsonaro Presidente sempre é Mitooooooo orgulho do Brasil é 22', 'textOriginal': 'Votei e votarei novamente Bolsonaro Presidente sempre é Mitooooooo orgulho do Brasil é 22', 'authorDisplayName': 'Lei Urbana', 'authorProfileImageUrl': 'https://yt3.ggpht.com/ytc/AGIKgqPXKqBR0N6X50oxvFyaiXi5AQFlpT7ThaPbAA=s48-c-k-c0x00ffffff-no-rj', 'authorChannelUrl': 'http://www.youtube.com/channel/UCEBe8jhbXzvTE9alyue1BrA', 'authorChannelId': {'value': 'UCEBe8jhbXzvTE9alyue1BrA'}, 'canRate': True, 'viewerRating': 'none', 'likeCount': 3, 'publishedAt': '2022-10-21T23:48:57Z', 'updatedAt': '2022-10-21T23:48:57Z'}}, 'canReply': True, 'totalReplyCount': 0, 'isPublic': True}",,UCEBe8jhbXzvTE9alyue1BrA,2022-10-21T23:48:57Z,Votei e votarei novamente Bolsonaro Presidente sempre é Mitooooooo orgulho do Brasil é 22,QURTSl9pMjRtcWtWOURtNmxjRmhoYnJPVkV2RVlKLXlnc2NmMWpPN1hQVXNYSVREMU9tcEZNSDByazN0aTBINW92TFdkX0VWX2dURjNkaTMxT2JlTTNGeUpuUDcxT1RHNUE=,2023-06-08 12:23:52.841627
youtube#commentThread,RZY-CdJ2bjd9zF_mb0hbOlFXtyE,UgzWhsq1yfgaETy3Rjl4AaABAg,"{'videoId': 'ZBaqttk_mG8', 'topLevelComment': {'kind': 'youtube#comment', 'etag': 'NKHDXvlox_lQXaKLbxnS7x8S-F8', 'id': 'UgzWhsq1yfgaETy3Rjl4AaABAg', 'snippet': {'videoId': 'ZBaqttk_mG8', 'textDisplay': 'Boa meu Presidente', 'textOriginal': 'Boa meu Presidente', 'authorDisplayName': 'Eraldo Amorim', 'authorProfileImageUrl': 'https://yt3.ggpht.com/ytc/AGIKgqPNnUWjj29RR3tpGezQkaz3SHFu7sNXuai-6bwH3K_PJ76rgPlSyTr3lkgJqweF=s48-c-k-c0x00ffffff-no-rj', 'authorChannelUrl': 'http://www.youtube.com/channel/UCpjxAzkDx3aJ9TA1FFcm2MA', 'authorChannelId': {'value': 'UCpjxAzkDx3aJ9TA1FFcm2MA'}, 'canRate': True, 'viewerRating': 'none', 'likeCount': 1, 'publishedAt': '2022-10-21T23:48:27Z', 'updatedAt': '2022-10-21T23:48:27Z'}}, 'canReply': True, 'totalReplyCount': 0, 'isPublic': True}",,UCpjxAzkDx3aJ9TA1FFcm2MA,2022-10-21T23:48:27Z,Boa meu Presidente,QURTSl9pMjRtcWtWOURtNmxjRmhoYnJPVkV2RVlKLXlnc2NmMWpPN1hQVXNYSVREMU9tcEZNSDByazN0aTBINW92TFdkX0VWX2dURjNkaTMxT2JlTTNGeUpuUDcxT1RHNUE=,2023-06-08 12:23:52.841627
youtube#commentThread,9qLoNGueoHF2ugrHxFBfsPqGcZQ,UgwsrfkO3TlScb6z_0x4AaABAg,"{'videoId': 'ZBaqttk_mG8', 'topLevelComment': {'kind': 'youtube#comment', 'etag': 'OTVerrD3SZr_QNs7pMGm5QXJaq0', 'id': 'UgwsrfkO3TlScb6z_0x4AaABAg', 'snippet': {'videoId': 'ZBaqttk_mG8', 'textDisplay': 'para isto acabar e só as polícias federais militar civil não obedecer mas nada deste ministro aí quero ver eles mesmo sair para ir prende as pessoas', 'textOriginal': 'para isto acabar e só as polícias federais militar civil não obedecer mas nada deste ministro aí quero ver eles mesmo sair para ir prende as pessoas', 'authorDisplayName': 'lindomar marinho', 'authorProfileImageUrl': 'https://yt3.ggpht.com/ytc/AGIKgqN_Z167Hmg6w6sZGxVQTSCt9lsG34JgPTvzJ7kQ_Q=s48-c-k-c0x00ffffff-no-rj', 'authorChannelUrl': 'http://www.youtube.com/channel/UCyh9v95gGoY7QskXn3Ygnbg', 'authorChannelId': {'value': 'UCyh9v95gGoY7QskXn3Ygnbg'}, 'canRate': True, 'viewerRating': 'none', 'likeCount': 0, 'publishedAt': '2022-10-21T23:48:07Z', 'updatedAt': '2022-10-21T23:48:07Z'}}, 'canReply': True, 'totalReplyCount': 0, 'isPublic': True}",,UCyh9v95gGoY7QskXn3Ygnbg,2022-10-21T23:48:07Z,para isto acabar e só as polícias federais militar civil não obedecer mas nada deste ministro aí quero ver eles mesmo sair para ir prende as pessoas,QURTSl9pMjRtcWtWOURtNmxjRmhoYnJPVkV2RVlKLXlnc2NmMWpPN1hQVXNYSVREMU9tcEZNSDByazN0aTBINW92TFdkX0VWX2dURjNkaTMxT2JlTTNGeUpuUDcxT1RHNUE=,2023-06-08 12:23:52.841627
youtube#commentThread,iBhgmYrZKVxfW20kVCd88z46ZrU,UgzesrOY0o1gW0v3ao94AaABAg,"{'videoId': 'ZBaqttk_mG8', 'topLevelComment': {'kind': 'youtube#comment', 'etag': 'hKIWTMV_aNaTEDtby3vYpbyjWwQ', 'id': 'UgzesrOY0o1gW0v3ao94AaABAg', 'snippet': {'videoId': 'ZBaqttk_mG8', 'textDisplay': 'Se as emissoras de comunicação não estivessem alinhadas e coniventes com esse sistema diabólico, pensando que este, irá encher as contas bancárias delas, com o luladrão no poder, a verdade mostraria para o povo quem é o único candidato limpo. Bolsonaro com Deus e o lado bom, vencerá a fraude.', 'textOriginal': 'Se as emissoras de comunicação não estivessem alinhadas e coniventes com esse sistema diabólico, pensando que este, irá encher as contas bancárias delas, com o luladrão no poder, a verdade mostraria para o povo quem é o único candidato limpo. Bolsonaro com Deus e o lado bom, vencerá a fraude.', 'authorDisplayName': 'Carlos Pinho', 'authorProfileImageUrl': 'https://yt3.ggpht.com/ytc/AGIKgqMVOwthMEEqdC9tRdqwe7_T0xzlhQzby917BA=s48-c-k-c0x00ffffff-no-rj', 'authorChannelUrl': 'http://www.youtube.com/channel/UCahlGmXa8svvM1OJetAS8bg', 'authorChannelId': {'value': 'UCahlGmXa8svvM1OJetAS8bg'}, 'canRate': True, 'viewerRating': 'none', 'likeCount': 0, 'publishedAt': '2022-10-21T23:47:47Z', 'updatedAt': '2022-10-21T23:47:47Z'}}, 'canReply': True, 'totalReplyCount': 0, 'isPublic': True}",,UCahlGmXa8svvM1OJetAS8bg,2022-10-21T23:47:47Z,"Se as emissoras de comunicação não estivessem alinhadas e coniventes com esse sistema diabólico, pensando que este, irá encher as contas bancárias delas, com o luladrão no poder, a verdade mostraria para o povo quem é o único candidato limpo. Bolsonaro com Deus e o lado bom, vencerá a fraude.",QURTSl9pMjRtcWtWOURtNmxjRmhoYnJPVkV2RVlKLXlnc2NmMWpPN1hQVXNYSVREMU9tcEZNSDByazN0aTBINW92TFdkX0VWX2dURjNkaTMxT2JlTTNGeUpuUDcxT1RHNUE=,2023-06-08 12:23:52.841627
youtube#commentThread,uy_Ls_Jf9JVhtDTkZRLPUS5yDIY,UgxHZNTMfM3fl_gpBvZ4AaABAg,"{'videoId': 'ZBaqttk_mG8', 'topLevelComment': {'kind': 'youtube#comment', 'etag': 'BFm5nXgn0-EmubmCsrGLyZB02c8', 'id': 'UgxHZNTMfM3fl_gpBvZ4AaABAg', 'snippet': {'videoId': 'ZBaqttk_mG8', 'textDisplay': 'estes ministro são uma ameça e vergonha para nação brasileira chega pow de tanta pilantragem desta ditadura da toga que não tem voto popular de nada foram escolhido pelo crime organizado do PTCC partido das treva', 'textOriginal': 'estes ministro são uma ameça e vergonha para nação brasileira chega pow de tanta pilantragem desta ditadura da toga que não tem voto popular de nada foram escolhido pelo crime organizado do PTCC partido das treva', 'authorDisplayName': 'lindomar marinho', 'authorProfileImageUrl': 'https://yt3.ggpht.com/ytc/AGIKgqN_Z167Hmg6w6sZGxVQTSCt9lsG34JgPTvzJ7kQ_Q=s48-c-k-c0x00ffffff-no-rj', 'authorChannelUrl': 'http://www.youtube.com/channel/UCyh9v95gGoY7QskXn3Ygnbg', 'authorChannelId': {'value': 'UCyh9v95gGoY7QskXn3Ygnbg'}, 'canRate': True, 'viewerRating': 'none', 'likeCount': 0, 'publishedAt': '2022-10-21T23:46:53Z', 'updatedAt': '2022-10-21T23:46:53Z'}}, 'canReply': True, 'totalReplyCount': 0, 'isPublic': True}",,UCyh9v95gGoY7QskXn3Ygnbg,2022-10-21T23:46:53Z,estes ministro são uma ameça e vergonha para nação brasileira chega pow de tanta pilantragem desta ditadura da toga que não tem voto popular de nada foram escolhido pelo crime organizado do PTCC partido das treva,QURTSl9pMjRtcWtWOURtNmxjRmhoYnJPVkV2RVlKLXlnc2NmMWpPN1hQVXNYSVREMU9tcEZNSDByazN0aTBINW92TFdkX0VWX2dURjNkaTMxT2JlTTNGeUpuUDcxT1RHNUE=,2023-06-08 12:23:52.841627
youtube#commentThread,RUFfz0dPX0l53s1m46ZZKC2whNg,UgwJlws5IPQ6KbToWqR4AaABAg,"{'videoId': 'ZBaqttk_mG8', 'topLevelComment': {'kind': 'youtube#comment', 'etag': 'hrKK7HOx8xIyhDjodRT5KGgxaKk', 'id': 'UgwJlws5IPQ6KbToWqR4AaABAg', 'snippet': {'videoId': 'ZBaqttk_mG8', 'textDisplay': 'Estamos juntos com Bolsonaro voto em 22 🇧🇷🇧🇷✌️✌️', 'textOriginal': 'Estamos juntos com Bolsonaro voto em 22 🇧🇷🇧🇷✌️✌️', 'authorDisplayName': 'nd', 'authorProfileImageUrl': 'https://yt3.ggpht.com/Hq-5yy4toHSnK3suQ3VK05-g93wxWSjV4ybUo-bgj-wnQVMM_NK5BcMjnHldfBMi6AMDPA_5KzE=s48-c-k-c0x00ffffff-no-rj', 'authorChannelUrl': 'http://www.youtube.com/channel/UCzjZYGhWaY6uUPQxx8JdafQ', 'authorChannelId': {'value': 'UCzjZYGhWaY6uUPQxx8JdafQ'}, 'canRate': True, 'viewerRating': 'none', 'likeCount': 1, 'publishedAt': '2022-10-21T23:46:28Z', 'updatedAt': '2022-10-21T23:46:28Z'}}, 'canReply': True, 'totalReplyCount': 0, 'isPublic': True}",,UCzjZYGhWaY6uUPQxx8JdafQ,2022-10-21T23:46:28Z,Estamos juntos com Bolsonaro voto em 22 🇧🇷🇧🇷✌️✌️,QURTSl9pMjRtcWtWOURtNmxjRmhoYnJPVkV2RVlKLXlnc2NmMWpPN1hQVXNYSVREMU9tcEZNSDByazN0aTBINW92TFdkX0VWX2dURjNkaTMxT2JlTTNGeUpuUDcxT1RHNUE=,2023-06-08 12:23:52.841627
youtube#commentThread,qzlSUM6X4jGtJiQ772IsNl9yLcw,UgwNEnT-Q8MMKM20Sz94AaABAg,"{'videoId': 'ZBaqttk_mG8', 'topLevelComment': {'kind': 'youtube#comment', 'etag': 'QSlXFU1rDFXUNb0OrvZKch0It18', 'id': 'UgwNEnT-Q8MMKM20Sz94AaABAg', 'snippet': {'videoId': 'ZBaqttk_mG8', 'textDisplay': '🇧🇷🇧🇷🇧🇷🇧🇷🇧🇷🇧🇷🇧🇷🇧🇷, Nossa Bandeira jamais será vermelha, PT nunca mais, isto não é partido político e sim uma facção criminosa, cujo chefe é o ladrão de 9 dedos', 'textOriginal': '🇧🇷🇧🇷🇧🇷🇧🇷🇧🇷🇧🇷🇧🇷🇧🇷, Nossa Bandeira jamais será vermelha, PT nunca mais, isto não é partido político e sim uma facção criminosa, cujo chefe é o ladrão de 9 dedos', 'authorDisplayName': 'Roque Batista', 'authorProfileImageUrl': 'https://yt3.ggpht.com/ytc/AGIKgqPWOOvGKw7Lb8b7yweG92K-4AE34dU2WZy0MVTrW2Vcj2Cgt3u3f-VT_pVutJFf=s48-c-k-c0x00ffffff-no-rj', 'authorChannelUrl': 'http://www.youtube.com/channel/UC-QXytubkki0ejwasMwP5xw', 'authorChannelId': {'value': 'UC-QXytubkki0ejwasMwP5xw'}, 'canRate': True, 'viewerRating': 'none', 'likeCount': 0, 'publishedAt': '2022-10-21T23:46:10Z', 'updatedAt': '2022-10-21T23:46:10Z'}}, 'canReply': True, 'totalReplyCount': 0, 'isPublic': True}",,UC-QXytubkki0ejwasMwP5xw,2022-10-21T23:46:10Z,"🇧🇷🇧🇷🇧🇷🇧🇷🇧🇷🇧🇷🇧🇷🇧🇷, Nossa Bandeira jamais será vermelha, PT nunca mais, isto não é partido político e sim uma facção criminosa, cujo chefe é o ladrão de 9 dedos",QURTSl9pMjRtcWtWOURtNmxjRmhoYnJPVkV2RVlKLXlnc2NmMWpPN1hQVXNYSVREMU9tcEZNSDByazN0aTBINW92TFdkX0VWX2dURjNkaTMxT2JlTTNGeUpuUDcxT1RHNUE=,2023-06-08 12:23:52.841627
youtube#commentThread,4MCgBZX0XNF0yU6lDyT7yitqG1U,UgzmFtaysGz5Ljhuv_d4AaABAg,"{'videoId': 'ZBaqttk_mG8', 'topLevelComment': {'kind': 'youtube#comment', 'etag': 'GDDjujnTdz66qfhNoPMLQHfNvw8', 'id': 'UgzmFtaysGz5Ljhuv_d4AaABAg', 'snippet': {'videoId': 'ZBaqttk_mG8', 'textDisplay': 'somos nordestinos e toda minha casa vota 22', 'textOriginal': 'somos nordestinos e toda minha casa vota 22', 'authorDisplayName': 'wellington da invencao alves', 'authorProfileImageUrl': 'https://yt3.ggpht.com/ytc/AGIKgqNtzPU-XJVaxN1XkIfRQqI1QxCR3QL2N_L5ww=s48-c-k-c0x00ffffff-no-rj', 'authorChannelUrl': 'http://www.youtube.com/channel/UC09Rkjj10NMQNxAKYrlhqew', 'authorChannelId': {'value': 'UC09Rkjj10NMQNxAKYrlhqew'}, 'canRate': True, 'viewerRating': 'none', 'likeCount': 0, 'publishedAt': '2022-10-21T23:45:58Z', 'updatedAt': '2022-10-21T23:45:58Z'}}, 'canReply': True, 'totalReplyCount': 0, 'isPublic': True}",,UC09Rkjj10NMQNxAKYrlhqew,2022-10-21T23:45:58Z,somos nordestinos e toda minha casa vota 22,QURTSl9pMjRtcWtWOURtNmxjRmhoYnJPVkV2RVlKLXlnc2NmMWpPN1hQVXNYSVREMU9tcEZNSDByazN0aTBINW92TFdkX0VWX2dURjNkaTMxT2JlTTNGeUpuUDcxT1RHNUE=,2023-06-08 12:23:52.841627
youtube#commentThread,hW1h06pc0OieQiku0kL5izJllhY,UgxyFtt68L15zvoCLAp4AaABAg,"{'videoId': 'ZBaqttk_mG8', 'topLevelComment': {'kind': 'youtube#comment', 'etag': 'd9kFv_4s3PnA8Z8ttd66ToRUw2s', 'id': 'UgxyFtt68L15zvoCLAp4AaABAg', 'snippet': {'videoId': 'ZBaqttk_mG8', 'textDisplay': 'O silêncio das Forças Armadas e algo que preoucupa ...Eles são os guardiões da lei e da ordem..Estão todos caladinho..', 'textOriginal': 'O silêncio das Forças Armadas e algo que preoucupa ...Eles são os guardiões da lei e da ordem..Estão todos caladinho..', 'authorDisplayName': 'Mário Sérgio', 'authorProfileImageUrl': 'https://yt3.ggpht.com/ytc/AGIKgqPx8itFR4ZONfwdMRqqVDz6ePrfJmv1v4qm17RL=s48-c-k-c0x00ffffff-no-rj', 'authorChannelUrl': 'http://www.youtube.com/channel/UCtMEkBsL0C3QBAJpV4P1PRQ', 'authorChannelId': {'value': 'UCtMEkBsL0C3QBAJpV4P1PRQ'}, 'canRate': True, 'viewerRating': 'none', 'likeCount': 0, 'publishedAt': '2022-10-21T23:45:56Z', 'updatedAt': '2022-10-21T23:45:56Z'}}, 'canReply': True, 'totalReplyCount': 1, 'isPublic': True}","{'comments': [{'kind': 'youtube#comment', 'etag': 'YqUpx9xZKKWK38na8IkN4ZJoARE', 'id': 'UgxyFtt68L15zvoCLAp4AaABAg.9hTA9Ozcy5o9hVWEocptqG', 'snippet': {'videoId': 'ZBaqttk_mG8', 'textDisplay': 'Errado. Não usamos caneta e palavras de amor. Agir agora é entregar o BR para eles. Tudo ao seu tempo. Pressa é inimiga da perfeição.', 'textOriginal': 'Errado. Não usamos caneta e palavras de amor. Agir agora é entregar o BR para eles. Tudo ao seu tempo. Pressa é inimiga da perfeição.', 'parentId': 'UgxyFtt68L15zvoCLAp4AaABAg', 'authorDisplayName': 'Flavio Ribeiro', 'authorProfileImageUrl': 'https://yt3.ggpht.com/ytc/AGIKgqP0ZDsilooViQfFSUBoI7qB-hLN9IvncMzmww=s48-c-k-c0x00ffffff-no-rj', 'authorChannelUrl': 'http://www.youtube.com/channel/UCCxhO4KeEZX9lNwTngz50QA', 'authorChannelId': {'value': 'UCCxhO4KeEZX9lNwTngz50QA'}, 'canRate': True, 'viewerRating': 'none', 'likeCount': 0, 'publishedAt': '2022-10-22T21:37:23Z', 'updatedAt': '2022-10-22T21:37:23Z'}}]}",UCtMEkBsL0C3QBAJpV4P1PRQ,2022-10-21T23:45:56Z,O silêncio das Forças Armadas e algo que preoucupa ...Eles são os guardiões da lei e da ordem..Estão todos caladinho..,QURTSl9pMjRtcWtWOURtNmxjRmhoYnJPVkV2RVlKLXlnc2NmMWpPN1hQVXNYSVREMU9tcEZNSDByazN0aTBINW92TFdkX0VWX2dURjNkaTMxT2JlTTNGeUpuUDcxT1RHNUE=,2023-06-08 12:23:52.841627
youtube#commentThread,0olTXamc9e5tfgKJaBIBZ_VtXRQ,UgyPRtI8WGQNxr2HW8R4AaABAg,"{'videoId': 'ZBaqttk_mG8', 'topLevelComment': {'kind': 'youtube#comment', 'etag': 'O3CZihCGaWyKnWnvxSItYe8mqCk', 'id': 'UgyPRtI8WGQNxr2HW8R4AaABAg', 'snippet': {'videoId': 'ZBaqttk_mG8', 'textDisplay': 'STF está envolvido com quadrilha da esquerda.', 'textOriginal': 'STF está envolvido com quadrilha da esquerda.', 'authorDisplayName': 'Marcelo Pacheco', 'authorProfileImageUrl': 'https://yt3.ggpht.com/ytc/AGIKgqMYNRfHs93U2Sr2n-OpgTiF8j3Xc_mS_qTO7Q=s48-c-k-c0x00ffffff-no-rj', 'authorChannelUrl': 'http://www.youtube.com/channel/UCT1r9Yy5roRDWFH_oj-ewDQ', 'authorChannelId': {'value': 'UCT1r9Yy5roRDWFH_oj-ewDQ'}, 'canRate': True, 'viewerRating': 'none', 'likeCount': 0, 'publishedAt': '2022-10-21T23:44:39Z', 'updatedAt': '2022-10-21T23:44:39Z'}}, 'canReply': True, 'totalReplyCount': 0, 'isPublic': True}",,UCT1r9Yy5roRDWFH_oj-ewDQ,2022-10-21T23:44:39Z,STF está envolvido com quadrilha da esquerda.,QURTSl9pMjRtcWtWOURtNmxjRmhoYnJPVkV2RVlKLXlnc2NmMWpPN1hQVXNYSVREMU9tcEZNSDByazN0aTBINW92TFdkX0VWX2dURjNkaTMxT2JlTTNGeUpuUDcxT1RHNUE=,2023-06-08 12:23:52.841627
youtube#commentThread,RIcbFLazjzDOqkWT7H0vDmkgZ70,Ugy1n4tDVSZf2rTP0D54AaABAg,"{'videoId': 'ZBaqttk_mG8', 'topLevelComment': {'kind': 'youtube#comment', 'etag': 'bksyj1B9c5UX1q6avfGAqOSqR8s', 'id': 'Ugy1n4tDVSZf2rTP0D54AaABAg', 'snippet': {'videoId': 'ZBaqttk_mG8', 'textDisplay': 'Ola eu sou carlos quero muito que  ainstituicao de ministros  é  muito  importante para  os brasileiros  mais  com nem um  destes ministros que  ai estão  tem  que trocar logo tem  que ter um jeito de tirá  esses caras  sair se não  nossos inocente  vão  pagar caro pelos nossos  erros vem lar de traz quando elegemos Lula  e Dilma foi que esse inferno começou  mudar as leis é  preciso elogo', 'textOriginal': 'Ola eu sou carlos quero muito que  ainstituicao de ministros  é  muito  importante para  os brasileiros  mais  com nem um  destes ministros que  ai estão  tem  que trocar logo tem  que ter um jeito de tirá  esses caras  sair se não  nossos inocente  vão  pagar caro pelos nossos  erros vem lar de traz quando elegemos Lula  e Dilma foi que esse inferno começou  mudar as leis é  preciso elogo', 'authorDisplayName': 'Carlos expedito', 'authorProfileImageUrl': 'https://yt3.ggpht.com/ytc/AGIKgqOIMn4O9IMw772AH1DXzqW1QQ1emU7vTF-gEA=s48-c-k-c0x00ffffff-no-rj', 'authorChannelUrl': 'http://www.youtube.com/channel/UCSBXXRbIcdywWMrUJR9OF0g', 'authorChannelId': {'value': 'UCSBXXRbIcdywWMrUJR9OF0g'}, 'canRate': True, 'viewerRating': 'none', 'likeCount': 0, 'publishedAt': '2022-10-21T23:43:52Z', 'updatedAt': '2022-10-21T23:43:52Z'}}, 'canReply': True, 'totalReplyCount': 0, 'isPublic': True}",,UCSBXXRbIcdywWMrUJR9OF0g,2022-10-21T23:43:52Z,Ola eu sou carlos quero muito que  ainstituicao de ministros  é  muito  importante para  os brasileiros  mais  com nem um  destes ministros que  ai estão  tem  que trocar logo tem  que ter um jeito de tirá  esses caras  sair se não  nossos inocente  vão  pagar caro pelos nossos  erros vem lar de traz quando elegemos Lula  e Dilma foi que esse inferno começou  mudar as leis é  preciso elogo,QURTSl9pMjRtcWtWOURtNmxjRmhoYnJPVkV2RVlKLXlnc2NmMWpPN1hQVXNYSVREMU9tcEZNSDByazN0aTBINW92TFdkX0VWX2dURjNkaTMxT2JlTTNGeUpuUDcxT1RHNUE=,2023-06-08 12:23:52.841627
youtube#commentThread,26L4I2JkeDxPN-LHqw4nx90OFIc,Ugz7F9nMzG6kvpNr6cR4AaABAg,"{'videoId': 'ZBaqttk_mG8', 'topLevelComment': {'kind': 'youtube#comment', 'etag': 'GxPyjj_dgnzw-3FGQJKl45nF-RI', 'id': 'Ugz7F9nMzG6kvpNr6cR4AaABAg', 'snippet': {'videoId': 'ZBaqttk_mG8', 'textDisplay': 'E 22 Bolsonaro 🇧🇷 dia 30 se Deus quiser Amém 🙌🙏🙏.', 'textOriginal': 'E 22 Bolsonaro 🇧🇷 dia 30 se Deus quiser Amém 🙌🙏🙏.', 'authorDisplayName': 'Cida Faria', 'authorProfileImageUrl': 'https://yt3.ggpht.com/ytc/AGIKgqNiypWGSlPB1xAwKsv8xpmtwpDqDfxW5_4r3w=s48-c-k-c0x00ffffff-no-rj', 'authorChannelUrl': 'http://www.youtube.com/channel/UCwzQFmfqAn4xNk7VGV3Niqw', 'authorChannelId': {'value': 'UCwzQFmfqAn4xNk7VGV3Niqw'}, 'canRate': True, 'viewerRating': 'none', 'likeCount': 4, 'publishedAt': '2022-10-21T23:43:42Z', 'updatedAt': '2022-10-21T23:43:42Z'}}, 'canReply': True, 'totalReplyCount': 0, 'isPublic': True}",,UCwzQFmfqAn4xNk7VGV3Niqw,2022-10-21T23:43:42Z,E 22 Bolsonaro 🇧🇷 dia 30 se Deus quiser Amém 🙌🙏🙏.,QURTSl9pMjRtcWtWOURtNmxjRmhoYnJPVkV2RVlKLXlnc2NmMWpPN1hQVXNYSVREMU9tcEZNSDByazN0aTBINW92TFdkX0VWX2dURjNkaTMxT2JlTTNGeUpuUDcxT1RHNUE=,2023-06-08 12:23:52.841627
youtube#commentThread,oCCdUXYgFlf7ZT7r2Ho54VNy0rE,Ugx0efFCKzIjI0L3xUR4AaABAg,"{'videoId': 'ZBaqttk_mG8', 'topLevelComment': {'kind': 'youtube#comment', 'etag': 'ao88vjmQn2b-zHMQlHbBWKIpy9E', 'id': 'Ugx0efFCKzIjI0L3xUR4AaABAg', 'snippet': {'videoId': 'ZBaqttk_mG8', 'textDisplay': 'olha esse vídeo muita hipocrisia', 'textOriginal': 'olha esse vídeo muita hipocrisia', 'authorDisplayName': 'TIAGO cunha', 'authorProfileImageUrl': 'https://yt3.ggpht.com/ytc/AGIKgqMsu2kIoDT1qsOPNjDkpgpdMJ02NYFUyzXXgZyL0g=s48-c-k-c0x00ffffff-no-rj', 'authorChannelUrl': 'http://www.youtube.com/channel/UC6wxq9PH9-d679GzeP5NE0g', 'authorChannelId': {'value': 'UC6wxq9PH9-d679GzeP5NE0g'}, 'canRate': True, 'viewerRating': 'none', 'likeCount': 0, 'publishedAt': '2022-10-21T23:43:33Z', 'updatedAt': '2022-10-21T23:43:33Z'}}, 'canReply': True, 'totalReplyCount': 0, 'isPublic': True}",,UC6wxq9PH9-d679GzeP5NE0g,2022-10-21T23:43:33Z,olha esse vídeo muita hipocrisia,QURTSl9pMjRtcWtWOURtNmxjRmhoYnJPVkV2RVlKLXlnc2NmMWpPN1hQVXNYSVREMU9tcEZNSDByazN0aTBINW92TFdkX0VWX2dURjNkaTMxT2JlTTNGeUpuUDcxT1RHNUE=,2023-06-08 12:23:52.841627
youtube#commentThread,RR1Ry-b3FiCi1FaVZjMVc06_LRc,UgwqfnKH5S-aagFJoaJ4AaABAg,"{'videoId': 'ZBaqttk_mG8', 'topLevelComment': {'kind': 'youtube#comment', 'etag': '8PaSJLW9IBsoTx1E6fRb1WASs78', 'id': 'UgwqfnKH5S-aagFJoaJ4AaABAg', 'snippet': {'videoId': 'ZBaqttk_mG8', 'textDisplay': 'Quem vota em ladrão não ama sua Nação.', 'textOriginal': 'Quem vota em ladrão não ama sua Nação.', 'authorDisplayName': 'Roque Batista', 'authorProfileImageUrl': 'https://yt3.ggpht.com/ytc/AGIKgqPWOOvGKw7Lb8b7yweG92K-4AE34dU2WZy0MVTrW2Vcj2Cgt3u3f-VT_pVutJFf=s48-c-k-c0x00ffffff-no-rj', 'authorChannelUrl': 'http://www.youtube.com/channel/UC-QXytubkki0ejwasMwP5xw', 'authorChannelId': {'value': 'UC-QXytubkki0ejwasMwP5xw'}, 'canRate': True, 'viewerRating': 'none', 'likeCount': 0, 'publishedAt': '2022-10-21T23:43:25Z', 'updatedAt': '2022-10-21T23:43:25Z'}}, 'canReply': True, 'totalReplyCount': 0, 'isPublic': True}",,UC-QXytubkki0ejwasMwP5xw,2022-10-21T23:43:25Z,Quem vota em ladrão não ama sua Nação.,QURTSl9pMjRtcWtWOURtNmxjRmhoYnJPVkV2RVlKLXlnc2NmMWpPN1hQVXNYSVREMU9tcEZNSDByazN0aTBINW92TFdkX0VWX2dURjNkaTMxT2JlTTNGeUpuUDcxT1RHNUE=,2023-06-08 12:23:52.841627
youtube#commentThread,_Wg_hb54-atiyEvjc1kmkS5phjw,Ugyrv03wOKF-U_5t7HZ4AaABAg,"{'videoId': 'ZBaqttk_mG8', 'topLevelComment': {'kind': 'youtube#comment', 'etag': '4aOG-j-3-l5AT4nhpa3RaovJHGI', 'id': 'Ugyrv03wOKF-U_5t7HZ4AaABAg', 'snippet': {'videoId': 'ZBaqttk_mG8', 'textDisplay': 'EU   QUERO   QUE  TODOS  OS  PETISTAS   SE   ALEGREM   E  SEJAM   FELIZES  E   COMAM   PICANHA  E  NAO   MORTANDELA     PORISSO    QUERO    QUE  ASSIM   TODOS SEREMOS   FELIZES  E   TODOS  COMIGO  VOTEM   NO   BOLSONARO  COMO  EU   POIS  SE  DEPENDERMOS  DO  LULADRAO  NEM  MORTANDELA   TEM  PRA   TODOS,,,,,,,,,OK,,,,,', 'textOriginal': 'EU   QUERO   QUE  TODOS  OS  PETISTAS   SE   ALEGREM   E  SEJAM   FELIZES  E   COMAM   PICANHA  E  NAO   MORTANDELA     PORISSO    QUERO    QUE  ASSIM   TODOS SEREMOS   FELIZES  E   TODOS  COMIGO  VOTEM   NO   BOLSONARO  COMO  EU   POIS  SE  DEPENDERMOS  DO  LULADRAO  NEM  MORTANDELA   TEM  PRA   TODOS,,,,,,,,,OK,,,,,', 'authorDisplayName': 'José Marques', 'authorProfileImageUrl': 'https://yt3.ggpht.com/ytc/AGIKgqO1k6js2wsB9Z40azgr5IEHesrx8FXsZbbcFQ=s48-c-k-c0x00ffffff-no-rj', 'authorChannelUrl': 'http://www.youtube.com/channel/UC2lui-HtrkYkEmN5aE_Fejw', 'authorChannelId': {'value': 'UC2lui-HtrkYkEmN5aE_Fejw'}, 'canRate': True, 'viewerRating': 'none', 'likeCount': 0, 'publishedAt': '2022-10-21T23:43:11Z', 'updatedAt': '2022-10-21T23:43:11Z'}}, 'canReply': True, 'totalReplyCount': 0, 'isPublic': True}",,UC2lui-HtrkYkEmN5aE_Fejw,2022-10-21T23:43:11Z,"EU   QUERO   QUE  TODOS  OS  PETISTAS   SE   ALEGREM   E  SEJAM   FELIZES  E   COMAM   PICANHA  E  NAO   MORTANDELA     PORISSO    QUERO    QUE  ASSIM   TODOS SEREMOS   FELIZES  E   TODOS  COMIGO  VOTEM   NO   BOLSONARO  COMO  EU   POIS  SE  DEPENDERMOS  DO  LULADRAO  NEM  MORTANDELA   TEM  PRA   TODOS,,,,,,,,,OK,,,,,",QURTSl9pMjRtcWtWOURtNmxjRmhoYnJPVkV2RVlKLXlnc2NmMWpPN1hQVXNYSVREMU9tcEZNSDByazN0aTBINW92TFdkX0VWX2dURjNkaTMxT2JlTTNGeUpuUDcxT1RHNUE=,2023-06-08 12:23:52.841627
youtube#commentThread,ucZZZqZKGE0iCmU5nAWQj4SmEfU,UgyH0X1-rSw0Jwk7RFl4AaABAg,"{'videoId': 'ZBaqttk_mG8', 'topLevelComment': {'kind': 'youtube#comment', 'etag': 'a_eVCgssMUS0glHlMJHKkCcSb98', 'id': 'UgyH0X1-rSw0Jwk7RFl4AaABAg', 'snippet': {'videoId': 'ZBaqttk_mG8', 'textDisplay': 'Só pra lembrar que amanhã é dia 22.', 'textOriginal': 'Só pra lembrar que amanhã é dia 22.', 'authorDisplayName': 'Paulo Horta', 'authorProfileImageUrl': 'https://yt3.ggpht.com/x1R9ieckSCPYbuNeMBwnIiIDMkd_K6jDySLY-PS5d0iNqfgI7EKVhbFExWvKsVD2fSUHVZ-Xlw=s48-c-k-c0x00ffffff-no-rj', 'authorChannelUrl': 'http://www.youtube.com/channel/UC5MP4rCAZGlW5vNmeirB49A', 'authorChannelId': {'value': 'UC5MP4rCAZGlW5vNmeirB49A'}, 'canRate': True, 'viewerRating': 'none', 'likeCount': 0, 'publishedAt': '2022-10-21T23:42:48Z', 'updatedAt': '2022-10-21T23:42:48Z'}}, 'canReply': True, 'totalReplyCount': 0, 'isPublic': True}",,UC5MP4rCAZGlW5vNmeirB49A,2022-10-21T23:42:48Z,Só pra lembrar que amanhã é dia 22.,QURTSl9pMjRtcWtWOURtNmxjRmhoYnJPVkV2RVlKLXlnc2NmMWpPN1hQVXNYSVREMU9tcEZNSDByazN0aTBINW92TFdkX0VWX2dURjNkaTMxT2JlTTNGeUpuUDcxT1RHNUE=,2023-06-08 12:23:52.841627
youtube#commentThread,sp_LJPc3ZFU-LzL9ngiLvrYt03c,UgyHxUcrQbqJ2VbJ1uF4AaABAg,"{'videoId': 'ZBaqttk_mG8', 'topLevelComment': {'kind': 'youtube#comment', 'etag': '69kpWSXWkyvVBa35LDB5yl2-53I', 'id': 'UgyHxUcrQbqJ2VbJ1uF4AaABAg', 'snippet': {'videoId': 'ZBaqttk_mG8', 'textDisplay': 'O Bolsonaro e Melhor Presidente do Brasil que já teve vamos vencer se Deus quiser Amém 🙌🙏🙏🙏.', 'textOriginal': 'O Bolsonaro e Melhor Presidente do Brasil que já teve vamos vencer se Deus quiser Amém 🙌🙏🙏🙏.', 'authorDisplayName': 'Cida Faria', 'authorProfileImageUrl': 'https://yt3.ggpht.com/ytc/AGIKgqNiypWGSlPB1xAwKsv8xpmtwpDqDfxW5_4r3w=s48-c-k-c0x00ffffff-no-rj', 'authorChannelUrl': 'http://www.youtube.com/channel/UCwzQFmfqAn4xNk7VGV3Niqw', 'authorChannelId': {'value': 'UCwzQFmfqAn4xNk7VGV3Niqw'}, 'canRate': True, 'viewerRating': 'none', 'likeCount': 1, 'publishedAt': '2022-10-21T23:42:47Z', 'updatedAt': '2022-10-21T23:42:47Z'}}, 'canReply': True, 'totalReplyCount': 0, 'isPublic': True}",,UCwzQFmfqAn4xNk7VGV3Niqw,2022-10-21T23:42:47Z,O Bolsonaro e Melhor Presidente do Brasil que já teve vamos vencer se Deus quiser Amém 🙌🙏🙏🙏.,QURTSl9pMjRtcWtWOURtNmxjRmhoYnJPVkV2RVlKLXlnc2NmMWpPN1hQVXNYSVREMU9tcEZNSDByazN0aTBINW92TFdkX0VWX2dURjNkaTMxT2JlTTNGeUpuUDcxT1RHNUE=,2023-06-08 12:23:52.841627
youtube#commentThread,aApPYPOFBWFgftGpOyNQqcBpMnw,Ugz9h9MFVFozDtwzt2Z4AaABAg,"{'videoId': 'ZBaqttk_mG8', 'topLevelComment': {'kind': 'youtube#comment', 'etag': '5DjaV-tdSYoVbpZbe_WaPEx_27o', 'id': 'Ugz9h9MFVFozDtwzt2Z4AaABAg', 'snippet': {'videoId': 'ZBaqttk_mG8', 'textDisplay': 'LULUZINHA mentindo e o cachorro latindo...tem o mesmo efeito. kkkkkkkkk 🤣🤣🤣               💚FAMÍLIA 22 💛🗽', 'textOriginal': 'LULUZINHA mentindo e o cachorro latindo...tem o mesmo efeito. kkkkkkkkk 🤣🤣🤣               💚FAMÍLIA 22 💛🗽', 'authorDisplayName': 'Caio Justo', 'authorProfileImageUrl': 'https://yt3.ggpht.com/ZtVKcAhaNX_6UXGcx_Z6Z_GM5--qXfCtWY5yCRhnns3yVD7PUf5oMYlnvg1yc9M3MWe7kY8ivA=s48-c-k-c0x00ffffff-no-rj', 'authorChannelUrl': 'http://www.youtube.com/channel/UCqRLmvNzqgZXuxuVoxWqhWw', 'authorChannelId': {'value': 'UCqRLmvNzqgZXuxuVoxWqhWw'}, 'canRate': True, 'viewerRating': 'none', 'likeCount': 5, 'publishedAt': '2022-10-21T23:42:31Z', 'updatedAt': '2022-10-21T23:42:31Z'}}, 'canReply': True, 'totalReplyCount': 0, 'isPublic': True}",,UCqRLmvNzqgZXuxuVoxWqhWw,2022-10-21T23:42:31Z,LULUZINHA mentindo e o cachorro latindo...tem o mesmo efeito. kkkkkkkkk 🤣🤣🤣               💚FAMÍLIA 22 💛🗽,QURTSl9pMjRtcWtWOURtNmxjRmhoYnJPVkV2RVlKLXlnc2NmMWpPN1hQVXNYSVREMU9tcEZNSDByazN0aTBINW92TFdkX0VWX2dURjNkaTMxT2JlTTNGeUpuUDcxT1RHNUE=,2023-06-08 12:23:52.841627
youtube#commentThread,T4tilDUpyGCnklnlEB9-6DZF1r4,Ugzt3zJhfysLWGfcKwZ4AaABAg,"{'videoId': 'ZBaqttk_mG8', 'topLevelComment': {'kind': 'youtube#comment', 'etag': '15A4GehRGMRUj3MMcXr4cATebqM', 'id': 'Ugzt3zJhfysLWGfcKwZ4AaABAg', 'snippet': {'videoId': 'ZBaqttk_mG8', 'textDisplay': '<a href=""https://youtu.be/xSVtvZTiVRg"">https://youtu.be/xSVtvZTiVRg</a>', 'textOriginal': 'https://youtu.be/xSVtvZTiVRg', 'authorDisplayName': 'TIAGO cunha', 'authorProfileImageUrl': 'https://yt3.ggpht.com/ytc/AGIKgqMsu2kIoDT1qsOPNjDkpgpdMJ02NYFUyzXXgZyL0g=s48-c-k-c0x00ffffff-no-rj', 'authorChannelUrl': 'http://www.youtube.com/channel/UC6wxq9PH9-d679GzeP5NE0g', 'authorChannelId': {'value': 'UC6wxq9PH9-d679GzeP5NE0g'}, 'canRate': True, 'viewerRating': 'none', 'likeCount': 0, 'publishedAt': '2022-10-21T23:42:30Z', 'updatedAt': '2022-10-21T23:42:30Z'}}, 'canReply': True, 'totalReplyCount': 0, 'isPublic': True}",,UC6wxq9PH9-d679GzeP5NE0g,2022-10-21T23:42:30Z,https://youtu.be/xSVtvZTiVRg,QURTSl9pMjRtcWtWOURtNmxjRmhoYnJPVkV2RVlKLXlnc2NmMWpPN1hQVXNYSVREMU9tcEZNSDByazN0aTBINW92TFdkX0VWX2dURjNkaTMxT2JlTTNGeUpuUDcxT1RHNUE=,2023-06-08 12:23:52.841627
youtube#commentThread,DNTmxkD9MtfGkFFPeDYlb3tnsiE,Ugy4LR_1sQN5e0QKQI94AaABAg,"{'videoId': 'ZBaqttk_mG8', 'topLevelComment': {'kind': 'youtube#comment', 'etag': 'oVA_Jlw3Mvg8B1iiCiv10JfWdfQ', 'id': 'Ugy4LR_1sQN5e0QKQI94AaABAg', 'snippet': {'videoId': 'ZBaqttk_mG8', 'textDisplay': 'Faltam 09 dias para a vitória do Bolsonaro e o Lula já pode contar nos dedos.', 'textOriginal': 'Faltam 09 dias para a vitória do Bolsonaro e o Lula já pode contar nos dedos.', 'authorDisplayName': 'Paulo Horta', 'authorProfileImageUrl': 'https://yt3.ggpht.com/x1R9ieckSCPYbuNeMBwnIiIDMkd_K6jDySLY-PS5d0iNqfgI7EKVhbFExWvKsVD2fSUHVZ-Xlw=s48-c-k-c0x00ffffff-no-rj', 'authorChannelUrl': 'http://www.youtube.com/channel/UC5MP4rCAZGlW5vNmeirB49A', 'authorChannelId': {'value': 'UC5MP4rCAZGlW5vNmeirB49A'}, 'canRate': True, 'viewerRating': 'none', 'likeCount': 0, 'publishedAt': '2022-10-21T23:42:14Z', 'updatedAt': '2022-10-21T23:42:14Z'}}, 'canReply': True, 'totalReplyCount': 0, 'isPublic': True}",,UC5MP4rCAZGlW5vNmeirB49A,2022-10-21T23:42:14Z,Faltam 09 dias para a vitória do Bolsonaro e o Lula já pode contar nos dedos.,QURTSl9pMjRtcWtWOURtNmxjRmhoYnJPVkV2RVlKLXlnc2NmMWpPN1hQVXNYSVREMU9tcEZNSDByazN0aTBINW92TFdkX0VWX2dURjNkaTMxT2JlTTNGeUpuUDcxT1RHNUE=,2023-06-08 12:23:52.841627
youtube#commentThread,3i_8M9b-MOZm-8QGlTQXpygvUCU,UgwdexzUyp5EKD2_hP14AaABAg,"{'videoId': 'ZBaqttk_mG8', 'topLevelComment': {'kind': 'youtube#comment', 'etag': 'cU_bf1h8frBPC4KJgM1AjZpDpUk', 'id': 'UgwdexzUyp5EKD2_hP14AaABAg', 'snippet': {'videoId': 'ZBaqttk_mG8', 'textDisplay': 'Paulo Guedes é um grande brasileiro, abençoado por Deus para colocar o Brasil no rumo do progresso e respeito perante o mundo.', 'textOriginal': 'Paulo Guedes é um grande brasileiro, abençoado por Deus para colocar o Brasil no rumo do progresso e respeito perante o mundo.', 'authorDisplayName': 'Roque Batista', 'authorProfileImageUrl': 'https://yt3.ggpht.com/ytc/AGIKgqPWOOvGKw7Lb8b7yweG92K-4AE34dU2WZy0MVTrW2Vcj2Cgt3u3f-VT_pVutJFf=s48-c-k-c0x00ffffff-no-rj', 'authorChannelUrl': 'http://www.youtube.com/channel/UC-QXytubkki0ejwasMwP5xw', 'authorChannelId': {'value': 'UC-QXytubkki0ejwasMwP5xw'}, 'canRate': True, 'viewerRating': 'none', 'likeCount': 4, 'publishedAt': '2022-10-21T23:42:02Z', 'updatedAt': '2022-10-21T23:42:02Z'}}, 'canReply': True, 'totalReplyCount': 0, 'isPublic': True}",,UC-QXytubkki0ejwasMwP5xw,2022-10-21T23:42:02Z,"Paulo Guedes é um grande brasileiro, abençoado por Deus para colocar o Brasil no rumo do progresso e respeito perante o mundo.",QURTSl9pMjRtcWtWOURtNmxjRmhoYnJPVkV2RVlKLXlnc2NmMWpPN1hQVXNYSVREMU9tcEZNSDByazN0aTBINW92TFdkX0VWX2dURjNkaTMxT2JlTTNGeUpuUDcxT1RHNUE=,2023-06-08 12:23:52.841627
youtube#commentThread,llEEUvUfQey0Mo2PEuBCBJM4Ljk,UgxsRAPNmdyVpr8cTfx4AaABAg,"{'videoId': 'ZBaqttk_mG8', 'topLevelComment': {'kind': 'youtube#comment', 'etag': '_3hjRNS9RpqhyvOYLz_laTq6NNI', 'id': 'UgxsRAPNmdyVpr8cTfx4AaABAg', 'snippet': {'videoId': 'ZBaqttk_mG8', 'textDisplay': 'TAMO JUNTOS  ✌️✌️💚💛', 'textOriginal': 'TAMO JUNTOS  ✌️✌️💚💛', 'authorDisplayName': 'Rosângela', 'authorProfileImageUrl': 'https://yt3.ggpht.com/ytc/AGIKgqOouEPHYTQqSsyIT6FxZZsSb2AHEBMjmwrXVOWc_YjKF6Ez0oELMF6kdtrw4O8h=s48-c-k-c0x00ffffff-no-rj', 'authorChannelUrl': 'http://www.youtube.com/channel/UCf5HJ_1yxtPmyKNe3o6i0yA', 'authorChannelId': {'value': 'UCf5HJ_1yxtPmyKNe3o6i0yA'}, 'canRate': True, 'viewerRating': 'none', 'likeCount': 5, 'publishedAt': '2022-10-21T23:41:58Z', 'updatedAt': '2022-10-21T23:41:58Z'}}, 'canReply': True, 'totalReplyCount': 0, 'isPublic': True}",,UCf5HJ_1yxtPmyKNe3o6i0yA,2022-10-21T23:41:58Z,TAMO JUNTOS  ✌️✌️💚💛,QURTSl9pMjRtcWtWOURtNmxjRmhoYnJPVkV2RVlKLXlnc2NmMWpPN1hQVXNYSVREMU9tcEZNSDByazN0aTBINW92TFdkX0VWX2dURjNkaTMxT2JlTTNGeUpuUDcxT1RHNUE=,2023-06-08 12:23:52.841627
youtube#commentThread,jPAu3cKxZalxpbOpr2JVkkFwqXU,UgzQSRijZdlpxzfJ2Gh4AaABAg,"{'videoId': 'ZBaqttk_mG8', 'topLevelComment': {'kind': 'youtube#comment', 'etag': '0RIVyj2xa-plhVT5-s79LL7JnT0', 'id': 'UgzQSRijZdlpxzfJ2Gh4AaABAg', 'snippet': {'videoId': 'ZBaqttk_mG8', 'textDisplay': 'E isso o Lula tão covarde canalha que só fala Mentiras pra tentar votar no poder ,Para roubar mais o povo Brasileiro ,Mas Deus é maior sempre 🙏🙏🙏🙏🙏🙏🇧🇷🇧🇷🇧🇷☮️☮️☮️💛💚💜💙 Deus abençoe o Brasil .', 'textOriginal': 'E isso o Lula tão covarde canalha que só fala Mentiras pra tentar votar no poder ,Para roubar mais o povo Brasileiro ,Mas Deus é maior sempre 🙏🙏🙏🙏🙏🙏🇧🇷🇧🇷🇧🇷☮️☮️☮️💛💚💜💙 Deus abençoe o Brasil .', 'authorDisplayName': 'Cida Faria', 'authorProfileImageUrl': 'https://yt3.ggpht.com/ytc/AGIKgqNiypWGSlPB1xAwKsv8xpmtwpDqDfxW5_4r3w=s48-c-k-c0x00ffffff-no-rj', 'authorChannelUrl': 'http://www.youtube.com/channel/UCwzQFmfqAn4xNk7VGV3Niqw', 'authorChannelId': {'value': 'UCwzQFmfqAn4xNk7VGV3Niqw'}, 'canRate': True, 'viewerRating': 'none', 'likeCount': 0, 'publishedAt': '2022-10-21T23:41:57Z', 'updatedAt': '2022-10-21T23:41:57Z'}}, 'canReply': True, 'totalReplyCount': 0, 'isPublic': True}",,UCwzQFmfqAn4xNk7VGV3Niqw,2022-10-21T23:41:57Z,"E isso o Lula tão covarde canalha que só fala Mentiras pra tentar votar no poder ,Para roubar mais o povo Brasileiro ,Mas Deus é maior sempre 🙏🙏🙏🙏🙏🙏🇧🇷🇧🇷🇧🇷☮️☮️☮️💛💚💜💙 Deus abençoe o Brasil .",QURTSl9pMjRtcWtWOURtNmxjRmhoYnJPVkV2RVlKLXlnc2NmMWpPN1hQVXNYSVREMU9tcEZNSDByazN0aTBINW92TFdkX0VWX2dURjNkaTMxT2JlTTNGeUpuUDcxT1RHNUE=,2023-06-08 12:23:52.841627
youtube#commentThread,ep3mGX_yaxg1YG-7-t0A4qWERiQ,UgzulAHC4iUddaTLJgR4AaABAg,"{'videoId': 'ZBaqttk_mG8', 'topLevelComment': {'kind': 'youtube#comment', 'etag': 'wDOpp7H-CmCmqRyJaWffmfvXHtA', 'id': 'UgzulAHC4iUddaTLJgR4AaABAg', 'snippet': {'videoId': 'ZBaqttk_mG8', 'textDisplay': 'Essa esquerda está jogando sujo, e fora da realidade.<br>Um ladrão que assaltou o Brasil, tem zumbis que o apoiam.', 'textOriginal': 'Essa esquerda está jogando sujo, e fora da realidade.\\nUm ladrão que assaltou o Brasil, tem zumbis que o apoiam.', 'authorDisplayName': 'Rubens Soler', 'authorProfileImageUrl': 'https://yt3.ggpht.com/ytc/AGIKgqNh9ScOGmD2TOxKvcp8Bc-xy-UdguZtzGUX372UXw=s48-c-k-c0x00ffffff-no-rj', 'authorChannelUrl': 'http://www.youtube.com/channel/UChr5HMVcHwNd9DRABok_Teg', 'authorChannelId': {'value': 'UChr5HMVcHwNd9DRABok_Teg'}, 'canRate': True, 'viewerRating': 'none', 'likeCount': 0, 'publishedAt': '2022-10-21T23:41:19Z', 'updatedAt': '2022-10-21T23:41:19Z'}}, 'canReply': True, 'totalReplyCount': 0, 'isPublic': True}",,UChr5HMVcHwNd9DRABok_Teg,2022-10-21T23:41:19Z,"Essa esquerda está jogando sujo, e fora da realidade.
Um ladrão que assaltou o Brasil, tem zumbis que o apoiam.",QURTSl9pMjRtcWtWOURtNmxjRmhoYnJPVkV2RVlKLXlnc2NmMWpPN1hQVXNYSVREMU9tcEZNSDByazN0aTBINW92TFdkX0VWX2dURjNkaTMxT2JlTTNGeUpuUDcxT1RHNUE=,2023-06-08 12:23:52.841627
youtube#commentThread,AWAV0mANaBWaud6NUd872cgp1Bc,UgwCw_4aWNrc6_R75Ul4AaABAg,"{'videoId': 'ZBaqttk_mG8', 'topLevelComment': {'kind': 'youtube#comment', 'etag': 'pw4NLC_6BZxqb7LTFkPJe1ltEjc', 'id': 'UgwCw_4aWNrc6_R75Ul4AaABAg', 'snippet': {'videoId': 'ZBaqttk_mG8', 'textDisplay': 'PT é o partido das trevas e Lula é a reencarnação do diabo 😈😈😈, que só quer fazer suas maldades contra o povo brasileiro, e apoderar se do nosso dinheiro para aumentar o seu patrimônio e dos filhos.', 'textOriginal': 'PT é o partido das trevas e Lula é a reencarnação do diabo 😈😈😈, que só quer fazer suas maldades contra o povo brasileiro, e apoderar se do nosso dinheiro para aumentar o seu patrimônio e dos filhos.', 'authorDisplayName': 'Roque Batista', 'authorProfileImageUrl': 'https://yt3.ggpht.com/ytc/AGIKgqPWOOvGKw7Lb8b7yweG92K-4AE34dU2WZy0MVTrW2Vcj2Cgt3u3f-VT_pVutJFf=s48-c-k-c0x00ffffff-no-rj', 'authorChannelUrl': 'http://www.youtube.com/channel/UC-QXytubkki0ejwasMwP5xw', 'authorChannelId': {'value': 'UC-QXytubkki0ejwasMwP5xw'}, 'canRate': True, 'viewerRating': 'none', 'likeCount': 0, 'publishedAt': '2022-10-21T23:41:00Z', 'updatedAt': '2022-10-21T23:41:00Z'}}, 'canReply': True, 'totalReplyCount': 0, 'isPublic': True}",,UC-QXytubkki0ejwasMwP5xw,2022-10-21T23:41:00Z,"PT é o partido das trevas e Lula é a reencarnação do diabo 😈😈😈, que só quer fazer suas maldades contra o povo brasileiro, e apoderar se do nosso dinheiro para aumentar o seu patrimônio e dos filhos.",QURTSl9pMjRtcWtWOURtNmxjRmhoYnJPVkV2RVlKLXlnc2NmMWpPN1hQVXNYSVREMU9tcEZNSDByazN0aTBINW92TFdkX0VWX2dURjNkaTMxT2JlTTNGeUpuUDcxT1RHNUE=,2023-06-08 12:23:52.841627
youtube#commentThread,tc2PBvjiEHMFRajZuZvadcWD1OY,Ugw4DgV6b23wd-y5WLJ4AaABAg,"{'videoId': 'ZBaqttk_mG8', 'topLevelComment': {'kind': 'youtube#comment', 'etag': 'RI6zuKekSCyAYSpxKxCgV9PbYUM', 'id': 'Ugw4DgV6b23wd-y5WLJ4AaABAg', 'snippet': {'videoId': 'ZBaqttk_mG8', 'textDisplay': 'Jamais darei ouvidos a esquerda !!<br>É 22 dia 30.', 'textOriginal': 'Jamais darei ouvidos a esquerda !!\\nÉ 22 dia 30.', 'authorDisplayName': 'josafá cruz', 'authorProfileImageUrl': 'https://yt3.ggpht.com/ytc/AGIKgqOAds7bBToMk0fzP0ADnXhGf4IYKbjpalOXnQ=s48-c-k-c0x00ffffff-no-rj', 'authorChannelUrl': 'http://www.youtube.com/channel/UCsnAuYAftCr9t-iXnBEuUgw', 'authorChannelId': {'value': 'UCsnAuYAftCr9t-iXnBEuUgw'}, 'canRate': True, 'viewerRating': 'none', 'likeCount': 1, 'publishedAt': '2022-10-21T23:40:52Z', 'updatedAt': '2022-10-21T23:40:52Z'}}, 'canReply': True, 'totalReplyCount': 0, 'isPublic': True}",,UCsnAuYAftCr9t-iXnBEuUgw,2022-10-21T23:40:52Z,"Jamais darei ouvidos a esquerda !!
É 22 dia 30.",QURTSl9pMjRtcWtWOURtNmxjRmhoYnJPVkV2RVlKLXlnc2NmMWpPN1hQVXNYSVREMU9tcEZNSDByazN0aTBINW92TFdkX0VWX2dURjNkaTMxT2JlTTNGeUpuUDcxT1RHNUE=,2023-06-08 12:23:52.841627
youtube#commentThread,F0Wyuu454KiQWf_071H_A-wyHd0,UgzvG4DNfG40nqkUKAt4AaABAg,"{'videoId': 'ZBaqttk_mG8', 'topLevelComment': {'kind': 'youtube#comment', 'etag': 'nMpStQpPgy5UqhRJzekPKFudJL4', 'id': 'UgzvG4DNfG40nqkUKAt4AaABAg', 'snippet': {'videoId': 'ZBaqttk_mG8', 'textDisplay': 'Não podemos falar que o luladrao é  corrupto, bandido,  mentiroso , que  é chefe de quadrilha criminosa,  que faz parte do PCC e do CV . Nem que foI ele o mandante da morte do prefeito Celso Daniel.  <br>Temos que falar que ele é  bonzinho.... Entendeu?', 'textOriginal': 'Não podemos falar que o luladrao é  corrupto, bandido,  mentiroso , que  é chefe de quadrilha criminosa,  que faz parte do PCC e do CV . Nem que foI ele o mandante da morte do prefeito Celso Daniel.  \\nTemos que falar que ele é  bonzinho.... Entendeu?', 'authorDisplayName': 'Lina Jácome', 'authorProfileImageUrl': 'https://yt3.ggpht.com/ytc/AGIKgqPptJfIvoKYq0QOhEZGBss6ChIu_9gHwaEng_sC=s48-c-k-c0x00ffffff-no-rj', 'authorChannelUrl': 'http://www.youtube.com/channel/UC2z2J0-KmpkHxhiuNuydpog', 'authorChannelId': {'value': 'UC2z2J0-KmpkHxhiuNuydpog'}, 'canRate': True, 'viewerRating': 'none', 'likeCount': 0, 'publishedAt': '2022-10-21T23:39:54Z', 'updatedAt': '2022-10-21T23:39:54Z'}}, 'canReply': True, 'totalReplyCount': 0, 'isPublic': True}",,UC2z2J0-KmpkHxhiuNuydpog,2022-10-21T23:39:54Z,"Não podemos falar que o luladrao é  corrupto, bandido,  mentiroso , que  é chefe de quadrilha criminosa,  que faz parte do PCC e do CV . Nem que foI ele o mandante da morte do prefeito Celso Daniel.  
Temos que falar que ele é  bonzinho.... Entendeu?",QURTSl9pMjRtcWtWOURtNmxjRmhoYnJPVkV2RVlKLXlnc2NmMWpPN1hQVXNYSVREMU9tcEZNSDByazN0aTBINW92TFdkX0VWX2dURjNkaTMxT2JlTTNGeUpuUDcxT1RHNUE=,2023-06-08 12:23:52.841627
youtube#commentThread,4GEEPU70UkoG3cEWeytIAMrNd9s,UgxOIJD9HQyJLZ51dNt4AaABAg,"{'videoId': 'ZBaqttk_mG8', 'topLevelComment': {'kind': 'youtube#comment', 'etag': 'RioYwkzPFXfJ1xleUFvZK2BOnX0', 'id': 'UgxOIJD9HQyJLZ51dNt4AaABAg', 'snippet': {'videoId': 'ZBaqttk_mG8', 'textDisplay': '👏🏻👏🏿👏👏🏽👏🏾👏🏼👏🏻👏🏿👏👏🏽👏🏾👏🏼👏🏻👏🏿👏👏🏽👏🏾👏🏼👏🏻👏🏿👏👏🏽', 'textOriginal': '👏🏻👏🏿👏👏🏽👏🏾👏🏼👏🏻👏🏿👏👏🏽👏🏾👏🏼👏🏻👏🏿👏👏🏽👏🏾👏🏼👏🏻👏🏿👏👏🏽', 'authorDisplayName': 'Carla B. N. J.', 'authorProfileImageUrl': 'https://yt3.ggpht.com/ytc/AGIKgqO8hojIDOPi6TG1yLF2ReMyv47xdtp3FrEX4w=s48-c-k-c0x00ffffff-no-rj', 'authorChannelUrl': 'http://www.youtube.com/channel/UChpofiJ_VSFId0bhH5fLVYQ', 'authorChannelId': {'value': 'UChpofiJ_VSFId0bhH5fLVYQ'}, 'canRate': True, 'viewerRating': 'none', 'likeCount': 0, 'publishedAt': '2022-10-21T23:39:48Z', 'updatedAt': '2022-10-21T23:39:48Z'}}, 'canReply': True, 'totalReplyCount': 0, 'isPublic': True}",,UChpofiJ_VSFId0bhH5fLVYQ,2022-10-21T23:39:48Z,👏🏻👏🏿👏👏🏽👏🏾👏🏼👏🏻👏🏿👏👏🏽👏🏾👏🏼👏🏻👏🏿👏👏🏽👏🏾👏🏼👏🏻👏🏿👏👏🏽,QURTSl9pMjRtcWtWOURtNmxjRmhoYnJPVkV2RVlKLXlnc2NmMWpPN1hQVXNYSVREMU9tcEZNSDByazN0aTBINW92TFdkX0VWX2dURjNkaTMxT2JlTTNGeUpuUDcxT1RHNUE=,2023-06-08 12:23:52.841627
youtube#commentThread,Enx8WxINRWIpzmI2RTb0FZ6EnD0,UgzARpY19D4-0ok-8Gd4AaABAg,"{'videoId': 'ZBaqttk_mG8', 'topLevelComment': {'kind': 'youtube#comment', 'etag': 'Mjjf-d7bCu2y0Z-xvcBji5oloqI', 'id': 'UgzARpY19D4-0ok-8Gd4AaABAg', 'snippet': {'videoId': 'ZBaqttk_mG8', 'textDisplay': 'B22  MS 💚💚💚', 'textOriginal': 'B22  MS 💚💚💚', 'authorDisplayName': 'Ivanir Silva', 'authorProfileImageUrl': 'https://yt3.ggpht.com/ytc/AGIKgqPo6C_lM8F_plGMe_V--Bdwn0uNhTPvO8SGmQ=s48-c-k-c0x00ffffff-no-rj', 'authorChannelUrl': 'http://www.youtube.com/channel/UCI09QpY_I_NsRkXl1Nxcthw', 'authorChannelId': {'value': 'UCI09QpY_I_NsRkXl1Nxcthw'}, 'canRate': True, 'viewerRating': 'none', 'likeCount': 0, 'publishedAt': '2022-10-21T23:39:41Z', 'updatedAt': '2022-10-21T23:39:41Z'}}, 'canReply': True, 'totalReplyCount': 0, 'isPublic': True}",,UCI09QpY_I_NsRkXl1Nxcthw,2022-10-21T23:39:41Z,B22  MS 💚💚💚,QURTSl9pMjRtcWtWOURtNmxjRmhoYnJPVkV2RVlKLXlnc2NmMWpPN1hQVXNYSVREMU9tcEZNSDByazN0aTBINW92TFdkX0VWX2dURjNkaTMxT2JlTTNGeUpuUDcxT1RHNUE=,2023-06-08 12:23:52.841627
youtube#commentThread,Eu13kRMY2y_S4TPhV5Pbgl4W8fs,UgwYX_jooBUXzzrDLnl4AaABAg,"{'videoId': 'ZBaqttk_mG8', 'topLevelComment': {'kind': 'youtube#comment', 'etag': 'Z8QdKjt2RmQxzbeViwNN3b81CuQ', 'id': 'UgwYX_jooBUXzzrDLnl4AaABAg', 'snippet': {'videoId': 'ZBaqttk_mG8', 'textDisplay': 'Uma vergonha mentiras da Petralhada com apoio do TSE STF a olho nu. Vou de 2️⃣2️⃣✅', 'textOriginal': 'Uma vergonha mentiras da Petralhada com apoio do TSE STF a olho nu. Vou de 2️⃣2️⃣✅', 'authorDisplayName': 'Selma Bicalho', 'authorProfileImageUrl': 'https://yt3.ggpht.com/ytc/AGIKgqMtyHeMJ67Nbbtz_GLlvTYnAC0DjPgFjGEIVHcsKFuHV0BTg5q94IpBjf9-HdHD=s48-c-k-c0x00ffffff-no-rj', 'authorChannelUrl': 'http://www.youtube.com/channel/UC-0vxwpQxUBdePpjqerRPvw', 'authorChannelId': {'value': 'UC-0vxwpQxUBdePpjqerRPvw'}, 'canRate': True, 'viewerRating': 'none', 'likeCount': 0, 'publishedAt': '2022-10-21T23:39:34Z', 'updatedAt': '2022-10-21T23:39:34Z'}}, 'canReply': True, 'totalReplyCount': 0, 'isPublic': True}",,UC-0vxwpQxUBdePpjqerRPvw,2022-10-21T23:39:34Z,Uma vergonha mentiras da Petralhada com apoio do TSE STF a olho nu. Vou de 2️⃣2️⃣✅,QURTSl9pMjRtcWtWOURtNmxjRmhoYnJPVkV2RVlKLXlnc2NmMWpPN1hQVXNYSVREMU9tcEZNSDByazN0aTBINW92TFdkX0VWX2dURjNkaTMxT2JlTTNGeUpuUDcxT1RHNUE=,2023-06-08 12:23:52.841627
youtube#commentThread,3Oa1YvJv-n-dZ7JIXA4WuTFGCOc,Ugx7kU8eZmwrEvB3B2B4AaABAg,"{'videoId': 'ZBaqttk_mG8', 'topLevelComment': {'kind': 'youtube#comment', 'etag': 'KyO869qPowx7Y00VrhOE6dc6YL8', 'id': 'Ugx7kU8eZmwrEvB3B2B4AaABAg', 'snippet': {'videoId': 'ZBaqttk_mG8', 'textDisplay': 'O capitão do povo brasileiro, vai ser eleito de novo, no segundo turno, com toda certeza para melhorar e moralizar o Brasil.', 'textOriginal': 'O capitão do povo brasileiro, vai ser eleito de novo, no segundo turno, com toda certeza para melhorar e moralizar o Brasil.', 'authorDisplayName': 'Roque Batista', 'authorProfileImageUrl': 'https://yt3.ggpht.com/ytc/AGIKgqPWOOvGKw7Lb8b7yweG92K-4AE34dU2WZy0MVTrW2Vcj2Cgt3u3f-VT_pVutJFf=s48-c-k-c0x00ffffff-no-rj', 'authorChannelUrl': 'http://www.youtube.com/channel/UC-QXytubkki0ejwasMwP5xw', 'authorChannelId': {'value': 'UC-QXytubkki0ejwasMwP5xw'}, 'canRate': True, 'viewerRating': 'none', 'likeCount': 1, 'publishedAt': '2022-10-21T23:39:28Z', 'updatedAt': '2022-10-21T23:39:28Z'}}, 'canReply': True, 'totalReplyCount': 0, 'isPublic': True}",,UC-QXytubkki0ejwasMwP5xw,2022-10-21T23:39:28Z,"O capitão do povo brasileiro, vai ser eleito de novo, no segundo turno, com toda certeza para melhorar e moralizar o Brasil.",QURTSl9pMjRtcWtWOURtNmxjRmhoYnJPVkV2RVlKLXlnc2NmMWpPN1hQVXNYSVREMU9tcEZNSDByazN0aTBINW92TFdkX0VWX2dURjNkaTMxT2JlTTNGeUpuUDcxT1RHNUE=,2023-06-08 12:23:52.841627
youtube#commentThread,xUT1-DReWWJqkQ3yX1E6Zcpb-YU,UgynGbwCwouuTTehgMF4AaABAg,"{'videoId': 'ZBaqttk_mG8', 'topLevelComment': {'kind': 'youtube#comment', 'etag': 'RJBe3Wa4h_hzczyXwHvrNXZgDmM', 'id': 'UgynGbwCwouuTTehgMF4AaABAg', 'snippet': {'videoId': 'ZBaqttk_mG8', 'textDisplay': 'E 22', 'textOriginal': 'E 22', 'authorDisplayName': 'Alice santos Santos', 'authorProfileImageUrl': 'https://yt3.ggpht.com/ytc/AGIKgqNFuIf0BBvCy4dWBAXUojoWOzZmfUTSZVPjRA=s48-c-k-c0x00ffffff-no-rj', 'authorChannelUrl': 'http://www.youtube.com/channel/UC-fZTG6f5b_BAdbLOMcojxg', 'authorChannelId': {'value': 'UC-fZTG6f5b_BAdbLOMcojxg'}, 'canRate': True, 'viewerRating': 'none', 'likeCount': 0, 'publishedAt': '2022-10-21T23:38:58Z', 'updatedAt': '2022-10-21T23:38:58Z'}}, 'canReply': True, 'totalReplyCount': 0, 'isPublic': True}",,UC-fZTG6f5b_BAdbLOMcojxg,2022-10-21T23:38:58Z,E 22,QURTSl9pMjRtcWtWOURtNmxjRmhoYnJPVkV2RVlKLXlnc2NmMWpPN1hQVXNYSVREMU9tcEZNSDByazN0aTBINW92TFdkX0VWX2dURjNkaTMxT2JlTTNGeUpuUDcxT1RHNUE=,2023-06-08 12:23:52.841627
youtube#commentThread,g1iVSJeSOORWHJwqMLKhDzq4UMo,Ugz03CclPPlcW9UdokB4AaABAg,"{'videoId': 'ZBaqttk_mG8', 'topLevelComment': {'kind': 'youtube#comment', 'etag': 'a6DM21-A9pUlJTA8U3uQiH4SP30', 'id': 'Ugz03CclPPlcW9UdokB4AaABAg', 'snippet': {'videoId': 'ZBaqttk_mG8', 'textDisplay': 'Brasileiros patriotas do bem, vamos reeleger Jair ou já era nossa liberdade, PT nunca mais, Lula na prisão para pagar pelas suas falcatruas com o dinheiro público, acabou a mamata com o nosso dinheiro 💰💰💰', 'textOriginal': 'Brasileiros patriotas do bem, vamos reeleger Jair ou já era nossa liberdade, PT nunca mais, Lula na prisão para pagar pelas suas falcatruas com o dinheiro público, acabou a mamata com o nosso dinheiro 💰💰💰', 'authorDisplayName': 'Roque Batista', 'authorProfileImageUrl': 'https://yt3.ggpht.com/ytc/AGIKgqPWOOvGKw7Lb8b7yweG92K-4AE34dU2WZy0MVTrW2Vcj2Cgt3u3f-VT_pVutJFf=s48-c-k-c0x00ffffff-no-rj', 'authorChannelUrl': 'http://www.youtube.com/channel/UC-QXytubkki0ejwasMwP5xw', 'authorChannelId': {'value': 'UC-QXytubkki0ejwasMwP5xw'}, 'canRate': True, 'viewerRating': 'none', 'likeCount': 0, 'publishedAt': '2022-10-21T23:38:49Z', 'updatedAt': '2022-10-21T23:38:49Z'}}, 'canReply': True, 'totalReplyCount': 0, 'isPublic': True}",,UC-QXytubkki0ejwasMwP5xw,2022-10-21T23:38:49Z,"Brasileiros patriotas do bem, vamos reeleger Jair ou já era nossa liberdade, PT nunca mais, Lula na prisão para pagar pelas suas falcatruas com o dinheiro público, acabou a mamata com o nosso dinheiro 💰💰💰",QURTSl9pMjRtcWtWOURtNmxjRmhoYnJPVkV2RVlKLXlnc2NmMWpPN1hQVXNYSVREMU9tcEZNSDByazN0aTBINW92TFdkX0VWX2dURjNkaTMxT2JlTTNGeUpuUDcxT1RHNUE=,2023-06-08 12:23:52.841627
youtube#commentThread,Ix6Koz2VdVBdTMjubNvHNbESaNI,Ugx0wxKvMbgbCa3D_514AaABAg,"{'videoId': 'ZBaqttk_mG8', 'topLevelComment': {'kind': 'youtube#comment', 'etag': 'iWKMvBcEAiy_jr2NoQRoizS7Hnc', 'id': 'Ugx0wxKvMbgbCa3D_514AaABAg', 'snippet': {'videoId': 'ZBaqttk_mG8', 'textDisplay': 'Estes ministros são terroristas judiciários, estado de exceção, corruptos,estão em pleno curso de um golpe, solta um bandido para dar proteção a eles através das facções como o PCC', 'textOriginal': 'Estes ministros são terroristas judiciários, estado de exceção, corruptos,estão em pleno curso de um golpe, solta um bandido para dar proteção a eles através das facções como o PCC', 'authorDisplayName': 'Cesar Oliveira', 'authorProfileImageUrl': 'https://yt3.ggpht.com/ytc/AGIKgqP_Yari3oqLPZRUjEtvzcgMsHSVg7ro5qIF8tEldbspl2Jtn35NC0bDlXATMuRV=s48-c-k-c0x00ffffff-no-rj', 'authorChannelUrl': 'http://www.youtube.com/channel/UCOm3I2MA8jEkh1oBfK3NOSA', 'authorChannelId': {'value': 'UCOm3I2MA8jEkh1oBfK3NOSA'}, 'canRate': True, 'viewerRating': 'none', 'likeCount': 0, 'publishedAt': '2022-10-21T23:38:46Z', 'updatedAt': '2022-10-21T23:38:46Z'}}, 'canReply': True, 'totalReplyCount': 0, 'isPublic': True}",,UCOm3I2MA8jEkh1oBfK3NOSA,2022-10-21T23:38:46Z,"Estes ministros são terroristas judiciários, estado de exceção, corruptos,estão em pleno curso de um golpe, solta um bandido para dar proteção a eles através das facções como o PCC",QURTSl9pMjRtcWtWOURtNmxjRmhoYnJPVkV2RVlKLXlnc2NmMWpPN1hQVXNYSVREMU9tcEZNSDByazN0aTBINW92TFdkX0VWX2dURjNkaTMxT2JlTTNGeUpuUDcxT1RHNUE=,2023-06-08 12:23:52.841627
youtube#commentThread,KvCr8bkYCpo-BAePPccD89ZyMu4,UgznP5l3qsotHu5B9n94AaABAg,"{'videoId': 'ZBaqttk_mG8', 'topLevelComment': {'kind': 'youtube#comment', 'etag': 'kAM8igrIa9-1FDuRhoU9VqW--A4', 'id': 'UgznP5l3qsotHu5B9n94AaABAg', 'snippet': {'videoId': 'ZBaqttk_mG8', 'textDisplay': 'Irmãos,  façam jejum ( pão e água) no dejejum, almoço sem carne, e orações,  rezas durante o dia. Sem orações não venceremos! Se o Bolsonaro não  for reeleito,  está poderá ser nossa última eleição. Deus abençoe o PR Jair Messias Bolsonaro,  toda sua equipe de trabalho e todos os Patriotas. <br>Deus acima de tudo e de todos. 🙏🙏🙏', 'textOriginal': 'Irmãos,  façam jejum ( pão e água) no dejejum, almoço sem carne, e orações,  rezas durante o dia. Sem orações não venceremos! Se o Bolsonaro não  for reeleito,  está poderá ser nossa última eleição. Deus abençoe o PR Jair Messias Bolsonaro,  toda sua equipe de trabalho e todos os Patriotas. \\nDeus acima de tudo e de todos. 🙏🙏🙏', 'authorDisplayName': 'Rita Leite', 'authorProfileImageUrl': 'https://yt3.ggpht.com/ytc/AGIKgqONJenWIZdAhoOSiVGtqDie0tzZOUUvtmUYqA=s48-c-k-c0x00ffffff-no-rj', 'authorChannelUrl': 'http://www.youtube.com/channel/UCBvMvxL2ozHgqO3P7s_L-6A', 'authorChannelId': {'value': 'UCBvMvxL2ozHgqO3P7s_L-6A'}, 'canRate': True, 'viewerRating': 'none', 'likeCount': 7, 'publishedAt': '2022-10-21T23:37:54Z', 'updatedAt': '2022-10-21T23:37:54Z'}}, 'canReply': True, 'totalReplyCount': 0, 'isPublic': True}",,UCBvMvxL2ozHgqO3P7s_L-6A,2022-10-21T23:37:54Z,"Irmãos,  façam jejum ( pão e água) no dejejum, almoço sem carne, e orações,  rezas durante o dia. Sem orações não venceremos! Se o Bolsonaro não  for reeleito,  está poderá ser nossa última eleição. Deus abençoe o PR Jair Messias Bolsonaro,  toda sua equipe de trabalho e todos os Patriotas. 
Deus acima de tudo e de todos. 🙏🙏🙏",QURTSl9pMjRtcWtWOURtNmxjRmhoYnJPVkV2RVlKLXlnc2NmMWpPN1hQVXNYSVREMU9tcEZNSDByazN0aTBINW92TFdkX0VWX2dURjNkaTMxT2JlTTNGeUpuUDcxT1RHNUE=,2023-06-08 12:23:52.841627
youtube#commentThread,1GEXy269QaZ9oCsFIngvLlufWQw,UgxLFIbzfEL0AyKmHld4AaABAg,"{'videoId': 'ZBaqttk_mG8', 'topLevelComment': {'kind': 'youtube#comment', 'etag': '7wa6qMlc4KnEGAKT9s-7fmucFFo', 'id': 'UgxLFIbzfEL0AyKmHld4AaABAg', 'snippet': {'videoId': 'ZBaqttk_mG8', 'textDisplay': 'Sou baiano votei e vou votar em Bolsonaro, no segundo turno, com toda minha família e convicção, para colocar o Brasil no rumo do progresso e respeito perante o mundo,.', 'textOriginal': 'Sou baiano votei e vou votar em Bolsonaro, no segundo turno, com toda minha família e convicção, para colocar o Brasil no rumo do progresso e respeito perante o mundo,.', 'authorDisplayName': 'Roque Batista', 'authorProfileImageUrl': 'https://yt3.ggpht.com/ytc/AGIKgqPWOOvGKw7Lb8b7yweG92K-4AE34dU2WZy0MVTrW2Vcj2Cgt3u3f-VT_pVutJFf=s48-c-k-c0x00ffffff-no-rj', 'authorChannelUrl': 'http://www.youtube.com/channel/UC-QXytubkki0ejwasMwP5xw', 'authorChannelId': {'value': 'UC-QXytubkki0ejwasMwP5xw'}, 'canRate': True, 'viewerRating': 'none', 'likeCount': 5, 'publishedAt': '2022-10-21T23:37:53Z', 'updatedAt': '2022-10-21T23:37:53Z'}}, 'canReply': True, 'totalReplyCount': 0, 'isPublic': True}",,UC-QXytubkki0ejwasMwP5xw,2022-10-21T23:37:53Z,"Sou baiano votei e vou votar em Bolsonaro, no segundo turno, com toda minha família e convicção, para colocar o Brasil no rumo do progresso e respeito perante o mundo,.",QURTSl9pMjRtcWtWOURtNmxjRmhoYnJPVkV2RVlKLXlnc2NmMWpPN1hQVXNYSVREMU9tcEZNSDByazN0aTBINW92TFdkX0VWX2dURjNkaTMxT2JlTTNGeUpuUDcxT1RHNUE=,2023-06-08 12:23:52.841627
youtube#commentThread,3wpi8VZiZQd37sPUyjihlrWpBUc,UgwgFz6M5VBPL-tVIZB4AaABAg,"{'videoId': 'ZBaqttk_mG8', 'topLevelComment': {'kind': 'youtube#comment', 'etag': 'wY0ALBHDp_lKWZWR-Ik480zyLTM', 'id': 'UgwgFz6M5VBPL-tVIZB4AaABAg', 'snippet': {'videoId': 'ZBaqttk_mG8', 'textDisplay': '<a href=""http://www.youtube.com/results?search_query=%23janonesmente"">#JanonesMente</a>', 'textOriginal': '#JanonesMente', 'authorDisplayName': 'Rene Moda', 'authorProfileImageUrl': 'https://yt3.ggpht.com/ytc/AGIKgqPf2TktpeFyu6Kq1roBlKou9J9XD8DgJL_5TH-6fMRbv8AfC3LQcwiP6VoReq0B=s48-c-k-c0x00ffffff-no-rj', 'authorChannelUrl': 'http://www.youtube.com/channel/UC4s6LRozg39_5fY5Iz3bVXA', 'authorChannelId': {'value': 'UC4s6LRozg39_5fY5Iz3bVXA'}, 'canRate': True, 'viewerRating': 'none', 'likeCount': 0, 'publishedAt': '2022-10-21T23:37:48Z', 'updatedAt': '2022-10-21T23:37:48Z'}}, 'canReply': True, 'totalReplyCount': 0, 'isPublic': True}",,UC4s6LRozg39_5fY5Iz3bVXA,2022-10-21T23:37:48Z,#JanonesMente,QURTSl9pMjRtcWtWOURtNmxjRmhoYnJPVkV2RVlKLXlnc2NmMWpPN1hQVXNYSVREMU9tcEZNSDByazN0aTBINW92TFdkX0VWX2dURjNkaTMxT2JlTTNGeUpuUDcxT1RHNUE=,2023-06-08 12:23:52.841627
youtube#commentThread,tvr0S4emrqd8kE7Kyza7b2JKBuI,UgyooFZmiOdMsdFnu-l4AaABAg,"{'videoId': 'ZBaqttk_mG8', 'topLevelComment': {'kind': 'youtube#comment', 'etag': 'laa5buaf8K29y_HcPxTA94P9yzg', 'id': 'UgyooFZmiOdMsdFnu-l4AaABAg', 'snippet': {'videoId': 'ZBaqttk_mG8', 'textDisplay': 'STF VERGONHA MUNDIAL', 'textOriginal': 'STF VERGONHA MUNDIAL', 'authorDisplayName': 'Valdomiro Rossatto', 'authorProfileImageUrl': 'https://yt3.ggpht.com/ytc/AGIKgqMYwRFfgjaHxP_mw-Z7Wn-Oo_QPmaAAXX4KxQ=s48-c-k-c0x00ffffff-no-rj', 'authorChannelUrl': 'http://www.youtube.com/channel/UC7PFSAgXI-Y8E7NYql3gjag', 'authorChannelId': {'value': 'UC7PFSAgXI-Y8E7NYql3gjag'}, 'canRate': True, 'viewerRating': 'none', 'likeCount': 3, 'publishedAt': '2022-10-21T23:37:36Z', 'updatedAt': '2022-10-21T23:37:36Z'}}, 'canReply': True, 'totalReplyCount': 0, 'isPublic': True}",,UC7PFSAgXI-Y8E7NYql3gjag,2022-10-21T23:37:36Z,STF VERGONHA MUNDIAL,QURTSl9pMjRtcWtWOURtNmxjRmhoYnJPVkV2RVlKLXlnc2NmMWpPN1hQVXNYSVREMU9tcEZNSDByazN0aTBINW92TFdkX0VWX2dURjNkaTMxT2JlTTNGeUpuUDcxT1RHNUE=,2023-06-08 12:23:52.841627
youtube#commentThread,FXTfELFFwZbVurtcojFNo80TvUY,Ugw-P8tYx7X_JIfzCed4AaABAg,"{'videoId': 'ZBaqttk_mG8', 'topLevelComment': {'kind': 'youtube#comment', 'etag': 'Bcs7Hr_Iiv5Vn015FFAxU50kkHU', 'id': 'Ugw-P8tYx7X_JIfzCed4AaABAg', 'snippet': {'videoId': 'ZBaqttk_mG8', 'textDisplay': 'Criaram o caos jurídico nas vésperas da eleição ou melhor do plebiscito do dia 30.10.22', 'textOriginal': 'Criaram o caos jurídico nas vésperas da eleição ou melhor do plebiscito do dia 30.10.22', 'authorDisplayName': 'JOSÉ DANIEL', 'authorProfileImageUrl': 'https://yt3.ggpht.com/ytc/AGIKgqPpxyEX-XrQc4yLpT4bS_FppwCevMH5xJCss2Ns=s48-c-k-c0x00ffffff-no-rj', 'authorChannelUrl': 'http://www.youtube.com/channel/UC2I9YdTQy0BegnOIzmh-Jsg', 'authorChannelId': {'value': 'UC2I9YdTQy0BegnOIzmh-Jsg'}, 'canRate': True, 'viewerRating': 'none', 'likeCount': 0, 'publishedAt': '2022-10-21T23:37:30Z', 'updatedAt': '2022-10-21T23:37:30Z'}}, 'canReply': True, 'totalReplyCount': 0, 'isPublic': True}",,UC2I9YdTQy0BegnOIzmh-Jsg,2022-10-21T23:37:30Z,Criaram o caos jurídico nas vésperas da eleição ou melhor do plebiscito do dia 30.10.22,QURTSl9pMjRtcWtWOURtNmxjRmhoYnJPVkV2RVlKLXlnc2NmMWpPN1hQVXNYSVREMU9tcEZNSDByazN0aTBINW92TFdkX0VWX2dURjNkaTMxT2JlTTNGeUpuUDcxT1RHNUE=,2023-06-08 12:23:52.841627
youtube#commentThread,4cG4bJ68AdGPPOrhEUKwfMVpL9o,UgxYiiFVlqnsRsupcHJ4AaABAg,"{'videoId': 'ZBaqttk_mG8', 'topLevelComment': {'kind': 'youtube#comment', 'etag': 'P7hCqyt5I6drm3QPwkjBdGwjmG4', 'id': 'UgxYiiFVlqnsRsupcHJ4AaABAg', 'snippet': {'videoId': 'ZBaqttk_mG8', 'textDisplay': 'Folha Política patriota', 'textOriginal': 'Folha Política patriota', 'authorDisplayName': 'Rene Moda', 'authorProfileImageUrl': 'https://yt3.ggpht.com/ytc/AGIKgqPf2TktpeFyu6Kq1roBlKou9J9XD8DgJL_5TH-6fMRbv8AfC3LQcwiP6VoReq0B=s48-c-k-c0x00ffffff-no-rj', 'authorChannelUrl': 'http://www.youtube.com/channel/UC4s6LRozg39_5fY5Iz3bVXA', 'authorChannelId': {'value': 'UC4s6LRozg39_5fY5Iz3bVXA'}, 'canRate': True, 'viewerRating': 'none', 'likeCount': 0, 'publishedAt': '2022-10-21T23:37:25Z', 'updatedAt': '2022-10-21T23:37:25Z'}}, 'canReply': True, 'totalReplyCount': 0, 'isPublic': True}",,UC4s6LRozg39_5fY5Iz3bVXA,2022-10-21T23:37:25Z,Folha Política patriota,QURTSl9pMjRtcWtWOURtNmxjRmhoYnJPVkV2RVlKLXlnc2NmMWpPN1hQVXNYSVREMU9tcEZNSDByazN0aTBINW92TFdkX0VWX2dURjNkaTMxT2JlTTNGeUpuUDcxT1RHNUE=,2023-06-08 12:23:52.841627
youtube#commentThread,GuxtvG3YtPXKbUYNCJqVS-9z-ks,Ugyp7cR273TbWx9TaMR4AaABAg,"{'videoId': 'ZBaqttk_mG8', 'topLevelComment': {'kind': 'youtube#comment', 'etag': 'UUOYM6npplO6kub--ERElIgYO6U', 'id': 'Ugyp7cR273TbWx9TaMR4AaABAg', 'snippet': {'videoId': 'ZBaqttk_mG8', 'textDisplay': 'GRATIDAO AO NOSSO HONRADO RESIDENTE BOLSONARO E AO NOSSO QUERIDO MINISTRO PAULO QUEDES,POR TUDO QUE TEM FEITO PELO POVO,MAIS VULNERAVEL🇧🇷🇧🇷🇧🇷🇧🇷🇧🇷🇧🇷🇧🇷🇧🇷🇧🇷🇧🇷', 'textOriginal': 'GRATIDAO AO NOSSO HONRADO RESIDENTE BOLSONARO E AO NOSSO QUERIDO MINISTRO PAULO QUEDES,POR TUDO QUE TEM FEITO PELO POVO,MAIS VULNERAVEL🇧🇷🇧🇷🇧🇷🇧🇷🇧🇷🇧🇷🇧🇷🇧🇷🇧🇷🇧🇷', 'authorDisplayName': 'Rosilda Rita', 'authorProfileImageUrl': 'https://yt3.ggpht.com/ytc/AGIKgqNR3g7ztRucgHc4iilwiVeICDw3GZF2g2mlgA=s48-c-k-c0x00ffffff-no-rj', 'authorChannelUrl': 'http://www.youtube.com/channel/UCn_teVmAdjOQcKFgV9N-FPA', 'authorChannelId': {'value': 'UCn_teVmAdjOQcKFgV9N-FPA'}, 'canRate': True, 'viewerRating': 'none', 'likeCount': 4, 'publishedAt': '2022-10-21T23:37:21Z', 'updatedAt': '2022-10-21T23:37:21Z'}}, 'canReply': True, 'totalReplyCount': 0, 'isPublic': True}",,UCn_teVmAdjOQcKFgV9N-FPA,2022-10-21T23:37:21Z,"GRATIDAO AO NOSSO HONRADO RESIDENTE BOLSONARO E AO NOSSO QUERIDO MINISTRO PAULO QUEDES,POR TUDO QUE TEM FEITO PELO POVO,MAIS VULNERAVEL🇧🇷🇧🇷🇧🇷🇧🇷🇧🇷🇧🇷🇧🇷🇧🇷🇧🇷🇧🇷",QURTSl9pMjRtcWtWOURtNmxjRmhoYnJPVkV2RVlKLXlnc2NmMWpPN1hQVXNYSVREMU9tcEZNSDByazN0aTBINW92TFdkX0VWX2dURjNkaTMxT2JlTTNGeUpuUDcxT1RHNUE=,2023-06-08 12:23:52.841627
youtube#commentThread,lK0Iv2Kh0FYVaZWvLvKWFFiR6vw,Ugx6bsdEo8gsmdGDAxh4AaABAg,"{'videoId': 'ZBaqttk_mG8', 'topLevelComment': {'kind': 'youtube#comment', 'etag': 'hvejS791Blzhu2jddgGUbSciFMA', 'id': 'Ugx6bsdEo8gsmdGDAxh4AaABAg', 'snippet': {'videoId': 'ZBaqttk_mG8', 'textDisplay': 'Bolsonaro é o melhor Presidente que o Brasil já teve um grande brasileiro, abençoado por Deus, para melhorar e moralizar o Brasil.', 'textOriginal': 'Bolsonaro é o melhor Presidente que o Brasil já teve um grande brasileiro, abençoado por Deus, para melhorar e moralizar o Brasil.', 'authorDisplayName': 'Roque Batista', 'authorProfileImageUrl': 'https://yt3.ggpht.com/ytc/AGIKgqPWOOvGKw7Lb8b7yweG92K-4AE34dU2WZy0MVTrW2Vcj2Cgt3u3f-VT_pVutJFf=s48-c-k-c0x00ffffff-no-rj', 'authorChannelUrl': 'http://www.youtube.com/channel/UC-QXytubkki0ejwasMwP5xw', 'authorChannelId': {'value': 'UC-QXytubkki0ejwasMwP5xw'}, 'canRate': True, 'viewerRating': 'none', 'likeCount': 1, 'publishedAt': '2022-10-21T23:37:02Z', 'updatedAt': '2022-10-21T23:37:02Z'}}, 'canReply': True, 'totalReplyCount': 0, 'isPublic': True}",,UC-QXytubkki0ejwasMwP5xw,2022-10-21T23:37:02Z,"Bolsonaro é o melhor Presidente que o Brasil já teve um grande brasileiro, abençoado por Deus, para melhorar e moralizar o Brasil.",QURTSl9pMjRtcWtWOURtNmxjRmhoYnJPVkV2RVlKLXlnc2NmMWpPN1hQVXNYSVREMU9tcEZNSDByazN0aTBINW92TFdkX0VWX2dURjNkaTMxT2JlTTNGeUpuUDcxT1RHNUE=,2023-06-08 12:23:52.841627
youtube#commentThread,TVwpJuXJb90GpOqspZ112H-FNl4,UgyYB08sZBmY9lXbjkt4AaABAg,"{'videoId': 'ZBaqttk_mG8', 'topLevelComment': {'kind': 'youtube#comment', 'etag': 'ZYg7OU6lammMZrCJNravHUwIEi8', 'id': 'UgyYB08sZBmY9lXbjkt4AaABAg', 'snippet': {'videoId': 'ZBaqttk_mG8', 'textDisplay': '<a href=""http://www.youtube.com/results?search_query=%23bolsonaro"">#BOLSONARO</a> 22', 'textOriginal': '#BOLSONARO 22', 'authorDisplayName': 'Bernadete Romero', 'authorProfileImageUrl': 'https://yt3.ggpht.com/ytc/AGIKgqOKN9Dco5MK-WuPFt6J7URFziPyzLNoUwusgtRvJw=s48-c-k-c0x00ffffff-no-rj', 'authorChannelUrl': 'http://www.youtube.com/channel/UCyF1KEAw-24ZLu4lxq0xQoQ', 'authorChannelId': {'value': 'UCyF1KEAw-24ZLu4lxq0xQoQ'}, 'canRate': True, 'viewerRating': 'none', 'likeCount': 0, 'publishedAt': '2022-10-21T23:36:37Z', 'updatedAt': '2022-10-21T23:36:37Z'}}, 'canReply': True, 'totalReplyCount': 0, 'isPublic': True}",,UCyF1KEAw-24ZLu4lxq0xQoQ,2022-10-21T23:36:37Z,#BOLSONARO 22,QURTSl9pMjRtcWtWOURtNmxjRmhoYnJPVkV2RVlKLXlnc2NmMWpPN1hQVXNYSVREMU9tcEZNSDByazN0aTBINW92TFdkX0VWX2dURjNkaTMxT2JlTTNGeUpuUDcxT1RHNUE=,2023-06-08 12:23:52.841627
youtube#commentThread,SONTa4H6_h92EK4W7MSdpGlhbyU,Ugw2LYHgw2QnBybdPoR4AaABAg,"{'videoId': 'ZBaqttk_mG8', 'topLevelComment': {'kind': 'youtube#comment', 'etag': 'hwiHr0vZGcvDnMU1DZQYhf40H24', 'id': 'Ugw2LYHgw2QnBybdPoR4AaABAg', 'snippet': {'videoId': 'ZBaqttk_mG8', 'textDisplay': 'Eu e minha família toda vota Bolsonaro.', 'textOriginal': 'Eu e minha família toda vota Bolsonaro.', 'authorDisplayName': 'Claudio José De Souza', 'authorProfileImageUrl': 'https://yt3.ggpht.com/ytc/AGIKgqMw8JEyXMwvo1dConOy40SJrug8Drria3CwxQ=s48-c-k-c0x00ffffff-no-rj', 'authorChannelUrl': 'http://www.youtube.com/channel/UCKv6iIEb8CpAUDrjiapT_-w', 'authorChannelId': {'value': 'UCKv6iIEb8CpAUDrjiapT_-w'}, 'canRate': True, 'viewerRating': 'none', 'likeCount': 0, 'publishedAt': '2022-10-21T23:36:35Z', 'updatedAt': '2022-10-21T23:36:35Z'}}, 'canReply': True, 'totalReplyCount': 0, 'isPublic': True}",,UCKv6iIEb8CpAUDrjiapT_-w,2022-10-21T23:36:35Z,Eu e minha família toda vota Bolsonaro.,QURTSl9pMjRtcWtWOURtNmxjRmhoYnJPVkV2RVlKLXlnc2NmMWpPN1hQVXNYSVREMU9tcEZNSDByazN0aTBINW92TFdkX0VWX2dURjNkaTMxT2JlTTNGeUpuUDcxT1RHNUE=,2023-06-08 12:23:52.841627
youtube#commentThread,X8HHHXDyeD2tdf3RSzSZz7uMJxM,UgzCpnQ8mZDWkjuTm0p4AaABAg,"{'videoId': 'ZBaqttk_mG8', 'topLevelComment': {'kind': 'youtube#comment', 'etag': '2B6NYUiREG0sxxmamzGe_5NuLD8', 'id': 'UgzCpnQ8mZDWkjuTm0p4AaABAg', 'snippet': {'videoId': 'ZBaqttk_mG8', 'textDisplay': 'Estamos juntos Presidente Bolsonaro 22', 'textOriginal': 'Estamos juntos Presidente Bolsonaro 22', 'authorDisplayName': 'Antonia Cristina Lima Santos', 'authorProfileImageUrl': 'https://yt3.ggpht.com/ytc/AGIKgqM6Setw1YAw2G8k6x5gbjacAHzzyS5sZWSD4A=s48-c-k-c0x00ffffff-no-rj', 'authorChannelUrl': 'http://www.youtube.com/channel/UCrORNYM20mDYWgZ2bky2ZyQ', 'authorChannelId': {'value': 'UCrORNYM20mDYWgZ2bky2ZyQ'}, 'canRate': True, 'viewerRating': 'none', 'likeCount': 1, 'publishedAt': '2022-10-21T23:36:14Z', 'updatedAt': '2022-10-21T23:36:14Z'}}, 'canReply': True, 'totalReplyCount': 0, 'isPublic': True}",,UCrORNYM20mDYWgZ2bky2ZyQ,2022-10-21T23:36:14Z,Estamos juntos Presidente Bolsonaro 22,QURTSl9pMjRtcWtWOURtNmxjRmhoYnJPVkV2RVlKLXlnc2NmMWpPN1hQVXNYSVREMU9tcEZNSDByazN0aTBINW92TFdkX0VWX2dURjNkaTMxT2JlTTNGeUpuUDcxT1RHNUE=,2023-06-08 12:23:52.841627
youtube#commentThread,FL6QneDhO1tYtGewzyBgb5JUYPY,UgzRJ7Dl3c6Sv4QplWN4AaABAg,"{'videoId': 'ZBaqttk_mG8', 'topLevelComment': {'kind': 'youtube#comment', 'etag': 'EL_Dx0cI6LMAzKYJ1cY0WBQDjgk', 'id': 'UgzRJ7Dl3c6Sv4QplWN4AaABAg', 'snippet': {'videoId': 'ZBaqttk_mG8', 'textDisplay': 'Sou aposentada e confio no Presidente este André Jumento vai ter o que merece o mandato dele vai ser cassado não é possível que este jumento vai querer atingir os aposentados  nós não acreditamos nestas mentiras Presidente Deus vai ti dar a sua vitória 🙏🙏🙏🙏🙌', 'textOriginal': 'Sou aposentada e confio no Presidente este André Jumento vai ter o que merece o mandato dele vai ser cassado não é possível que este jumento vai querer atingir os aposentados  nós não acreditamos nestas mentiras Presidente Deus vai ti dar a sua vitória 🙏🙏🙏🙏🙌', 'authorDisplayName': 'Claudete Muniz', 'authorProfileImageUrl': 'https://yt3.ggpht.com/ytc/AGIKgqNoHmzISBui2Csr6dFoBP36uFNwAG_-93c1=s48-c-k-c0x00ffffff-no-rj', 'authorChannelUrl': 'http://www.youtube.com/channel/UCDRsgo4D_9ypsFhr1852jaw', 'authorChannelId': {'value': 'UCDRsgo4D_9ypsFhr1852jaw'}, 'canRate': True, 'viewerRating': 'none', 'likeCount': 0, 'publishedAt': '2022-10-21T23:36:03Z', 'updatedAt': '2022-10-21T23:36:03Z'}}, 'canReply': True, 'totalReplyCount': 0, 'isPublic': True}",,UCDRsgo4D_9ypsFhr1852jaw,2022-10-21T23:36:03Z,Sou aposentada e confio no Presidente este André Jumento vai ter o que merece o mandato dele vai ser cassado não é possível que este jumento vai querer atingir os aposentados  nós não acreditamos nestas mentiras Presidente Deus vai ti dar a sua vitória 🙏🙏🙏🙏🙌,QURTSl9pMjRtcWtWOURtNmxjRmhoYnJPVkV2RVlKLXlnc2NmMWpPN1hQVXNYSVREMU9tcEZNSDByazN0aTBINW92TFdkX0VWX2dURjNkaTMxT2JlTTNGeUpuUDcxT1RHNUE=,2023-06-08 12:23:52.841627
youtube#commentThread,zmkNqaYdgkkZFMHhZ3TwmKdsnKw,Ugzvixi8eYADtekr-Eh4AaABAg,"{'videoId': 'ZBaqttk_mG8', 'topLevelComment': {'kind': 'youtube#comment', 'etag': 'A7azuHQnISo2sNWP9dhYsl6yZj8', 'id': 'Ugzvixi8eYADtekr-Eh4AaABAg', 'snippet': {'videoId': 'ZBaqttk_mG8', 'textDisplay': 'André Janones  se fez as custas do tempo da pandemia quando houve o auxílio emergencial se fazendo de que podia fazer o auxílio emergencial se no valor de 600,00.22 Bolsonaro', 'textOriginal': 'André Janones  se fez as custas do tempo da pandemia quando houve o auxílio emergencial se fazendo de que podia fazer o auxílio emergencial se no valor de 600,00.22 Bolsonaro', 'authorDisplayName': 'Lídia Márcia', 'authorProfileImageUrl': 'https://yt3.ggpht.com/ytc/AGIKgqPQwr1mmWM-EllBZIa-7D1HqBqQoJ0FwYALWNGu15Y=s48-c-k-c0x00ffffff-no-rj', 'authorChannelUrl': 'http://www.youtube.com/channel/UCm6uj0YVnLC11tu6-wgjynQ', 'authorChannelId': {'value': 'UCm6uj0YVnLC11tu6-wgjynQ'}, 'canRate': True, 'viewerRating': 'none', 'likeCount': 1, 'publishedAt': '2022-10-21T23:36:00Z', 'updatedAt': '2022-10-21T23:38:49Z'}}, 'canReply': True, 'totalReplyCount': 0, 'isPublic': True}",,UCm6uj0YVnLC11tu6-wgjynQ,2022-10-21T23:36:00Z,"André Janones  se fez as custas do tempo da pandemia quando houve o auxílio emergencial se fazendo de que podia fazer o auxílio emergencial se no valor de 600,00.22 Bolsonaro",QURTSl9pMjRtcWtWOURtNmxjRmhoYnJPVkV2RVlKLXlnc2NmMWpPN1hQVXNYSVREMU9tcEZNSDByazN0aTBINW92TFdkX0VWX2dURjNkaTMxT2JlTTNGeUpuUDcxT1RHNUE=,2023-06-08 12:23:52.841627
youtube#commentThread,WxsUv_p-KnafVTc0HEANnhOQXhM,UgzAacQJ8cnDrKggmzR4AaABAg,"{'videoId': 'ZBaqttk_mG8', 'topLevelComment': {'kind': 'youtube#comment', 'etag': '4h0HN3em3UxIc7YIUjDKzPBWSwo', 'id': 'UgzAacQJ8cnDrKggmzR4AaABAg', 'snippet': {'videoId': 'ZBaqttk_mG8', 'textDisplay': 'Excelente 👏', 'textOriginal': 'Excelente 👏', 'authorDisplayName': 'Antonia Cristina Lima Santos', 'authorProfileImageUrl': 'https://yt3.ggpht.com/ytc/AGIKgqM6Setw1YAw2G8k6x5gbjacAHzzyS5sZWSD4A=s48-c-k-c0x00ffffff-no-rj', 'authorChannelUrl': 'http://www.youtube.com/channel/UCrORNYM20mDYWgZ2bky2ZyQ', 'authorChannelId': {'value': 'UCrORNYM20mDYWgZ2bky2ZyQ'}, 'canRate': True, 'viewerRating': 'none', 'likeCount': 2, 'publishedAt': '2022-10-21T23:35:43Z', 'updatedAt': '2022-10-21T23:35:43Z'}}, 'canReply': True, 'totalReplyCount': 0, 'isPublic': True}",,UCrORNYM20mDYWgZ2bky2ZyQ,2022-10-21T23:35:43Z,Excelente 👏,QURTSl9pMjRtcWtWOURtNmxjRmhoYnJPVkV2RVlKLXlnc2NmMWpPN1hQVXNYSVREMU9tcEZNSDByazN0aTBINW92TFdkX0VWX2dURjNkaTMxT2JlTTNGeUpuUDcxT1RHNUE=,2023-06-08 12:23:52.841627
youtube#commentThread,YCjCJLJkHABi5Kp-KUQbOIAQKYg,UgxyHA6BReqmcpTUjwl4AaABAg,"{'videoId': 'ZBaqttk_mG8', 'topLevelComment': {'kind': 'youtube#comment', 'etag': 'CiWBCw5LmDKnPnTW92pUIXPJNXA', 'id': 'UgxyHA6BReqmcpTUjwl4AaABAg', 'snippet': {'videoId': 'ZBaqttk_mG8', 'textDisplay': 'Estamos juntos Presidente Bolsonaro 22🇧🇷🇧🇷🇧🇷🇧🇷🇧🇷🇧🇷', 'textOriginal': 'Estamos juntos Presidente Bolsonaro 22🇧🇷🇧🇷🇧🇷🇧🇷🇧🇷🇧🇷', 'authorDisplayName': 'Neusa Ramos', 'authorProfileImageUrl': 'https://yt3.ggpht.com/ytc/AGIKgqOOfNatjBkgRqYqFZGnNCl7FQi-aaFTzzByQOVa=s48-c-k-c0x00ffffff-no-rj', 'authorChannelUrl': 'http://www.youtube.com/channel/UC_4PXRjg18JpImICUZaKL8g', 'authorChannelId': {'value': 'UC_4PXRjg18JpImICUZaKL8g'}, 'canRate': True, 'viewerRating': 'none', 'likeCount': 7, 'publishedAt': '2022-10-21T23:35:39Z', 'updatedAt': '2022-10-21T23:35:39Z'}}, 'canReply': True, 'totalReplyCount': 0, 'isPublic': True}",,UC_4PXRjg18JpImICUZaKL8g,2022-10-21T23:35:39Z,Estamos juntos Presidente Bolsonaro 22🇧🇷🇧🇷🇧🇷🇧🇷🇧🇷🇧🇷,QURTSl9pMjRtcWtWOURtNmxjRmhoYnJPVkV2RVlKLXlnc2NmMWpPN1hQVXNYSVREMU9tcEZNSDByazN0aTBINW92TFdkX0VWX2dURjNkaTMxT2JlTTNGeUpuUDcxT1RHNUE=,2023-06-08 12:23:52.841627
youtube#commentThread,bf3gRSLsDuVa_sipjAptL4Bg6FI,UgxVZ-4SW27Wtpqv0Ht4AaABAg,"{'videoId': 'ZBaqttk_mG8', 'topLevelComment': {'kind': 'youtube#comment', 'etag': 'CHJJ2sVNbbr2_BHYdkA7h1p2LzU', 'id': 'UgxVZ-4SW27Wtpqv0Ht4AaABAg', 'snippet': {'videoId': 'ZBaqttk_mG8', 'textDisplay': 'Infelizmente estamos numa verdadeira ditadura civil imposta pelo TSE em outubro 22', 'textOriginal': 'Infelizmente estamos numa verdadeira ditadura civil imposta pelo TSE em outubro 22', 'authorDisplayName': 'JOSÉ DANIEL', 'authorProfileImageUrl': 'https://yt3.ggpht.com/ytc/AGIKgqPpxyEX-XrQc4yLpT4bS_FppwCevMH5xJCss2Ns=s48-c-k-c0x00ffffff-no-rj', 'authorChannelUrl': 'http://www.youtube.com/channel/UC2I9YdTQy0BegnOIzmh-Jsg', 'authorChannelId': {'value': 'UC2I9YdTQy0BegnOIzmh-Jsg'}, 'canRate': True, 'viewerRating': 'none', 'likeCount': 0, 'publishedAt': '2022-10-21T23:35:37Z', 'updatedAt': '2022-10-21T23:35:37Z'}}, 'canReply': True, 'totalReplyCount': 0, 'isPublic': True}",,UC2I9YdTQy0BegnOIzmh-Jsg,2022-10-21T23:35:37Z,Infelizmente estamos numa verdadeira ditadura civil imposta pelo TSE em outubro 22,QURTSl9pMjRtcWtWOURtNmxjRmhoYnJPVkV2RVlKLXlnc2NmMWpPN1hQVXNYSVREMU9tcEZNSDByazN0aTBINW92TFdkX0VWX2dURjNkaTMxT2JlTTNGeUpuUDcxT1RHNUE=,2023-06-08 12:23:52.841627
youtube#commentThread,j4n-vD0irsd1PdAcj11Wc-MLVfs,Ugxr89sXYoPW6JQiGFl4AaABAg,"{'videoId': 'ZBaqttk_mG8', 'topLevelComment': {'kind': 'youtube#comment', 'etag': '_FIunL3v4r7FZR3aE-62POm4icU', 'id': 'Ugxr89sXYoPW6JQiGFl4AaABAg', 'snippet': {'videoId': 'ZBaqttk_mG8', 'textDisplay': 'Dia 30 22', 'textOriginal': 'Dia 30 22', 'authorDisplayName': 'Fatima Araujo', 'authorProfileImageUrl': 'https://yt3.ggpht.com/ytc/AGIKgqO1jElaufFjhyZvRiGQVTOz3xOwD97s7sY_jxyrVVKxSvjXZ3xJ_ZShm1NosWHN=s48-c-k-c0x00ffffff-no-rj', 'authorChannelUrl': 'http://www.youtube.com/channel/UCYtJzODpKe1Qu6Y88rKephw', 'authorChannelId': {'value': 'UCYtJzODpKe1Qu6Y88rKephw'}, 'canRate': True, 'viewerRating': 'none', 'likeCount': 1, 'publishedAt': '2022-10-21T23:34:56Z', 'updatedAt': '2022-10-21T23:34:56Z'}}, 'canReply': True, 'totalReplyCount': 0, 'isPublic': True}",,UCYtJzODpKe1Qu6Y88rKephw,2022-10-21T23:34:56Z,Dia 30 22,QURTSl9pMjRtcWtWOURtNmxjRmhoYnJPVkV2RVlKLXlnc2NmMWpPN1hQVXNYSVREMU9tcEZNSDByazN0aTBINW92TFdkX0VWX2dURjNkaTMxT2JlTTNGeUpuUDcxT1RHNUE=,2023-06-08 12:23:52.841627
youtube#commentThread,6oEBqNlzZLs3okYymdLZYHaiLTE,UgyoW1745vVRwilFKIN4AaABAg,"{'videoId': 'ZBaqttk_mG8', 'topLevelComment': {'kind': 'youtube#comment', 'etag': 'v_MxkVhqDqEQeuGx0e-dvv6H3YM', 'id': 'UgyoW1745vVRwilFKIN4AaABAg', 'snippet': {'videoId': 'ZBaqttk_mG8', 'textDisplay': '&quot;Conhecereis a verdade, e a verdade os libertará &quot; ! PT NUNCA MAIS !🙏🇧🇷', 'textOriginal': '""Conhecereis a verdade, e a verdade os libertará "" ! PT NUNCA MAIS !🙏🇧🇷', 'authorDisplayName': 'Paulo Cezar Dacanal', 'authorProfileImageUrl': 'https://yt3.ggpht.com/ytc/AGIKgqOz9RTjILuCEDUK-dmNpM0B1DplXEXkZW6VfQ=s48-c-k-c0x00ffffff-no-rj', 'authorChannelUrl': 'http://www.youtube.com/channel/UCMsIrFE-HELuc6u06lVf6tg', 'authorChannelId': {'value': 'UCMsIrFE-HELuc6u06lVf6tg'}, 'canRate': True, 'viewerRating': 'none', 'likeCount': 5, 'publishedAt': '2022-10-21T23:34:49Z', 'updatedAt': '2022-10-21T23:34:49Z'}}, 'canReply': True, 'totalReplyCount': 0, 'isPublic': True}",,UCMsIrFE-HELuc6u06lVf6tg,2022-10-21T23:34:49Z,"""Conhecereis a verdade, e a verdade os libertará "" ! PT NUNCA MAIS !🙏🇧🇷",QURTSl9pMjRtcWtWOURtNmxjRmhoYnJPVkV2RVlKLXlnc2NmMWpPN1hQVXNYSVREMU9tcEZNSDByazN0aTBINW92TFdkX0VWX2dURjNkaTMxT2JlTTNGeUpuUDcxT1RHNUE=,2023-06-08 12:23:52.841627
youtube#commentThread,YgkrgL-DzcLFmV906twBoxsFv-c,Ugx0hsaXYyo27nEm4bh4AaABAg,"{'videoId': 'ZBaqttk_mG8', 'topLevelComment': {'kind': 'youtube#comment', 'etag': 'PnbfpWUiH_lR__-w1xd9k3iBmdE', 'id': 'Ugx0hsaXYyo27nEm4bh4AaABAg', 'snippet': {'videoId': 'ZBaqttk_mG8', 'textDisplay': 'Estamos  com Bolsonaro  vamos  enfrentar esse Dragão', 'textOriginal': 'Estamos  com Bolsonaro  vamos  enfrentar esse Dragão', 'authorDisplayName': 'Maria Lindora', 'authorProfileImageUrl': 'https://yt3.ggpht.com/ytc/AGIKgqPgNH5xMr090ceqIjLB6okBgCc2pIS74p9BCQ=s48-c-k-c0x00ffffff-no-rj', 'authorChannelUrl': 'http://www.youtube.com/channel/UCK0rOX4zoUm8qifVi0ZhiCQ', 'authorChannelId': {'value': 'UCK0rOX4zoUm8qifVi0ZhiCQ'}, 'canRate': True, 'viewerRating': 'none', 'likeCount': 2, 'publishedAt': '2022-10-21T23:34:16Z', 'updatedAt': '2022-10-21T23:34:16Z'}}, 'canReply': True, 'totalReplyCount': 0, 'isPublic': True}",,UCK0rOX4zoUm8qifVi0ZhiCQ,2022-10-21T23:34:16Z,Estamos  com Bolsonaro  vamos  enfrentar esse Dragão,QURTSl9pMjRtcWtWOURtNmxjRmhoYnJPVkV2RVlKLXlnc2NmMWpPN1hQVXNYSVREMU9tcEZNSDByazN0aTBINW92TFdkX0VWX2dURjNkaTMxT2JlTTNGeUpuUDcxT1RHNUE=,2023-06-08 12:23:52.841627
youtube#commentThread,MH3rQ9u1PLExP9PttDu3YETVZyE,Ugx9tvZOW-WSsxtqhJp4AaABAg,"{'videoId': 'ZBaqttk_mG8', 'topLevelComment': {'kind': 'youtube#comment', 'etag': 'HV92a0NzDTPRm9cev2V6BncKFw8', 'id': 'Ugx9tvZOW-WSsxtqhJp4AaABAg', 'snippet': {'videoId': 'ZBaqttk_mG8', 'textDisplay': 'A sensura prévia no Brasil é uma vergonha e um retrocesso', 'textOriginal': 'A sensura prévia no Brasil é uma vergonha e um retrocesso', 'authorDisplayName': 'JOSÉ DANIEL', 'authorProfileImageUrl': 'https://yt3.ggpht.com/ytc/AGIKgqPpxyEX-XrQc4yLpT4bS_FppwCevMH5xJCss2Ns=s48-c-k-c0x00ffffff-no-rj', 'authorChannelUrl': 'http://www.youtube.com/channel/UC2I9YdTQy0BegnOIzmh-Jsg', 'authorChannelId': {'value': 'UC2I9YdTQy0BegnOIzmh-Jsg'}, 'canRate': True, 'viewerRating': 'none', 'likeCount': 6, 'publishedAt': '2022-10-21T23:34:15Z', 'updatedAt': '2022-10-21T23:34:15Z'}}, 'canReply': True, 'totalReplyCount': 0, 'isPublic': True}",,UC2I9YdTQy0BegnOIzmh-Jsg,2022-10-21T23:34:15Z,A sensura prévia no Brasil é uma vergonha e um retrocesso,QURTSl9pMjRtcWtWOURtNmxjRmhoYnJPVkV2RVlKLXlnc2NmMWpPN1hQVXNYSVREMU9tcEZNSDByazN0aTBINW92TFdkX0VWX2dURjNkaTMxT2JlTTNGeUpuUDcxT1RHNUE=,2023-06-08 12:23:52.841627
youtube#commentThread,izGjnX07rxOEzfeYCpA8LE_kXLM,UgwMxejBMrwl4CQXYfh4AaABAg,"{'videoId': 'ZBaqttk_mG8', 'topLevelComment': {'kind': 'youtube#comment', 'etag': 'HQvLkh11i_UbpS28lmHeqe4EIO8', 'id': 'UgwMxejBMrwl4CQXYfh4AaABAg', 'snippet': {'videoId': 'ZBaqttk_mG8', 'textDisplay': 'Deus abençoe sempre vc Paulo Guedes e sua família', 'textOriginal': 'Deus abençoe sempre vc Paulo Guedes e sua família', 'authorDisplayName': 'Fatima Araujo', 'authorProfileImageUrl': 'https://yt3.ggpht.com/ytc/AGIKgqO1jElaufFjhyZvRiGQVTOz3xOwD97s7sY_jxyrVVKxSvjXZ3xJ_ZShm1NosWHN=s48-c-k-c0x00ffffff-no-rj', 'authorChannelUrl': 'http://www.youtube.com/channel/UCYtJzODpKe1Qu6Y88rKephw', 'authorChannelId': {'value': 'UCYtJzODpKe1Qu6Y88rKephw'}, 'canRate': True, 'viewerRating': 'none', 'likeCount': 10, 'publishedAt': '2022-10-21T23:34:06Z', 'updatedAt': '2022-10-21T23:34:06Z'}}, 'canReply': True, 'totalReplyCount': 0, 'isPublic': True}",,UCYtJzODpKe1Qu6Y88rKephw,2022-10-21T23:34:06Z,Deus abençoe sempre vc Paulo Guedes e sua família,QURTSl9pMjRtcWtWOURtNmxjRmhoYnJPVkV2RVlKLXlnc2NmMWpPN1hQVXNYSVREMU9tcEZNSDByazN0aTBINW92TFdkX0VWX2dURjNkaTMxT2JlTTNGeUpuUDcxT1RHNUE=,2023-06-08 12:23:52.841627
youtube#commentThread,XiaSU9MvzbWnMiN_1ugQc_IKDOY,UgyN_Dw7lEUsY4qD6hd4AaABAg,"{'videoId': 'ZBaqttk_mG8', 'topLevelComment': {'kind': 'youtube#comment', 'etag': 'l4Igda08MWzlEpbkp3EmhyABZq0', 'id': 'UgyN_Dw7lEUsY4qD6hd4AaABAg', 'snippet': {'videoId': 'ZBaqttk_mG8', 'textDisplay': 'Quero 600 reais presente Jair Bolsonaro esse meu presente Jair eu', 'textOriginal': 'Quero 600 reais presente Jair Bolsonaro esse meu presente Jair eu', 'authorDisplayName': 'Fatima Araujo', 'authorProfileImageUrl': 'https://yt3.ggpht.com/ytc/AGIKgqO1jElaufFjhyZvRiGQVTOz3xOwD97s7sY_jxyrVVKxSvjXZ3xJ_ZShm1NosWHN=s48-c-k-c0x00ffffff-no-rj', 'authorChannelUrl': 'http://www.youtube.com/channel/UCYtJzODpKe1Qu6Y88rKephw', 'authorChannelId': {'value': 'UCYtJzODpKe1Qu6Y88rKephw'}, 'canRate': True, 'viewerRating': 'none', 'likeCount': 0, 'publishedAt': '2022-10-21T23:33:43Z', 'updatedAt': '2022-10-21T23:33:43Z'}}, 'canReply': True, 'totalReplyCount': 1, 'isPublic': True}","{'comments': [{'kind': 'youtube#comment', 'etag': 'VSysaqVpYlcvORbN7LgxCxocVU4', 'id': 'UgyN_Dw7lEUsY4qD6hd4AaABAg.9hT8kzF2_lC9hVYVHHnCKo', 'snippet': {'videoId': 'ZBaqttk_mG8', 'textDisplay': 'Vai trabalhar. Emprego tem sim. Mas boa parte não aceita, alegando que não nasceu para pegar em um carrinho de mão. Ofereci 200 reais para um rapaz limpar um lote usando roçadeira elétrica. Ele falou que é inteligente demais para fazer serviço braçal. Na vdd é burro né.', 'textOriginal': 'Vai trabalhar. Emprego tem sim. Mas boa parte não aceita, alegando que não nasceu para pegar em um carrinho de mão. Ofereci 200 reais para um rapaz limpar um lote usando roçadeira elétrica. Ele falou que é inteligente demais para fazer serviço braçal. Na vdd é burro né.', 'parentId': 'UgyN_Dw7lEUsY4qD6hd4AaABAg', 'authorDisplayName': 'Flavio Ribeiro', 'authorProfileImageUrl': 'https://yt3.ggpht.com/ytc/AGIKgqP0ZDsilooViQfFSUBoI7qB-hLN9IvncMzmww=s48-c-k-c0x00ffffff-no-rj', 'authorChannelUrl': 'http://www.youtube.com/channel/UCCxhO4KeEZX9lNwTngz50QA', 'authorChannelId': {'value': 'UCCxhO4KeEZX9lNwTngz50QA'}, 'canRate': True, 'viewerRating': 'none', 'likeCount': 0, 'publishedAt': '2022-10-22T21:57:07Z', 'updatedAt': '2022-10-22T21:57:07Z'}}]}",UCYtJzODpKe1Qu6Y88rKephw,2022-10-21T23:33:43Z,Quero 600 reais presente Jair Bolsonaro esse meu presente Jair eu,QURTSl9pMjRtcWtWOURtNmxjRmhoYnJPVkV2RVlKLXlnc2NmMWpPN1hQVXNYSVREMU9tcEZNSDByazN0aTBINW92TFdkX0VWX2dURjNkaTMxT2JlTTNGeUpuUDcxT1RHNUE=,2023-06-08 12:23:52.841627
youtube#commentThread,1Bg7YoaAooYJWduD9iSadJFQTNw,UgzYQnOUqJchA56Porp4AaABAg,"{'videoId': 'ZBaqttk_mG8', 'topLevelComment': {'kind': 'youtube#comment', 'etag': 'mWiZaDmeXVljlak1GL65oHvVq1Y', 'id': 'UgzYQnOUqJchA56Porp4AaABAg', 'snippet': {'videoId': 'ZBaqttk_mG8', 'textDisplay': 'EU CONFIOU  NO MEU  PRESIDENTE', 'textOriginal': 'EU CONFIOU  NO MEU  PRESIDENTE', 'authorDisplayName': 'Mary Oliveira', 'authorProfileImageUrl': 'https://yt3.ggpht.com/ytc/AGIKgqNsRycjQJuI-AlzuZ_7XfXeCi_4dcM-3W1GdYMkE-LqoC2U27ho0zZZ-7hrir56=s48-c-k-c0x00ffffff-no-rj', 'authorChannelUrl': 'http://www.youtube.com/channel/UCi215aM0uxolU-X5FGIsoqQ', 'authorChannelId': {'value': 'UCi215aM0uxolU-X5FGIsoqQ'}, 'canRate': True, 'viewerRating': 'none', 'likeCount': 0, 'publishedAt': '2022-10-21T23:33:41Z', 'updatedAt': '2022-10-21T23:33:41Z'}}, 'canReply': True, 'totalReplyCount': 0, 'isPublic': True}",,UCi215aM0uxolU-X5FGIsoqQ,2022-10-21T23:33:41Z,EU CONFIOU  NO MEU  PRESIDENTE,QURTSl9pMjRtcWtWOURtNmxjRmhoYnJPVkV2RVlKLXlnc2NmMWpPN1hQVXNYSVREMU9tcEZNSDByazN0aTBINW92TFdkX0VWX2dURjNkaTMxT2JlTTNGeUpuUDcxT1RHNUE=,2023-06-08 12:23:52.841627
youtube#commentThread,eKLbBJ0TYw6G9Ki5YBJHWciNRVw,UgzP6YB-_vxS9ZWCKjZ4AaABAg,"{'videoId': 'ZBaqttk_mG8', 'topLevelComment': {'kind': 'youtube#comment', 'etag': '2m8Ez2WJK2sibUTP4BMekrZAbzs', 'id': 'UgzP6YB-_vxS9ZWCKjZ4AaABAg', 'snippet': {'videoId': 'ZBaqttk_mG8', 'textDisplay': 'Bolsonaro é o melhor para o Brasil', 'textOriginal': 'Bolsonaro é o melhor para o Brasil', 'authorDisplayName': 'Valderi Francisco', 'authorProfileImageUrl': 'https://yt3.ggpht.com/A3hDUcHzRy2PKBmxEg_lf_FZ3pliqOjnYsBAh6r1XW6-FecU2Oiz1HsbB8BOKVYKBZrB7lvuig=s48-c-k-c0x00ffffff-no-rj', 'authorChannelUrl': 'http://www.youtube.com/channel/UCYqKDOXnLt9VRKBBhnHF-lw', 'authorChannelId': {'value': 'UCYqKDOXnLt9VRKBBhnHF-lw'}, 'canRate': True, 'viewerRating': 'none', 'likeCount': 0, 'publishedAt': '2022-10-21T23:33:23Z', 'updatedAt': '2022-10-21T23:33:23Z'}}, 'canReply': True, 'totalReplyCount': 0, 'isPublic': True}",,UCYqKDOXnLt9VRKBBhnHF-lw,2022-10-21T23:33:23Z,Bolsonaro é o melhor para o Brasil,QURTSl9pMjRtcWtWOURtNmxjRmhoYnJPVkV2RVlKLXlnc2NmMWpPN1hQVXNYSVREMU9tcEZNSDByazN0aTBINW92TFdkX0VWX2dURjNkaTMxT2JlTTNGeUpuUDcxT1RHNUE=,2023-06-08 12:23:52.841627
youtube#commentThread,gbfV-FCq3K2EN5vX_psi4ssvHmM,Ugw8iIxa-L-4ZqzIBtN4AaABAg,"{'videoId': 'ZBaqttk_mG8', 'topLevelComment': {'kind': 'youtube#comment', 'etag': 'Is21gpsUs7kltYMowNNRzPY5IYg', 'id': 'Ugw8iIxa-L-4ZqzIBtN4AaABAg', 'snippet': {'videoId': 'ZBaqttk_mG8', 'textDisplay': 'Senhor Jesus Cristo, guarda o nosso presidente e seus ministros,', 'textOriginal': 'Senhor Jesus Cristo, guarda o nosso presidente e seus ministros,', 'authorDisplayName': 'Lailton Jonas', 'authorProfileImageUrl': 'https://yt3.ggpht.com/ytc/AGIKgqMpmiLunk6mW02FSJRRk86KQbLsviPIYxXPsQ=s48-c-k-c0x00ffffff-no-rj', 'authorChannelUrl': 'http://www.youtube.com/channel/UCIyc8zhabKzVOPuN37uoNdg', 'authorChannelId': {'value': 'UCIyc8zhabKzVOPuN37uoNdg'}, 'canRate': True, 'viewerRating': 'none', 'likeCount': 8, 'publishedAt': '2022-10-21T23:33:05Z', 'updatedAt': '2022-10-21T23:33:05Z'}}, 'canReply': True, 'totalReplyCount': 0, 'isPublic': True}",,UCIyc8zhabKzVOPuN37uoNdg,2022-10-21T23:33:05Z,"Senhor Jesus Cristo, guarda o nosso presidente e seus ministros,",QURTSl9pMjRtcWtWOURtNmxjRmhoYnJPVkV2RVlKLXlnc2NmMWpPN1hQVXNYSVREMU9tcEZNSDByazN0aTBINW92TFdkX0VWX2dURjNkaTMxT2JlTTNGeUpuUDcxT1RHNUE=,2023-06-08 12:23:52.841627
youtube#commentThread,g7j0cfd00O2R5L4Ge11GxohJkbA,UgwAuZKTc4_9JyThwkB4AaABAg,"{'videoId': 'ZBaqttk_mG8', 'topLevelComment': {'kind': 'youtube#comment', 'etag': 'Gf6N4FIJymH6o05NSGJ_Q1sek_4', 'id': 'UgwAuZKTc4_9JyThwkB4AaABAg', 'snippet': {'videoId': 'ZBaqttk_mG8', 'textDisplay': 'A esquerda joga muito baixo...sem palavras pra expressar minha indignação', 'textOriginal': 'A esquerda joga muito baixo...sem palavras pra expressar minha indignação', 'authorDisplayName': 'Katia Santos', 'authorProfileImageUrl': 'https://yt3.ggpht.com/ytc/AGIKgqMBJ1ORKopij1pAmvi5i4oONqVbGyyLmgPigJ2hkXA=s48-c-k-c0x00ffffff-no-rj', 'authorChannelUrl': 'http://www.youtube.com/channel/UCtFMCk7-7X0GLrtSrrvVMbA', 'authorChannelId': {'value': 'UCtFMCk7-7X0GLrtSrrvVMbA'}, 'canRate': True, 'viewerRating': 'none', 'likeCount': 2, 'publishedAt': '2022-10-21T23:32:04Z', 'updatedAt': '2022-10-21T23:32:04Z'}}, 'canReply': True, 'totalReplyCount': 0, 'isPublic': True}",,UCtFMCk7-7X0GLrtSrrvVMbA,2022-10-21T23:32:04Z,A esquerda joga muito baixo...sem palavras pra expressar minha indignação,QURTSl9pMjRtcWtWOURtNmxjRmhoYnJPVkV2RVlKLXlnc2NmMWpPN1hQVXNYSVREMU9tcEZNSDByazN0aTBINW92TFdkX0VWX2dURjNkaTMxT2JlTTNGeUpuUDcxT1RHNUE=,2023-06-08 12:23:52.841627
youtube#commentThread,9o7k5YSi0-EQlLZmqwKeu4LtjHw,UgzOsLKFBZkjSppIwld4AaABAg,"{'videoId': 'ZBaqttk_mG8', 'topLevelComment': {'kind': 'youtube#comment', 'etag': 'mTsPxEQWmKYIVwb4Pa59Bo2yJDE', 'id': 'UgzOsLKFBZkjSppIwld4AaABAg', 'snippet': {'videoId': 'ZBaqttk_mG8', 'textDisplay': 'Jánones sua hora vai chegar.', 'textOriginal': 'Jánones sua hora vai chegar.', 'authorDisplayName': 'Cesar Oliveira', 'authorProfileImageUrl': 'https://yt3.ggpht.com/ytc/AGIKgqP_Yari3oqLPZRUjEtvzcgMsHSVg7ro5qIF8tEldbspl2Jtn35NC0bDlXATMuRV=s48-c-k-c0x00ffffff-no-rj', 'authorChannelUrl': 'http://www.youtube.com/channel/UCOm3I2MA8jEkh1oBfK3NOSA', 'authorChannelId': {'value': 'UCOm3I2MA8jEkh1oBfK3NOSA'}, 'canRate': True, 'viewerRating': 'none', 'likeCount': 0, 'publishedAt': '2022-10-21T23:31:51Z', 'updatedAt': '2022-10-21T23:31:51Z'}}, 'canReply': True, 'totalReplyCount': 0, 'isPublic': True}",,UCOm3I2MA8jEkh1oBfK3NOSA,2022-10-21T23:31:51Z,Jánones sua hora vai chegar.,QURTSl9pMjRtcWtWOURtNmxjRmhoYnJPVkV2RVlKLXlnc2NmMWpPN1hQVXNYSVREMU9tcEZNSDByazN0aTBINW92TFdkX0VWX2dURjNkaTMxT2JlTTNGeUpuUDcxT1RHNUE=,2023-06-08 12:23:52.841627
youtube#commentThread,_0nExjN1jbOmD4HDwcPk2bOef1I,UgzYZbtC_N06qdgXyiV4AaABAg,"{'videoId': 'ZBaqttk_mG8', 'topLevelComment': {'kind': 'youtube#comment', 'etag': 'mYU0tUaGpU9isj_FAJr4PhO3txY', 'id': 'UgzYZbtC_N06qdgXyiV4AaABAg', 'snippet': {'videoId': 'ZBaqttk_mG8', 'textDisplay': 'JA ESTAMOS  SEM NOSSA LIVRE EXPRESSÃO', 'textOriginal': 'JA ESTAMOS  SEM NOSSA LIVRE EXPRESSÃO', 'authorDisplayName': 'Mary Oliveira', 'authorProfileImageUrl': 'https://yt3.ggpht.com/ytc/AGIKgqNsRycjQJuI-AlzuZ_7XfXeCi_4dcM-3W1GdYMkE-LqoC2U27ho0zZZ-7hrir56=s48-c-k-c0x00ffffff-no-rj', 'authorChannelUrl': 'http://www.youtube.com/channel/UCi215aM0uxolU-X5FGIsoqQ', 'authorChannelId': {'value': 'UCi215aM0uxolU-X5FGIsoqQ'}, 'canRate': True, 'viewerRating': 'none', 'likeCount': 3, 'publishedAt': '2022-10-21T23:31:39Z', 'updatedAt': '2022-10-21T23:31:39Z'}}, 'canReply': True, 'totalReplyCount': 1, 'isPublic': True}","{'comments': [{'kind': 'youtube#comment', 'etag': '6El3f49Bq9nD2828STEJDw1Zlzc', 'id': 'UgzYZbtC_N06qdgXyiV4AaABAg.9hT8Wmr9NkY9hTraJO1-MK', 'snippet': {'videoId': 'ZBaqttk_mG8', 'textDisplay': 'Não perca a fé. Não se deixe abater pelo visível. Andamos pelo que cremos . DEUS no controle.', 'textOriginal': 'Não perca a fé. Não se deixe abater pelo visível. Andamos pelo que cremos . DEUS no controle.', 'parentId': 'UgzYZbtC_N06qdgXyiV4AaABAg', 'authorDisplayName': 'Edileusa Barbosa', 'authorProfileImageUrl': 'https://yt3.ggpht.com/ytc/AGIKgqN2pAs7XpPHIO9MIGg0vjoyDTsB-soGVjoh7w=s48-c-k-c0x00ffffff-no-rj', 'authorChannelUrl': 'http://www.youtube.com/channel/UCbgMHlCmYZqLnx7TYto0dTg', 'authorChannelId': {'value': 'UCbgMHlCmYZqLnx7TYto0dTg'}, 'canRate': True, 'viewerRating': 'none', 'likeCount': 0, 'publishedAt': '2022-10-22T06:14:13Z', 'updatedAt': '2022-10-22T06:14:13Z'}}]}",UCi215aM0uxolU-X5FGIsoqQ,2022-10-21T23:31:39Z,JA ESTAMOS  SEM NOSSA LIVRE EXPRESSÃO,QURTSl9pMjRtcWtWOURtNmxjRmhoYnJPVkV2RVlKLXlnc2NmMWpPN1hQVXNYSVREMU9tcEZNSDByazN0aTBINW92TFdkX0VWX2dURjNkaTMxT2JlTTNGeUpuUDcxT1RHNUE=,2023-06-08 12:23:52.841627
youtube#commentThread,ZtKOoZZN-g5ZxMi1P4ASRS7q_OE,UgwGaBJq0WUwn_FzkwZ4AaABAg,"{'videoId': 'ZBaqttk_mG8', 'topLevelComment': {'kind': 'youtube#comment', 'etag': '8XhNvBB2OovFCmE5OPbR50VQEMI', 'id': 'UgwGaBJq0WUwn_FzkwZ4AaABAg', 'snippet': {'videoId': 'ZBaqttk_mG8', 'textDisplay': 'Vamos atrás da reversão de votos dos Isentões e indecisos, em prol do Presidente Bolsonaro.  Pela nossa Liberdade!!', 'textOriginal': 'Vamos atrás da reversão de votos dos Isentões e indecisos, em prol do Presidente Bolsonaro.  Pela nossa Liberdade!!', 'authorDisplayName': 'Maristela Santos', 'authorProfileImageUrl': 'https://yt3.ggpht.com/ytc/AGIKgqNCUCTLQBt2EYxORy2eDGTqnRgF_Y1_IMq0dQ=s48-c-k-c0x00ffffff-no-rj', 'authorChannelUrl': 'http://www.youtube.com/channel/UCPySFpAbwI0sFTunBfS75dg', 'authorChannelId': {'value': 'UCPySFpAbwI0sFTunBfS75dg'}, 'canRate': True, 'viewerRating': 'none', 'likeCount': 16, 'publishedAt': '2022-10-21T23:31:31Z', 'updatedAt': '2022-10-21T23:31:31Z'}}, 'canReply': True, 'totalReplyCount': 0, 'isPublic': True}",,UCPySFpAbwI0sFTunBfS75dg,2022-10-21T23:31:31Z,"Vamos atrás da reversão de votos dos Isentões e indecisos, em prol do Presidente Bolsonaro.  Pela nossa Liberdade!!",QURTSl9pMjRtcWtWOURtNmxjRmhoYnJPVkV2RVlKLXlnc2NmMWpPN1hQVXNYSVREMU9tcEZNSDByazN0aTBINW92TFdkX0VWX2dURjNkaTMxT2JlTTNGeUpuUDcxT1RHNUE=,2023-06-08 12:23:52.841627
youtube#commentThread,KjcBIauzNZy4H0NvxrUEgbwodRk,UgwoF4gFhoIRJg5muo94AaABAg,"{'videoId': 'ZBaqttk_mG8', 'topLevelComment': {'kind': 'youtube#comment', 'etag': '8Liespi6sek1F-aC7z3DlvMI_-I', 'id': 'UgwoF4gFhoIRJg5muo94AaABAg', 'snippet': {'videoId': 'ZBaqttk_mG8', 'textDisplay': 'E O CARA Q DEU A FACADA NO PRESIDENTE, VAI SER OUVIDO DE NOVO PELA PF .SERA Q ELES ACHARAM ALGO ERRADO???', 'textOriginal': 'E O CARA Q DEU A FACADA NO PRESIDENTE, VAI SER OUVIDO DE NOVO PELA PF .SERA Q ELES ACHARAM ALGO ERRADO???', 'authorDisplayName': 'Lucileide Correia', 'authorProfileImageUrl': 'https://yt3.ggpht.com/ytc/AGIKgqPb8WXPN_9qtSr_aU-3bakGHnXx3dpswv1HQ-8_6Q=s48-c-k-c0x00ffffff-no-rj', 'authorChannelUrl': 'http://www.youtube.com/channel/UCxecl_v3nqKKVy1tIP8TYAQ', 'authorChannelId': {'value': 'UCxecl_v3nqKKVy1tIP8TYAQ'}, 'canRate': True, 'viewerRating': 'none', 'likeCount': 3, 'publishedAt': '2022-10-21T23:31:14Z', 'updatedAt': '2022-10-21T23:31:14Z'}}, 'canReply': True, 'totalReplyCount': 0, 'isPublic': True}",,UCxecl_v3nqKKVy1tIP8TYAQ,2022-10-21T23:31:14Z,"E O CARA Q DEU A FACADA NO PRESIDENTE, VAI SER OUVIDO DE NOVO PELA PF .SERA Q ELES ACHARAM ALGO ERRADO???",QURTSl9pMjRtcWtWOURtNmxjRmhoYnJPVkV2RVlKLXlnc2NmMWpPN1hQVXNYSVREMU9tcEZNSDByazN0aTBINW92TFdkX0VWX2dURjNkaTMxT2JlTTNGeUpuUDcxT1RHNUE=,2023-06-08 12:23:52.841627
youtube#commentThread,0_GOGw7K7dR-s9WVM-m9geFZ8ng,Ugzd2D27rGJIDbqzZYJ4AaABAg,"{'videoId': 'ZBaqttk_mG8', 'topLevelComment': {'kind': 'youtube#comment', 'etag': 'B4kmk5kGosUyxC5iZBnArCTjWUo', 'id': 'Ugzd2D27rGJIDbqzZYJ4AaABAg', 'snippet': {'videoId': 'ZBaqttk_mG8', 'textDisplay': 'A ESQUERDALHA,  QUE  JÁ ESTAVA PERDIDA, AGORA ESTÁ TOTALMENTE SEM RUMO!<br>COM A POSSÍVEL REELEIÇÃO DO PRESIDENTE BOLSONARO,  O DESESPERO DE ESPÍRITO   E EVIDENTE!@', 'textOriginal': 'A ESQUERDALHA,  QUE  JÁ ESTAVA PERDIDA, AGORA ESTÁ TOTALMENTE SEM RUMO!\\nCOM A POSSÍVEL REELEIÇÃO DO PRESIDENTE BOLSONARO,  O DESESPERO DE ESPÍRITO   E EVIDENTE!@', 'authorDisplayName': 'EVALDO GOMES CORDEIRO', 'authorProfileImageUrl': 'https://yt3.ggpht.com/ytc/AGIKgqPOQrATY30ecYLaKRHj7RPv3Q7SaTdZhu0MXg=s48-c-k-c0x00ffffff-no-rj', 'authorChannelUrl': 'http://www.youtube.com/channel/UC19Qv51J6ZSMEEsZwH1uv9A', 'authorChannelId': {'value': 'UC19Qv51J6ZSMEEsZwH1uv9A'}, 'canRate': True, 'viewerRating': 'none', 'likeCount': 2, 'publishedAt': '2022-10-21T23:31:02Z', 'updatedAt': '2022-10-21T23:31:02Z'}}, 'canReply': True, 'totalReplyCount': 0, 'isPublic': True}",,UC19Qv51J6ZSMEEsZwH1uv9A,2022-10-21T23:31:02Z,"A ESQUERDALHA,  QUE  JÁ ESTAVA PERDIDA, AGORA ESTÁ TOTALMENTE SEM RUMO!
COM A POSSÍVEL REELEIÇÃO DO PRESIDENTE BOLSONARO,  O DESESPERO DE ESPÍRITO   E EVIDENTE!@",QURTSl9pMjRtcWtWOURtNmxjRmhoYnJPVkV2RVlKLXlnc2NmMWpPN1hQVXNYSVREMU9tcEZNSDByazN0aTBINW92TFdkX0VWX2dURjNkaTMxT2JlTTNGeUpuUDcxT1RHNUE=,2023-06-08 12:23:52.841627
youtube#commentThread,U09dFKKCb5b5xdLri_0r9v5I8xY,Ugy3Om7aYMhmXazsedB4AaABAg,"{'videoId': 'ZBaqttk_mG8', 'topLevelComment': {'kind': 'youtube#comment', 'etag': '1_SSneAMhkH48z93C6C0Konp0K4', 'id': 'Ugy3Om7aYMhmXazsedB4AaABAg', 'snippet': {'videoId': 'ZBaqttk_mG8', 'textDisplay': 'Não  tem macho nesse país?  Vamos passar a vida toda comendo abaixado perante a esse Janones?  Um vagabundo  de carteirinha.', 'textOriginal': 'Não  tem macho nesse país?  Vamos passar a vida toda comendo abaixado perante a esse Janones?  Um vagabundo  de carteirinha.', 'authorDisplayName': 'Jorge Lucio', 'authorProfileImageUrl': 'https://yt3.ggpht.com/ytc/AGIKgqOnW0XU9aw2FDjaoJMUBbYKiYYAWnJS59bbVw=s48-c-k-c0x00ffffff-no-rj', 'authorChannelUrl': 'http://www.youtube.com/channel/UC73gadYglga2rppM6pas92w', 'authorChannelId': {'value': 'UC73gadYglga2rppM6pas92w'}, 'canRate': True, 'viewerRating': 'none', 'likeCount': 0, 'publishedAt': '2022-10-21T23:30:51Z', 'updatedAt': '2022-10-21T23:30:51Z'}}, 'canReply': True, 'totalReplyCount': 0, 'isPublic': True}",,UC73gadYglga2rppM6pas92w,2022-10-21T23:30:51Z,Não  tem macho nesse país?  Vamos passar a vida toda comendo abaixado perante a esse Janones?  Um vagabundo  de carteirinha.,QURTSl9pMjRtcWtWOURtNmxjRmhoYnJPVkV2RVlKLXlnc2NmMWpPN1hQVXNYSVREMU9tcEZNSDByazN0aTBINW92TFdkX0VWX2dURjNkaTMxT2JlTTNGeUpuUDcxT1RHNUE=,2023-06-08 12:23:52.841627
youtube#commentThread,B8LXXd3uyfJ80-VTknkc1uhNGe4,UgzPJfevtJ_mUsjoEi94AaABAg,"{'videoId': 'ZBaqttk_mG8', 'topLevelComment': {'kind': 'youtube#comment', 'etag': 'LvGV_PUkejnGRcmDjtnGOvSawS8', 'id': 'UgzPJfevtJ_mUsjoEi94AaABAg', 'snippet': {'videoId': 'ZBaqttk_mG8', 'textDisplay': 'Concordo com o Sr. Modest Carvalhosa. Sempre falei isso, querem plantar o ódio em nossos corações. Somos pessoas de bem e cremos em Deus Todo Poderoso. Contra Este, eles não terão poder nenhum.', 'textOriginal': 'Concordo com o Sr. Modest Carvalhosa. Sempre falei isso, querem plantar o ódio em nossos corações. Somos pessoas de bem e cremos em Deus Todo Poderoso. Contra Este, eles não terão poder nenhum.', 'authorDisplayName': 'Maria de Fátima Pereira Leite', 'authorProfileImageUrl': 'https://yt3.ggpht.com/ytc/AGIKgqMqVRgUvRoSyR0t3PklekfqjGMgugUqkrrzyw=s48-c-k-c0x00ffffff-no-rj', 'authorChannelUrl': 'http://www.youtube.com/channel/UCSbRwQDpOq4B95DXB7M62yQ', 'authorChannelId': {'value': 'UCSbRwQDpOq4B95DXB7M62yQ'}, 'canRate': True, 'viewerRating': 'none', 'likeCount': 5, 'publishedAt': '2022-10-21T23:30:50Z', 'updatedAt': '2022-10-21T23:30:50Z'}}, 'canReply': True, 'totalReplyCount': 1, 'isPublic': True}","{'comments': [{'kind': 'youtube#comment', 'etag': 'gekJYMfBJUzhZLFghCQ7JH8b1pQ', 'id': 'UgzPJfevtJ_mUsjoEi94AaABAg.9hT8QmODco99hTrGYkg5l-', 'snippet': {'videoId': 'ZBaqttk_mG8', 'textDisplay': 'Amém amém amém amém amém amém amém amém amém amém amém amém amém 🙏', 'textOriginal': 'Amém amém amém amém amém amém amém amém amém amém amém amém amém 🙏', 'parentId': 'UgzPJfevtJ_mUsjoEi94AaABAg', 'authorDisplayName': 'Edileusa Barbosa', 'authorProfileImageUrl': 'https://yt3.ggpht.com/ytc/AGIKgqN2pAs7XpPHIO9MIGg0vjoyDTsB-soGVjoh7w=s48-c-k-c0x00ffffff-no-rj', 'authorChannelUrl': 'http://www.youtube.com/channel/UCbgMHlCmYZqLnx7TYto0dTg', 'authorChannelId': {'value': 'UCbgMHlCmYZqLnx7TYto0dTg'}, 'canRate': True, 'viewerRating': 'none', 'likeCount': 0, 'publishedAt': '2022-10-22T06:11:23Z', 'updatedAt': '2022-10-22T06:11:23Z'}}]}",UCSbRwQDpOq4B95DXB7M62yQ,2022-10-21T23:30:50Z,"Concordo com o Sr. Modest Carvalhosa. Sempre falei isso, querem plantar o ódio em nossos corações. Somos pessoas de bem e cremos em Deus Todo Poderoso. Contra Este, eles não terão poder nenhum.",QURTSl9pMjRtcWtWOURtNmxjRmhoYnJPVkV2RVlKLXlnc2NmMWpPN1hQVXNYSVREMU9tcEZNSDByazN0aTBINW92TFdkX0VWX2dURjNkaTMxT2JlTTNGeUpuUDcxT1RHNUE=,2023-06-08 12:23:52.841627
youtube#commentThread,fvBSPueOygs3qc1411yit1Y-of0,UgzqopmFHdSTXk11RlZ4AaABAg,"{'videoId': 'ZBaqttk_mG8', 'topLevelComment': {'kind': 'youtube#comment', 'etag': 'F2rSB13gA4xsdblCyc6Eudxq4dQ', 'id': 'UgzqopmFHdSTXk11RlZ4AaABAg', 'snippet': {'videoId': 'ZBaqttk_mG8', 'textDisplay': 'Paulo Guedes, o povo sabe que a esquerda e corruptas.  Bolsonaro vence.', 'textOriginal': 'Paulo Guedes, o povo sabe que a esquerda e corruptas.  Bolsonaro vence.', 'authorDisplayName': 'Maria Luiza Dias Ferreira', 'authorProfileImageUrl': 'https://yt3.ggpht.com/ytc/AGIKgqM0uZZwCKyb9g85wjaCxAHf1EzyLGX7_QZE3A=s48-c-k-c0x00ffffff-no-rj', 'authorChannelUrl': 'http://www.youtube.com/channel/UCJAy6pN3RV0NCnjecHQH3ug', 'authorChannelId': {'value': 'UCJAy6pN3RV0NCnjecHQH3ug'}, 'canRate': True, 'viewerRating': 'none', 'likeCount': 0, 'publishedAt': '2022-10-21T23:30:39Z', 'updatedAt': '2022-10-21T23:30:39Z'}}, 'canReply': True, 'totalReplyCount': 0, 'isPublic': True}",,UCJAy6pN3RV0NCnjecHQH3ug,2022-10-21T23:30:39Z,"Paulo Guedes, o povo sabe que a esquerda e corruptas.  Bolsonaro vence.",QURTSl9pMjRtcWtWOURtNmxjRmhoYnJPVkV2RVlKLXlnc2NmMWpPN1hQVXNYSVREMU9tcEZNSDByazN0aTBINW92TFdkX0VWX2dURjNkaTMxT2JlTTNGeUpuUDcxT1RHNUE=,2023-06-08 12:23:52.841627
youtube#commentThread,1JJPvkk7CEhiWxGwrCzh39M6dx0,UgxHyjrFnAPYinvOfLx4AaABAg,"{'videoId': 'ZBaqttk_mG8', 'topLevelComment': {'kind': 'youtube#comment', 'etag': '0_owQEzljbX3IAFmeFlLUqLp57A', 'id': 'UgxHyjrFnAPYinvOfLx4AaABAg', 'snippet': {'videoId': 'ZBaqttk_mG8', 'textDisplay': 'Fechados com Bolsonaro 🇧🇷🇧🇷🇧🇷🇧🇷', 'textOriginal': 'Fechados com Bolsonaro 🇧🇷🇧🇷🇧🇷🇧🇷', 'authorDisplayName': 'Jandira Castilho', 'authorProfileImageUrl': 'https://yt3.ggpht.com/ytc/AGIKgqM4vgY22dMWXnPqcnkyZ3t762_j8X-m1DIAdw=s48-c-k-c0x00ffffff-no-rj', 'authorChannelUrl': 'http://www.youtube.com/channel/UCX5a3W4DA3vpH_1d_O0YlHA', 'authorChannelId': {'value': 'UCX5a3W4DA3vpH_1d_O0YlHA'}, 'canRate': True, 'viewerRating': 'none', 'likeCount': 0, 'publishedAt': '2022-10-21T23:30:38Z', 'updatedAt': '2022-10-21T23:30:38Z'}}, 'canReply': True, 'totalReplyCount': 0, 'isPublic': True}",,UCX5a3W4DA3vpH_1d_O0YlHA,2022-10-21T23:30:38Z,Fechados com Bolsonaro 🇧🇷🇧🇷🇧🇷🇧🇷,QURTSl9pMjRtcWtWOURtNmxjRmhoYnJPVkV2RVlKLXlnc2NmMWpPN1hQVXNYSVREMU9tcEZNSDByazN0aTBINW92TFdkX0VWX2dURjNkaTMxT2JlTTNGeUpuUDcxT1RHNUE=,2023-06-08 12:23:52.841627
youtube#commentThread,pckuLNU4c75SPiGrjlRk9zlZVLo,Ugwbc64CPnVCteDNf9t4AaABAg,"{'videoId': 'ZBaqttk_mG8', 'topLevelComment': {'kind': 'youtube#comment', 'etag': 'F_ZXxJMPmtjUAgESyYVQ_R_3wbQ', 'id': 'Ugwbc64CPnVCteDNf9t4AaABAg', 'snippet': {'videoId': 'ZBaqttk_mG8', 'textDisplay': 'Tamos juntos presente bosonario presente 22 dia 30', 'textOriginal': 'Tamos juntos presente bosonario presente 22 dia 30', 'authorDisplayName': 'Fatima Araujo', 'authorProfileImageUrl': 'https://yt3.ggpht.com/ytc/AGIKgqO1jElaufFjhyZvRiGQVTOz3xOwD97s7sY_jxyrVVKxSvjXZ3xJ_ZShm1NosWHN=s48-c-k-c0x00ffffff-no-rj', 'authorChannelUrl': 'http://www.youtube.com/channel/UCYtJzODpKe1Qu6Y88rKephw', 'authorChannelId': {'value': 'UCYtJzODpKe1Qu6Y88rKephw'}, 'canRate': True, 'viewerRating': 'none', 'likeCount': 1, 'publishedAt': '2022-10-21T23:30:32Z', 'updatedAt': '2022-10-21T23:30:32Z'}}, 'canReply': True, 'totalReplyCount': 0, 'isPublic': True}",,UCYtJzODpKe1Qu6Y88rKephw,2022-10-21T23:30:32Z,Tamos juntos presente bosonario presente 22 dia 30,QURTSl9pMjRtcWtWOURtNmxjRmhoYnJPVkV2RVlKLXlnc2NmMWpPN1hQVXNYSVREMU9tcEZNSDByazN0aTBINW92TFdkX0VWX2dURjNkaTMxT2JlTTNGeUpuUDcxT1RHNUE=,2023-06-08 12:23:52.841627
youtube#commentThread,H5kJatmRreYgVSBwipNOjsBNio8,Ugy9U4xTrOZVdWcstDp4AaABAg,"{'videoId': 'ZBaqttk_mG8', 'topLevelComment': {'kind': 'youtube#comment', 'etag': 'aFutN5DpaDXTpx0FXqzea1Yoe8A', 'id': 'Ugy9U4xTrOZVdWcstDp4AaABAg', 'snippet': {'videoId': 'ZBaqttk_mG8', 'textDisplay': 'Isso aí o stf e o Alexandre não vê isso aí pessoal e uma vergonhoso para os brasileiros eles pensam que vão colocar o Brasil contra os trabalhadores deste país vergonha pt e o Lula roubaram o Brasil fora já pragas do stf o janones e um baita esquerdista que apoiao o Lula ladrão', 'textOriginal': 'Isso aí o stf e o Alexandre não vê isso aí pessoal e uma vergonhoso para os brasileiros eles pensam que vão colocar o Brasil contra os trabalhadores deste país vergonha pt e o Lula roubaram o Brasil fora já pragas do stf o janones e um baita esquerdista que apoiao o Lula ladrão', 'authorDisplayName': 'Jó Cardoso Cardoso', 'authorProfileImageUrl': 'https://yt3.ggpht.com/ytc/AGIKgqM1EYRTMZN8RaQMZJrPjYzMHPqSvTnniagWUO6QAs4=s48-c-k-c0x00ffffff-no-rj', 'authorChannelUrl': 'http://www.youtube.com/channel/UCNKVC-8PlqusCxIC_FfwKjQ', 'authorChannelId': {'value': 'UCNKVC-8PlqusCxIC_FfwKjQ'}, 'canRate': True, 'viewerRating': 'none', 'likeCount': 0, 'publishedAt': '2022-10-21T23:30:26Z', 'updatedAt': '2022-10-21T23:30:26Z'}}, 'canReply': True, 'totalReplyCount': 0, 'isPublic': True}",,UCNKVC-8PlqusCxIC_FfwKjQ,2022-10-21T23:30:26Z,Isso aí o stf e o Alexandre não vê isso aí pessoal e uma vergonhoso para os brasileiros eles pensam que vão colocar o Brasil contra os trabalhadores deste país vergonha pt e o Lula roubaram o Brasil fora já pragas do stf o janones e um baita esquerdista que apoiao o Lula ladrão,QURTSl9pMjRtcWtWOURtNmxjRmhoYnJPVkV2RVlKLXlnc2NmMWpPN1hQVXNYSVREMU9tcEZNSDByazN0aTBINW92TFdkX0VWX2dURjNkaTMxT2JlTTNGeUpuUDcxT1RHNUE=,2023-06-08 12:23:52.841627
youtube#commentThread,3xRB07sQR-y79Fq5evKSgItqMhs,UgyHmasJfGWOU6seZjZ4AaABAg,"{'videoId': 'ZBaqttk_mG8', 'topLevelComment': {'kind': 'youtube#comment', 'etag': '76OUxzmWBrhvxRuOrHdWOnjyykA', 'id': 'UgyHmasJfGWOU6seZjZ4AaABAg', 'snippet': {'videoId': 'ZBaqttk_mG8', 'textDisplay': 'Precisamos de videos pequenos tic toc', 'textOriginal': 'Precisamos de videos pequenos tic toc', 'authorDisplayName': 'Corina Cortes', 'authorProfileImageUrl': 'https://yt3.ggpht.com/ytc/AGIKgqMuLdsneHDilxRWCBT8HbE6u446YtTxL8aDpA=s48-c-k-c0x00ffffff-no-rj', 'authorChannelUrl': 'http://www.youtube.com/channel/UCFV5Q4MtBqVz3R_4SnBmkyg', 'authorChannelId': {'value': 'UCFV5Q4MtBqVz3R_4SnBmkyg'}, 'canRate': True, 'viewerRating': 'none', 'likeCount': 1, 'publishedAt': '2022-10-21T23:29:48Z', 'updatedAt': '2022-10-21T23:29:48Z'}}, 'canReply': True, 'totalReplyCount': 0, 'isPublic': True}",,UCFV5Q4MtBqVz3R_4SnBmkyg,2022-10-21T23:29:48Z,Precisamos de videos pequenos tic toc,QURTSl9pMjRtcWtWOURtNmxjRmhoYnJPVkV2RVlKLXlnc2NmMWpPN1hQVXNYSVREMU9tcEZNSDByazN0aTBINW92TFdkX0VWX2dURjNkaTMxT2JlTTNGeUpuUDcxT1RHNUE=,2023-06-08 12:23:52.841627
youtube#commentThread,8P7BT8QDOuOXK2D1FadwTCDjQ78,UgzL7Hcrmr1D5IgRufl4AaABAg,"{'videoId': 'ZBaqttk_mG8', 'topLevelComment': {'kind': 'youtube#comment', 'etag': '7bMzPSR3nBZQQTH5oaOZaxrjyuo', 'id': 'UgzL7Hcrmr1D5IgRufl4AaABAg', 'snippet': {'videoId': 'ZBaqttk_mG8', 'textDisplay': 'Bolsonaro 2O22 Bolsonaro 22', 'textOriginal': 'Bolsonaro 2O22 Bolsonaro 22', 'authorDisplayName': 'Antônio Bazilio', 'authorProfileImageUrl': 'https://yt3.ggpht.com/ytc/AGIKgqMNVS3vye5qiV4HE63Xk4_779vB1dxnJwXGFg=s48-c-k-c0x00ffffff-no-rj', 'authorChannelUrl': 'http://www.youtube.com/channel/UCtC3xPwN1YZwucKYw9mFAcw', 'authorChannelId': {'value': 'UCtC3xPwN1YZwucKYw9mFAcw'}, 'canRate': True, 'viewerRating': 'none', 'likeCount': 0, 'publishedAt': '2022-10-21T23:29:37Z', 'updatedAt': '2022-10-21T23:29:37Z'}}, 'canReply': True, 'totalReplyCount': 0, 'isPublic': True}",,UCtC3xPwN1YZwucKYw9mFAcw,2022-10-21T23:29:37Z,Bolsonaro 2O22 Bolsonaro 22,QURTSl9pMjRtcWtWOURtNmxjRmhoYnJPVkV2RVlKLXlnc2NmMWpPN1hQVXNYSVREMU9tcEZNSDByazN0aTBINW92TFdkX0VWX2dURjNkaTMxT2JlTTNGeUpuUDcxT1RHNUE=,2023-06-08 12:23:52.841627
youtube#commentThread,zNxhgsvRwD_cxmeT4rTOd-Rr_Zo,UgwSbZMv7_PFR7uDo4l4AaABAg,"{'videoId': 'ZBaqttk_mG8', 'topLevelComment': {'kind': 'youtube#comment', 'etag': 'f-WJyy53BI1MxnAkvpyFL7A3vCE', 'id': 'UgwSbZMv7_PFR7uDo4l4AaABAg', 'snippet': {'videoId': 'ZBaqttk_mG8', 'textDisplay': 'Gente tse não pode censurar as ruas, com a censura imposta pelo tse para que podres do Lula não sejam divulgados, podem ter certeza absoluta que povo vai gritar ainda mais &quot;Lula ladrão seu lugar é na prisão&quot;', 'textOriginal': 'Gente tse não pode censurar as ruas, com a censura imposta pelo tse para que podres do Lula não sejam divulgados, podem ter certeza absoluta que povo vai gritar ainda mais ""Lula ladrão seu lugar é na prisão""', 'authorDisplayName': 'Marli Nogueira', 'authorProfileImageUrl': 'https://yt3.ggpht.com/ytc/AGIKgqN1VJwmb_eyOT1lWSFlkobsFvZoNL6FLX3LYP-PS1JyUxS8QnCP6qQguIJi02rK=s48-c-k-c0x00ffffff-no-rj', 'authorChannelUrl': 'http://www.youtube.com/channel/UCy8rj23ygshBj3PR3BfGHkg', 'authorChannelId': {'value': 'UCy8rj23ygshBj3PR3BfGHkg'}, 'canRate': True, 'viewerRating': 'none', 'likeCount': 0, 'publishedAt': '2022-10-21T23:29:29Z', 'updatedAt': '2022-10-21T23:29:29Z'}}, 'canReply': True, 'totalReplyCount': 0, 'isPublic': True}",,UCy8rj23ygshBj3PR3BfGHkg,2022-10-21T23:29:29Z,"Gente tse não pode censurar as ruas, com a censura imposta pelo tse para que podres do Lula não sejam divulgados, podem ter certeza absoluta que povo vai gritar ainda mais ""Lula ladrão seu lugar é na prisão""",QURTSl9pMjRtcWtWOURtNmxjRmhoYnJPVkV2RVlKLXlnc2NmMWpPN1hQVXNYSVREMU9tcEZNSDByazN0aTBINW92TFdkX0VWX2dURjNkaTMxT2JlTTNGeUpuUDcxT1RHNUE=,2023-06-08 12:23:52.841627
youtube#commentThread,ASxtjyHiSZRs3pC3EAHRNW_wORg,UgyZfzXp1nPF0w46A0B4AaABAg,"{'videoId': 'ZBaqttk_mG8', 'topLevelComment': {'kind': 'youtube#comment', 'etag': 'DMGMWYlJJDRp6ZJhXmlTZGnmXEk', 'id': 'UgyZfzXp1nPF0w46A0B4AaABAg', 'snippet': {'videoId': 'ZBaqttk_mG8', 'textDisplay': 'Bolsonaroreeleito 🇧🇷 🇧🇷 🇧🇷 🇧🇷', 'textOriginal': 'Bolsonaroreeleito 🇧🇷 🇧🇷 🇧🇷 🇧🇷', 'authorDisplayName': 'Dirce Maria Costa Artur', 'authorProfileImageUrl': 'https://yt3.ggpht.com/ytc/AGIKgqPTVdNQj4miMZNdtpW1Tza9q_QheW9_Rvh2nA=s48-c-k-c0x00ffffff-no-rj', 'authorChannelUrl': 'http://www.youtube.com/channel/UC3xPK4H65JC5e1ctuEQCwlw', 'authorChannelId': {'value': 'UC3xPK4H65JC5e1ctuEQCwlw'}, 'canRate': True, 'viewerRating': 'none', 'likeCount': 0, 'publishedAt': '2022-10-21T23:29:13Z', 'updatedAt': '2022-10-21T23:29:13Z'}}, 'canReply': True, 'totalReplyCount': 0, 'isPublic': True}",,UC3xPK4H65JC5e1ctuEQCwlw,2022-10-21T23:29:13Z,Bolsonaroreeleito 🇧🇷 🇧🇷 🇧🇷 🇧🇷,QURTSl9pMjRtcWtWOURtNmxjRmhoYnJPVkV2RVlKLXlnc2NmMWpPN1hQVXNYSVREMU9tcEZNSDByazN0aTBINW92TFdkX0VWX2dURjNkaTMxT2JlTTNGeUpuUDcxT1RHNUE=,2023-06-08 12:23:52.841627
youtube#commentThread,dEMOhrlJDo5qg9Ugj8v7kKgJNMg,Ugx02FmumN6YqiPhepN4AaABAg,"{'videoId': 'ZBaqttk_mG8', 'topLevelComment': {'kind': 'youtube#comment', 'etag': 'yUr3G7c023rWSgnF-SpvjA1i_m0', 'id': 'Ugx02FmumN6YqiPhepN4AaABAg', 'snippet': {'videoId': 'ZBaqttk_mG8', 'textDisplay': 'Boa noite presente Jair Bolsonaro 22', 'textOriginal': 'Boa noite presente Jair Bolsonaro 22', 'authorDisplayName': 'Fatima Araujo', 'authorProfileImageUrl': 'https://yt3.ggpht.com/ytc/AGIKgqO1jElaufFjhyZvRiGQVTOz3xOwD97s7sY_jxyrVVKxSvjXZ3xJ_ZShm1NosWHN=s48-c-k-c0x00ffffff-no-rj', 'authorChannelUrl': 'http://www.youtube.com/channel/UCYtJzODpKe1Qu6Y88rKephw', 'authorChannelId': {'value': 'UCYtJzODpKe1Qu6Y88rKephw'}, 'canRate': True, 'viewerRating': 'none', 'likeCount': 3, 'publishedAt': '2022-10-21T23:28:47Z', 'updatedAt': '2022-10-21T23:28:47Z'}}, 'canReply': True, 'totalReplyCount': 0, 'isPublic': True}",,UCYtJzODpKe1Qu6Y88rKephw,2022-10-21T23:28:47Z,Boa noite presente Jair Bolsonaro 22,QURTSl9pMjRtcWtWOURtNmxjRmhoYnJPVkV2RVlKLXlnc2NmMWpPN1hQVXNYSVREMU9tcEZNSDByazN0aTBINW92TFdkX0VWX2dURjNkaTMxT2JlTTNGeUpuUDcxT1RHNUE=,2023-06-08 12:23:52.841627
youtube#commentThread,eQDi4yIgfApZGXRu3CA9ffMW0cA,UgwKls70DcauP5emF-J4AaABAg,"{'videoId': 'ZBaqttk_mG8', 'topLevelComment': {'kind': 'youtube#comment', 'etag': 'RpOd7_NKNQShcflDDrZ1yvZyZbI', 'id': 'UgwKls70DcauP5emF-J4AaABAg', 'snippet': {'videoId': 'ZBaqttk_mG8', 'textDisplay': 'Bolsonaro nosso herói, estou contigo sempre.', 'textOriginal': 'Bolsonaro nosso herói, estou contigo sempre.', 'authorDisplayName': 'Maria Luiza Dias Ferreira', 'authorProfileImageUrl': 'https://yt3.ggpht.com/ytc/AGIKgqM0uZZwCKyb9g85wjaCxAHf1EzyLGX7_QZE3A=s48-c-k-c0x00ffffff-no-rj', 'authorChannelUrl': 'http://www.youtube.com/channel/UCJAy6pN3RV0NCnjecHQH3ug', 'authorChannelId': {'value': 'UCJAy6pN3RV0NCnjecHQH3ug'}, 'canRate': True, 'viewerRating': 'none', 'likeCount': 1, 'publishedAt': '2022-10-21T23:28:42Z', 'updatedAt': '2022-10-21T23:28:42Z'}}, 'canReply': True, 'totalReplyCount': 0, 'isPublic': True}",,UCJAy6pN3RV0NCnjecHQH3ug,2022-10-21T23:28:42Z,"Bolsonaro nosso herói, estou contigo sempre.",QURTSl9pMjRtcWtWOURtNmxjRmhoYnJPVkV2RVlKLXlnc2NmMWpPN1hQVXNYSVREMU9tcEZNSDByazN0aTBINW92TFdkX0VWX2dURjNkaTMxT2JlTTNGeUpuUDcxT1RHNUE=,2023-06-08 12:23:52.841627
youtube#commentThread,QjnnMJctbN5FYvThiaG7Vl35y2s,UgyzUlFXb13JiTj45Ol4AaABAg,"{'videoId': 'ZBaqttk_mG8', 'topLevelComment': {'kind': 'youtube#comment', 'etag': 'LZbETcUzKzobQ3fiJiAYGZknQX0', 'id': 'UgyzUlFXb13JiTj45Ol4AaABAg', 'snippet': {'videoId': 'ZBaqttk_mG8', 'textDisplay': 'Quem trabalha corretamente, sem desviar dinheiro para outros países,   as condições de fazer o quê os brasileiros precisam,  aparecem', 'textOriginal': 'Quem trabalha corretamente, sem desviar dinheiro para outros países,   as condições de fazer o quê os brasileiros precisam,  aparecem', 'authorDisplayName': 'Leide Maria Pimenta Fagundes', 'authorProfileImageUrl': 'https://yt3.ggpht.com/ytc/AGIKgqNzO6ohcFm-3wq9qonXcizlvf0IMgm1B5AljhGC=s48-c-k-c0x00ffffff-no-rj', 'authorChannelUrl': 'http://www.youtube.com/channel/UCkXqYJr3BMTYYXIx_8STHFQ', 'authorChannelId': {'value': 'UCkXqYJr3BMTYYXIx_8STHFQ'}, 'canRate': True, 'viewerRating': 'none', 'likeCount': 3, 'publishedAt': '2022-10-21T23:28:29Z', 'updatedAt': '2022-10-21T23:28:29Z'}}, 'canReply': True, 'totalReplyCount': 1, 'isPublic': True}","{'comments': [{'kind': 'youtube#comment', 'etag': 'nhS8VCMzcZWINIPsfK1CrpxathA', 'id': 'UgyzUlFXb13JiTj45Ol4AaABAg.9hT89eIqAUf9hTCBTqW_XU', 'snippet': {'videoId': 'ZBaqttk_mG8', 'textDisplay': 'Leide Maria é verdade, Bolsonaro com pandemia, com guerra com auxílio emergencial pra milhões de pessoas, antecipou o décimo terceiro dos aposentados e esse velho gagá desse ladrão cachaceiro querer falar merda? O velho não está nem dando conta de falar mais, que Deus nos livre, se for eleito quem vai governar é o Alexandre de Moraes pq tudo ele tem que tocar o bico.', 'textOriginal': 'Leide Maria é verdade, Bolsonaro com pandemia, com guerra com auxílio emergencial pra milhões de pessoas, antecipou o décimo terceiro dos aposentados e esse velho gagá desse ladrão cachaceiro querer falar merda? O velho não está nem dando conta de falar mais, que Deus nos livre, se for eleito quem vai governar é o Alexandre de Moraes pq tudo ele tem que tocar o bico.', 'parentId': 'UgyzUlFXb13JiTj45Ol4AaABAg', 'authorDisplayName': 'Neiva Maria de oliveira lopes', 'authorProfileImageUrl': 'https://yt3.ggpht.com/ytc/AGIKgqMy5iN3uKBZhMHu8AMKi-JKOC2fbqfL9hqyiw=s48-c-k-c0x00ffffff-no-rj', 'authorChannelUrl': 'http://www.youtube.com/channel/UCwK-F-qiwHedireggqmBDng', 'authorChannelId': {'value': 'UCwK-F-qiwHedireggqmBDng'}, 'canRate': True, 'viewerRating': 'none', 'likeCount': 1, 'publishedAt': '2022-10-22T00:03:41Z', 'updatedAt': '2022-10-22T00:03:41Z'}}]}",UCkXqYJr3BMTYYXIx_8STHFQ,2022-10-21T23:28:29Z,"Quem trabalha corretamente, sem desviar dinheiro para outros países,   as condições de fazer o quê os brasileiros precisam,  aparecem",QURTSl9pMjRtcWtWOURtNmxjRmhoYnJPVkV2RVlKLXlnc2NmMWpPN1hQVXNYSVREMU9tcEZNSDByazN0aTBINW92TFdkX0VWX2dURjNkaTMxT2JlTTNGeUpuUDcxT1RHNUE=,2023-06-08 12:23:52.841627
youtube#commentThread,PCGh9KMkWXpC1X0Huqw_DftG6Sc,Ugy1FNPzedB4dmozjK94AaABAg,"{'videoId': 'ZBaqttk_mG8', 'topLevelComment': {'kind': 'youtube#comment', 'etag': 'Wp4cQ4lcN13SalVPWvTJ8jlIXuI', 'id': 'Ugy1FNPzedB4dmozjK94AaABAg', 'snippet': {'videoId': 'ZBaqttk_mG8', 'textDisplay': 'O Supremo é tão parcial, que fingem não ver as inúmeras fakes que o PT tem impulsionado via o pau mandado do Janones.', 'textOriginal': 'O Supremo é tão parcial, que fingem não ver as inúmeras fakes que o PT tem impulsionado via o pau mandado do Janones.', 'authorDisplayName': 'Júlio César', 'authorProfileImageUrl': 'https://yt3.ggpht.com/1igCiGYlv6dFbK_j25cq009jBS79X1yK0y8giy4Kn4oYuaZdDb9aEkH7trhk3qPCm5GjH6c4=s48-c-k-c0x00ffffff-no-rj', 'authorChannelUrl': 'http://www.youtube.com/channel/UChRmYNwe8lomTMCWkBtptHg', 'authorChannelId': {'value': 'UChRmYNwe8lomTMCWkBtptHg'}, 'canRate': True, 'viewerRating': 'none', 'likeCount': 0, 'publishedAt': '2022-10-21T23:28:14Z', 'updatedAt': '2022-10-21T23:28:14Z'}}, 'canReply': True, 'totalReplyCount': 0, 'isPublic': True}",,UChRmYNwe8lomTMCWkBtptHg,2022-10-21T23:28:14Z,"O Supremo é tão parcial, que fingem não ver as inúmeras fakes que o PT tem impulsionado via o pau mandado do Janones.",QURTSl9pMjRtcWtWOURtNmxjRmhoYnJPVkV2RVlKLXlnc2NmMWpPN1hQVXNYSVREMU9tcEZNSDByazN0aTBINW92TFdkX0VWX2dURjNkaTMxT2JlTTNGeUpuUDcxT1RHNUE=,2023-06-08 12:23:52.841627
youtube#commentThread,XO9EPWR-mlWjf3B4pu5i0n1Q3b0,UgxjjekngzcXWdK41uh4AaABAg,"{'videoId': 'ZBaqttk_mG8', 'topLevelComment': {'kind': 'youtube#comment', 'etag': 'uxT_gIQCiCliI1RNpNBymYUFOzg', 'id': 'UgxjjekngzcXWdK41uh4AaABAg', 'snippet': {'videoId': 'ZBaqttk_mG8', 'textDisplay': 'Sim, esse Janones está gravando vídeos e tem compartilhado no grupos! Ele fala muito nervoso!', 'textOriginal': 'Sim, esse Janones está gravando vídeos e tem compartilhado no grupos! Ele fala muito nervoso!', 'authorDisplayName': 'Mari Silva', 'authorProfileImageUrl': 'https://yt3.ggpht.com/rpzv_Te99ew0y0ijluslRPQUQi-96Vd2P3cbdKSdy62mY_TtX9VohrOydjmESZ7fW6JDxghI=s48-c-k-c0x00ffffff-no-rj', 'authorChannelUrl': 'http://www.youtube.com/channel/UCOtdo-ebFIkF0dYe1ZiqMog', 'authorChannelId': {'value': 'UCOtdo-ebFIkF0dYe1ZiqMog'}, 'canRate': True, 'viewerRating': 'none', 'likeCount': 2, 'publishedAt': '2022-10-21T23:27:45Z', 'updatedAt': '2022-10-21T23:27:45Z'}}, 'canReply': True, 'totalReplyCount': 1, 'isPublic': True}","{'comments': [{'kind': 'youtube#comment', 'etag': 'jenP7Am3vJL9kvv54SWUSbf75b4', 'id': 'UgxjjekngzcXWdK41uh4AaABAg.9hT84GT6kxT9hWEuR18TQD', 'snippet': {'videoId': 'ZBaqttk_mG8', 'textDisplay': 'É o desespero de quem está perdendo', 'textOriginal': 'É o desespero de quem está perdendo', 'parentId': 'UgxjjekngzcXWdK41uh4AaABAg', 'authorDisplayName': 'jon jon', 'authorProfileImageUrl': 'https://yt3.ggpht.com/ytc/AGIKgqMwNkxCgEz91K7XK6Otjkj6N73E8WWxv9CBSXnMUg=s48-c-k-c0x00ffffff-no-rj', 'authorChannelUrl': 'http://www.youtube.com/channel/UCZCcQVYybkDBys_PNyEzasw', 'authorChannelId': {'value': 'UCZCcQVYybkDBys_PNyEzasw'}, 'canRate': True, 'viewerRating': 'none', 'likeCount': 0, 'publishedAt': '2022-10-23T04:25:10Z', 'updatedAt': '2022-10-23T04:25:10Z'}}]}",UCOtdo-ebFIkF0dYe1ZiqMog,2022-10-21T23:27:45Z,"Sim, esse Janones está gravando vídeos e tem compartilhado no grupos! Ele fala muito nervoso!",QURTSl9pMjRtcWtWOURtNmxjRmhoYnJPVkV2RVlKLXlnc2NmMWpPN1hQVXNYSVREMU9tcEZNSDByazN0aTBINW92TFdkX0VWX2dURjNkaTMxT2JlTTNGeUpuUDcxT1RHNUE=,2023-06-08 12:23:52.841627
youtube#commentThread,mq7ESJ5Z6WcbisEWjYG4ajXgmYM,UgxGzA-BlML0tUMbky94AaABAg,"{'videoId': 'ZBaqttk_mG8', 'topLevelComment': {'kind': 'youtube#comment', 'etag': 'j3x2zAIEaEFOkTigh4tUy-NuQ4c', 'id': 'UgxGzA-BlML0tUMbky94AaABAg', 'snippet': {'videoId': 'ZBaqttk_mG8', 'textDisplay': 'Os canalhas não sossegam!', 'textOriginal': 'Os canalhas não sossegam!', 'authorDisplayName': 'Sebas Tião', 'authorProfileImageUrl': 'https://yt3.ggpht.com/4fbyBxW74yJ47u6TzyNBmLT0icki4iIR6Bw0dNt_fLcAG43EaqiOlD76ysB3rx3oYtdHefh9Mw=s48-c-k-c0x00ffffff-no-rj', 'authorChannelUrl': 'http://www.youtube.com/channel/UCzzro4x8TGALSV3_XQTiw4w', 'authorChannelId': {'value': 'UCzzro4x8TGALSV3_XQTiw4w'}, 'canRate': True, 'viewerRating': 'none', 'likeCount': 4, 'publishedAt': '2022-10-21T23:27:36Z', 'updatedAt': '2022-10-21T23:27:36Z'}}, 'canReply': True, 'totalReplyCount': 0, 'isPublic': True}",,UCzzro4x8TGALSV3_XQTiw4w,2022-10-21T23:27:36Z,Os canalhas não sossegam!,QURTSl9pMjRtcWtWOURtNmxjRmhoYnJPVkV2RVlKLXlnc2NmMWpPN1hQVXNYSVREMU9tcEZNSDByazN0aTBINW92TFdkX0VWX2dURjNkaTMxT2JlTTNGeUpuUDcxT1RHNUE=,2023-06-08 12:23:52.841627
youtube#commentThread,7rXe6POwyzqYGJ5G_PXKy81Iabw,UgwK98w-E7EpQXXy1td4AaABAg,"{'videoId': 'ZBaqttk_mG8', 'topLevelComment': {'kind': 'youtube#comment', 'etag': 'PSumzrBkzP8H7Q2ACwhGYygScMw', 'id': 'UgwK98w-E7EpQXXy1td4AaABAg', 'snippet': {'videoId': 'ZBaqttk_mG8', 'textDisplay': 'Assistam vídeos da joven pan com entrevista da filha da ex presidente do Chile e de uma  política, foi hoje 21/10/2022 imperdível depoimento da realidade no Chile e outros países da América', 'textOriginal': 'Assistam vídeos da joven pan com entrevista da filha da ex presidente do Chile e de uma  política, foi hoje 21/10/2022 imperdível depoimento da realidade no Chile e outros países da América', 'authorDisplayName': 'Marli Nogueira', 'authorProfileImageUrl': 'https://yt3.ggpht.com/ytc/AGIKgqN1VJwmb_eyOT1lWSFlkobsFvZoNL6FLX3LYP-PS1JyUxS8QnCP6qQguIJi02rK=s48-c-k-c0x00ffffff-no-rj', 'authorChannelUrl': 'http://www.youtube.com/channel/UCy8rj23ygshBj3PR3BfGHkg', 'authorChannelId': {'value': 'UCy8rj23ygshBj3PR3BfGHkg'}, 'canRate': True, 'viewerRating': 'none', 'likeCount': 1, 'publishedAt': '2022-10-21T23:27:33Z', 'updatedAt': '2022-10-21T23:27:33Z'}}, 'canReply': True, 'totalReplyCount': 0, 'isPublic': True}",,UCy8rj23ygshBj3PR3BfGHkg,2022-10-21T23:27:33Z,"Assistam vídeos da joven pan com entrevista da filha da ex presidente do Chile e de uma  política, foi hoje 21/10/2022 imperdível depoimento da realidade no Chile e outros países da América",QURTSl9pMjRtcWtWOURtNmxjRmhoYnJPVkV2RVlKLXlnc2NmMWpPN1hQVXNYSVREMU9tcEZNSDByazN0aTBINW92TFdkX0VWX2dURjNkaTMxT2JlTTNGeUpuUDcxT1RHNUE=,2023-06-08 12:23:52.841627
youtube#commentThread,4oIatOMw0GN7SozIDYWm5mVOUSM,UgyEP3YE-Z9xpCdqZyB4AaABAg,"{'videoId': 'ZBaqttk_mG8', 'topLevelComment': {'kind': 'youtube#comment', 'etag': 'EZXTmsThHIo2aRJ1u1CHhXlhjAk', 'id': 'UgyEP3YE-Z9xpCdqZyB4AaABAg', 'snippet': {'videoId': 'ZBaqttk_mG8', 'textDisplay': 'Nosso presidente é o melhor de todos e vai vencer de novo se Deus quiser 🙏🙏🙏   Dia 30 é 22 Jair Messias Bolsonaro! Somos todos Bolsonarooooo!!!', 'textOriginal': 'Nosso presidente é o melhor de todos e vai vencer de novo se Deus quiser 🙏🙏🙏   Dia 30 é 22 Jair Messias Bolsonaro! Somos todos Bolsonarooooo!!!', 'authorDisplayName': 'Gilvanete Medeiros dos Santos', 'authorProfileImageUrl': 'https://yt3.ggpht.com/ytc/AGIKgqMQ9if2PWAJFyTiUnP89dFHEtpPerE62J0Shw=s48-c-k-c0x00ffffff-no-rj', 'authorChannelUrl': 'http://www.youtube.com/channel/UCqUd06hpRkzgiYW3QJExKgw', 'authorChannelId': {'value': 'UCqUd06hpRkzgiYW3QJExKgw'}, 'canRate': True, 'viewerRating': 'none', 'likeCount': 6, 'publishedAt': '2022-10-21T23:27:18Z', 'updatedAt': '2022-10-21T23:27:18Z'}}, 'canReply': True, 'totalReplyCount': 0, 'isPublic': True}",,UCqUd06hpRkzgiYW3QJExKgw,2022-10-21T23:27:18Z,Nosso presidente é o melhor de todos e vai vencer de novo se Deus quiser 🙏🙏🙏   Dia 30 é 22 Jair Messias Bolsonaro! Somos todos Bolsonarooooo!!!,QURTSl9pMjRtcWtWOURtNmxjRmhoYnJPVkV2RVlKLXlnc2NmMWpPN1hQVXNYSVREMU9tcEZNSDByazN0aTBINW92TFdkX0VWX2dURjNkaTMxT2JlTTNGeUpuUDcxT1RHNUE=,2023-06-08 12:23:52.841627
youtube#commentThread,ELQYlI15CZReOgLdA4Ilo-ohA9A,Ugxnw8WsyGcCty_q5BF4AaABAg,"{'videoId': 'ZBaqttk_mG8', 'topLevelComment': {'kind': 'youtube#comment', 'etag': 'KBrtogTNafEpgwHrzE4Fosp_AMU', 'id': 'Ugxnw8WsyGcCty_q5BF4AaABAg', 'snippet': {'videoId': 'ZBaqttk_mG8', 'textDisplay': 'Estão fazendo de tudo para que haja intervenção.   Mas não vão conseguir. Vamos virar essa página elegendo Bolsonaro. Não adianta toda essa pressão.  Vamos  em frente que com nossa Constituição teremos como superar esses obstáculos.', 'textOriginal': 'Estão fazendo de tudo para que haja intervenção.   Mas não vão conseguir. Vamos virar essa página elegendo Bolsonaro. Não adianta toda essa pressão.  Vamos  em frente que com nossa Constituição teremos como superar esses obstáculos.', 'authorDisplayName': 'Tea CB', 'authorProfileImageUrl': 'https://yt3.ggpht.com/ytc/AGIKgqMHtviizJBuje2UMFr62nGF2T21IqaICFaM8guWeX4=s48-c-k-c0x00ffffff-no-rj', 'authorChannelUrl': 'http://www.youtube.com/channel/UCL-w-trn2kqLjNQT8KbMRtA', 'authorChannelId': {'value': 'UCL-w-trn2kqLjNQT8KbMRtA'}, 'canRate': True, 'viewerRating': 'none', 'likeCount': 0, 'publishedAt': '2022-10-21T23:26:51Z', 'updatedAt': '2022-10-21T23:26:51Z'}}, 'canReply': True, 'totalReplyCount': 0, 'isPublic': True}",,UCL-w-trn2kqLjNQT8KbMRtA,2022-10-21T23:26:51Z,Estão fazendo de tudo para que haja intervenção.   Mas não vão conseguir. Vamos virar essa página elegendo Bolsonaro. Não adianta toda essa pressão.  Vamos  em frente que com nossa Constituição teremos como superar esses obstáculos.,,2023-06-08 12:23:53.628919
youtube#commentThread,PKBjYknTst7pShuMv7K6AL-_Zjc,UgxbisKky4UsawcQ8Ll4AaABAg,"{'videoId': 'ZBaqttk_mG8', 'topLevelComment': {'kind': 'youtube#comment', 'etag': 'VPK2kXBCA4zZPzcepB-4D-sREuE', 'id': 'UgxbisKky4UsawcQ8Ll4AaABAg', 'snippet': {'videoId': 'ZBaqttk_mG8', 'textDisplay': 'Em nome de Jesus Cristo bolsonario será reeleito', 'textOriginal': 'Em nome de Jesus Cristo bolsonario será reeleito', 'authorDisplayName': 'Claudia Claudia', 'authorProfileImageUrl': 'https://yt3.ggpht.com/ytc/AGIKgqMYGUW82llW77WmaM_3e898tmUh9r8s-SpBdQ=s48-c-k-c0x00ffffff-no-rj', 'authorChannelUrl': 'http://www.youtube.com/channel/UC1KCdE0Y-z_7j9lXb1WoxjA', 'authorChannelId': {'value': 'UC1KCdE0Y-z_7j9lXb1WoxjA'}, 'canRate': True, 'viewerRating': 'none', 'likeCount': 1, 'publishedAt': '2022-10-21T23:26:48Z', 'updatedAt': '2022-10-21T23:26:48Z'}}, 'canReply': True, 'totalReplyCount': 0, 'isPublic': True}",,UC1KCdE0Y-z_7j9lXb1WoxjA,2022-10-21T23:26:48Z,Em nome de Jesus Cristo bolsonario será reeleito,,2023-06-08 12:23:53.628919
youtube#commentThread,bf04csKk3hQZzWIo54S1G8MLrs8,UgxIMxt6hnXvcAbjSNl4AaABAg,"{'videoId': 'ZBaqttk_mG8', 'topLevelComment': {'kind': 'youtube#comment', 'etag': 'm6jAwHRQXYyhdxqThsmB7WiaORs', 'id': 'UgxIMxt6hnXvcAbjSNl4AaABAg', 'snippet': {'videoId': 'ZBaqttk_mG8', 'textDisplay': 'Simples ❗...:<br>🇧🇷 JAIR MESIAS BOLSONARO 🇧🇷 PAULO GUEDES 🇧🇷<br>TAOKEI 👍🏻...😄🇧🇷<br>Belém Pa 👍🏻🇧🇷', 'textOriginal': 'Simples ❗...:\\n🇧🇷 JAIR MESIAS BOLSONARO 🇧🇷 PAULO GUEDES 🇧🇷\\nTAOKEI 👍🏻...😄🇧🇷\\nBelém Pa 👍🏻🇧🇷', 'authorDisplayName': 'Jurandir Rodrigues', 'authorProfileImageUrl': 'https://yt3.ggpht.com/ytc/AGIKgqMa0FyShA3k__i5GwHz8-vMiVk-mtKWXImOhccvNlY=s48-c-k-c0x00ffffff-no-rj', 'authorChannelUrl': 'http://www.youtube.com/channel/UCwMzIF9p-2eOEOC5QMhstxg', 'authorChannelId': {'value': 'UCwMzIF9p-2eOEOC5QMhstxg'}, 'canRate': True, 'viewerRating': 'none', 'likeCount': 3, 'publishedAt': '2022-10-21T23:26:03Z', 'updatedAt': '2022-10-21T23:26:03Z'}}, 'canReply': True, 'totalReplyCount': 0, 'isPublic': True}",,UCwMzIF9p-2eOEOC5QMhstxg,2022-10-21T23:26:03Z,"Simples ❗...:
🇧🇷 JAIR MESIAS BOLSONARO 🇧🇷 PAULO GUEDES 🇧🇷
TAOKEI 👍🏻...😄🇧🇷
Belém Pa 👍🏻🇧🇷",,2023-06-08 12:23:53.628919
youtube#commentThread,KsCS-NZeireJgogCi0A1Ef7Wzxc,Ugx4921_DeNFUiGuy5B4AaABAg,"{'videoId': 'ZBaqttk_mG8', 'topLevelComment': {'kind': 'youtube#comment', 'etag': 'Q-gKBtypJrYcZLwLgPgmNGmLMmg', 'id': 'Ugx4921_DeNFUiGuy5B4AaABAg', 'snippet': {'videoId': 'ZBaqttk_mG8', 'textDisplay': '🇧🇷💪🇧🇷✊🏼🇧🇷👍🙏🙏🙏', 'textOriginal': '🇧🇷💪🇧🇷✊🏼🇧🇷👍🙏🙏🙏', 'authorDisplayName': 'Marina w Cardoso de Almeida Cardoso', 'authorProfileImageUrl': 'https://yt3.ggpht.com/ytc/AGIKgqPfV0cy4RoHXxAvlVZCgBuCcV8ax2yV32TfKg=s48-c-k-c0x00ffffff-no-rj', 'authorChannelUrl': 'http://www.youtube.com/channel/UCc4Xf2tU124WSfiRJUAgz0A', 'authorChannelId': {'value': 'UCc4Xf2tU124WSfiRJUAgz0A'}, 'canRate': True, 'viewerRating': 'none', 'likeCount': 2, 'publishedAt': '2022-10-21T23:25:38Z', 'updatedAt': '2022-10-21T23:25:38Z'}}, 'canReply': True, 'totalReplyCount': 0, 'isPublic': True}",,UCc4Xf2tU124WSfiRJUAgz0A,2022-10-21T23:25:38Z,🇧🇷💪🇧🇷✊🏼🇧🇷👍🙏🙏🙏,,2023-06-08 12:23:53.628919
youtube#commentThread,7RvsJ1kNi0eDVmfy0CNHY3hvHVg,Ugxb2Y8DLFcBNPGxMZh4AaABAg,"{'videoId': 'ZBaqttk_mG8', 'topLevelComment': {'kind': 'youtube#comment', 'etag': 'sLG4ap7_SdVHfLByoclt4I1dh8I', 'id': 'Ugxb2Y8DLFcBNPGxMZh4AaABAg', 'snippet': {'videoId': 'ZBaqttk_mG8', 'textDisplay': 'JANONES e da pior espécie junto com o STF e LULAMULA', 'textOriginal': 'JANONES e da pior espécie junto com o STF e LULAMULA', 'authorDisplayName': 'Vera Lúcia', 'authorProfileImageUrl': 'https://yt3.ggpht.com/ytc/AGIKgqPdqfDvd7XRDULVnAkjM1Ib38qjU9qVpQYisA9wOA=s48-c-k-c0x00ffffff-no-rj', 'authorChannelUrl': 'http://www.youtube.com/channel/UCoQOwNhR7tPswrVGZZQSijQ', 'authorChannelId': {'value': 'UCoQOwNhR7tPswrVGZZQSijQ'}, 'canRate': True, 'viewerRating': 'none', 'likeCount': 0, 'publishedAt': '2022-10-21T23:25:34Z', 'updatedAt': '2022-10-21T23:25:34Z'}}, 'canReply': True, 'totalReplyCount': 0, 'isPublic': True}",,UCoQOwNhR7tPswrVGZZQSijQ,2022-10-21T23:25:34Z,JANONES e da pior espécie junto com o STF e LULAMULA,,2023-06-08 12:23:53.628919
youtube#commentThread,UOCN36AUUq_GuZyqWd6fDwc_OUY,UgyTGGBWFkWuYgPN8M14AaABAg,"{'videoId': 'ZBaqttk_mG8', 'topLevelComment': {'kind': 'youtube#comment', 'etag': 's9qA7U6F5wgUZD7SzrMH2hv4pVY', 'id': 'UgyTGGBWFkWuYgPN8M14AaABAg', 'snippet': {'videoId': 'ZBaqttk_mG8', 'textDisplay': 'Este Joanone é um arruaceiro e tumultuador, mente o tempo todo.', 'textOriginal': 'Este Joanone é um arruaceiro e tumultuador, mente o tempo todo.', 'authorDisplayName': 'Pr.Salomão Vasconcelos', 'authorProfileImageUrl': 'https://yt3.ggpht.com/ytc/AGIKgqNye7XFL48D79N0WO8rnX5mH8h0mJoeT2qffp2gCQ=s48-c-k-c0x00ffffff-no-rj', 'authorChannelUrl': 'http://www.youtube.com/channel/UCWu1Bg-1j-ju9LTRq3YKNJg', 'authorChannelId': {'value': 'UCWu1Bg-1j-ju9LTRq3YKNJg'}, 'canRate': True, 'viewerRating': 'none', 'likeCount': 0, 'publishedAt': '2022-10-21T23:25:26Z', 'updatedAt': '2022-10-21T23:25:26Z'}}, 'canReply': True, 'totalReplyCount': 0, 'isPublic': True}",,UCWu1Bg-1j-ju9LTRq3YKNJg,2022-10-21T23:25:26Z,"Este Joanone é um arruaceiro e tumultuador, mente o tempo todo.",,2023-06-08 12:23:53.628919
youtube#commentThread,sIo0hLbVQERHUGNniUmi9FPwziw,Ugz6TNvK6lcjIJySdd54AaABAg,"{'videoId': 'ZBaqttk_mG8', 'topLevelComment': {'kind': 'youtube#comment', 'etag': 'u5EYp-0IwUE4V7lw91fG8wgq6nE', 'id': 'Ugz6TNvK6lcjIJySdd54AaABAg', 'snippet': {'videoId': 'ZBaqttk_mG8', 'textDisplay': 'BOLSONARO 22 REELEITO', 'textOriginal': 'BOLSONARO 22 REELEITO', 'authorDisplayName': 'Vera Lúcia', 'authorProfileImageUrl': 'https://yt3.ggpht.com/ytc/AGIKgqPdqfDvd7XRDULVnAkjM1Ib38qjU9qVpQYisA9wOA=s48-c-k-c0x00ffffff-no-rj', 'authorChannelUrl': 'http://www.youtube.com/channel/UCoQOwNhR7tPswrVGZZQSijQ', 'authorChannelId': {'value': 'UCoQOwNhR7tPswrVGZZQSijQ'}, 'canRate': True, 'viewerRating': 'none', 'likeCount': 0, 'publishedAt': '2022-10-21T23:24:52Z', 'updatedAt': '2022-10-21T23:24:52Z'}}, 'canReply': True, 'totalReplyCount': 0, 'isPublic': True}",,UCoQOwNhR7tPswrVGZZQSijQ,2022-10-21T23:24:52Z,BOLSONARO 22 REELEITO,,2023-06-08 12:23:53.628919
youtube#commentThread,JF2za0rrfVAJV6QtEYPkJBnBlws,UgyoNYXDuEF6YRV5J-h4AaABAg,"{'videoId': 'ZBaqttk_mG8', 'topLevelComment': {'kind': 'youtube#comment', 'etag': 'dJN_44_xpqn-n2X6w15Gr5Qf-mQ', 'id': 'UgyoNYXDuEF6YRV5J-h4AaABAg', 'snippet': {'videoId': 'ZBaqttk_mG8', 'textDisplay': 'STORM!💙🤍🇧🇷🇺🇸💚💛', 'textOriginal': 'STORM!💙🤍🇧🇷🇺🇸💚💛', 'authorDisplayName': 'Ebert Gonçalves', 'authorProfileImageUrl': 'https://yt3.ggpht.com/ytc/AGIKgqOuIug_AcOyYrDWPGhLTd_KjdD0nAyIv8QwKuydDw=s48-c-k-c0x00ffffff-no-rj', 'authorChannelUrl': 'http://www.youtube.com/channel/UCHSzY7aeDmF5RPU1C07s4TA', 'authorChannelId': {'value': 'UCHSzY7aeDmF5RPU1C07s4TA'}, 'canRate': True, 'viewerRating': 'none', 'likeCount': 1, 'publishedAt': '2022-10-21T23:24:45Z', 'updatedAt': '2022-10-21T23:24:45Z'}}, 'canReply': True, 'totalReplyCount': 0, 'isPublic': True}",,UCHSzY7aeDmF5RPU1C07s4TA,2022-10-21T23:24:45Z,STORM!💙🤍🇧🇷🇺🇸💚💛,,2023-06-08 12:23:53.628919
youtube#commentThread,3ytZegrMPEth8UdFhMQiwQypDP0,UgxgJnN_6TW_2vInt8h4AaABAg,"{'videoId': 'ZBaqttk_mG8', 'topLevelComment': {'kind': 'youtube#comment', 'etag': 'dYnIwnSvnFBpN0fEv3T6ZdJSRlo', 'id': 'UgxgJnN_6TW_2vInt8h4AaABAg', 'snippet': {'videoId': 'ZBaqttk_mG8', 'textDisplay': 'Lamentável viver num tempo de liberdade, com homens possuídos pelo diabo lutando pra nos tirar o nosso maior tesouro que é a nossa Liberdade', 'textOriginal': 'Lamentável viver num tempo de liberdade, com homens possuídos pelo diabo lutando pra nos tirar o nosso maior tesouro que é a nossa Liberdade', 'authorDisplayName': 'Cantor Cícero Pedro', 'authorProfileImageUrl': 'https://yt3.ggpht.com/ytc/AGIKgqMqw6vbQrJPC04kxTmi0dm6GorVfV0TOvkHt31W-w=s48-c-k-c0x00ffffff-no-rj', 'authorChannelUrl': 'http://www.youtube.com/channel/UC6wHtY0GbKF6LlWLOrhR9lw', 'authorChannelId': {'value': 'UC6wHtY0GbKF6LlWLOrhR9lw'}, 'canRate': True, 'viewerRating': 'none', 'likeCount': 10, 'publishedAt': '2022-10-21T23:24:44Z', 'updatedAt': '2022-10-21T23:24:44Z'}}, 'canReply': True, 'totalReplyCount': 0, 'isPublic': True}",,UC6wHtY0GbKF6LlWLOrhR9lw,2022-10-21T23:24:44Z,"Lamentável viver num tempo de liberdade, com homens possuídos pelo diabo lutando pra nos tirar o nosso maior tesouro que é a nossa Liberdade",,2023-06-08 12:23:53.628919
youtube#commentThread,5lDnGNLhLOJmjMAu4fD6oaHZ2DA,UgxwNrcxRoOipCcs3Ut4AaABAg,"{'videoId': 'ZBaqttk_mG8', 'topLevelComment': {'kind': 'youtube#comment', 'etag': 'NAmAtsOVMdDtkQmbhcWn7yJvi5M', 'id': 'UgxwNrcxRoOipCcs3Ut4AaABAg', 'snippet': {'videoId': 'ZBaqttk_mG8', 'textDisplay': 'Tmj Bolsonaro 22 vitorioso.', 'textOriginal': 'Tmj Bolsonaro 22 vitorioso.', 'authorDisplayName': 'Kazuhiko Nomura', 'authorProfileImageUrl': 'https://yt3.ggpht.com/ytc/AGIKgqPcyGtR_oUu6NfOt4txX78OXoM3ywYZYjRC4Q=s48-c-k-c0x00ffffff-no-rj', 'authorChannelUrl': 'http://www.youtube.com/channel/UC4tILkY_QJlARw4vsZMdTIg', 'authorChannelId': {'value': 'UC4tILkY_QJlARw4vsZMdTIg'}, 'canRate': True, 'viewerRating': 'none', 'likeCount': 0, 'publishedAt': '2022-10-21T23:23:58Z', 'updatedAt': '2022-10-21T23:23:58Z'}}, 'canReply': True, 'totalReplyCount': 0, 'isPublic': True}",,UC4tILkY_QJlARw4vsZMdTIg,2022-10-21T23:23:58Z,Tmj Bolsonaro 22 vitorioso.,,2023-06-08 12:23:53.628919
youtube#commentThread,C5ujRwxF7OyjwDXJ7ekEu2z_W3g,UgxJQHEyxobB9GY6KaR4AaABAg,"{'videoId': 'ZBaqttk_mG8', 'topLevelComment': {'kind': 'youtube#comment', 'etag': 'V7rcLnUTJ42nXlprrgn1ir7Kfds', 'id': 'UgxJQHEyxobB9GY6KaR4AaABAg', 'snippet': {'videoId': 'ZBaqttk_mG8', 'textDisplay': 'Nós vamos vencer. Estes dias devemos por obrigação pela nossa NAÇÃO NOS POSICIONAR NA PRESENÇA DE DEUS. VAMOS DIVULGAR, MAS VAMOS NA PRESENÇA DE DEUS EM SECRETO, EM NOSSO QUARTO, OU ONDE FOR POSSÍVEL CLAMAR PELA NOSSA NAÇÃO. LIBERDADE. QUE , SE DEUS QUISER, ALEM DO NOSSO VOTO, SE ESTIVERMOS EM ORAÇÃO SINCERA , COM ARREPENDIMENTO POR CADA ATO QUE JA COMETEMOS, NAO IMPORTA QUAL, AQUELE  JEITIMMMMM BRASILEIRO NOS FAZ CORRUPTOS TBM. BUSCAMOS O PERDÃO DE DEUS. ELE É MISERICORDIOSO CONOSCO, MAS PRECISAMOS INTERCEDER. ORAI E VIGIAI ATE A ELEIÇÃO 2° turno, com VITÓRIA DO NOSSO PRESIDENTE 🇧🇷 🇧🇷 JAIR MESSIAS BOLSONARO.🇧🇷🇧🇷🇧🇷🇧🇷🇧🇷🇧🇷🇧🇷🇧🇷🇧🇷🇧🇷🇧🇷🇧🇷🇧🇷🇧🇷🇧🇷🇧🇷🇧🇷🇧🇷🇧🇷🇧🇷🇧🇷', 'textOriginal': 'Nós vamos vencer. Estes dias devemos por obrigação pela nossa NAÇÃO NOS POSICIONAR NA PRESENÇA DE DEUS. VAMOS DIVULGAR, MAS VAMOS NA PRESENÇA DE DEUS EM SECRETO, EM NOSSO QUARTO, OU ONDE FOR POSSÍVEL CLAMAR PELA NOSSA NAÇÃO. LIBERDADE. QUE , SE DEUS QUISER, ALEM DO NOSSO VOTO, SE ESTIVERMOS EM ORAÇÃO SINCERA , COM ARREPENDIMENTO POR CADA ATO QUE JA COMETEMOS, NAO IMPORTA QUAL, AQUELE  JEITIMMMMM BRASILEIRO NOS FAZ CORRUPTOS TBM. BUSCAMOS O PERDÃO DE DEUS. ELE É MISERICORDIOSO CONOSCO, MAS PRECISAMOS INTERCEDER. ORAI E VIGIAI ATE A ELEIÇÃO 2° turno, com VITÓRIA DO NOSSO PRESIDENTE 🇧🇷 🇧🇷 JAIR MESSIAS BOLSONARO.🇧🇷🇧🇷🇧🇷🇧🇷🇧🇷🇧🇷🇧🇷🇧🇷🇧🇷🇧🇷🇧🇷🇧🇷🇧🇷🇧🇷🇧🇷🇧🇷🇧🇷🇧🇷🇧🇷🇧🇷🇧🇷', 'authorDisplayName': 'Drisele Valedouro  - SE INSCREVA NO CANAL, CURTE', 'authorProfileImageUrl': 'https://yt3.ggpht.com/3JeMSQYWJGvGMXgufEbOkM-L3vtQswJLkT6V1JLMuDNZUA2DitCB4-YEFEj0QCv5nVa8hF3__Q=s48-c-k-c0x00ffffff-no-rj', 'authorChannelUrl': 'http://www.youtube.com/channel/UC5j7YaS-4XoBjK-9hksprOg', 'authorChannelId': {'value': 'UC5j7YaS-4XoBjK-9hksprOg'}, 'canRate': True, 'viewerRating': 'none', 'likeCount': 1, 'publishedAt': '2022-10-21T23:23:56Z', 'updatedAt': '2022-10-21T23:23:56Z'}}, 'canReply': True, 'totalReplyCount': 0, 'isPublic': True}",,UC5j7YaS-4XoBjK-9hksprOg,2022-10-21T23:23:56Z,"Nós vamos vencer. Estes dias devemos por obrigação pela nossa NAÇÃO NOS POSICIONAR NA PRESENÇA DE DEUS. VAMOS DIVULGAR, MAS VAMOS NA PRESENÇA DE DEUS EM SECRETO, EM NOSSO QUARTO, OU ONDE FOR POSSÍVEL CLAMAR PELA NOSSA NAÇÃO. LIBERDADE. QUE , SE DEUS QUISER, ALEM DO NOSSO VOTO, SE ESTIVERMOS EM ORAÇÃO SINCERA , COM ARREPENDIMENTO POR CADA ATO QUE JA COMETEMOS, NAO IMPORTA QUAL, AQUELE  JEITIMMMMM BRASILEIRO NOS FAZ CORRUPTOS TBM. BUSCAMOS O PERDÃO DE DEUS. ELE É MISERICORDIOSO CONOSCO, MAS PRECISAMOS INTERCEDER. ORAI E VIGIAI ATE A ELEIÇÃO 2° turno, com VITÓRIA DO NOSSO PRESIDENTE 🇧🇷 🇧🇷 JAIR MESSIAS BOLSONARO.🇧🇷🇧🇷🇧🇷🇧🇷🇧🇷🇧🇷🇧🇷🇧🇷🇧🇷🇧🇷🇧🇷🇧🇷🇧🇷🇧🇷🇧🇷🇧🇷🇧🇷🇧🇷🇧🇷🇧🇷🇧🇷",,2023-06-08 12:23:53.628919
youtube#commentThread,yHqe8n0AH9Li0UaasEzuDT0aXvk,UgwxXCQTp1yK8SUwyrh4AaABAg,"{'videoId': 'ZBaqttk_mG8', 'topLevelComment': {'kind': 'youtube#comment', 'etag': 'hD6-vAz2ZW8MvlINCuNWpFywOCE', 'id': 'UgwxXCQTp1yK8SUwyrh4AaABAg', 'snippet': {'videoId': 'ZBaqttk_mG8', 'textDisplay': 'o cara q acredita no pt só náó tinha porque tem medo d canalha.esse povo não mereçe credito', 'textOriginal': 'o cara q acredita no pt só náó tinha porque tem medo d canalha.esse povo não mereçe credito', 'authorDisplayName': 'Amancio Ramos', 'authorProfileImageUrl': 'https://yt3.ggpht.com/ytc/AGIKgqOmBSfERmZvFb7EWAJKwJmpxhj-RNSpnVLDEw=s48-c-k-c0x00ffffff-no-rj', 'authorChannelUrl': 'http://www.youtube.com/channel/UCUSpPHiqJaBngly7KST9QLA', 'authorChannelId': {'value': 'UCUSpPHiqJaBngly7KST9QLA'}, 'canRate': True, 'viewerRating': 'none', 'likeCount': 0, 'publishedAt': '2022-10-21T23:23:55Z', 'updatedAt': '2022-10-21T23:23:55Z'}}, 'canReply': True, 'totalReplyCount': 0, 'isPublic': True}",,UCUSpPHiqJaBngly7KST9QLA,2022-10-21T23:23:55Z,o cara q acredita no pt só náó tinha porque tem medo d canalha.esse povo não mereçe credito,,2023-06-08 12:23:53.628919
youtube#commentThread,G9xOmAZf6hoCdRDYscbEQdQAdsA,UgxYM-b_MFTK05DMfrt4AaABAg,"{'videoId': 'ZBaqttk_mG8', 'topLevelComment': {'kind': 'youtube#comment', 'etag': '1mebnhRzxx9kVe0TdxfDrCCVAUo', 'id': 'UgxYM-b_MFTK05DMfrt4AaABAg', 'snippet': {'videoId': 'ZBaqttk_mG8', 'textDisplay': 'Bolsoristas prontos pra reeleger o Mito, aqui no yutube vamos ns unir e ajudar o Capitão, juntos somos muito mais fortes, obrigado e fique com Deus.', 'textOriginal': 'Bolsoristas prontos pra reeleger o Mito, aqui no yutube vamos ns unir e ajudar o Capitão, juntos somos muito mais fortes, obrigado e fique com Deus.', 'authorDisplayName': 'Vale Aventura & Turismo', 'authorProfileImageUrl': 'https://yt3.ggpht.com/Xz1qlJ-Mlcd3BBSgjATNyqcgV3Ot0aNxxyFZUrgm7IQPjCaChyFSlnIVaSs0_fhXps6gCW43nQ=s48-c-k-c0x00ffffff-no-rj', 'authorChannelUrl': 'http://www.youtube.com/channel/UCkYG-G_DPzqzO7xztd74o-w', 'authorChannelId': {'value': 'UCkYG-G_DPzqzO7xztd74o-w'}, 'canRate': True, 'viewerRating': 'none', 'likeCount': 12, 'publishedAt': '2022-10-21T23:23:45Z', 'updatedAt': '2022-10-21T23:23:45Z'}}, 'canReply': True, 'totalReplyCount': 0, 'isPublic': True}",,UCkYG-G_DPzqzO7xztd74o-w,2022-10-21T23:23:45Z,"Bolsoristas prontos pra reeleger o Mito, aqui no yutube vamos ns unir e ajudar o Capitão, juntos somos muito mais fortes, obrigado e fique com Deus.",,2023-06-08 12:23:53.628919
youtube#commentThread,1hXWQe7gKCIVd64cr-LUUyhpB1Q,Ugxg7vKUpwZn-nr4d1N4AaABAg,"{'videoId': 'ZBaqttk_mG8', 'topLevelComment': {'kind': 'youtube#comment', 'etag': 'V1NUm0iMmXlIWx5tfdJMBiTVLFg', 'id': 'Ugxg7vKUpwZn-nr4d1N4AaABAg', 'snippet': {'videoId': 'ZBaqttk_mG8', 'textDisplay': 'Estamos com Bolsonaro presidente do Brasil 🇧🇷🇧🇷🇧🇷🇧🇷', 'textOriginal': 'Estamos com Bolsonaro presidente do Brasil 🇧🇷🇧🇷🇧🇷🇧🇷', 'authorDisplayName': 'Edinaldo Lima', 'authorProfileImageUrl': 'https://yt3.ggpht.com/ytc/AGIKgqN5oEFY_OITRUbjB4l0Q7Vxow3MTQNg5sQYiA=s48-c-k-c0x00ffffff-no-rj', 'authorChannelUrl': 'http://www.youtube.com/channel/UC8vEJ9EFiuJWR3x12q8M0lA', 'authorChannelId': {'value': 'UC8vEJ9EFiuJWR3x12q8M0lA'}, 'canRate': True, 'viewerRating': 'none', 'likeCount': 0, 'publishedAt': '2022-10-21T23:23:42Z', 'updatedAt': '2022-10-21T23:23:42Z'}}, 'canReply': True, 'totalReplyCount': 0, 'isPublic': True}",,UC8vEJ9EFiuJWR3x12q8M0lA,2022-10-21T23:23:42Z,Estamos com Bolsonaro presidente do Brasil 🇧🇷🇧🇷🇧🇷🇧🇷,,2023-06-08 12:23:53.628919
youtube#commentThread,DHMtWC8HKbeY4ZlE9BBSnRh5X8A,UgyCbxz0GWASrZDfwYt4AaABAg,"{'videoId': 'ZBaqttk_mG8', 'topLevelComment': {'kind': 'youtube#comment', 'etag': 'CxKj189Coo-trscS7IYrmkpysSc', 'id': 'UgyCbxz0GWASrZDfwYt4AaABAg', 'snippet': {'videoId': 'ZBaqttk_mG8', 'textDisplay': 'NUNCA FOI TÃO FÁCIL  ESCOLHER O PRÓXIMO PRESIDENTE, TEMOS UMA CHAPA COM DOIS MILITARES, E A OUTRA COM DOIS LADRÕES. VOTE NAQUELE COM QUEM VC MAIS SE IDENTIFICA...', 'textOriginal': 'NUNCA FOI TÃO FÁCIL  ESCOLHER O PRÓXIMO PRESIDENTE, TEMOS UMA CHAPA COM DOIS MILITARES, E A OUTRA COM DOIS LADRÕES. VOTE NAQUELE COM QUEM VC MAIS SE IDENTIFICA...', 'authorDisplayName': 'Cih Cariño🕊', 'authorProfileImageUrl': 'https://yt3.ggpht.com/iVSJKSHA5GmlDkuZJ_kkkTbp_GUYopCWs7wOkKTd0lcckLMuiUrGXJPqKk4Xhxj7UgOeKH44ZQ=s48-c-k-c0x00ffffff-no-rj', 'authorChannelUrl': 'http://www.youtube.com/channel/UCBSv4k70-c5v1iRpyYIJ5fQ', 'authorChannelId': {'value': 'UCBSv4k70-c5v1iRpyYIJ5fQ'}, 'canRate': True, 'viewerRating': 'none', 'likeCount': 5, 'publishedAt': '2022-10-21T23:23:35Z', 'updatedAt': '2022-10-21T23:23:35Z'}}, 'canReply': True, 'totalReplyCount': 0, 'isPublic': True}",,UCBSv4k70-c5v1iRpyYIJ5fQ,2022-10-21T23:23:35Z,"NUNCA FOI TÃO FÁCIL  ESCOLHER O PRÓXIMO PRESIDENTE, TEMOS UMA CHAPA COM DOIS MILITARES, E A OUTRA COM DOIS LADRÕES. VOTE NAQUELE COM QUEM VC MAIS SE IDENTIFICA...",,2023-06-08 12:23:53.628919
youtube#commentThread,WS_dh5BASZbhcHaIoQWnAHcPrpg,Ugw-_kfnxUkOvDyc_Ht4AaABAg,"{'videoId': 'ZBaqttk_mG8', 'topLevelComment': {'kind': 'youtube#comment', 'etag': 'X4XcBOpVb9c7Iuq_F0j-bYHuhbo', 'id': 'Ugw-_kfnxUkOvDyc_Ht4AaABAg', 'snippet': {'videoId': 'ZBaqttk_mG8', 'textDisplay': 'O que o Lula, Janones, Felipe Neto,  estão fazendo com tantas mentiras é um absurdo, até onde vai isso?', 'textOriginal': 'O que o Lula, Janones, Felipe Neto,  estão fazendo com tantas mentiras é um absurdo, até onde vai isso?', 'authorDisplayName': 'Rita Costa', 'authorProfileImageUrl': 'https://yt3.ggpht.com/ytc/AGIKgqM3iBMUPiVhuc4pYeIZC3-zZsjMZvTQVSe7pA=s48-c-k-c0x00ffffff-no-rj', 'authorChannelUrl': 'http://www.youtube.com/channel/UCJ2iXvdpF9_SfMxnsS-Ek4A', 'authorChannelId': {'value': 'UCJ2iXvdpF9_SfMxnsS-Ek4A'}, 'canRate': True, 'viewerRating': 'none', 'likeCount': 0, 'publishedAt': '2022-10-21T23:23:34Z', 'updatedAt': '2022-10-21T23:23:34Z'}}, 'canReply': True, 'totalReplyCount': 0, 'isPublic': True}",,UCJ2iXvdpF9_SfMxnsS-Ek4A,2022-10-21T23:23:34Z,"O que o Lula, Janones, Felipe Neto,  estão fazendo com tantas mentiras é um absurdo, até onde vai isso?",,2023-06-08 12:23:53.628919
youtube#commentThread,XE5tVXuXiNUEFNwFq77mC5vy2cg,UgyuSyzHMQPNzYndI3V4AaABAg,"{'videoId': 'ZBaqttk_mG8', 'topLevelComment': {'kind': 'youtube#comment', 'etag': 'TgOBhF-rXBfoKBDyTH5eZnmFTDw', 'id': 'UgyuSyzHMQPNzYndI3V4AaABAg', 'snippet': {'videoId': 'ZBaqttk_mG8', 'textDisplay': 'Deus 🙌<br>Pátria 🇧🇷&amp; família 🙏<br>Avante patriotas 22', 'textOriginal': 'Deus 🙌\\nPátria 🇧🇷& família 🙏\\nAvante patriotas 22', 'authorDisplayName': 'Bruna Neire', 'authorProfileImageUrl': 'https://yt3.ggpht.com/ytc/AGIKgqMFOO17SpKdVOuy2QN0-us-APMz0Us3vM6iq7GLcg=s48-c-k-c0x00ffffff-no-rj', 'authorChannelUrl': 'http://www.youtube.com/channel/UC6tAysxaJ3RmY_woDGuARPg', 'authorChannelId': {'value': 'UC6tAysxaJ3RmY_woDGuARPg'}, 'canRate': True, 'viewerRating': 'none', 'likeCount': 28, 'publishedAt': '2022-10-21T23:23:14Z', 'updatedAt': '2022-10-21T23:23:14Z'}}, 'canReply': True, 'totalReplyCount': 0, 'isPublic': True}",,UC6tAysxaJ3RmY_woDGuARPg,2022-10-21T23:23:14Z,"Deus 🙌
Pátria 🇧🇷& família 🙏
Avante patriotas 22",,2023-06-08 12:23:53.628919
youtube#commentThread,lJDgKbYj_0MM4W0a-XZGEXDLBcg,UgzwaPTWX7Bv_xY-JEt4AaABAg,"{'videoId': 'ZBaqttk_mG8', 'topLevelComment': {'kind': 'youtube#comment', 'etag': 'ZchLd2qV93_nQmdMOW42p8AcWas', 'id': 'UgzwaPTWX7Bv_xY-JEt4AaABAg', 'snippet': {'videoId': 'ZBaqttk_mG8', 'textDisplay': 'Lula é uma vegoa para familiar', 'textOriginal': 'Lula é uma vegoa para familiar', 'authorDisplayName': 'CLAUDEMIR JOSÉ DA SILVA', 'authorProfileImageUrl': 'https://yt3.ggpht.com/ytc/AGIKgqOugko4nTfOCpRtPOJQj4-qsCi10qEtPd8wb-5Qh4ZHrFbUz1HmC48enSi0LHk2=s48-c-k-c0x00ffffff-no-rj', 'authorChannelUrl': 'http://www.youtube.com/channel/UCTY4TR7_BbS6B8FNLut3-eg', 'authorChannelId': {'value': 'UCTY4TR7_BbS6B8FNLut3-eg'}, 'canRate': True, 'viewerRating': 'none', 'likeCount': 0, 'publishedAt': '2022-10-21T23:23:03Z', 'updatedAt': '2022-10-21T23:23:03Z'}}, 'canReply': True, 'totalReplyCount': 0, 'isPublic': True}",,UCTY4TR7_BbS6B8FNLut3-eg,2022-10-21T23:23:03Z,Lula é uma vegoa para familiar,,2023-06-08 12:23:53.628919
youtube#commentThread,GHCDyNwayVWKG-Q1y1bCxzQ5o1c,UgzZE6xRK8v3mqbPaA14AaABAg,"{'videoId': 'ZBaqttk_mG8', 'topLevelComment': {'kind': 'youtube#comment', 'etag': 'heLOuOX6iHdQaQGTHGGi5-h4Jlo', 'id': 'UgzZE6xRK8v3mqbPaA14AaABAg', 'snippet': {'videoId': 'ZBaqttk_mG8', 'textDisplay': 'TEM QUE SER EXTINTO O STF....SE SÓ TRABALHAM EM BENEFÍCIO PRÓPRIO....  EXTINGUEEE O STF PRESIDENTE JAIR MESSIAS BOLSONARO ✔🙏🏽🇧🇷', 'textOriginal': 'TEM QUE SER EXTINTO O STF....SE SÓ TRABALHAM EM BENEFÍCIO PRÓPRIO....  EXTINGUEEE O STF PRESIDENTE JAIR MESSIAS BOLSONARO ✔🙏🏽🇧🇷', 'authorDisplayName': 'Estela Aurora Rossa', 'authorProfileImageUrl': 'https://yt3.ggpht.com/ytc/AGIKgqMn07ULjbOjCPSrfliDfVg1LE5wvMGoQTVoWg=s48-c-k-c0x00ffffff-no-rj', 'authorChannelUrl': 'http://www.youtube.com/channel/UCQrncLtrZb9X7A8v8jmnumQ', 'authorChannelId': {'value': 'UCQrncLtrZb9X7A8v8jmnumQ'}, 'canRate': True, 'viewerRating': 'none', 'likeCount': 0, 'publishedAt': '2022-10-21T23:22:10Z', 'updatedAt': '2022-10-21T23:22:10Z'}}, 'canReply': True, 'totalReplyCount': 0, 'isPublic': True}",,UCQrncLtrZb9X7A8v8jmnumQ,2022-10-21T23:22:10Z,TEM QUE SER EXTINTO O STF....SE SÓ TRABALHAM EM BENEFÍCIO PRÓPRIO....  EXTINGUEEE O STF PRESIDENTE JAIR MESSIAS BOLSONARO ✔🙏🏽🇧🇷,,2023-06-08 12:23:53.628919
youtube#commentThread,6XCOTmmtYbwWHomxk6HxSKnzqyI,UgytIh7GfMmeXAISmK94AaABAg,"{'videoId': 'ZBaqttk_mG8', 'topLevelComment': {'kind': 'youtube#comment', 'etag': 'JM6kLWdl4GJm1rrvYRklUWXOhXo', 'id': 'UgytIh7GfMmeXAISmK94AaABAg', 'snippet': {'videoId': 'ZBaqttk_mG8', 'textDisplay': 'Lula é o candito das facções de tráfico de drogas  !', 'textOriginal': 'Lula é o candito das facções de tráfico de drogas  !', 'authorDisplayName': 'Fantasma 01 Fantasma', 'authorProfileImageUrl': 'https://yt3.ggpht.com/ytc/AGIKgqOKNvpLP6GXTEfqLh4x86gGNvLtOqeqt8b2pw=s48-c-k-c0x00ffffff-no-rj', 'authorChannelUrl': 'http://www.youtube.com/channel/UCRZdvhBX8nS-AsRm4_xVNVQ', 'authorChannelId': {'value': 'UCRZdvhBX8nS-AsRm4_xVNVQ'}, 'canRate': True, 'viewerRating': 'none', 'likeCount': 0, 'publishedAt': '2022-10-21T23:22:04Z', 'updatedAt': '2022-10-21T23:22:04Z'}}, 'canReply': True, 'totalReplyCount': 0, 'isPublic': True}",,UCRZdvhBX8nS-AsRm4_xVNVQ,2022-10-21T23:22:04Z,Lula é o candito das facções de tráfico de drogas  !,,2023-06-08 12:23:53.628919
youtube#commentThread,3Jc-xsaCmmCvQzmC31XqWUtk6XE,UgxqpaJKt0rm5u3lPP14AaABAg,"{'videoId': 'ZBaqttk_mG8', 'topLevelComment': {'kind': 'youtube#comment', 'etag': 'T2Kn_7luBELwzg7BDfQ-viyryvk', 'id': 'UgxqpaJKt0rm5u3lPP14AaABAg', 'snippet': {'videoId': 'ZBaqttk_mG8', 'textDisplay': 'PAI , MÃE  PODE SER QUE OS CANDIDATOS A PRESIDÊNCIA HOJE NÃO ESTEJAM VIVOS DAQUI A QUINZE ANOS . O QUE ELES QUEREM IMPLANTAR NO BRASIL SIMMMM!!!!!! PELOS OS SEUS FILHOS COMPARE , INFORME-SE <br>2️⃣2️⃣🇧🇷🇧🇷🇧🇷🇧🇷', 'textOriginal': 'PAI , MÃE  PODE SER QUE OS CANDIDATOS A PRESIDÊNCIA HOJE NÃO ESTEJAM VIVOS DAQUI A QUINZE ANOS . O QUE ELES QUEREM IMPLANTAR NO BRASIL SIMMMM!!!!!! PELOS OS SEUS FILHOS COMPARE , INFORME-SE \\n2️⃣2️⃣🇧🇷🇧🇷🇧🇷🇧🇷', 'authorDisplayName': 'elineth neth', 'authorProfileImageUrl': 'https://yt3.ggpht.com/ytc/AGIKgqOWhsfs0Vwn6AK9erxo0lf6oc5slOtWS1okzs4SPg=s48-c-k-c0x00ffffff-no-rj', 'authorChannelUrl': 'http://www.youtube.com/channel/UCwGpvq25CnQpLvFPK09r0wQ', 'authorChannelId': {'value': 'UCwGpvq25CnQpLvFPK09r0wQ'}, 'canRate': True, 'viewerRating': 'none', 'likeCount': 3, 'publishedAt': '2022-10-21T23:22:03Z', 'updatedAt': '2022-10-21T23:22:03Z'}}, 'canReply': True, 'totalReplyCount': 1, 'isPublic': True}","{'comments': [{'kind': 'youtube#comment', 'etag': '4DJ_ZuEBLpVUG41xMJ9wKNp5_M8', 'id': 'UgxqpaJKt0rm5u3lPP14AaABAg.9hT7QQ5_pnh9hTsbQDwNAX', 'snippet': {'videoId': 'ZBaqttk_mG8', 'textDisplay': 'VERDADE . Si informe povo. Não vai as cegas. E preste atenção para não perder o voto. 22 22 22 🇧🇷🇧🇷🇧🇷🇧🇷🇧🇷🇧🇷🇧🇷🇧🇷 Na dúvida ; ore,ore ,ore.', 'textOriginal': 'VERDADE . Si informe povo. Não vai as cegas. E preste atenção para não perder o voto. 22 22 22 🇧🇷🇧🇷🇧🇷🇧🇷🇧🇷🇧🇷🇧🇷🇧🇷 Na dúvida ; ore,ore ,ore.', 'parentId': 'UgxqpaJKt0rm5u3lPP14AaABAg', 'authorDisplayName': 'Edileusa Barbosa', 'authorProfileImageUrl': 'https://yt3.ggpht.com/ytc/AGIKgqN2pAs7XpPHIO9MIGg0vjoyDTsB-soGVjoh7w=s48-c-k-c0x00ffffff-no-rj', 'authorChannelUrl': 'http://www.youtube.com/channel/UCbgMHlCmYZqLnx7TYto0dTg', 'authorChannelId': {'value': 'UCbgMHlCmYZqLnx7TYto0dTg'}, 'canRate': True, 'viewerRating': 'none', 'likeCount': 0, 'publishedAt': '2022-10-22T06:23:07Z', 'updatedAt': '2022-10-22T06:23:07Z'}}]}",UCwGpvq25CnQpLvFPK09r0wQ,2022-10-21T23:22:03Z,"PAI , MÃE  PODE SER QUE OS CANDIDATOS A PRESIDÊNCIA HOJE NÃO ESTEJAM VIVOS DAQUI A QUINZE ANOS . O QUE ELES QUEREM IMPLANTAR NO BRASIL SIMMMM!!!!!! PELOS OS SEUS FILHOS COMPARE , INFORME-SE 
2️⃣2️⃣🇧🇷🇧🇷🇧🇷🇧🇷",,2023-06-08 12:23:53.628919
youtube#commentThread,k-HR9AasJ1Ts2ic0AbZRPsFKlBE,UgwvtEzR5R0IFaOnfFl4AaABAg,"{'videoId': 'ZBaqttk_mG8', 'topLevelComment': {'kind': 'youtube#comment', 'etag': 'rv7hLgWjWfHPGsPEij7qjU9F5VY', 'id': 'UgwvtEzR5R0IFaOnfFl4AaABAg', 'snippet': {'videoId': 'ZBaqttk_mG8', 'textDisplay': 'Bolsonaro 22', 'textOriginal': 'Bolsonaro 22', 'authorDisplayName': 'Margareth silva', 'authorProfileImageUrl': 'https://yt3.ggpht.com/BZmEzvVK43_mbEmQyCt4GoJKVFJCpGWPcYZjAjHZtBa56XkAA6FmV7YiEq5EmIzVDU3H4M_8sA=s48-c-k-c0x00ffffff-no-rj', 'authorChannelUrl': 'http://www.youtube.com/channel/UCwX4PuFzCT2VmgKPMau7Asw', 'authorChannelId': {'value': 'UCwX4PuFzCT2VmgKPMau7Asw'}, 'canRate': True, 'viewerRating': 'none', 'likeCount': 0, 'publishedAt': '2022-10-21T23:21:57Z', 'updatedAt': '2022-10-21T23:21:57Z'}}, 'canReply': True, 'totalReplyCount': 0, 'isPublic': True}",,UCwX4PuFzCT2VmgKPMau7Asw,2022-10-21T23:21:57Z,Bolsonaro 22,,2023-06-08 12:23:53.628919
youtube#commentThread,oM3ckPLYaOp6BixDEATBjEQcoTU,Ugw1uYH3HaE0EnOR5N54AaABAg,"{'videoId': 'ZBaqttk_mG8', 'topLevelComment': {'kind': 'youtube#comment', 'etag': 'gejEuunnYy2fcgMkQVkIHL7eayc', 'id': 'Ugw1uYH3HaE0EnOR5N54AaABAg', 'snippet': {'videoId': 'ZBaqttk_mG8', 'textDisplay': '💚💛🇧🇷🇧🇷🇧🇷223022', 'textOriginal': '💚💛🇧🇷🇧🇷🇧🇷223022', 'authorDisplayName': 'GIL MARIZA GILVÂNIA', 'authorProfileImageUrl': 'https://yt3.ggpht.com/ytc/AGIKgqMrLMayvUvqcypDf-8LNjTi3MjIoM0SvSEIPeIc=s48-c-k-c0x00ffffff-no-rj', 'authorChannelUrl': 'http://www.youtube.com/channel/UCvXTfSKQsbW1OeX8HMmwrnQ', 'authorChannelId': {'value': 'UCvXTfSKQsbW1OeX8HMmwrnQ'}, 'canRate': True, 'viewerRating': 'none', 'likeCount': 2, 'publishedAt': '2022-10-21T23:21:49Z', 'updatedAt': '2022-10-21T23:21:49Z'}}, 'canReply': True, 'totalReplyCount': 0, 'isPublic': True}",,UCvXTfSKQsbW1OeX8HMmwrnQ,2022-10-21T23:21:49Z,💚💛🇧🇷🇧🇷🇧🇷223022,,2023-06-08 12:23:53.628919
youtube#commentThread,4blZhR3jIoOSHZ-yVQFIVYdw6QI,UgyQo3vNUnRdrFfVK5l4AaABAg,"{'videoId': 'ZBaqttk_mG8', 'topLevelComment': {'kind': 'youtube#comment', 'etag': 'yq_dxPwRvDa3HZZGCPhYSj6kSbg', 'id': 'UgyQo3vNUnRdrFfVK5l4AaABAg', 'snippet': {'videoId': 'ZBaqttk_mG8', 'textDisplay': 'Estou me sentindo amordaçado! A censura está alcançado até os eleitores! Muito triste o que está acontecendo,  mas acredito que tudo isso vai ajudar o povo a ver que tá errado isso e dicidam votar em Bolsonaro!', 'textOriginal': 'Estou me sentindo amordaçado! A censura está alcançado até os eleitores! Muito triste o que está acontecendo,  mas acredito que tudo isso vai ajudar o povo a ver que tá errado isso e dicidam votar em Bolsonaro!', 'authorDisplayName': 'Ednilson Sales', 'authorProfileImageUrl': 'https://yt3.ggpht.com/ytc/AGIKgqPATFf0jfygI_zddwJZOmPlpo972COlUAZ6zg=s48-c-k-c0x00ffffff-no-rj', 'authorChannelUrl': 'http://www.youtube.com/channel/UCQRl0dRPsuzByNx7JQ-IrXg', 'authorChannelId': {'value': 'UCQRl0dRPsuzByNx7JQ-IrXg'}, 'canRate': True, 'viewerRating': 'none', 'likeCount': 40, 'publishedAt': '2022-10-21T23:21:39Z', 'updatedAt': '2022-10-21T23:21:39Z'}}, 'canReply': True, 'totalReplyCount': 0, 'isPublic': True}",,UCQRl0dRPsuzByNx7JQ-IrXg,2022-10-21T23:21:39Z,"Estou me sentindo amordaçado! A censura está alcançado até os eleitores! Muito triste o que está acontecendo,  mas acredito que tudo isso vai ajudar o povo a ver que tá errado isso e dicidam votar em Bolsonaro!",,2023-06-08 12:23:53.628919
youtube#commentThread,P0gKaGWm61u611BAwfblByaExKI,Ugz14upmbo6EjKoh2Fx4AaABAg,"{'videoId': 'ZBaqttk_mG8', 'topLevelComment': {'kind': 'youtube#comment', 'etag': 'rrRew44BkG-cOtRbSOqjzsC1FR8', 'id': 'Ugz14upmbo6EjKoh2Fx4AaABAg', 'snippet': {'videoId': 'ZBaqttk_mG8', 'textDisplay': 'Eu vou votar 10 e 22...', 'textOriginal': 'Eu vou votar 10 e 22...', 'authorDisplayName': 'regys oliveira', 'authorProfileImageUrl': 'https://yt3.ggpht.com/ytc/AGIKgqOOmqiKJbv6It26mJ5lW8vwGc3uEo9hv4yEXTCoPg=s48-c-k-c0x00ffffff-no-rj', 'authorChannelUrl': 'http://www.youtube.com/channel/UC1S0gUkAMh33o1pYMKmy5Mw', 'authorChannelId': {'value': 'UC1S0gUkAMh33o1pYMKmy5Mw'}, 'canRate': True, 'viewerRating': 'none', 'likeCount': 2, 'publishedAt': '2022-10-21T23:21:20Z', 'updatedAt': '2022-10-21T23:21:20Z'}}, 'canReply': True, 'totalReplyCount': 0, 'isPublic': True}",,UC1S0gUkAMh33o1pYMKmy5Mw,2022-10-21T23:21:20Z,Eu vou votar 10 e 22...,,2023-06-08 12:23:53.628919
youtube#commentThread,TvDNfIUZJJafcaz1L68-Olt44yk,Ugwo-AQNoW5xT8E86b54AaABAg,"{'videoId': 'ZBaqttk_mG8', 'topLevelComment': {'kind': 'youtube#comment', 'etag': '2dFpJKLowK2fqAGdF7oYj_5KL0A', 'id': 'Ugwo-AQNoW5xT8E86b54AaABAg', 'snippet': {'videoId': 'ZBaqttk_mG8', 'textDisplay': 'O Papagaio Mineiro é chato! Esse tal de Janones o papai falei kkkkk', 'textOriginal': 'O Papagaio Mineiro é chato! Esse tal de Janones o papai falei kkkkk', 'authorDisplayName': 'Antonio Silva', 'authorProfileImageUrl': 'https://yt3.ggpht.com/ytc/AGIKgqMMaEEv5reTOVy1ZLdrE0PwmCurrd4s_F3i2Q=s48-c-k-c0x00ffffff-no-rj', 'authorChannelUrl': 'http://www.youtube.com/channel/UCUJ0sS4rQysJQuLX605FnCw', 'authorChannelId': {'value': 'UCUJ0sS4rQysJQuLX605FnCw'}, 'canRate': True, 'viewerRating': 'none', 'likeCount': 2, 'publishedAt': '2022-10-21T23:21:18Z', 'updatedAt': '2022-10-21T23:21:18Z'}}, 'canReply': True, 'totalReplyCount': 0, 'isPublic': True}",,UCUJ0sS4rQysJQuLX605FnCw,2022-10-21T23:21:18Z,O Papagaio Mineiro é chato! Esse tal de Janones o papai falei kkkkk,,2023-06-08 12:23:53.628919
youtube#commentThread,-xyPFWu2bbtB2ihLEncQSk7Xdlo,UgyQk3lxFeybBbhoBPt4AaABAg,"{'videoId': 'ZBaqttk_mG8', 'topLevelComment': {'kind': 'youtube#comment', 'etag': 'oUSA_MA1Aq5qIVbfW0ploMrcFFo', 'id': 'UgyQk3lxFeybBbhoBPt4AaABAg', 'snippet': {'videoId': 'ZBaqttk_mG8', 'textDisplay': 'Mitô 22  !!!!!!', 'textOriginal': 'Mitô 22  !!!!!!', 'authorDisplayName': 'Fantasma 01 Fantasma', 'authorProfileImageUrl': 'https://yt3.ggpht.com/ytc/AGIKgqOKNvpLP6GXTEfqLh4x86gGNvLtOqeqt8b2pw=s48-c-k-c0x00ffffff-no-rj', 'authorChannelUrl': 'http://www.youtube.com/channel/UCRZdvhBX8nS-AsRm4_xVNVQ', 'authorChannelId': {'value': 'UCRZdvhBX8nS-AsRm4_xVNVQ'}, 'canRate': True, 'viewerRating': 'none', 'likeCount': 1, 'publishedAt': '2022-10-21T23:21:14Z', 'updatedAt': '2022-10-21T23:21:14Z'}}, 'canReply': True, 'totalReplyCount': 0, 'isPublic': True}",,UCRZdvhBX8nS-AsRm4_xVNVQ,2022-10-21T23:21:14Z,Mitô 22  !!!!!!,,2023-06-08 12:23:53.628919
youtube#commentThread,KMieB-ZiTAEqehFbmjHZEa5jCwM,UgxoyyBpmFxg2tQhb0V4AaABAg,"{'videoId': 'ZBaqttk_mG8', 'topLevelComment': {'kind': 'youtube#comment', 'etag': '27--3YWCEoQiGbOQ2xH6R4UkWTM', 'id': 'UgxoyyBpmFxg2tQhb0V4AaABAg', 'snippet': {'videoId': 'ZBaqttk_mG8', 'textDisplay': 'Meu Deus até quando isso vai continuar 🙏🙏🖐️', 'textOriginal': 'Meu Deus até quando isso vai continuar 🙏🙏🖐️', 'authorDisplayName': 'Lourdes Bessa', 'authorProfileImageUrl': 'https://yt3.ggpht.com/ytc/AGIKgqPYpUYMNdPTz6j2ulEVsdnjcInHg5bEFVsg9Q=s48-c-k-c0x00ffffff-no-rj', 'authorChannelUrl': 'http://www.youtube.com/channel/UCoavaKiJSNCuDVfzn6u2SQA', 'authorChannelId': {'value': 'UCoavaKiJSNCuDVfzn6u2SQA'}, 'canRate': True, 'viewerRating': 'none', 'likeCount': 6, 'publishedAt': '2022-10-21T23:21:13Z', 'updatedAt': '2022-10-21T23:21:13Z'}}, 'canReply': True, 'totalReplyCount': 1, 'isPublic': True}","{'comments': [{'kind': 'youtube#comment', 'etag': '6nqRyGotkyLr4JEvRwdWaOGUQ5M', 'id': 'UgxoyyBpmFxg2tQhb0V4AaABAg.9hT7KP8rJLp9hT7gj6H5r8', 'snippet': {'videoId': 'ZBaqttk_mG8', 'textDisplay': 'No final do segundo turno a petesada vai sumir pode ficar traquilos', 'textOriginal': 'No final do segundo turno a petesada vai sumir pode ficar traquilos', 'parentId': 'UgxoyyBpmFxg2tQhb0V4AaABAg', 'authorDisplayName': 'angelina oliveira', 'authorProfileImageUrl': 'https://yt3.ggpht.com/ytc/AGIKgqNpSDDz3lwvDjJHGUC7NQponLqQYckDeVyqcQ=s48-c-k-c0x00ffffff-no-rj', 'authorChannelUrl': 'http://www.youtube.com/channel/UClTvLS2Zx8QZEb7PX6qqD6A', 'authorChannelId': {'value': 'UClTvLS2Zx8QZEb7PX6qqD6A'}, 'canRate': True, 'viewerRating': 'none', 'likeCount': 1, 'publishedAt': '2022-10-21T23:24:24Z', 'updatedAt': '2022-10-21T23:24:24Z'}}]}",UCoavaKiJSNCuDVfzn6u2SQA,2022-10-21T23:21:13Z,Meu Deus até quando isso vai continuar 🙏🙏🖐️,,2023-06-08 12:23:53.628919
youtube#commentThread,v5iZBxMvoG6CNLUCPaiSmo2bTh8,UgwOOn7Q8RYeLRWtVOp4AaABAg,"{'videoId': 'ZBaqttk_mG8', 'topLevelComment': {'kind': 'youtube#comment', 'etag': 'OQf1Ab6llmZtyjCL5s6ZPtJHTgg', 'id': 'UgwOOn7Q8RYeLRWtVOp4AaABAg', 'snippet': {'videoId': 'ZBaqttk_mG8', 'textDisplay': '🇧🇷🇧🇷🇧🇷🇧🇷🇧🇷🇧🇷🇧🇷🇧🇷🇧🇷🇧🇷🇧🇷🇧🇷🇧🇷', 'textOriginal': '🇧🇷🇧🇷🇧🇷🇧🇷🇧🇷🇧🇷🇧🇷🇧🇷🇧🇷🇧🇷🇧🇷🇧🇷🇧🇷', 'authorDisplayName': 'Rosa Ferreira', 'authorProfileImageUrl': 'https://yt3.ggpht.com/ytc/AGIKgqOlvAVFf0k5cQitkHzhbCtqscGM7WA1A3EQoE-TrWG5iz3tLvqKhVATC9DJtM-T=s48-c-k-c0x00ffffff-no-rj', 'authorChannelUrl': 'http://www.youtube.com/channel/UCJdfS19A1qHqkb0cW61yUpA', 'authorChannelId': {'value': 'UCJdfS19A1qHqkb0cW61yUpA'}, 'canRate': True, 'viewerRating': 'none', 'likeCount': 0, 'publishedAt': '2022-10-21T23:21:11Z', 'updatedAt': '2022-10-21T23:21:11Z'}}, 'canReply': True, 'totalReplyCount': 0, 'isPublic': True}",,UCJdfS19A1qHqkb0cW61yUpA,2022-10-21T23:21:11Z,🇧🇷🇧🇷🇧🇷🇧🇷🇧🇷🇧🇷🇧🇷🇧🇷🇧🇷🇧🇷🇧🇷🇧🇷🇧🇷,,2023-06-08 12:23:53.628919
youtube#commentThread,zktBtTEJwJxz6N9o0vdhA30amhQ,Ugx5uHYh2hrsdCbSxJV4AaABAg,"{'videoId': 'ZBaqttk_mG8', 'topLevelComment': {'kind': 'youtube#comment', 'etag': 'yaH_L0vmuT2gM03dsq3k3cPxBrU', 'id': 'Ugx5uHYh2hrsdCbSxJV4AaABAg', 'snippet': {'videoId': 'ZBaqttk_mG8', 'textDisplay': 'eu não acredito no PARTIDO DAS TREVAS (pt) minha família vota 22 Bolsonaro', 'textOriginal': 'eu não acredito no PARTIDO DAS TREVAS (pt) minha família vota 22 Bolsonaro', 'authorDisplayName': 'Maicon Bonelli', 'authorProfileImageUrl': 'https://yt3.ggpht.com/l77gw49TcgN_4jfmK2txW2R6Gh3v4vOrF9ZHyI50qqdJXCdja_LMPf9tyalABti9q4dyWw2uDA=s48-c-k-c0x00ffffff-no-rj', 'authorChannelUrl': 'http://www.youtube.com/channel/UCtXAF7Y1ZGPLQOnhqCwz0Eg', 'authorChannelId': {'value': 'UCtXAF7Y1ZGPLQOnhqCwz0Eg'}, 'canRate': True, 'viewerRating': 'none', 'likeCount': 0, 'publishedAt': '2022-10-21T23:21:11Z', 'updatedAt': '2022-10-21T23:21:11Z'}}, 'canReply': True, 'totalReplyCount': 0, 'isPublic': True}",,UCtXAF7Y1ZGPLQOnhqCwz0Eg,2022-10-21T23:21:11Z,eu não acredito no PARTIDO DAS TREVAS (pt) minha família vota 22 Bolsonaro,,2023-06-08 12:23:53.628919
youtube#commentThread,wbdRofniTnN3QAyclwjM3E4OwtI,UgxYDj29cmTwyb65nzh4AaABAg,"{'videoId': 'ZBaqttk_mG8', 'topLevelComment': {'kind': 'youtube#comment', 'etag': 'd8BvoKkOxiHhUhrHiF0L0Ztz8fQ', 'id': 'UgxYDj29cmTwyb65nzh4AaABAg', 'snippet': {'videoId': 'ZBaqttk_mG8', 'textDisplay': 'BOLSONARO 22', 'textOriginal': 'BOLSONARO 22', 'authorDisplayName': 'Alba Marangoni', 'authorProfileImageUrl': 'https://yt3.ggpht.com/ytc/AGIKgqPPlM1WYo6B9QOotU6Pp4AUY3fX4oXROGVmvA=s48-c-k-c0x00ffffff-no-rj', 'authorChannelUrl': 'http://www.youtube.com/channel/UCnLOqK_vZxlw7XDTnD-5biQ', 'authorChannelId': {'value': 'UCnLOqK_vZxlw7XDTnD-5biQ'}, 'canRate': True, 'viewerRating': 'none', 'likeCount': 1, 'publishedAt': '2022-10-21T23:21:09Z', 'updatedAt': '2022-10-21T23:21:09Z'}}, 'canReply': True, 'totalReplyCount': 0, 'isPublic': True}",,UCnLOqK_vZxlw7XDTnD-5biQ,2022-10-21T23:21:09Z,BOLSONARO 22,,2023-06-08 12:23:53.628919
youtube#commentThread,h3m_0kFMXuZSmb-quCXVHrqk3yA,UgwwW-IwTvkLUKL5DnV4AaABAg,"{'videoId': 'ZBaqttk_mG8', 'topLevelComment': {'kind': 'youtube#comment', 'etag': 'DG97d7X2POKfZmlSKNIArlO_7QY', 'id': 'UgwwW-IwTvkLUKL5DnV4AaABAg', 'snippet': {'videoId': 'ZBaqttk_mG8', 'textDisplay': 'Fiquem de olho nas urnas e apuração 🤨🤡🤡🤡🤡🤡🤡🤡🤡', 'textOriginal': 'Fiquem de olho nas urnas e apuração 🤨🤡🤡🤡🤡🤡🤡🤡🤡', 'authorDisplayName': 'Cintia Freitas', 'authorProfileImageUrl': 'https://yt3.ggpht.com/ytc/AGIKgqPVucWX8uz1IkMpocmdcuG5LnejHG--xeQdvw=s48-c-k-c0x00ffffff-no-rj', 'authorChannelUrl': 'http://www.youtube.com/channel/UCrR-h_ldDupXGiytaBpBybA', 'authorChannelId': {'value': 'UCrR-h_ldDupXGiytaBpBybA'}, 'canRate': True, 'viewerRating': 'none', 'likeCount': 0, 'publishedAt': '2022-10-21T23:21:08Z', 'updatedAt': '2022-10-21T23:21:08Z'}}, 'canReply': True, 'totalReplyCount': 0, 'isPublic': True}",,UCrR-h_ldDupXGiytaBpBybA,2022-10-21T23:21:08Z,Fiquem de olho nas urnas e apuração 🤨🤡🤡🤡🤡🤡🤡🤡🤡,,2023-06-08 12:23:53.628919
youtube#commentThread,6zLwArtGBoiMAVcqfxcWqGX9ycY,UgyeiBc0h3S4LHes9wR4AaABAg,"{'videoId': 'ZBaqttk_mG8', 'topLevelComment': {'kind': 'youtube#comment', 'etag': '4WLWdJv_VcKxR8f6CZNrbUkF-K4', 'id': 'UgyeiBc0h3S4LHes9wR4AaABAg', 'snippet': {'videoId': 'ZBaqttk_mG8', 'textDisplay': '🇧🇷🇧🇷🇧🇷🇧🇷🇧🇷🇧🇷🇧🇷🇧🇷2️⃣2️⃣', 'textOriginal': '🇧🇷🇧🇷🇧🇷🇧🇷🇧🇷🇧🇷🇧🇷🇧🇷2️⃣2️⃣', 'authorDisplayName': 'Cantinho da Sandra', 'authorProfileImageUrl': 'https://yt3.ggpht.com/ytc/AGIKgqMipgua83_fl27gVB1tOHyZ-MtmgAUFxaEBVUcBwQ=s48-c-k-c0x00ffffff-no-rj', 'authorChannelUrl': 'http://www.youtube.com/channel/UCpzzdOpyksUxEpHXPFAhPOw', 'authorChannelId': {'value': 'UCpzzdOpyksUxEpHXPFAhPOw'}, 'canRate': True, 'viewerRating': 'none', 'likeCount': 1, 'publishedAt': '2022-10-21T23:20:54Z', 'updatedAt': '2022-10-21T23:20:54Z'}}, 'canReply': True, 'totalReplyCount': 0, 'isPublic': True}",,UCpzzdOpyksUxEpHXPFAhPOw,2022-10-21T23:20:54Z,🇧🇷🇧🇷🇧🇷🇧🇷🇧🇷🇧🇷🇧🇷🇧🇷2️⃣2️⃣,,2023-06-08 12:23:53.628919
youtube#commentThread,llWylPU1Tye1ul3p1BI0FR8LvHQ,Ugxu6nn0zE6VVCBGqyF4AaABAg,"{'videoId': 'ZBaqttk_mG8', 'topLevelComment': {'kind': 'youtube#comment', 'etag': 'PDigbmEJVVBj7krIkHIpvY9ZisQ', 'id': 'Ugxu6nn0zE6VVCBGqyF4AaABAg', 'snippet': {'videoId': 'ZBaqttk_mG8', 'textDisplay': 'te adoro presidente ♡♡', 'textOriginal': 'te adoro presidente ♡♡', 'authorDisplayName': 'Cilene Herdy', 'authorProfileImageUrl': 'https://yt3.ggpht.com/ytc/AGIKgqOdXqOIocDooTHxF2jL0i-HUhv0eqyKZAWxiX88LA=s48-c-k-c0x00ffffff-no-rj', 'authorChannelUrl': 'http://www.youtube.com/channel/UCSWBGFLBqRKiqKY1ZzTy49w', 'authorChannelId': {'value': 'UCSWBGFLBqRKiqKY1ZzTy49w'}, 'canRate': True, 'viewerRating': 'none', 'likeCount': 1, 'publishedAt': '2022-10-21T23:20:52Z', 'updatedAt': '2022-10-21T23:20:52Z'}}, 'canReply': True, 'totalReplyCount': 0, 'isPublic': True}",,UCSWBGFLBqRKiqKY1ZzTy49w,2022-10-21T23:20:52Z,te adoro presidente ♡♡,,2023-06-08 12:23:53.628919
youtube#commentThread,-gd4pHwV5mgH2mqzQM_OjX_TWrs,Ugzm2NTUfM95jdmKnFJ4AaABAg,"{'videoId': 'ZBaqttk_mG8', 'topLevelComment': {'kind': 'youtube#comment', 'etag': 'ROmwJiZiiTBs9kGUP6b9eASpUr0', 'id': 'Ugzm2NTUfM95jdmKnFJ4AaABAg', 'snippet': {'videoId': 'ZBaqttk_mG8', 'textDisplay': '<a href=""http://www.youtube.com/results?search_query=%23bolsonaropresidente2%E2%83%A32%E2%83%A3"">#BolsonaroPresidente2️⃣2️⃣</a>', 'textOriginal': '#BolsonaroPresidente2️⃣2️⃣', 'authorDisplayName': 'Leila Andrade', 'authorProfileImageUrl': 'https://yt3.ggpht.com/dnGQQQQ9x2S8bZB_GUhrjZTGyROFGt8dyWirqKH7hKmCinMgLE2EIcOPJEiY7jFTTYqBQKQ_4A=s48-c-k-c0x00ffffff-no-rj', 'authorChannelUrl': 'http://www.youtube.com/channel/UCdYbIvcnO4aopjaTIo_UonA', 'authorChannelId': {'value': 'UCdYbIvcnO4aopjaTIo_UonA'}, 'canRate': True, 'viewerRating': 'none', 'likeCount': 0, 'publishedAt': '2022-10-21T23:20:47Z', 'updatedAt': '2022-10-21T23:20:47Z'}}, 'canReply': True, 'totalReplyCount': 0, 'isPublic': True}",,UCdYbIvcnO4aopjaTIo_UonA,2022-10-21T23:20:47Z,#BolsonaroPresidente2️⃣2️⃣,,2023-06-08 12:23:53.628919
youtube#commentThread,WMJKN6oVsieh2yKt841QRr3qsDY,UgwNoCKzVKHJs-poYA14AaABAg,"{'videoId': 'ZBaqttk_mG8', 'topLevelComment': {'kind': 'youtube#comment', 'etag': '3jh4Kk5DwmBwHD6ZywHa00wWfRo', 'id': 'UgwNoCKzVKHJs-poYA14AaABAg', 'snippet': {'videoId': 'ZBaqttk_mG8', 'textDisplay': 'Os aposentados do INSS', 'textOriginal': 'Os aposentados do INSS', 'authorDisplayName': 'Rosa Ferreira', 'authorProfileImageUrl': 'https://yt3.ggpht.com/ytc/AGIKgqOlvAVFf0k5cQitkHzhbCtqscGM7WA1A3EQoE-TrWG5iz3tLvqKhVATC9DJtM-T=s48-c-k-c0x00ffffff-no-rj', 'authorChannelUrl': 'http://www.youtube.com/channel/UCJdfS19A1qHqkb0cW61yUpA', 'authorChannelId': {'value': 'UCJdfS19A1qHqkb0cW61yUpA'}, 'canRate': True, 'viewerRating': 'none', 'likeCount': 2, 'publishedAt': '2022-10-21T23:20:41Z', 'updatedAt': '2022-10-21T23:20:41Z'}}, 'canReply': True, 'totalReplyCount': 0, 'isPublic': True}",,UCJdfS19A1qHqkb0cW61yUpA,2022-10-21T23:20:41Z,Os aposentados do INSS,,2023-06-08 12:23:53.628919
youtube#commentThread,3A3nRRXOSyrkVEjzpQJRN0o2j5A,Ugxb6RAUDDbxiV01GWh4AaABAg,"{'videoId': 'ZBaqttk_mG8', 'topLevelComment': {'kind': 'youtube#comment', 'etag': 'kbzoNGfe5vhIulrckLp7vsliURs', 'id': 'Ugxb6RAUDDbxiV01GWh4AaABAg', 'snippet': {'videoId': 'ZBaqttk_mG8', 'textDisplay': '<a href=""http://www.youtube.com/results?search_query=%23bolsonaro"">#Bolsonaro</a> 22🇧🇷🇧🇷', 'textOriginal': '#Bolsonaro 22🇧🇷🇧🇷', 'authorDisplayName': 'cenira castro', 'authorProfileImageUrl': 'https://yt3.ggpht.com/ytc/AGIKgqP4cBsF8weNI_hSlUZXlxFgfKZSrvZ2rDqqxVKI=s48-c-k-c0x00ffffff-no-rj', 'authorChannelUrl': 'http://www.youtube.com/channel/UC0ODv3zrLw77oKc1lxyvC-g', 'authorChannelId': {'value': 'UC0ODv3zrLw77oKc1lxyvC-g'}, 'canRate': True, 'viewerRating': 'none', 'likeCount': 0, 'publishedAt': '2022-10-21T23:20:35Z', 'updatedAt': '2022-10-21T23:20:35Z'}}, 'canReply': True, 'totalReplyCount': 0, 'isPublic': True}",,UC0ODv3zrLw77oKc1lxyvC-g,2022-10-21T23:20:35Z,#Bolsonaro 22🇧🇷🇧🇷,,2023-06-08 12:23:53.628919
youtube#commentThread,3m8zGb_WQ-GmV9VYbBS2JanH7wo,UgwqMqQRfaJxUgzPGGp4AaABAg,"{'videoId': 'ZBaqttk_mG8', 'topLevelComment': {'kind': 'youtube#comment', 'etag': 'M2EhL6sRLLfK_XJeVUh86fHa2mQ', 'id': 'UgwqMqQRfaJxUgzPGGp4AaABAg', 'snippet': {'videoId': 'ZBaqttk_mG8', 'textDisplay': 'Não acreditem nos Petralhas!<br>OS Petralhas querem tumultuar', 'textOriginal': 'Não acreditem nos Petralhas!\\nOS Petralhas querem tumultuar', 'authorDisplayName': 'Julita Aparecida Gurgel Cefaly Gaspar', 'authorProfileImageUrl': 'https://yt3.ggpht.com/ytc/AGIKgqOfbtktX6IlAdJNBm7c2WUKT67ZouW7eJPzrQ=s48-c-k-c0x00ffffff-no-rj', 'authorChannelUrl': 'http://www.youtube.com/channel/UC2GvQabRdM9VDUue8xzSfWQ', 'authorChannelId': {'value': 'UC2GvQabRdM9VDUue8xzSfWQ'}, 'canRate': True, 'viewerRating': 'none', 'likeCount': 3, 'publishedAt': '2022-10-21T23:20:35Z', 'updatedAt': '2022-10-21T23:20:35Z'}}, 'canReply': True, 'totalReplyCount': 0, 'isPublic': True}",,UC2GvQabRdM9VDUue8xzSfWQ,2022-10-21T23:20:35Z,"Não acreditem nos Petralhas!
OS Petralhas querem tumultuar",,2023-06-08 12:23:53.628919
youtube#commentThread,yqpsGOVRfTitFcnP66nZe0ucDCM,UgwnHEeqqS4G-_EZjBR4AaABAg,"{'videoId': 'ZBaqttk_mG8', 'topLevelComment': {'kind': 'youtube#comment', 'etag': 'ZOaSDsfsD4Uw_ECD3iL472TYdXA', 'id': 'UgwnHEeqqS4G-_EZjBR4AaABAg', 'snippet': {'videoId': 'ZBaqttk_mG8', 'textDisplay': 'Tamo junto e forte por um Brasil muito melhor.<br>Na Bahia pra governador 44<br>BOLSONARO 22<br>Em SP pra governador 10<br>BOLSONARO.       22<br>🇧🇷🇧🇷🇧🇷🇧🇷🇧🇷🇧🇷🇧🇷🇧🇷🇧🇷 MITO', 'textOriginal': 'Tamo junto e forte por um Brasil muito melhor.\\nNa Bahia pra governador 44\\nBOLSONARO 22\\nEm SP pra governador 10\\nBOLSONARO.       22\\n🇧🇷🇧🇷🇧🇷🇧🇷🇧🇷🇧🇷🇧🇷🇧🇷🇧🇷 MITO', 'authorDisplayName': 'Sérgio de Souza Souza', 'authorProfileImageUrl': 'https://yt3.ggpht.com/ytc/AGIKgqMASWxNT3P6xB6iMoC_37vpgnOb8mqhL2ipAA=s48-c-k-c0x00ffffff-no-rj', 'authorChannelUrl': 'http://www.youtube.com/channel/UCMSYTKrXESgkTRt3OO11-Jg', 'authorChannelId': {'value': 'UCMSYTKrXESgkTRt3OO11-Jg'}, 'canRate': True, 'viewerRating': 'none', 'likeCount': 10, 'publishedAt': '2022-10-21T23:20:06Z', 'updatedAt': '2022-10-21T23:20:06Z'}}, 'canReply': True, 'totalReplyCount': 0, 'isPublic': True}",,UCMSYTKrXESgkTRt3OO11-Jg,2022-10-21T23:20:06Z,"Tamo junto e forte por um Brasil muito melhor.
Na Bahia pra governador 44
BOLSONARO 22
Em SP pra governador 10
BOLSONARO.       22
🇧🇷🇧🇷🇧🇷🇧🇷🇧🇷🇧🇷🇧🇷🇧🇷🇧🇷 MITO",,2023-06-08 12:23:53.628919
youtube#commentThread,OUH3CG3HdKEMfclreFNpWEwIIuA,Ugxhu7pvT8dAIti1EqJ4AaABAg,"{'videoId': 'ZBaqttk_mG8', 'topLevelComment': {'kind': 'youtube#comment', 'etag': 'hSJHMWAzECfLBYDv0-fI7frG_NY', 'id': 'Ugxhu7pvT8dAIti1EqJ4AaABAg', 'snippet': {'videoId': 'ZBaqttk_mG8', 'textDisplay': 'Censura só para nós, a esquerda pode deitar e rolar que o STF não faz nada🤨🤨🤨🤨🤨😠😠😠😠😠', 'textOriginal': 'Censura só para nós, a esquerda pode deitar e rolar que o STF não faz nada🤨🤨🤨🤨🤨😠😠😠😠😠', 'authorDisplayName': 'Cintia Freitas', 'authorProfileImageUrl': 'https://yt3.ggpht.com/ytc/AGIKgqPVucWX8uz1IkMpocmdcuG5LnejHG--xeQdvw=s48-c-k-c0x00ffffff-no-rj', 'authorChannelUrl': 'http://www.youtube.com/channel/UCrR-h_ldDupXGiytaBpBybA', 'authorChannelId': {'value': 'UCrR-h_ldDupXGiytaBpBybA'}, 'canRate': True, 'viewerRating': 'none', 'likeCount': 13, 'publishedAt': '2022-10-21T23:20:01Z', 'updatedAt': '2022-10-21T23:20:01Z'}}, 'canReply': True, 'totalReplyCount': 0, 'isPublic': True}",,UCrR-h_ldDupXGiytaBpBybA,2022-10-21T23:20:01Z,"Censura só para nós, a esquerda pode deitar e rolar que o STF não faz nada🤨🤨🤨🤨🤨😠😠😠😠😠",,2023-06-08 12:23:53.628919
youtube#commentThread,-6nOXR62VJlTYc01yAGKRrMOSnY,UgxZE06Rb2LAzBxBLH14AaABAg,"{'videoId': 'ZBaqttk_mG8', 'topLevelComment': {'kind': 'youtube#comment', 'etag': 'vxuGB_COShjjI_-CGwaKOK7bP1g', 'id': 'UgxZE06Rb2LAzBxBLH14AaABAg', 'snippet': {'videoId': 'ZBaqttk_mG8', 'textDisplay': 'A MISSÃO CONTINUA CADA UM DE NÓS DEVEMOS BUSCAR E VIRAR O MÁXIMO DE VOTO ATÉ DIA 30 MUDA BRASIL BOLSONARO 22', 'textOriginal': 'A MISSÃO CONTINUA CADA UM DE NÓS DEVEMOS BUSCAR E VIRAR O MÁXIMO DE VOTO ATÉ DIA 30 MUDA BRASIL BOLSONARO 22', 'authorDisplayName': 'Antônio vieira', 'authorProfileImageUrl': 'https://yt3.ggpht.com/ytc/AGIKgqMDs620U4ghVYCfx8-i76jhCSFbylrUP_yo9g8qYA=s48-c-k-c0x00ffffff-no-rj', 'authorChannelUrl': 'http://www.youtube.com/channel/UChgY1ZWVF9kOSdtslrovhxw', 'authorChannelId': {'value': 'UChgY1ZWVF9kOSdtslrovhxw'}, 'canRate': True, 'viewerRating': 'none', 'likeCount': 33, 'publishedAt': '2022-10-21T23:20:01Z', 'updatedAt': '2022-10-21T23:20:01Z'}}, 'canReply': True, 'totalReplyCount': 0, 'isPublic': True}",,UChgY1ZWVF9kOSdtslrovhxw,2022-10-21T23:20:01Z,A MISSÃO CONTINUA CADA UM DE NÓS DEVEMOS BUSCAR E VIRAR O MÁXIMO DE VOTO ATÉ DIA 30 MUDA BRASIL BOLSONARO 22,,2023-06-08 12:23:53.628919
youtube#commentThread,jp5ULgxyOSY5pgxR6ped3LN97iE,UgyHMv9X1oH9nP3Os254AaABAg,"{'videoId': 'ZBaqttk_mG8', 'topLevelComment': {'kind': 'youtube#comment', 'etag': 'Gqg99cjuY26cNsWwXc46Hva1AH8', 'id': 'UgyHMv9X1oH9nP3Os254AaABAg', 'snippet': {'videoId': 'ZBaqttk_mG8', 'textDisplay': 'MITOOOOOOOOOOOOOOOOOOOOOOOOOOOOOOOOOOOOOOOOOOOOOOOOOOOOO<br>MITAÇOOOOOOOOOOOOOOOOOOOOOOOOOOOOOOOOOOOOOOOOOOOOOOOOOOO<br>EU BOLSONEIIIIIIIIIIIIIIIIIIIIIIIIIIIIIIIIIIIIIIIIIIIIIIIIIIIIIIIIIIIIIIIIIIIIIIIIIIIIIIIIIIIIIIIIIIIIIIIIIIIIIIIIIIIIIIIIIIIIIII<br>VEM SER FELIZ VEM PRO MITOOOOOOOOOOOOOOOOOOOOOOOOOOOOOOOOOOOO', 'textOriginal': 'MITOOOOOOOOOOOOOOOOOOOOOOOOOOOOOOOOOOOOOOOOOOOOOOOOOOOOO\\nMITAÇOOOOOOOOOOOOOOOOOOOOOOOOOOOOOOOOOOOOOOOOOOOOOOOOOOO\\nEU BOLSONEIIIIIIIIIIIIIIIIIIIIIIIIIIIIIIIIIIIIIIIIIIIIIIIIIIIIIIIIIIIIIIIIIIIIIIIIIIIIIIIIIIIIIIIIIIIIIIIIIIIIIIIIIIIIIIIIIIIIIII\\nVEM SER FELIZ VEM PRO MITOOOOOOOOOOOOOOOOOOOOOOOOOOOOOOOOOOOO', 'authorDisplayName': 'Motos & Marcas', 'authorProfileImageUrl': 'https://yt3.ggpht.com/7tmsFdY3BQbvFOjTtjHcf06qLhCrZFgJaW_VH8tyeSELb3ZP9dj3wcfhBjQaSJ0NyPySWJsV=s48-c-k-c0x00ffffff-no-rj', 'authorChannelUrl': 'http://www.youtube.com/channel/UCNy83SrInNjTB5FgKl4S57A', 'authorChannelId': {'value': 'UCNy83SrInNjTB5FgKl4S57A'}, 'canRate': True, 'viewerRating': 'none', 'likeCount': 2, 'publishedAt': '2022-10-21T23:19:57Z', 'updatedAt': '2022-10-21T23:19:57Z'}}, 'canReply': True, 'totalReplyCount': 1, 'isPublic': True}","{'comments': [{'kind': 'youtube#comment', 'etag': 'N5BsNFJyrR5Fi5ORMRb09qFTj1U', 'id': 'UgyHMv9X1oH9nP3Os254AaABAg.9hT7B4ixzcS9hT7bPb89gd', 'snippet': {'videoId': 'ZBaqttk_mG8', 'textDisplay': '💚💛🇧🇷🇧🇷🇧🇷🇧🇷🤜🏼🤛🏼', 'textOriginal': '💚💛🇧🇷🇧🇷🇧🇷🇧🇷🤜🏼🤛🏼', 'parentId': 'UgyHMv9X1oH9nP3Os254AaABAg', 'authorDisplayName': 'GIL MARIZA GILVÂNIA', 'authorProfileImageUrl': 'https://yt3.ggpht.com/ytc/AGIKgqMrLMayvUvqcypDf-8LNjTi3MjIoM0SvSEIPeIc=s48-c-k-c0x00ffffff-no-rj', 'authorChannelUrl': 'http://www.youtube.com/channel/UCvXTfSKQsbW1OeX8HMmwrnQ', 'authorChannelId': {'value': 'UCvXTfSKQsbW1OeX8HMmwrnQ'}, 'canRate': True, 'viewerRating': 'none', 'likeCount': 1, 'publishedAt': '2022-10-21T23:23:41Z', 'updatedAt': '2022-10-21T23:23:41Z'}}]}",UCNy83SrInNjTB5FgKl4S57A,2022-10-21T23:19:57Z,"MITOOOOOOOOOOOOOOOOOOOOOOOOOOOOOOOOOOOOOOOOOOOOOOOOOOOOO
MITAÇOOOOOOOOOOOOOOOOOOOOOOOOOOOOOOOOOOOOOOOOOOOOOOOOOOO
EU BOLSONEIIIIIIIIIIIIIIIIIIIIIIIIIIIIIIIIIIIIIIIIIIIIIIIIIIIIIIIIIIIIIIIIIIIIIIIIIIIIIIIIIIIIIIIIIIIIIIIIIIIIIIIIIIIIIIIIIIIIIII
VEM SER FELIZ VEM PRO MITOOOOOOOOOOOOOOOOOOOOOOOOOOOOOOOOOOOO",,2023-06-08 12:23:53.628919
youtube#commentThread,BOo-gkh4wFzln3V7UsYxHtwZjow,Ugx0vTaoE1mcWzX1_r14AaABAg,"{'videoId': 'ZBaqttk_mG8', 'topLevelComment': {'kind': 'youtube#comment', 'etag': 'LEUhm3h60eC2KSyW2AQ2Tb6QsEc', 'id': 'Ugx0vTaoE1mcWzX1_r14AaABAg', 'snippet': {'videoId': 'ZBaqttk_mG8', 'textDisplay': 'Força Brasil tamos juntos o problema não é o voto o problema é outro todos sabemos', 'textOriginal': 'Força Brasil tamos juntos o problema não é o voto o problema é outro todos sabemos', 'authorDisplayName': 'Adroaldo Prestes', 'authorProfileImageUrl': 'https://yt3.ggpht.com/ytc/AGIKgqPEclljAmszFs74zlZ_u6izByGzu-87DZ3P2DT856oKmSZzCq5mN3uTdjPcyvYi=s48-c-k-c0x00ffffff-no-rj', 'authorChannelUrl': 'http://www.youtube.com/channel/UCiPSCUrwCQtqZU6Kp1QEopQ', 'authorChannelId': {'value': 'UCiPSCUrwCQtqZU6Kp1QEopQ'}, 'canRate': True, 'viewerRating': 'none', 'likeCount': 25, 'publishedAt': '2022-10-21T23:19:29Z', 'updatedAt': '2022-10-21T23:19:29Z'}}, 'canReply': True, 'totalReplyCount': 0, 'isPublic': True}",,UCiPSCUrwCQtqZU6Kp1QEopQ,2022-10-21T23:19:29Z,Força Brasil tamos juntos o problema não é o voto o problema é outro todos sabemos,,2023-06-08 12:23:53.628919
youtube#commentThread,Yyd_StvQRpXhMus-20KeDNZIC-0,UgzlHnxfPrnLhjY5BzB4AaABAg,"{'videoId': 'ZBaqttk_mG8', 'topLevelComment': {'kind': 'youtube#comment', 'etag': 'S6x3mq0bylYhQ1VhDXNXYGs2zCY', 'id': 'UgzlHnxfPrnLhjY5BzB4AaABAg', 'snippet': {'videoId': 'ZBaqttk_mG8', 'textDisplay': 'O NEGÓCIO É POR PRA QUEBRAR,  O ESTADO NÃO CONTÉM O POVO REVOLTADO', 'textOriginal': 'O NEGÓCIO É POR PRA QUEBRAR,  O ESTADO NÃO CONTÉM O POVO REVOLTADO', 'authorDisplayName': 'Hamilton Oliveira', 'authorProfileImageUrl': 'https://yt3.ggpht.com/ytc/AGIKgqPZ7ramS0vHas-O64C5v3oPI0by5RBEL5JgFg=s48-c-k-c0x00ffffff-no-rj', 'authorChannelUrl': 'http://www.youtube.com/channel/UCR-WGmu5jUkHT_ozdaXEzYg', 'authorChannelId': {'value': 'UCR-WGmu5jUkHT_ozdaXEzYg'}, 'canRate': True, 'viewerRating': 'none', 'likeCount': 0, 'publishedAt': '2022-10-21T23:19:25Z', 'updatedAt': '2022-10-21T23:19:25Z'}}, 'canReply': True, 'totalReplyCount': 0, 'isPublic': True}",,UCR-WGmu5jUkHT_ozdaXEzYg,2022-10-21T23:19:25Z,"O NEGÓCIO É POR PRA QUEBRAR,  O ESTADO NÃO CONTÉM O POVO REVOLTADO",,2023-06-08 12:23:53.628919
youtube#commentThread,xDO-CvCuUnvK11Lz8-SYOa1JV10,UgzHaz_4UTTN-pnAIP54AaABAg,"{'videoId': 'ZBaqttk_mG8', 'topLevelComment': {'kind': 'youtube#comment', 'etag': 'sDdr55fXqu2Ezt5zK6pQrdTj_80', 'id': 'UgzHaz_4UTTN-pnAIP54AaABAg', 'snippet': {'videoId': 'ZBaqttk_mG8', 'textDisplay': 'Vai dar reajuste para aposentado do Exército às viúva', 'textOriginal': 'Vai dar reajuste para aposentado do Exército às viúva', 'authorDisplayName': 'Rosa Ferreira', 'authorProfileImageUrl': 'https://yt3.ggpht.com/ytc/AGIKgqOlvAVFf0k5cQitkHzhbCtqscGM7WA1A3EQoE-TrWG5iz3tLvqKhVATC9DJtM-T=s48-c-k-c0x00ffffff-no-rj', 'authorChannelUrl': 'http://www.youtube.com/channel/UCJdfS19A1qHqkb0cW61yUpA', 'authorChannelId': {'value': 'UCJdfS19A1qHqkb0cW61yUpA'}, 'canRate': True, 'viewerRating': 'none', 'likeCount': 0, 'publishedAt': '2022-10-21T23:19:24Z', 'updatedAt': '2022-10-21T23:19:24Z'}}, 'canReply': True, 'totalReplyCount': 1, 'isPublic': True}","{'comments': [{'kind': 'youtube#comment', 'etag': '25w5LYOJkd-IjbeIQTtXQTOLegw', 'id': 'UgzHaz_4UTTN-pnAIP54AaABAg.9hT770leMkK9hVXnTaROmc', 'snippet': {'videoId': 'ZBaqttk_mG8', 'textDisplay': 'Sua vida tem preço? A minha não e muito menos do meu primo morto em combate contra o crime organizado que vcs defendem os direitos. Que tal vc se virar em prol sua defesa? Melhor, vamos trocar vc vai pro lugar dele e pode ficar com a aposentadoria. A certeza de que ele fez mais por vc do que vc msm faz por vc. E sem mimi de pago pelo população, militar tem imposto descontado na folha de pagamento e paga mais q vc. Tira da sua cabeça, pois ninguém é obrigado a seguir carreira militar. Cuidado para não fica sem defesa e ter que presenciar a invasão de militares com ordem para executar. Talvez Ucrânia te sirva de exemplo. Qdo bandidinho te apontar uma arma vc faz um L. Kkkkkkk.', 'textOriginal': 'Sua vida tem preço? A minha não e muito menos do meu primo morto em combate contra o crime organizado que vcs defendem os direitos. Que tal vc se virar em prol sua defesa? Melhor, vamos trocar vc vai pro lugar dele e pode ficar com a aposentadoria. A certeza de que ele fez mais por vc do que vc msm faz por vc. E sem mimi de pago pelo população, militar tem imposto descontado na folha de pagamento e paga mais q vc. Tira da sua cabeça, pois ninguém é obrigado a seguir carreira militar. Cuidado para não fica sem defesa e ter que presenciar a invasão de militares com ordem para executar. Talvez Ucrânia te sirva de exemplo. Qdo bandidinho te apontar uma arma vc faz um L. Kkkkkkk.', 'parentId': 'UgzHaz_4UTTN-pnAIP54AaABAg', 'authorDisplayName': 'Flavio Ribeiro', 'authorProfileImageUrl': 'https://yt3.ggpht.com/ytc/AGIKgqP0ZDsilooViQfFSUBoI7qB-hLN9IvncMzmww=s48-c-k-c0x00ffffff-no-rj', 'authorChannelUrl': 'http://www.youtube.com/channel/UCCxhO4KeEZX9lNwTngz50QA', 'authorChannelId': {'value': 'UCCxhO4KeEZX9lNwTngz50QA'}, 'canRate': True, 'viewerRating': 'none', 'likeCount': 0, 'publishedAt': '2022-10-22T21:51:00Z', 'updatedAt': '2022-10-22T21:51:00Z'}}]}",UCJdfS19A1qHqkb0cW61yUpA,2022-10-21T23:19:24Z,Vai dar reajuste para aposentado do Exército às viúva,,2023-06-08 12:23:53.628919
youtube#commentThread,1XQ-IO7Av1I_oHjVTfX5xnIloE0,UgxJd8fDY7wrfw_x4iZ4AaABAg,"{'videoId': 'ZBaqttk_mG8', 'topLevelComment': {'kind': 'youtube#comment', 'etag': '29qECUUAVTbE3aTD0iI1hcoZV_M', 'id': 'UgxJd8fDY7wrfw_x4iZ4AaABAg', 'snippet': {'videoId': 'ZBaqttk_mG8', 'textDisplay': 'STF é uma vergonha Nacional  cala a boca do povo brasileiro.', 'textOriginal': 'STF é uma vergonha Nacional  cala a boca do povo brasileiro.', 'authorDisplayName': 'Vera Sonia', 'authorProfileImageUrl': 'https://yt3.ggpht.com/ytc/AGIKgqOcP_HRfbe9xkGirPYUB_88FfG4TIxUab-WIA=s48-c-k-c0x00ffffff-no-rj', 'authorChannelUrl': 'http://www.youtube.com/channel/UCJCQr1PKKhSmw6enlMD2yaA', 'authorChannelId': {'value': 'UCJCQr1PKKhSmw6enlMD2yaA'}, 'canRate': True, 'viewerRating': 'none', 'likeCount': 0, 'publishedAt': '2022-10-21T23:19:11Z', 'updatedAt': '2022-10-21T23:19:11Z'}}, 'canReply': True, 'totalReplyCount': 0, 'isPublic': True}",,UCJCQr1PKKhSmw6enlMD2yaA,2022-10-21T23:19:11Z,STF é uma vergonha Nacional  cala a boca do povo brasileiro.,,2023-06-08 12:23:53.628919
youtube#commentThread,VTj3DLvHFUW3XIRvDUOJ4p7UA6o,UgzTu1G5Lx82SdJKxmx4AaABAg,"{'videoId': 'ZBaqttk_mG8', 'topLevelComment': {'kind': 'youtube#comment', 'etag': '0PsqoLOGrVDhwvQAz5sySZB6cQ4', 'id': 'UgzTu1G5Lx82SdJKxmx4AaABAg', 'snippet': {'videoId': 'ZBaqttk_mG8', 'textDisplay': 'DIA 30 DAREMOS AS RESPOSTAS PRA TUDO ISSO QUE ESTA ACONTECENDO,,EM NOME DE JESUS 🙏🙌🇧🇷🇧🇷🇧🇷🇧🇷🇧🇷🇧🇷🇧🇷😎', 'textOriginal': 'DIA 30 DAREMOS AS RESPOSTAS PRA TUDO ISSO QUE ESTA ACONTECENDO,,EM NOME DE JESUS 🙏🙌🇧🇷🇧🇷🇧🇷🇧🇷🇧🇷🇧🇷🇧🇷😎', 'authorDisplayName': 'Ricardo Almeida', 'authorProfileImageUrl': 'https://yt3.ggpht.com/ytc/AGIKgqOy28L-oOWojEbQwXQbCPJD2Mjll-96NX4y-Q=s48-c-k-c0x00ffffff-no-rj', 'authorChannelUrl': 'http://www.youtube.com/channel/UCnqAgiTCdXLwGCZRA-80YTg', 'authorChannelId': {'value': 'UCnqAgiTCdXLwGCZRA-80YTg'}, 'canRate': True, 'viewerRating': 'none', 'likeCount': 45, 'publishedAt': '2022-10-21T23:19:05Z', 'updatedAt': '2022-10-21T23:19:05Z'}}, 'canReply': True, 'totalReplyCount': 0, 'isPublic': True}",,UCnqAgiTCdXLwGCZRA-80YTg,2022-10-21T23:19:05Z,"DIA 30 DAREMOS AS RESPOSTAS PRA TUDO ISSO QUE ESTA ACONTECENDO,,EM NOME DE JESUS 🙏🙌🇧🇷🇧🇷🇧🇷🇧🇷🇧🇷🇧🇷🇧🇷😎",,2023-06-08 12:23:53.628919
youtube#commentThread,HI7BTF0z-754crnK18-f1cJ6LhQ,UgyIazPz9lHTO_HAHF54AaABAg,"{'videoId': 'ZBaqttk_mG8', 'topLevelComment': {'kind': 'youtube#comment', 'etag': '5HvOzWLgzzYWhjY-xBOg4TxZaPw', 'id': 'UgyIazPz9lHTO_HAHF54AaABAg', 'snippet': {'videoId': 'ZBaqttk_mG8', 'textDisplay': 'Votar em Lula é  nao amar a família.  🇧🇷🇧🇷💚💛', 'textOriginal': 'Votar em Lula é  nao amar a família.  🇧🇷🇧🇷💚💛', 'authorDisplayName': 'Roseli Soares', 'authorProfileImageUrl': 'https://yt3.ggpht.com/ytc/AGIKgqOiXfG-R0I-em_7-rXz017RK-ayfHx5ErXRlY4TiFcaYpBLnGhNN9gh_EZo11Wc=s48-c-k-c0x00ffffff-no-rj', 'authorChannelUrl': 'http://www.youtube.com/channel/UCdrypnhD1pDRaIWCude9w9g', 'authorChannelId': {'value': 'UCdrypnhD1pDRaIWCude9w9g'}, 'canRate': True, 'viewerRating': 'none', 'likeCount': 22, 'publishedAt': '2022-10-21T23:18:54Z', 'updatedAt': '2022-10-21T23:18:54Z'}}, 'canReply': True, 'totalReplyCount': 1, 'isPublic': True}","{'comments': [{'kind': 'youtube#comment', 'etag': 'uHgRjD9ukA3BFR5pX2NfuRdt8Ts', 'id': 'UgyIazPz9lHTO_HAHF54AaABAg.9hT73P4q8TO9hTDlVa-HqX', 'snippet': {'videoId': 'ZBaqttk_mG8', 'textDisplay': '22', 'textOriginal': '22', 'parentId': 'UgyIazPz9lHTO_HAHF54AaABAg', 'authorDisplayName': 'Lourenço José da Silva', 'authorProfileImageUrl': 'https://yt3.ggpht.com/ytc/AGIKgqNJrlwdY_7Sf8LG1nZHOHLEHiRjOkT4qkZ4dg=s48-c-k-c0x00ffffff-no-rj', 'authorChannelUrl': 'http://www.youtube.com/channel/UCIO3GVk3gc-KQzBnAp_bk2g', 'authorChannelId': {'value': 'UCIO3GVk3gc-KQzBnAp_bk2g'}, 'canRate': True, 'viewerRating': 'none', 'likeCount': 1, 'publishedAt': '2022-10-22T00:17:29Z', 'updatedAt': '2022-10-22T00:17:29Z'}}]}",UCdrypnhD1pDRaIWCude9w9g,2022-10-21T23:18:54Z,Votar em Lula é  nao amar a família.  🇧🇷🇧🇷💚💛,,2023-06-08 12:23:53.628919
youtube#commentThread,_ZUz_yZDC4K01jnVAZkIoCwGBCI,UgwFdA420IIgTeoKZhJ4AaABAg,"{'videoId': 'ZBaqttk_mG8', 'topLevelComment': {'kind': 'youtube#comment', 'etag': '8u9bD1nAM_-tFSelZ6N-Qd5UOmM', 'id': 'UgwFdA420IIgTeoKZhJ4AaABAg', 'snippet': {'videoId': 'ZBaqttk_mG8', 'textDisplay': 'Ao invés de falar do outro candidato o PT deveria mostrar o seu programa pra gente escolher entre um e outro.<br>O que eles propõem na economia, segurança, educação e todos os ministérios além de declarar o nome de seus ministros.', 'textOriginal': 'Ao invés de falar do outro candidato o PT deveria mostrar o seu programa pra gente escolher entre um e outro.\\nO que eles propõem na economia, segurança, educação e todos os ministérios além de declarar o nome de seus ministros.', 'authorDisplayName': 'Gula Lombardi', 'authorProfileImageUrl': 'https://yt3.ggpht.com/ytc/AGIKgqNnldG9_D6Wq1-QoMc5t231DxR7jJnaVOsYqg=s48-c-k-c0x00ffffff-no-rj', 'authorChannelUrl': 'http://www.youtube.com/channel/UCxQfQES3UTSGOQV4ex6a7RA', 'authorChannelId': {'value': 'UCxQfQES3UTSGOQV4ex6a7RA'}, 'canRate': True, 'viewerRating': 'none', 'likeCount': 2, 'publishedAt': '2022-10-21T23:18:49Z', 'updatedAt': '2022-10-21T23:18:49Z'}}, 'canReply': True, 'totalReplyCount': 0, 'isPublic': True}",,UCxQfQES3UTSGOQV4ex6a7RA,2022-10-21T23:18:49Z,"Ao invés de falar do outro candidato o PT deveria mostrar o seu programa pra gente escolher entre um e outro.
O que eles propõem na economia, segurança, educação e todos os ministérios além de declarar o nome de seus ministros.",,2023-06-08 12:23:53.628919
youtube#commentThread,y9yMb2GKToaIzX-0OFhAKRBLoJ0,Ugy8etHhePrQkvspVgZ4AaABAg,"{'videoId': 'ZBaqttk_mG8', 'topLevelComment': {'kind': 'youtube#comment', 'etag': 'gmr5Nzk6XAqmRtCrD6_zlt4amck', 'id': 'Ugy8etHhePrQkvspVgZ4AaABAg', 'snippet': {'videoId': 'ZBaqttk_mG8', 'textDisplay': 'INSURGENCIA CONTRA TIRANIA DO STF E TSE DITATORIAL JA POVO BRASILEIRO!', 'textOriginal': 'INSURGENCIA CONTRA TIRANIA DO STF E TSE DITATORIAL JA POVO BRASILEIRO!', 'authorDisplayName': 'Hamilton Oliveira', 'authorProfileImageUrl': 'https://yt3.ggpht.com/ytc/AGIKgqPZ7ramS0vHas-O64C5v3oPI0by5RBEL5JgFg=s48-c-k-c0x00ffffff-no-rj', 'authorChannelUrl': 'http://www.youtube.com/channel/UCR-WGmu5jUkHT_ozdaXEzYg', 'authorChannelId': {'value': 'UCR-WGmu5jUkHT_ozdaXEzYg'}, 'canRate': True, 'viewerRating': 'none', 'likeCount': 0, 'publishedAt': '2022-10-21T23:18:36Z', 'updatedAt': '2022-10-21T23:18:36Z'}}, 'canReply': True, 'totalReplyCount': 0, 'isPublic': True}",,UCR-WGmu5jUkHT_ozdaXEzYg,2022-10-21T23:18:36Z,INSURGENCIA CONTRA TIRANIA DO STF E TSE DITATORIAL JA POVO BRASILEIRO!,,2023-06-08 12:23:53.628919
youtube#commentThread,0gK6tZA_yJBFAXpQH0L7huhLiTY,UgyozSOQ-A-lH8-EXaB4AaABAg,"{'videoId': 'ZBaqttk_mG8', 'topLevelComment': {'kind': 'youtube#comment', 'etag': 'lnlAzYfbQ6UvEOmSXA0i5ucfxTg', 'id': 'UgyozSOQ-A-lH8-EXaB4AaABAg', 'snippet': {'videoId': 'ZBaqttk_mG8', 'textDisplay': 'Pra falar a verdade..a palavra Bolsonaro já era pra ter desaparecido da boca do povo brasileiro', 'textOriginal': 'Pra falar a verdade..a palavra Bolsonaro já era pra ter desaparecido da boca do povo brasileiro', 'authorDisplayName': 'Moacir De lima', 'authorProfileImageUrl': 'https://yt3.ggpht.com/ytc/AGIKgqNbv4IzIR5vop4DwE-hnLQJbDUK85gDbK5I4l7eI0RHLeqh6DdXku5wJJ4OSyaH=s48-c-k-c0x00ffffff-no-rj', 'authorChannelUrl': 'http://www.youtube.com/channel/UCnO3V1phHeFx7FYiYkBZ_gA', 'authorChannelId': {'value': 'UCnO3V1phHeFx7FYiYkBZ_gA'}, 'canRate': True, 'viewerRating': 'none', 'likeCount': 0, 'publishedAt': '2022-10-21T23:18:19Z', 'updatedAt': '2022-10-21T23:18:19Z'}}, 'canReply': True, 'totalReplyCount': 3, 'isPublic': True}","{'comments': [{'kind': 'youtube#comment', 'etag': 'Lg7LOdR9miY2YPBlfAjL2RXS52g', 'id': 'UgyozSOQ-A-lH8-EXaB4AaABAg.9hT7-8WB55S9hVZE5oZu18', 'snippet': {'videoId': 'ZBaqttk_mG8', 'textDisplay': 'Cuidado para o BR não desaparecer se Lula ganhar. Tá achando que EUA, Rússia e outras super potências militares se importam com Lula? Kkkkkkkk. Não é por políticos que eles apoiam o BR. Só por interesse em nosso território. Principalmente por água. Cuidado com o que escolhe. Plantio não é obrigatório mas a colheita sim.', 'textOriginal': 'Cuidado para o BR não desaparecer se Lula ganhar. Tá achando que EUA, Rússia e outras super potências militares se importam com Lula? Kkkkkkkk. Não é por políticos que eles apoiam o BR. Só por interesse em nosso território. Principalmente por água. Cuidado com o que escolhe. Plantio não é obrigatório mas a colheita sim.', 'parentId': 'UgyozSOQ-A-lH8-EXaB4AaABAg', 'authorDisplayName': 'Flavio Ribeiro', 'authorProfileImageUrl': 'https://yt3.ggpht.com/ytc/AGIKgqP0ZDsilooViQfFSUBoI7qB-hLN9IvncMzmww=s48-c-k-c0x00ffffff-no-rj', 'authorChannelUrl': 'http://www.youtube.com/channel/UCCxhO4KeEZX9lNwTngz50QA', 'authorChannelId': {'value': 'UCCxhO4KeEZX9lNwTngz50QA'}, 'canRate': True, 'viewerRating': 'none', 'likeCount': 0, 'publishedAt': '2022-10-22T22:03:30Z', 'updatedAt': '2022-10-22T22:03:30Z'}}, {'kind': 'youtube#comment', 'etag': 'JR7HcNiq_dlhQg98Poz9TFN0I5c', 'id': 'UgyozSOQ-A-lH8-EXaB4AaABAg.9hT7-8WB55S9hT8I-lRxUN', 'snippet': {'videoId': 'ZBaqttk_mG8', 'textDisplay': 'Só da sua porque primeiro amamos a Deus e confiamos no presidente.<br>Vcs estão de olhos vendados? O Lila criticou a fé do presidente agora vem trazer carta aos evangélicos? Só burro pode acreditar nesse homem', 'textOriginal': 'Só da sua porque primeiro amamos a Deus e confiamos no presidente.\\nVcs estão de olhos vendados? O Lila criticou a fé do presidente agora vem trazer carta aos evangélicos? Só burro pode acreditar nesse homem', 'parentId': 'UgyozSOQ-A-lH8-EXaB4AaABAg', 'authorDisplayName': 'angelina oliveira', 'authorProfileImageUrl': 'https://yt3.ggpht.com/ytc/AGIKgqNpSDDz3lwvDjJHGUC7NQponLqQYckDeVyqcQ=s48-c-k-c0x00ffffff-no-rj', 'authorChannelUrl': 'http://www.youtube.com/channel/UClTvLS2Zx8QZEb7PX6qqD6A', 'authorChannelId': {'value': 'UClTvLS2Zx8QZEb7PX6qqD6A'}, 'canRate': True, 'viewerRating': 'none', 'likeCount': 0, 'publishedAt': '2022-10-21T23:29:38Z', 'updatedAt': '2022-10-21T23:29:38Z'}}, {'kind': 'youtube#comment', 'etag': 'JmNrzMcF7DRmjHNZrmb_1uitaBc', 'id': 'UgyozSOQ-A-lH8-EXaB4AaABAg.9hT7-8WB55S9hT7NYQFfyx', 'snippet': {'videoId': 'ZBaqttk_mG8', 'textDisplay': 'Perdeu o que cara pálida? Bolsonaro é o melhor presidente do Brasil e do mundo. Será reeleito pois nós, cidadãos brasileiros de bem, que cansamos de tanta corrupção, decidimos. Bolsonaro 22', 'textOriginal': 'Perdeu o que cara pálida? Bolsonaro é o melhor presidente do Brasil e do mundo. Será reeleito pois nós, cidadãos brasileiros de bem, que cansamos de tanta corrupção, decidimos. Bolsonaro 22', 'parentId': 'UgyozSOQ-A-lH8-EXaB4AaABAg', 'authorDisplayName': 'Edna Araújo', 'authorProfileImageUrl': 'https://yt3.ggpht.com/ytc/AGIKgqPz_LAj5BKNwDlPI3nfqPteqPA2r8DdXa8zaQ=s48-c-k-c0x00ffffff-no-rj', 'authorChannelUrl': 'http://www.youtube.com/channel/UCauiBoVDsyXcRvJBHbQmJyg', 'authorChannelId': {'value': 'UCauiBoVDsyXcRvJBHbQmJyg'}, 'canRate': True, 'viewerRating': 'none', 'likeCount': 0, 'publishedAt': '2022-10-21T23:21:39Z', 'updatedAt': '2022-10-21T23:21:39Z'}}]}",UCnO3V1phHeFx7FYiYkBZ_gA,2022-10-21T23:18:19Z,Pra falar a verdade..a palavra Bolsonaro já era pra ter desaparecido da boca do povo brasileiro,,2023-06-08 12:23:53.628919
youtube#commentThread,N-m0i8Fxs-6IIfEAmgaNGUao4FQ,UgzC4UHaYr6E3ztd9LN4AaABAg,"{'videoId': 'ZBaqttk_mG8', 'topLevelComment': {'kind': 'youtube#comment', 'etag': 'TUePac9EVdLgF-nFIS52xTa7nLE', 'id': 'UgzC4UHaYr6E3ztd9LN4AaABAg', 'snippet': {'videoId': 'ZBaqttk_mG8', 'textDisplay': '👏Eu creio no Senhor PrBolsonaro. Hoje mesmo vi aqui na Internet um cabra de site de esc de serviços ao INSS, falando desse assunto, então desmascarei no mesmo momento, dando crédito ao Senhor 👏', 'textOriginal': '👏Eu creio no Senhor PrBolsonaro. Hoje mesmo vi aqui na Internet um cabra de site de esc de serviços ao INSS, falando desse assunto, então desmascarei no mesmo momento, dando crédito ao Senhor 👏', 'authorDisplayName': 'Lu Môra', 'authorProfileImageUrl': 'https://yt3.ggpht.com/SVrreRKiWNO_HeC1_a3x7vETYb40IL2nnD1M-OJr4k9aGFsPhbElqireQ2_uYKTzxHXb4i4p=s48-c-k-c0x00ffffff-no-rj', 'authorChannelUrl': 'http://www.youtube.com/channel/UCDTFDctjnGIF6kdXqhaU8rQ', 'authorChannelId': {'value': 'UCDTFDctjnGIF6kdXqhaU8rQ'}, 'canRate': True, 'viewerRating': 'none', 'likeCount': 17, 'publishedAt': '2022-10-21T23:18:17Z', 'updatedAt': '2022-10-21T23:18:17Z'}}, 'canReply': True, 'totalReplyCount': 0, 'isPublic': True}",,UCDTFDctjnGIF6kdXqhaU8rQ,2022-10-21T23:18:17Z,"👏Eu creio no Senhor PrBolsonaro. Hoje mesmo vi aqui na Internet um cabra de site de esc de serviços ao INSS, falando desse assunto, então desmascarei no mesmo momento, dando crédito ao Senhor 👏",,2023-06-08 12:23:53.628919
youtube#commentThread,wJedgzPkzTSlruppZ1Yw3zlE4Bk,UgzIhTPU3M6mK1TfAKF4AaABAg,"{'videoId': 'ZBaqttk_mG8', 'topLevelComment': {'kind': 'youtube#comment', 'etag': 'fA_bEHXP3bLtHOwK-SqTYa487mk', 'id': 'UgzIhTPU3M6mK1TfAKF4AaABAg', 'snippet': {'videoId': 'ZBaqttk_mG8', 'textDisplay': 'Esquerda satânica, demoníaca! Não deveria ter esquerda na terra', 'textOriginal': 'Esquerda satânica, demoníaca! Não deveria ter esquerda na terra', 'authorDisplayName': 'Lourdes Araujo', 'authorProfileImageUrl': 'https://yt3.ggpht.com/8IcAxbGxglLaA5_eEBC7nTut_lKNjbN08ZjWCf-QhONVHo8Q_VGPSxzLLbqOkRKmxk9p4sTHhQ=s48-c-k-c0x00ffffff-no-rj', 'authorChannelUrl': 'http://www.youtube.com/channel/UCeYp3phudoug94vwmpjJLCA', 'authorChannelId': {'value': 'UCeYp3phudoug94vwmpjJLCA'}, 'canRate': True, 'viewerRating': 'none', 'likeCount': 0, 'publishedAt': '2022-10-21T23:18:10Z', 'updatedAt': '2022-10-21T23:18:10Z'}}, 'canReply': True, 'totalReplyCount': 0, 'isPublic': True}",,UCeYp3phudoug94vwmpjJLCA,2022-10-21T23:18:10Z,"Esquerda satânica, demoníaca! Não deveria ter esquerda na terra",,2023-06-08 12:23:53.628919
youtube#commentThread,6XdaSWMG3dFpQE_AxziJpUgJTgI,UgxaEL-DYIzQjjEPzER4AaABAg,"{'videoId': 'ZBaqttk_mG8', 'topLevelComment': {'kind': 'youtube#comment', 'etag': 'jmQaitBmrqlY3UL8Qp0C9bUf224', 'id': 'UgxaEL-DYIzQjjEPzER4AaABAg', 'snippet': {'videoId': 'ZBaqttk_mG8', 'textDisplay': 'Eu não assisto canal aberto, mas tem gente que adora a tv esgoto, que faz todas as matéria com a seguinte intenção &quot; A CULPA É DO BOLSONARO&quot; , CANSA QUALQUER PESSOA COM MAIS DE DOIS NEURÔNIOS. <a href=""http://www.youtube.com/results?search_query=%23bolsonaro22"">#bolsonaro22</a><br><a href=""http://www.youtube.com/results?search_query=%23tarcisio10govsp"">#tarcisio10govsp</a><br><a href=""http://www.youtube.com/results?search_query=%23bolsonaro22"">#bolsonaro22</a><br><a href=""http://www.youtube.com/results?search_query=%23tarcisio10govsp"">#tarcisio10govsp</a><br><a href=""http://www.youtube.com/results?search_query=%23bolsonaro22"">#bolsonaro22</a><br><a href=""http://www.youtube.com/results?search_query=%23tarcisio10govsp"">#tarcisio10govsp</a>', 'textOriginal': 'Eu não assisto canal aberto, mas tem gente que adora a tv esgoto, que faz todas as matéria com a seguinte intenção "" A CULPA É DO BOLSONARO"" , CANSA QUALQUER PESSOA COM MAIS DE DOIS NEURÔNIOS. #bolsonaro22\\n#tarcisio10govsp\\n#bolsonaro22\\n#tarcisio10govsp\\n#bolsonaro22\\n#tarcisio10govsp', 'authorDisplayName': 'Kátia Rocha Garcia', 'authorProfileImageUrl': 'https://yt3.ggpht.com/ytc/AGIKgqM7IOEC6BAWIaZO8uOmn47ZKi_bO3lJLrNMzPBd2ak=s48-c-k-c0x00ffffff-no-rj', 'authorChannelUrl': 'http://www.youtube.com/channel/UCB-AnNNbALKQx4Q-lBjOIag', 'authorChannelId': {'value': 'UCB-AnNNbALKQx4Q-lBjOIag'}, 'canRate': True, 'viewerRating': 'none', 'likeCount': 1, 'publishedAt': '2022-10-21T23:18:01Z', 'updatedAt': '2022-10-21T23:18:01Z'}}, 'canReply': True, 'totalReplyCount': 0, 'isPublic': True}",,UCB-AnNNbALKQx4Q-lBjOIag,2022-10-21T23:18:01Z,"Eu não assisto canal aberto, mas tem gente que adora a tv esgoto, que faz todas as matéria com a seguinte intenção "" A CULPA É DO BOLSONARO"" , CANSA QUALQUER PESSOA COM MAIS DE DOIS NEURÔNIOS. #bolsonaro22
#tarcisio10govsp
#bolsonaro22
#tarcisio10govsp
#bolsonaro22
#tarcisio10govsp",,2023-06-08 12:23:53.628919
youtube#commentThread,JMhhxj3W-G1eBSM5Ph76o1wMDGQ,UgwppuMkkVvzkEmqH_54AaABAg,"{'videoId': 'ZBaqttk_mG8', 'topLevelComment': {'kind': 'youtube#comment', 'etag': 'uz_zy1nUtrUFZgPdhO6OsWguH9U', 'id': 'UgwppuMkkVvzkEmqH_54AaABAg', 'snippet': {'videoId': 'ZBaqttk_mG8', 'textDisplay': 'ELES DIZEM ZOMBANDO QUE O LULA É O PAI DOS POBRES, SÓ NÃO DIZEM QUE O BOZO É PROSTITUTA DOS RICOS QUE ESTÁ À VENDA PARA QUEM PUDER PAGAR O PREÇO!.', 'textOriginal': 'ELES DIZEM ZOMBANDO QUE O LULA É O PAI DOS POBRES, SÓ NÃO DIZEM QUE O BOZO É PROSTITUTA DOS RICOS QUE ESTÁ À VENDA PARA QUEM PUDER PAGAR O PREÇO!.', 'authorDisplayName': 'Rio Alberto', 'authorProfileImageUrl': 'https://yt3.ggpht.com/ytc/AGIKgqP0SynIRFfZKIEfrFGpxVjelGcBxwg6JTTLPQ=s48-c-k-c0x00ffffff-no-rj', 'authorChannelUrl': 'http://www.youtube.com/channel/UChlZDr2nORrDL8ejl_RnEjw', 'authorChannelId': {'value': 'UChlZDr2nORrDL8ejl_RnEjw'}, 'canRate': True, 'viewerRating': 'none', 'likeCount': 0, 'publishedAt': '2022-10-21T23:18:00Z', 'updatedAt': '2022-10-21T23:18:00Z'}}, 'canReply': True, 'totalReplyCount': 0, 'isPublic': True}",,UChlZDr2nORrDL8ejl_RnEjw,2022-10-21T23:18:00Z,"ELES DIZEM ZOMBANDO QUE O LULA É O PAI DOS POBRES, SÓ NÃO DIZEM QUE O BOZO É PROSTITUTA DOS RICOS QUE ESTÁ À VENDA PARA QUEM PUDER PAGAR O PREÇO!.",,2023-06-08 12:23:53.628919
youtube#commentThread,Fb13WZKCROO5ltXDbD4uH4nzM70,UgzgLAnoxqAwevZKH_l4AaABAg,"{'videoId': 'ZBaqttk_mG8', 'topLevelComment': {'kind': 'youtube#comment', 'etag': 'u3qAP07npignLTWXjs-7C8SYbwI', 'id': 'UgzgLAnoxqAwevZKH_l4AaABAg', 'snippet': {'videoId': 'ZBaqttk_mG8', 'textDisplay': 'INSURGENCIA JA', 'textOriginal': 'INSURGENCIA JA', 'authorDisplayName': 'Hamilton Oliveira', 'authorProfileImageUrl': 'https://yt3.ggpht.com/ytc/AGIKgqPZ7ramS0vHas-O64C5v3oPI0by5RBEL5JgFg=s48-c-k-c0x00ffffff-no-rj', 'authorChannelUrl': 'http://www.youtube.com/channel/UCR-WGmu5jUkHT_ozdaXEzYg', 'authorChannelId': {'value': 'UCR-WGmu5jUkHT_ozdaXEzYg'}, 'canRate': True, 'viewerRating': 'none', 'likeCount': 0, 'publishedAt': '2022-10-21T23:17:54Z', 'updatedAt': '2022-10-21T23:17:54Z'}}, 'canReply': True, 'totalReplyCount': 0, 'isPublic': True}",,UCR-WGmu5jUkHT_ozdaXEzYg,2022-10-21T23:17:54Z,INSURGENCIA JA,,2023-06-08 12:23:53.628919
youtube#commentThread,QuVaYx-wA4BP-AYV6cWdPDSQiqc,UgzegKBMCgFHzudcYzl4AaABAg,"{'videoId': 'ZBaqttk_mG8', 'topLevelComment': {'kind': 'youtube#comment', 'etag': 'Vpg7Rur_6-HiARWlap30ViHPUxM', 'id': 'UgzegKBMCgFHzudcYzl4AaABAg', 'snippet': {'videoId': 'ZBaqttk_mG8', 'textDisplay': 'SÓ idiota acredita no PT acho que poço incluir todos do STF/TSE', 'textOriginal': 'SÓ idiota acredita no PT acho que poço incluir todos do STF/TSE', 'authorDisplayName': 'Silvia Torreta', 'authorProfileImageUrl': 'https://yt3.ggpht.com/ytc/AGIKgqMefmAuuk4LJCNx6tga3xEm8dBNJheF6RJA=s48-c-k-c0x00ffffff-no-rj', 'authorChannelUrl': 'http://www.youtube.com/channel/UCyNAgQOUrQiXM3Dzd7UcfDw', 'authorChannelId': {'value': 'UCyNAgQOUrQiXM3Dzd7UcfDw'}, 'canRate': True, 'viewerRating': 'none', 'likeCount': 0, 'publishedAt': '2022-10-21T23:17:51Z', 'updatedAt': '2022-10-21T23:17:51Z'}}, 'canReply': True, 'totalReplyCount': 1, 'isPublic': True}","{'comments': [{'kind': 'youtube#comment', 'etag': 'gndpAoAML3TRBT97oLc27K6m87M', 'id': 'UgzegKBMCgFHzudcYzl4AaABAg.9hT6whduzUI9hT75LbTYZO', 'snippet': {'videoId': 'ZBaqttk_mG8', 'textDisplay': 'Ou estes podem ser qualificados bem pior do que a postagem principal', 'textOriginal': 'Ou estes podem ser qualificados bem pior do que a postagem principal', 'parentId': 'UgzegKBMCgFHzudcYzl4AaABAg', 'authorDisplayName': 'Silvia Torreta', 'authorProfileImageUrl': 'https://yt3.ggpht.com/ytc/AGIKgqMefmAuuk4LJCNx6tga3xEm8dBNJheF6RJA=s48-c-k-c0x00ffffff-no-rj', 'authorChannelUrl': 'http://www.youtube.com/channel/UCyNAgQOUrQiXM3Dzd7UcfDw', 'authorChannelId': {'value': 'UCyNAgQOUrQiXM3Dzd7UcfDw'}, 'canRate': True, 'viewerRating': 'none', 'likeCount': 0, 'publishedAt': '2022-10-21T23:19:10Z', 'updatedAt': '2022-10-21T23:19:10Z'}}]}",UCyNAgQOUrQiXM3Dzd7UcfDw,2022-10-21T23:17:51Z,SÓ idiota acredita no PT acho que poço incluir todos do STF/TSE,,2023-06-08 12:23:53.628919
youtube#commentThread,Gw1V3OBvGSCR_NhvxPLzXlNcl1c,UgwQUtE7c6HkWgL16Dp4AaABAg,"{'videoId': 'ZBaqttk_mG8', 'topLevelComment': {'kind': 'youtube#comment', 'etag': 'DmLlQBEybKbvzd3wRCqM5-8KSio', 'id': 'UgwQUtE7c6HkWgL16Dp4AaABAg', 'snippet': {'videoId': 'ZBaqttk_mG8', 'textDisplay': 'Brasil é 22 e pronto', 'textOriginal': 'Brasil é 22 e pronto', 'authorDisplayName': 'Amadeu Josué Rocha', 'authorProfileImageUrl': 'https://yt3.ggpht.com/2HcwrFqtwlzqmUdSuH2CRMJjaiUP7-I7mgafELgJNhRVO8QULD56wf74HhHq6ks5xSUSG2Ra2A=s48-c-k-c0x00ffffff-no-rj', 'authorChannelUrl': 'http://www.youtube.com/channel/UCbn0E1RRcNcapcv8oBaLPTw', 'authorChannelId': {'value': 'UCbn0E1RRcNcapcv8oBaLPTw'}, 'canRate': True, 'viewerRating': 'none', 'likeCount': 1, 'publishedAt': '2022-10-21T23:17:45Z', 'updatedAt': '2022-10-21T23:17:45Z'}}, 'canReply': True, 'totalReplyCount': 0, 'isPublic': True}",,UCbn0E1RRcNcapcv8oBaLPTw,2022-10-21T23:17:45Z,Brasil é 22 e pronto,,2023-06-08 12:23:53.628919
youtube#commentThread,yj3_sTiVW8d0YyJl9OoJFekdgGw,UgyYGBPT1ra3AsF2xsF4AaABAg,"{'videoId': 'ZBaqttk_mG8', 'topLevelComment': {'kind': 'youtube#comment', 'etag': 'utzVbANWj7TfdJrtViPqD1ZpryE', 'id': 'UgyYGBPT1ra3AsF2xsF4AaABAg', 'snippet': {'videoId': 'ZBaqttk_mG8', 'textDisplay': 'INSURGENCIA JA', 'textOriginal': 'INSURGENCIA JA', 'authorDisplayName': 'Hamilton Oliveira', 'authorProfileImageUrl': 'https://yt3.ggpht.com/ytc/AGIKgqPZ7ramS0vHas-O64C5v3oPI0by5RBEL5JgFg=s48-c-k-c0x00ffffff-no-rj', 'authorChannelUrl': 'http://www.youtube.com/channel/UCR-WGmu5jUkHT_ozdaXEzYg', 'authorChannelId': {'value': 'UCR-WGmu5jUkHT_ozdaXEzYg'}, 'canRate': True, 'viewerRating': 'none', 'likeCount': 1, 'publishedAt': '2022-10-21T23:17:43Z', 'updatedAt': '2022-10-21T23:17:43Z'}}, 'canReply': True, 'totalReplyCount': 0, 'isPublic': True}",,UCR-WGmu5jUkHT_ozdaXEzYg,2022-10-21T23:17:43Z,INSURGENCIA JA,,2023-06-08 12:23:53.628919
youtube#commentThread,_i1vheJaQ9bmN5C3B0I0fcVIDyo,UgwWQ-4_bAOC-elSb5B4AaABAg,"{'videoId': 'ZBaqttk_mG8', 'topLevelComment': {'kind': 'youtube#comment', 'etag': 'YvoVm5aK1mwLKX-dMfvtLPNsT5E', 'id': 'UgwWQ-4_bAOC-elSb5B4AaABAg', 'snippet': {'videoId': 'ZBaqttk_mG8', 'textDisplay': 'Lula e tal de Janones casaram certo dous mentirosos da pior espécie', 'textOriginal': 'Lula e tal de Janones casaram certo dous mentirosos da pior espécie', 'authorDisplayName': 'Atevaldo Almeida', 'authorProfileImageUrl': 'https://yt3.ggpht.com/ytc/AGIKgqM1XGJa7d4-WfBKeBe94agq-VbpYn0KBYuDlA=s48-c-k-c0x00ffffff-no-rj', 'authorChannelUrl': 'http://www.youtube.com/channel/UCd8ngGUEaMTZtHlu2e1lsbQ', 'authorChannelId': {'value': 'UCd8ngGUEaMTZtHlu2e1lsbQ'}, 'canRate': True, 'viewerRating': 'none', 'likeCount': 0, 'publishedAt': '2022-10-21T23:17:37Z', 'updatedAt': '2022-10-21T23:17:37Z'}}, 'canReply': True, 'totalReplyCount': 0, 'isPublic': True}",,UCd8ngGUEaMTZtHlu2e1lsbQ,2022-10-21T23:17:37Z,Lula e tal de Janones casaram certo dous mentirosos da pior espécie,,2023-06-08 12:23:53.628919
youtube#commentThread,Ub_iOSKztjcsAWpWn3uYOblexYI,UgxvEBti5lF8g4isTQx4AaABAg,"{'videoId': 'ZBaqttk_mG8', 'topLevelComment': {'kind': 'youtube#comment', 'etag': 'hikzQI3lBx_R7-Lo-5DXD1Varpg', 'id': 'UgxvEBti5lF8g4isTQx4AaABAg', 'snippet': {'videoId': 'ZBaqttk_mG8', 'textDisplay': '2 safado bolsonaro e esse Guedes, 👎👎☝😔, tá doido pra tirar os poucos direitos dos trabalhadores,  fundo de garantia,  auxílio desemprego,  vão tirar sim,  presidente Lula vencendo tem que demiti imediatamente esee Paulo Guedes,  ministro de rico 🤔💶😔🇧🇷, esse Guedes é um incompetente,  bolsonaro nunca mas,  Lula neles 13🚩🚩🚩🚩🚩🚩🚩🚩🚩🚩🚩🚩🙌🙌🙌💶🇧🇷🇧🇷👏🏽👏🏽🙌', 'textOriginal': '2 safado bolsonaro e esse Guedes, 👎👎☝😔, tá doido pra tirar os poucos direitos dos trabalhadores,  fundo de garantia,  auxílio desemprego,  vão tirar sim,  presidente Lula vencendo tem que demiti imediatamente esee Paulo Guedes,  ministro de rico 🤔💶😔🇧🇷, esse Guedes é um incompetente,  bolsonaro nunca mas,  Lula neles 13🚩🚩🚩🚩🚩🚩🚩🚩🚩🚩🚩🚩🙌🙌🙌💶🇧🇷🇧🇷👏🏽👏🏽🙌', 'authorDisplayName': 'Bruno BrunoFla', 'authorProfileImageUrl': 'https://yt3.ggpht.com/ytc/AGIKgqPdpSiM1jIbgdcPUulR0_HRwdqgxWH9uZ7DH8YEdg=s48-c-k-c0x00ffffff-no-rj', 'authorChannelUrl': 'http://www.youtube.com/channel/UCaMLF3g2rdPG0khvzUT9VEw', 'authorChannelId': {'value': 'UCaMLF3g2rdPG0khvzUT9VEw'}, 'canRate': True, 'viewerRating': 'none', 'likeCount': 1, 'publishedAt': '2022-10-21T23:17:35Z', 'updatedAt': '2022-10-21T23:17:35Z'}}, 'canReply': True, 'totalReplyCount': 0, 'isPublic': True}",,UCaMLF3g2rdPG0khvzUT9VEw,2022-10-21T23:17:35Z,"2 safado bolsonaro e esse Guedes, 👎👎☝😔, tá doido pra tirar os poucos direitos dos trabalhadores,  fundo de garantia,  auxílio desemprego,  vão tirar sim,  presidente Lula vencendo tem que demiti imediatamente esee Paulo Guedes,  ministro de rico 🤔💶😔🇧🇷, esse Guedes é um incompetente,  bolsonaro nunca mas,  Lula neles 13🚩🚩🚩🚩🚩🚩🚩🚩🚩🚩🚩🚩🙌🙌🙌💶🇧🇷🇧🇷👏🏽👏🏽🙌",,2023-06-08 12:23:53.628919
youtube#commentThread,HbaKKw4q0GymAAX37bB5y9kb5y8,UgxfIRPojV6iMu0WDzR4AaABAg,"{'videoId': 'ZBaqttk_mG8', 'topLevelComment': {'kind': 'youtube#comment', 'etag': 'omsPFFvGVBUEQzZE3S6NWldhb40', 'id': 'UgxfIRPojV6iMu0WDzR4AaABAg', 'snippet': {'videoId': 'ZBaqttk_mG8', 'textDisplay': 'Eu não  acredito  em  nada q vem  da esquerda', 'textOriginal': 'Eu não  acredito  em  nada q vem  da esquerda', 'authorDisplayName': 'Lourdes Silva', 'authorProfileImageUrl': 'https://yt3.ggpht.com/ytc/AGIKgqNIBZlM1aqgeVUxqytlUSNywh2rOBkEbmaP3PjL0Uwxfo1-j3aKHDAt9kIYlhoV=s48-c-k-c0x00ffffff-no-rj', 'authorChannelUrl': 'http://www.youtube.com/channel/UCwpbt_EaQ0JVwCr1i2ymK0g', 'authorChannelId': {'value': 'UCwpbt_EaQ0JVwCr1i2ymK0g'}, 'canRate': True, 'viewerRating': 'none', 'likeCount': 0, 'publishedAt': '2022-10-21T23:17:31Z', 'updatedAt': '2022-10-21T23:17:31Z'}}, 'canReply': True, 'totalReplyCount': 0, 'isPublic': True}",,UCwpbt_EaQ0JVwCr1i2ymK0g,2022-10-21T23:17:31Z,Eu não  acredito  em  nada q vem  da esquerda,,2023-06-08 12:23:53.628919
youtube#commentThread,J5-abzGa8XNpljoElcBkhQY5W_E,Ugw6rAxLMzDJxkxwHdl4AaABAg,"{'videoId': 'ZBaqttk_mG8', 'topLevelComment': {'kind': 'youtube#comment', 'etag': 'GFp2_Y530sAvStxSyJvmdfAF3Z4', 'id': 'Ugw6rAxLMzDJxkxwHdl4AaABAg', 'snippet': {'videoId': 'ZBaqttk_mG8', 'textDisplay': 'Estamos juntos com o Presidente Bolsonaro 💚💛💛💚 22', 'textOriginal': 'Estamos juntos com o Presidente Bolsonaro 💚💛💛💚 22', 'authorDisplayName': 'Julita Aparecida Gurgel Cefaly Gaspar', 'authorProfileImageUrl': 'https://yt3.ggpht.com/ytc/AGIKgqOfbtktX6IlAdJNBm7c2WUKT67ZouW7eJPzrQ=s48-c-k-c0x00ffffff-no-rj', 'authorChannelUrl': 'http://www.youtube.com/channel/UC2GvQabRdM9VDUue8xzSfWQ', 'authorChannelId': {'value': 'UC2GvQabRdM9VDUue8xzSfWQ'}, 'canRate': True, 'viewerRating': 'none', 'likeCount': 66, 'publishedAt': '2022-10-21T23:17:27Z', 'updatedAt': '2022-10-21T23:17:27Z'}}, 'canReply': True, 'totalReplyCount': 0, 'isPublic': True}",,UC2GvQabRdM9VDUue8xzSfWQ,2022-10-21T23:17:27Z,Estamos juntos com o Presidente Bolsonaro 💚💛💛💚 22,,2023-06-08 12:23:53.628919
youtube#commentThread,wix4lKpCSGePdoWEoCJrAPeGkaE,Ugzx6GhceqJ9iv7DmNF4AaABAg,"{'videoId': 'ZBaqttk_mG8', 'topLevelComment': {'kind': 'youtube#comment', 'etag': 'vVKcXPSpuVudDeif2k0PKCwzHP4', 'id': 'Ugzx6GhceqJ9iv7DmNF4AaABAg', 'snippet': {'videoId': 'ZBaqttk_mG8', 'textDisplay': 'Essa esquerda é baixa, mentirosa que só fazem fak', 'textOriginal': 'Essa esquerda é baixa, mentirosa que só fazem fak', 'authorDisplayName': 'Cristina P. Brito', 'authorProfileImageUrl': 'https://yt3.ggpht.com/ytc/AGIKgqN8G0vHXaLFNntINBdUDSTbUU5h_DgI_PTW3OjQ4w=s48-c-k-c0x00ffffff-no-rj', 'authorChannelUrl': 'http://www.youtube.com/channel/UC0cLFWbf5StWxd_IRWJukRA', 'authorChannelId': {'value': 'UC0cLFWbf5StWxd_IRWJukRA'}, 'canRate': True, 'viewerRating': 'none', 'likeCount': 0, 'publishedAt': '2022-10-21T23:17:23Z', 'updatedAt': '2022-10-21T23:17:23Z'}}, 'canReply': True, 'totalReplyCount': 0, 'isPublic': True}",,UC0cLFWbf5StWxd_IRWJukRA,2022-10-21T23:17:23Z,"Essa esquerda é baixa, mentirosa que só fazem fak",,2023-06-08 12:23:53.628919
youtube#commentThread,zhCKtL6MocgmvfVHT6KaT73Q5qU,Ugz9jKX5yMwhJ4tev9h4AaABAg,"{'videoId': 'ZBaqttk_mG8', 'topLevelComment': {'kind': 'youtube#comment', 'etag': 'O4dGqSq8PlWbUx3eew4YED5-LZg', 'id': 'Ugz9jKX5yMwhJ4tev9h4AaABAg', 'snippet': {'videoId': 'ZBaqttk_mG8', 'textDisplay': 'BOLSONARO PRESIDENTE REELEITO 22 é o melhor presidente do mundo e do Brasil 🙏🇧🇷🇧🇷🇧🇷🇧🇷🇧🇷🇧🇷🇧🇷🇧🇷🇧🇷🇧🇷🇧🇷🇧🇷🇧🇷🇧🇷🇧🇷 MITO', 'textOriginal': 'BOLSONARO PRESIDENTE REELEITO 22 é o melhor presidente do mundo e do Brasil 🙏🇧🇷🇧🇷🇧🇷🇧🇷🇧🇷🇧🇷🇧🇷🇧🇷🇧🇷🇧🇷🇧🇷🇧🇷🇧🇷🇧🇷🇧🇷 MITO', 'authorDisplayName': 'Sérgio de Souza Souza', 'authorProfileImageUrl': 'https://yt3.ggpht.com/ytc/AGIKgqMASWxNT3P6xB6iMoC_37vpgnOb8mqhL2ipAA=s48-c-k-c0x00ffffff-no-rj', 'authorChannelUrl': 'http://www.youtube.com/channel/UCMSYTKrXESgkTRt3OO11-Jg', 'authorChannelId': {'value': 'UCMSYTKrXESgkTRt3OO11-Jg'}, 'canRate': True, 'viewerRating': 'none', 'likeCount': 14, 'publishedAt': '2022-10-21T23:17:13Z', 'updatedAt': '2022-10-21T23:17:13Z'}}, 'canReply': True, 'totalReplyCount': 0, 'isPublic': True}",,UCMSYTKrXESgkTRt3OO11-Jg,2022-10-21T23:17:13Z,BOLSONARO PRESIDENTE REELEITO 22 é o melhor presidente do mundo e do Brasil 🙏🇧🇷🇧🇷🇧🇷🇧🇷🇧🇷🇧🇷🇧🇷🇧🇷🇧🇷🇧🇷🇧🇷🇧🇷🇧🇷🇧🇷🇧🇷 MITO,,2023-06-08 12:23:53.628919
youtube#commentThread,ezr_y8598MAfl1WfWoXUDPFb4Bs,UgzR1EJavbu-nzHFhap4AaABAg,"{'videoId': 'ZBaqttk_mG8', 'topLevelComment': {'kind': 'youtube#comment', 'etag': 'vQuyj_A2l6gPjN2Su1cdzBBk3SY', 'id': 'UgzR1EJavbu-nzHFhap4AaABAg', 'snippet': {'videoId': 'ZBaqttk_mG8', 'textDisplay': 'ANDRE JANONES UMA VERGONHA PRA QUALQUER MINEIRO DE VERGONHA NA CARA REPUDIAR', 'textOriginal': 'ANDRE JANONES UMA VERGONHA PRA QUALQUER MINEIRO DE VERGONHA NA CARA REPUDIAR', 'authorDisplayName': 'Hamilton Oliveira', 'authorProfileImageUrl': 'https://yt3.ggpht.com/ytc/AGIKgqPZ7ramS0vHas-O64C5v3oPI0by5RBEL5JgFg=s48-c-k-c0x00ffffff-no-rj', 'authorChannelUrl': 'http://www.youtube.com/channel/UCR-WGmu5jUkHT_ozdaXEzYg', 'authorChannelId': {'value': 'UCR-WGmu5jUkHT_ozdaXEzYg'}, 'canRate': True, 'viewerRating': 'none', 'likeCount': 4, 'publishedAt': '2022-10-21T23:17:00Z', 'updatedAt': '2022-10-21T23:17:00Z'}}, 'canReply': True, 'totalReplyCount': 0, 'isPublic': True}",,UCR-WGmu5jUkHT_ozdaXEzYg,2022-10-21T23:17:00Z,ANDRE JANONES UMA VERGONHA PRA QUALQUER MINEIRO DE VERGONHA NA CARA REPUDIAR,,2023-06-08 12:23:53.628919
youtube#commentThread,U2di3r36P40QgUPYQ1LJ7iFAW8Q,UgzkKpipVsxOaEb5pfl4AaABAg,"{'videoId': 'ZBaqttk_mG8', 'topLevelComment': {'kind': 'youtube#comment', 'etag': '5b-6I0HM-5Z9wQyPAlOrg13ldTw', 'id': 'UgzkKpipVsxOaEb5pfl4AaABAg', 'snippet': {'videoId': 'ZBaqttk_mG8', 'textDisplay': 'Sou Cássia Helena Costa e voto no Bolsonaro 🙏💚 22<br>Tudo que ele está dizendo é vdd. <br>Gratidão presidente por tanto que faz por nós 🙏', 'textOriginal': 'Sou Cássia Helena Costa e voto no Bolsonaro 🙏💚 22\\nTudo que ele está dizendo é vdd. \\nGratidão presidente por tanto que faz por nós 🙏', 'authorDisplayName': 'Cassia Helena Costa', 'authorProfileImageUrl': 'https://yt3.ggpht.com/ytc/AGIKgqPEJQntaZk3N_RVHwx-ExPtVsHIj41pqKIwB_FQSHE=s48-c-k-c0x00ffffff-no-rj', 'authorChannelUrl': 'http://www.youtube.com/channel/UCIBHv3SQGBjEgmokvkAB8YA', 'authorChannelId': {'value': 'UCIBHv3SQGBjEgmokvkAB8YA'}, 'canRate': True, 'viewerRating': 'none', 'likeCount': 58, 'publishedAt': '2022-10-21T23:16:58Z', 'updatedAt': '2022-10-21T23:16:58Z'}}, 'canReply': True, 'totalReplyCount': 0, 'isPublic': True}",,UCIBHv3SQGBjEgmokvkAB8YA,2022-10-21T23:16:58Z,"Sou Cássia Helena Costa e voto no Bolsonaro 🙏💚 22
Tudo que ele está dizendo é vdd. 
Gratidão presidente por tanto que faz por nós 🙏",,2023-06-08 12:23:53.628919
youtube#commentThread,rmVdVmei0eLUMz87QwaMYfxKWKM,UgzF9yjTmrCoBoPBcIJ4AaABAg,"{'videoId': 'ZBaqttk_mG8', 'topLevelComment': {'kind': 'youtube#comment', 'etag': 'Spxto3GvT68HCw8wouxvQpL7llE', 'id': 'UgzF9yjTmrCoBoPBcIJ4AaABAg', 'snippet': {'videoId': 'ZBaqttk_mG8', 'textDisplay': '22', 'textOriginal': '22', 'authorDisplayName': 'Erisvaldo Dos Santos Silva', 'authorProfileImageUrl': 'https://yt3.ggpht.com/ytc/AGIKgqNIPsFP4QianA4VovCiVF2dpWRovoUGpxK_as3raprZwyX9ozq8hjOEQlxUYoTX=s48-c-k-c0x00ffffff-no-rj', 'authorChannelUrl': 'http://www.youtube.com/channel/UCf5v3E2ozabaMKJxPuuq__w', 'authorChannelId': {'value': 'UCf5v3E2ozabaMKJxPuuq__w'}, 'canRate': True, 'viewerRating': 'none', 'likeCount': 2, 'publishedAt': '2022-10-21T23:16:51Z', 'updatedAt': '2022-10-21T23:16:51Z'}}, 'canReply': True, 'totalReplyCount': 0, 'isPublic': True}",,UCf5v3E2ozabaMKJxPuuq__w,2022-10-21T23:16:51Z,22,,2023-06-08 12:23:53.628919
youtube#commentThread,nXoXFywxzlvbSWhSjavIC_zs1zA,UgwMQmxl6VJh66MtQup4AaABAg,"{'videoId': 'ZBaqttk_mG8', 'topLevelComment': {'kind': 'youtube#comment', 'etag': '22Sn5hX1no_95RMb8u_QbjIscVM', 'id': 'UgwMQmxl6VJh66MtQup4AaABAg', 'snippet': {'videoId': 'ZBaqttk_mG8', 'textDisplay': 'sou Nordestino e voto 22', 'textOriginal': 'sou Nordestino e voto 22', 'authorDisplayName': 'wellington da invencao alves', 'authorProfileImageUrl': 'https://yt3.ggpht.com/ytc/AGIKgqNtzPU-XJVaxN1XkIfRQqI1QxCR3QL2N_L5ww=s48-c-k-c0x00ffffff-no-rj', 'authorChannelUrl': 'http://www.youtube.com/channel/UC09Rkjj10NMQNxAKYrlhqew', 'authorChannelId': {'value': 'UC09Rkjj10NMQNxAKYrlhqew'}, 'canRate': True, 'viewerRating': 'none', 'likeCount': 1, 'publishedAt': '2022-10-21T23:16:49Z', 'updatedAt': '2022-10-21T23:16:49Z'}}, 'canReply': True, 'totalReplyCount': 1, 'isPublic': True}","{'comments': [{'kind': 'youtube#comment', 'etag': 'NCRuSFCtD0l8qZbbXipR22cbdgE', 'id': 'UgwMQmxl6VJh66MtQup4AaABAg.9hT6p8WrrIQ9hT7nIj9Z4n', 'snippet': {'videoId': 'ZBaqttk_mG8', 'textDisplay': 'Deus te abençoe.', 'textOriginal': 'Deus te abençoe.', 'parentId': 'UgwMQmxl6VJh66MtQup4AaABAg', 'authorDisplayName': 'angelina oliveira', 'authorProfileImageUrl': 'https://yt3.ggpht.com/ytc/AGIKgqNpSDDz3lwvDjJHGUC7NQponLqQYckDeVyqcQ=s48-c-k-c0x00ffffff-no-rj', 'authorChannelUrl': 'http://www.youtube.com/channel/UClTvLS2Zx8QZEb7PX6qqD6A', 'authorChannelId': {'value': 'UClTvLS2Zx8QZEb7PX6qqD6A'}, 'canRate': True, 'viewerRating': 'none', 'likeCount': 1, 'publishedAt': '2022-10-21T23:25:18Z', 'updatedAt': '2022-10-21T23:25:18Z'}}]}",UC09Rkjj10NMQNxAKYrlhqew,2022-10-21T23:16:49Z,sou Nordestino e voto 22,,2023-06-08 12:23:53.628919
youtube#commentThread,u8S_buGY_U0befBWfBIqMyehlR8,UgxtZTQrqfP-rXv1a_54AaABAg,"{'videoId': 'ZBaqttk_mG8', 'topLevelComment': {'kind': 'youtube#comment', 'etag': 'hfPl8tAg5ESEXi7JiovGJZ3uXpo', 'id': 'UgxtZTQrqfP-rXv1a_54AaABAg', 'snippet': {'videoId': 'ZBaqttk_mG8', 'textDisplay': 'Fora Genocinada mala.', 'textOriginal': 'Fora Genocinada mala.', 'authorDisplayName': 'José Roberto De Lyra', 'authorProfileImageUrl': 'https://yt3.ggpht.com/ytc/AGIKgqPXZkrjIgM6esmLRvBK6aFUo-rGE6A9kKclmoN4e3XrKMAIqFLdM7ALlJo4X9yj=s48-c-k-c0x00ffffff-no-rj', 'authorChannelUrl': 'http://www.youtube.com/channel/UC-f1zOPAGtjXEFvd13TUCxA', 'authorChannelId': {'value': 'UC-f1zOPAGtjXEFvd13TUCxA'}, 'canRate': True, 'viewerRating': 'none', 'likeCount': 0, 'publishedAt': '2022-10-21T23:16:45Z', 'updatedAt': '2022-10-21T23:16:45Z'}}, 'canReply': True, 'totalReplyCount': 1, 'isPublic': True}","{'comments': [{'kind': 'youtube#comment', 'etag': 'vrb60zPW6jtON3Z40YeWT9Ctflw', 'id': 'UgxtZTQrqfP-rXv1a_54AaABAg.9hT6ohYd6Gu9hT7pcJN-QE', 'snippet': {'videoId': 'ZBaqttk_mG8', 'textDisplay': 'Genocida é quem roubou tanto que quase acabou com o país. Graças a Bolsonaro com o agro hoje não estamos comendo cachorro como na Venezuela. Deixe de assistir Globo que serás mais feliz. Bolsonaro reeleito, pelo bem do Brasil e do povo brasileiro. 22 é o número.', 'textOriginal': 'Genocida é quem roubou tanto que quase acabou com o país. Graças a Bolsonaro com o agro hoje não estamos comendo cachorro como na Venezuela. Deixe de assistir Globo que serás mais feliz. Bolsonaro reeleito, pelo bem do Brasil e do povo brasileiro. 22 é o número.', 'parentId': 'UgxtZTQrqfP-rXv1a_54AaABAg', 'authorDisplayName': 'Edna Araújo', 'authorProfileImageUrl': 'https://yt3.ggpht.com/ytc/AGIKgqPz_LAj5BKNwDlPI3nfqPteqPA2r8DdXa8zaQ=s48-c-k-c0x00ffffff-no-rj', 'authorChannelUrl': 'http://www.youtube.com/channel/UCauiBoVDsyXcRvJBHbQmJyg', 'authorChannelId': {'value': 'UCauiBoVDsyXcRvJBHbQmJyg'}, 'canRate': True, 'viewerRating': 'none', 'likeCount': 0, 'publishedAt': '2022-10-21T23:25:37Z', 'updatedAt': '2022-10-21T23:25:37Z'}}]}",UC-f1zOPAGtjXEFvd13TUCxA,2022-10-21T23:16:45Z,Fora Genocinada mala.,,2023-06-08 12:23:53.628919
youtube#commentThread,6zoirzSgQqs2nof8p3hZsUWOR_s,Ugx1y_vgVHr-02AoiOB4AaABAg,"{'videoId': 'ZBaqttk_mG8', 'topLevelComment': {'kind': 'youtube#comment', 'etag': 'kI0r0DXD6KFgHFWpXjbBtrqvmBk', 'id': 'Ugx1y_vgVHr-02AoiOB4AaABAg', 'snippet': {'videoId': 'ZBaqttk_mG8', 'textDisplay': '🇧🇷🇧🇷🇧🇷🇧🇷2️⃣2️⃣ Bolsonaro na cadeira de volta pra organizar o nosso País com honras', 'textOriginal': '🇧🇷🇧🇷🇧🇷🇧🇷2️⃣2️⃣ Bolsonaro na cadeira de volta pra organizar o nosso País com honras', 'authorDisplayName': 'Cris Fuchs', 'authorProfileImageUrl': 'https://yt3.ggpht.com/ytc/AGIKgqMNwWT7YfiiUscKOJaa5tmHm-KWzuPZFXz9JL7u3A=s48-c-k-c0x00ffffff-no-rj', 'authorChannelUrl': 'http://www.youtube.com/channel/UCXy3Q9hH9O3ZJq2NjEWzbcw', 'authorChannelId': {'value': 'UCXy3Q9hH9O3ZJq2NjEWzbcw'}, 'canRate': True, 'viewerRating': 'none', 'likeCount': 33, 'publishedAt': '2022-10-21T23:16:42Z', 'updatedAt': '2022-10-21T23:16:42Z'}}, 'canReply': True, 'totalReplyCount': 0, 'isPublic': True}",,UCXy3Q9hH9O3ZJq2NjEWzbcw,2022-10-21T23:16:42Z,🇧🇷🇧🇷🇧🇷🇧🇷2️⃣2️⃣ Bolsonaro na cadeira de volta pra organizar o nosso País com honras,,2023-06-08 12:23:53.628919
youtube#commentThread,-8ni2PRIUP3hosPpnzGHNRzJn2o,UgxYPH1gfLpF90bDRSp4AaABAg,"{'videoId': 'ZBaqttk_mG8', 'topLevelComment': {'kind': 'youtube#comment', 'etag': 'aOK6Pi40EuKUopdcbZtz41TeJHg', 'id': 'UgxYPH1gfLpF90bDRSp4AaABAg', 'snippet': {'videoId': 'ZBaqttk_mG8', 'textDisplay': 'Esquerda pirando<br>É 22', 'textOriginal': 'Esquerda pirando\\nÉ 22', 'authorDisplayName': 'Lauro Alves', 'authorProfileImageUrl': 'https://yt3.ggpht.com/ytc/AGIKgqN48m-iEUhRBRHVELWt1__8xEkjC5sGp6pXGExe33s=s48-c-k-c0x00ffffff-no-rj', 'authorChannelUrl': 'http://www.youtube.com/channel/UCZVyVk1uY7jFFERZdNb8vOw', 'authorChannelId': {'value': 'UCZVyVk1uY7jFFERZdNb8vOw'}, 'canRate': True, 'viewerRating': 'none', 'likeCount': 2, 'publishedAt': '2022-10-21T23:16:37Z', 'updatedAt': '2022-10-21T23:16:37Z'}}, 'canReply': True, 'totalReplyCount': 0, 'isPublic': True}",,UCZVyVk1uY7jFFERZdNb8vOw,2022-10-21T23:16:37Z,"Esquerda pirando
É 22",,2023-06-08 12:23:53.628919
youtube#commentThread,TDe9-9YtAdcvDfMd6-NTOyX3iTE,UgwaiNkETvKpoQY8kNF4AaABAg,"{'videoId': 'ZBaqttk_mG8', 'topLevelComment': {'kind': 'youtube#comment', 'etag': 'PSjZalGsKMEb44AHieTSVEoYdLQ', 'id': 'UgwaiNkETvKpoQY8kNF4AaABAg', 'snippet': {'videoId': 'ZBaqttk_mG8', 'textDisplay': '<a href=""http://www.youtube.com/results?search_query=%23bolsonaro22"">#BOLSONARO22</a>🇧🇷', 'textOriginal': '#BOLSONARO22🇧🇷', 'authorDisplayName': 'Maria Feliciano', 'authorProfileImageUrl': 'https://yt3.ggpht.com/ytc/AGIKgqN2eSJwDTrjXRojBFPKHXJRpH5RUJQx-1saxw=s48-c-k-c0x00ffffff-no-rj', 'authorChannelUrl': 'http://www.youtube.com/channel/UCy3KLC0K9Jz0sn57DrXuHkA', 'authorChannelId': {'value': 'UCy3KLC0K9Jz0sn57DrXuHkA'}, 'canRate': True, 'viewerRating': 'none', 'likeCount': 1, 'publishedAt': '2022-10-21T23:16:34Z', 'updatedAt': '2022-10-21T23:16:34Z'}}, 'canReply': True, 'totalReplyCount': 0, 'isPublic': True}",,UCy3KLC0K9Jz0sn57DrXuHkA,2022-10-21T23:16:34Z,#BOLSONARO22🇧🇷,,2023-06-08 12:23:53.628919
youtube#commentThread,jSXJAnUvXmKuENb46J53KW3OW3g,Ugz3uCHW0BsKMSnP28d4AaABAg,"{'videoId': 'ZBaqttk_mG8', 'topLevelComment': {'kind': 'youtube#comment', 'etag': 'On3SJDskBJzjpbdk1C_32nNGZ2E', 'id': 'Ugz3uCHW0BsKMSnP28d4AaABAg', 'snippet': {'videoId': 'ZBaqttk_mG8', 'textDisplay': 'Ou ficar a Pátria livre OU MORRER PELO BRASIL!<br>NÃO PODEMOS ENTREGAR NOSSA LIBERDADE E DAS FUTURAS GERAÇÕES', 'textOriginal': 'Ou ficar a Pátria livre OU MORRER PELO BRASIL!\\nNÃO PODEMOS ENTREGAR NOSSA LIBERDADE E DAS FUTURAS GERAÇÕES', 'authorDisplayName': 'Claudia Ludolf', 'authorProfileImageUrl': 'https://yt3.ggpht.com/ytc/AGIKgqN8DBMfxvgSX0cQBDYxMLNzY6B_YLUHMbkjaigbRFw=s48-c-k-c0x00ffffff-no-rj', 'authorChannelUrl': 'http://www.youtube.com/channel/UCoaKK7MBZ6D4rqtJiiLhOdw', 'authorChannelId': {'value': 'UCoaKK7MBZ6D4rqtJiiLhOdw'}, 'canRate': True, 'viewerRating': 'none', 'likeCount': 37, 'publishedAt': '2022-10-21T23:16:23Z', 'updatedAt': '2022-10-21T23:16:23Z'}}, 'canReply': True, 'totalReplyCount': 0, 'isPublic': True}",,UCoaKK7MBZ6D4rqtJiiLhOdw,2022-10-21T23:16:23Z,"Ou ficar a Pátria livre OU MORRER PELO BRASIL!
NÃO PODEMOS ENTREGAR NOSSA LIBERDADE E DAS FUTURAS GERAÇÕES",,2023-06-08 12:23:53.628919
youtube#commentThread,ARDOa4ZekXFFgG9Ym9WrWxxraqw,UgxEGDqX600B8izh6Fh4AaABAg,"{'videoId': 'ZBaqttk_mG8', 'topLevelComment': {'kind': 'youtube#comment', 'etag': 'poDUxG4EURaoV2wN0z5KcGPTSxI', 'id': 'UgxEGDqX600B8izh6Fh4AaABAg', 'snippet': {'videoId': 'ZBaqttk_mG8', 'textDisplay': 'Que Deus abençoe o nosso presidente Bolsonaro e toda a nação brasileira do Bem.', 'textOriginal': 'Que Deus abençoe o nosso presidente Bolsonaro e toda a nação brasileira do Bem.', 'authorDisplayName': 'ANA MARIA DUTRA', 'authorProfileImageUrl': 'https://yt3.ggpht.com/ytc/AGIKgqOI-HUe5frswXPEVA3CwZmSxcAiKS-lXnMbtA=s48-c-k-c0x00ffffff-no-rj', 'authorChannelUrl': 'http://www.youtube.com/channel/UCP8PR1FDr314WdBmw_cVJtg', 'authorChannelId': {'value': 'UCP8PR1FDr314WdBmw_cVJtg'}, 'canRate': True, 'viewerRating': 'none', 'likeCount': 77, 'publishedAt': '2022-10-21T23:16:23Z', 'updatedAt': '2022-10-21T23:16:23Z'}}, 'canReply': True, 'totalReplyCount': 0, 'isPublic': True}",,UCP8PR1FDr314WdBmw_cVJtg,2022-10-21T23:16:23Z,Que Deus abençoe o nosso presidente Bolsonaro e toda a nação brasileira do Bem.,,2023-06-08 12:23:53.628919
youtube#commentThread,9jYE3GNftAIaleH34vdEwf6r1fk,Ugzdy8yjhZguWHZu1F54AaABAg,"{'videoId': 'ZBaqttk_mG8', 'topLevelComment': {'kind': 'youtube#comment', 'etag': 'v1TM7bJGO0RLZuMfWFbcr3uGn40', 'id': 'Ugzdy8yjhZguWHZu1F54AaABAg', 'snippet': {'videoId': 'ZBaqttk_mG8', 'textDisplay': '22', 'textOriginal': '22', 'authorDisplayName': 'Lucas Brendel', 'authorProfileImageUrl': 'https://yt3.ggpht.com/ytc/AGIKgqOafO2Xy12LF84r8Yvqp0p4KlkFviiUcAgnfQ=s48-c-k-c0x00ffffff-no-rj', 'authorChannelUrl': 'http://www.youtube.com/channel/UCNO1ssT8Z-gjwRdH2tuTpoA', 'authorChannelId': {'value': 'UCNO1ssT8Z-gjwRdH2tuTpoA'}, 'canRate': True, 'viewerRating': 'none', 'likeCount': 1, 'publishedAt': '2022-10-21T23:16:15Z', 'updatedAt': '2022-10-21T23:16:15Z'}}, 'canReply': True, 'totalReplyCount': 0, 'isPublic': True}",,UCNO1ssT8Z-gjwRdH2tuTpoA,2022-10-21T23:16:15Z,22,,2023-06-08 12:23:53.628919
youtube#commentThread,an3OLTljbX7f315Ma6j-xB0IXVI,UgwI5ByMVqgdY5L8Lox4AaABAg,"{'videoId': 'ZBaqttk_mG8', 'topLevelComment': {'kind': 'youtube#comment', 'etag': 'qjN4fBq2WPU9y3ITjtlRXjoomew', 'id': 'UgwI5ByMVqgdY5L8Lox4AaABAg', 'snippet': {'videoId': 'ZBaqttk_mG8', 'textDisplay': 'Esquerda asquerosa é o atraso do Brasil e do mundo. Estão desesperados pois sabem que nosso presidente já foi reeleito e que dia 30 vamos apenas confirmar. Bolsonaro 22', 'textOriginal': 'Esquerda asquerosa é o atraso do Brasil e do mundo. Estão desesperados pois sabem que nosso presidente já foi reeleito e que dia 30 vamos apenas confirmar. Bolsonaro 22', 'authorDisplayName': 'Edna Araújo', 'authorProfileImageUrl': 'https://yt3.ggpht.com/ytc/AGIKgqPz_LAj5BKNwDlPI3nfqPteqPA2r8DdXa8zaQ=s48-c-k-c0x00ffffff-no-rj', 'authorChannelUrl': 'http://www.youtube.com/channel/UCauiBoVDsyXcRvJBHbQmJyg', 'authorChannelId': {'value': 'UCauiBoVDsyXcRvJBHbQmJyg'}, 'canRate': True, 'viewerRating': 'none', 'likeCount': 1, 'publishedAt': '2022-10-21T23:16:05Z', 'updatedAt': '2022-10-21T23:16:05Z'}}, 'canReply': True, 'totalReplyCount': 0, 'isPublic': True}",,UCauiBoVDsyXcRvJBHbQmJyg,2022-10-21T23:16:05Z,Esquerda asquerosa é o atraso do Brasil e do mundo. Estão desesperados pois sabem que nosso presidente já foi reeleito e que dia 30 vamos apenas confirmar. Bolsonaro 22,,2023-06-08 12:23:53.628919
youtube#commentThread,_rwtthsegOo1CrdCH156iIT8rn4,Ugzah-4E-EVEM4yKouZ4AaABAg,"{'videoId': 'ZBaqttk_mG8', 'topLevelComment': {'kind': 'youtube#comment', 'etag': 'm872Fkd9siOieXF6_g1YP51WxPE', 'id': 'Ugzah-4E-EVEM4yKouZ4AaABAg', 'snippet': {'videoId': 'ZBaqttk_mG8', 'textDisplay': '22 🇧🇷', 'textOriginal': '22 🇧🇷', 'authorDisplayName': 'Sonia mortoni Mortoni', 'authorProfileImageUrl': 'https://yt3.ggpht.com/ytc/AGIKgqPPEq3DENwVH90XHhImB2yXkUzV1pOQhZADcA=s48-c-k-c0x00ffffff-no-rj', 'authorChannelUrl': 'http://www.youtube.com/channel/UCXD420nHKils6GlWet-NPrw', 'authorChannelId': {'value': 'UCXD420nHKils6GlWet-NPrw'}, 'canRate': True, 'viewerRating': 'none', 'likeCount': 3, 'publishedAt': '2022-10-21T23:16:02Z', 'updatedAt': '2022-10-21T23:16:02Z'}}, 'canReply': True, 'totalReplyCount': 0, 'isPublic': True}",,UCXD420nHKils6GlWet-NPrw,2022-10-21T23:16:02Z,22 🇧🇷,,2023-06-08 12:23:53.628919
youtube#commentThread,zNNFRPmF1cC4rI8kRVLcxAlptP4,Ugy82axicIUjTZ4WjJx4AaABAg,"{'videoId': 'ZBaqttk_mG8', 'topLevelComment': {'kind': 'youtube#comment', 'etag': 'Mb1t4yUhV5xPdZQiz-XgkRl_iLA', 'id': 'Ugy82axicIUjTZ4WjJx4AaABAg', 'snippet': {'videoId': 'ZBaqttk_mG8', 'textDisplay': 'BOLSONARO  E PAULO GUEDES   DOIS HOMENS  EXCELENTES', 'textOriginal': 'BOLSONARO  E PAULO GUEDES   DOIS HOMENS  EXCELENTES', 'authorDisplayName': 'Julia Teixeira', 'authorProfileImageUrl': 'https://yt3.ggpht.com/LTYKQL4eIVvlOjbZn29Q5RO2nqdWTMqw6qPEW_5F-Z50GkBRHy0ZOYBkzNy3edE9DruZZXKF6A=s48-c-k-c0x00ffffff-no-rj', 'authorChannelUrl': 'http://www.youtube.com/channel/UCMoWHuc40QMG9ZAia4MSZqQ', 'authorChannelId': {'value': 'UCMoWHuc40QMG9ZAia4MSZqQ'}, 'canRate': True, 'viewerRating': 'none', 'likeCount': 40, 'publishedAt': '2022-10-21T23:15:57Z', 'updatedAt': '2022-10-21T23:15:57Z'}}, 'canReply': True, 'totalReplyCount': 0, 'isPublic': True}",,UCMoWHuc40QMG9ZAia4MSZqQ,2022-10-21T23:15:57Z,BOLSONARO  E PAULO GUEDES   DOIS HOMENS  EXCELENTES,,2023-06-08 12:23:53.628919
youtube#commentThread,M4tuxlaLZ4YbY8s_-UUV6gRGXIs,Ugw2kiftXwQOKjxc4WF4AaABAg,"{'videoId': 'ZBaqttk_mG8', 'topLevelComment': {'kind': 'youtube#comment', 'etag': 'rtozjSuwmMT3jrlJIJMOd7hFBoM', 'id': 'Ugw2kiftXwQOKjxc4WF4AaABAg', 'snippet': {'videoId': 'ZBaqttk_mG8', 'textDisplay': '🇧🇷🇧🇷🇧🇷🇧🇷', 'textOriginal': '🇧🇷🇧🇷🇧🇷🇧🇷', 'authorDisplayName': 'Maria Dias gomes', 'authorProfileImageUrl': 'https://yt3.ggpht.com/ytc/AGIKgqN0c3FfN3T03LAqCjedq2keEp9Bpto-bC4oFQ=s48-c-k-c0x00ffffff-no-rj', 'authorChannelUrl': 'http://www.youtube.com/channel/UCgVebjeQ6uBhGBC2ujlnkrg', 'authorChannelId': {'value': 'UCgVebjeQ6uBhGBC2ujlnkrg'}, 'canRate': True, 'viewerRating': 'none', 'likeCount': 4, 'publishedAt': '2022-10-21T23:15:57Z', 'updatedAt': '2022-10-21T23:15:57Z'}}, 'canReply': True, 'totalReplyCount': 0, 'isPublic': True}",,UCgVebjeQ6uBhGBC2ujlnkrg,2022-10-21T23:15:57Z,🇧🇷🇧🇷🇧🇷🇧🇷,,2023-06-08 12:23:53.628919
youtube#commentThread,mTBmea_81YF2Qbx07-BmbHq_91s,UgxTjV8_uDz09vtJbmF4AaABAg,"{'videoId': 'ZBaqttk_mG8', 'topLevelComment': {'kind': 'youtube#comment', 'etag': 'JLZVrb2PYrF7W1XcZjI8HF7keZ4', 'id': 'UgxTjV8_uDz09vtJbmF4AaABAg', 'snippet': {'videoId': 'ZBaqttk_mG8', 'textDisplay': '<a href=""http://www.youtube.com/results?search_query=%23fechado"">#FECHADO</a> com Bolsonaro 🇧🇷🇧🇷🇧🇷🇧🇷🇧🇷👏👏👏👏👏👏', 'textOriginal': '#FECHADO com Bolsonaro 🇧🇷🇧🇷🇧🇷🇧🇷🇧🇷👏👏👏👏👏👏', 'authorDisplayName': 'Malvinamuito lindo mas é triste Otávio', 'authorProfileImageUrl': 'https://yt3.ggpht.com/ytc/AGIKgqPUsYYTodQW3rIeqT6RrD2zn3MeaQOJ81z9Pw=s48-c-k-c0x00ffffff-no-rj', 'authorChannelUrl': 'http://www.youtube.com/channel/UCqQ0XKxM-JHB5Ui3NWAfwiA', 'authorChannelId': {'value': 'UCqQ0XKxM-JHB5Ui3NWAfwiA'}, 'canRate': True, 'viewerRating': 'none', 'likeCount': 28, 'publishedAt': '2022-10-21T23:15:56Z', 'updatedAt': '2022-10-21T23:15:56Z'}}, 'canReply': True, 'totalReplyCount': 0, 'isPublic': True}",,UCqQ0XKxM-JHB5Ui3NWAfwiA,2022-10-21T23:15:56Z,#FECHADO com Bolsonaro 🇧🇷🇧🇷🇧🇷🇧🇷🇧🇷👏👏👏👏👏👏,,2023-06-08 12:23:53.628919
youtube#commentThread,XrFm_8KLT_dGwxTLcFLR4ubM42Q,UgwJChzMd2r3ZfIE44J4AaABAg,"{'videoId': 'ZBaqttk_mG8', 'topLevelComment': {'kind': 'youtube#comment', 'etag': 'LYBGXMgjsJ_Bh_jMQHLb6lEfJoA', 'id': 'UgwJChzMd2r3ZfIE44J4AaABAg', 'snippet': {'videoId': 'ZBaqttk_mG8', 'textDisplay': 'Capitão tamo junto 22🇧🇷🇧🇷', 'textOriginal': 'Capitão tamo junto 22🇧🇷🇧🇷', 'authorDisplayName': 'sergioficialos3poderes', 'authorProfileImageUrl': 'https://yt3.ggpht.com/v79MQwpS9olXoX55UO3hN9HeFCk0-SlMuZpdEq1-0eJgScJ1kLlm6sJAYft3tZ_0EH0PeGd6Pg=s48-c-k-c0x00ffffff-no-rj', 'authorChannelUrl': 'http://www.youtube.com/channel/UCxWOGOZZKKCfCyGoQoWlDwA', 'authorChannelId': {'value': 'UCxWOGOZZKKCfCyGoQoWlDwA'}, 'canRate': True, 'viewerRating': 'none', 'likeCount': 23, 'publishedAt': '2022-10-21T23:15:53Z', 'updatedAt': '2022-10-21T23:15:53Z'}}, 'canReply': True, 'totalReplyCount': 0, 'isPublic': True}",,UCxWOGOZZKKCfCyGoQoWlDwA,2022-10-21T23:15:53Z,Capitão tamo junto 22🇧🇷🇧🇷,,2023-06-08 12:23:53.628919
youtube#commentThread,vdUylX9qRUZoHJFn1nWO0j0Md9k,UgyfmSvIA3rGP-6EAjJ4AaABAg,"{'videoId': 'ZBaqttk_mG8', 'topLevelComment': {'kind': 'youtube#comment', 'etag': 'kXynM6GpDBvhVK3ic1yYC8yz34c', 'id': 'UgyfmSvIA3rGP-6EAjJ4AaABAg', 'snippet': {'videoId': 'ZBaqttk_mG8', 'textDisplay': 'Cadê o &quot; Ministro &quot; que afirmou que não iria aceitar mentiras nas eleições?', 'textOriginal': 'Cadê o "" Ministro "" que afirmou que não iria aceitar mentiras nas eleições?', 'authorDisplayName': 'Luiz Claudio Luiz Claudio', 'authorProfileImageUrl': 'https://yt3.ggpht.com/ytc/AGIKgqPqVXfU6130MNPQGm3CGQ-0fCY0jHyHwCJTog=s48-c-k-c0x00ffffff-no-rj', 'authorChannelUrl': 'http://www.youtube.com/channel/UCsllHekn_OAmLwk9EtCa3tA', 'authorChannelId': {'value': 'UCsllHekn_OAmLwk9EtCa3tA'}, 'canRate': True, 'viewerRating': 'none', 'likeCount': 15, 'publishedAt': '2022-10-21T23:15:52Z', 'updatedAt': '2022-10-21T23:15:52Z'}}, 'canReply': True, 'totalReplyCount': 2, 'isPublic': True}","{'comments': [{'kind': 'youtube#comment', 'etag': 'O3Y0lvnJiqwkXJqAayAdlCePwPM', 'id': 'UgyfmSvIA3rGP-6EAjJ4AaABAg.9hT6iCSeDyP9hT7y7s5P6O', 'snippet': {'videoId': 'ZBaqttk_mG8', 'textDisplay': 'Está ajudando o PT a mentir.', 'textOriginal': 'Está ajudando o PT a mentir.', 'parentId': 'UgyfmSvIA3rGP-6EAjJ4AaABAg', 'authorDisplayName': 'lu magalhaes', 'authorProfileImageUrl': 'https://yt3.ggpht.com/ytc/AGIKgqMSEbEO8bUTgSReqeipl30SayBRfuZYfhzTkw=s48-c-k-c0x00ffffff-no-rj', 'authorChannelUrl': 'http://www.youtube.com/channel/UCeegRlh7sgaqx-2m8Ln-eyg', 'authorChannelId': {'value': 'UCeegRlh7sgaqx-2m8Ln-eyg'}, 'canRate': True, 'viewerRating': 'none', 'likeCount': 3, 'publishedAt': '2022-10-21T23:26:47Z', 'updatedAt': '2022-10-21T23:26:47Z'}}, {'kind': 'youtube#comment', 'etag': 'yKVKSAtbTIrv-ZsvXCBLAvPRB-o', 'id': 'UgyfmSvIA3rGP-6EAjJ4AaABAg.9hT6iCSeDyP9hT73_TH7Dc', 'snippet': {'videoId': 'ZBaqttk_mG8', 'textDisplay': 'Está dormindo nos braços de morfeu', 'textOriginal': 'Está dormindo nos braços de morfeu', 'parentId': 'UgyfmSvIA3rGP-6EAjJ4AaABAg', 'authorDisplayName': 'Claudia Almeida', 'authorProfileImageUrl': 'https://yt3.ggpht.com/ytc/AGIKgqO9c66aXeWA_NIqAUXkbEg43Swk7jzJgNFdGQ=s48-c-k-c0x00ffffff-no-rj', 'authorChannelUrl': 'http://www.youtube.com/channel/UClGrdOOgr9KvfndUCIrPNSw', 'authorChannelId': {'value': 'UClGrdOOgr9KvfndUCIrPNSw'}, 'canRate': True, 'viewerRating': 'none', 'likeCount': 1, 'publishedAt': '2022-10-21T23:18:55Z', 'updatedAt': '2022-10-21T23:18:55Z'}}]}",UCsllHekn_OAmLwk9EtCa3tA,2022-10-21T23:15:52Z,"Cadê o "" Ministro "" que afirmou que não iria aceitar mentiras nas eleições?",,2023-06-08 12:23:53.628919
youtube#commentThread,dzdEyGO4paxJXvvXfwKavD1D_cY,UgzwXToxQg9ROsjIbW14AaABAg,"{'videoId': 'ZBaqttk_mG8', 'topLevelComment': {'kind': 'youtube#comment', 'etag': 'xGpllENVBPL8F6pdZy_YBHKeHS0', 'id': 'UgzwXToxQg9ROsjIbW14AaABAg', 'snippet': {'videoId': 'ZBaqttk_mG8', 'textDisplay': 'Bolsonaro 22!!', 'textOriginal': 'Bolsonaro 22!!', 'authorDisplayName': 'Gilsa Freitas', 'authorProfileImageUrl': 'https://yt3.ggpht.com/ytc/AGIKgqNvvNNoRdSytj1VYENJpyatbTDKIe6KDMsUNmFEEXI=s48-c-k-c0x00ffffff-no-rj', 'authorChannelUrl': 'http://www.youtube.com/channel/UCPn0j5tcpHonefAJ_hJBZdQ', 'authorChannelId': {'value': 'UCPn0j5tcpHonefAJ_hJBZdQ'}, 'canRate': True, 'viewerRating': 'none', 'likeCount': 8, 'publishedAt': '2022-10-21T23:15:27Z', 'updatedAt': '2022-10-21T23:15:27Z'}}, 'canReply': True, 'totalReplyCount': 1, 'isPublic': True}","{'comments': [{'kind': 'youtube#comment', 'etag': '8zfag6JV0F5d2sfXDOyvkgqBkcU', 'id': 'UgzwXToxQg9ROsjIbW14AaABAg.9hT6f8KrjhV9hT71EO9hN-', 'snippet': {'videoId': 'ZBaqttk_mG8', 'textDisplay': 'Está polica do STF são uns canalhas covardes.', 'textOriginal': 'Está polica do STF são uns canalhas covardes.', 'parentId': 'UgzwXToxQg9ROsjIbW14AaABAg', 'authorDisplayName': 'Lanir Guimarães', 'authorProfileImageUrl': 'https://yt3.ggpht.com/ytc/AGIKgqNxpSINfgsI_woPealQVcnBIL1EdtWxjiprU8ZQ6_woDhKBTlIH60k2-qVkEWoV=s48-c-k-c0x00ffffff-no-rj', 'authorChannelUrl': 'http://www.youtube.com/channel/UC6YE77GPQIuF99VJNWB4TQQ', 'authorChannelId': {'value': 'UC6YE77GPQIuF99VJNWB4TQQ'}, 'canRate': True, 'viewerRating': 'none', 'likeCount': 0, 'publishedAt': '2022-10-21T23:18:36Z', 'updatedAt': '2022-10-21T23:18:36Z'}}]}",UCPn0j5tcpHonefAJ_hJBZdQ,2022-10-21T23:15:27Z,Bolsonaro 22!!,,2023-06-08 12:23:53.628919
youtube#commentThread,f5ezhoV5hmSwcx3LU2i1GgOIo84,UgxdpqUKa9H0__5UMHJ4AaABAg,"{'videoId': 'ZBaqttk_mG8', 'topLevelComment': {'kind': 'youtube#comment', 'etag': 'EFYHGqgLzIyJSxMN4nAiYA4g7Lw', 'id': 'UgxdpqUKa9H0__5UMHJ4AaABAg', 'snippet': {'videoId': 'ZBaqttk_mG8', 'textDisplay': 'Valeuuuuuuu!', 'textOriginal': 'Valeuuuuuuu!', 'authorDisplayName': 'Raimunda', 'authorProfileImageUrl': 'https://yt3.ggpht.com/gP3gdSHKI3fa2SQ6KbEucNfEyn8k9BqZjryM2cw3w4oOI6JMuhldc5FRG_At8zqPCgbOJbdo=s48-c-k-c0x00ffffff-no-rj', 'authorChannelUrl': 'http://www.youtube.com/channel/UCSg9uyj_K0IjPfmYX20kTWw', 'authorChannelId': {'value': 'UCSg9uyj_K0IjPfmYX20kTWw'}, 'canRate': True, 'viewerRating': 'none', 'likeCount': 5, 'publishedAt': '2022-10-21T23:15:24Z', 'updatedAt': '2022-10-21T23:15:24Z'}}, 'canReply': True, 'totalReplyCount': 0, 'isPublic': True}",,UCSg9uyj_K0IjPfmYX20kTWw,2022-10-21T23:15:24Z,Valeuuuuuuu!,,2023-06-08 12:23:53.628919
youtube#commentThread,MbuRnx7ZfqL-yoQuMBesyY74TUo,UgxoLa0a3jv5BAZcnsd4AaABAg,"{'videoId': 'ZBaqttk_mG8', 'topLevelComment': {'kind': 'youtube#comment', 'etag': 'VzIuiaIg2TdoWGrbGmXCSzTZ9ds', 'id': 'UgxoLa0a3jv5BAZcnsd4AaABAg', 'snippet': {'videoId': 'ZBaqttk_mG8', 'textDisplay': 'E Bolsonaro Brasil, acooooordaaaaa Brasil lula só quer se vingar do Brasil', 'textOriginal': 'E Bolsonaro Brasil, acooooordaaaaa Brasil lula só quer se vingar do Brasil', 'authorDisplayName': 'Cláudia Carvalho', 'authorProfileImageUrl': 'https://yt3.ggpht.com/ytc/AGIKgqO03X3F_zjfOD0GNmzI4IShyL0F9gHb601Amw=s48-c-k-c0x00ffffff-no-rj', 'authorChannelUrl': 'http://www.youtube.com/channel/UCsP96Atg0FfB_wdm07h_OTA', 'authorChannelId': {'value': 'UCsP96Atg0FfB_wdm07h_OTA'}, 'canRate': True, 'viewerRating': 'none', 'likeCount': 0, 'publishedAt': '2022-10-21T23:15:22Z', 'updatedAt': '2022-10-21T23:15:22Z'}}, 'canReply': True, 'totalReplyCount': 0, 'isPublic': True}",,UCsP96Atg0FfB_wdm07h_OTA,2022-10-21T23:15:22Z,"E Bolsonaro Brasil, acooooordaaaaa Brasil lula só quer se vingar do Brasil",,2023-06-08 12:23:53.628919
youtube#commentThread,YPR8ZLuMl9kmwaXwD4m_wUmd8ho,Ugz2xuq4_2ZPWoElzB14AaABAg,"{'videoId': 'ZBaqttk_mG8', 'topLevelComment': {'kind': 'youtube#comment', 'etag': 'UMenEVnbZ5ustoYZKIok2OCT2bM', 'id': 'Ugz2xuq4_2ZPWoElzB14AaABAg', 'snippet': {'videoId': 'ZBaqttk_mG8', 'textDisplay': 'ESTA CENSURA É UM ABSURDO , É HUMILHANTE, TIRA NOSSA DIGNIDADE . NÃO SE OMITA DE VOTAR . E VOTE EM QUEM TEM PRINCÍPIOS , VALORES E MORAL PARA PASSAR PARA NOSSOS FILHOS BOLSONARO', 'textOriginal': 'ESTA CENSURA É UM ABSURDO , É HUMILHANTE, TIRA NOSSA DIGNIDADE . NÃO SE OMITA DE VOTAR . E VOTE EM QUEM TEM PRINCÍPIOS , VALORES E MORAL PARA PASSAR PARA NOSSOS FILHOS BOLSONARO', 'authorDisplayName': 'Julia Teixeira', 'authorProfileImageUrl': 'https://yt3.ggpht.com/LTYKQL4eIVvlOjbZn29Q5RO2nqdWTMqw6qPEW_5F-Z50GkBRHy0ZOYBkzNy3edE9DruZZXKF6A=s48-c-k-c0x00ffffff-no-rj', 'authorChannelUrl': 'http://www.youtube.com/channel/UCMoWHuc40QMG9ZAia4MSZqQ', 'authorChannelId': {'value': 'UCMoWHuc40QMG9ZAia4MSZqQ'}, 'canRate': True, 'viewerRating': 'none', 'likeCount': 94, 'publishedAt': '2022-10-21T23:15:16Z', 'updatedAt': '2022-10-21T23:15:16Z'}}, 'canReply': True, 'totalReplyCount': 5, 'isPublic': True}","{'comments': [{'kind': 'youtube#comment', 'etag': 'R5dOY7L-LE-PlPQ7-SLdqrkfCwo', 'id': 'Ugz2xuq4_2ZPWoElzB14AaABAg.9hT6dnHdj1N9hTEIpPDNJM', 'snippet': {'videoId': 'ZBaqttk_mG8', 'textDisplay': 'Não sabemos o que vai acontecer pelos comentários...e um absurdo.', 'textOriginal': 'Não sabemos o que vai acontecer pelos comentários...e um absurdo.', 'parentId': 'Ugz2xuq4_2ZPWoElzB14AaABAg', 'authorDisplayName': 'Maria Nascimento', 'authorProfileImageUrl': 'https://yt3.ggpht.com/ytc/AGIKgqMksXW38O-1VU80mB-lFs3T9aYZQUVPnlLg3fY9_DyCahA_Q4vrL3-uSrL3SZ4U=s48-c-k-c0x00ffffff-no-rj', 'authorChannelUrl': 'http://www.youtube.com/channel/UCTOqeXmlEzs7KGPo0yYfeTA', 'authorChannelId': {'value': 'UCTOqeXmlEzs7KGPo0yYfeTA'}, 'canRate': True, 'viewerRating': 'none', 'likeCount': 0, 'publishedAt': '2022-10-22T00:22:10Z', 'updatedAt': '2022-10-22T00:22:10Z'}}, {'kind': 'youtube#comment', 'etag': '28gzF1Ifxl8LCmkJtxEBmE8ZeuM', 'id': 'Ugz2xuq4_2ZPWoElzB14AaABAg.9hT6dnHdj1N9hTE1NbEnIy', 'snippet': {'videoId': 'ZBaqttk_mG8', 'textDisplay': 'Muito bem  isso mesmo...<a href=""http://www.youtube.com/results?search_query=%23sem"">#sem</a> bandido de estimação', 'textOriginal': 'Muito bem  isso mesmo...#sem bandido de estimação', 'parentId': 'Ugz2xuq4_2ZPWoElzB14AaABAg', 'authorDisplayName': 'Maria do Socorro Alves dos Santos', 'authorProfileImageUrl': 'https://yt3.ggpht.com/7lmywHSjLBUtjRNWAurXKqhe1BNwOQAMlIVlmIXjM9Jx4lPybpVl5H9bOTbFQOLevNBqAmuYE-E=s48-c-k-c0x00ffffff-no-rj', 'authorChannelUrl': 'http://www.youtube.com/channel/UC_vEepkzk3aVGwtZoEIIz4w', 'authorChannelId': {'value': 'UC_vEepkzk3aVGwtZoEIIz4w'}, 'canRate': True, 'viewerRating': 'none', 'likeCount': 0, 'publishedAt': '2022-10-22T00:19:47Z', 'updatedAt': '2022-10-22T00:19:47Z'}}, {'kind': 'youtube#comment', 'etag': 'xGwfbYZcphH0OvsBsPVWHNXsO2w', 'id': 'Ugz2xuq4_2ZPWoElzB14AaABAg.9hT6dnHdj1N9hTAa4i5jZI', 'snippet': {'videoId': 'ZBaqttk_mG8', 'textDisplay': 'GENTE QUE É APOIADOR<br>DE BOLSONARO. ORAÇÕES A  AO PRESIDENTE BOLSONARO <br>PARA REELEGER BOLSONARO. AMÉM <a href=""http://jesus.rs/"">JESUS.RS</a>. BÊNÇÃOS AO<br>MITO DOS BRASILEIROS.', 'textOriginal': 'GENTE QUE É APOIADOR\\nDE BOLSONARO. ORAÇÕES A  AO PRESIDENTE BOLSONARO \\nPARA REELEGER BOLSONARO. AMÉM JESUS.RS. BÊNÇÃOS AO\\nMITO DOS BRASILEIROS.', 'parentId': 'Ugz2xuq4_2ZPWoElzB14AaABAg', 'authorDisplayName': 'Elenir  Elenir.', 'authorProfileImageUrl': 'https://yt3.ggpht.com/WdYueiEBWAwUwayNSeDlJ2xBvf2UsbJWhD4hGTPXnHdaN3p2Hfw3UXnY2SjVD6SX7qn4zEweUA=s48-c-k-c0x00ffffff-no-rj', 'authorChannelUrl': 'http://www.youtube.com/channel/UC4--XLTbqxAn0PI6Otu5TaA', 'authorChannelId': {'value': 'UC4--XLTbqxAn0PI6Otu5TaA'}, 'canRate': True, 'viewerRating': 'none', 'likeCount': 2, 'publishedAt': '2022-10-21T23:49:43Z', 'updatedAt': '2022-10-21T23:49:43Z'}}, {'kind': 'youtube#comment', 'etag': 'DFttppgT3IVvdwHE25eS4IG01BE', 'id': 'Ugz2xuq4_2ZPWoElzB14AaABAg.9hT6dnHdj1N9hTA8rXCo5x', 'snippet': {'videoId': 'ZBaqttk_mG8', 'textDisplay': 'VOTE 22 BOLSONARO <br>PRESIDENTE. AMÉM JESUS CRISTO. BÊNÇÃOS <br>AO AO CAPITÃO DO POVO. <br>E QUER ELE DE <a href=""http://novo.rs/"">NOVO.RS</a>.', 'textOriginal': 'VOTE 22 BOLSONARO \\nPRESIDENTE. AMÉM JESUS CRISTO. BÊNÇÃOS \\nAO AO CAPITÃO DO POVO. \\nE QUER ELE DE NOVO.RS.', 'parentId': 'Ugz2xuq4_2ZPWoElzB14AaABAg', 'authorDisplayName': 'Elenir  Elenir.', 'authorProfileImageUrl': 'https://yt3.ggpht.com/WdYueiEBWAwUwayNSeDlJ2xBvf2UsbJWhD4hGTPXnHdaN3p2Hfw3UXnY2SjVD6SX7qn4zEweUA=s48-c-k-c0x00ffffff-no-rj', 'authorChannelUrl': 'http://www.youtube.com/channel/UC4--XLTbqxAn0PI6Otu5TaA', 'authorChannelId': {'value': 'UC4--XLTbqxAn0PI6Otu5TaA'}, 'canRate': True, 'viewerRating': 'none', 'likeCount': 3, 'publishedAt': '2022-10-21T23:45:51Z', 'updatedAt': '2022-10-21T23:45:51Z'}}, {'kind': 'youtube#comment', 'etag': 'z3euwhjlykohwle-evQDvh87w-4', 'id': 'Ugz2xuq4_2ZPWoElzB14AaABAg.9hT6dnHdj1N9hT9rD8VCZZ', 'snippet': {'videoId': 'ZBaqttk_mG8', 'textDisplay': 'GRATA PRESIDENTE BOLSONARO E AO NOSSO <br>COMPETENTE ESCOMISTA,PAULO GUEDES. BOA NOITE A<br>AMBOS COM SUAS RESPECTIVAS FAMÍLIAS 👪  AMÉM JESUS CRISTO <a href=""http://rs.vote/"">RS.VOTE</a> 22 BOLSONARO.', 'textOriginal': 'GRATA PRESIDENTE BOLSONARO E AO NOSSO \\nCOMPETENTE ESCOMISTA,PAULO GUEDES. BOA NOITE A\\nAMBOS COM SUAS RESPECTIVAS FAMÍLIAS 👪  AMÉM JESUS CRISTO RS.VOTE 22 BOLSONARO.', 'parentId': 'Ugz2xuq4_2ZPWoElzB14AaABAg', 'authorDisplayName': 'Elenir  Elenir.', 'authorProfileImageUrl': 'https://yt3.ggpht.com/WdYueiEBWAwUwayNSeDlJ2xBvf2UsbJWhD4hGTPXnHdaN3p2Hfw3UXnY2SjVD6SX7qn4zEweUA=s48-c-k-c0x00ffffff-no-rj', 'authorChannelUrl': 'http://www.youtube.com/channel/UC4--XLTbqxAn0PI6Otu5TaA', 'authorChannelId': {'value': 'UC4--XLTbqxAn0PI6Otu5TaA'}, 'canRate': True, 'viewerRating': 'none', 'likeCount': 4, 'publishedAt': '2022-10-21T23:43:19Z', 'updatedAt': '2022-10-21T23:43:19Z'}}]}",UCMoWHuc40QMG9ZAia4MSZqQ,2022-10-21T23:15:16Z,"ESTA CENSURA É UM ABSURDO , É HUMILHANTE, TIRA NOSSA DIGNIDADE . NÃO SE OMITA DE VOTAR . E VOTE EM QUEM TEM PRINCÍPIOS , VALORES E MORAL PARA PASSAR PARA NOSSOS FILHOS BOLSONARO",,2023-06-08 12:23:53.628919
youtube#commentThread,4qlhkqLm4rp_TVrsCoxeWcn29GY,UgzPyLGjMlLOgsBeB2V4AaABAg,"{'videoId': 'ZBaqttk_mG8', 'topLevelComment': {'kind': 'youtube#comment', 'etag': 'v2beHiGdAqsPqwsbEqKNgzyvUac', 'id': 'UgzPyLGjMlLOgsBeB2V4AaABAg', 'snippet': {'videoId': 'ZBaqttk_mG8', 'textDisplay': 'Pq vcs não públicam com ÁUDIOS?.', 'textOriginal': 'Pq vcs não públicam com ÁUDIOS?.', 'authorDisplayName': 'Claudiandra Celéstin', 'authorProfileImageUrl': 'https://yt3.ggpht.com/ytc/AGIKgqNn6lDXHb8PFiybkVJweZ66JohEMhZy4UJEPW53IIY=s48-c-k-c0x00ffffff-no-rj', 'authorChannelUrl': 'http://www.youtube.com/channel/UCzS2P0AZ5tuucib9eq-tu4Q', 'authorChannelId': {'value': 'UCzS2P0AZ5tuucib9eq-tu4Q'}, 'canRate': True, 'viewerRating': 'none', 'likeCount': 5, 'publishedAt': '2022-10-21T23:15:13Z', 'updatedAt': '2022-10-21T23:15:13Z'}}, 'canReply': True, 'totalReplyCount': 0, 'isPublic': True}",,UCzS2P0AZ5tuucib9eq-tu4Q,2022-10-21T23:15:13Z,Pq vcs não públicam com ÁUDIOS?.,,2023-06-08 12:23:53.628919
youtube#commentThread,3zh1s_KMsILZ-qy5cAQ0eSCqQEk,UgwcJwmsjGD-LCdbyW94AaABAg,"{'videoId': 'ZBaqttk_mG8', 'topLevelComment': {'kind': 'youtube#comment', 'etag': 'ovBS_LSWchJDU6DbGRv3-86wi4Y', 'id': 'UgwcJwmsjGD-LCdbyW94AaABAg', 'snippet': {'videoId': 'ZBaqttk_mG8', 'textDisplay': 'Essa esquerda é uma vergonha !!!', 'textOriginal': 'Essa esquerda é uma vergonha !!!', 'authorDisplayName': 'Gilsa Freitas', 'authorProfileImageUrl': 'https://yt3.ggpht.com/ytc/AGIKgqNvvNNoRdSytj1VYENJpyatbTDKIe6KDMsUNmFEEXI=s48-c-k-c0x00ffffff-no-rj', 'authorChannelUrl': 'http://www.youtube.com/channel/UCPn0j5tcpHonefAJ_hJBZdQ', 'authorChannelId': {'value': 'UCPn0j5tcpHonefAJ_hJBZdQ'}, 'canRate': True, 'viewerRating': 'none', 'likeCount': 58, 'publishedAt': '2022-10-21T23:15:06Z', 'updatedAt': '2022-10-21T23:15:06Z'}}, 'canReply': True, 'totalReplyCount': 2, 'isPublic': True}","{'comments': [{'kind': 'youtube#comment', 'etag': 'Q9QzwJtnsCxQn1pq2-fptjCxKl4', 'id': 'UgwcJwmsjGD-LCdbyW94AaABAg.9hT6cX_6yaQ9hTFdhOIDYV', 'snippet': {'videoId': 'ZBaqttk_mG8', 'textDisplay': 'PT partido das trevas estamos juntos pela vitória do presidente Bolsonaro e do povo brasileiro que quer o bem do nosso querido Brasil presidente Bolsonaro Rumo ao progresso', 'textOriginal': 'PT partido das trevas estamos juntos pela vitória do presidente Bolsonaro e do povo brasileiro que quer o bem do nosso querido Brasil presidente Bolsonaro Rumo ao progresso', 'parentId': 'UgwcJwmsjGD-LCdbyW94AaABAg', 'authorDisplayName': 'Eva 🇧🇷', 'authorProfileImageUrl': 'https://yt3.ggpht.com/ytc/AGIKgqMx4NAXU-M7HciZeCai9FaPCywCry5fDHyvF6k7vB4QY2pQ_Pg1baavwqiL3iWA=s48-c-k-c0x00ffffff-no-rj', 'authorChannelUrl': 'http://www.youtube.com/channel/UC15dho13m-9IXihE-rC4BCQ', 'authorChannelId': {'value': 'UC15dho13m-9IXihE-rC4BCQ'}, 'canRate': True, 'viewerRating': 'none', 'likeCount': 1, 'publishedAt': '2022-10-22T00:33:54Z', 'updatedAt': '2022-10-22T00:33:54Z'}}, {'kind': 'youtube#comment', 'etag': 'nYchz98CPZQsaRQdMA7cfn2Qceg', 'id': 'UgwcJwmsjGD-LCdbyW94AaABAg.9hT6cX_6yaQ9hTC60gWv4p', 'snippet': {'videoId': 'ZBaqttk_mG8', 'textDisplay': 'Dá nojo não só eles como está quadrilha do Pt', 'textOriginal': 'Dá nojo não só eles como está quadrilha do Pt', 'parentId': 'UgwcJwmsjGD-LCdbyW94AaABAg', 'authorDisplayName': 'Box Tv', 'authorProfileImageUrl': 'https://yt3.ggpht.com/ytc/AGIKgqOtpxZ3A9xQCd0rVI3MVnmICUAipv5I8833jod1TrzWhsj21M9_G9WKfb2OPxl4=s48-c-k-c0x00ffffff-no-rj', 'authorChannelUrl': 'http://www.youtube.com/channel/UCoZkDcCeMQVdFLyR7PO-tJA', 'authorChannelId': {'value': 'UCoZkDcCeMQVdFLyR7PO-tJA'}, 'canRate': True, 'viewerRating': 'none', 'likeCount': 4, 'publishedAt': '2022-10-22T00:02:57Z', 'updatedAt': '2022-10-22T00:02:57Z'}}]}",UCPn0j5tcpHonefAJ_hJBZdQ,2022-10-21T23:15:06Z,Essa esquerda é uma vergonha !!!,,2023-06-08 12:23:53.628919
youtube#commentThread,6xZO05pXip8cU4eZ0wK2op8Q7qA,Ugy9rVevdfs10HUJgnx4AaABAg,"{'videoId': 'ZBaqttk_mG8', 'topLevelComment': {'kind': 'youtube#comment', 'etag': 'dreUyeGLPOIyHmd9Qnt39lBsQow', 'id': 'Ugy9rVevdfs10HUJgnx4AaABAg', 'snippet': {'videoId': 'ZBaqttk_mG8', 'textDisplay': 'Assista', 'textOriginal': 'Assista', 'authorDisplayName': 'Maria Brito', 'authorProfileImageUrl': 'https://yt3.ggpht.com/ytc/AGIKgqPBqdThAuCJdrlVa32vdw0eJ1k-r7euU97ONGVliuMUl58EjLGI_ddm7HJAGesk=s48-c-k-c0x00ffffff-no-rj', 'authorChannelUrl': 'http://www.youtube.com/channel/UCQh-JDo6xFwetwe56M0ULkA', 'authorChannelId': {'value': 'UCQh-JDo6xFwetwe56M0ULkA'}, 'canRate': True, 'viewerRating': 'none', 'likeCount': 5, 'publishedAt': '2022-10-21T23:14:44Z', 'updatedAt': '2022-10-21T23:14:44Z'}}, 'canReply': True, 'totalReplyCount': 0, 'isPublic': True}",,UCQh-JDo6xFwetwe56M0ULkA,2022-10-21T23:14:44Z,Assista,,2023-06-08 12:23:53.628919
youtube#commentThread,WCQpDhVzv1XO4McGNdQWr7J05Gc,Ugynq-OHwqRe3Aryh9t4AaABAg,"{'videoId': 'ZBaqttk_mG8', 'topLevelComment': {'kind': 'youtube#comment', 'etag': 'rAaJn4ksXdplwE-ZDIeR-Hh3G7Q', 'id': 'Ugynq-OHwqRe3Aryh9t4AaABAg', 'snippet': {'videoId': 'ZBaqttk_mG8', 'textDisplay': 'Fechado com Jair Messias Bolsonaro presidente e Tarcísio governador 🇧🇷 22 🇧🇷🇧🇷🇧🇷 vila Maria SP', 'textOriginal': 'Fechado com Jair Messias Bolsonaro presidente e Tarcísio governador 🇧🇷 22 🇧🇷🇧🇷🇧🇷 vila Maria SP', 'authorDisplayName': 'Alexandre Pimentel dos Santos Santos', 'authorProfileImageUrl': 'https://yt3.ggpht.com/ytc/AGIKgqNU6gv4ZZU-Ncv31Gi-20sQp34QLD4CzCtnOJQUIQ=s48-c-k-c0x00ffffff-no-rj', 'authorChannelUrl': 'http://www.youtube.com/channel/UCfWwbuueFnKEAjO2zX6V82w', 'authorChannelId': {'value': 'UCfWwbuueFnKEAjO2zX6V82w'}, 'canRate': True, 'viewerRating': 'none', 'likeCount': 24, 'publishedAt': '2022-10-21T23:14:43Z', 'updatedAt': '2022-10-21T23:14:43Z'}}, 'canReply': True, 'totalReplyCount': 1, 'isPublic': True}","{'comments': [{'kind': 'youtube#comment', 'etag': 'b60IYvmkePZIqg1gR1pSzGywHzg', 'id': 'Ugynq-OHwqRe3Aryh9t4AaABAg.9hT6_kJzLYM9hT76xyFNmm', 'snippet': {'videoId': 'ZBaqttk_mG8', 'textDisplay': 'Em 2017 teve um reajuste de 17 reais e daí Lula como  agora vc esta dizendo que vai dar um salário melhor nem quando vc estava no poder dava sempre migalhas', 'textOriginal': 'Em 2017 teve um reajuste de 17 reais e daí Lula como  agora vc esta dizendo que vai dar um salário melhor nem quando vc estava no poder dava sempre migalhas', 'parentId': 'Ugynq-OHwqRe3Aryh9t4AaABAg', 'authorDisplayName': 'Kika Macan', 'authorProfileImageUrl': 'https://yt3.ggpht.com/ytc/AGIKgqMPBRHHzRI4mHveuhEf9PP0OtyzSmQgdt0cP2iw1w=s48-c-k-c0x00ffffff-no-rj', 'authorChannelUrl': 'http://www.youtube.com/channel/UCv57ESea4h7vVIlxTTslBeg', 'authorChannelId': {'value': 'UCv57ESea4h7vVIlxTTslBeg'}, 'canRate': True, 'viewerRating': 'none', 'likeCount': 2, 'publishedAt': '2022-10-21T23:19:23Z', 'updatedAt': '2022-10-21T23:19:23Z'}}]}",UCfWwbuueFnKEAjO2zX6V82w,2022-10-21T23:14:43Z,Fechado com Jair Messias Bolsonaro presidente e Tarcísio governador 🇧🇷 22 🇧🇷🇧🇷🇧🇷 vila Maria SP,,2023-06-08 12:23:53.628919
