kind,etag,id,snippet,replies,authorChannelId,publishedAt,textOriginal,nextPageToken,extraction_date
youtube#commentThread,bK73vfjnpc684SRK4LTQUyLaJcw,UgycVBk5s1cwq24JzLt4AaABAg,"{'videoId': '8KEnVs0e_rA', 'topLevelComment': {'kind': 'youtube#comment', 'etag': 'KhIYWmBW2SPARVwvfO3ZzPf-fpw', 'id': 'UgycVBk5s1cwq24JzLt4AaABAg', 'snippet': {'videoId': '8KEnVs0e_rA', 'textDisplay': 'A Rússia em nome do nacionalismo e da ideologia e politica expancionista do presidente Vladimir Putin vêm massacrando milhões de pessoas na Ucrânia e desrepeitando a soberania da UCRÂNIA e tomando posse das terras ferteis e ricas da Ucrânia passando por cima da ONU e União Europeia e de todos o paises inclusive os Estados Unidos da América do Norte. Putin é o que sobrou da segunda guerra mundial. LAMENTÁVEL. 😢😢😢😢😢😢😢😢', 'textOriginal': 'A Rússia em nome do nacionalismo e da ideologia e politica expancionista do presidente Vladimir Putin vêm massacrando milhões de pessoas na Ucrânia e desrepeitando a soberania da UCRÂNIA e tomando posse das terras ferteis e ricas da Ucrânia passando por cima da ONU e União Europeia e de todos o paises inclusive os Estados Unidos da América do Norte. Putin é o que sobrou da segunda guerra mundial. LAMENTÁVEL. 😢😢😢😢😢😢😢😢', 'authorDisplayName': 'Claudinei jesus', 'authorProfileImageUrl': 'https://yt3.ggpht.com/wDcmUy-96Ai4Usa10LRlnkTNaWg4vbf6hdlOqd-d_RgvDCxUPVsMnhcQ916JqbNK68NiR40A8AQ=s48-c-k-c0x00ffffff-no-rj', 'authorChannelUrl': 'http://www.youtube.com/channel/UCCW8ZfJvL33UuMG8s3wX1Gg', 'authorChannelId': {'value': 'UCCW8ZfJvL33UuMG8s3wX1Gg'}, 'canRate': True, 'viewerRating': 'none', 'likeCount': 0, 'publishedAt': '2023-04-29T01:16:48Z', 'updatedAt': '2023-04-29T01:16:48Z'}}, 'canReply': True, 'totalReplyCount': 0, 'isPublic': True}",,UCCW8ZfJvL33UuMG8s3wX1Gg,2023-04-29T01:16:48Z,A Rússia em nome do nacionalismo e da ideologia e politica expancionista do presidente Vladimir Putin vêm massacrando milhões de pessoas na Ucrânia e desrepeitando a soberania da UCRÂNIA e tomando posse das terras ferteis e ricas da Ucrânia passando por cima da ONU e União Europeia e de todos o paises inclusive os Estados Unidos da América do Norte. Putin é o que sobrou da segunda guerra mundial. LAMENTÁVEL. 😢😢😢😢😢😢😢😢,,2023-06-08 12:17:50.397801
youtube#commentThread,4GPGtyNr0qU1_iJYywWwp7LfkXE,UgxIJT2p-URArQAutm94AaABAg,"{'videoId': '8KEnVs0e_rA', 'topLevelComment': {'kind': 'youtube#comment', 'etag': '4vW58H-6ABKp-LWxDD_lTZJ-alk', 'id': 'UgxIJT2p-URArQAutm94AaABAg', 'snippet': {'videoId': '8KEnVs0e_rA', 'textDisplay': 'Renuncie Zelensky.', 'textOriginal': 'Renuncie Zelensky.', 'authorDisplayName': 'Alugue pesque de barco no rio Ceará.', 'authorProfileImageUrl': 'https://yt3.ggpht.com/DVWWGJpjzU1aJ0WO47ETnaRPRMTL-sL9p97DmZNyJ1i8vXvmBOv8vCHL_zZfzb02c8vWco5S=s48-c-k-c0x00ffffff-no-rj', 'authorChannelUrl': 'http://www.youtube.com/channel/UCzs0TMdeTq2_ynSy7zkpzmA', 'authorChannelId': {'value': 'UCzs0TMdeTq2_ynSy7zkpzmA'}, 'canRate': True, 'viewerRating': 'none', 'likeCount': 0, 'publishedAt': '2022-10-22T21:40:21Z', 'updatedAt': '2022-10-22T21:40:21Z'}}, 'canReply': True, 'totalReplyCount': 0, 'isPublic': True}",,UCzs0TMdeTq2_ynSy7zkpzmA,2022-10-22T21:40:21Z,Renuncie Zelensky.,,2023-06-08 12:17:50.397801
youtube#commentThread,v2x4GPmymgy0S4-q8Jg0XFnOmVs,Ugx6RfQtgCW_Po4VXdp4AaABAg,"{'videoId': '8KEnVs0e_rA', 'topLevelComment': {'kind': 'youtube#comment', 'etag': 'nXranZVplqywTdxsHkNHBN3FiQ0', 'id': 'Ugx6RfQtgCW_Po4VXdp4AaABAg', 'snippet': {'videoId': '8KEnVs0e_rA', 'textDisplay': 'Porq o demônio zwlensk não acaba com osso e cede para q não haja ais mortes de inocentes?', 'textOriginal': 'Porq o demônio zwlensk não acaba com osso e cede para q não haja ais mortes de inocentes?', 'authorDisplayName': 'Cristiano Laurentino', 'authorProfileImageUrl': 'https://yt3.ggpht.com/ytc/AGIKgqPhxVVz7ovfzUeeR0lA-VMAdCXAh-lv9PHLvA=s48-c-k-c0x00ffffff-no-rj', 'authorChannelUrl': 'http://www.youtube.com/channel/UCSg_URs-e_KRrPtSdDceBGg', 'authorChannelId': {'value': 'UCSg_URs-e_KRrPtSdDceBGg'}, 'canRate': True, 'viewerRating': 'none', 'likeCount': 0, 'publishedAt': '2022-10-22T01:57:01Z', 'updatedAt': '2022-10-22T01:57:01Z'}}, 'canReply': True, 'totalReplyCount': 0, 'isPublic': True}",,UCSg_URs-e_KRrPtSdDceBGg,2022-10-22T01:57:01Z,Porq o demônio zwlensk não acaba com osso e cede para q não haja ais mortes de inocentes?,,2023-06-08 12:17:50.397801
youtube#commentThread,60OXvgRDOlXpkg5h0sncORjBsVc,Ugyb-JwRQULYqwbpNzJ4AaABAg,"{'videoId': '8KEnVs0e_rA', 'topLevelComment': {'kind': 'youtube#comment', 'etag': 'dUE1sLLxBojMumRPygrArkq3Oi4', 'id': 'Ugyb-JwRQULYqwbpNzJ4AaABAg', 'snippet': {'videoId': '8KEnVs0e_rA', 'textDisplay': 'Esse ditador russo, acabará numa forca.', 'textOriginal': 'Esse ditador russo, acabará numa forca.', 'authorDisplayName': 'Ferguson Ferrari', 'authorProfileImageUrl': 'https://yt3.ggpht.com/ytc/AGIKgqNLG8CN5m1qjImji1CJJnNCas0oJl_uy65Axw=s48-c-k-c0x00ffffff-no-rj', 'authorChannelUrl': 'http://www.youtube.com/channel/UCIol83Vr7DEGE4OOuLQr9bg', 'authorChannelId': {'value': 'UCIol83Vr7DEGE4OOuLQr9bg'}, 'canRate': True, 'viewerRating': 'none', 'likeCount': 0, 'publishedAt': '2022-10-20T12:50:34Z', 'updatedAt': '2022-10-20T12:50:34Z'}}, 'canReply': True, 'totalReplyCount': 0, 'isPublic': True}",,UCIol83Vr7DEGE4OOuLQr9bg,2022-10-20T12:50:34Z,"Esse ditador russo, acabará numa forca.",,2023-06-08 12:17:50.397801
youtube#commentThread,Zj3lD0NRmc8J-Fvw5En_540UILE,Ugx4roa8VMXKX3ugZO94AaABAg,"{'videoId': '8KEnVs0e_rA', 'topLevelComment': {'kind': 'youtube#comment', 'etag': 'TGJMs_5S8EhURXQnP_betvcmCaI', 'id': 'Ugx4roa8VMXKX3ugZO94AaABAg', 'snippet': {'videoId': '8KEnVs0e_rA', 'textDisplay': 'O mais lamentável é que essa guerra é apenas para a Rússia testar os seus equipamentos 🤦\\u200d♂🤦\\u200d♂', 'textOriginal': 'O mais lamentável é que essa guerra é apenas para a Rússia testar os seus equipamentos 🤦\\u200d♂🤦\\u200d♂', 'authorDisplayName': 'Takeshi', 'authorProfileImageUrl': 'https://yt3.ggpht.com/ytc/AGIKgqNhGGW-L4rrdYRM1-kTObluVa8F1K5wyNwwpuopRQ=s48-c-k-c0x00ffffff-no-rj', 'authorChannelUrl': 'http://www.youtube.com/channel/UCBTv_GrJNnxoS2oIMf-LzHA', 'authorChannelId': {'value': 'UCBTv_GrJNnxoS2oIMf-LzHA'}, 'canRate': True, 'viewerRating': 'none', 'likeCount': 0, 'publishedAt': '2022-10-19T18:00:15Z', 'updatedAt': '2022-10-19T18:00:15Z'}}, 'canReply': True, 'totalReplyCount': 0, 'isPublic': True}",,UCBTv_GrJNnxoS2oIMf-LzHA,2022-10-19T18:00:15Z,O mais lamentável é que essa guerra é apenas para a Rússia testar os seus equipamentos 🤦‍♂🤦‍♂,,2023-06-08 12:17:50.397801
youtube#commentThread,EHlEIr93_MtfeIzy6JrkHWqVSp4,UgyM3DV8MzZ11yFhxhR4AaABAg,"{'videoId': '8KEnVs0e_rA', 'topLevelComment': {'kind': 'youtube#comment', 'etag': '7vNgz5n5WK4t1VXVs8iyoiXLGGc', 'id': 'UgyM3DV8MzZ11yFhxhR4AaABAg', 'snippet': {'videoId': '8KEnVs0e_rA', 'textDisplay': 'Cada um escolhe o presidente que deseja, essas são as consequências da política má aplicada, isso é pra vcs que vão votar no lula ladrão.', 'textOriginal': 'Cada um escolhe o presidente que deseja, essas são as consequências da política má aplicada, isso é pra vcs que vão votar no lula ladrão.', 'authorDisplayName': 'Jemison Luiz', 'authorProfileImageUrl': 'https://yt3.ggpht.com/ytc/AGIKgqOfS1HAs020SO6mzO2P-gF7_3PcqzfvirOFLDpg7rCtkFgiN6TMO8Pu-xqCWt_n=s48-c-k-c0x00ffffff-no-rj', 'authorChannelUrl': 'http://www.youtube.com/channel/UCkUTfyYOcwdCGHcSQ0i6mLg', 'authorChannelId': {'value': 'UCkUTfyYOcwdCGHcSQ0i6mLg'}, 'canRate': True, 'viewerRating': 'none', 'likeCount': 0, 'publishedAt': '2022-10-19T13:29:58Z', 'updatedAt': '2022-10-19T13:29:58Z'}}, 'canReply': True, 'totalReplyCount': 0, 'isPublic': True}",,UCkUTfyYOcwdCGHcSQ0i6mLg,2022-10-19T13:29:58Z,"Cada um escolhe o presidente que deseja, essas são as consequências da política má aplicada, isso é pra vcs que vão votar no lula ladrão.",,2023-06-08 12:17:50.397801
youtube#commentThread,ki8waUNARELlkLhk-q8NL-XvTyk,UgwTLt9DTW1cmhV5FHd4AaABAg,"{'videoId': '8KEnVs0e_rA', 'topLevelComment': {'kind': 'youtube#comment', 'etag': 'dmy2CqQGn9KcLdq4Yff0KNfUNIo', 'id': 'UgwTLt9DTW1cmhV5FHd4AaABAg', 'snippet': {'videoId': '8KEnVs0e_rA', 'textDisplay': 'Muito triste memso', 'textOriginal': 'Muito triste memso', 'authorDisplayName': 'Danilo do corinho', 'authorProfileImageUrl': 'https://yt3.ggpht.com/O0QN8h8Zq7surL2MQU2vqWozR7Vla0HS9JtW8rk5yw1PfxEDMOpx8uzzOM5jPri4rrWpqULJhOc=s48-c-k-c0x00ffffff-no-rj', 'authorChannelUrl': 'http://www.youtube.com/channel/UCDyMXgMDc4-2o27xRD518Ow', 'authorChannelId': {'value': 'UCDyMXgMDc4-2o27xRD518Ow'}, 'canRate': True, 'viewerRating': 'none', 'likeCount': 0, 'publishedAt': '2022-10-18T22:07:12Z', 'updatedAt': '2022-10-18T22:07:12Z'}}, 'canReply': True, 'totalReplyCount': 0, 'isPublic': True}",,UCDyMXgMDc4-2o27xRD518Ow,2022-10-18T22:07:12Z,Muito triste memso,,2023-06-08 12:17:50.397801
youtube#commentThread,51-WodJfyS_oZQRzZQNBIG5Njcg,UgyKctEgADW6sMoxbgl4AaABAg,"{'videoId': '8KEnVs0e_rA', 'topLevelComment': {'kind': 'youtube#comment', 'etag': 'G3SGbahV3zROWU53xeHKwmIV98E', 'id': 'UgyKctEgADW6sMoxbgl4AaABAg', 'snippet': {'videoId': '8KEnVs0e_rA', 'textDisplay': 'Coisa horrivel cortar agua para 2.400.000 de crimeanos. Nazicrania fez isso.', 'textOriginal': 'Coisa horrivel cortar agua para 2.400.000 de crimeanos. Nazicrania fez isso.', 'authorDisplayName': 'Alex', 'authorProfileImageUrl': 'https://yt3.ggpht.com/ytc/AGIKgqMT_XDwBZkhoEN07CxVa0VJX4Mz3aAzzANKGFvAjA=s48-c-k-c0x00ffffff-no-rj', 'authorChannelUrl': 'http://www.youtube.com/channel/UC9_rRMBAp4OoSLELnao5QQA', 'authorChannelId': {'value': 'UC9_rRMBAp4OoSLELnao5QQA'}, 'canRate': True, 'viewerRating': 'none', 'likeCount': 0, 'publishedAt': '2022-10-18T20:34:41Z', 'updatedAt': '2022-10-18T20:35:07Z'}}, 'canReply': True, 'totalReplyCount': 0, 'isPublic': True}",,UC9_rRMBAp4OoSLELnao5QQA,2022-10-18T20:34:41Z,Coisa horrivel cortar agua para 2.400.000 de crimeanos. Nazicrania fez isso.,,2023-06-08 12:17:50.397801
youtube#commentThread,Q2FanhtkkGhJ5NgWKum7aG51oJs,Ugz0VfuIDxxH356QqJJ4AaABAg,"{'videoId': '8KEnVs0e_rA', 'topLevelComment': {'kind': 'youtube#comment', 'etag': 'tdi4vhBIScrTsylEuik4ghGzpcE', 'id': 'Ugz0VfuIDxxH356QqJJ4AaABAg', 'snippet': {'videoId': '8KEnVs0e_rA', 'textDisplay': 'Muito alegre', 'textOriginal': 'Muito alegre', 'authorDisplayName': 'Alex', 'authorProfileImageUrl': 'https://yt3.ggpht.com/ytc/AGIKgqMT_XDwBZkhoEN07CxVa0VJX4Mz3aAzzANKGFvAjA=s48-c-k-c0x00ffffff-no-rj', 'authorChannelUrl': 'http://www.youtube.com/channel/UC9_rRMBAp4OoSLELnao5QQA', 'authorChannelId': {'value': 'UC9_rRMBAp4OoSLELnao5QQA'}, 'canRate': True, 'viewerRating': 'none', 'likeCount': 0, 'publishedAt': '2022-10-18T20:29:34Z', 'updatedAt': '2022-10-18T20:29:34Z'}}, 'canReply': True, 'totalReplyCount': 0, 'isPublic': True}",,UC9_rRMBAp4OoSLELnao5QQA,2022-10-18T20:29:34Z,Muito alegre,,2023-06-08 12:17:50.397801
youtube#commentThread,oocCZZatl6joYJgjp_fliSFww_o,UgzO3BLePfLLw8GCG5F4AaABAg,"{'videoId': '8KEnVs0e_rA', 'topLevelComment': {'kind': 'youtube#comment', 'etag': 'KB0zvoC0yMvBECVEXZN_tQA-LOc', 'id': 'UgzO3BLePfLLw8GCG5F4AaABAg', 'snippet': {'videoId': '8KEnVs0e_rA', 'textDisplay': 'O importante é que o Lula apoia o Putin. Quem sabe o Brasil com o Lula vire uma Rússia ou de repente uma Cuba? Viva Ortega!', 'textOriginal': 'O importante é que o Lula apoia o Putin. Quem sabe o Brasil com o Lula vire uma Rússia ou de repente uma Cuba? Viva Ortega!', 'authorDisplayName': 'Wade', 'authorProfileImageUrl': 'https://yt3.ggpht.com/ytc/AGIKgqPXH5tdE4R7F1K5K4WwnQYxq-3-XQn_XAxzG20uPw=s48-c-k-c0x00ffffff-no-rj', 'authorChannelUrl': 'http://www.youtube.com/channel/UC8YQxs0XJrbgKPUicHAkQZw', 'authorChannelId': {'value': 'UC8YQxs0XJrbgKPUicHAkQZw'}, 'canRate': True, 'viewerRating': 'none', 'likeCount': 0, 'publishedAt': '2022-10-18T18:34:38Z', 'updatedAt': '2022-10-18T18:34:38Z'}}, 'canReply': True, 'totalReplyCount': 0, 'isPublic': True}",,UC8YQxs0XJrbgKPUicHAkQZw,2022-10-18T18:34:38Z,O importante é que o Lula apoia o Putin. Quem sabe o Brasil com o Lula vire uma Rússia ou de repente uma Cuba? Viva Ortega!,,2023-06-08 12:17:50.397801
youtube#commentThread,tsVwgoZgYnGzJFujW_qbWvHx928,UgyWeiqoWEe_E9KtCeN4AaABAg,"{'videoId': '8KEnVs0e_rA', 'topLevelComment': {'kind': 'youtube#comment', 'etag': 'esfnlKOQcYXf7EkBlKL9-bkQRfI', 'id': 'UgyWeiqoWEe_E9KtCeN4AaABAg', 'snippet': {'videoId': '8KEnVs0e_rA', 'textDisplay': 'Tecnologia da morte  ☠  <br>Jamais acredite  no putin', 'textOriginal': 'Tecnologia da morte  ☠  \\nJamais acredite  no putin', 'authorDisplayName': 'Agnaldo Ribeiro', 'authorProfileImageUrl': 'https://yt3.ggpht.com/ytc/AGIKgqPUYWbnR5Ql7ZxPfJLtlSdwMs1RDagyc_AXAeXM5MIu2l86Iczy3MYWPKEaH3Iw=s48-c-k-c0x00ffffff-no-rj', 'authorChannelUrl': 'http://www.youtube.com/channel/UCQVuOuYMJCxzQdBUocWe3aQ', 'authorChannelId': {'value': 'UCQVuOuYMJCxzQdBUocWe3aQ'}, 'canRate': True, 'viewerRating': 'none', 'likeCount': 0, 'publishedAt': '2022-10-18T18:02:25Z', 'updatedAt': '2022-10-18T18:02:25Z'}}, 'canReply': True, 'totalReplyCount': 0, 'isPublic': True}",,UCQVuOuYMJCxzQdBUocWe3aQ,2022-10-18T18:02:25Z,"Tecnologia da morte  ☠  
Jamais acredite  no putin",,2023-06-08 12:17:50.397801
youtube#commentThread,UJYCJWuwrIfXd-n6gKFAZfsyDzY,UgxVN9ZohcO8KC5PBBp4AaABAg,"{'videoId': '8KEnVs0e_rA', 'topLevelComment': {'kind': 'youtube#comment', 'etag': '1mgV9X-MtALqFc5djV9csAIPqns', 'id': 'UgxVN9ZohcO8KC5PBBp4AaABAg', 'snippet': {'videoId': '8KEnVs0e_rA', 'textDisplay': 'E com que fizeram na Crimeia atacando a ponte que a une com Moscovo é normal? Aí vai a resposta agora aguentam seus palhaços', 'textOriginal': 'E com que fizeram na Crimeia atacando a ponte que a une com Moscovo é normal? Aí vai a resposta agora aguentam seus palhaços', 'authorDisplayName': 'Rosariosamuel Pedro', 'authorProfileImageUrl': 'https://yt3.ggpht.com/Ynkhx_eaiQnFSW7eAyh33915HLYulPQ9Ze6m5nVbZ_OChLc8rqJFhGAXCRQUQcuVm269W6BG0g=s48-c-k-c0x00ffffff-no-rj', 'authorChannelUrl': 'http://www.youtube.com/channel/UCflQByuIhUryq7Z6504ywnQ', 'authorChannelId': {'value': 'UCflQByuIhUryq7Z6504ywnQ'}, 'canRate': True, 'viewerRating': 'none', 'likeCount': 2, 'publishedAt': '2022-10-18T15:30:26Z', 'updatedAt': '2022-10-18T15:31:08Z'}}, 'canReply': True, 'totalReplyCount': 0, 'isPublic': True}",,UCflQByuIhUryq7Z6504ywnQ,2022-10-18T15:30:26Z,E com que fizeram na Crimeia atacando a ponte que a une com Moscovo é normal? Aí vai a resposta agora aguentam seus palhaços,,2023-06-08 12:17:50.397801
youtube#commentThread,sJSEmex99YSFqiNymPxUYxKRibY,Ugzi_sDObGS7f2rM7jV4AaABAg,"{'videoId': '8KEnVs0e_rA', 'topLevelComment': {'kind': 'youtube#comment', 'etag': 'I9fS3V4Jhzj3rTDYmHsETCNpGmg', 'id': 'Ugzi_sDObGS7f2rM7jV4AaABAg', 'snippet': {'videoId': '8KEnVs0e_rA', 'textDisplay': 'Muito triste mesmo', 'textOriginal': 'Muito triste mesmo', 'authorDisplayName': 'Marco', 'authorProfileImageUrl': 'https://yt3.ggpht.com/ns9vryRIA-2ZDpoUjdf_fQoKRU7dbBJri-bqiKtJrkfD8wjATQ50PqTaXrhNXHs_D2hgxXCnVvc=s48-c-k-c0x00ffffff-no-rj', 'authorChannelUrl': 'http://www.youtube.com/channel/UCV7tCjzz6rZLcDF-mtnZcng', 'authorChannelId': {'value': 'UCV7tCjzz6rZLcDF-mtnZcng'}, 'canRate': True, 'viewerRating': 'none', 'likeCount': 0, 'publishedAt': '2022-10-18T15:30:22Z', 'updatedAt': '2022-10-18T15:30:22Z'}}, 'canReply': True, 'totalReplyCount': 0, 'isPublic': True}",,UCV7tCjzz6rZLcDF-mtnZcng,2022-10-18T15:30:22Z,Muito triste mesmo,,2023-06-08 12:17:50.397801
youtube#commentThread,RDjmkDU4Z3TVX21PTbqJMcW2rIU,UgwQT3D8jhbDqlINolB4AaABAg,"{'videoId': '8KEnVs0e_rA', 'topLevelComment': {'kind': 'youtube#comment', 'etag': 'bMhG1iL5WteXULzMYHEY4IHBxBw', 'id': 'UgwQT3D8jhbDqlINolB4AaABAg', 'snippet': {'videoId': '8KEnVs0e_rA', 'textDisplay': 'A Ucrânia tem que começar a bombardear o país da Rússia, só assim a Rússia começa a temer, pois o contra-ataque vai deixar a Rússia no modo defensiva e à população russa vai começar a ficar apavorada aí vão entender que essa guerra não tem sentido, vão começar a pedi a saída do demônio… tradução o ditador cai!!!!', 'textOriginal': 'A Ucrânia tem que começar a bombardear o país da Rússia, só assim a Rússia começa a temer, pois o contra-ataque vai deixar a Rússia no modo defensiva e à população russa vai começar a ficar apavorada aí vão entender que essa guerra não tem sentido, vão começar a pedi a saída do demônio… tradução o ditador cai!!!!', 'authorDisplayName': 'Mário Martins', 'authorProfileImageUrl': 'https://yt3.ggpht.com/G2dY129VgH8INoQitQJfJIJfhrDEujCPe2lQFsuOcvCcdOCNrapt01-4-9ijPUnK2PSrRd65_Q=s48-c-k-c0x00ffffff-no-rj', 'authorChannelUrl': 'http://www.youtube.com/channel/UCO1Xi7Au9AbMdGtp_6s2hIQ', 'authorChannelId': {'value': 'UCO1Xi7Au9AbMdGtp_6s2hIQ'}, 'canRate': True, 'viewerRating': 'none', 'likeCount': 0, 'publishedAt': '2022-10-18T14:02:03Z', 'updatedAt': '2022-10-18T14:03:27Z'}}, 'canReply': True, 'totalReplyCount': 0, 'isPublic': True}",,UCO1Xi7Au9AbMdGtp_6s2hIQ,2022-10-18T14:02:03Z,"A Ucrânia tem que começar a bombardear o país da Rússia, só assim a Rússia começa a temer, pois o contra-ataque vai deixar a Rússia no modo defensiva e à população russa vai começar a ficar apavorada aí vão entender que essa guerra não tem sentido, vão começar a pedi a saída do demônio… tradução o ditador cai!!!!",,2023-06-08 12:17:50.397801
youtube#commentThread,zVZJ9TFZ98zUncp8G3EshDtt66U,Ugw641D2tc1in9kAuX54AaABAg,"{'videoId': '8KEnVs0e_rA', 'topLevelComment': {'kind': 'youtube#comment', 'etag': 'S9sZBO3JRrCtcgkxGFbt0ODqZiE', 'id': 'Ugw641D2tc1in9kAuX54AaABAg', 'snippet': {'videoId': '8KEnVs0e_rA', 'textDisplay': 'E só atacar Moscou', 'textOriginal': 'E só atacar Moscou', 'authorDisplayName': 'Aldecino Alves', 'authorProfileImageUrl': 'https://yt3.ggpht.com/ytc/AGIKgqOUwiTPihARnywo8eVfjg8GbMySaIyPImACRw=s48-c-k-c0x00ffffff-no-rj', 'authorChannelUrl': 'http://www.youtube.com/channel/UCLI5OLFH9_J2ppo5S8JS8kQ', 'authorChannelId': {'value': 'UCLI5OLFH9_J2ppo5S8JS8kQ'}, 'canRate': True, 'viewerRating': 'none', 'likeCount': 0, 'publishedAt': '2022-10-18T13:30:49Z', 'updatedAt': '2022-10-18T13:30:49Z'}}, 'canReply': True, 'totalReplyCount': 1, 'isPublic': True}","{'comments': [{'kind': 'youtube#comment', 'etag': 'BAtCbuMtDmkLGTZrKad6Wcxi1w4', 'id': 'Ugw641D2tc1in9kAuX54AaABAg.9hKLN_k6wI_9hL5QF-sjjh', 'snippet': {'videoId': '8KEnVs0e_rA', 'textDisplay': 'vai tentar kk. Ataque a lanchonete na akina', 'textOriginal': 'vai tentar kk. Ataque a lanchonete na akina', 'parentId': 'Ugw641D2tc1in9kAuX54AaABAg', 'authorDisplayName': 'Alex', 'authorProfileImageUrl': 'https://yt3.ggpht.com/ytc/AGIKgqMT_XDwBZkhoEN07CxVa0VJX4Mz3aAzzANKGFvAjA=s48-c-k-c0x00ffffff-no-rj', 'authorChannelUrl': 'http://www.youtube.com/channel/UC9_rRMBAp4OoSLELnao5QQA', 'authorChannelId': {'value': 'UC9_rRMBAp4OoSLELnao5QQA'}, 'canRate': True, 'viewerRating': 'none', 'likeCount': 1, 'publishedAt': '2022-10-18T20:30:37Z', 'updatedAt': '2022-10-18T20:30:58Z'}}]}",UCLI5OLFH9_J2ppo5S8JS8kQ,2022-10-18T13:30:49Z,E só atacar Moscou,,2023-06-08 12:17:50.397801
youtube#commentThread,av90PzbmXbc6Zto5iRYptWtEhCQ,UgyMDH__WYXevAzJhUB4AaABAg,"{'videoId': '8KEnVs0e_rA', 'topLevelComment': {'kind': 'youtube#comment', 'etag': '-AFeN106oXpkeDea8NodfhC1fec', 'id': 'UgyMDH__WYXevAzJhUB4AaABAg', 'snippet': {'videoId': '8KEnVs0e_rA', 'textDisplay': 'USA por favor manda logo os mísseis de longo alcance pra Ucrânia retribuir em moscou', 'textOriginal': 'USA por favor manda logo os mísseis de longo alcance pra Ucrânia retribuir em moscou', 'authorDisplayName': 'Luiz Fernando Sette', 'authorProfileImageUrl': 'https://yt3.ggpht.com/ytc/AGIKgqPbli-Cr2enk6hibrm3_nofSrw0mqURljwBuU0Qpg=s48-c-k-c0x00ffffff-no-rj', 'authorChannelUrl': 'http://www.youtube.com/channel/UCzVxsLPA5yQ17fo-4oIlpTw', 'authorChannelId': {'value': 'UCzVxsLPA5yQ17fo-4oIlpTw'}, 'canRate': True, 'viewerRating': 'none', 'likeCount': 0, 'publishedAt': '2022-10-18T12:43:45Z', 'updatedAt': '2022-10-18T12:43:45Z'}}, 'canReply': True, 'totalReplyCount': 1, 'isPublic': True}","{'comments': [{'kind': 'youtube#comment', 'etag': '4dpliyWmggx1_yuWNlxQHKJAAS0', 'id': 'UgyMDH__WYXevAzJhUB4AaABAg.9hKFzqPNmR59hL9gwkMXpb', 'snippet': {'videoId': '8KEnVs0e_rA', 'textDisplay': 'Tá doido! Quer a terceira guerra mundial? Eles têm que sentar à mesa e, negociar o fim dessa guerra. Têm é que parar de alimentar com armas essa loucura.', 'textOriginal': 'Tá doido! Quer a terceira guerra mundial? Eles têm que sentar à mesa e, negociar o fim dessa guerra. Têm é que parar de alimentar com armas essa loucura.', 'parentId': 'UgyMDH__WYXevAzJhUB4AaABAg', 'authorDisplayName': 'Waldo Soares', 'authorProfileImageUrl': 'https://yt3.ggpht.com/ytc/AGIKgqNxUr-GZdRbz5NPQ0UjHXHrf61NZN60xFfV0Q=s48-c-k-c0x00ffffff-no-rj', 'authorChannelUrl': 'http://www.youtube.com/channel/UCsN-98Iq2iXyJLtFtAxciXA', 'authorChannelId': {'value': 'UCsN-98Iq2iXyJLtFtAxciXA'}, 'canRate': True, 'viewerRating': 'none', 'likeCount': 0, 'publishedAt': '2022-10-18T21:07:59Z', 'updatedAt': '2022-10-18T21:07:59Z'}}]}",UCzVxsLPA5yQ17fo-4oIlpTw,2022-10-18T12:43:45Z,USA por favor manda logo os mísseis de longo alcance pra Ucrânia retribuir em moscou,,2023-06-08 12:17:50.397801
youtube#commentThread,OdXEvT4NulTIiRwrYrx8WjBb5cY,UgycEyaU8w85Rbbm6vt4AaABAg,"{'videoId': '8KEnVs0e_rA', 'topLevelComment': {'kind': 'youtube#comment', 'etag': 'Q3fiC4Fu80HzOxjLn_8y1ExzMBw', 'id': 'UgycEyaU8w85Rbbm6vt4AaABAg', 'snippet': {'videoId': '8KEnVs0e_rA', 'textDisplay': 'Desfecho nuclear.. fim dos tempos!', 'textOriginal': 'Desfecho nuclear.. fim dos tempos!', 'authorDisplayName': 'Fabio Paula', 'authorProfileImageUrl': 'https://yt3.ggpht.com/ytc/AGIKgqNXZXZxCsIB7XKOmCL9umHh2D3gZ2iaIVS4wsV76wSg4Ut0EWjXYGf6O-84seOh=s48-c-k-c0x00ffffff-no-rj', 'authorChannelUrl': 'http://www.youtube.com/channel/UCgEh8Fr0n1m0VjMbe_0yvvw', 'authorChannelId': {'value': 'UCgEh8Fr0n1m0VjMbe_0yvvw'}, 'canRate': True, 'viewerRating': 'none', 'likeCount': 0, 'publishedAt': '2022-10-18T11:58:01Z', 'updatedAt': '2022-10-18T11:58:01Z'}}, 'canReply': True, 'totalReplyCount': 0, 'isPublic': True}",,UCgEh8Fr0n1m0VjMbe_0yvvw,2022-10-18T11:58:01Z,Desfecho nuclear.. fim dos tempos!,,2023-06-08 12:17:50.397801
youtube#commentThread,bFKjV1GBSNuxy9lWPdxx_AehpDk,UgzTScm88uGlCTBvYzd4AaABAg,"{'videoId': '8KEnVs0e_rA', 'topLevelComment': {'kind': 'youtube#comment', 'etag': '1gZDyABy6mlyUSLujPpr1FBdIuk', 'id': 'UgzTScm88uGlCTBvYzd4AaABAg', 'snippet': {'videoId': '8KEnVs0e_rA', 'textDisplay': 'Estamos com vcs Ucrânia', 'textOriginal': 'Estamos com vcs Ucrânia', 'authorDisplayName': 'pescariaCL', 'authorProfileImageUrl': 'https://yt3.ggpht.com/Eb_yxF8Qfd5trSa_ZG4b_7wZ7HGqH9wlWrlR3aQ0XU4Px-gJf7OOoWvUWn-ExHlF9B4COJmFne4=s48-c-k-c0x00ffffff-no-rj', 'authorChannelUrl': 'http://www.youtube.com/channel/UCrj07jzjYnyH1oZpP5i5spg', 'authorChannelId': {'value': 'UCrj07jzjYnyH1oZpP5i5spg'}, 'canRate': True, 'viewerRating': 'none', 'likeCount': 1, 'publishedAt': '2022-10-18T10:40:02Z', 'updatedAt': '2022-10-18T10:40:02Z'}}, 'canReply': True, 'totalReplyCount': 1, 'isPublic': True}","{'comments': [{'kind': 'youtube#comment', 'etag': '7F1D8pdq2VULGgwmvqF9UsMyIRI', 'id': 'UgzTScm88uGlCTBvYzd4AaABAg.9hK1pf5bK3S9hL5M4ND7tu', 'snippet': {'videoId': '8KEnVs0e_rA', 'textDisplay': 'Eh vdd, na mesma me rda so q no outro continente kkk', 'textOriginal': 'Eh vdd, na mesma me rda so q no outro continente kkk', 'parentId': 'UgzTScm88uGlCTBvYzd4AaABAg', 'authorDisplayName': 'Alex', 'authorProfileImageUrl': 'https://yt3.ggpht.com/ytc/AGIKgqMT_XDwBZkhoEN07CxVa0VJX4Mz3aAzzANKGFvAjA=s48-c-k-c0x00ffffff-no-rj', 'authorChannelUrl': 'http://www.youtube.com/channel/UC9_rRMBAp4OoSLELnao5QQA', 'authorChannelId': {'value': 'UC9_rRMBAp4OoSLELnao5QQA'}, 'canRate': True, 'viewerRating': 'none', 'likeCount': 0, 'publishedAt': '2022-10-18T20:30:03Z', 'updatedAt': '2022-10-18T20:30:03Z'}}]}",UCrj07jzjYnyH1oZpP5i5spg,2022-10-18T10:40:02Z,Estamos com vcs Ucrânia,,2023-06-08 12:17:50.397801
youtube#commentThread,fTkjWgA9frF-yDrHVKSyj6VTF4Y,Ugz7JT2qUMeq25rV1IZ4AaABAg,"{'videoId': '8KEnVs0e_rA', 'topLevelComment': {'kind': 'youtube#comment', 'etag': '8Q8yHT5gVaS_A2uNG0JiXpvJUMo', 'id': 'Ugz7JT2qUMeq25rV1IZ4AaABAg', 'snippet': {'videoId': '8KEnVs0e_rA', 'textDisplay': 'A guerra é de responsabilidade sobretudo da Rússia, Estado agressor que deflagrou de forma covarde a invasão da Ucrânia, e com os constantes e hediondos ataques contra a população civil ucraniana evidenciam o terrorismo de Estado e os crimes contra a Humanidade, perpetrados conforme a mentalidade de extermínio e a atitude belicista do &quot;neo-czar&quot; do Kremlin.', 'textOriginal': 'A guerra é de responsabilidade sobretudo da Rússia, Estado agressor que deflagrou de forma covarde a invasão da Ucrânia, e com os constantes e hediondos ataques contra a população civil ucraniana evidenciam o terrorismo de Estado e os crimes contra a Humanidade, perpetrados conforme a mentalidade de extermínio e a atitude belicista do ""neo-czar"" do Kremlin.', 'authorDisplayName': 'Juarez José dos Santos', 'authorProfileImageUrl': 'https://yt3.ggpht.com/ytc/AGIKgqMvbQ0vfuKRcCVAoerWdXkDZllnOATneVkM-nwu=s48-c-k-c0x00ffffff-no-rj', 'authorChannelUrl': 'http://www.youtube.com/channel/UC42O2q76gC6Rod8lLyvYQOg', 'authorChannelId': {'value': 'UC42O2q76gC6Rod8lLyvYQOg'}, 'canRate': True, 'viewerRating': 'none', 'likeCount': 0, 'publishedAt': '2022-10-18T03:45:38Z', 'updatedAt': '2022-10-18T03:45:38Z'}}, 'canReply': True, 'totalReplyCount': 0, 'isPublic': True}",,UC42O2q76gC6Rod8lLyvYQOg,2022-10-18T03:45:38Z,"A guerra é de responsabilidade sobretudo da Rússia, Estado agressor que deflagrou de forma covarde a invasão da Ucrânia, e com os constantes e hediondos ataques contra a população civil ucraniana evidenciam o terrorismo de Estado e os crimes contra a Humanidade, perpetrados conforme a mentalidade de extermínio e a atitude belicista do ""neo-czar"" do Kremlin.",,2023-06-08 12:17:50.397801
youtube#commentThread,A00sdab1eF032wND7hIu5P95Tjo,UgxvzuDWm-hzrjtwwiJ4AaABAg,"{'videoId': '8KEnVs0e_rA', 'topLevelComment': {'kind': 'youtube#comment', 'etag': '0nFiNNtrGqWE8HMJ8n22Rb3PyAs', 'id': 'UgxvzuDWm-hzrjtwwiJ4AaABAg', 'snippet': {'videoId': '8KEnVs0e_rA', 'textDisplay': 'Bandido, comunista e o demônio são 3 desgraças que as trevas criaram para ser a doença da humanidade.', 'textOriginal': 'Bandido, comunista e o demônio são 3 desgraças que as trevas criaram para ser a doença da humanidade.', 'authorDisplayName': 'Thiago Emanoel Martins', 'authorProfileImageUrl': 'https://yt3.ggpht.com/ytc/AGIKgqNE5KvNgSRKr8mzEhu68f-DZnsNQ8c8MODRKwtU=s48-c-k-c0x00ffffff-no-rj', 'authorChannelUrl': 'http://www.youtube.com/channel/UCwiayRLkiPF74Z-I7CcsKTg', 'authorChannelId': {'value': 'UCwiayRLkiPF74Z-I7CcsKTg'}, 'canRate': True, 'viewerRating': 'none', 'likeCount': 0, 'publishedAt': '2022-10-18T00:03:11Z', 'updatedAt': '2022-10-18T00:03:11Z'}}, 'canReply': True, 'totalReplyCount': 0, 'isPublic': True}",,UCwiayRLkiPF74Z-I7CcsKTg,2022-10-18T00:03:11Z,"Bandido, comunista e o demônio são 3 desgraças que as trevas criaram para ser a doença da humanidade.",,2023-06-08 12:17:50.397801
youtube#commentThread,4SzFZQ1WXQ8ws4ORQDAkhRENIBA,UgzkJ3HSr_9-TMtdcvZ4AaABAg,"{'videoId': '8KEnVs0e_rA', 'topLevelComment': {'kind': 'youtube#comment', 'etag': 'xuhCED8mX81TjcIVdyPADV4uDNg', 'id': 'UgzkJ3HSr_9-TMtdcvZ4AaABAg', 'snippet': {'videoId': '8KEnVs0e_rA', 'textDisplay': 'Isso sim é ataque terrorista', 'textOriginal': 'Isso sim é ataque terrorista', 'authorDisplayName': 'Silvio Cezar', 'authorProfileImageUrl': 'https://yt3.ggpht.com/ytc/AGIKgqMmKmMxx5kM6DBrtviimALvC8zvMS6pn7hCVhKt8g=s48-c-k-c0x00ffffff-no-rj', 'authorChannelUrl': 'http://www.youtube.com/channel/UC8i4HzMcZb89MToSX3VBJgg', 'authorChannelId': {'value': 'UC8i4HzMcZb89MToSX3VBJgg'}, 'canRate': True, 'viewerRating': 'none', 'likeCount': 0, 'publishedAt': '2022-10-17T23:46:33Z', 'updatedAt': '2022-10-17T23:46:33Z'}}, 'canReply': True, 'totalReplyCount': 2, 'isPublic': True}","{'comments': [{'kind': 'youtube#comment', 'etag': 'q5uXI1a-E1aagguHIt30F1CY74M', 'id': 'UgzkJ3HSr_9-TMtdcvZ4AaABAg.9hIs2PH0D5-9hL5mNUSNwr', 'snippet': {'videoId': '8KEnVs0e_rA', 'textDisplay': 'Ta falando da sua roça cheia de baratas?', 'textOriginal': 'Ta falando da sua roça cheia de baratas?', 'parentId': 'UgzkJ3HSr_9-TMtdcvZ4AaABAg', 'authorDisplayName': 'Alex', 'authorProfileImageUrl': 'https://yt3.ggpht.com/ytc/AGIKgqMT_XDwBZkhoEN07CxVa0VJX4Mz3aAzzANKGFvAjA=s48-c-k-c0x00ffffff-no-rj', 'authorChannelUrl': 'http://www.youtube.com/channel/UC9_rRMBAp4OoSLELnao5QQA', 'authorChannelId': {'value': 'UC9_rRMBAp4OoSLELnao5QQA'}, 'canRate': True, 'viewerRating': 'none', 'likeCount': 0, 'publishedAt': '2022-10-18T20:33:46Z', 'updatedAt': '2022-10-18T20:34:00Z'}}, {'kind': 'youtube#comment', 'etag': 'YP4qFgi6FbyAf4tqlxnTifYZZIg', 'id': 'UgzkJ3HSr_9-TMtdcvZ4AaABAg.9hIs2PH0D5-9hL5lj0jx3L', 'snippet': {'videoId': '8KEnVs0e_rA', 'textDisplay': 'Ta falando sa sua roça cheia de baratas?', 'textOriginal': 'Ta falando sa sua roça cheia de baratas?', 'parentId': 'UgzkJ3HSr_9-TMtdcvZ4AaABAg', 'authorDisplayName': 'Alex', 'authorProfileImageUrl': 'https://yt3.ggpht.com/ytc/AGIKgqMT_XDwBZkhoEN07CxVa0VJX4Mz3aAzzANKGFvAjA=s48-c-k-c0x00ffffff-no-rj', 'authorChannelUrl': 'http://www.youtube.com/channel/UC9_rRMBAp4OoSLELnao5QQA', 'authorChannelId': {'value': 'UC9_rRMBAp4OoSLELnao5QQA'}, 'canRate': True, 'viewerRating': 'none', 'likeCount': 0, 'publishedAt': '2022-10-18T20:33:41Z', 'updatedAt': '2022-10-18T20:33:41Z'}}]}",UC8i4HzMcZb89MToSX3VBJgg,2022-10-17T23:46:33Z,Isso sim é ataque terrorista,,2023-06-08 12:17:50.397801
youtube#commentThread,CrtSLIH7gbO-_t-Y2wP_ta8CndM,UgxzzQ4i2PldDACRJT94AaABAg,"{'videoId': '8KEnVs0e_rA', 'topLevelComment': {'kind': 'youtube#comment', 'etag': 'dR2_fEfXhcdotR1BuExgBDOrWuE', 'id': 'UgxzzQ4i2PldDACRJT94AaABAg', 'snippet': {'videoId': '8KEnVs0e_rA', 'textDisplay': 'Terrorista é este nazista do prefeito de kiev... procurem saber a quem ele apoiava nos eventos da revolução da praça maidan em 2014...', 'textOriginal': 'Terrorista é este nazista do prefeito de kiev... procurem saber a quem ele apoiava nos eventos da revolução da praça maidan em 2014...', 'authorDisplayName': 'Lúcio Flávio Barbosa', 'authorProfileImageUrl': 'https://yt3.ggpht.com/ytc/AGIKgqNYSjFZN0HFoXLKN-EpxWN6bsHrh8wfs7sWiA=s48-c-k-c0x00ffffff-no-rj', 'authorChannelUrl': 'http://www.youtube.com/channel/UCYOjloFssHBhyT-gAD2cVuQ', 'authorChannelId': {'value': 'UCYOjloFssHBhyT-gAD2cVuQ'}, 'canRate': True, 'viewerRating': 'none', 'likeCount': 0, 'publishedAt': '2022-10-17T22:02:45Z', 'updatedAt': '2022-10-17T22:02:45Z'}}, 'canReply': True, 'totalReplyCount': 0, 'isPublic': True}",,UCYOjloFssHBhyT-gAD2cVuQ,2022-10-17T22:02:45Z,Terrorista é este nazista do prefeito de kiev... procurem saber a quem ele apoiava nos eventos da revolução da praça maidan em 2014...,,2023-06-08 12:17:50.397801
youtube#commentThread,H4Hyf3qUv-0uRUUkv71raLReRbE,Ugx4q0mPO8CM_ayr2d94AaABAg,"{'videoId': '8KEnVs0e_rA', 'topLevelComment': {'kind': 'youtube#comment', 'etag': 'uBVYsXMqZG-HJmtiRxiWjmpU--o', 'id': 'Ugx4q0mPO8CM_ayr2d94AaABAg', 'snippet': {'videoId': '8KEnVs0e_rA', 'textDisplay': 'SENHOR VOLODOMIR ZELENSKI HEROI MUNDIAL TODO BRASIL TE APÓIA FORÇA UCRÂNIA!!!!!', 'textOriginal': 'SENHOR VOLODOMIR ZELENSKI HEROI MUNDIAL TODO BRASIL TE APÓIA FORÇA UCRÂNIA!!!!!', 'authorDisplayName': 'Fernando Augusto', 'authorProfileImageUrl': 'https://yt3.ggpht.com/ytc/AGIKgqOqKYC3L0iJs2PPVblUSN4vQEH4pKQTcmzDtcJM88JZ3Nt6pcSFPbMAtqY4RpdZ=s48-c-k-c0x00ffffff-no-rj', 'authorChannelUrl': 'http://www.youtube.com/channel/UCw2r3VASvXwlOEbKXe2TeUA', 'authorChannelId': {'value': 'UCw2r3VASvXwlOEbKXe2TeUA'}, 'canRate': True, 'viewerRating': 'none', 'likeCount': 0, 'publishedAt': '2022-10-17T21:02:13Z', 'updatedAt': '2022-10-17T21:02:13Z'}}, 'canReply': True, 'totalReplyCount': 3, 'isPublic': True}","{'comments': [{'kind': 'youtube#comment', 'etag': 'ilSdNN64VgBWVodlULdXzAyl6cA', 'id': 'Ugx4q0mPO8CM_ayr2d94AaABAg.9hI_ElCUUDE9hL5P5vlwfM', 'snippet': {'videoId': '8KEnVs0e_rA', 'textDisplay': 'Eu nao o apoio', 'textOriginal': 'Eu nao o apoio', 'parentId': 'Ugx4q0mPO8CM_ayr2d94AaABAg', 'authorDisplayName': 'Alex', 'authorProfileImageUrl': 'https://yt3.ggpht.com/ytc/AGIKgqMT_XDwBZkhoEN07CxVa0VJX4Mz3aAzzANKGFvAjA=s48-c-k-c0x00ffffff-no-rj', 'authorChannelUrl': 'http://www.youtube.com/channel/UC9_rRMBAp4OoSLELnao5QQA', 'authorChannelId': {'value': 'UC9_rRMBAp4OoSLELnao5QQA'}, 'canRate': True, 'viewerRating': 'none', 'likeCount': 0, 'publishedAt': '2022-10-18T20:30:28Z', 'updatedAt': '2022-10-18T20:30:28Z'}}, {'kind': 'youtube#comment', 'etag': 'CbnyDJnyIkZZVdvRtyXsdMeCKD4', 'id': 'Ugx4q0mPO8CM_ayr2d94AaABAg.9hI_ElCUUDE9hJXxGWyu6u', 'snippet': {'videoId': '8KEnVs0e_rA', 'textDisplay': 'Eu apoio a Rússia 🇷🇺🇷🇺🇷🇺🇷🇺', 'textOriginal': 'Eu apoio a Rússia 🇷🇺🇷🇺🇷🇺🇷🇺', 'parentId': 'Ugx4q0mPO8CM_ayr2d94AaABAg', 'authorDisplayName': 'Processos Impressionantes', 'authorProfileImageUrl': 'https://yt3.ggpht.com/9DatOqksiDxt_DGtzz8Z7uJJy-o1QzY2I32W5Z6kPVUDb4nUpieI6HZ8XCMxb6FHS7u2XiyvUOM=s48-c-k-c0x00ffffff-no-rj', 'authorChannelUrl': 'http://www.youtube.com/channel/UCfsBNeWRo4VFxD7r_OMNuuQ', 'authorChannelId': {'value': 'UCfsBNeWRo4VFxD7r_OMNuuQ'}, 'canRate': True, 'viewerRating': 'none', 'likeCount': 2, 'publishedAt': '2022-10-18T06:01:27Z', 'updatedAt': '2022-10-18T06:01:27Z'}}, {'kind': 'youtube#comment', 'etag': 'p_MjzS5mHqHIMQUkzC9H5CvkQes', 'id': 'Ugx4q0mPO8CM_ayr2d94AaABAg.9hI_ElCUUDE9hIntVq9Uz_', 'snippet': {'videoId': '8KEnVs0e_rA', 'textDisplay': 'Kkkk fala por vc', 'textOriginal': 'Kkkk fala por vc', 'parentId': 'Ugx4q0mPO8CM_ayr2d94AaABAg', 'authorDisplayName': 'Marcos Pereira', 'authorProfileImageUrl': 'https://yt3.ggpht.com/ytc/AGIKgqMX2y5XBgIEjRzmQ8xXTE3TrMBJnhpZQLsePSDpoU8kk89Y_NtIWAnNcN0cO1OM=s48-c-k-c0x00ffffff-no-rj', 'authorChannelUrl': 'http://www.youtube.com/channel/UC1hEIcgZqPOmKMhjxqPkiLw', 'authorChannelId': {'value': 'UC1hEIcgZqPOmKMhjxqPkiLw'}, 'canRate': True, 'viewerRating': 'none', 'likeCount': 2, 'publishedAt': '2022-10-17T23:10:15Z', 'updatedAt': '2022-10-17T23:10:15Z'}}]}",UCw2r3VASvXwlOEbKXe2TeUA,2022-10-17T21:02:13Z,SENHOR VOLODOMIR ZELENSKI HEROI MUNDIAL TODO BRASIL TE APÓIA FORÇA UCRÂNIA!!!!!,,2023-06-08 12:17:50.397801
youtube#commentThread,6EUCLC3SzwlP0djsVtWsyj1VXhA,UgyCfYYhWj6LECCgxJ94AaABAg,"{'videoId': '8KEnVs0e_rA', 'topLevelComment': {'kind': 'youtube#comment', 'etag': 'IwjJTWgjnPQ-wwfWaqDQDH2J-Q4', 'id': 'UgyCfYYhWj6LECCgxJ94AaABAg', 'snippet': {'videoId': '8KEnVs0e_rA', 'textDisplay': 'Os ucranianos votaram em um presidente louco traidor que fez de tudo para destruir a Ucrânia. por favor votem bem.<br> Lula é um traidor louco', 'textOriginal': 'Os ucranianos votaram em um presidente louco traidor que fez de tudo para destruir a Ucrânia. por favor votem bem.\\n Lula é um traidor louco', 'authorDisplayName': 'Nina Oycool', 'authorProfileImageUrl': 'https://yt3.ggpht.com/ytc/AGIKgqMSK44B5gj-lEDqazRVngvkPUjMkadaLpUYDo-iCCe4aC2H-W7XTkEmRlQth-ok=s48-c-k-c0x00ffffff-no-rj', 'authorChannelUrl': 'http://www.youtube.com/channel/UCzV_YsWG3KP9u19eN-kyk0Q', 'authorChannelId': {'value': 'UCzV_YsWG3KP9u19eN-kyk0Q'}, 'canRate': True, 'viewerRating': 'none', 'likeCount': 2, 'publishedAt': '2022-10-17T20:30:25Z', 'updatedAt': '2022-10-17T20:30:25Z'}}, 'canReply': True, 'totalReplyCount': 0, 'isPublic': True}",,UCzV_YsWG3KP9u19eN-kyk0Q,2022-10-17T20:30:25Z,"Os ucranianos votaram em um presidente louco traidor que fez de tudo para destruir a Ucrânia. por favor votem bem.
 Lula é um traidor louco",,2023-06-08 12:17:50.397801
youtube#commentThread,KR1Gsq3ETAv2bp9q7gXoN39bakk,UgwIvTt8eQrJJn73hmV4AaABAg,"{'videoId': '8KEnVs0e_rA', 'topLevelComment': {'kind': 'youtube#comment', 'etag': 'XKsPSEOtlFrp_CJ2ODR4PHVgm2I', 'id': 'UgwIvTt8eQrJJn73hmV4AaABAg', 'snippet': {'videoId': '8KEnVs0e_rA', 'textDisplay': 'Lula = presidente de Zelensky traidor que destruiu a Ucrânia', 'textOriginal': 'Lula = presidente de Zelensky traidor que destruiu a Ucrânia', 'authorDisplayName': 'Nina Oycool', 'authorProfileImageUrl': 'https://yt3.ggpht.com/ytc/AGIKgqMSK44B5gj-lEDqazRVngvkPUjMkadaLpUYDo-iCCe4aC2H-W7XTkEmRlQth-ok=s48-c-k-c0x00ffffff-no-rj', 'authorChannelUrl': 'http://www.youtube.com/channel/UCzV_YsWG3KP9u19eN-kyk0Q', 'authorChannelId': {'value': 'UCzV_YsWG3KP9u19eN-kyk0Q'}, 'canRate': True, 'viewerRating': 'none', 'likeCount': 1, 'publishedAt': '2022-10-17T20:28:43Z', 'updatedAt': '2022-10-17T20:28:43Z'}}, 'canReply': True, 'totalReplyCount': 0, 'isPublic': True}",,UCzV_YsWG3KP9u19eN-kyk0Q,2022-10-17T20:28:43Z,Lula = presidente de Zelensky traidor que destruiu a Ucrânia,,2023-06-08 12:17:50.397801
youtube#commentThread,0gY8cWFvQntl9v9pwi1lirav4_g,Ugy3qItiG7SbKYU4CCh4AaABAg,"{'videoId': '8KEnVs0e_rA', 'topLevelComment': {'kind': 'youtube#comment', 'etag': 'VV4Cg-bB-MhDlXke9mdQHR3sKK8', 'id': 'Ugy3qItiG7SbKYU4CCh4AaABAg', 'snippet': {'videoId': '8KEnVs0e_rA', 'textDisplay': 'Triste 😥😥', 'textOriginal': 'Triste 😥😥', 'authorDisplayName': 'teresa ribeiro', 'authorProfileImageUrl': 'https://yt3.ggpht.com/ytc/AGIKgqND5wSCp3j8ZrIsQ_vabJ0FG6jcUXficPOfkQ=s48-c-k-c0x00ffffff-no-rj', 'authorChannelUrl': 'http://www.youtube.com/channel/UC3FDPnVN7tFEd-OdEhX0zCg', 'authorChannelId': {'value': 'UC3FDPnVN7tFEd-OdEhX0zCg'}, 'canRate': True, 'viewerRating': 'none', 'likeCount': 0, 'publishedAt': '2022-10-17T19:43:51Z', 'updatedAt': '2022-10-17T19:43:51Z'}}, 'canReply': True, 'totalReplyCount': 0, 'isPublic': True}",,UC3FDPnVN7tFEd-OdEhX0zCg,2022-10-17T19:43:51Z,Triste 😥😥,,2023-06-08 12:17:50.397801
youtube#commentThread,yItVgC6WP_x9yIDlfzlhOePKIb0,Ugx__Qsciq86Fvn5vQh4AaABAg,"{'videoId': '8KEnVs0e_rA', 'topLevelComment': {'kind': 'youtube#comment', 'etag': 'HJEqtws_1kY43Z2Bhc3tSAKfG1A', 'id': 'Ugx__Qsciq86Fvn5vQh4AaABAg', 'snippet': {'videoId': '8KEnVs0e_rA', 'textDisplay': 'PELO AMOR DE DEUS...ALGUÉM PRECISA PARAR ESSE LOUCOOOOO!...<br>PUTTY...', 'textOriginal': 'PELO AMOR DE DEUS...ALGUÉM PRECISA PARAR ESSE LOUCOOOOO!...\\nPUTTY...', 'authorDisplayName': 'Cristina Ruas', 'authorProfileImageUrl': 'https://yt3.ggpht.com/ytc/AGIKgqOPqwNKtnOjMRseXRU84IIgRIz6stv-nT5tx_NjlA=s48-c-k-c0x00ffffff-no-rj', 'authorChannelUrl': 'http://www.youtube.com/channel/UCyHOEZfFvA1N4eNrithPENQ', 'authorChannelId': {'value': 'UCyHOEZfFvA1N4eNrithPENQ'}, 'canRate': True, 'viewerRating': 'none', 'likeCount': 0, 'publishedAt': '2022-10-17T19:43:27Z', 'updatedAt': '2022-10-17T19:43:27Z'}}, 'canReply': True, 'totalReplyCount': 2, 'isPublic': True}","{'comments': [{'kind': 'youtube#comment', 'etag': 'Vkvkcfs2Bl1tmQzH7KMc4mm9Cy0', 'id': 'Ugx__Qsciq86Fvn5vQh4AaABAg.9hIRDt-ZOfO9hL5cvqgHsT', 'snippet': {'videoId': '8KEnVs0e_rA', 'textDisplay': 'Quer assistir ucranianos queimando pessoas vivas dentro de um predio na cidade da Odessa 2014? Queimaram 41 pessoa', 'textOriginal': 'Quer assistir ucranianos queimando pessoas vivas dentro de um predio na cidade da Odessa 2014? Queimaram 41 pessoa', 'parentId': 'Ugx__Qsciq86Fvn5vQh4AaABAg', 'authorDisplayName': 'Alex', 'authorProfileImageUrl': 'https://yt3.ggpht.com/ytc/AGIKgqMT_XDwBZkhoEN07CxVa0VJX4Mz3aAzzANKGFvAjA=s48-c-k-c0x00ffffff-no-rj', 'authorChannelUrl': 'http://www.youtube.com/channel/UC9_rRMBAp4OoSLELnao5QQA', 'authorChannelId': {'value': 'UC9_rRMBAp4OoSLELnao5QQA'}, 'canRate': True, 'viewerRating': 'none', 'likeCount': 0, 'publishedAt': '2022-10-18T20:32:29Z', 'updatedAt': '2022-10-18T20:33:00Z'}}, {'kind': 'youtube#comment', 'etag': 'bxW4HxCivLiEyCFDKHovD3m0XlM', 'id': 'Ugx__Qsciq86Fvn5vQh4AaABAg.9hIRDt-ZOfO9hL5Yo9zcLZ', 'snippet': {'videoId': '8KEnVs0e_rA', 'textDisplay': 'vai vc kkk, senhora quer obter a paz no solo ucraniano kk', 'textOriginal': 'vai vc kkk, senhora quer obter a paz no solo ucraniano kk', 'parentId': 'Ugx__Qsciq86Fvn5vQh4AaABAg', 'authorDisplayName': 'Alex', 'authorProfileImageUrl': 'https://yt3.ggpht.com/ytc/AGIKgqMT_XDwBZkhoEN07CxVa0VJX4Mz3aAzzANKGFvAjA=s48-c-k-c0x00ffffff-no-rj', 'authorChannelUrl': 'http://www.youtube.com/channel/UC9_rRMBAp4OoSLELnao5QQA', 'authorChannelId': {'value': 'UC9_rRMBAp4OoSLELnao5QQA'}, 'canRate': True, 'viewerRating': 'none', 'likeCount': 0, 'publishedAt': '2022-10-18T20:31:47Z', 'updatedAt': '2022-10-18T20:31:56Z'}}]}",UCyHOEZfFvA1N4eNrithPENQ,2022-10-17T19:43:27Z,"PELO AMOR DE DEUS...ALGUÉM PRECISA PARAR ESSE LOUCOOOOO!...
PUTTY...",,2023-06-08 12:17:50.397801
youtube#commentThread,1Oi3Db20eFlV3gfGiK_C5Bq5QnI,Ugxldgagb6RdZ-HrcBx4AaABAg,"{'videoId': '8KEnVs0e_rA', 'topLevelComment': {'kind': 'youtube#comment', 'etag': 'fGa8BP4ZU8zaeFelD4nERtZjzoI', 'id': 'Ugxldgagb6RdZ-HrcBx4AaABAg', 'snippet': {'videoId': '8KEnVs0e_rA', 'textDisplay': 'A Rússia é governada por malucos.', 'textOriginal': 'A Rússia é governada por malucos.', 'authorDisplayName': 'carlos nogueira', 'authorProfileImageUrl': 'https://yt3.ggpht.com/ytc/AGIKgqNv17855RnRUh3FsziBpcVtogC86QT6jNC00w=s48-c-k-c0x00ffffff-no-rj', 'authorChannelUrl': 'http://www.youtube.com/channel/UC5lAZ2EawZ_LHVJ4Le-aRFQ', 'authorChannelId': {'value': 'UC5lAZ2EawZ_LHVJ4Le-aRFQ'}, 'canRate': True, 'viewerRating': 'none', 'likeCount': 0, 'publishedAt': '2022-10-17T19:42:53Z', 'updatedAt': '2022-10-17T19:42:53Z'}}, 'canReply': True, 'totalReplyCount': 0, 'isPublic': True}",,UC5lAZ2EawZ_LHVJ4Le-aRFQ,2022-10-17T19:42:53Z,A Rússia é governada por malucos.,,2023-06-08 12:17:50.397801
youtube#commentThread,5R4W91mkqyId2WFoJga0VHWZGx4,Ugy4to1Zyxlts3pW9Zl4AaABAg,"{'videoId': '8KEnVs0e_rA', 'topLevelComment': {'kind': 'youtube#comment', 'etag': 'yEJYNb4C9079MebnxB_-D3mfS8o', 'id': 'Ugy4to1Zyxlts3pW9Zl4AaABAg', 'snippet': {'videoId': '8KEnVs0e_rA', 'textDisplay': 'QUE COISA HORRÍVEL', 'textOriginal': 'QUE COISA HORRÍVEL', 'authorDisplayName': 'Valeria Aguiar', 'authorProfileImageUrl': 'https://yt3.ggpht.com/ytc/AGIKgqPFLQExmksRsmVf4bCtbDYEyujP8nrIx5uJb4B2aA=s48-c-k-c0x00ffffff-no-rj', 'authorChannelUrl': 'http://www.youtube.com/channel/UCTCpWUiBP7MMA_wQS9En-qQ', 'authorChannelId': {'value': 'UCTCpWUiBP7MMA_wQS9En-qQ'}, 'canRate': True, 'viewerRating': 'none', 'likeCount': 0, 'publishedAt': '2022-10-17T19:33:12Z', 'updatedAt': '2022-10-17T19:33:12Z'}}, 'canReply': True, 'totalReplyCount': 1, 'isPublic': True}","{'comments': [{'kind': 'youtube#comment', 'etag': 'Pm_QAAhIbUUJ6QixVroLHRRaIvY', 'id': 'Ugy4to1Zyxlts3pW9Zl4AaABAg.9hIQ2rSp6cV9hL5owFdRjd', 'snippet': {'videoId': '8KEnVs0e_rA', 'textDisplay': 'Q coisa boa', 'textOriginal': 'Q coisa boa', 'parentId': 'Ugy4to1Zyxlts3pW9Zl4AaABAg', 'authorDisplayName': 'Alex', 'authorProfileImageUrl': 'https://yt3.ggpht.com/ytc/AGIKgqMT_XDwBZkhoEN07CxVa0VJX4Mz3aAzzANKGFvAjA=s48-c-k-c0x00ffffff-no-rj', 'authorChannelUrl': 'http://www.youtube.com/channel/UC9_rRMBAp4OoSLELnao5QQA', 'authorChannelId': {'value': 'UC9_rRMBAp4OoSLELnao5QQA'}, 'canRate': True, 'viewerRating': 'none', 'likeCount': 1, 'publishedAt': '2022-10-18T20:34:07Z', 'updatedAt': '2022-10-18T20:34:07Z'}}]}",UCTCpWUiBP7MMA_wQS9En-qQ,2022-10-17T19:33:12Z,QUE COISA HORRÍVEL,,2023-06-08 12:17:50.397801
youtube#commentThread,-jsrTjdpSaB_yvloY6C8LiPEKRE,Ugx5G1BeQ78-bN4WyjB4AaABAg,"{'videoId': '8KEnVs0e_rA', 'topLevelComment': {'kind': 'youtube#comment', 'etag': 'JH6WJO8i2GS81WD37De247G_ceM', 'id': 'Ugx5G1BeQ78-bN4WyjB4AaABAg', 'snippet': {'videoId': '8KEnVs0e_rA', 'textDisplay': 'O homem. Constroem e eles mesmo destroem!', 'textOriginal': 'O homem. Constroem e eles mesmo destroem!', 'authorDisplayName': 'Eliane Castro', 'authorProfileImageUrl': 'https://yt3.ggpht.com/ytc/AGIKgqOFSAyVQl6M0K-bDSzuszVx5xHAoZbC1C0c5w=s48-c-k-c0x00ffffff-no-rj', 'authorChannelUrl': 'http://www.youtube.com/channel/UCMBPsDoSQZSC30lraRvFSXw', 'authorChannelId': {'value': 'UCMBPsDoSQZSC30lraRvFSXw'}, 'canRate': True, 'viewerRating': 'none', 'likeCount': 0, 'publishedAt': '2022-10-17T19:28:31Z', 'updatedAt': '2022-10-17T19:28:31Z'}}, 'canReply': True, 'totalReplyCount': 0, 'isPublic': True}",,UCMBPsDoSQZSC30lraRvFSXw,2022-10-17T19:28:31Z,O homem. Constroem e eles mesmo destroem!,,2023-06-08 12:17:50.397801
youtube#commentThread,RN_Z_KBKoSvwISC5DT5-2LsDxfg,Ugyb1-PXCmyscJXxIr94AaABAg,"{'videoId': '8KEnVs0e_rA', 'topLevelComment': {'kind': 'youtube#comment', 'etag': 'rjKdPEUnUPuOUphbbVgdqfwNH1s', 'id': 'Ugyb1-PXCmyscJXxIr94AaABAg', 'snippet': {'videoId': '8KEnVs0e_rA', 'textDisplay': 'Muito triste 😔', 'textOriginal': 'Muito triste 😔', 'authorDisplayName': 'Eliane Castro', 'authorProfileImageUrl': 'https://yt3.ggpht.com/ytc/AGIKgqOFSAyVQl6M0K-bDSzuszVx5xHAoZbC1C0c5w=s48-c-k-c0x00ffffff-no-rj', 'authorChannelUrl': 'http://www.youtube.com/channel/UCMBPsDoSQZSC30lraRvFSXw', 'authorChannelId': {'value': 'UCMBPsDoSQZSC30lraRvFSXw'}, 'canRate': True, 'viewerRating': 'none', 'likeCount': 0, 'publishedAt': '2022-10-17T19:27:03Z', 'updatedAt': '2022-10-17T19:27:03Z'}}, 'canReply': True, 'totalReplyCount': 0, 'isPublic': True}",,UCMBPsDoSQZSC30lraRvFSXw,2022-10-17T19:27:03Z,Muito triste 😔,,2023-06-08 12:17:50.397801
