kind,etag,id,snippet,replies,authorChannelId,publishedAt,textOriginal,nextPageToken,extraction_date
youtube#commentThread,rowQkqK1m2-OA4xQ5SuwnFrQT-g,UgzHBKYL_OOPE0h9SSp4AaABAg,"{'videoId': 'uuh1ydDwwrQ', 'topLevelComment': {'kind': 'youtube#comment', 'etag': 'TiRq0lzLtAzZd_1d5_i9Y-1mhsE', 'id': 'UgzHBKYL_OOPE0h9SSp4AaABAg', 'snippet': {'videoId': 'uuh1ydDwwrQ', 'textDisplay': 'Nunca esqueçam que a China é essa potência ao custo do oceano de túmulos que Mao deixou ao país<br>Ou seja o almoço não foi de graça ok', 'textOriginal': 'Nunca esqueçam que a China é essa potência ao custo do oceano de túmulos que Mao deixou ao país\\nOu seja o almoço não foi de graça ok', 'authorDisplayName': 'Jonatas De Carvalho', 'authorProfileImageUrl': 'https://yt3.ggpht.com/ytc/AGIKgqP5zITtQwUQHBXJHMZkEya-OPDYb9pVlCy-kg=s48-c-k-c0x00ffffff-no-rj', 'authorChannelUrl': 'http://www.youtube.com/channel/UCoEKz5gtHBiWMmBZeYhlnKg', 'authorChannelId': {'value': 'UCoEKz5gtHBiWMmBZeYhlnKg'}, 'canRate': True, 'viewerRating': 'none', 'likeCount': 1, 'publishedAt': '2023-04-12T09:11:58Z', 'updatedAt': '2023-04-12T09:11:58Z'}}, 'canReply': True, 'totalReplyCount': 0, 'isPublic': True}",,UCoEKz5gtHBiWMmBZeYhlnKg,2023-04-12T09:11:58Z,"Nunca esqueçam que a China é essa potência ao custo do oceano de túmulos que Mao deixou ao país
Ou seja o almoço não foi de graça ok",QURTSl9pMkxSVUJPNHJPYm9Ia2JjTGcwdGVrSGJWLUxBMjNPUTN6RWxCMHJxMXhoajNranNHMGltYmw3MnVsS3B2OC01MmRwYmlsb1psMA==,2023-06-08 15:04:26.138048
youtube#commentThread,ZsLFKU9ddZabETiQZgy7vMgPvys,UgyZE_8kgto7kqncO8t4AaABAg,"{'videoId': 'uuh1ydDwwrQ', 'topLevelComment': {'kind': 'youtube#comment', 'etag': 'vdPLKc96-yX81aCvBh6sniSOFGw', 'id': 'UgyZE_8kgto7kqncO8t4AaABAg', 'snippet': {'videoId': 'uuh1ydDwwrQ', 'textDisplay': 'Xi jinpinga toma corotinho', 'textOriginal': 'Xi jinpinga toma corotinho', 'authorDisplayName': 'Fabiano', 'authorProfileImageUrl': 'https://yt3.ggpht.com/ytc/AGIKgqNEnehbz8UYZ_-AfD9qfJPSHjnpwUU0As5ir0vd5eLbrPQwBcCJN8kEeJMsR-wx=s48-c-k-c0x00ffffff-no-rj', 'authorChannelUrl': 'http://www.youtube.com/channel/UCOqPlC7Ej1wJGStTrv2b0-w', 'authorChannelId': {'value': 'UCOqPlC7Ej1wJGStTrv2b0-w'}, 'canRate': True, 'viewerRating': 'none', 'likeCount': 2, 'publishedAt': '2023-04-06T02:27:30Z', 'updatedAt': '2023-04-06T02:27:30Z'}}, 'canReply': True, 'totalReplyCount': 0, 'isPublic': True}",,UCOqPlC7Ej1wJGStTrv2b0-w,2023-04-06T02:27:30Z,Xi jinpinga toma corotinho,QURTSl9pMkxSVUJPNHJPYm9Ia2JjTGcwdGVrSGJWLUxBMjNPUTN6RWxCMHJxMXhoajNranNHMGltYmw3MnVsS3B2OC01MmRwYmlsb1psMA==,2023-06-08 15:04:26.138048
youtube#commentThread,wjlfZdWg4p3hhXr3b8bDODCcoFk,Ugw1A5i1tIT5hg_6zKp4AaABAg,"{'videoId': 'uuh1ydDwwrQ', 'topLevelComment': {'kind': 'youtube#comment', 'etag': 'J5LAi1mksVeRdY2Kz5UxAYZ5Zew', 'id': 'Ugw1A5i1tIT5hg_6zKp4AaABAg', 'snippet': {'videoId': 'uuh1ydDwwrQ', 'textDisplay': 'esse comentarista é uma b ......a não sabe nem o que fala, deve estudar mais sobre comunismo pra poder tentar explicar alguma coisa', 'textOriginal': 'esse comentarista é uma b ......a não sabe nem o que fala, deve estudar mais sobre comunismo pra poder tentar explicar alguma coisa', 'authorDisplayName': 'Edson Castro', 'authorProfileImageUrl': 'https://yt3.ggpht.com/ytc/AGIKgqMbMJspe5Vx-roS14jNOkj3HxKvHjTl1yvLmZuLRw=s48-c-k-c0x00ffffff-no-rj', 'authorChannelUrl': 'http://www.youtube.com/channel/UCPv_xpTtXAuRDrlD65iaVsQ', 'authorChannelId': {'value': 'UCPv_xpTtXAuRDrlD65iaVsQ'}, 'canRate': True, 'viewerRating': 'none', 'likeCount': 1, 'publishedAt': '2023-03-23T00:47:16Z', 'updatedAt': '2023-03-23T00:47:16Z'}}, 'canReply': True, 'totalReplyCount': 0, 'isPublic': True}",,UCPv_xpTtXAuRDrlD65iaVsQ,2023-03-23T00:47:16Z,"esse comentarista é uma b ......a não sabe nem o que fala, deve estudar mais sobre comunismo pra poder tentar explicar alguma coisa",QURTSl9pMkxSVUJPNHJPYm9Ia2JjTGcwdGVrSGJWLUxBMjNPUTN6RWxCMHJxMXhoajNranNHMGltYmw3MnVsS3B2OC01MmRwYmlsb1psMA==,2023-06-08 15:04:26.138048
youtube#commentThread,WFl2YxJFWyc9OimNXqzKEuPh5zc,Ugw0b0ralZllIcMnbLh4AaABAg,"{'videoId': 'uuh1ydDwwrQ', 'topLevelComment': {'kind': 'youtube#comment', 'etag': 'rbvhQ148s4czv2Zzrjd6lj-JAAg', 'id': 'Ugw0b0ralZllIcMnbLh4AaABAg', 'snippet': {'videoId': 'uuh1ydDwwrQ', 'textDisplay': 'Só não entendi até agora o porquê de vocês não terem colocado o RETORNO DELE MINUTOS DEPOIS????', 'textOriginal': 'Só não entendi até agora o porquê de vocês não terem colocado o RETORNO DELE MINUTOS DEPOIS????', 'authorDisplayName': 'Diego Lima', 'authorProfileImageUrl': 'https://yt3.ggpht.com/ytc/AGIKgqOt1F5gh7L2A8nz2Ktg7lzdMKCh5eJlT_JFNh1BMw=s48-c-k-c0x00ffffff-no-rj', 'authorChannelUrl': 'http://www.youtube.com/channel/UC6n3SHjgZdrkreH7OcSOCPA', 'authorChannelId': {'value': 'UC6n3SHjgZdrkreH7OcSOCPA'}, 'canRate': True, 'viewerRating': 'none', 'likeCount': 1, 'publishedAt': '2022-12-28T20:53:44Z', 'updatedAt': '2023-03-15T12:49:45Z'}}, 'canReply': True, 'totalReplyCount': 0, 'isPublic': True}",,UC6n3SHjgZdrkreH7OcSOCPA,2022-12-28T20:53:44Z,Só não entendi até agora o porquê de vocês não terem colocado o RETORNO DELE MINUTOS DEPOIS????,QURTSl9pMkxSVUJPNHJPYm9Ia2JjTGcwdGVrSGJWLUxBMjNPUTN6RWxCMHJxMXhoajNranNHMGltYmw3MnVsS3B2OC01MmRwYmlsb1psMA==,2023-06-08 15:04:26.138048
youtube#commentThread,nMe0LJxdjd4FRCRk8JeTU8If26s,UgzbO5KqpoiJzN8xepZ4AaABAg,"{'videoId': 'uuh1ydDwwrQ', 'topLevelComment': {'kind': 'youtube#comment', 'etag': 'YhaTkaRmdETHniBO4H1ae8IrR9w', 'id': 'UgzbO5KqpoiJzN8xepZ4AaABAg', 'snippet': {'videoId': 'uuh1ydDwwrQ', 'textDisplay': 'Provavelmente nunca mais vão vê-lo a esquerda sabe fazer pessoas desaparecerem', 'textOriginal': 'Provavelmente nunca mais vão vê-lo a esquerda sabe fazer pessoas desaparecerem', 'authorDisplayName': 'Elizangela Cardoso', 'authorProfileImageUrl': 'https://yt3.ggpht.com/ytc/AGIKgqOF9JIlJHFhUrE3ghdWhA3yp5oKHNl2nia5M2aruGA=s48-c-k-c0x00ffffff-no-rj', 'authorChannelUrl': 'http://www.youtube.com/channel/UC72okF04U1TE3ZCdXECCflA', 'authorChannelId': {'value': 'UC72okF04U1TE3ZCdXECCflA'}, 'canRate': True, 'viewerRating': 'none', 'likeCount': 1, 'publishedAt': '2022-12-22T22:38:57Z', 'updatedAt': '2022-12-22T22:38:57Z'}}, 'canReply': True, 'totalReplyCount': 0, 'isPublic': True}",,UC72okF04U1TE3ZCdXECCflA,2022-12-22T22:38:57Z,Provavelmente nunca mais vão vê-lo a esquerda sabe fazer pessoas desaparecerem,QURTSl9pMkxSVUJPNHJPYm9Ia2JjTGcwdGVrSGJWLUxBMjNPUTN6RWxCMHJxMXhoajNranNHMGltYmw3MnVsS3B2OC01MmRwYmlsb1psMA==,2023-06-08 15:04:26.138048
youtube#commentThread,ROaYUbIguyuzXjrbBqQUt7iQDpI,UgwY5I-oskYqPhiQwQ94AaABAg,"{'videoId': 'uuh1ydDwwrQ', 'topLevelComment': {'kind': 'youtube#comment', 'etag': 'lDvTXeF-6lwTKnnKtLDjNJNv7p0', 'id': 'UgwY5I-oskYqPhiQwQ94AaABAg', 'snippet': {'videoId': 'uuh1ydDwwrQ', 'textDisplay': 'Mas ele voltou...', 'textOriginal': 'Mas ele voltou...', 'authorDisplayName': 'robison prestes dutra', 'authorProfileImageUrl': 'https://yt3.ggpht.com/ytc/AGIKgqMZPYmDDuvXjIROyTJ8OueEF_AeDoObXDZ8_hWe=s48-c-k-c0x00ffffff-no-rj', 'authorChannelUrl': 'http://www.youtube.com/channel/UCLzKtyrKVf8PKaYkP1zQ73g', 'authorChannelId': {'value': 'UCLzKtyrKVf8PKaYkP1zQ73g'}, 'canRate': True, 'viewerRating': 'none', 'likeCount': 1, 'publishedAt': '2022-12-03T15:41:10Z', 'updatedAt': '2022-12-03T15:41:10Z'}}, 'canReply': True, 'totalReplyCount': 0, 'isPublic': True}",,UCLzKtyrKVf8PKaYkP1zQ73g,2022-12-03T15:41:10Z,Mas ele voltou...,QURTSl9pMkxSVUJPNHJPYm9Ia2JjTGcwdGVrSGJWLUxBMjNPUTN6RWxCMHJxMXhoajNranNHMGltYmw3MnVsS3B2OC01MmRwYmlsb1psMA==,2023-06-08 15:04:26.138048
youtube#commentThread,ThLJiWPYa05SVkcw_67kVz9DJc8,Ugz93one2KuUtd9vK7d4AaABAg,"{'videoId': 'uuh1ydDwwrQ', 'topLevelComment': {'kind': 'youtube#comment', 'etag': 'iQy8wWWROMM2xyzpmGASFP3GDK8', 'id': 'Ugz93one2KuUtd9vK7d4AaABAg', 'snippet': {'videoId': 'uuh1ydDwwrQ', 'textDisplay': '90 anos e com Alzheimer. Segue o Jogo pois o resto é preconceito e ignorancia.', 'textOriginal': '90 anos e com Alzheimer. Segue o Jogo pois o resto é preconceito e ignorancia.', 'authorDisplayName': 'José Humberto', 'authorProfileImageUrl': 'https://yt3.ggpht.com/ytc/AGIKgqOw6JJReZsYyqEtqX6mWQ-re5CoyvTWtEo2p8241g=s48-c-k-c0x00ffffff-no-rj', 'authorChannelUrl': 'http://www.youtube.com/channel/UCqLzhkBNohjxULHF9PHUMWA', 'authorChannelId': {'value': 'UCqLzhkBNohjxULHF9PHUMWA'}, 'canRate': True, 'viewerRating': 'none', 'likeCount': 0, 'publishedAt': '2022-11-18T12:36:37Z', 'updatedAt': '2022-11-18T12:36:37Z'}}, 'canReply': True, 'totalReplyCount': 0, 'isPublic': True}",,UCqLzhkBNohjxULHF9PHUMWA,2022-11-18T12:36:37Z,90 anos e com Alzheimer. Segue o Jogo pois o resto é preconceito e ignorancia.,QURTSl9pMkxSVUJPNHJPYm9Ia2JjTGcwdGVrSGJWLUxBMjNPUTN6RWxCMHJxMXhoajNranNHMGltYmw3MnVsS3B2OC01MmRwYmlsb1psMA==,2023-06-08 15:04:26.138048
youtube#commentThread,m9ud-gIIC_NKxwSLbwQv1kfyNi4,Ugxvce316ek9qkWK8gR4AaABAg,"{'videoId': 'uuh1ydDwwrQ', 'topLevelComment': {'kind': 'youtube#comment', 'etag': 'GETaE0bPsFh2_qOni4DPDa1Iqw4', 'id': 'Ugxvce316ek9qkWK8gR4AaABAg', 'snippet': {'videoId': 'uuh1ydDwwrQ', 'textDisplay': 'Quem terá  CORAGEM e PEITO de desratizar o STF arrancando o XandãoPCC de cima do poste que o PTismo da dilmão e do temer, o  colocaram???? OS NOSSOS GENERAIS PARECEM BAMBIS-AQUARTELADOS OU MEROS ÁCAROS DE AR-CONDICIONADO, TODOS FAZENDO CARA DE PAISAGEM, exatamente  como esse pessoal do PCCh-PartidoComunistaChinês que fingiu NÃO entender o que estava  se passando  na retirada evidentemente coercitiva do  Hu Jitao. <a href=""http://www.youtube.com/results?search_query=%23foraxandepcc"">#ForaXandePCC</a> <a href=""http://www.youtube.com/results?search_query=%23xerifen%C3%A3o%C3%A9essencial"">#XerifeNãoÉessencial</a>', 'textOriginal': 'Quem terá  CORAGEM e PEITO de desratizar o STF arrancando o XandãoPCC de cima do poste que o PTismo da dilmão e do temer, o  colocaram???? OS NOSSOS GENERAIS PARECEM BAMBIS-AQUARTELADOS OU MEROS ÁCAROS DE AR-CONDICIONADO, TODOS FAZENDO CARA DE PAISAGEM, exatamente  como esse pessoal do PCCh-PartidoComunistaChinês que fingiu NÃO entender o que estava  se passando  na retirada evidentemente coercitiva do  Hu Jitao. #ForaXandePCC #XerifeNãoÉessencial', 'authorDisplayName': 'Só Pra Controle', 'authorProfileImageUrl': 'https://yt3.ggpht.com/ytc/AGIKgqOnGwmANtnkoyQhbZXMUKmMh4beQUVYa3ywMA=s48-c-k-c0x00ffffff-no-rj', 'authorChannelUrl': 'http://www.youtube.com/channel/UCuQyDgCDvoPIqp7azXKx6Ig', 'authorChannelId': {'value': 'UCuQyDgCDvoPIqp7azXKx6Ig'}, 'canRate': True, 'viewerRating': 'none', 'likeCount': 0, 'publishedAt': '2022-11-13T02:59:10Z', 'updatedAt': '2022-11-13T02:59:10Z'}}, 'canReply': True, 'totalReplyCount': 0, 'isPublic': True}",,UCuQyDgCDvoPIqp7azXKx6Ig,2022-11-13T02:59:10Z,"Quem terá  CORAGEM e PEITO de desratizar o STF arrancando o XandãoPCC de cima do poste que o PTismo da dilmão e do temer, o  colocaram???? OS NOSSOS GENERAIS PARECEM BAMBIS-AQUARTELADOS OU MEROS ÁCAROS DE AR-CONDICIONADO, TODOS FAZENDO CARA DE PAISAGEM, exatamente  como esse pessoal do PCCh-PartidoComunistaChinês que fingiu NÃO entender o que estava  se passando  na retirada evidentemente coercitiva do  Hu Jitao. #ForaXandePCC #XerifeNãoÉessencial",QURTSl9pMkxSVUJPNHJPYm9Ia2JjTGcwdGVrSGJWLUxBMjNPUTN6RWxCMHJxMXhoajNranNHMGltYmw3MnVsS3B2OC01MmRwYmlsb1psMA==,2023-06-08 15:04:26.138048
youtube#commentThread,O5-XI_wDWCWGAMmLWpzgYb_wy9E,UgwXZNgPAKx1yd3KCOF4AaABAg,"{'videoId': 'uuh1ydDwwrQ', 'topLevelComment': {'kind': 'youtube#comment', 'etag': 'i89QZmS6gij8xUpIHx3Lc07kdaw', 'id': 'UgwXZNgPAKx1yd3KCOF4AaABAg', 'snippet': {'videoId': 'uuh1ydDwwrQ', 'textDisplay': 'Ele têm Alzheimer, e o partido falou que ele estava passando mal.', 'textOriginal': 'Ele têm Alzheimer, e o partido falou que ele estava passando mal.', 'authorDisplayName': 'Larissa Amorim', 'authorProfileImageUrl': 'https://yt3.ggpht.com/ytc/AGIKgqOEGsP9dxNvAMPE1BWLw18LV9HQ-brgzeEurA=s48-c-k-c0x00ffffff-no-rj', 'authorChannelUrl': 'http://www.youtube.com/channel/UCO88x2fLmOV8mrrzsmVjIgg', 'authorChannelId': {'value': 'UCO88x2fLmOV8mrrzsmVjIgg'}, 'canRate': True, 'viewerRating': 'none', 'likeCount': 0, 'publishedAt': '2022-11-04T21:09:16Z', 'updatedAt': '2022-11-04T21:09:16Z'}}, 'canReply': True, 'totalReplyCount': 0, 'isPublic': True}",,UCO88x2fLmOV8mrrzsmVjIgg,2022-11-04T21:09:16Z,"Ele têm Alzheimer, e o partido falou que ele estava passando mal.",QURTSl9pMkxSVUJPNHJPYm9Ia2JjTGcwdGVrSGJWLUxBMjNPUTN6RWxCMHJxMXhoajNranNHMGltYmw3MnVsS3B2OC01MmRwYmlsb1psMA==,2023-06-08 15:04:26.138048
youtube#commentThread,zLTfsGn-zmhJ2_jxfMBiTdJBW6s,UgzlD0koxQ_XRlEDxLR4AaABAg,"{'videoId': 'uuh1ydDwwrQ', 'topLevelComment': {'kind': 'youtube#comment', 'etag': 'NEkDEzWVlTc1AWqB8NhmkyEavgk', 'id': 'UgzlD0koxQ_XRlEDxLR4AaABAg', 'snippet': {'videoId': 'uuh1ydDwwrQ', 'textDisplay': 'Professor tá cumprindo bem o seu papel de &quot;informar&quot; aquilo que o partido chinês quer que seja informado.', 'textOriginal': 'Professor tá cumprindo bem o seu papel de ""informar"" aquilo que o partido chinês quer que seja informado.', 'authorDisplayName': 'Jack Travolta', 'authorProfileImageUrl': 'https://yt3.ggpht.com/LHuzGTU6UaZagK_KAdbP_F9jABHa-Q5CKE2wJ-207K1dmeJyldQLUefQDdnota_Dzb_yBc30ibM=s48-c-k-c0x00ffffff-no-rj', 'authorChannelUrl': 'http://www.youtube.com/channel/UC58n-bxEh5QMImhH5DWMVMQ', 'authorChannelId': {'value': 'UC58n-bxEh5QMImhH5DWMVMQ'}, 'canRate': True, 'viewerRating': 'none', 'likeCount': 0, 'publishedAt': '2022-11-03T06:57:19Z', 'updatedAt': '2022-11-03T06:57:19Z'}}, 'canReply': True, 'totalReplyCount': 0, 'isPublic': True}",,UC58n-bxEh5QMImhH5DWMVMQ,2022-11-03T06:57:19Z,"Professor tá cumprindo bem o seu papel de ""informar"" aquilo que o partido chinês quer que seja informado.",QURTSl9pMkxSVUJPNHJPYm9Ia2JjTGcwdGVrSGJWLUxBMjNPUTN6RWxCMHJxMXhoajNranNHMGltYmw3MnVsS3B2OC01MmRwYmlsb1psMA==,2023-06-08 15:04:26.138048
youtube#commentThread,Oo09G_TJGioq5uo6NOgOCCwy3QU,UgweM1LnJxBQEc68j8N4AaABAg,"{'videoId': 'uuh1ydDwwrQ', 'topLevelComment': {'kind': 'youtube#comment', 'etag': 'XHjod44Ql0D42gtjFS2ysBpYJSw', 'id': 'UgweM1LnJxBQEc68j8N4AaABAg', 'snippet': {'videoId': 'uuh1ydDwwrQ', 'textDisplay': 'Estes jornalistas é uma vergonha.', 'textOriginal': 'Estes jornalistas é uma vergonha.', 'authorDisplayName': 'Chapolin //', 'authorProfileImageUrl': 'https://yt3.ggpht.com/ytc/AGIKgqMB_E1ghAspekQpjTeemuSumHhNEBKam1AIaGan=s48-c-k-c0x00ffffff-no-rj', 'authorChannelUrl': 'http://www.youtube.com/channel/UCb3ObqIfMDjhNTjhCmkT8jw', 'authorChannelId': {'value': 'UCb3ObqIfMDjhNTjhCmkT8jw'}, 'canRate': True, 'viewerRating': 'none', 'likeCount': 0, 'publishedAt': '2022-11-02T14:25:28Z', 'updatedAt': '2022-11-02T14:25:28Z'}}, 'canReply': True, 'totalReplyCount': 0, 'isPublic': True}",,UCb3ObqIfMDjhNTjhCmkT8jw,2022-11-02T14:25:28Z,Estes jornalistas é uma vergonha.,QURTSl9pMkxSVUJPNHJPYm9Ia2JjTGcwdGVrSGJWLUxBMjNPUTN6RWxCMHJxMXhoajNranNHMGltYmw3MnVsS3B2OC01MmRwYmlsb1psMA==,2023-06-08 15:04:26.138048
youtube#commentThread,0LOabtVrDaAEZLJoq_mC0SqbklE,Ugz8kg1-6PSZUeKSeAl4AaABAg,"{'videoId': 'uuh1ydDwwrQ', 'topLevelComment': {'kind': 'youtube#comment', 'etag': 'lvS86D5oEHMJkQTsn-jZX2yVaf0', 'id': 'Ugz8kg1-6PSZUeKSeAl4AaABAg', 'snippet': {'videoId': 'uuh1ydDwwrQ', 'textDisplay': 'Especialista, da Universidade da China, lol, esperando o pronunciamento oficial do pcc, 2x lol....', 'textOriginal': 'Especialista, da Universidade da China, lol, esperando o pronunciamento oficial do pcc, 2x lol....', 'authorDisplayName': 'Fernando Silva', 'authorProfileImageUrl': 'https://yt3.ggpht.com/ytc/AGIKgqNkdmxZx6y4r8wMKIl5gdMN0kRnrpAIgB04nA=s48-c-k-c0x00ffffff-no-rj', 'authorChannelUrl': 'http://www.youtube.com/channel/UCI_W3pWD3MVWSUu55-5X_bA', 'authorChannelId': {'value': 'UCI_W3pWD3MVWSUu55-5X_bA'}, 'canRate': True, 'viewerRating': 'none', 'likeCount': 0, 'publishedAt': '2022-11-01T13:03:16Z', 'updatedAt': '2022-11-01T13:03:16Z'}}, 'canReply': True, 'totalReplyCount': 0, 'isPublic': True}",,UCI_W3pWD3MVWSUu55-5X_bA,2022-11-01T13:03:16Z,"Especialista, da Universidade da China, lol, esperando o pronunciamento oficial do pcc, 2x lol....",QURTSl9pMkxSVUJPNHJPYm9Ia2JjTGcwdGVrSGJWLUxBMjNPUTN6RWxCMHJxMXhoajNranNHMGltYmw3MnVsS3B2OC01MmRwYmlsb1psMA==,2023-06-08 15:04:26.138048
youtube#commentThread,IWejSaNlufZUlBOgWUQxBpphHHo,Ugwgl7-wPpYfgdtdCEl4AaABAg,"{'videoId': 'uuh1ydDwwrQ', 'topLevelComment': {'kind': 'youtube#comment', 'etag': 'eHQB3VgbduPcTs98FvOD4NgwkQQ', 'id': 'Ugwgl7-wPpYfgdtdCEl4AaABAg', 'snippet': {'videoId': 'uuh1ydDwwrQ', 'textDisplay': 'O comportamento comuna é tão fascista…', 'textOriginal': 'O comportamento comuna é tão fascista…', 'authorDisplayName': 'c a t h e a d', 'authorProfileImageUrl': 'https://yt3.ggpht.com/js-kOApp7IlI1jXDsIwj-IPrSBC0j8rCUXW6gFGys6Rq8P4HsK36nRMhkDdFsRnb-1m1pZNXyQ=s48-c-k-c0x00ffffff-no-rj', 'authorChannelUrl': 'http://www.youtube.com/channel/UC-AhxQX4wEr6cuoXsAKxhEQ', 'authorChannelId': {'value': 'UC-AhxQX4wEr6cuoXsAKxhEQ'}, 'canRate': True, 'viewerRating': 'none', 'likeCount': 1, 'publishedAt': '2022-11-01T05:56:54Z', 'updatedAt': '2022-11-01T05:56:54Z'}}, 'canReply': True, 'totalReplyCount': 0, 'isPublic': True}",,UC-AhxQX4wEr6cuoXsAKxhEQ,2022-11-01T05:56:54Z,O comportamento comuna é tão fascista…,QURTSl9pMkxSVUJPNHJPYm9Ia2JjTGcwdGVrSGJWLUxBMjNPUTN6RWxCMHJxMXhoajNranNHMGltYmw3MnVsS3B2OC01MmRwYmlsb1psMA==,2023-06-08 15:04:26.138048
youtube#commentThread,2J0HO5coGY40fK2XcS6fMhbYAI4,Ugyn_-6YOW0H8-cIXM54AaABAg,"{'videoId': 'uuh1ydDwwrQ', 'topLevelComment': {'kind': 'youtube#comment', 'etag': '4seuWZ6RdZNkLXK7zSFHh2ZJoKs', 'id': 'Ugyn_-6YOW0H8-cIXM54AaABAg', 'snippet': {'videoId': 'uuh1ydDwwrQ', 'textDisplay': 'É assim que funciona o regime ditador. Ou você é a favor ou está fora.', 'textOriginal': 'É assim que funciona o regime ditador. Ou você é a favor ou está fora.', 'authorDisplayName': 'Airton Bruzaferro', 'authorProfileImageUrl': 'https://yt3.ggpht.com/ytc/AGIKgqOolkiLgGIeH5_q6BQcl_IWg5BZYeoJjuSmUg=s48-c-k-c0x00ffffff-no-rj', 'authorChannelUrl': 'http://www.youtube.com/channel/UCJlP2w1BqAg5JB-28FuCONA', 'authorChannelId': {'value': 'UCJlP2w1BqAg5JB-28FuCONA'}, 'canRate': True, 'viewerRating': 'none', 'likeCount': 0, 'publishedAt': '2022-10-31T20:54:16Z', 'updatedAt': '2022-10-31T20:54:16Z'}}, 'canReply': True, 'totalReplyCount': 0, 'isPublic': True}",,UCJlP2w1BqAg5JB-28FuCONA,2022-10-31T20:54:16Z,É assim que funciona o regime ditador. Ou você é a favor ou está fora.,QURTSl9pMkxSVUJPNHJPYm9Ia2JjTGcwdGVrSGJWLUxBMjNPUTN6RWxCMHJxMXhoajNranNHMGltYmw3MnVsS3B2OC01MmRwYmlsb1psMA==,2023-06-08 15:04:26.138048
youtube#commentThread,usY56psUwgxjnnfjB_10W9ZVYH4,Ugwdby5VtbQj0lB30dl4AaABAg,"{'videoId': 'uuh1ydDwwrQ', 'topLevelComment': {'kind': 'youtube#comment', 'etag': 'gTakanSf_HKhBj_HdKVsrZdzlI4', 'id': 'Ugwdby5VtbQj0lB30dl4AaABAg', 'snippet': {'videoId': 'uuh1ydDwwrQ', 'textDisplay': 'Kkkkk sorte que  ainda ele ñ  morreu  ainda pq vcs sabem oque acontece  num expurgo', 'textOriginal': 'Kkkkk sorte que  ainda ele ñ  morreu  ainda pq vcs sabem oque acontece  num expurgo', 'authorDisplayName': 'CAMS', 'authorProfileImageUrl': 'https://yt3.ggpht.com/ytc/AGIKgqNVrUZwcq6-tBk-ugV6FFtqCO8MlvYb7lu_9jMjkvxpFvubdiQfeDenL1cW0iWf=s48-c-k-c0x00ffffff-no-rj', 'authorChannelUrl': 'http://www.youtube.com/channel/UCiR-va9xxuk-7hwwB3z3miQ', 'authorChannelId': {'value': 'UCiR-va9xxuk-7hwwB3z3miQ'}, 'canRate': True, 'viewerRating': 'none', 'likeCount': 0, 'publishedAt': '2022-10-30T15:44:41Z', 'updatedAt': '2022-10-30T15:44:41Z'}}, 'canReply': True, 'totalReplyCount': 0, 'isPublic': True}",,UCiR-va9xxuk-7hwwB3z3miQ,2022-10-30T15:44:41Z,Kkkkk sorte que  ainda ele ñ  morreu  ainda pq vcs sabem oque acontece  num expurgo,QURTSl9pMkxSVUJPNHJPYm9Ia2JjTGcwdGVrSGJWLUxBMjNPUTN6RWxCMHJxMXhoajNranNHMGltYmw3MnVsS3B2OC01MmRwYmlsb1psMA==,2023-06-08 15:04:26.138048
youtube#commentThread,pbWNXMTF6rWz6427w8hb2sjP6CA,UgzenSVfwysjPNkEvw54AaABAg,"{'videoId': 'uuh1ydDwwrQ', 'topLevelComment': {'kind': 'youtube#comment', 'etag': 'ItjJc_1hdaqXAC1ZlgiN7DE-YTY', 'id': 'UgzenSVfwysjPNkEvw54AaABAg', 'snippet': {'videoId': 'uuh1ydDwwrQ', 'textDisplay': 'Gente! Não dá pra ficar quieto! Que mundo vocês estão vivendo? O cara foi expulso e vocês inventando que ele tava passando mal? Acorda pessoal', 'textOriginal': 'Gente! Não dá pra ficar quieto! Que mundo vocês estão vivendo? O cara foi expulso e vocês inventando que ele tava passando mal? Acorda pessoal', 'authorDisplayName': 'Hugo Orlando Clivati', 'authorProfileImageUrl': 'https://yt3.ggpht.com/ytc/AGIKgqNh4sfvXURdhDgFSQwiG5YBW69M6zgIKMMl-g=s48-c-k-c0x00ffffff-no-rj', 'authorChannelUrl': 'http://www.youtube.com/channel/UC6BDEi8DwY0SBC666XZdNwg', 'authorChannelId': {'value': 'UC6BDEi8DwY0SBC666XZdNwg'}, 'canRate': True, 'viewerRating': 'none', 'likeCount': 0, 'publishedAt': '2022-10-30T13:06:20Z', 'updatedAt': '2022-10-30T13:06:20Z'}}, 'canReply': True, 'totalReplyCount': 0, 'isPublic': True}",,UC6BDEi8DwY0SBC666XZdNwg,2022-10-30T13:06:20Z,Gente! Não dá pra ficar quieto! Que mundo vocês estão vivendo? O cara foi expulso e vocês inventando que ele tava passando mal? Acorda pessoal,QURTSl9pMkxSVUJPNHJPYm9Ia2JjTGcwdGVrSGJWLUxBMjNPUTN6RWxCMHJxMXhoajNranNHMGltYmw3MnVsS3B2OC01MmRwYmlsb1psMA==,2023-06-08 15:04:26.138048
youtube#commentThread,Y0kDtA6q28qAW48gZNfFaco-k_M,UgzcLQIyupxUObtCuTB4AaABAg,"{'videoId': 'uuh1ydDwwrQ', 'topLevelComment': {'kind': 'youtube#comment', 'etag': 'KX2M5_9p0YAZZxkG4T9BGv2-81k', 'id': 'UgzcLQIyupxUObtCuTB4AaABAg', 'snippet': {'videoId': 'uuh1ydDwwrQ', 'textDisplay': 'No comunismo é assim.', 'textOriginal': 'No comunismo é assim.', 'authorDisplayName': 'Gilberto Vieira Monte', 'authorProfileImageUrl': 'https://yt3.ggpht.com/ytc/AGIKgqOTiEXAJnXPJAG7hmLWot31zKknS5baBiygZgdNCdA=s48-c-k-c0x00ffffff-no-rj', 'authorChannelUrl': 'http://www.youtube.com/channel/UCCJoWfUxxXgse3_Osgnb81Q', 'authorChannelId': {'value': 'UCCJoWfUxxXgse3_Osgnb81Q'}, 'canRate': True, 'viewerRating': 'none', 'likeCount': 0, 'publishedAt': '2022-10-29T21:13:34Z', 'updatedAt': '2022-10-29T21:13:34Z'}}, 'canReply': True, 'totalReplyCount': 2, 'isPublic': True}","{'comments': [{'kind': 'youtube#comment', 'etag': '1Si55Admy8-o1MBccqjsmfwlSoE', 'id': 'UgzcLQIyupxUObtCuTB4AaABAg.9hmV4UKwSBF9hqN5poEkyd', 'snippet': {'videoId': 'uuh1ydDwwrQ', 'textDisplay': 'No país que voce se refere hoje é assim:<br><a href=""https://www.youtube.com/watch?v=n5xm0U4snbk"">https://www.youtube.com/watch?v=n5xm0U4snbk</a><br>Vídeo do link acima de brasileira que mora (e ama Nova Iorque) opinando sobre a China quando esteve lá.<br><a href=""https://www.youtube.com/watch?v=hQwVSowv5B0"">https://www.youtube.com/watch?v=hQwVSowv5B0</a><br>Em 2005, a meta &quot;ousada&quot; da China era construir até 2020, 10 mil quilômetros de ferrovias de trem-bala. Já são 40 mil quilômetros e interligar todas as cidades com mais de 500 mil habitantes com esse tipo de transporte para não depender de avião. No Brasil, a ponte aérea Rio-São Paulo distância de apenas 380 km, são mais de 120 voos diários com aviões que gastam uns 2,5 mil litros de querosene para transportar menos de 200 passageiros. E com a passagem só de ida, ou só de volta, custando mais de 1 salário mínimo. O Japão, referência e pioneira do trem-bala continua nos 3 mil quilômetros de ferrovia desse tipo.<br><a href=""https://www.youtube.com/watch?v=EeveKvWesY4"">https://www.youtube.com/watch?v=EeveKvWesY4</a><br>Como é uma moradia de classe media baixa na China. Moradores de prédios com 8 andares &quot;sem elevador&quot;, é comum ter carrões na garagem, como BMW, <br>ou em bairros de periferia sem garagem, deixar Mercedes estacionado na rua.', 'textOriginal': 'No país que voce se refere hoje é assim:\\nhttps://www.youtube.com/watch?v=n5xm0U4snbk\\nVídeo do link acima de brasileira que mora (e ama Nova Iorque) opinando sobre a China quando esteve lá.\\nhttps://www.youtube.com/watch?v=hQwVSowv5B0\\nEm 2005, a meta ""ousada"" da China era construir até 2020, 10 mil quilômetros de ferrovias de trem-bala. Já são 40 mil quilômetros e interligar todas as cidades com mais de 500 mil habitantes com esse tipo de transporte para não depender de avião. No Brasil, a ponte aérea Rio-São Paulo distância de apenas 380 km, são mais de 120 voos diários com aviões que gastam uns 2,5 mil litros de querosene para transportar menos de 200 passageiros. E com a passagem só de ida, ou só de volta, custando mais de 1 salário mínimo. O Japão, referência e pioneira do trem-bala continua nos 3 mil quilômetros de ferrovia desse tipo.\\nhttps://www.youtube.com/watch?v=EeveKvWesY4\\nComo é uma moradia de classe media baixa na China. Moradores de prédios com 8 andares ""sem elevador"", é comum ter carrões na garagem, como BMW, \\nou em bairros de periferia sem garagem, deixar Mercedes estacionado na rua.', 'parentId': 'UgzcLQIyupxUObtCuTB4AaABAg', 'authorDisplayName': 'Jose Numakami', 'authorProfileImageUrl': 'https://yt3.ggpht.com/ytc/AGIKgqNVPETRaNfiXNbpaLk7koyGv-run8yn0CsSLA=s48-c-k-c0x00ffffff-no-rj', 'authorChannelUrl': 'http://www.youtube.com/channel/UC4QBTmQm6X_EV77ruQNtf_A', 'authorChannelId': {'value': 'UC4QBTmQm6X_EV77ruQNtf_A'}, 'canRate': True, 'viewerRating': 'none', 'likeCount': 0, 'publishedAt': '2022-10-31T09:20:49Z', 'updatedAt': '2022-10-31T09:20:49Z'}}, {'kind': 'youtube#comment', 'etag': 'ku4vZWsDUUfdn2_HsfqDV_QsULg', 'id': 'UgzcLQIyupxUObtCuTB4AaABAg.9hmV4UKwSBF9hqLHFqt-V8', 'snippet': {'videoId': 'uuh1ydDwwrQ', 'textDisplay': 'Quando a China era &quot;democraticamente&quot; governada pelo Chiang Kai-shek e seu partido Kuomintang- KTM, apoiado pelos EUA era assim:<br>MASSACRE DE XANGAI 1927<br>E depois que Chiang Kai-shek fugiu com seus seguidores para a ilha chinesa de Taiwan (com os EUA dando suporte com navios para a evacuação), ele promoveu na ilha o TERROR BRANCO DE TAIWAN que durou de 1949 a 1987.<br>Notícia sobre Taiwan que ainda oficialmente se chama Republic of China e que com esse nome representava a China na ONU até ser expulsa da organização em 1971, dando o seu lugar no assento ao governo de Pequim. <br><br>Taiwan aprova lei para apagar símbolos de ditador Chiang Kai-shek              <br>De 1949 a 1987, quando foi revogada a lei marcial, milhares de pessoas consideradas hostis ao governo foram torturadas e assassinadas sob o mandato de Chiang e de seu filho. - Por France Presse - 06/12/2017 <br>A presidente Tsai Ing-wen deve ratificar a lei nas próximas duas semanas.<br>(*As vítimas eram os comunistas, a maioria camponeses. Maaaas como quem notícia os fatos são mídias ocidentais, o que voce fica sabendo sobre o passado envolvendo a China, Taiwan e Hong Kong ? Te informaram que Hong Kong virou colônia inglesa porquê eles tomaram a ilha dos chineses como retaliação, porque eles não queriam mais aceitar ópio como pagamento pelo chá, seda e porcelanas que vendiam aos ingleses ? Nunca ouviu nada sobre a &quot;Guerra do Ópio&quot; ?)', 'textOriginal': 'Quando a China era ""democraticamente"" governada pelo Chiang Kai-shek e seu partido Kuomintang- KTM, apoiado pelos EUA era assim:\\nMASSACRE DE XANGAI 1927\\nE depois que Chiang Kai-shek fugiu com seus seguidores para a ilha chinesa de Taiwan (com os EUA dando suporte com navios para a evacuação), ele promoveu na ilha o TERROR BRANCO DE TAIWAN que durou de 1949 a 1987.\\nNotícia sobre Taiwan que ainda oficialmente se chama Republic of China e que com esse nome representava a China na ONU até ser expulsa da organização em 1971, dando o seu lugar no assento ao governo de Pequim. \\n\\nTaiwan aprova lei para apagar símbolos de ditador Chiang Kai-shek              \\nDe 1949 a 1987, quando foi revogada a lei marcial, milhares de pessoas consideradas hostis ao governo foram torturadas e assassinadas sob o mandato de Chiang e de seu filho. - Por France Presse - 06/12/2017 \\nA presidente Tsai Ing-wen deve ratificar a lei nas próximas duas semanas.\\n(*As vítimas eram os comunistas, a maioria camponeses. Maaaas como quem notícia os fatos são mídias ocidentais, o que voce fica sabendo sobre o passado envolvendo a China, Taiwan e Hong Kong ? Te informaram que Hong Kong virou colônia inglesa porquê eles tomaram a ilha dos chineses como retaliação, porque eles não queriam mais aceitar ópio como pagamento pelo chá, seda e porcelanas que vendiam aos ingleses ? Nunca ouviu nada sobre a ""Guerra do Ópio"" ?)', 'parentId': 'UgzcLQIyupxUObtCuTB4AaABAg', 'authorDisplayName': 'Jose Numakami', 'authorProfileImageUrl': 'https://yt3.ggpht.com/ytc/AGIKgqNVPETRaNfiXNbpaLk7koyGv-run8yn0CsSLA=s48-c-k-c0x00ffffff-no-rj', 'authorChannelUrl': 'http://www.youtube.com/channel/UC4QBTmQm6X_EV77ruQNtf_A', 'authorChannelId': {'value': 'UC4QBTmQm6X_EV77ruQNtf_A'}, 'canRate': True, 'viewerRating': 'none', 'likeCount': 0, 'publishedAt': '2022-10-31T09:04:54Z', 'updatedAt': '2022-10-31T09:04:54Z'}}]}",UCCJoWfUxxXgse3_Osgnb81Q,2022-10-29T21:13:34Z,No comunismo é assim.,QURTSl9pMkxSVUJPNHJPYm9Ia2JjTGcwdGVrSGJWLUxBMjNPUTN6RWxCMHJxMXhoajNranNHMGltYmw3MnVsS3B2OC01MmRwYmlsb1psMA==,2023-06-08 15:04:26.138048
youtube#commentThread,XTEgwN4DFsREMAyHY3K9BcxCmmw,Ugw86iK78iTJEmpJoXp4AaABAg,"{'videoId': 'uuh1ydDwwrQ', 'topLevelComment': {'kind': 'youtube#comment', 'etag': 'EIXf0-gryyVCNzJPD7CogdR45ps', 'id': 'Ugw86iK78iTJEmpJoXp4AaABAg', 'snippet': {'videoId': 'uuh1ydDwwrQ', 'textDisplay': 'Kkkkkk, a explicação é simples: ditadura.', 'textOriginal': 'Kkkkkk, a explicação é simples: ditadura.', 'authorDisplayName': 'Otimo Oliveira', 'authorProfileImageUrl': 'https://yt3.ggpht.com/ytc/AGIKgqPy4JS6KlFly_UgjVSTFCBNQBSnmYA5ZEabMw=s48-c-k-c0x00ffffff-no-rj', 'authorChannelUrl': 'http://www.youtube.com/channel/UCrvjULQ6zrqNo3IM0jdmuvA', 'authorChannelId': {'value': 'UCrvjULQ6zrqNo3IM0jdmuvA'}, 'canRate': True, 'viewerRating': 'none', 'likeCount': 0, 'publishedAt': '2022-10-29T18:47:59Z', 'updatedAt': '2022-10-29T18:47:59Z'}}, 'canReply': True, 'totalReplyCount': 0, 'isPublic': True}",,UCrvjULQ6zrqNo3IM0jdmuvA,2022-10-29T18:47:59Z,"Kkkkkk, a explicação é simples: ditadura.",QURTSl9pMkxSVUJPNHJPYm9Ia2JjTGcwdGVrSGJWLUxBMjNPUTN6RWxCMHJxMXhoajNranNHMGltYmw3MnVsS3B2OC01MmRwYmlsb1psMA==,2023-06-08 15:04:26.138048
youtube#commentThread,AsbYL3CK_sTzPiBeD2a-at7-tIA,UgytFSw9No6opg3-O0p4AaABAg,"{'videoId': 'uuh1ydDwwrQ', 'topLevelComment': {'kind': 'youtube#comment', 'etag': 'CKqmsE-olCN84eFtXZ2gIF815bM', 'id': 'UgytFSw9No6opg3-O0p4AaABAg', 'snippet': {'videoId': 'uuh1ydDwwrQ', 'textDisplay': 'O Pêndulo volta ao Oriente....', 'textOriginal': 'O Pêndulo volta ao Oriente....', 'authorDisplayName': 'Leonardo Ozanich', 'authorProfileImageUrl': 'https://yt3.ggpht.com/ytc/AGIKgqN5rA8lU5yuCK8XR0F0ofUq-JYVtK6CWhIquw=s48-c-k-c0x00ffffff-no-rj', 'authorChannelUrl': 'http://www.youtube.com/channel/UC2PmCZn9lznhgoJhdNwGO3g', 'authorChannelId': {'value': 'UC2PmCZn9lznhgoJhdNwGO3g'}, 'canRate': True, 'viewerRating': 'none', 'likeCount': 0, 'publishedAt': '2022-10-29T16:59:32Z', 'updatedAt': '2022-10-29T16:59:32Z'}}, 'canReply': True, 'totalReplyCount': 0, 'isPublic': True}",,UC2PmCZn9lznhgoJhdNwGO3g,2022-10-29T16:59:32Z,O Pêndulo volta ao Oriente....,QURTSl9pMkxSVUJPNHJPYm9Ia2JjTGcwdGVrSGJWLUxBMjNPUTN6RWxCMHJxMXhoajNranNHMGltYmw3MnVsS3B2OC01MmRwYmlsb1psMA==,2023-06-08 15:04:26.138048
youtube#commentThread,kWKUbuRISwLzMDUW7Dzo-bnvy-M,UgwEPWAHJB7-FIjbpYF4AaABAg,"{'videoId': 'uuh1ydDwwrQ', 'topLevelComment': {'kind': 'youtube#comment', 'etag': 'vlCoD-XZiDPGUhGp08IPJNbshuM', 'id': 'UgwEPWAHJB7-FIjbpYF4AaABAg', 'snippet': {'videoId': 'uuh1ydDwwrQ', 'textDisplay': 'O Lula e a Dilma acharam isso bem democrático. (Contém ironia)', 'textOriginal': 'O Lula e a Dilma acharam isso bem democrático. (Contém ironia)', 'authorDisplayName': 'Eduardo Poltronieri - Arquitetura', 'authorProfileImageUrl': 'https://yt3.ggpht.com/ytc/AGIKgqNdkGQa9bgbepJ3PDbg_J-UONEWUVrEof9ETbOZmqoLV45CyqPovdkum9R_dCeB=s48-c-k-c0x00ffffff-no-rj', 'authorChannelUrl': 'http://www.youtube.com/channel/UCWCuhUqf30jSeUnm3j-QqRg', 'authorChannelId': {'value': 'UCWCuhUqf30jSeUnm3j-QqRg'}, 'canRate': True, 'viewerRating': 'none', 'likeCount': 0, 'publishedAt': '2022-10-29T16:57:11Z', 'updatedAt': '2022-10-29T16:57:11Z'}}, 'canReply': True, 'totalReplyCount': 0, 'isPublic': True}",,UCWCuhUqf30jSeUnm3j-QqRg,2022-10-29T16:57:11Z,O Lula e a Dilma acharam isso bem democrático. (Contém ironia),QURTSl9pMkxSVUJPNHJPYm9Ia2JjTGcwdGVrSGJWLUxBMjNPUTN6RWxCMHJxMXhoajNranNHMGltYmw3MnVsS3B2OC01MmRwYmlsb1psMA==,2023-06-08 15:04:26.138048
youtube#commentThread,NtuE6ca68xH0n3GbQHYFHxvfjZc,UgzVyZ2yULDXoqDSTWB4AaABAg,"{'videoId': 'uuh1ydDwwrQ', 'topLevelComment': {'kind': 'youtube#comment', 'etag': 'K65Bmj4z3htMjMBpr0Fgbr3GTLQ', 'id': 'UgzVyZ2yULDXoqDSTWB4AaABAg', 'snippet': {'videoId': 'uuh1ydDwwrQ', 'textDisplay': 'Expurgo  para dar lição.', 'textOriginal': 'Expurgo  para dar lição.', 'authorDisplayName': 'Qu1m3r4 O/', 'authorProfileImageUrl': 'https://yt3.ggpht.com/ytc/AGIKgqPb7I95OFDOmJd8QTbIQ2YRhpNGh6YKhwRy8e5n8w=s48-c-k-c0x00ffffff-no-rj', 'authorChannelUrl': 'http://www.youtube.com/channel/UCqKkFZVGDLqsr7r3QiK8Ghg', 'authorChannelId': {'value': 'UCqKkFZVGDLqsr7r3QiK8Ghg'}, 'canRate': True, 'viewerRating': 'none', 'likeCount': 0, 'publishedAt': '2022-10-29T16:42:20Z', 'updatedAt': '2022-10-29T16:42:20Z'}}, 'canReply': True, 'totalReplyCount': 0, 'isPublic': True}",,UCqKkFZVGDLqsr7r3QiK8Ghg,2022-10-29T16:42:20Z,Expurgo  para dar lição.,QURTSl9pMkxSVUJPNHJPYm9Ia2JjTGcwdGVrSGJWLUxBMjNPUTN6RWxCMHJxMXhoajNranNHMGltYmw3MnVsS3B2OC01MmRwYmlsb1psMA==,2023-06-08 15:04:26.138048
youtube#commentThread,mM-WJrVQzCuBsZYBMGqeSCWnIdE,UgwPc_tmyQCEP5zXVNB4AaABAg,"{'videoId': 'uuh1ydDwwrQ', 'topLevelComment': {'kind': 'youtube#comment', 'etag': 'Q26CjycaXVvLoe5YWozLJGu0D9M', 'id': 'UgwPc_tmyQCEP5zXVNB4AaABAg', 'snippet': {'videoId': 'uuh1ydDwwrQ', 'textDisplay': 'Provavelmente ele falou uma verdade,  e os comunistas não gostaram. Porque comunismo e verdade não combinam.', 'textOriginal': 'Provavelmente ele falou uma verdade,  e os comunistas não gostaram. Porque comunismo e verdade não combinam.', 'authorDisplayName': 'Carlos', 'authorProfileImageUrl': 'https://yt3.ggpht.com/ytc/AGIKgqNUzSIEnLHuYJ0DuvydhL5RkBe_SawG4VjssA=s48-c-k-c0x00ffffff-no-rj', 'authorChannelUrl': 'http://www.youtube.com/channel/UCeBhIK4XTJ7ulJHMEFE5JMQ', 'authorChannelId': {'value': 'UCeBhIK4XTJ7ulJHMEFE5JMQ'}, 'canRate': True, 'viewerRating': 'none', 'likeCount': 0, 'publishedAt': '2022-10-29T10:45:04Z', 'updatedAt': '2022-10-29T10:45:04Z'}}, 'canReply': True, 'totalReplyCount': 0, 'isPublic': True}",,UCeBhIK4XTJ7ulJHMEFE5JMQ,2022-10-29T10:45:04Z,"Provavelmente ele falou uma verdade,  e os comunistas não gostaram. Porque comunismo e verdade não combinam.",QURTSl9pMkxSVUJPNHJPYm9Ia2JjTGcwdGVrSGJWLUxBMjNPUTN6RWxCMHJxMXhoajNranNHMGltYmw3MnVsS3B2OC01MmRwYmlsb1psMA==,2023-06-08 15:04:26.138048
youtube#commentThread,ycGOr3mqOYW9-IFUftbqSaQHNUY,UgyJ4qNlXEHh4edfTtZ4AaABAg,"{'videoId': 'uuh1ydDwwrQ', 'topLevelComment': {'kind': 'youtube#comment', 'etag': '5s11fPq5FmG-ToDO0OCoImQamEs', 'id': 'UgyJ4qNlXEHh4edfTtZ4AaABAg', 'snippet': {'videoId': 'uuh1ydDwwrQ', 'textDisplay': 'Gente... que mulher ridícula ao fundo da apresentadora. Já que ela faz tanta questão de aparecer, coloquem ela para apresentar o jornal.', 'textOriginal': 'Gente... que mulher ridícula ao fundo da apresentadora. Já que ela faz tanta questão de aparecer, coloquem ela para apresentar o jornal.', 'authorDisplayName': 'Igor Santos', 'authorProfileImageUrl': 'https://yt3.ggpht.com/1x24ZvXKQ3aeDK52uiY_d7m1PPmKcy1jmvktmbXXImaov3GnpA6GAfEkZ18Q52wGbMKmMRNxIA=s48-c-k-c0x00ffffff-no-rj', 'authorChannelUrl': 'http://www.youtube.com/channel/UCqgV7VojSekIeu3lezgikQQ', 'authorChannelId': {'value': 'UCqgV7VojSekIeu3lezgikQQ'}, 'canRate': True, 'viewerRating': 'none', 'likeCount': 0, 'publishedAt': '2022-10-29T05:59:58Z', 'updatedAt': '2022-10-29T05:59:58Z'}}, 'canReply': True, 'totalReplyCount': 0, 'isPublic': True}",,UCqgV7VojSekIeu3lezgikQQ,2022-10-29T05:59:58Z,"Gente... que mulher ridícula ao fundo da apresentadora. Já que ela faz tanta questão de aparecer, coloquem ela para apresentar o jornal.",QURTSl9pMkxSVUJPNHJPYm9Ia2JjTGcwdGVrSGJWLUxBMjNPUTN6RWxCMHJxMXhoajNranNHMGltYmw3MnVsS3B2OC01MmRwYmlsb1psMA==,2023-06-08 15:04:26.138048
youtube#commentThread,-tQ6je95kC5SCpJZU88E2ZGqCqg,UgyngVB5ZsL9FcRLDFh4AaABAg,"{'videoId': 'uuh1ydDwwrQ', 'topLevelComment': {'kind': 'youtube#comment', 'etag': 'Vu4k-2KDddUiLAHPDF0U7eJ-b98', 'id': 'UgyngVB5ZsL9FcRLDFh4AaABAg', 'snippet': {'videoId': 'uuh1ydDwwrQ', 'textDisplay': 'Europa, compra energia da china , que compra da Rússia.(assim segue as SANÇÕES , afetando a Europa e não a China nem a Rússia).', 'textOriginal': 'Europa, compra energia da china , que compra da Rússia.(assim segue as SANÇÕES , afetando a Europa e não a China nem a Rússia).', 'authorDisplayName': 'Rose Aquino', 'authorProfileImageUrl': 'https://yt3.ggpht.com/ytc/AGIKgqOxKzaYwLzWTNcQdj95d3b4bSeUPLehkwbBdw=s48-c-k-c0x00ffffff-no-rj', 'authorChannelUrl': 'http://www.youtube.com/channel/UCt4dYykc2bBXLHtKO-5DYKA', 'authorChannelId': {'value': 'UCt4dYykc2bBXLHtKO-5DYKA'}, 'canRate': True, 'viewerRating': 'none', 'likeCount': 0, 'publishedAt': '2022-10-29T01:33:34Z', 'updatedAt': '2022-10-29T01:33:34Z'}}, 'canReply': True, 'totalReplyCount': 0, 'isPublic': True}",,UCt4dYykc2bBXLHtKO-5DYKA,2022-10-29T01:33:34Z,"Europa, compra energia da china , que compra da Rússia.(assim segue as SANÇÕES , afetando a Europa e não a China nem a Rússia).",QURTSl9pMkxSVUJPNHJPYm9Ia2JjTGcwdGVrSGJWLUxBMjNPUTN6RWxCMHJxMXhoajNranNHMGltYmw3MnVsS3B2OC01MmRwYmlsb1psMA==,2023-06-08 15:04:26.138048
youtube#commentThread,Mj37oReFRwkMlfw54M6mJijwxms,Ugwh53hjk20Hv6jiirZ4AaABAg,"{'videoId': 'uuh1ydDwwrQ', 'topLevelComment': {'kind': 'youtube#comment', 'etag': 'vtkkKsLGuR8LQTPUZsroX0glsBQ', 'id': 'Ugwh53hjk20Hv6jiirZ4AaABAg', 'snippet': {'videoId': 'uuh1ydDwwrQ', 'textDisplay': 'Ex- presidente do partido chinês, saiu porque tem alzheimer. ( Pesquise).<br>EUA , insiste deixar na presidência o Joen Baiden, senil ( ou quem sabe também com alzheimer) .', 'textOriginal': 'Ex- presidente do partido chinês, saiu porque tem alzheimer. ( Pesquise).\\nEUA , insiste deixar na presidência o Joen Baiden, senil ( ou quem sabe também com alzheimer) .', 'authorDisplayName': 'Rose Aquino', 'authorProfileImageUrl': 'https://yt3.ggpht.com/ytc/AGIKgqOxKzaYwLzWTNcQdj95d3b4bSeUPLehkwbBdw=s48-c-k-c0x00ffffff-no-rj', 'authorChannelUrl': 'http://www.youtube.com/channel/UCt4dYykc2bBXLHtKO-5DYKA', 'authorChannelId': {'value': 'UCt4dYykc2bBXLHtKO-5DYKA'}, 'canRate': True, 'viewerRating': 'none', 'likeCount': 0, 'publishedAt': '2022-10-29T01:26:48Z', 'updatedAt': '2022-10-29T01:26:48Z'}}, 'canReply': True, 'totalReplyCount': 0, 'isPublic': True}",,UCt4dYykc2bBXLHtKO-5DYKA,2022-10-29T01:26:48Z,"Ex- presidente do partido chinês, saiu porque tem alzheimer. ( Pesquise).
EUA , insiste deixar na presidência o Joen Baiden, senil ( ou quem sabe também com alzheimer) .",QURTSl9pMkxSVUJPNHJPYm9Ia2JjTGcwdGVrSGJWLUxBMjNPUTN6RWxCMHJxMXhoajNranNHMGltYmw3MnVsS3B2OC01MmRwYmlsb1psMA==,2023-06-08 15:04:26.138048
youtube#commentThread,2wqIjt6Gkg2oY5l7NylKykr1MUg,UgykzLiprOvtvSXU2pB4AaABAg,"{'videoId': 'uuh1ydDwwrQ', 'topLevelComment': {'kind': 'youtube#comment', 'etag': 'bM6s5VoSgsObkXulJkkEnnDBOmE', 'id': 'UgykzLiprOvtvSXU2pB4AaABAg', 'snippet': {'videoId': 'uuh1ydDwwrQ', 'textDisplay': 'Advinha? Certamente ele é contra o presidente.', 'textOriginal': 'Advinha? Certamente ele é contra o presidente.', 'authorDisplayName': 'Beatriz Paiva', 'authorProfileImageUrl': 'https://yt3.ggpht.com/ytc/AGIKgqPH3re7sgIBWS_ju2iCXqbDvdwr-9cce5jzXA=s48-c-k-c0x00ffffff-no-rj', 'authorChannelUrl': 'http://www.youtube.com/channel/UCBmHUjglUH7JYZCetMNHPKA', 'authorChannelId': {'value': 'UCBmHUjglUH7JYZCetMNHPKA'}, 'canRate': True, 'viewerRating': 'none', 'likeCount': 0, 'publishedAt': '2022-10-29T00:47:44Z', 'updatedAt': '2022-10-29T00:47:44Z'}}, 'canReply': True, 'totalReplyCount': 0, 'isPublic': True}",,UCBmHUjglUH7JYZCetMNHPKA,2022-10-29T00:47:44Z,Advinha? Certamente ele é contra o presidente.,QURTSl9pMkxSVUJPNHJPYm9Ia2JjTGcwdGVrSGJWLUxBMjNPUTN6RWxCMHJxMXhoajNranNHMGltYmw3MnVsS3B2OC01MmRwYmlsb1psMA==,2023-06-08 15:04:26.138048
youtube#commentThread,uINBltPPbhyfE6kuQIrDAYb5KaU,UgyF_TcFsvaHTSNhnQN4AaABAg,"{'videoId': 'uuh1ydDwwrQ', 'topLevelComment': {'kind': 'youtube#comment', 'etag': 'k8u0Z2k7bfHte0iTsoGM21u28C0', 'id': 'UgyF_TcFsvaHTSNhnQN4AaABAg', 'snippet': {'videoId': 'uuh1ydDwwrQ', 'textDisplay': 'Esse maluco aí é daquela lógica 2+2=5', 'textOriginal': 'Esse maluco aí é daquela lógica 2+2=5', 'authorDisplayName': 'Mateus Fróes', 'authorProfileImageUrl': 'https://yt3.ggpht.com/ytc/AGIKgqOyYpOfjamiDLj8QVU3PLs402vI6S7A6YcLl9yEMQ=s48-c-k-c0x00ffffff-no-rj', 'authorChannelUrl': 'http://www.youtube.com/channel/UC3zn59hx2aoMMNlkDNBgLrg', 'authorChannelId': {'value': 'UC3zn59hx2aoMMNlkDNBgLrg'}, 'canRate': True, 'viewerRating': 'none', 'likeCount': 0, 'publishedAt': '2022-10-28T23:15:52Z', 'updatedAt': '2022-10-28T23:15:52Z'}}, 'canReply': True, 'totalReplyCount': 0, 'isPublic': True}",,UC3zn59hx2aoMMNlkDNBgLrg,2022-10-28T23:15:52Z,Esse maluco aí é daquela lógica 2+2=5,QURTSl9pMkxSVUJPNHJPYm9Ia2JjTGcwdGVrSGJWLUxBMjNPUTN6RWxCMHJxMXhoajNranNHMGltYmw3MnVsS3B2OC01MmRwYmlsb1psMA==,2023-06-08 15:04:26.138048
youtube#commentThread,C1Tp3TPxvUlIobWS47_wcQQbP0Y,Ugx0xe6L-7fE4z0N76Z4AaABAg,"{'videoId': 'uuh1ydDwwrQ', 'topLevelComment': {'kind': 'youtube#comment', 'etag': 'PzNLvlqX-I8fMam-03vNh0uqHk8', 'id': 'Ugx0xe6L-7fE4z0N76Z4AaABAg', 'snippet': {'videoId': 'uuh1ydDwwrQ', 'textDisplay': '.A forma que foi retirado foi normal.', 'textOriginal': '.A forma que foi retirado foi normal.', 'authorDisplayName': 'bira', 'authorProfileImageUrl': 'https://yt3.ggpht.com/ytc/AGIKgqOuMfe248s_7_VhKL55xeISl5NlPo1u7TBMiA=s48-c-k-c0x00ffffff-no-rj', 'authorChannelUrl': 'http://www.youtube.com/channel/UCwpH6GTVUTXTAl1Y5fwHy6A', 'authorChannelId': {'value': 'UCwpH6GTVUTXTAl1Y5fwHy6A'}, 'canRate': True, 'viewerRating': 'none', 'likeCount': 0, 'publishedAt': '2022-10-28T22:47:26Z', 'updatedAt': '2022-10-28T22:47:26Z'}}, 'canReply': True, 'totalReplyCount': 0, 'isPublic': True}",,UCwpH6GTVUTXTAl1Y5fwHy6A,2022-10-28T22:47:26Z,.A forma que foi retirado foi normal.,QURTSl9pMkxSVUJPNHJPYm9Ia2JjTGcwdGVrSGJWLUxBMjNPUTN6RWxCMHJxMXhoajNranNHMGltYmw3MnVsS3B2OC01MmRwYmlsb1psMA==,2023-06-08 15:04:26.138048
youtube#commentThread,gQyKYYefKsrCTlA83_jAVD0fvKA,Ugy6j5w7P-Cbi2Ej6I54AaABAg,"{'videoId': 'uuh1ydDwwrQ', 'topLevelComment': {'kind': 'youtube#comment', 'etag': '9pC-ITdfo-sm3hOqB_gkArtjcso', 'id': 'Ugy6j5w7P-Cbi2Ej6I54AaABAg', 'snippet': {'videoId': 'uuh1ydDwwrQ', 'textDisplay': '&quot;especialista&quot; ta sabendo tanto quanto o ze da padaria !!', 'textOriginal': '""especialista"" ta sabendo tanto quanto o ze da padaria !!', 'authorDisplayName': 'TYRION BR', 'authorProfileImageUrl': 'https://yt3.ggpht.com/xJGpET8nw08SS-ucenNPBAg5FPb0n0nyNX0k7uSXcB5YiNrBMLh9X7p_jn7OImojEEQAHktBhQ=s48-c-k-c0x00ffffff-no-rj', 'authorChannelUrl': 'http://www.youtube.com/channel/UCYHRZNl6x9nA5eUm0k4iQyg', 'authorChannelId': {'value': 'UCYHRZNl6x9nA5eUm0k4iQyg'}, 'canRate': True, 'viewerRating': 'none', 'likeCount': 0, 'publishedAt': '2022-10-28T22:16:17Z', 'updatedAt': '2022-10-28T22:16:17Z'}}, 'canReply': True, 'totalReplyCount': 0, 'isPublic': True}",,UCYHRZNl6x9nA5eUm0k4iQyg,2022-10-28T22:16:17Z,"""especialista"" ta sabendo tanto quanto o ze da padaria !!",QURTSl9pMkxSVUJPNHJPYm9Ia2JjTGcwdGVrSGJWLUxBMjNPUTN6RWxCMHJxMXhoajNranNHMGltYmw3MnVsS3B2OC01MmRwYmlsb1psMA==,2023-06-08 15:04:26.138048
youtube#commentThread,AINWCgZPXQJGfyyXvxZ7YC76j70,UgwFUif2Hn7iwkHYXUJ4AaABAg,"{'videoId': 'uuh1ydDwwrQ', 'topLevelComment': {'kind': 'youtube#comment', 'etag': 'IpzP1zUrJmXXttEc-_AQayxPWoc', 'id': 'UgwFUif2Hn7iwkHYXUJ4AaABAg', 'snippet': {'videoId': 'uuh1ydDwwrQ', 'textDisplay': 'Esse professor e do PCC chinês ta deslocado no assunto.', 'textOriginal': 'Esse professor e do PCC chinês ta deslocado no assunto.', 'authorDisplayName': 'Andre Ferreira', 'authorProfileImageUrl': 'https://yt3.ggpht.com/ytc/AGIKgqO3Sm-AqqgOFzPHcJk1VhCmQLkQ0pFD-dsgviJ3d8d6A08HcJLJbtAkhBkbn0cz=s48-c-k-c0x00ffffff-no-rj', 'authorChannelUrl': 'http://www.youtube.com/channel/UCyVTbJnwtU7OR0Vodw2yCdg', 'authorChannelId': {'value': 'UCyVTbJnwtU7OR0Vodw2yCdg'}, 'canRate': True, 'viewerRating': 'none', 'likeCount': 0, 'publishedAt': '2022-10-28T22:13:36Z', 'updatedAt': '2022-10-28T22:13:36Z'}}, 'canReply': True, 'totalReplyCount': 0, 'isPublic': True}",,UCyVTbJnwtU7OR0Vodw2yCdg,2022-10-28T22:13:36Z,Esse professor e do PCC chinês ta deslocado no assunto.,QURTSl9pMkxSVUJPNHJPYm9Ia2JjTGcwdGVrSGJWLUxBMjNPUTN6RWxCMHJxMXhoajNranNHMGltYmw3MnVsS3B2OC01MmRwYmlsb1psMA==,2023-06-08 15:04:26.138048
youtube#commentThread,vqUNxIRzMOc_XzjiMdRX7h7Oqb4,UgwX4IUvR48J-Hw2t8x4AaABAg,"{'videoId': 'uuh1ydDwwrQ', 'topLevelComment': {'kind': 'youtube#comment', 'etag': '8q5PR4DlXHGgq7WpwOMGRF_HLiM', 'id': 'UgwX4IUvR48J-Hw2t8x4AaABAg', 'snippet': {'videoId': 'uuh1ydDwwrQ', 'textDisplay': 'Têm uma dúzia de Repórteres da JOVEM PAN que eu gostaria de mandar morar lá !!!', 'textOriginal': 'Têm uma dúzia de Repórteres da JOVEM PAN que eu gostaria de mandar morar lá !!!', 'authorDisplayName': 'Marinelson Mendes', 'authorProfileImageUrl': 'https://yt3.ggpht.com/ytc/AGIKgqMdgq9Rap6VKeRJYQ3fcsy-Dkaf6JqYmnoMag=s48-c-k-c0x00ffffff-no-rj', 'authorChannelUrl': 'http://www.youtube.com/channel/UC3CPFANvk5CRL-HunPvSaBw', 'authorChannelId': {'value': 'UC3CPFANvk5CRL-HunPvSaBw'}, 'canRate': True, 'viewerRating': 'none', 'likeCount': 0, 'publishedAt': '2022-10-28T21:26:28Z', 'updatedAt': '2022-10-28T21:27:18Z'}}, 'canReply': True, 'totalReplyCount': 0, 'isPublic': True}",,UC3CPFANvk5CRL-HunPvSaBw,2022-10-28T21:26:28Z,Têm uma dúzia de Repórteres da JOVEM PAN que eu gostaria de mandar morar lá !!!,QURTSl9pMkxSVUJPNHJPYm9Ia2JjTGcwdGVrSGJWLUxBMjNPUTN6RWxCMHJxMXhoajNranNHMGltYmw3MnVsS3B2OC01MmRwYmlsb1psMA==,2023-06-08 15:04:26.138048
youtube#commentThread,CBc2lF0u-9TOAZUjxKFDbQvurWc,UgxMK0M0Sr6on7OE5j94AaABAg,"{'videoId': 'uuh1ydDwwrQ', 'topLevelComment': {'kind': 'youtube#comment', 'etag': '1Zc9oDkVyxpQNwp9dOfLQPOtt00', 'id': 'UgxMK0M0Sr6on7OE5j94AaABAg', 'snippet': {'videoId': 'uuh1ydDwwrQ', 'textDisplay': 'Fatalmente, ele foi retirado para se despedir de sua linda família: cabeças rolarão; ou, apenas sua cabeça rolará!<br>Foi uma cena muito bonita.', 'textOriginal': 'Fatalmente, ele foi retirado para se despedir de sua linda família: cabeças rolarão; ou, apenas sua cabeça rolará!\\nFoi uma cena muito bonita.', 'authorDisplayName': 'Irlan BR', 'authorProfileImageUrl': 'https://yt3.ggpht.com/ytc/AGIKgqNVsfhaFTDm7IXTSLMcivcTqy7xpe-orl1SVAd3zHo=s48-c-k-c0x00ffffff-no-rj', 'authorChannelUrl': 'http://www.youtube.com/channel/UCs0sk9WsgdzNoqmALgeRPvQ', 'authorChannelId': {'value': 'UCs0sk9WsgdzNoqmALgeRPvQ'}, 'canRate': True, 'viewerRating': 'none', 'likeCount': 0, 'publishedAt': '2022-10-28T20:54:39Z', 'updatedAt': '2022-10-28T21:04:44Z'}}, 'canReply': True, 'totalReplyCount': 0, 'isPublic': True}",,UCs0sk9WsgdzNoqmALgeRPvQ,2022-10-28T20:54:39Z,"Fatalmente, ele foi retirado para se despedir de sua linda família: cabeças rolarão; ou, apenas sua cabeça rolará!
Foi uma cena muito bonita.",QURTSl9pMkxSVUJPNHJPYm9Ia2JjTGcwdGVrSGJWLUxBMjNPUTN6RWxCMHJxMXhoajNranNHMGltYmw3MnVsS3B2OC01MmRwYmlsb1psMA==,2023-06-08 15:04:26.138048
youtube#commentThread,uyWyuxQGQgY7t1f5Gf9kWScK1wM,UgxHi0KQGVR3i1hTIgZ4AaABAg,"{'videoId': 'uuh1ydDwwrQ', 'topLevelComment': {'kind': 'youtube#comment', 'etag': 'g7Uw4tnLJK2kXRgtTK7DNLi12jo', 'id': 'UgxHi0KQGVR3i1hTIgZ4AaABAg', 'snippet': {'videoId': 'uuh1ydDwwrQ', 'textDisplay': 'O ex presidente cutucou  o representante a sua esquerda e falou que votaria em bolsonaro, aí o Jin Ping  ou viu e apertou no botão &quot;manda pro calabouço &quot;', 'textOriginal': 'O ex presidente cutucou  o representante a sua esquerda e falou que votaria em bolsonaro, aí o Jin Ping  ou viu e apertou no botão ""manda pro calabouço ""', 'authorDisplayName': 'paulo rego', 'authorProfileImageUrl': 'https://yt3.ggpht.com/ytc/AGIKgqNjY68XloAn45FSukHwbjMzXObIC0RhPwrEkA=s48-c-k-c0x00ffffff-no-rj', 'authorChannelUrl': 'http://www.youtube.com/channel/UC2hHfNTGjnHECG5I2rzvowg', 'authorChannelId': {'value': 'UC2hHfNTGjnHECG5I2rzvowg'}, 'canRate': True, 'viewerRating': 'none', 'likeCount': 0, 'publishedAt': '2022-10-28T20:42:16Z', 'updatedAt': '2022-10-28T20:42:16Z'}}, 'canReply': True, 'totalReplyCount': 0, 'isPublic': True}",,UC2hHfNTGjnHECG5I2rzvowg,2022-10-28T20:42:16Z,"O ex presidente cutucou  o representante a sua esquerda e falou que votaria em bolsonaro, aí o Jin Ping  ou viu e apertou no botão ""manda pro calabouço """,QURTSl9pMkxSVUJPNHJPYm9Ia2JjTGcwdGVrSGJWLUxBMjNPUTN6RWxCMHJxMXhoajNranNHMGltYmw3MnVsS3B2OC01MmRwYmlsb1psMA==,2023-06-08 15:04:26.138048
youtube#commentThread,iVx0Pp-LlT2npGttR31hkHIic5w,Ugyz3bbPHRoG6OY-jJF4AaABAg,"{'videoId': 'uuh1ydDwwrQ', 'topLevelComment': {'kind': 'youtube#comment', 'etag': '5biQBBEb4ALGc7R-o5VQ6D2qixA', 'id': 'Ugyz3bbPHRoG6OY-jJF4AaABAg', 'snippet': {'videoId': 'uuh1ydDwwrQ', 'textDisplay': 'KKKKK O PROFESSOR COMUNISTA BRASILERO, DE UMA  UNIVERSIDADE CHINESA, DIZENDO QUE ESTA TUDO BEM. QUE NÃO A ALARME... POSTO QUE CHINA É UM PAIS SUMAMENTE DEMOCRÁTICO, EM ESPECIAL COM A OPOSIÇÃO.', 'textOriginal': 'KKKKK O PROFESSOR COMUNISTA BRASILERO, DE UMA  UNIVERSIDADE CHINESA, DIZENDO QUE ESTA TUDO BEM. QUE NÃO A ALARME... POSTO QUE CHINA É UM PAIS SUMAMENTE DEMOCRÁTICO, EM ESPECIAL COM A OPOSIÇÃO.', 'authorDisplayName': 'Daniel de Oliveira', 'authorProfileImageUrl': 'https://yt3.ggpht.com/ytc/AGIKgqOQvtC7m6hCj-bKnhdK6SZsCyzj4fiZ_qsrMhSf2Q=s48-c-k-c0x00ffffff-no-rj', 'authorChannelUrl': 'http://www.youtube.com/channel/UCU8O1brt1RDNKgnZYIgmx9Q', 'authorChannelId': {'value': 'UCU8O1brt1RDNKgnZYIgmx9Q'}, 'canRate': True, 'viewerRating': 'none', 'likeCount': 0, 'publishedAt': '2022-10-28T18:45:17Z', 'updatedAt': '2022-10-28T18:45:17Z'}}, 'canReply': True, 'totalReplyCount': 0, 'isPublic': True}",,UCU8O1brt1RDNKgnZYIgmx9Q,2022-10-28T18:45:17Z,"KKKKK O PROFESSOR COMUNISTA BRASILERO, DE UMA  UNIVERSIDADE CHINESA, DIZENDO QUE ESTA TUDO BEM. QUE NÃO A ALARME... POSTO QUE CHINA É UM PAIS SUMAMENTE DEMOCRÁTICO, EM ESPECIAL COM A OPOSIÇÃO.",QURTSl9pMkxSVUJPNHJPYm9Ia2JjTGcwdGVrSGJWLUxBMjNPUTN6RWxCMHJxMXhoajNranNHMGltYmw3MnVsS3B2OC01MmRwYmlsb1psMA==,2023-06-08 15:04:26.138048
youtube#commentThread,x1oWk09FAkcHwXm8ZCuyh8J6Rds,Ugws_PlHa-fPGT70UKN4AaABAg,"{'videoId': 'uuh1ydDwwrQ', 'topLevelComment': {'kind': 'youtube#comment', 'etag': 'PBjUCALMiNGYS-_kW_yfE8n9coY', 'id': 'Ugws_PlHa-fPGT70UKN4AaABAg', 'snippet': {'videoId': 'uuh1ydDwwrQ', 'textDisplay': 'Jornalismo sem sensacionalismo e com cunho de profissionalismo é isso. Respeitando, e não induzindo, o especialista convidado a opinar a respeito do tema em questão. Parabéns JP. Isenta sempre!  ❤JP', 'textOriginal': 'Jornalismo sem sensacionalismo e com cunho de profissionalismo é isso. Respeitando, e não induzindo, o especialista convidado a opinar a respeito do tema em questão. Parabéns JP. Isenta sempre!  ❤JP', 'authorDisplayName': 'Eduardo Pellegrina', 'authorProfileImageUrl': 'https://yt3.ggpht.com/ytc/AGIKgqPzsAp1sbhMt87bb1LRIdKO5RdXk1RCoZg6f_uT=s48-c-k-c0x00ffffff-no-rj', 'authorChannelUrl': 'http://www.youtube.com/channel/UCM9iNrp7atSiFus0Ub7YHDg', 'authorChannelId': {'value': 'UCM9iNrp7atSiFus0Ub7YHDg'}, 'canRate': True, 'viewerRating': 'none', 'likeCount': 0, 'publishedAt': '2022-10-28T16:38:38Z', 'updatedAt': '2022-10-28T16:38:38Z'}}, 'canReply': True, 'totalReplyCount': 0, 'isPublic': True}",,UCM9iNrp7atSiFus0Ub7YHDg,2022-10-28T16:38:38Z,"Jornalismo sem sensacionalismo e com cunho de profissionalismo é isso. Respeitando, e não induzindo, o especialista convidado a opinar a respeito do tema em questão. Parabéns JP. Isenta sempre!  ❤JP",QURTSl9pMkxSVUJPNHJPYm9Ia2JjTGcwdGVrSGJWLUxBMjNPUTN6RWxCMHJxMXhoajNranNHMGltYmw3MnVsS3B2OC01MmRwYmlsb1psMA==,2023-06-08 15:04:26.138048
youtube#commentThread,gvt-ZhFEsM4EIQ3nJSfABlaWO0g,Ugz2DIcoKi0iuwHAHWB4AaABAg,"{'videoId': 'uuh1ydDwwrQ', 'topLevelComment': {'kind': 'youtube#comment', 'etag': '9tFU7GeW53uV2mvIlsBU_awAd7s', 'id': 'Ugz2DIcoKi0iuwHAHWB4AaABAg', 'snippet': {'videoId': 'uuh1ydDwwrQ', 'textDisplay': 'Meu Deus como essa imprensa é nojenta. O Xi se quer olha para ele . Isso é normal?', 'textOriginal': 'Meu Deus como essa imprensa é nojenta. O Xi se quer olha para ele . Isso é normal?', 'authorDisplayName': 'Willians Borba', 'authorProfileImageUrl': 'https://yt3.ggpht.com/ytc/AGIKgqPHkRoOmqaEKssagyn5ecztoYVwRCDhg4gpYfAp=s48-c-k-c0x00ffffff-no-rj', 'authorChannelUrl': 'http://www.youtube.com/channel/UCq9XFnYfOS1ShGNteEL3FKA', 'authorChannelId': {'value': 'UCq9XFnYfOS1ShGNteEL3FKA'}, 'canRate': True, 'viewerRating': 'none', 'likeCount': 0, 'publishedAt': '2022-10-28T16:23:15Z', 'updatedAt': '2022-10-28T16:23:15Z'}}, 'canReply': True, 'totalReplyCount': 0, 'isPublic': True}",,UCq9XFnYfOS1ShGNteEL3FKA,2022-10-28T16:23:15Z,Meu Deus como essa imprensa é nojenta. O Xi se quer olha para ele . Isso é normal?,QURTSl9pMkxSVUJPNHJPYm9Ia2JjTGcwdGVrSGJWLUxBMjNPUTN6RWxCMHJxMXhoajNranNHMGltYmw3MnVsS3B2OC01MmRwYmlsb1psMA==,2023-06-08 15:04:26.138048
youtube#commentThread,Ht9ljJpOgkb2anik-QrduAHwrZE,Ugz_NkHL9MAKjiJFQnh4AaABAg,"{'videoId': 'uuh1ydDwwrQ', 'topLevelComment': {'kind': 'youtube#comment', 'etag': 'zSipNiG3G3PDbNHAeCTH6WNgqbY', 'id': 'Ugz_NkHL9MAKjiJFQnh4AaABAg', 'snippet': {'videoId': 'uuh1ydDwwrQ', 'textDisplay': 'Temos que admitir, comparado com espetáculos teatrais feitos nos expurgos de Stalin, a China é bem mais contida. Porém não se enganem, o resultado pra este senhor será o mesmo. Me lembra a revolução dos bichos  de George Orwell. Melhor para por aqui por precaução.', 'textOriginal': 'Temos que admitir, comparado com espetáculos teatrais feitos nos expurgos de Stalin, a China é bem mais contida. Porém não se enganem, o resultado pra este senhor será o mesmo. Me lembra a revolução dos bichos  de George Orwell. Melhor para por aqui por precaução.', 'authorDisplayName': 'Milton Fernandes Jacinto Junior - CEEJA Vilhena', 'authorProfileImageUrl': 'https://yt3.ggpht.com/ytc/AGIKgqOF-WnWfy3RAx1ErXOrRAj2BiLfFPvV_yQaSaERIGUIXST4IQDKruJKD8WBpQGQ=s48-c-k-c0x00ffffff-no-rj', 'authorChannelUrl': 'http://www.youtube.com/channel/UC3zwGW_fIBQwgeZ8-4KhheA', 'authorChannelId': {'value': 'UC3zwGW_fIBQwgeZ8-4KhheA'}, 'canRate': True, 'viewerRating': 'none', 'likeCount': 0, 'publishedAt': '2022-10-28T16:14:36Z', 'updatedAt': '2022-10-28T16:14:36Z'}}, 'canReply': True, 'totalReplyCount': 0, 'isPublic': True}",,UC3zwGW_fIBQwgeZ8-4KhheA,2022-10-28T16:14:36Z,"Temos que admitir, comparado com espetáculos teatrais feitos nos expurgos de Stalin, a China é bem mais contida. Porém não se enganem, o resultado pra este senhor será o mesmo. Me lembra a revolução dos bichos  de George Orwell. Melhor para por aqui por precaução.",QURTSl9pMkxSVUJPNHJPYm9Ia2JjTGcwdGVrSGJWLUxBMjNPUTN6RWxCMHJxMXhoajNranNHMGltYmw3MnVsS3B2OC01MmRwYmlsb1psMA==,2023-06-08 15:04:26.138048
youtube#commentThread,b2bGhOJoXqDtt9ca6FNist3rq14,Ugz_GuodcxcbMys6LgB4AaABAg,"{'videoId': 'uuh1ydDwwrQ', 'topLevelComment': {'kind': 'youtube#comment', 'etag': 'EDknrEBl91tTgg5JD4Kx0oXJE0g', 'id': 'Ugz_GuodcxcbMys6LgB4AaABAg', 'snippet': {'videoId': 'uuh1ydDwwrQ', 'textDisplay': 'Na verdade é impossivel que haja liberdade, o ser humano não admite isso por essência, o que há são interesses, planos de poder transitórios pois todos passam. O comunismo propõe o paraíso na terra através da ação dos valores do inferno, se declarando  ateu.', 'textOriginal': 'Na verdade é impossivel que haja liberdade, o ser humano não admite isso por essência, o que há são interesses, planos de poder transitórios pois todos passam. O comunismo propõe o paraíso na terra através da ação dos valores do inferno, se declarando  ateu.', 'authorDisplayName': 'Rogério Soares', 'authorProfileImageUrl': 'https://yt3.ggpht.com/ytc/AGIKgqPviymvDVkt09TCaiegKcDH77zCj6eJpA1X7v4KSuA=s48-c-k-c0x00ffffff-no-rj', 'authorChannelUrl': 'http://www.youtube.com/channel/UClGUXVAYNAgPZgvu08X73PQ', 'authorChannelId': {'value': 'UClGUXVAYNAgPZgvu08X73PQ'}, 'canRate': True, 'viewerRating': 'none', 'likeCount': 0, 'publishedAt': '2022-10-28T16:06:14Z', 'updatedAt': '2022-10-28T16:06:14Z'}}, 'canReply': True, 'totalReplyCount': 0, 'isPublic': True}",,UClGUXVAYNAgPZgvu08X73PQ,2022-10-28T16:06:14Z,"Na verdade é impossivel que haja liberdade, o ser humano não admite isso por essência, o que há são interesses, planos de poder transitórios pois todos passam. O comunismo propõe o paraíso na terra através da ação dos valores do inferno, se declarando  ateu.",QURTSl9pMkxSVUJPNHJPYm9Ia2JjTGcwdGVrSGJWLUxBMjNPUTN6RWxCMHJxMXhoajNranNHMGltYmw3MnVsS3B2OC01MmRwYmlsb1psMA==,2023-06-08 15:04:26.138048
youtube#commentThread,VfSb2yP-DZ5Sj8bMLIjGDw5JfJM,UgxHnauhNv3GPjHj6Dd4AaABAg,"{'videoId': 'uuh1ydDwwrQ', 'topLevelComment': {'kind': 'youtube#comment', 'etag': '0Ch4FRaqu2JPeB5UT5w9qZMl_es', 'id': 'UgxHnauhNv3GPjHj6Dd4AaABAg', 'snippet': {'videoId': 'uuh1ydDwwrQ', 'textDisplay': 'QUANTA ENROLAÇÃO!!!<br>EXISTE, EXISTIU, ALGUM CHEFE DE PODER EM QUE SUA POSIÇÃO NÃO É, NÃO FOI AMEAÇADO NA HISTÓRIA DA HUMANIDADE???<br>ATÉ UM CARGO DE CHEFE DE ALMOXARIFADO, CHEFE DE POSTO DE SAÚDE,…? TEM SEU CARGO AMEAÇADO COM CERTEZA!!!  DOENÇA???<br>MAS É LÓGICO TEM MUITOS OTARIOS QUE ACREDITAM; O MUNDO É ASSIM MESMO, QUE SE HÁ DE FAZER???😅', 'textOriginal': 'QUANTA ENROLAÇÃO!!!\\nEXISTE, EXISTIU, ALGUM CHEFE DE PODER EM QUE SUA POSIÇÃO NÃO É, NÃO FOI AMEAÇADO NA HISTÓRIA DA HUMANIDADE???\\nATÉ UM CARGO DE CHEFE DE ALMOXARIFADO, CHEFE DE POSTO DE SAÚDE,…? TEM SEU CARGO AMEAÇADO COM CERTEZA!!!  DOENÇA???\\nMAS É LÓGICO TEM MUITOS OTARIOS QUE ACREDITAM; O MUNDO É ASSIM MESMO, QUE SE HÁ DE FAZER???😅', 'authorDisplayName': 'SUSSUMU MURAKAMI', 'authorProfileImageUrl': 'https://yt3.ggpht.com/ytc/AGIKgqMsjHbNJzlNLu8QIG0NyM-T3LeC7Zwp-a5yyg=s48-c-k-c0x00ffffff-no-rj', 'authorChannelUrl': 'http://www.youtube.com/channel/UCqu_Yct17h_N2GGXlf3oudQ', 'authorChannelId': {'value': 'UCqu_Yct17h_N2GGXlf3oudQ'}, 'canRate': True, 'viewerRating': 'none', 'likeCount': 0, 'publishedAt': '2022-10-28T15:19:38Z', 'updatedAt': '2022-10-28T15:19:38Z'}}, 'canReply': True, 'totalReplyCount': 0, 'isPublic': True}",,UCqu_Yct17h_N2GGXlf3oudQ,2022-10-28T15:19:38Z,"QUANTA ENROLAÇÃO!!!
EXISTE, EXISTIU, ALGUM CHEFE DE PODER EM QUE SUA POSIÇÃO NÃO É, NÃO FOI AMEAÇADO NA HISTÓRIA DA HUMANIDADE???
ATÉ UM CARGO DE CHEFE DE ALMOXARIFADO, CHEFE DE POSTO DE SAÚDE,…? TEM SEU CARGO AMEAÇADO COM CERTEZA!!!  DOENÇA???
MAS É LÓGICO TEM MUITOS OTARIOS QUE ACREDITAM; O MUNDO É ASSIM MESMO, QUE SE HÁ DE FAZER???😅",QURTSl9pMkxSVUJPNHJPYm9Ia2JjTGcwdGVrSGJWLUxBMjNPUTN6RWxCMHJxMXhoajNranNHMGltYmw3MnVsS3B2OC01MmRwYmlsb1psMA==,2023-06-08 15:04:26.138048
youtube#commentThread,3XgClWDkOUqQjN_wp0mJo4SzGiE,UgyeGZ-rKAbv9u1WxCF4AaABAg,"{'videoId': 'uuh1ydDwwrQ', 'topLevelComment': {'kind': 'youtube#comment', 'etag': 'lD8G-_XUej3pHEiCPfYTlP1E1mk', 'id': 'UgyeGZ-rKAbv9u1WxCF4AaABAg', 'snippet': {'videoId': 'uuh1ydDwwrQ', 'textDisplay': 'Passou mal kkkkkk...querem enganar quem?', 'textOriginal': 'Passou mal kkkkkk...querem enganar quem?', 'authorDisplayName': 'Odirlei', 'authorProfileImageUrl': 'https://yt3.ggpht.com/cEw-NNjLbSFby2xSXVDHgvqnWyefVBu36JXgWzlOH-lenuFK1oMQ5BOhPDtTotlDzns88Zohsg=s48-c-k-c0x00ffffff-no-rj', 'authorChannelUrl': 'http://www.youtube.com/channel/UCaXGdvEMdTuiPbr9Y6NnrWA', 'authorChannelId': {'value': 'UCaXGdvEMdTuiPbr9Y6NnrWA'}, 'canRate': True, 'viewerRating': 'none', 'likeCount': 0, 'publishedAt': '2022-10-28T12:18:34Z', 'updatedAt': '2022-10-28T12:18:34Z'}}, 'canReply': True, 'totalReplyCount': 0, 'isPublic': True}",,UCaXGdvEMdTuiPbr9Y6NnrWA,2022-10-28T12:18:34Z,Passou mal kkkkkk...querem enganar quem?,QURTSl9pMkxSVUJPNHJPYm9Ia2JjTGcwdGVrSGJWLUxBMjNPUTN6RWxCMHJxMXhoajNranNHMGltYmw3MnVsS3B2OC01MmRwYmlsb1psMA==,2023-06-08 15:04:26.138048
youtube#commentThread,ZkMT2VUEeXrq8smLVuEGIgYELVY,UgzINbUra_MHnpQXzyB4AaABAg,"{'videoId': 'uuh1ydDwwrQ', 'topLevelComment': {'kind': 'youtube#comment', 'etag': 'hnlBr5ApUw8jOdt4FJil4UpsfxI', 'id': 'UgzINbUra_MHnpQXzyB4AaABAg', 'snippet': {'videoId': 'uuh1ydDwwrQ', 'textDisplay': '&quot;Professor&quot; Sorrisinho:<br>Ele foi retirado quase à força por dois seguranças, mas ACREDITE EM MIM E NÃO NOS SEUS OLHOS: pode ter sido um mal súbito, ele já é velhinho.', 'textOriginal': '""Professor"" Sorrisinho:\\nEle foi retirado quase à força por dois seguranças, mas ACREDITE EM MIM E NÃO NOS SEUS OLHOS: pode ter sido um mal súbito, ele já é velhinho.', 'authorDisplayName': 'Moisés Braga Ribeiro', 'authorProfileImageUrl': 'https://yt3.ggpht.com/ytc/AGIKgqNaUydJO7c05tx2tDqlnf7Iyrd4oOaUmHd5f8EHug=s48-c-k-c0x00ffffff-no-rj', 'authorChannelUrl': 'http://www.youtube.com/channel/UCoyARIlqn5Vf-BBIilzr0ng', 'authorChannelId': {'value': 'UCoyARIlqn5Vf-BBIilzr0ng'}, 'canRate': True, 'viewerRating': 'none', 'likeCount': 0, 'publishedAt': '2022-10-28T11:35:10Z', 'updatedAt': '2022-10-28T11:35:10Z'}}, 'canReply': True, 'totalReplyCount': 0, 'isPublic': True}",,UCoyARIlqn5Vf-BBIilzr0ng,2022-10-28T11:35:10Z,"""Professor"" Sorrisinho:
Ele foi retirado quase à força por dois seguranças, mas ACREDITE EM MIM E NÃO NOS SEUS OLHOS: pode ter sido um mal súbito, ele já é velhinho.",QURTSl9pMkxSVUJPNHJPYm9Ia2JjTGcwdGVrSGJWLUxBMjNPUTN6RWxCMHJxMXhoajNranNHMGltYmw3MnVsS3B2OC01MmRwYmlsb1psMA==,2023-06-08 15:04:26.138048
youtube#commentThread,vRUmiNk6jZSs8fxu9lq4HGg9kAM,Ugy4GBYkmeXUAiyFnxF4AaABAg,"{'videoId': 'uuh1ydDwwrQ', 'topLevelComment': {'kind': 'youtube#comment', 'etag': 'bmmqkWKJ6FZsB7B6n_bWP4lLaC4', 'id': 'Ugy4GBYkmeXUAiyFnxF4AaABAg', 'snippet': {'videoId': 'uuh1ydDwwrQ', 'textDisplay': 'Comentarista fraco, percebe-se que o ex-presidente foi retirado a força.', 'textOriginal': 'Comentarista fraco, percebe-se que o ex-presidente foi retirado a força.', 'authorDisplayName': 'Denis Cardoso', 'authorProfileImageUrl': 'https://yt3.ggpht.com/ytc/AGIKgqPC0DO1eSd9VHq8O_uSVcyEGn68u8YlLXFHA9dPla0=s48-c-k-c0x00ffffff-no-rj', 'authorChannelUrl': 'http://www.youtube.com/channel/UC0bUJhwkjmIxhtLPV3J-wMg', 'authorChannelId': {'value': 'UC0bUJhwkjmIxhtLPV3J-wMg'}, 'canRate': True, 'viewerRating': 'none', 'likeCount': 0, 'publishedAt': '2022-10-28T11:14:06Z', 'updatedAt': '2022-10-28T11:14:06Z'}}, 'canReply': True, 'totalReplyCount': 0, 'isPublic': True}",,UC0bUJhwkjmIxhtLPV3J-wMg,2022-10-28T11:14:06Z,"Comentarista fraco, percebe-se que o ex-presidente foi retirado a força.",QURTSl9pMkxSVUJPNHJPYm9Ia2JjTGcwdGVrSGJWLUxBMjNPUTN6RWxCMHJxMXhoajNranNHMGltYmw3MnVsS3B2OC01MmRwYmlsb1psMA==,2023-06-08 15:04:26.138048
youtube#commentThread,OqV761IB7xoTHLUCbwEe1NUrAOA,Ugz4tT32EFHuT-_4Z-F4AaABAg,"{'videoId': 'uuh1ydDwwrQ', 'topLevelComment': {'kind': 'youtube#comment', 'etag': 'ALoJ3pifA2t8-Wvia6OuazlN554', 'id': 'Ugz4tT32EFHuT-_4Z-F4AaABAg', 'snippet': {'videoId': 'uuh1ydDwwrQ', 'textDisplay': 'Vamos com fé Brasil!<br>Bolsonaro 22', 'textOriginal': 'Vamos com fé Brasil!\\nBolsonaro 22', 'authorDisplayName': 'Rodrigo Anjos', 'authorProfileImageUrl': 'https://yt3.ggpht.com/ytc/AGIKgqNd5Qpck4_ulDvMIYDnp2BzXGHkR6aoh4809_fz=s48-c-k-c0x00ffffff-no-rj', 'authorChannelUrl': 'http://www.youtube.com/channel/UC1fjq6dey7csV-GLy5ijbmw', 'authorChannelId': {'value': 'UC1fjq6dey7csV-GLy5ijbmw'}, 'canRate': True, 'viewerRating': 'none', 'likeCount': 0, 'publishedAt': '2022-10-28T10:47:27Z', 'updatedAt': '2022-10-28T10:47:27Z'}}, 'canReply': True, 'totalReplyCount': 0, 'isPublic': True}",,UC1fjq6dey7csV-GLy5ijbmw,2022-10-28T10:47:27Z,"Vamos com fé Brasil!
Bolsonaro 22",QURTSl9pMkxSVUJPNHJPYm9Ia2JjTGcwdGVrSGJWLUxBMjNPUTN6RWxCMHJxMXhoajNranNHMGltYmw3MnVsS3B2OC01MmRwYmlsb1psMA==,2023-06-08 15:04:26.138048
youtube#commentThread,nBt0Y4jCqXw1KBjFJPwXYJdg6ZA,UgzQzml0FQfQ5m4ULQF4AaABAg,"{'videoId': 'uuh1ydDwwrQ', 'topLevelComment': {'kind': 'youtube#comment', 'etag': 'nz6CAggmAjVaDqTIZg8JKy8CdyI', 'id': 'UgzQzml0FQfQ5m4ULQF4AaABAg', 'snippet': {'videoId': 'uuh1ydDwwrQ', 'textDisplay': 'E muito óbvio porque ele foi retirado! Simples... o Xi Jinping pertence a Aliança! E outro é comunista! E esto que festa vivendo o planeta inteiro de trata de limpeza geral de toda está maldades... não é  especulação não! O grande problema é que ou as pessoas  se fazem de bobas...  ou não sabem realmente o que acontece??? Querem separar a parte espiritual de tudo isto e não  podem!! A Operação Storm está trabalhando no planeta pata limpar toda esta podredume. Imundície! Maldade, estão a horas do grande evento graças ao Creador!!! Assim é  e  Assim  será!!!', 'textOriginal': 'E muito óbvio porque ele foi retirado! Simples... o Xi Jinping pertence a Aliança! E outro é comunista! E esto que festa vivendo o planeta inteiro de trata de limpeza geral de toda está maldades... não é  especulação não! O grande problema é que ou as pessoas  se fazem de bobas...  ou não sabem realmente o que acontece??? Querem separar a parte espiritual de tudo isto e não  podem!! A Operação Storm está trabalhando no planeta pata limpar toda esta podredume. Imundície! Maldade, estão a horas do grande evento graças ao Creador!!! Assim é  e  Assim  será!!!', 'authorDisplayName': 'Marcelle Rodriguez', 'authorProfileImageUrl': 'https://yt3.ggpht.com/ytc/AGIKgqOeS3r65-w5svJaPpMGtTQ9DL5244PMV0XDaw=s48-c-k-c0x00ffffff-no-rj', 'authorChannelUrl': 'http://www.youtube.com/channel/UCxGu3T_OusS8erGX4khMIXw', 'authorChannelId': {'value': 'UCxGu3T_OusS8erGX4khMIXw'}, 'canRate': True, 'viewerRating': 'none', 'likeCount': 0, 'publishedAt': '2022-10-28T10:42:27Z', 'updatedAt': '2022-10-28T10:42:27Z'}}, 'canReply': True, 'totalReplyCount': 0, 'isPublic': True}",,UCxGu3T_OusS8erGX4khMIXw,2022-10-28T10:42:27Z,"E muito óbvio porque ele foi retirado! Simples... o Xi Jinping pertence a Aliança! E outro é comunista! E esto que festa vivendo o planeta inteiro de trata de limpeza geral de toda está maldades... não é  especulação não! O grande problema é que ou as pessoas  se fazem de bobas...  ou não sabem realmente o que acontece??? Querem separar a parte espiritual de tudo isto e não  podem!! A Operação Storm está trabalhando no planeta pata limpar toda esta podredume. Imundície! Maldade, estão a horas do grande evento graças ao Creador!!! Assim é  e  Assim  será!!!",QURTSl9pMkxSVUJPNHJPYm9Ia2JjTGcwdGVrSGJWLUxBMjNPUTN6RWxCMHJxMXhoajNranNHMGltYmw3MnVsS3B2OC01MmRwYmlsb1psMA==,2023-06-08 15:04:26.138048
youtube#commentThread,ncqatJ7K30sPRrUr0WlUNkn4Pvw,Ugy5HFScQwB2fvV3FmB4AaABAg,"{'videoId': 'uuh1ydDwwrQ', 'topLevelComment': {'kind': 'youtube#comment', 'etag': 'dU8IgGs4II9KifUfhIjvTl-l_D0', 'id': 'Ugy5HFScQwB2fvV3FmB4AaABAg', 'snippet': {'videoId': 'uuh1ydDwwrQ', 'textDisplay': 'O cara é professor de uma universidade na China, acha que ele vai falar mal do regime?', 'textOriginal': 'O cara é professor de uma universidade na China, acha que ele vai falar mal do regime?', 'authorDisplayName': 'Ronaldo Vaz', 'authorProfileImageUrl': 'https://yt3.ggpht.com/ytc/AGIKgqMn3IXnlV3webW5b_Wv1jadRWWYQ9RxXH0X-w=s48-c-k-c0x00ffffff-no-rj', 'authorChannelUrl': 'http://www.youtube.com/channel/UCP24faYzw3ck7xbaKVhuGdg', 'authorChannelId': {'value': 'UCP24faYzw3ck7xbaKVhuGdg'}, 'canRate': True, 'viewerRating': 'none', 'likeCount': 0, 'publishedAt': '2022-10-28T09:03:29Z', 'updatedAt': '2022-10-28T09:03:29Z'}}, 'canReply': True, 'totalReplyCount': 0, 'isPublic': True}",,UCP24faYzw3ck7xbaKVhuGdg,2022-10-28T09:03:29Z,"O cara é professor de uma universidade na China, acha que ele vai falar mal do regime?",QURTSl9pMkxSVUJPNHJPYm9Ia2JjTGcwdGVrSGJWLUxBMjNPUTN6RWxCMHJxMXhoajNranNHMGltYmw3MnVsS3B2OC01MmRwYmlsb1psMA==,2023-06-08 15:04:26.138048
youtube#commentThread,4JnyFkli73uXQZ9C4rSvc-rFo1I,UgxaVT0IpT7T4RUNXUR4AaABAg,"{'videoId': 'uuh1ydDwwrQ', 'topLevelComment': {'kind': 'youtube#comment', 'etag': 'kfZ6z0DVIflWY1LeAoCtUE_v9fw', 'id': 'UgxaVT0IpT7T4RUNXUR4AaABAg', 'snippet': {'videoId': 'uuh1ydDwwrQ', 'textDisplay': 'Quando a emissora tem verdade e jornalismo de credibilidade como a Jovem Pan, a Sensura acontece. FORA PT DOS INFERNO', 'textOriginal': 'Quando a emissora tem verdade e jornalismo de credibilidade como a Jovem Pan, a Sensura acontece. FORA PT DOS INFERNO', 'authorDisplayName': 'Flávio', 'authorProfileImageUrl': 'https://yt3.ggpht.com/ytc/AGIKgqNEnehbz8UYZ_-AfD9qfJPSHjnpwUU0As5ir0vd5eLbrPQwBcCJN8kEeJMsR-wx=s48-c-k-c0x00ffffff-no-rj', 'authorChannelUrl': 'http://www.youtube.com/channel/UCQSJBp0L2MQso5mpySR89dw', 'authorChannelId': {'value': 'UCQSJBp0L2MQso5mpySR89dw'}, 'canRate': True, 'viewerRating': 'none', 'likeCount': 1, 'publishedAt': '2022-10-28T00:16:13Z', 'updatedAt': '2022-10-28T00:16:13Z'}}, 'canReply': True, 'totalReplyCount': 0, 'isPublic': True}",,UCQSJBp0L2MQso5mpySR89dw,2022-10-28T00:16:13Z,"Quando a emissora tem verdade e jornalismo de credibilidade como a Jovem Pan, a Sensura acontece. FORA PT DOS INFERNO",QURTSl9pMkxSVUJPNHJPYm9Ia2JjTGcwdGVrSGJWLUxBMjNPUTN6RWxCMHJxMXhoajNranNHMGltYmw3MnVsS3B2OC01MmRwYmlsb1psMA==,2023-06-08 15:04:26.138048
youtube#commentThread,w4GNEv1Ga2jofIKyaOruwfg0ea4,Ugzb0v-LQrzcPutyK_V4AaABAg,"{'videoId': 'uuh1ydDwwrQ', 'topLevelComment': {'kind': 'youtube#comment', 'etag': 'ObYNqmddGe1W5AbcN5MNbZqG-HQ', 'id': 'Ugzb0v-LQrzcPutyK_V4AaABAg', 'snippet': {'videoId': 'uuh1ydDwwrQ', 'textDisplay': '22', 'textOriginal': '22', 'authorDisplayName': 'gilmar Felipe santana Felipe Santana Gil', 'authorProfileImageUrl': 'https://yt3.ggpht.com/ytc/AGIKgqMUju5czQO-fe-CtbRwLjKGwyAjmue5lDkrefMOTeK5mK5CRSDOB_xJyjYSTTKW=s48-c-k-c0x00ffffff-no-rj', 'authorChannelUrl': 'http://www.youtube.com/channel/UCULSW0UyayFcrqQG4lHUlEw', 'authorChannelId': {'value': 'UCULSW0UyayFcrqQG4lHUlEw'}, 'canRate': True, 'viewerRating': 'none', 'likeCount': 1, 'publishedAt': '2022-10-28T00:07:38Z', 'updatedAt': '2022-10-28T00:07:38Z'}}, 'canReply': True, 'totalReplyCount': 0, 'isPublic': True}",,UCULSW0UyayFcrqQG4lHUlEw,2022-10-28T00:07:38Z,22,QURTSl9pMkxSVUJPNHJPYm9Ia2JjTGcwdGVrSGJWLUxBMjNPUTN6RWxCMHJxMXhoajNranNHMGltYmw3MnVsS3B2OC01MmRwYmlsb1psMA==,2023-06-08 15:04:26.138048
youtube#commentThread,taZTUylNJnOa-H42vKzY8WL5kMg,Ugw8BaYiyiSb5vjME194AaABAg,"{'videoId': 'uuh1ydDwwrQ', 'topLevelComment': {'kind': 'youtube#comment', 'etag': '6k-YuFaNuB9Y6ktzv_Opbj-oJm4', 'id': 'Ugw8BaYiyiSb5vjME194AaABAg', 'snippet': {'videoId': 'uuh1ydDwwrQ', 'textDisplay': 'Daqui a pouco e o Brasil censura ja já está acontecendo', 'textOriginal': 'Daqui a pouco e o Brasil censura ja já está acontecendo', 'authorDisplayName': 'Aguinaldo Santos', 'authorProfileImageUrl': 'https://yt3.ggpht.com/ytc/AGIKgqM7zok5aJj5aT0F1nfkosJ_IF32AWjZMDIWew=s48-c-k-c0x00ffffff-no-rj', 'authorChannelUrl': 'http://www.youtube.com/channel/UCGttSj0IMQAH_AiKalxAbQQ', 'authorChannelId': {'value': 'UCGttSj0IMQAH_AiKalxAbQQ'}, 'canRate': True, 'viewerRating': 'none', 'likeCount': 1, 'publishedAt': '2022-10-28T00:05:52Z', 'updatedAt': '2022-10-28T00:05:52Z'}}, 'canReply': True, 'totalReplyCount': 0, 'isPublic': True}",,UCGttSj0IMQAH_AiKalxAbQQ,2022-10-28T00:05:52Z,Daqui a pouco e o Brasil censura ja já está acontecendo,QURTSl9pMkxSVUJPNHJPYm9Ia2JjTGcwdGVrSGJWLUxBMjNPUTN6RWxCMHJxMXhoajNranNHMGltYmw3MnVsS3B2OC01MmRwYmlsb1psMA==,2023-06-08 15:04:26.138048
youtube#commentThread,jjEcBhssTIfr2YAK3jcOytTeyLY,UgyDQrzH9v_paMqpMxd4AaABAg,"{'videoId': 'uuh1ydDwwrQ', 'topLevelComment': {'kind': 'youtube#comment', 'etag': 'L5zT5PPwzIvIFQhulGek_pErb-Q', 'id': 'UgyDQrzH9v_paMqpMxd4AaABAg', 'snippet': {'videoId': 'uuh1ydDwwrQ', 'textDisplay': 'Segundo informações há dias atrás ele ameaçou o governo de delatar 📣📢 vários podres🤮💩 do sistema chinês e disse, vcs são instruídos por lucifer 👹😈irei delatar para o mundo 🌏 todo saber', 'textOriginal': 'Segundo informações há dias atrás ele ameaçou o governo de delatar 📣📢 vários podres🤮💩 do sistema chinês e disse, vcs são instruídos por lucifer 👹😈irei delatar para o mundo 🌏 todo saber', 'authorDisplayName': 'M C.S', 'authorProfileImageUrl': 'https://yt3.ggpht.com/ytc/AGIKgqOrlM-nPOgTf3wbkiWS9kfzU4IQAQEsu3WSF1vPRw=s48-c-k-c0x00ffffff-no-rj', 'authorChannelUrl': 'http://www.youtube.com/channel/UCbaOIK7IqY28bEw-YKAdztw', 'authorChannelId': {'value': 'UCbaOIK7IqY28bEw-YKAdztw'}, 'canRate': True, 'viewerRating': 'none', 'likeCount': 0, 'publishedAt': '2022-10-27T23:36:37Z', 'updatedAt': '2022-10-27T23:36:37Z'}}, 'canReply': True, 'totalReplyCount': 0, 'isPublic': True}",,UCbaOIK7IqY28bEw-YKAdztw,2022-10-27T23:36:37Z,"Segundo informações há dias atrás ele ameaçou o governo de delatar 📣📢 vários podres🤮💩 do sistema chinês e disse, vcs são instruídos por lucifer 👹😈irei delatar para o mundo 🌏 todo saber",QURTSl9pMkxSVUJPNHJPYm9Ia2JjTGcwdGVrSGJWLUxBMjNPUTN6RWxCMHJxMXhoajNranNHMGltYmw3MnVsS3B2OC01MmRwYmlsb1psMA==,2023-06-08 15:04:26.138048
youtube#commentThread,qER5GexVsUvTX9Vgl_ukTsHwbyM,UgwoYLZMYXKaCRhb7Ax4AaABAg,"{'videoId': 'uuh1ydDwwrQ', 'topLevelComment': {'kind': 'youtube#comment', 'etag': 'QIIZ27oITXC6Vf_jaGZn64_Uqaw', 'id': 'UgwoYLZMYXKaCRhb7Ax4AaABAg', 'snippet': {'videoId': 'uuh1ydDwwrQ', 'textDisplay': 'Jair 22 é o melhor para o Brasil!!!', 'textOriginal': 'Jair 22 é o melhor para o Brasil!!!', 'authorDisplayName': 'Francisco Paiva', 'authorProfileImageUrl': 'https://yt3.ggpht.com/ytc/AGIKgqOaNma3B1WFYQf4_BzdB7wVz3GSxDGGNcPTDcXX8Xg=s48-c-k-c0x00ffffff-no-rj', 'authorChannelUrl': 'http://www.youtube.com/channel/UCNFm82ASYuKlgSy60hFPGcA', 'authorChannelId': {'value': 'UCNFm82ASYuKlgSy60hFPGcA'}, 'canRate': True, 'viewerRating': 'none', 'likeCount': 1, 'publishedAt': '2022-10-27T23:13:54Z', 'updatedAt': '2022-10-27T23:13:54Z'}}, 'canReply': True, 'totalReplyCount': 0, 'isPublic': True}",,UCNFm82ASYuKlgSy60hFPGcA,2022-10-27T23:13:54Z,Jair 22 é o melhor para o Brasil!!!,QURTSl9pMkxSVUJPNHJPYm9Ia2JjTGcwdGVrSGJWLUxBMjNPUTN6RWxCMHJxMXhoajNranNHMGltYmw3MnVsS3B2OC01MmRwYmlsb1psMA==,2023-06-08 15:04:26.138048
youtube#commentThread,jyMwQg59xhzdvlBYAkkL0z7fcO4,Ugxp4TX7Gr61zELEICd4AaABAg,"{'videoId': 'uuh1ydDwwrQ', 'topLevelComment': {'kind': 'youtube#comment', 'etag': 'mi0F62zG_tC-TwQvDjd220t325E', 'id': 'Ugxp4TX7Gr61zELEICd4AaABAg', 'snippet': {'videoId': 'uuh1ydDwwrQ', 'textDisplay': 'Taiwan é uma ilha para onde Chang-kai-shek  na luta contra o Comunista Mao tsé-tung se refugiou e que agora vive em Democracia e livre de uma ditadura opressora.<br>É do seu maior direito e assim o quer o seu povo, como tal acho que a USA deve proteger esse pequeno país que era o que se devia ter feito em Macau e Hong kong, que hoje estão subjugadas ao totalitarismo comunista.', 'textOriginal': 'Taiwan é uma ilha para onde Chang-kai-shek  na luta contra o Comunista Mao tsé-tung se refugiou e que agora vive em Democracia e livre de uma ditadura opressora.\\nÉ do seu maior direito e assim o quer o seu povo, como tal acho que a USA deve proteger esse pequeno país que era o que se devia ter feito em Macau e Hong kong, que hoje estão subjugadas ao totalitarismo comunista.', 'authorDisplayName': 'José Victor', 'authorProfileImageUrl': 'https://yt3.ggpht.com/ytc/AGIKgqO6-zsbrbC_-x3ySvNBo1Ug9gWrqKY_aFdC5ys30g=s48-c-k-c0x00ffffff-no-rj', 'authorChannelUrl': 'http://www.youtube.com/channel/UCsrUQ-wKSaVcQD9J2UkraaA', 'authorChannelId': {'value': 'UCsrUQ-wKSaVcQD9J2UkraaA'}, 'canRate': True, 'viewerRating': 'none', 'likeCount': 0, 'publishedAt': '2022-10-27T22:33:05Z', 'updatedAt': '2022-10-27T22:33:05Z'}}, 'canReply': True, 'totalReplyCount': 0, 'isPublic': True}",,UCsrUQ-wKSaVcQD9J2UkraaA,2022-10-27T22:33:05Z,"Taiwan é uma ilha para onde Chang-kai-shek  na luta contra o Comunista Mao tsé-tung se refugiou e que agora vive em Democracia e livre de uma ditadura opressora.
É do seu maior direito e assim o quer o seu povo, como tal acho que a USA deve proteger esse pequeno país que era o que se devia ter feito em Macau e Hong kong, que hoje estão subjugadas ao totalitarismo comunista.",QURTSl9pMkxSVUJPNHJPYm9Ia2JjTGcwdGVrSGJWLUxBMjNPUTN6RWxCMHJxMXhoajNranNHMGltYmw3MnVsS3B2OC01MmRwYmlsb1psMA==,2023-06-08 15:04:26.138048
youtube#commentThread,ZNcyZsZl85i-9qMdXFs5RTSap8E,Ugz1G3lWLoEzaF6Vtal4AaABAg,"{'videoId': 'uuh1ydDwwrQ', 'topLevelComment': {'kind': 'youtube#comment', 'etag': 'KtTvvr7fWDzMy4zPvg71exIOkRM', 'id': 'Ugz1G3lWLoEzaF6Vtal4AaABAg', 'snippet': {'videoId': 'uuh1ydDwwrQ', 'textDisplay': 'A informação que possa vir da China no que diz respeito a credibilidade  é igual a zero.<br>Na China a situação não tem andado muito bem, nem mesmo a respeito de finanças.', 'textOriginal': 'A informação que possa vir da China no que diz respeito a credibilidade  é igual a zero.\\nNa China a situação não tem andado muito bem, nem mesmo a respeito de finanças.', 'authorDisplayName': 'José Victor', 'authorProfileImageUrl': 'https://yt3.ggpht.com/ytc/AGIKgqO6-zsbrbC_-x3ySvNBo1Ug9gWrqKY_aFdC5ys30g=s48-c-k-c0x00ffffff-no-rj', 'authorChannelUrl': 'http://www.youtube.com/channel/UCsrUQ-wKSaVcQD9J2UkraaA', 'authorChannelId': {'value': 'UCsrUQ-wKSaVcQD9J2UkraaA'}, 'canRate': True, 'viewerRating': 'none', 'likeCount': 0, 'publishedAt': '2022-10-27T22:18:20Z', 'updatedAt': '2022-10-27T22:18:20Z'}}, 'canReply': True, 'totalReplyCount': 0, 'isPublic': True}",,UCsrUQ-wKSaVcQD9J2UkraaA,2022-10-27T22:18:20Z,"A informação que possa vir da China no que diz respeito a credibilidade  é igual a zero.
Na China a situação não tem andado muito bem, nem mesmo a respeito de finanças.",QURTSl9pMkxSVUJPNHJPYm9Ia2JjTGcwdGVrSGJWLUxBMjNPUTN6RWxCMHJxMXhoajNranNHMGltYmw3MnVsS3B2OC01MmRwYmlsb1psMA==,2023-06-08 15:04:26.138048
youtube#commentThread,ug1R4FDvWAifRhBPKxZ2oHKqvkw,UgxBv4wPwTWie-b_P9F4AaABAg,"{'videoId': 'uuh1ydDwwrQ', 'topLevelComment': {'kind': 'youtube#comment', 'etag': '0tfwhYV8AJChgSU46Cr3hJNRAg4', 'id': 'UgxBv4wPwTWie-b_P9F4AaABAg', 'snippet': {'videoId': 'uuh1ydDwwrQ', 'textDisplay': 'TD no comunismo é ilusão.', 'textOriginal': 'TD no comunismo é ilusão.', 'authorDisplayName': 'Alerandro Sousa', 'authorProfileImageUrl': 'https://yt3.ggpht.com/ytc/AGIKgqNDvfxJN11TYIEM-wZU3SgMhMJu7TKuca7evHnz=s48-c-k-c0x00ffffff-no-rj', 'authorChannelUrl': 'http://www.youtube.com/channel/UC6EOVsepTZWmFZ_nRE19Q2w', 'authorChannelId': {'value': 'UC6EOVsepTZWmFZ_nRE19Q2w'}, 'canRate': True, 'viewerRating': 'none', 'likeCount': 1, 'publishedAt': '2022-10-27T22:03:23Z', 'updatedAt': '2022-10-27T22:03:23Z'}}, 'canReply': True, 'totalReplyCount': 0, 'isPublic': True}",,UC6EOVsepTZWmFZ_nRE19Q2w,2022-10-27T22:03:23Z,TD no comunismo é ilusão.,QURTSl9pMkxSVUJPNHJPYm9Ia2JjTGcwdGVrSGJWLUxBMjNPUTN6RWxCMHJxMXhoajNranNHMGltYmw3MnVsS3B2OC01MmRwYmlsb1psMA==,2023-06-08 15:04:26.138048
youtube#commentThread,5Xw8DrfqDhOhay-sn46iOhs9-uw,UgzSTYi9bRAjFdkKNuB4AaABAg,"{'videoId': 'uuh1ydDwwrQ', 'topLevelComment': {'kind': 'youtube#comment', 'etag': 'EvxGTNbDGrR1qWzOCWLJht-j2no', 'id': 'UgzSTYi9bRAjFdkKNuB4AaABAg', 'snippet': {'videoId': 'uuh1ydDwwrQ', 'textDisplay': 'Esse comentador ou é cego ou comunista', 'textOriginal': 'Esse comentador ou é cego ou comunista', 'authorDisplayName': 'Jorge Soares', 'authorProfileImageUrl': 'https://yt3.ggpht.com/ytc/AGIKgqOarDlow0qrOnV4j5PgGgMu6I6FdJ2pV7IdQQ=s48-c-k-c0x00ffffff-no-rj', 'authorChannelUrl': 'http://www.youtube.com/channel/UCgN3Gi_hZm0fbm18yFY4fKw', 'authorChannelId': {'value': 'UCgN3Gi_hZm0fbm18yFY4fKw'}, 'canRate': True, 'viewerRating': 'none', 'likeCount': 0, 'publishedAt': '2022-10-27T21:55:09Z', 'updatedAt': '2022-10-27T21:55:09Z'}}, 'canReply': True, 'totalReplyCount': 0, 'isPublic': True}",,UCgN3Gi_hZm0fbm18yFY4fKw,2022-10-27T21:55:09Z,Esse comentador ou é cego ou comunista,QURTSl9pMkxSVUJPNHJPYm9Ia2JjTGcwdGVrSGJWLUxBMjNPUTN6RWxCMHJxMXhoajNranNHMGltYmw3MnVsS3B2OC01MmRwYmlsb1psMA==,2023-06-08 15:04:26.138048
youtube#commentThread,y0PzLl4rgUYBm-kmA2B74ysHAtg,UgycKeIx9EvmZXHBZwx4AaABAg,"{'videoId': 'uuh1ydDwwrQ', 'topLevelComment': {'kind': 'youtube#comment', 'etag': '8ehvSb9UV1Fz2wtoDvYrNmrBWLs', 'id': 'UgycKeIx9EvmZXHBZwx4AaABAg', 'snippet': {'videoId': 'uuh1ydDwwrQ', 'textDisplay': 'Esse prof.  É fake . Acho que ele tem medo do governo chinês.', 'textOriginal': 'Esse prof.  É fake . Acho que ele tem medo do governo chinês.', 'authorDisplayName': 'marcos gouveia', 'authorProfileImageUrl': 'https://yt3.ggpht.com/ytc/AGIKgqPNZ-NvJSI3_FEKYbEj0jcsssFbEGeZ5c4-7A=s48-c-k-c0x00ffffff-no-rj', 'authorChannelUrl': 'http://www.youtube.com/channel/UCbHJtoB0xy-Twkm8Wst8sIw', 'authorChannelId': {'value': 'UCbHJtoB0xy-Twkm8Wst8sIw'}, 'canRate': True, 'viewerRating': 'none', 'likeCount': 0, 'publishedAt': '2022-10-27T21:53:05Z', 'updatedAt': '2022-10-27T21:53:05Z'}}, 'canReply': True, 'totalReplyCount': 0, 'isPublic': True}",,UCbHJtoB0xy-Twkm8Wst8sIw,2022-10-27T21:53:05Z,Esse prof.  É fake . Acho que ele tem medo do governo chinês.,QURTSl9pMkxSVUJPNHJPYm9Ia2JjTGcwdGVrSGJWLUxBMjNPUTN6RWxCMHJxMXhoajNranNHMGltYmw3MnVsS3B2OC01MmRwYmlsb1psMA==,2023-06-08 15:04:26.138048
youtube#commentThread,yQEHwjsCcHRYy799oURk9GAyXhk,UgzoUFh1ztMJ2eCRT7t4AaABAg,"{'videoId': 'uuh1ydDwwrQ', 'topLevelComment': {'kind': 'youtube#comment', 'etag': 'XjNzMj8qLAl4qfAY782PGY2cFtw', 'id': 'UgzoUFh1ztMJ2eCRT7t4AaABAg', 'snippet': {'videoId': 'uuh1ydDwwrQ', 'textDisplay': 'No melhor estilo de gestão Alexandre de Moraes', 'textOriginal': 'No melhor estilo de gestão Alexandre de Moraes', 'authorDisplayName': 'Kleber Almeida Pissardo Silva', 'authorProfileImageUrl': 'https://yt3.ggpht.com/ytc/AGIKgqOYJAJUb-fM_mztFmT6RXZkNdIhCvUlxZ-VOzeocj_TdkqwWAB36gpwZzNOn3r3=s48-c-k-c0x00ffffff-no-rj', 'authorChannelUrl': 'http://www.youtube.com/channel/UCYN4-o0-oxgJJoxoF03XXwA', 'authorChannelId': {'value': 'UCYN4-o0-oxgJJoxoF03XXwA'}, 'canRate': True, 'viewerRating': 'none', 'likeCount': 1, 'publishedAt': '2022-10-27T21:49:00Z', 'updatedAt': '2022-10-27T21:49:00Z'}}, 'canReply': True, 'totalReplyCount': 0, 'isPublic': True}",,UCYN4-o0-oxgJJoxoF03XXwA,2022-10-27T21:49:00Z,No melhor estilo de gestão Alexandre de Moraes,QURTSl9pMkxSVUJPNHJPYm9Ia2JjTGcwdGVrSGJWLUxBMjNPUTN6RWxCMHJxMXhoajNranNHMGltYmw3MnVsS3B2OC01MmRwYmlsb1psMA==,2023-06-08 15:04:26.138048
youtube#commentThread,fWNNRERJcSIKt3cA6eXxq4n30SI,UgyL5XGlQAcha_HDLAl4AaABAg,"{'videoId': 'uuh1ydDwwrQ', 'topLevelComment': {'kind': 'youtube#comment', 'etag': 'QCoJRok4jo95wyxICZYhYHcOciM', 'id': 'UgyL5XGlQAcha_HDLAl4AaABAg', 'snippet': {'videoId': 'uuh1ydDwwrQ', 'textDisplay': 'Esse aí vai sumir num instante.', 'textOriginal': 'Esse aí vai sumir num instante.', 'authorDisplayName': 'Lajs', 'authorProfileImageUrl': 'https://yt3.ggpht.com/wel-4QiEDA5Qwh-nCckJi3LYm2AlrWdcwNOnt_K0QfAhoPD93zb1sckxNbqtFesJnBrE3iDAVw=s48-c-k-c0x00ffffff-no-rj', 'authorChannelUrl': 'http://www.youtube.com/channel/UCbVTgkpnN-K_A6kW4IaneIw', 'authorChannelId': {'value': 'UCbVTgkpnN-K_A6kW4IaneIw'}, 'canRate': True, 'viewerRating': 'none', 'likeCount': 0, 'publishedAt': '2022-10-27T21:37:15Z', 'updatedAt': '2022-10-27T21:37:15Z'}}, 'canReply': True, 'totalReplyCount': 0, 'isPublic': True}",,UCbVTgkpnN-K_A6kW4IaneIw,2022-10-27T21:37:15Z,Esse aí vai sumir num instante.,QURTSl9pMkxSVUJPNHJPYm9Ia2JjTGcwdGVrSGJWLUxBMjNPUTN6RWxCMHJxMXhoajNranNHMGltYmw3MnVsS3B2OC01MmRwYmlsb1psMA==,2023-06-08 15:04:26.138048
youtube#commentThread,a24tEsY-5THknLgu7yw6EA8qQMM,UgxIav6Jcuu5gi0NEy54AaABAg,"{'videoId': 'uuh1ydDwwrQ', 'topLevelComment': {'kind': 'youtube#comment', 'etag': 'o453z3SH7u0eGLr-vFfagMzDgtE', 'id': 'UgxIav6Jcuu5gi0NEy54AaABAg', 'snippet': {'videoId': 'uuh1ydDwwrQ', 'textDisplay': 'Aqui é o inverso, retiram um ex presidente ladrão da cadeia para colocarem no poder', 'textOriginal': 'Aqui é o inverso, retiram um ex presidente ladrão da cadeia para colocarem no poder', 'authorDisplayName': 'Antonio Bernardo Bernardo', 'authorProfileImageUrl': 'https://yt3.ggpht.com/ytc/AGIKgqMekQ_wHdiBfFTw4XOi6mfu3EbCPQh1gkIS=s48-c-k-c0x00ffffff-no-rj', 'authorChannelUrl': 'http://www.youtube.com/channel/UCoQxCpX-Rbyu8kewf24TqjQ', 'authorChannelId': {'value': 'UCoQxCpX-Rbyu8kewf24TqjQ'}, 'canRate': True, 'viewerRating': 'none', 'likeCount': 0, 'publishedAt': '2022-10-27T21:29:07Z', 'updatedAt': '2022-10-27T21:29:07Z'}}, 'canReply': True, 'totalReplyCount': 0, 'isPublic': True}",,UCoQxCpX-Rbyu8kewf24TqjQ,2022-10-27T21:29:07Z,"Aqui é o inverso, retiram um ex presidente ladrão da cadeia para colocarem no poder",QURTSl9pMkxSVUJPNHJPYm9Ia2JjTGcwdGVrSGJWLUxBMjNPUTN6RWxCMHJxMXhoajNranNHMGltYmw3MnVsS3B2OC01MmRwYmlsb1psMA==,2023-06-08 15:04:26.138048
youtube#commentThread,DMvaV_uuOgTw9zIQAZPJqiMyakQ,UgwEaGEpDlRPRnYdDBt4AaABAg,"{'videoId': 'uuh1ydDwwrQ', 'topLevelComment': {'kind': 'youtube#comment', 'etag': 'ZVc1jJwvXJg2d8EasViGYyA_Ulg', 'id': 'UgwEaGEpDlRPRnYdDBt4AaABAg', 'snippet': {'videoId': 'uuh1ydDwwrQ', 'textDisplay': 'Isso ou pior vai ser o Brasil se Lula for eleito. Segurança pessoal, direitos em geral', 'textOriginal': 'Isso ou pior vai ser o Brasil se Lula for eleito. Segurança pessoal, direitos em geral', 'authorDisplayName': 'JOÃO CARLOS Bauer', 'authorProfileImageUrl': 'https://yt3.ggpht.com/ytc/AGIKgqNdI18sBOhXMw2z8I0f0tUIr8c0hT6baggyjg=s48-c-k-c0x00ffffff-no-rj', 'authorChannelUrl': 'http://www.youtube.com/channel/UCrb1JX4G5CIZzeGBjGj-5Sw', 'authorChannelId': {'value': 'UCrb1JX4G5CIZzeGBjGj-5Sw'}, 'canRate': True, 'viewerRating': 'none', 'likeCount': 0, 'publishedAt': '2022-10-27T20:56:06Z', 'updatedAt': '2022-10-27T20:56:06Z'}}, 'canReply': True, 'totalReplyCount': 0, 'isPublic': True}",,UCrb1JX4G5CIZzeGBjGj-5Sw,2022-10-27T20:56:06Z,"Isso ou pior vai ser o Brasil se Lula for eleito. Segurança pessoal, direitos em geral",QURTSl9pMkxSVUJPNHJPYm9Ia2JjTGcwdGVrSGJWLUxBMjNPUTN6RWxCMHJxMXhoajNranNHMGltYmw3MnVsS3B2OC01MmRwYmlsb1psMA==,2023-06-08 15:04:26.138048
youtube#commentThread,YWhmNIAMzs60F0UyPc7ZDtYfSL4,UgzTYopf2Fbl-qVw24d4AaABAg,"{'videoId': 'uuh1ydDwwrQ', 'topLevelComment': {'kind': 'youtube#comment', 'etag': 'g7BC4sMqBEPl8Qj59fPr2EHv3Ec', 'id': 'UgzTYopf2Fbl-qVw24d4AaABAg', 'snippet': {'videoId': 'uuh1ydDwwrQ', 'textDisplay': 'Ele deve ter soltado um peido💩', 'textOriginal': 'Ele deve ter soltado um peido💩', 'authorDisplayName': 'Mark DC', 'authorProfileImageUrl': 'https://yt3.ggpht.com/oP-kTGg17Wo-rJGsgLBq0dA-a7dUY6rbFKfBxOTKvwEUHcEv2EO44hcQp5vHKQM_EyASdaRB=s48-c-k-c0x00ffffff-no-rj', 'authorChannelUrl': 'http://www.youtube.com/channel/UCq3t57wr1qK76eb71lz6kqQ', 'authorChannelId': {'value': 'UCq3t57wr1qK76eb71lz6kqQ'}, 'canRate': True, 'viewerRating': 'none', 'likeCount': 0, 'publishedAt': '2022-10-27T20:10:10Z', 'updatedAt': '2022-10-27T20:10:10Z'}}, 'canReply': True, 'totalReplyCount': 0, 'isPublic': True}",,UCq3t57wr1qK76eb71lz6kqQ,2022-10-27T20:10:10Z,Ele deve ter soltado um peido💩,QURTSl9pMkxSVUJPNHJPYm9Ia2JjTGcwdGVrSGJWLUxBMjNPUTN6RWxCMHJxMXhoajNranNHMGltYmw3MnVsS3B2OC01MmRwYmlsb1psMA==,2023-06-08 15:04:26.138048
youtube#commentThread,xBnWVAykHjgivnM_URisduGjB3I,Ugze1cyjBRmazlAPr8p4AaABAg,"{'videoId': 'uuh1ydDwwrQ', 'topLevelComment': {'kind': 'youtube#comment', 'etag': 'RkJS2qtV7N7LM-YtiyToXoekTw0', 'id': 'Ugze1cyjBRmazlAPr8p4AaABAg', 'snippet': {'videoId': 'uuh1ydDwwrQ', 'textDisplay': 'Ele tá vivo ainda??? Sei não ???!!! Acho que ele partido dessa pra melhor!! Concorrente?! Não pode!!!!', 'textOriginal': 'Ele tá vivo ainda??? Sei não ???!!! Acho que ele partido dessa pra melhor!! Concorrente?! Não pode!!!!', 'authorDisplayName': 'sania ferreira da silva', 'authorProfileImageUrl': 'https://yt3.ggpht.com/ytc/AGIKgqO9qGnvavJIeFOYTxtjC8MRi9yZhBROnvRt1NQHjQ=s48-c-k-c0x00ffffff-no-rj', 'authorChannelUrl': 'http://www.youtube.com/channel/UCjxxaodSe7kWztXkKi_MyHA', 'authorChannelId': {'value': 'UCjxxaodSe7kWztXkKi_MyHA'}, 'canRate': True, 'viewerRating': 'none', 'likeCount': 0, 'publishedAt': '2022-10-27T19:07:06Z', 'updatedAt': '2022-10-27T19:07:06Z'}}, 'canReply': True, 'totalReplyCount': 0, 'isPublic': True}",,UCjxxaodSe7kWztXkKi_MyHA,2022-10-27T19:07:06Z,Ele tá vivo ainda??? Sei não ???!!! Acho que ele partido dessa pra melhor!! Concorrente?! Não pode!!!!,QURTSl9pMkxSVUJPNHJPYm9Ia2JjTGcwdGVrSGJWLUxBMjNPUTN6RWxCMHJxMXhoajNranNHMGltYmw3MnVsS3B2OC01MmRwYmlsb1psMA==,2023-06-08 15:04:26.138048
youtube#commentThread,Vd-_yRS6DECLj5n6IhSzW5-3ca0,Ugz8NCz7fNOdivyev014AaABAg,"{'videoId': 'uuh1ydDwwrQ', 'topLevelComment': {'kind': 'youtube#comment', 'etag': 'ouUXCmRUDy4ct_ykgymHX1jZepw', 'id': 'Ugz8NCz7fNOdivyev014AaABAg', 'snippet': {'videoId': 'uuh1ydDwwrQ', 'textDisplay': 'Comunista sendo comunista.', 'textOriginal': 'Comunista sendo comunista.', 'authorDisplayName': 'Roy Orbison', 'authorProfileImageUrl': 'https://yt3.ggpht.com/A16KDwaW2bmd3UYxfGvJiXOleKZtlcjuJgkuNDI5qPddIEtRucxv97uz_8FG8jo1viln_UIi=s48-c-k-c0x00ffffff-no-rj', 'authorChannelUrl': 'http://www.youtube.com/channel/UC-g6JQR5QeiWzZMqizdkv-A', 'authorChannelId': {'value': 'UC-g6JQR5QeiWzZMqizdkv-A'}, 'canRate': True, 'viewerRating': 'none', 'likeCount': 1, 'publishedAt': '2022-10-27T19:04:10Z', 'updatedAt': '2022-10-27T19:04:10Z'}}, 'canReply': True, 'totalReplyCount': 0, 'isPublic': True}",,UC-g6JQR5QeiWzZMqizdkv-A,2022-10-27T19:04:10Z,Comunista sendo comunista.,QURTSl9pMkxSVUJPNHJPYm9Ia2JjTGcwdGVrSGJWLUxBMjNPUTN6RWxCMHJxMXhoajNranNHMGltYmw3MnVsS3B2OC01MmRwYmlsb1psMA==,2023-06-08 15:04:26.138048
youtube#commentThread,7Nv-N30H-GfJsA1FHrLA7HRv1kU,UgyjBVSsSZpr075ZLQ54AaABAg,"{'videoId': 'uuh1ydDwwrQ', 'topLevelComment': {'kind': 'youtube#comment', 'etag': 'P8BBE7Ym-awMstKbaY8qQNPnht4', 'id': 'UgyjBVSsSZpr075ZLQ54AaABAg', 'snippet': {'videoId': 'uuh1ydDwwrQ', 'textDisplay': 'Me desculpe , esse professor está  muito bem doutrinado pelo regime chinês , quem sabe dar aula nas nossas faculdades  ?!', 'textOriginal': 'Me desculpe , esse professor está  muito bem doutrinado pelo regime chinês , quem sabe dar aula nas nossas faculdades  ?!', 'authorDisplayName': 'nivaldo belan', 'authorProfileImageUrl': 'https://yt3.ggpht.com/ytc/AGIKgqN0lI8l7Y_Ay0PPFQFzZ4mmZgE7WIKfxLnuv4XJf0n7urtfQmBEQlR1O0VizUTb=s48-c-k-c0x00ffffff-no-rj', 'authorChannelUrl': 'http://www.youtube.com/channel/UCoX7mEkco8MamlabA9VhdLQ', 'authorChannelId': {'value': 'UCoX7mEkco8MamlabA9VhdLQ'}, 'canRate': True, 'viewerRating': 'none', 'likeCount': 1, 'publishedAt': '2022-10-27T18:43:20Z', 'updatedAt': '2022-10-27T18:43:20Z'}}, 'canReply': True, 'totalReplyCount': 0, 'isPublic': True}",,UCoX7mEkco8MamlabA9VhdLQ,2022-10-27T18:43:20Z,"Me desculpe , esse professor está  muito bem doutrinado pelo regime chinês , quem sabe dar aula nas nossas faculdades  ?!",QURTSl9pMkxSVUJPNHJPYm9Ia2JjTGcwdGVrSGJWLUxBMjNPUTN6RWxCMHJxMXhoajNranNHMGltYmw3MnVsS3B2OC01MmRwYmlsb1psMA==,2023-06-08 15:04:26.138048
youtube#commentThread,Eg3OiqNugYlyAPOQ5l4CASYqKmo,UgzJAHIHETegbmMk9Vd4AaABAg,"{'videoId': 'uuh1ydDwwrQ', 'topLevelComment': {'kind': 'youtube#comment', 'etag': 'iktIz_WSBURr2C6OoYXjkC6RvlE', 'id': 'UgzJAHIHETegbmMk9Vd4AaABAg', 'snippet': {'videoId': 'uuh1ydDwwrQ', 'textDisplay': '- Repórter da BBC  ?  kkkkkkkk, confia.', 'textOriginal': '- Repórter da BBC  ?  kkkkkkkk, confia.', 'authorDisplayName': 'Stefanini', 'authorProfileImageUrl': 'https://yt3.ggpht.com/QmFJhbXTTvE9hVc_BJGpLdM3KK5bIF7tCk2hc6ZqJrLbhckoeaRSmSOWImfEY8248XDfHbJ6sQ=s48-c-k-c0x00ffffff-no-rj', 'authorChannelUrl': 'http://www.youtube.com/channel/UC3XwBUPA1zHulYFGH5y7q7A', 'authorChannelId': {'value': 'UC3XwBUPA1zHulYFGH5y7q7A'}, 'canRate': True, 'viewerRating': 'none', 'likeCount': 0, 'publishedAt': '2022-10-27T18:03:00Z', 'updatedAt': '2022-10-27T18:03:00Z'}}, 'canReply': True, 'totalReplyCount': 0, 'isPublic': True}",,UC3XwBUPA1zHulYFGH5y7q7A,2022-10-27T18:03:00Z,"- Repórter da BBC  ?  kkkkkkkk, confia.",QURTSl9pMkxSVUJPNHJPYm9Ia2JjTGcwdGVrSGJWLUxBMjNPUTN6RWxCMHJxMXhoajNranNHMGltYmw3MnVsS3B2OC01MmRwYmlsb1psMA==,2023-06-08 15:04:26.138048
youtube#commentThread,6bZ-K6f6LP9ml4qV7K_hTR6LkHg,UgygarnqGg3tjDFWcv94AaABAg,"{'videoId': 'uuh1ydDwwrQ', 'topLevelComment': {'kind': 'youtube#comment', 'etag': 'I5k3biFLs4H8nUneEnoBPt5hGfw', 'id': 'UgygarnqGg3tjDFWcv94AaABAg', 'snippet': {'videoId': 'uuh1ydDwwrQ', 'textDisplay': 'Tirar os ministros do STF como eu queria que fosse igual aqui no Brasil.', 'textOriginal': 'Tirar os ministros do STF como eu queria que fosse igual aqui no Brasil.', 'authorDisplayName': 'Gustavo Carvalho', 'authorProfileImageUrl': 'https://yt3.ggpht.com/APM5mE7LycGGTwwmxQYu33LmRMIlrR_gN8UnRbMGBhtVjiXGhfuwH6qzJo_AFbFdD_1e42_k9Q=s48-c-k-c0x00ffffff-no-rj', 'authorChannelUrl': 'http://www.youtube.com/channel/UClbNwzb05em--2Nxqz7QRxA', 'authorChannelId': {'value': 'UClbNwzb05em--2Nxqz7QRxA'}, 'canRate': True, 'viewerRating': 'none', 'likeCount': 1, 'publishedAt': '2022-10-27T17:44:07Z', 'updatedAt': '2022-10-27T17:44:07Z'}}, 'canReply': True, 'totalReplyCount': 0, 'isPublic': True}",,UClbNwzb05em--2Nxqz7QRxA,2022-10-27T17:44:07Z,Tirar os ministros do STF como eu queria que fosse igual aqui no Brasil.,QURTSl9pMkxSVUJPNHJPYm9Ia2JjTGcwdGVrSGJWLUxBMjNPUTN6RWxCMHJxMXhoajNranNHMGltYmw3MnVsS3B2OC01MmRwYmlsb1psMA==,2023-06-08 15:04:26.138048
youtube#commentThread,WCpITlykE10NAOpFuxRZD3IH7vs,UgyzM0UqKp0FBlKwU3V4AaABAg,"{'videoId': 'uuh1ydDwwrQ', 'topLevelComment': {'kind': 'youtube#comment', 'etag': 'TXM5BBXpGn-cJ37BugG8vkTsp0c', 'id': 'UgyzM0UqKp0FBlKwU3V4AaABAg', 'snippet': {'videoId': 'uuh1ydDwwrQ', 'textDisplay': '<a href=""https://www.youtube.com/watch?v=uuh1ydDwwrQ&amp;t=02m10s"">02:10</a> 😂😂😂quer enganar quem? Parece tudo normal é? <br>Qualquer criança vê que não.', 'textOriginal': '02:10 😂😂😂quer enganar quem? Parece tudo normal é? \\nQualquer criança vê que não.', 'authorDisplayName': 'Gigabit', 'authorProfileImageUrl': 'https://yt3.ggpht.com/ytc/AGIKgqNg1J2-HTFK3JR1u7ZypOscjXXLr3BglZWtBv8cab-V6KpkvYntBz9joD0bZq8p=s48-c-k-c0x00ffffff-no-rj', 'authorChannelUrl': 'http://www.youtube.com/channel/UC19EG-ermWfjXICj43w7V8A', 'authorChannelId': {'value': 'UC19EG-ermWfjXICj43w7V8A'}, 'canRate': True, 'viewerRating': 'none', 'likeCount': 0, 'publishedAt': '2022-10-27T17:29:04Z', 'updatedAt': '2022-10-27T17:29:04Z'}}, 'canReply': True, 'totalReplyCount': 0, 'isPublic': True}",,UC19EG-ermWfjXICj43w7V8A,2022-10-27T17:29:04Z,"02:10 😂😂😂quer enganar quem? Parece tudo normal é? 
Qualquer criança vê que não.",QURTSl9pMkxSVUJPNHJPYm9Ia2JjTGcwdGVrSGJWLUxBMjNPUTN6RWxCMHJxMXhoajNranNHMGltYmw3MnVsS3B2OC01MmRwYmlsb1psMA==,2023-06-08 15:04:26.138048
youtube#commentThread,5eMdgMzgUrb1J8sEooD8CM8DONw,UgyBts9hrzbZYpcL-_94AaABAg,"{'videoId': 'uuh1ydDwwrQ', 'topLevelComment': {'kind': 'youtube#comment', 'etag': 'RFnbFWeLJLn4om3qz9PX5j8xyCM', 'id': 'UgyBts9hrzbZYpcL-_94AaABAg', 'snippet': {'videoId': 'uuh1ydDwwrQ', 'textDisplay': 'Este professor de “ cultura chinesa “ está mentindo.', 'textOriginal': 'Este professor de “ cultura chinesa “ está mentindo.', 'authorDisplayName': 'OlhandoParasEstrelas Acima', 'authorProfileImageUrl': 'https://yt3.ggpht.com/WmxPlJfU47XoXnbE6AVZmKgTH9j7cbwh24dgHSg-hfyaEpb2CYEmPz8wCYXQQAFYwBW8BU-Z52M=s48-c-k-c0x00ffffff-no-rj', 'authorChannelUrl': 'http://www.youtube.com/channel/UC-ZYUTi_1NQT-9MIdvrYAXA', 'authorChannelId': {'value': 'UC-ZYUTi_1NQT-9MIdvrYAXA'}, 'canRate': True, 'viewerRating': 'none', 'likeCount': 0, 'publishedAt': '2022-10-27T16:18:34Z', 'updatedAt': '2022-10-27T16:18:34Z'}}, 'canReply': True, 'totalReplyCount': 0, 'isPublic': True}",,UC-ZYUTi_1NQT-9MIdvrYAXA,2022-10-27T16:18:34Z,Este professor de “ cultura chinesa “ está mentindo.,QURTSl9pMkxSVUJPNHJPYm9Ia2JjTGcwdGVrSGJWLUxBMjNPUTN6RWxCMHJxMXhoajNranNHMGltYmw3MnVsS3B2OC01MmRwYmlsb1psMA==,2023-06-08 15:04:26.138048
youtube#commentThread,KrUXikS6ZemXX--8ANg0xlrsvhI,UgyoHex9Qy_t-zHshCp4AaABAg,"{'videoId': 'uuh1ydDwwrQ', 'topLevelComment': {'kind': 'youtube#comment', 'etag': 'RvLHGUQx4rIc-g7q3_LSI3uOkgg', 'id': 'UgyoHex9Qy_t-zHshCp4AaABAg', 'snippet': {'videoId': 'uuh1ydDwwrQ', 'textDisplay': 'EXPURGO AO VIVO!!!', 'textOriginal': 'EXPURGO AO VIVO!!!', 'authorDisplayName': 'Luiz', 'authorProfileImageUrl': 'https://yt3.ggpht.com/he6n8u83cCCtrX-55qfwVgOY3UAuHj5hqhyXgEsuuQn3z13Nb_OPAmU_ZvCWjZX4g9rmw8cBPQ=s48-c-k-c0x00ffffff-no-rj', 'authorChannelUrl': 'http://www.youtube.com/channel/UCoGq_643DhWQzGsc1YuVFug', 'authorChannelId': {'value': 'UCoGq_643DhWQzGsc1YuVFug'}, 'canRate': True, 'viewerRating': 'none', 'likeCount': 0, 'publishedAt': '2022-10-27T16:18:17Z', 'updatedAt': '2022-10-27T16:18:17Z'}}, 'canReply': True, 'totalReplyCount': 0, 'isPublic': True}",,UCoGq_643DhWQzGsc1YuVFug,2022-10-27T16:18:17Z,EXPURGO AO VIVO!!!,QURTSl9pMkxSVUJPNHJPYm9Ia2JjTGcwdGVrSGJWLUxBMjNPUTN6RWxCMHJxMXhoajNranNHMGltYmw3MnVsS3B2OC01MmRwYmlsb1psMA==,2023-06-08 15:04:26.138048
youtube#commentThread,b6ub9t0H7B3LCYPqrrLFk68GJho,Ugz9s_OvNM-KAl46-c14AaABAg,"{'videoId': 'uuh1ydDwwrQ', 'topLevelComment': {'kind': 'youtube#comment', 'etag': 'lh83AoBLoqfrDRIYeO6vq6OYH5c', 'id': 'Ugz9s_OvNM-KAl46-c14AaABAg', 'snippet': {'videoId': 'uuh1ydDwwrQ', 'textDisplay': 'Azia e Gazela Pedem CPI para abrir  investigações  sobre o envolvimento de Bolsonaro na retirada do Ex presidente do Parlamento chinês.', 'textOriginal': 'Azia e Gazela Pedem CPI para abrir  investigações  sobre o envolvimento de Bolsonaro na retirada do Ex presidente do Parlamento chinês.', 'authorDisplayName': 'Viva a Vida', 'authorProfileImageUrl': 'https://yt3.ggpht.com/FYSKQCScihrXIvZ0X5WUTXZ9bAi7LMT8YUIRCU2WdgR-YZmTn_2PF43Fl7jWMGDDoYmWycFn6A=s48-c-k-c0x00ffffff-no-rj', 'authorChannelUrl': 'http://www.youtube.com/channel/UC9I0DPjTMH-skcDvtkO05cg', 'authorChannelId': {'value': 'UC9I0DPjTMH-skcDvtkO05cg'}, 'canRate': True, 'viewerRating': 'none', 'likeCount': 0, 'publishedAt': '2022-10-27T15:41:33Z', 'updatedAt': '2022-10-27T15:41:46Z'}}, 'canReply': True, 'totalReplyCount': 0, 'isPublic': True}",,UC9I0DPjTMH-skcDvtkO05cg,2022-10-27T15:41:33Z,Azia e Gazela Pedem CPI para abrir  investigações  sobre o envolvimento de Bolsonaro na retirada do Ex presidente do Parlamento chinês.,QURTSl9pMkxSVUJPNHJPYm9Ia2JjTGcwdGVrSGJWLUxBMjNPUTN6RWxCMHJxMXhoajNranNHMGltYmw3MnVsS3B2OC01MmRwYmlsb1psMA==,2023-06-08 15:04:26.138048
youtube#commentThread,NdyCirdoUYpc_2qGLUcFfaOUCTs,Ugxc8nk450qlpwLzfKh4AaABAg,"{'videoId': 'uuh1ydDwwrQ', 'topLevelComment': {'kind': 'youtube#comment', 'etag': 'SVFDPe_Sx_bT2oV5CPZ1_eI-pws', 'id': 'Ugxc8nk450qlpwLzfKh4AaABAg', 'snippet': {'videoId': 'uuh1ydDwwrQ', 'textDisplay': 'SAIU POR LIVRE E ESPONTÂNEA FORÇA KKKK', 'textOriginal': 'SAIU POR LIVRE E ESPONTÂNEA FORÇA KKKK', 'authorDisplayName': 'Viva a Vida', 'authorProfileImageUrl': 'https://yt3.ggpht.com/FYSKQCScihrXIvZ0X5WUTXZ9bAi7LMT8YUIRCU2WdgR-YZmTn_2PF43Fl7jWMGDDoYmWycFn6A=s48-c-k-c0x00ffffff-no-rj', 'authorChannelUrl': 'http://www.youtube.com/channel/UC9I0DPjTMH-skcDvtkO05cg', 'authorChannelId': {'value': 'UC9I0DPjTMH-skcDvtkO05cg'}, 'canRate': True, 'viewerRating': 'none', 'likeCount': 0, 'publishedAt': '2022-10-27T15:37:52Z', 'updatedAt': '2022-10-27T15:37:52Z'}}, 'canReply': True, 'totalReplyCount': 0, 'isPublic': True}",,UC9I0DPjTMH-skcDvtkO05cg,2022-10-27T15:37:52Z,SAIU POR LIVRE E ESPONTÂNEA FORÇA KKKK,QURTSl9pMkxSVUJPNHJPYm9Ia2JjTGcwdGVrSGJWLUxBMjNPUTN6RWxCMHJxMXhoajNranNHMGltYmw3MnVsS3B2OC01MmRwYmlsb1psMA==,2023-06-08 15:04:26.138048
youtube#commentThread,6otQPvjellIhdOY4b3NAGvcrZxs,UgzfabjuWcAhfqawqu94AaABAg,"{'videoId': 'uuh1ydDwwrQ', 'topLevelComment': {'kind': 'youtube#comment', 'etag': 'Z2p-5dCGqiM2gp570rBdR4s6jrM', 'id': 'UgzfabjuWcAhfqawqu94AaABAg', 'snippet': {'videoId': 'uuh1ydDwwrQ', 'textDisplay': 'Esse professor tá falando direto da China? E o medo de contrariar e sumir lá?!. É notório que o cara não queria sair, apelou até pelo atual presidente, que nem fez questão de se virar pra falar com ele.', 'textOriginal': 'Esse professor tá falando direto da China? E o medo de contrariar e sumir lá?!. É notório que o cara não queria sair, apelou até pelo atual presidente, que nem fez questão de se virar pra falar com ele.', 'authorDisplayName': 'Paulo Henrique Rozanez', 'authorProfileImageUrl': 'https://yt3.ggpht.com/oGUlhPxh5tzt2L2wsUny90zmjd2WITWu_KRZGtO4XlrvzNGgzkwjD_5a9TsgGcbVA95NUHsbwA=s48-c-k-c0x00ffffff-no-rj', 'authorChannelUrl': 'http://www.youtube.com/channel/UCP2gk12ZWlw2Gll1mSlfzqg', 'authorChannelId': {'value': 'UCP2gk12ZWlw2Gll1mSlfzqg'}, 'canRate': True, 'viewerRating': 'none', 'likeCount': 0, 'publishedAt': '2022-10-27T15:36:59Z', 'updatedAt': '2022-10-27T15:36:59Z'}}, 'canReply': True, 'totalReplyCount': 0, 'isPublic': True}",,UCP2gk12ZWlw2Gll1mSlfzqg,2022-10-27T15:36:59Z,"Esse professor tá falando direto da China? E o medo de contrariar e sumir lá?!. É notório que o cara não queria sair, apelou até pelo atual presidente, que nem fez questão de se virar pra falar com ele.",QURTSl9pMkxSVUJPNHJPYm9Ia2JjTGcwdGVrSGJWLUxBMjNPUTN6RWxCMHJxMXhoajNranNHMGltYmw3MnVsS3B2OC01MmRwYmlsb1psMA==,2023-06-08 15:04:26.138048
youtube#commentThread,MZCJsjRedj0F9sqKtwuHNsazOt4,UgzD08J3km2W8g63rQx4AaABAg,"{'videoId': 'uuh1ydDwwrQ', 'topLevelComment': {'kind': 'youtube#comment', 'etag': '1AL9H9yeWAW5dmR9EfWT-mdeFHA', 'id': 'UgzD08J3km2W8g63rQx4AaABAg', 'snippet': {'videoId': 'uuh1ydDwwrQ', 'textDisplay': 'Quando um comunista se sente ameaçado, sempre dá um jeito para seu oponente sumir! Ops Daniel de Oliveira e várias testemunhas também!', 'textOriginal': 'Quando um comunista se sente ameaçado, sempre dá um jeito para seu oponente sumir! Ops Daniel de Oliveira e várias testemunhas também!', 'authorDisplayName': 'Viva a Vida', 'authorProfileImageUrl': 'https://yt3.ggpht.com/FYSKQCScihrXIvZ0X5WUTXZ9bAi7LMT8YUIRCU2WdgR-YZmTn_2PF43Fl7jWMGDDoYmWycFn6A=s48-c-k-c0x00ffffff-no-rj', 'authorChannelUrl': 'http://www.youtube.com/channel/UC9I0DPjTMH-skcDvtkO05cg', 'authorChannelId': {'value': 'UC9I0DPjTMH-skcDvtkO05cg'}, 'canRate': True, 'viewerRating': 'none', 'likeCount': 0, 'publishedAt': '2022-10-27T15:34:20Z', 'updatedAt': '2022-10-27T15:35:56Z'}}, 'canReply': True, 'totalReplyCount': 0, 'isPublic': True}",,UC9I0DPjTMH-skcDvtkO05cg,2022-10-27T15:34:20Z,"Quando um comunista se sente ameaçado, sempre dá um jeito para seu oponente sumir! Ops Daniel de Oliveira e várias testemunhas também!",QURTSl9pMkxSVUJPNHJPYm9Ia2JjTGcwdGVrSGJWLUxBMjNPUTN6RWxCMHJxMXhoajNranNHMGltYmw3MnVsS3B2OC01MmRwYmlsb1psMA==,2023-06-08 15:04:26.138048
youtube#commentThread,Lo7DPMiyStbNK0J_lPmitfXcp1o,UgxZ-c7TgCKfusCsuTt4AaABAg,"{'videoId': 'uuh1ydDwwrQ', 'topLevelComment': {'kind': 'youtube#comment', 'etag': 'XQ99t9Z8vGX4ENyOTDDKNhsJMCE', 'id': 'UgxZ-c7TgCKfusCsuTt4AaABAg', 'snippet': {'videoId': 'uuh1ydDwwrQ', 'textDisplay': 'É comunismo. Fim.', 'textOriginal': 'É comunismo. Fim.', 'authorDisplayName': 'EUA no Diário do Careca', 'authorProfileImageUrl': 'https://yt3.ggpht.com/VtLR0bNFvP6MU9O22ePDcjYr1JeGPBKuHOsN7LUemL2qo5t-9Gc0Vzy_LkYuxj67GkkQ2rLl=s48-c-k-c0x00ffffff-no-rj', 'authorChannelUrl': 'http://www.youtube.com/channel/UCph0f66wKkYkF3MW6k5FI3g', 'authorChannelId': {'value': 'UCph0f66wKkYkF3MW6k5FI3g'}, 'canRate': True, 'viewerRating': 'none', 'likeCount': 0, 'publishedAt': '2022-10-27T14:49:25Z', 'updatedAt': '2022-10-27T14:49:25Z'}}, 'canReply': True, 'totalReplyCount': 0, 'isPublic': True}",,UCph0f66wKkYkF3MW6k5FI3g,2022-10-27T14:49:25Z,É comunismo. Fim.,QURTSl9pMkxSVUJPNHJPYm9Ia2JjTGcwdGVrSGJWLUxBMjNPUTN6RWxCMHJxMXhoajNranNHMGltYmw3MnVsS3B2OC01MmRwYmlsb1psMA==,2023-06-08 15:04:26.138048
youtube#commentThread,5YF_3qUllBFOIvQvZwA9Vjweds8,Ugzlb0taAJBzSfRGxYt4AaABAg,"{'videoId': 'uuh1ydDwwrQ', 'topLevelComment': {'kind': 'youtube#comment', 'etag': 'cJcO5e-ssl7Zc8GK5MkFL58Brl8', 'id': 'Ugzlb0taAJBzSfRGxYt4AaABAg', 'snippet': {'videoId': 'uuh1ydDwwrQ', 'textDisplay': '🇧🇷', 'textOriginal': '🇧🇷', 'authorDisplayName': 'Mazzarop', 'authorProfileImageUrl': 'https://yt3.ggpht.com/oYbOvdKLlTmGVX_ebR6B2jL7iQ8EJ7K_udo6eKVPM6dZxAwyYw7xDEf8Wzu8JXfus9Nti0omTQ=s48-c-k-c0x00ffffff-no-rj', 'authorChannelUrl': 'http://www.youtube.com/channel/UCck7yvu8V6wQVkBAy8ozQ8Q', 'authorChannelId': {'value': 'UCck7yvu8V6wQVkBAy8ozQ8Q'}, 'canRate': True, 'viewerRating': 'none', 'likeCount': 0, 'publishedAt': '2022-10-27T12:00:59Z', 'updatedAt': '2022-10-27T12:00:59Z'}}, 'canReply': True, 'totalReplyCount': 0, 'isPublic': True}",,UCck7yvu8V6wQVkBAy8ozQ8Q,2022-10-27T12:00:59Z,🇧🇷,QURTSl9pMkxSVUJPNHJPYm9Ia2JjTGcwdGVrSGJWLUxBMjNPUTN6RWxCMHJxMXhoajNranNHMGltYmw3MnVsS3B2OC01MmRwYmlsb1psMA==,2023-06-08 15:04:26.138048
youtube#commentThread,azYi4uviRwiN-2Mh_5oKZgvb6u0,Ugw8lpQtSetdMyg9Y2p4AaABAg,"{'videoId': 'uuh1ydDwwrQ', 'topLevelComment': {'kind': 'youtube#comment', 'etag': 'RClKjZ2xzB5nHKPctM9JIDbsj1E', 'id': 'Ugw8lpQtSetdMyg9Y2p4AaABAg', 'snippet': {'videoId': 'uuh1ydDwwrQ', 'textDisplay': 'kkkk como alguem Vai dar alguma opinião. Governo totalitario é assim mesmo.', 'textOriginal': 'kkkk como alguem Vai dar alguma opinião. Governo totalitario é assim mesmo.', 'authorDisplayName': 'ivania mitter', 'authorProfileImageUrl': 'https://yt3.ggpht.com/ytc/AGIKgqMIpJT7MNMepNKh8ICiJDivfGHy7KW5FBIgZQ=s48-c-k-c0x00ffffff-no-rj', 'authorChannelUrl': 'http://www.youtube.com/channel/UCYLx0KnX6W2lkFlAgU8cGKA', 'authorChannelId': {'value': 'UCYLx0KnX6W2lkFlAgU8cGKA'}, 'canRate': True, 'viewerRating': 'none', 'likeCount': 0, 'publishedAt': '2022-10-27T05:54:59Z', 'updatedAt': '2022-10-27T05:54:59Z'}}, 'canReply': True, 'totalReplyCount': 0, 'isPublic': True}",,UCYLx0KnX6W2lkFlAgU8cGKA,2022-10-27T05:54:59Z,kkkk como alguem Vai dar alguma opinião. Governo totalitario é assim mesmo.,QURTSl9pMkxSVUJPNHJPYm9Ia2JjTGcwdGVrSGJWLUxBMjNPUTN6RWxCMHJxMXhoajNranNHMGltYmw3MnVsS3B2OC01MmRwYmlsb1psMA==,2023-06-08 15:04:26.138048
youtube#commentThread,JQ28qt5iv_OLSSMcSXrpHz6y44E,Ugz6gBj90Mu7sUqrwB94AaABAg,"{'videoId': 'uuh1ydDwwrQ', 'topLevelComment': {'kind': 'youtube#comment', 'etag': 'AsRXK2EdYhNcfhaBSjPkIb0CSUY', 'id': 'Ugz6gBj90Mu7sUqrwB94AaABAg', 'snippet': {'videoId': 'uuh1ydDwwrQ', 'textDisplay': 'Com certeza já foi executado 😭', 'textOriginal': 'Com certeza já foi executado 😭', 'authorDisplayName': 'Fabio Batista', 'authorProfileImageUrl': 'https://yt3.ggpht.com/ytc/AGIKgqNC51lDe3O5AOjn85bf86NALLi--BhEkkNIcg=s48-c-k-c0x00ffffff-no-rj', 'authorChannelUrl': 'http://www.youtube.com/channel/UCjg-OScnMQV1kMN16Lh-bfQ', 'authorChannelId': {'value': 'UCjg-OScnMQV1kMN16Lh-bfQ'}, 'canRate': True, 'viewerRating': 'none', 'likeCount': 0, 'publishedAt': '2022-10-27T00:09:58Z', 'updatedAt': '2022-10-27T00:09:58Z'}}, 'canReply': True, 'totalReplyCount': 0, 'isPublic': True}",,UCjg-OScnMQV1kMN16Lh-bfQ,2022-10-27T00:09:58Z,Com certeza já foi executado 😭,QURTSl9pMkxSVUJPNHJPYm9Ia2JjTGcwdGVrSGJWLUxBMjNPUTN6RWxCMHJxMXhoajNranNHMGltYmw3MnVsS3B2OC01MmRwYmlsb1psMA==,2023-06-08 15:04:26.138048
youtube#commentThread,cWsEO2iytlD3g36F69zrGBxWlGo,UgzQF2w0i1BNewvbBNB4AaABAg,"{'videoId': 'uuh1ydDwwrQ', 'topLevelComment': {'kind': 'youtube#comment', 'etag': '2w6AioRtY3Kf-vXLI6TYrgD6tMY', 'id': 'UgzQF2w0i1BNewvbBNB4AaABAg', 'snippet': {'videoId': 'uuh1ydDwwrQ', 'textDisplay': 'Aqui também tiram na força e arrancam o crachá.', 'textOriginal': 'Aqui também tiram na força e arrancam o crachá.', 'authorDisplayName': 'Peri Backer Bueno', 'authorProfileImageUrl': 'https://yt3.ggpht.com/ytc/AGIKgqP54-hvMaQFJEXhSFegNJ0O9GY7rgj0XHJ89Q=s48-c-k-c0x00ffffff-no-rj', 'authorChannelUrl': 'http://www.youtube.com/channel/UCO0WrvYWaGkP0EjHmHV3ibg', 'authorChannelId': {'value': 'UCO0WrvYWaGkP0EjHmHV3ibg'}, 'canRate': True, 'viewerRating': 'none', 'likeCount': 0, 'publishedAt': '2022-10-26T22:48:36Z', 'updatedAt': '2022-10-26T22:48:36Z'}}, 'canReply': True, 'totalReplyCount': 0, 'isPublic': True}",,UCO0WrvYWaGkP0EjHmHV3ibg,2022-10-26T22:48:36Z,Aqui também tiram na força e arrancam o crachá.,QURTSl9pMkxSVUJPNHJPYm9Ia2JjTGcwdGVrSGJWLUxBMjNPUTN6RWxCMHJxMXhoajNranNHMGltYmw3MnVsS3B2OC01MmRwYmlsb1psMA==,2023-06-08 15:04:26.138048
youtube#commentThread,U-p6ZHms8FZ0-DQdnxorkWOIDw4,Ugxg9K-mqXQp7KirSml4AaABAg,"{'videoId': 'uuh1ydDwwrQ', 'topLevelComment': {'kind': 'youtube#comment', 'etag': 't2d3loVotv6Le3l0JPgSueL9oHM', 'id': 'Ugxg9K-mqXQp7KirSml4AaABAg', 'snippet': {'videoId': 'uuh1ydDwwrQ', 'textDisplay': 'Com licença senhor, seu teste de cOvid deu positivo. Por favor retire se deste local.', 'textOriginal': 'Com licença senhor, seu teste de cOvid deu positivo. Por favor retire se deste local.', 'authorDisplayName': 'Leonardo di Castro Medeiros', 'authorProfileImageUrl': 'https://yt3.ggpht.com/pdeyfpgQATKp3BLdP6eUdtlTLdXnIoiDQ4jsifxZMC75hz-yemu-G-BVbdaN2Y2xf2cTxh-quSU=s48-c-k-c0x00ffffff-no-rj', 'authorChannelUrl': 'http://www.youtube.com/channel/UCMq2xL4MNwerA_mCoHzE6oQ', 'authorChannelId': {'value': 'UCMq2xL4MNwerA_mCoHzE6oQ'}, 'canRate': True, 'viewerRating': 'none', 'likeCount': 0, 'publishedAt': '2022-10-26T22:43:15Z', 'updatedAt': '2022-10-26T22:43:15Z'}}, 'canReply': True, 'totalReplyCount': 0, 'isPublic': True}",,UCMq2xL4MNwerA_mCoHzE6oQ,2022-10-26T22:43:15Z,"Com licença senhor, seu teste de cOvid deu positivo. Por favor retire se deste local.",QURTSl9pMkxSVUJPNHJPYm9Ia2JjTGcwdGVrSGJWLUxBMjNPUTN6RWxCMHJxMXhoajNranNHMGltYmw3MnVsS3B2OC01MmRwYmlsb1psMA==,2023-06-08 15:04:26.138048
youtube#commentThread,dQta0y7H1sFaXTG3_hlAtYAUUZM,UgxxL2iuQzsIKCK9RVp4AaABAg,"{'videoId': 'uuh1ydDwwrQ', 'topLevelComment': {'kind': 'youtube#comment', 'etag': 'wbG_jsilg3_m5klexISoCjSbWuA', 'id': 'UgxxL2iuQzsIKCK9RVp4AaABAg', 'snippet': {'videoId': 'uuh1ydDwwrQ', 'textDisplay': 'Será se vai desaparecer?', 'textOriginal': 'Será se vai desaparecer?', 'authorDisplayName': 'Leonardo di Castro Medeiros', 'authorProfileImageUrl': 'https://yt3.ggpht.com/pdeyfpgQATKp3BLdP6eUdtlTLdXnIoiDQ4jsifxZMC75hz-yemu-G-BVbdaN2Y2xf2cTxh-quSU=s48-c-k-c0x00ffffff-no-rj', 'authorChannelUrl': 'http://www.youtube.com/channel/UCMq2xL4MNwerA_mCoHzE6oQ', 'authorChannelId': {'value': 'UCMq2xL4MNwerA_mCoHzE6oQ'}, 'canRate': True, 'viewerRating': 'none', 'likeCount': 0, 'publishedAt': '2022-10-26T22:37:58Z', 'updatedAt': '2022-10-26T22:37:58Z'}}, 'canReply': True, 'totalReplyCount': 0, 'isPublic': True}",,UCMq2xL4MNwerA_mCoHzE6oQ,2022-10-26T22:37:58Z,Será se vai desaparecer?,QURTSl9pMkxSVUJPNHJPYm9Ia2JjTGcwdGVrSGJWLUxBMjNPUTN6RWxCMHJxMXhoajNranNHMGltYmw3MnVsS3B2OC01MmRwYmlsb1psMA==,2023-06-08 15:04:26.138048
youtube#commentThread,EPIosyE8vqaVOqY0Ml3Pah02xW4,UgyzmwlmxNch5WABKuV4AaABAg,"{'videoId': 'uuh1ydDwwrQ', 'topLevelComment': {'kind': 'youtube#comment', 'etag': 'TEsd69yny0ZpP7HWFytsL_73ekE', 'id': 'UgyzmwlmxNch5WABKuV4AaABAg', 'snippet': {'videoId': 'uuh1ydDwwrQ', 'textDisplay': 'Que conversa besta, está na cara que o &quot;prefessô&quot; está alisando o fato. O cara foi retirado e ponto final.. E olhe lá que; se falar muito pode nunca mais falar, o modo &quot;MaoZedong&quot; (Mao Tse Tung) continua vivinho da Silva nesta República Draconiana..', 'textOriginal': 'Que conversa besta, está na cara que o ""prefessô"" está alisando o fato. O cara foi retirado e ponto final.. E olhe lá que; se falar muito pode nunca mais falar, o modo ""MaoZedong"" (Mao Tse Tung) continua vivinho da Silva nesta República Draconiana..', 'authorDisplayName': 'Clodeildes Lima', 'authorProfileImageUrl': 'https://yt3.ggpht.com/YZcDmI65-g5aEmmb-98WLWlnW9Msvt3r_xCTwJCruxqDEp404q1KCuimj8BrWa_RCJNbrYYN1A=s48-c-k-c0x00ffffff-no-rj', 'authorChannelUrl': 'http://www.youtube.com/channel/UCz4AJwOyuFT_PD7mj3zjK4w', 'authorChannelId': {'value': 'UCz4AJwOyuFT_PD7mj3zjK4w'}, 'canRate': True, 'viewerRating': 'none', 'likeCount': 0, 'publishedAt': '2022-10-26T22:32:36Z', 'updatedAt': '2022-10-26T22:32:36Z'}}, 'canReply': True, 'totalReplyCount': 0, 'isPublic': True}",,UCz4AJwOyuFT_PD7mj3zjK4w,2022-10-26T22:32:36Z,"Que conversa besta, está na cara que o ""prefessô"" está alisando o fato. O cara foi retirado e ponto final.. E olhe lá que; se falar muito pode nunca mais falar, o modo ""MaoZedong"" (Mao Tse Tung) continua vivinho da Silva nesta República Draconiana..",QURTSl9pMkxSVUJPNHJPYm9Ia2JjTGcwdGVrSGJWLUxBMjNPUTN6RWxCMHJxMXhoajNranNHMGltYmw3MnVsS3B2OC01MmRwYmlsb1psMA==,2023-06-08 15:04:26.138048
youtube#commentThread,-FfQ3sHyDztGQLPOXn3iM0wwd2U,UgxApcfwanUFh7kGHV94AaABAg,"{'videoId': 'uuh1ydDwwrQ', 'topLevelComment': {'kind': 'youtube#comment', 'etag': 'FXHQJ7UBECghHCbOM3Qprtrwz3c', 'id': 'UgxApcfwanUFh7kGHV94AaABAg', 'snippet': {'videoId': 'uuh1ydDwwrQ', 'textDisplay': 'ⓘ Comentário Removido Pelo Tribunal Superior Eleitoral', 'textOriginal': 'ⓘ Comentário Removido Pelo Tribunal Superior Eleitoral', 'authorDisplayName': 'Andre Fernandez', 'authorProfileImageUrl': 'https://yt3.ggpht.com/eHZF5uM6s7N2mj2iOB6--rHkjcXNqX24QSxf8om2FCVkGnOLMJnpAuac8wWtKFanPmqdBIfxH9U=s48-c-k-c0x00ffffff-no-rj', 'authorChannelUrl': 'http://www.youtube.com/channel/UCHWI9pBz7sL5_wbzhGKSadA', 'authorChannelId': {'value': 'UCHWI9pBz7sL5_wbzhGKSadA'}, 'canRate': True, 'viewerRating': 'none', 'likeCount': 0, 'publishedAt': '2022-10-26T21:40:23Z', 'updatedAt': '2022-10-26T21:40:23Z'}}, 'canReply': True, 'totalReplyCount': 0, 'isPublic': True}",,UCHWI9pBz7sL5_wbzhGKSadA,2022-10-26T21:40:23Z,ⓘ Comentário Removido Pelo Tribunal Superior Eleitoral,QURTSl9pMkxSVUJPNHJPYm9Ia2JjTGcwdGVrSGJWLUxBMjNPUTN6RWxCMHJxMXhoajNranNHMGltYmw3MnVsS3B2OC01MmRwYmlsb1psMA==,2023-06-08 15:04:26.138048
youtube#commentThread,WuyMNNOMhtceoFH95nBs7g72ojI,UgxfftC4AMWqx6K8rAt4AaABAg,"{'videoId': 'uuh1ydDwwrQ', 'topLevelComment': {'kind': 'youtube#comment', 'etag': 'LE73k_N04wP8zM8n1dXHpVP8-rY', 'id': 'UgxfftC4AMWqx6K8rAt4AaABAg', 'snippet': {'videoId': 'uuh1ydDwwrQ', 'textDisplay': 'Regime genocida...', 'textOriginal': 'Regime genocida...', 'authorDisplayName': 'Papo Conservador e Patriota Cristão', 'authorProfileImageUrl': 'https://yt3.ggpht.com/ytc/AGIKgqPd3iOl_SGNKNNegAPhlTplxuIBGTFqKS1MlpwD-w=s48-c-k-c0x00ffffff-no-rj', 'authorChannelUrl': 'http://www.youtube.com/channel/UCsfD4FIgoZRTh1QVbeTYsxw', 'authorChannelId': {'value': 'UCsfD4FIgoZRTh1QVbeTYsxw'}, 'canRate': True, 'viewerRating': 'none', 'likeCount': 0, 'publishedAt': '2022-10-26T21:28:55Z', 'updatedAt': '2022-10-26T21:28:55Z'}}, 'canReply': True, 'totalReplyCount': 0, 'isPublic': True}",,UCsfD4FIgoZRTh1QVbeTYsxw,2022-10-26T21:28:55Z,Regime genocida...,QURTSl9pMkxSVUJPNHJPYm9Ia2JjTGcwdGVrSGJWLUxBMjNPUTN6RWxCMHJxMXhoajNranNHMGltYmw3MnVsS3B2OC01MmRwYmlsb1psMA==,2023-06-08 15:04:26.138048
youtube#commentThread,kU6kVDmwKSfJznDeuNgdf6HN1ME,Ugyl42Bj5UEvlyYYtTR4AaABAg,"{'videoId': 'uuh1ydDwwrQ', 'topLevelComment': {'kind': 'youtube#comment', 'etag': 'SZDQzqjWA_1e95JycjBHkkbfyJ0', 'id': 'Ugyl42Bj5UEvlyYYtTR4AaABAg', 'snippet': {'videoId': 'uuh1ydDwwrQ', 'textDisplay': 'Esse presidente da China é o capeta', 'textOriginal': 'Esse presidente da China é o capeta', 'authorDisplayName': 'Gabriel chaib Sam', 'authorProfileImageUrl': 'https://yt3.ggpht.com/ytc/AGIKgqNOl_IQK-W345z4Sl2LsVCqwq89vICu2zRs9A=s48-c-k-c0x00ffffff-no-rj', 'authorChannelUrl': 'http://www.youtube.com/channel/UCIWiwvFMMwReZaKmrnvxVmQ', 'authorChannelId': {'value': 'UCIWiwvFMMwReZaKmrnvxVmQ'}, 'canRate': True, 'viewerRating': 'none', 'likeCount': 1, 'publishedAt': '2022-10-26T20:15:08Z', 'updatedAt': '2022-10-26T20:15:08Z'}}, 'canReply': True, 'totalReplyCount': 0, 'isPublic': True}",,UCIWiwvFMMwReZaKmrnvxVmQ,2022-10-26T20:15:08Z,Esse presidente da China é o capeta,QURTSl9pMkxSVUJPNHJPYm9Ia2JjTGcwdGVrSGJWLUxBMjNPUTN6RWxCMHJxMXhoajNranNHMGltYmw3MnVsS3B2OC01MmRwYmlsb1psMA==,2023-06-08 15:04:26.138048
youtube#commentThread,K5_E5VXgYgBpd-jfDDQkRYfqG5o,Ugx2BkOgiJ_AOFjTeUl4AaABAg,"{'videoId': 'uuh1ydDwwrQ', 'topLevelComment': {'kind': 'youtube#comment', 'etag': 'r3mF7ca2J7rthnfTxQvnBcHMKkk', 'id': 'Ugx2BkOgiJ_AOFjTeUl4AaABAg', 'snippet': {'videoId': 'uuh1ydDwwrQ', 'textDisplay': 'Que horror', 'textOriginal': 'Que horror', 'authorDisplayName': 'Glaucia Lobo', 'authorProfileImageUrl': 'https://yt3.ggpht.com/ytc/AGIKgqNFUT8sHYRMClRcjOg4pPwRNoocqR4lNZ1onA=s48-c-k-c0x00ffffff-no-rj', 'authorChannelUrl': 'http://www.youtube.com/channel/UC0DFUFjYkJj7A1-otPBj5nA', 'authorChannelId': {'value': 'UC0DFUFjYkJj7A1-otPBj5nA'}, 'canRate': True, 'viewerRating': 'none', 'likeCount': 0, 'publishedAt': '2022-10-26T19:05:59Z', 'updatedAt': '2022-10-26T19:05:59Z'}}, 'canReply': True, 'totalReplyCount': 0, 'isPublic': True}",,UC0DFUFjYkJj7A1-otPBj5nA,2022-10-26T19:05:59Z,Que horror,QURTSl9pMkxSVUJPNHJPYm9Ia2JjTGcwdGVrSGJWLUxBMjNPUTN6RWxCMHJxMXhoajNranNHMGltYmw3MnVsS3B2OC01MmRwYmlsb1psMA==,2023-06-08 15:04:26.138048
youtube#commentThread,pe60fiEfXgbBqDMnz36yNbxKvKU,UgxWC1NNGENmsW964JZ4AaABAg,"{'videoId': 'uuh1ydDwwrQ', 'topLevelComment': {'kind': 'youtube#comment', 'etag': 'b0jJueD7hOmZdN6BYPQLTxdae8k', 'id': 'UgxWC1NNGENmsW964JZ4AaABAg', 'snippet': {'videoId': 'uuh1ydDwwrQ', 'textDisplay': 'De certeza quem mandou retirar o parlamentar foi o bandido assassino de alta periculosidade XI JINPING SÉRIAL KILLER ASSASSINO EM SÉRIE, para ser fuzilado a mando dos Bandidos do PCC CHINÊS sanguenarios violentos sedentos de sangue morte e destruição.', 'textOriginal': 'De certeza quem mandou retirar o parlamentar foi o bandido assassino de alta periculosidade XI JINPING SÉRIAL KILLER ASSASSINO EM SÉRIE, para ser fuzilado a mando dos Bandidos do PCC CHINÊS sanguenarios violentos sedentos de sangue morte e destruição.', 'authorDisplayName': 'Nancy Motta', 'authorProfileImageUrl': 'https://yt3.ggpht.com/ytc/AGIKgqPDryMyxKNs8a0n2JX9XG0BAPU73ESvnlY6=s48-c-k-c0x00ffffff-no-rj', 'authorChannelUrl': 'http://www.youtube.com/channel/UCersYyCOSWFOI6fUwfd9aXQ', 'authorChannelId': {'value': 'UCersYyCOSWFOI6fUwfd9aXQ'}, 'canRate': True, 'viewerRating': 'none', 'likeCount': 0, 'publishedAt': '2022-10-26T18:44:11Z', 'updatedAt': '2022-10-26T18:44:11Z'}}, 'canReply': True, 'totalReplyCount': 0, 'isPublic': True}",,UCersYyCOSWFOI6fUwfd9aXQ,2022-10-26T18:44:11Z,"De certeza quem mandou retirar o parlamentar foi o bandido assassino de alta periculosidade XI JINPING SÉRIAL KILLER ASSASSINO EM SÉRIE, para ser fuzilado a mando dos Bandidos do PCC CHINÊS sanguenarios violentos sedentos de sangue morte e destruição.",QURTSl9pMkxSVUJPNHJPYm9Ia2JjTGcwdGVrSGJWLUxBMjNPUTN6RWxCMHJxMXhoajNranNHMGltYmw3MnVsS3B2OC01MmRwYmlsb1psMA==,2023-06-08 15:04:26.138048
youtube#commentThread,ysFZTHubVZMaFYT8l6t0hms3Tcw,UgwaPw-h33I_yoAfUoR4AaABAg,"{'videoId': 'uuh1ydDwwrQ', 'topLevelComment': {'kind': 'youtube#comment', 'etag': 'O47IVSJRKurA6C85dDFhpWJvVr4', 'id': 'UgwaPw-h33I_yoAfUoR4AaABAg', 'snippet': {'videoId': 'uuh1ydDwwrQ', 'textDisplay': 'A grande tempestade em curso  .isso é  Maravilhoso.....', 'textOriginal': 'A grande tempestade em curso  .isso é  Maravilhoso.....', 'authorDisplayName': 'Diana Sales', 'authorProfileImageUrl': 'https://yt3.ggpht.com/ytc/AGIKgqP9LlJrESjFXJ2VAxJ_9shwYUo8t30HVv4i9w=s48-c-k-c0x00ffffff-no-rj', 'authorChannelUrl': 'http://www.youtube.com/channel/UCART1aJWD-uJkaSdGuL6nuw', 'authorChannelId': {'value': 'UCART1aJWD-uJkaSdGuL6nuw'}, 'canRate': True, 'viewerRating': 'none', 'likeCount': 0, 'publishedAt': '2022-10-26T18:24:36Z', 'updatedAt': '2022-10-26T18:24:36Z'}}, 'canReply': True, 'totalReplyCount': 0, 'isPublic': True}",,UCART1aJWD-uJkaSdGuL6nuw,2022-10-26T18:24:36Z,A grande tempestade em curso  .isso é  Maravilhoso.....,QURTSl9pMkxSVUJPNHJPYm9Ia2JjTGcwdGVrSGJWLUxBMjNPUTN6RWxCMHJxMXhoajNranNHMGltYmw3MnVsS3B2OC01MmRwYmlsb1psMA==,2023-06-08 15:04:26.138048
youtube#commentThread,vxL8Bu6Hl5ZX8Q6xVDLCRZapI_g,Ugzw5XvVCJLf795uFNB4AaABAg,"{'videoId': 'uuh1ydDwwrQ', 'topLevelComment': {'kind': 'youtube#comment', 'etag': 'PUR4iEDNq5BoupLcQKFsEhiJJRo', 'id': 'Ugzw5XvVCJLf795uFNB4AaABAg', 'snippet': {'videoId': 'uuh1ydDwwrQ', 'textDisplay': 'Se vc abre mão da sua liberdade por segurança, vc corre o risco de ficar sem nenhuma das duas. Durante a pandemia nos foi tirado nossa liberdade de ir e vir por conta da SEGURANÇA da nossa saúde. Olha o resultado agora, a CENSURA do TSE calando todos em nome da democracia. Professor sem escrúpulos passando pano pra DITADURA COMUNISTA.', 'textOriginal': 'Se vc abre mão da sua liberdade por segurança, vc corre o risco de ficar sem nenhuma das duas. Durante a pandemia nos foi tirado nossa liberdade de ir e vir por conta da SEGURANÇA da nossa saúde. Olha o resultado agora, a CENSURA do TSE calando todos em nome da democracia. Professor sem escrúpulos passando pano pra DITADURA COMUNISTA.', 'authorDisplayName': 'Joelton Azuz', 'authorProfileImageUrl': 'https://yt3.ggpht.com/ytc/AGIKgqNPxByD-VI5BF_Ti115gjffxKq7sfuGgJZySqTgwA=s48-c-k-c0x00ffffff-no-rj', 'authorChannelUrl': 'http://www.youtube.com/channel/UCwyI1jJ-iaMWEIcPn0Kntng', 'authorChannelId': {'value': 'UCwyI1jJ-iaMWEIcPn0Kntng'}, 'canRate': True, 'viewerRating': 'none', 'likeCount': 0, 'publishedAt': '2022-10-26T15:47:53Z', 'updatedAt': '2022-10-26T15:48:49Z'}}, 'canReply': True, 'totalReplyCount': 0, 'isPublic': True}",,UCwyI1jJ-iaMWEIcPn0Kntng,2022-10-26T15:47:53Z,"Se vc abre mão da sua liberdade por segurança, vc corre o risco de ficar sem nenhuma das duas. Durante a pandemia nos foi tirado nossa liberdade de ir e vir por conta da SEGURANÇA da nossa saúde. Olha o resultado agora, a CENSURA do TSE calando todos em nome da democracia. Professor sem escrúpulos passando pano pra DITADURA COMUNISTA.",QURTSl9pMkxSVUJPNHJPYm9Ia2JjTGcwdGVrSGJWLUxBMjNPUTN6RWxCMHJxMXhoajNranNHMGltYmw3MnVsS3B2OC01MmRwYmlsb1psMA==,2023-06-08 15:04:26.138048
youtube#commentThread,P-QbrsdzNXtZVW_ZsccOrVlnios,UgznvWQ8xcOwDOwPpDt4AaABAg,"{'videoId': 'uuh1ydDwwrQ', 'topLevelComment': {'kind': 'youtube#comment', 'etag': 'oOLo_YfPL6-baUx2nThi2WGO_Cc', 'id': 'UgznvWQ8xcOwDOwPpDt4AaABAg', 'snippet': {'videoId': 'uuh1ydDwwrQ', 'textDisplay': 'Teoria da conspiração kkkkkkkkkkkkkkk<br>Os caras não admitem a realidade de forma alguma. Tá na cara que foi um expurgo político por hegemonia de poder', 'textOriginal': 'Teoria da conspiração kkkkkkkkkkkkkkk\\nOs caras não admitem a realidade de forma alguma. Tá na cara que foi um expurgo político por hegemonia de poder', 'authorDisplayName': 'Emerson Faveri', 'authorProfileImageUrl': 'https://yt3.ggpht.com/ytc/AGIKgqPdPVDsg7U8f_fMX3aXsDBEwyFQ8pK11OvsJkYMcg=s48-c-k-c0x00ffffff-no-rj', 'authorChannelUrl': 'http://www.youtube.com/channel/UCUj_BRn9jnXBGSjLnYRjVIg', 'authorChannelId': {'value': 'UCUj_BRn9jnXBGSjLnYRjVIg'}, 'canRate': True, 'viewerRating': 'none', 'likeCount': 0, 'publishedAt': '2022-10-26T15:20:01Z', 'updatedAt': '2022-10-26T15:20:01Z'}}, 'canReply': True, 'totalReplyCount': 0, 'isPublic': True}",,UCUj_BRn9jnXBGSjLnYRjVIg,2022-10-26T15:20:01Z,"Teoria da conspiração kkkkkkkkkkkkkkk
Os caras não admitem a realidade de forma alguma. Tá na cara que foi um expurgo político por hegemonia de poder",QURTSl9pMkxSVUJPNHJPYm9Ia2JjTGcwdGVrSGJWLUxBMjNPUTN6RWxCMHJxMXhoajNranNHMGltYmw3MnVsS3B2OC01MmRwYmlsb1psMA==,2023-06-08 15:04:26.138048
youtube#commentThread,LCt7MhQVJHhtlOHMJZ6yaQWEVpw,UgxN_JrAXB1LfaqWGGV4AaABAg,"{'videoId': 'uuh1ydDwwrQ', 'topLevelComment': {'kind': 'youtube#comment', 'etag': 'oFMHQxOzRYwN23OOkxSclquFFnA', 'id': 'UgxN_JrAXB1LfaqWGGV4AaABAg', 'snippet': {'videoId': 'uuh1ydDwwrQ', 'textDisplay': 'HU &quot;JANTADO&quot; foi &quot;convidado&quot;  a ir pra geladeira...coisa de COMUNISTAS !!!', 'textOriginal': 'HU ""JANTADO"" foi ""convidado""  a ir pra geladeira...coisa de COMUNISTAS !!!', 'authorDisplayName': 'Marcelo F. Santos', 'authorProfileImageUrl': 'https://yt3.ggpht.com/ytc/AGIKgqOtLWTspEKsw003ZJgGsf6PmFidObU_mCIg6PEX0Q=s48-c-k-c0x00ffffff-no-rj', 'authorChannelUrl': 'http://www.youtube.com/channel/UCFeJhaq4T5nteCxDm-QsUVQ', 'authorChannelId': {'value': 'UCFeJhaq4T5nteCxDm-QsUVQ'}, 'canRate': True, 'viewerRating': 'none', 'likeCount': 1, 'publishedAt': '2022-10-26T12:09:13Z', 'updatedAt': '2022-10-26T12:09:13Z'}}, 'canReply': True, 'totalReplyCount': 0, 'isPublic': True}",,UCFeJhaq4T5nteCxDm-QsUVQ,2022-10-26T12:09:13Z,"HU ""JANTADO"" foi ""convidado""  a ir pra geladeira...coisa de COMUNISTAS !!!",QURTSl9pMkxSVUJPNHJPYm9Ia2JjTGcwdGVrSGJWLUxBMjNPUTN6RWxCMHJxMXhoajNranNHMGltYmw3MnVsS3B2OC01MmRwYmlsb1psMA==,2023-06-08 15:04:26.138048
youtube#commentThread,2yen-ro9V7G2Hyf9-R711LERmgQ,UgwCjirAmmmBwpHA2fd4AaABAg,"{'videoId': 'uuh1ydDwwrQ', 'topLevelComment': {'kind': 'youtube#comment', 'etag': 'iN7DhHLV1ClypmetOP9115Uby60', 'id': 'UgwCjirAmmmBwpHA2fd4AaABAg', 'snippet': {'videoId': 'uuh1ydDwwrQ', 'textDisplay': 'Tradução: Rolando Lero.', 'textOriginal': 'Tradução: Rolando Lero.', 'authorDisplayName': 'André Cláuido de Sousa Sousa', 'authorProfileImageUrl': 'https://yt3.ggpht.com/ytc/AGIKgqPK4KPbzh-9TOUs6g_4Hn_df3nFgyOFR474tABmMw=s48-c-k-c0x00ffffff-no-rj', 'authorChannelUrl': 'http://www.youtube.com/channel/UCYYecoKZInSSLbh-vutAV1Q', 'authorChannelId': {'value': 'UCYYecoKZInSSLbh-vutAV1Q'}, 'canRate': True, 'viewerRating': 'none', 'likeCount': 0, 'publishedAt': '2022-10-26T11:36:41Z', 'updatedAt': '2022-10-26T11:36:54Z'}}, 'canReply': True, 'totalReplyCount': 0, 'isPublic': True}",,UCYYecoKZInSSLbh-vutAV1Q,2022-10-26T11:36:41Z,Tradução: Rolando Lero.,QURTSl9pMkxSVUJPNHJPYm9Ia2JjTGcwdGVrSGJWLUxBMjNPUTN6RWxCMHJxMXhoajNranNHMGltYmw3MnVsS3B2OC01MmRwYmlsb1psMA==,2023-06-08 15:04:26.138048
youtube#commentThread,GHNvJJUpLzQTalN2BgIBMIsNfbc,UgzdU_sCXAVY0xdI_m14AaABAg,"{'videoId': 'uuh1ydDwwrQ', 'topLevelComment': {'kind': 'youtube#comment', 'etag': 'Ly3oe_UI05P53tdZLsKFuKedQ3k', 'id': 'UgzdU_sCXAVY0xdI_m14AaABAg', 'snippet': {'videoId': 'uuh1ydDwwrQ', 'textDisplay': 'Profe. Passa pano pra China que vergonha', 'textOriginal': 'Profe. Passa pano pra China que vergonha', 'authorDisplayName': 'Luciano Matos', 'authorProfileImageUrl': 'https://yt3.ggpht.com/ytc/AGIKgqPXYc3oU8r25t6PFKavvo_meynYbGH6CHYccA=s48-c-k-c0x00ffffff-no-rj', 'authorChannelUrl': 'http://www.youtube.com/channel/UCXhfhFBLjLfMPQxZ5KyrN9Q', 'authorChannelId': {'value': 'UCXhfhFBLjLfMPQxZ5KyrN9Q'}, 'canRate': True, 'viewerRating': 'none', 'likeCount': 0, 'publishedAt': '2022-10-26T10:51:16Z', 'updatedAt': '2022-10-26T10:51:16Z'}}, 'canReply': True, 'totalReplyCount': 0, 'isPublic': True}",,UCXhfhFBLjLfMPQxZ5KyrN9Q,2022-10-26T10:51:16Z,Profe. Passa pano pra China que vergonha,QURTSl9pMkxSVUJPNHJPYm9Ia2JjTGcwdGVrSGJWLUxBMjNPUTN6RWxCMHJxMXhoajNranNHMGltYmw3MnVsS3B2OC01MmRwYmlsb1psMA==,2023-06-08 15:04:26.138048
youtube#commentThread,IuJtzKfiOQwThBcVaYCOzrhnMaA,UgxqUqkySfGE2tCvRSR4AaABAg,"{'videoId': 'uuh1ydDwwrQ', 'topLevelComment': {'kind': 'youtube#comment', 'etag': '_7QXkYeQEZonOzGq2adUkj44yN4', 'id': 'UgxqUqkySfGE2tCvRSR4AaABAg', 'snippet': {'videoId': 'uuh1ydDwwrQ', 'textDisplay': 'Absolutamente normal, diz o &quot;professor&quot;.   Vemos claramente que Jintao está desconfortável e amedrontado, tenta ainda pedir algo para o Xi Jin que literalmente faz cara de paisagem. Isso acontece quando você discorda do DITADOR.  Se liga MANÉ!!!!', 'textOriginal': 'Absolutamente normal, diz o ""professor"".   Vemos claramente que Jintao está desconfortável e amedrontado, tenta ainda pedir algo para o Xi Jin que literalmente faz cara de paisagem. Isso acontece quando você discorda do DITADOR.  Se liga MANÉ!!!!', 'authorDisplayName': 'Beto Schmitt', 'authorProfileImageUrl': 'https://yt3.ggpht.com/ytc/AGIKgqOJ-bOQs2vAcCrztzkqw71IsPwjQV2DIBtail1TAQ=s48-c-k-c0x00ffffff-no-rj', 'authorChannelUrl': 'http://www.youtube.com/channel/UCpttlORLxJegHCE8bfhZ1Qw', 'authorChannelId': {'value': 'UCpttlORLxJegHCE8bfhZ1Qw'}, 'canRate': True, 'viewerRating': 'none', 'likeCount': 0, 'publishedAt': '2022-10-26T08:07:51Z', 'updatedAt': '2022-10-26T08:09:35Z'}}, 'canReply': True, 'totalReplyCount': 0, 'isPublic': True}",,UCpttlORLxJegHCE8bfhZ1Qw,2022-10-26T08:07:51Z,"Absolutamente normal, diz o ""professor"".   Vemos claramente que Jintao está desconfortável e amedrontado, tenta ainda pedir algo para o Xi Jin que literalmente faz cara de paisagem. Isso acontece quando você discorda do DITADOR.  Se liga MANÉ!!!!",QURTSl9pMkxSVUJPNHJPYm9Ia2JjTGcwdGVrSGJWLUxBMjNPUTN6RWxCMHJxMXhoajNranNHMGltYmw3MnVsS3B2OC01MmRwYmlsb1psMA==,2023-06-08 15:04:26.138048
youtube#commentThread,2LO9mM6-XRW8_LLsr_WI77q1S_Y,UgyAKpQZOJz_ZHfEsaV4AaABAg,"{'videoId': 'uuh1ydDwwrQ', 'topLevelComment': {'kind': 'youtube#comment', 'etag': 'j_cNpUMXSdWZptxp-OSqpZdJwd0', 'id': 'UgyAKpQZOJz_ZHfEsaV4AaABAg', 'snippet': {'videoId': 'uuh1ydDwwrQ', 'textDisplay': 'Patético esse “ professor “ falar o que aconteceu, kkkk.', 'textOriginal': 'Patético esse “ professor “ falar o que aconteceu, kkkk.', 'authorDisplayName': 'Verdade', 'authorProfileImageUrl': 'https://yt3.ggpht.com/Zv0diYqh8Lj7RC-uxdS6SS8QtXfWjdEYq_e-2Fzn-JZoBspPQV_SpKkJd0EY3l82OZCc7ARvi2I=s48-c-k-c0x00ffffff-no-rj', 'authorChannelUrl': 'http://www.youtube.com/channel/UCXrR2BQ5_qOpwPI1A6F-qBA', 'authorChannelId': {'value': 'UCXrR2BQ5_qOpwPI1A6F-qBA'}, 'canRate': True, 'viewerRating': 'none', 'likeCount': 0, 'publishedAt': '2022-10-26T05:56:05Z', 'updatedAt': '2022-10-26T05:56:05Z'}}, 'canReply': True, 'totalReplyCount': 0, 'isPublic': True}",,UCXrR2BQ5_qOpwPI1A6F-qBA,2022-10-26T05:56:05Z,"Patético esse “ professor “ falar o que aconteceu, kkkk.",QURTSl9pMkxSVUJPNHJPYm9Ia2JjTGcwdGVrSGJWLUxBMjNPUTN6RWxCMHJxMXhoajNranNHMGltYmw3MnVsS3B2OC01MmRwYmlsb1psMA==,2023-06-08 15:04:26.138048
youtube#commentThread,_23FlZC7R6c0bJqecfbARqYa_Is,Ugwi14L-vj0NzhjcNRJ4AaABAg,"{'videoId': 'uuh1ydDwwrQ', 'topLevelComment': {'kind': 'youtube#comment', 'etag': 'olJcjcPpUvLcFkZvCrIc7NX6ZVE', 'id': 'Ugwi14L-vj0NzhjcNRJ4AaABAg', 'snippet': {'videoId': 'uuh1ydDwwrQ', 'textDisplay': 'Esse analista tá em Nárnia, passando um pano legal pra clara expulsão do Hu!', 'textOriginal': 'Esse analista tá em Nárnia, passando um pano legal pra clara expulsão do Hu!', 'authorDisplayName': 'Santos', 'authorProfileImageUrl': 'https://yt3.ggpht.com/FwL1x5IiHzO7OhanY1HDK-YWK1Gl087RP1LO6vFeoFK4Bta2SmTQd0TDmRuYq5mqLgsgy3RQ=s48-c-k-c0x00ffffff-no-rj', 'authorChannelUrl': 'http://www.youtube.com/channel/UCNNAUzQs2Ns6yhiTkXfYrsA', 'authorChannelId': {'value': 'UCNNAUzQs2Ns6yhiTkXfYrsA'}, 'canRate': True, 'viewerRating': 'none', 'likeCount': 0, 'publishedAt': '2022-10-26T05:37:40Z', 'updatedAt': '2022-10-26T05:37:40Z'}}, 'canReply': True, 'totalReplyCount': 0, 'isPublic': True}",,UCNNAUzQs2Ns6yhiTkXfYrsA,2022-10-26T05:37:40Z,"Esse analista tá em Nárnia, passando um pano legal pra clara expulsão do Hu!",QURTSl9pMkxSVUJPNHJPYm9Ia2JjTGcwdGVrSGJWLUxBMjNPUTN6RWxCMHJxMXhoajNranNHMGltYmw3MnVsS3B2OC01MmRwYmlsb1psMA==,2023-06-08 15:04:26.138048
youtube#commentThread,s1KFMJi7yr9d4nSxCHKyDE8L8jY,Ugx_OHwyIrkP_TlF5ZZ4AaABAg,"{'videoId': 'uuh1ydDwwrQ', 'topLevelComment': {'kind': 'youtube#comment', 'etag': 'b6jyblPzJfn5gu-LiMIE0NRJNSY', 'id': 'Ugx_OHwyIrkP_TlF5ZZ4AaABAg', 'snippet': {'videoId': 'uuh1ydDwwrQ', 'textDisplay': 'Eu creio que ele teve de sair devido a um excesso de democracia dentro da sala e o Hu Jintao não estava a sentir-se bem!!!!!', 'textOriginal': 'Eu creio que ele teve de sair devido a um excesso de democracia dentro da sala e o Hu Jintao não estava a sentir-se bem!!!!!', 'authorDisplayName': 'Rui Amorim', 'authorProfileImageUrl': 'https://yt3.ggpht.com/ytc/AGIKgqPiZD5ZmjVoHvl66kF-nXDN6_oC1IUKbCYymg=s48-c-k-c0x00ffffff-no-rj', 'authorChannelUrl': 'http://www.youtube.com/channel/UC9xrjz0_gf-aDbaZqw_aFMQ', 'authorChannelId': {'value': 'UC9xrjz0_gf-aDbaZqw_aFMQ'}, 'canRate': True, 'viewerRating': 'none', 'likeCount': 0, 'publishedAt': '2022-10-26T05:19:21Z', 'updatedAt': '2022-10-26T05:19:21Z'}}, 'canReply': True, 'totalReplyCount': 0, 'isPublic': True}",,UC9xrjz0_gf-aDbaZqw_aFMQ,2022-10-26T05:19:21Z,Eu creio que ele teve de sair devido a um excesso de democracia dentro da sala e o Hu Jintao não estava a sentir-se bem!!!!!,QURTSl9pMkxSVUJPNHJPYm9Ia2JjTGcwdGVrSGJWLUxBMjNPUTN6RWxCMHJxMXhoajNranNHMGltYmw3MnVsS3B2OC01MmRwYmlsb1psMA==,2023-06-08 15:04:26.138048
youtube#commentThread,ag-ZEsu-ElczDfpPjDd0849Yl1s,Ugz7sIDmPuUFRbMPDD14AaABAg,"{'videoId': 'uuh1ydDwwrQ', 'topLevelComment': {'kind': 'youtube#comment', 'etag': '6HktcC9pPycbTb65cNZzoPl0BG0', 'id': 'Ugz7sIDmPuUFRbMPDD14AaABAg', 'snippet': {'videoId': 'uuh1ydDwwrQ', 'textDisplay': 'TITARAM O CARA AFORÇA', 'textOriginal': 'TITARAM O CARA AFORÇA', 'authorDisplayName': 'Daniel Ávila Tradição Cristã oficial', 'authorProfileImageUrl': 'https://yt3.ggpht.com/ytc/AGIKgqPzfpVuexB0m_eEFhSeG4kwcton9-Nrwir9uZtx7w=s48-c-k-c0x00ffffff-no-rj', 'authorChannelUrl': 'http://www.youtube.com/channel/UCFQKSuY9LrLMeSs8M8V4nXg', 'authorChannelId': {'value': 'UCFQKSuY9LrLMeSs8M8V4nXg'}, 'canRate': True, 'viewerRating': 'none', 'likeCount': 0, 'publishedAt': '2022-10-26T01:56:04Z', 'updatedAt': '2022-10-26T01:56:04Z'}}, 'canReply': True, 'totalReplyCount': 0, 'isPublic': True}",,UCFQKSuY9LrLMeSs8M8V4nXg,2022-10-26T01:56:04Z,TITARAM O CARA AFORÇA,QURTSl9pMkxSVUJPNHJPYm9Ia2JjTGcwdGVrSGJWLUxBMjNPUTN6RWxCMHJxMXhoajNranNHMGltYmw3MnVsS3B2OC01MmRwYmlsb1psMA==,2023-06-08 15:04:26.138048
youtube#commentThread,55xCK1_65b3SsW0XDa3fQYktayw,Ugx3b84tp75Pe5NjQIh4AaABAg,"{'videoId': 'uuh1ydDwwrQ', 'topLevelComment': {'kind': 'youtube#comment', 'etag': 'IuqeYHIHsa5s2MoT9lBylD3CtPo', 'id': 'Ugx3b84tp75Pe5NjQIh4AaABAg', 'snippet': {'videoId': 'uuh1ydDwwrQ', 'textDisplay': 'Quem vai se burro de se levantar contra o governo chinês comunista? <br>Será preso e seus órgãos retirados com a pessoa viva como eles fazem com os cristãos.', 'textOriginal': 'Quem vai se burro de se levantar contra o governo chinês comunista? \\nSerá preso e seus órgãos retirados com a pessoa viva como eles fazem com os cristãos.', 'authorDisplayName': 'doalsei aparecido ziemba', 'authorProfileImageUrl': 'https://yt3.ggpht.com/ytc/AGIKgqMFkXtguPVB3o79VEa1ct9ay6-fXUnMDwcXnQ=s48-c-k-c0x00ffffff-no-rj', 'authorChannelUrl': 'http://www.youtube.com/channel/UC7_N60_ARl88vQhM7iwN4Cg', 'authorChannelId': {'value': 'UC7_N60_ARl88vQhM7iwN4Cg'}, 'canRate': True, 'viewerRating': 'none', 'likeCount': 0, 'publishedAt': '2022-10-26T01:44:36Z', 'updatedAt': '2022-10-26T01:44:36Z'}}, 'canReply': True, 'totalReplyCount': 0, 'isPublic': True}",,UC7_N60_ARl88vQhM7iwN4Cg,2022-10-26T01:44:36Z,"Quem vai se burro de se levantar contra o governo chinês comunista? 
Será preso e seus órgãos retirados com a pessoa viva como eles fazem com os cristãos.",QURTSl9pMkxSVUJPNHJPYm9Ia2JjTGcwdGVrSGJWLUxBMjNPUTN6RWxCMHJxMXhoajNranNHMGltYmw3MnVsS3B2OC01MmRwYmlsb1psMA==,2023-06-08 15:04:26.138048
youtube#commentThread,7lyUeVntLpwJxKx8I7Z7hzZMrfo,UgzM5cMG-rYJg-_J-f54AaABAg,"{'videoId': 'uuh1ydDwwrQ', 'topLevelComment': {'kind': 'youtube#comment', 'etag': 'Y2CURMt-xXUZkEvbNF_D3l-y68Q', 'id': 'UgzM5cMG-rYJg-_J-f54AaABAg', 'snippet': {'videoId': 'uuh1ydDwwrQ', 'textDisplay': 'Esse sim é um embaixador da China.<br>Que nojo de ver isso.', 'textOriginal': 'Esse sim é um embaixador da China.\\nQue nojo de ver isso.', 'authorDisplayName': 'Jerry Moreira', 'authorProfileImageUrl': 'https://yt3.ggpht.com/ytc/AGIKgqM7iCpOt-ha6aKWZRENwPozpxhNuL-aU1aaCKfQJw=s48-c-k-c0x00ffffff-no-rj', 'authorChannelUrl': 'http://www.youtube.com/channel/UCdFKos3YVcfpKZkxHmzY3Ag', 'authorChannelId': {'value': 'UCdFKos3YVcfpKZkxHmzY3Ag'}, 'canRate': True, 'viewerRating': 'none', 'likeCount': 0, 'publishedAt': '2022-10-26T00:45:07Z', 'updatedAt': '2022-10-26T00:45:07Z'}}, 'canReply': True, 'totalReplyCount': 0, 'isPublic': True}",,UCdFKos3YVcfpKZkxHmzY3Ag,2022-10-26T00:45:07Z,"Esse sim é um embaixador da China.
Que nojo de ver isso.",QURTSl9pMkxSVUJPNHJPYm9Ia2JjTGcwdGVrSGJWLUxBMjNPUTN6RWxCMHJxMXhoajNranNHMGltYmw3MnVsS3B2OC01MmRwYmlsb1psMA==,2023-06-08 15:04:26.138048
youtube#commentThread,p69q4hDW7dlKcUbTAX7DGiljVXg,UgxEZc30w56uFtQ5Kat4AaABAg,"{'videoId': 'uuh1ydDwwrQ', 'topLevelComment': {'kind': 'youtube#comment', 'etag': '8Xva_jd6TxGH0aoiSibMfD3gzI0', 'id': 'UgxEZc30w56uFtQ5Kat4AaABAg', 'snippet': {'videoId': 'uuh1ydDwwrQ', 'textDisplay': 'Provavelmente esse cara ai ja não está mais na terra kkk', 'textOriginal': 'Provavelmente esse cara ai ja não está mais na terra kkk', 'authorDisplayName': 'Curiosidades Diversas', 'authorProfileImageUrl': 'https://yt3.ggpht.com/sCo-0_BrasY_EyLp4KHRF0tH40bpcpEc12oUnqYRQ8JZ4e9hg1YxOLDL9MAwAC9IDnYNSeA3yQ=s48-c-k-c0x00ffffff-no-rj', 'authorChannelUrl': 'http://www.youtube.com/channel/UCMcStvFxObLJ1PLBZtMMLAg', 'authorChannelId': {'value': 'UCMcStvFxObLJ1PLBZtMMLAg'}, 'canRate': True, 'viewerRating': 'none', 'likeCount': 0, 'publishedAt': '2022-10-26T00:37:29Z', 'updatedAt': '2022-10-26T00:37:29Z'}}, 'canReply': True, 'totalReplyCount': 0, 'isPublic': True}",,UCMcStvFxObLJ1PLBZtMMLAg,2022-10-26T00:37:29Z,Provavelmente esse cara ai ja não está mais na terra kkk,QURTSl9pMkxSVUJPNHJPYm9Ia2JjTGcwdGVrSGJWLUxBMjNPUTN6RWxCMHJxMXhoajNranNHMGltYmw3MnVsS3B2OC01MmRwYmlsb1psMA==,2023-06-08 15:04:26.138048
youtube#commentThread,3N7ap4fuMg5cIuGL54YBTT3-X9Y,UgxzIZCjzfWMTHXHUcV4AaABAg,"{'videoId': 'uuh1ydDwwrQ', 'topLevelComment': {'kind': 'youtube#comment', 'etag': 'kQONw3Y66bkRc6z_U1ZGB_nnUGw', 'id': 'UgxzIZCjzfWMTHXHUcV4AaABAg', 'snippet': {'videoId': 'uuh1ydDwwrQ', 'textDisplay': 'Parece um comentarista chapa branca. Nada que vem a ditadura chinesa se pode confiar.', 'textOriginal': 'Parece um comentarista chapa branca. Nada que vem a ditadura chinesa se pode confiar.', 'authorDisplayName': 'Bd Santoro', 'authorProfileImageUrl': 'https://yt3.ggpht.com/ytc/AGIKgqNqKVL7u_7dsksdrt05ba0ILZ_QnE9qDQbM18YPHeQ=s48-c-k-c0x00ffffff-no-rj', 'authorChannelUrl': 'http://www.youtube.com/channel/UCUaawgHV0kH28Gp1dZfMw5A', 'authorChannelId': {'value': 'UCUaawgHV0kH28Gp1dZfMw5A'}, 'canRate': True, 'viewerRating': 'none', 'likeCount': 0, 'publishedAt': '2022-10-26T00:31:01Z', 'updatedAt': '2022-10-26T00:31:01Z'}}, 'canReply': True, 'totalReplyCount': 0, 'isPublic': True}",,UCUaawgHV0kH28Gp1dZfMw5A,2022-10-26T00:31:01Z,Parece um comentarista chapa branca. Nada que vem a ditadura chinesa se pode confiar.,QURTSl9pMkxSVUJPNHJPYm9Ia2JjTGcwdGVrSGJWLUxBMjNPUTN6RWxCMHJxMXhoajNranNHMGltYmw3MnVsS3B2OC01MmRwYmlsb1psMA==,2023-06-08 15:04:26.138048
youtube#commentThread,cnUzGKvU5yPg_W0sL0qfg0Vl-YU,UgzJrDbWFj-NlQcRbuZ4AaABAg,"{'videoId': 'uuh1ydDwwrQ', 'topLevelComment': {'kind': 'youtube#comment', 'etag': 'NPOypISk9Pf0Bjy9FVGAiW28dls', 'id': 'UgzJrDbWFj-NlQcRbuZ4AaABAg', 'snippet': {'videoId': 'uuh1ydDwwrQ', 'textDisplay': 'Acredita... foi isso mesmo', 'textOriginal': 'Acredita... foi isso mesmo', 'authorDisplayName': 'Julião Arão', 'authorProfileImageUrl': 'https://yt3.ggpht.com/ytc/AGIKgqOj6I0HAq0HER1Uv4teQDrWML_OJZ6ePqai1Q=s48-c-k-c0x00ffffff-no-rj', 'authorChannelUrl': 'http://www.youtube.com/channel/UCrj3CaDBhKnvhy9qAUpmLAQ', 'authorChannelId': {'value': 'UCrj3CaDBhKnvhy9qAUpmLAQ'}, 'canRate': True, 'viewerRating': 'none', 'likeCount': 0, 'publishedAt': '2022-10-26T00:22:40Z', 'updatedAt': '2022-10-26T00:22:40Z'}}, 'canReply': True, 'totalReplyCount': 0, 'isPublic': True}",,UCrj3CaDBhKnvhy9qAUpmLAQ,2022-10-26T00:22:40Z,Acredita... foi isso mesmo,QURTSl9pM3N4ZlVLQlQzZjFTQWFVR1dpclFobzQtcS02d0ZJc1ZTMzVnV2xZbGF2c05yQTgxckZJSFBPU2kwV0RaNHlQYnMzSnR2OTc2dw==,2023-06-08 15:04:26.987982
youtube#commentThread,d7lUuNP2E64ItQI4Ck6AUFmi0xY,UgxY_5fAhhShWD20d9l4AaABAg,"{'videoId': 'uuh1ydDwwrQ', 'topLevelComment': {'kind': 'youtube#comment', 'etag': 'hFDZHtF9VAXyY3Mdbm8_uSu0IoI', 'id': 'UgxY_5fAhhShWD20d9l4AaABAg', 'snippet': {'videoId': 'uuh1ydDwwrQ', 'textDisplay': 'Esse homem foi tirado a força. O resto é conversa pra boi dormir!', 'textOriginal': 'Esse homem foi tirado a força. O resto é conversa pra boi dormir!', 'authorDisplayName': 'Jaime meco', 'authorProfileImageUrl': 'https://yt3.ggpht.com/ytc/AGIKgqNtx26HVtYexxRVtisrWv26SO0FpvBsvRZ8JShrtbNO6341yCpm7NhcOXLmsZGH=s48-c-k-c0x00ffffff-no-rj', 'authorChannelUrl': 'http://www.youtube.com/channel/UC4K14D9hVmZvJkGxCRFqpYA', 'authorChannelId': {'value': 'UC4K14D9hVmZvJkGxCRFqpYA'}, 'canRate': True, 'viewerRating': 'none', 'likeCount': 0, 'publishedAt': '2022-10-26T00:09:34Z', 'updatedAt': '2022-10-26T00:09:34Z'}}, 'canReply': True, 'totalReplyCount': 0, 'isPublic': True}",,UC4K14D9hVmZvJkGxCRFqpYA,2022-10-26T00:09:34Z,Esse homem foi tirado a força. O resto é conversa pra boi dormir!,QURTSl9pM3N4ZlVLQlQzZjFTQWFVR1dpclFobzQtcS02d0ZJc1ZTMzVnV2xZbGF2c05yQTgxckZJSFBPU2kwV0RaNHlQYnMzSnR2OTc2dw==,2023-06-08 15:04:26.987982
youtube#commentThread,Tv3LEUcTbePqL_9IPpqzn4GvDKw,UgzjpO392KyRxPMLD7J4AaABAg,"{'videoId': 'uuh1ydDwwrQ', 'topLevelComment': {'kind': 'youtube#comment', 'etag': '8q-7Dqq87fy5I1buwMO6YpMkffk', 'id': 'UgzjpO392KyRxPMLD7J4AaABAg', 'snippet': {'videoId': 'uuh1ydDwwrQ', 'textDisplay': 'Teve um mal súbito e saiu andando ..ta bom', 'textOriginal': 'Teve um mal súbito e saiu andando ..ta bom', 'authorDisplayName': 'TV and Music', 'authorProfileImageUrl': 'https://yt3.ggpht.com/zIHJocC5_-iEoSSSX0t4JUGK4kQ-RgSEdQOdvRV98q38F4LwBVHC60Mf6dQEQb1LddRA2Oc3=s48-c-k-c0x00ffffff-no-rj', 'authorChannelUrl': 'http://www.youtube.com/channel/UCzT8NkxVr3mEMfCEuewEiQA', 'authorChannelId': {'value': 'UCzT8NkxVr3mEMfCEuewEiQA'}, 'canRate': True, 'viewerRating': 'none', 'likeCount': 0, 'publishedAt': '2022-10-25T22:31:31Z', 'updatedAt': '2022-10-25T22:31:31Z'}}, 'canReply': True, 'totalReplyCount': 0, 'isPublic': True}",,UCzT8NkxVr3mEMfCEuewEiQA,2022-10-25T22:31:31Z,Teve um mal súbito e saiu andando ..ta bom,QURTSl9pM3N4ZlVLQlQzZjFTQWFVR1dpclFobzQtcS02d0ZJc1ZTMzVnV2xZbGF2c05yQTgxckZJSFBPU2kwV0RaNHlQYnMzSnR2OTc2dw==,2023-06-08 15:04:26.987982
youtube#commentThread,E6XIZOVRPn60DK2F5eF8-2YPbrs,UgwCwJxjt-vTrQOqN8N4AaABAg,"{'videoId': 'uuh1ydDwwrQ', 'topLevelComment': {'kind': 'youtube#comment', 'etag': 'lRwdbXmLHtqcLFE4HmdHVEqAe7M', 'id': 'UgwCwJxjt-vTrQOqN8N4AaABAg', 'snippet': {'videoId': 'uuh1ydDwwrQ', 'textDisplay': 'Se depois disso desaparecer já sabe né', 'textOriginal': 'Se depois disso desaparecer já sabe né', 'authorDisplayName': 'TV and Music', 'authorProfileImageUrl': 'https://yt3.ggpht.com/zIHJocC5_-iEoSSSX0t4JUGK4kQ-RgSEdQOdvRV98q38F4LwBVHC60Mf6dQEQb1LddRA2Oc3=s48-c-k-c0x00ffffff-no-rj', 'authorChannelUrl': 'http://www.youtube.com/channel/UCzT8NkxVr3mEMfCEuewEiQA', 'authorChannelId': {'value': 'UCzT8NkxVr3mEMfCEuewEiQA'}, 'canRate': True, 'viewerRating': 'none', 'likeCount': 0, 'publishedAt': '2022-10-25T22:29:23Z', 'updatedAt': '2022-10-25T22:29:23Z'}}, 'canReply': True, 'totalReplyCount': 0, 'isPublic': True}",,UCzT8NkxVr3mEMfCEuewEiQA,2022-10-25T22:29:23Z,Se depois disso desaparecer já sabe né,QURTSl9pM3N4ZlVLQlQzZjFTQWFVR1dpclFobzQtcS02d0ZJc1ZTMzVnV2xZbGF2c05yQTgxckZJSFBPU2kwV0RaNHlQYnMzSnR2OTc2dw==,2023-06-08 15:04:26.987982
youtube#commentThread,-r1rvgp3DZ0TrjHoswVm7PyPj-s,UgwwSUJNWsOqs1m0yXd4AaABAg,"{'videoId': 'uuh1ydDwwrQ', 'topLevelComment': {'kind': 'youtube#comment', 'etag': 'awc4WaOCYHGY3P6ZSGTQHgcMXrw', 'id': 'UgwwSUJNWsOqs1m0yXd4AaABAg', 'snippet': {'videoId': 'uuh1ydDwwrQ', 'textDisplay': 'vc ve um claro medo do reporte em falar o assunto !', 'textOriginal': 'vc ve um claro medo do reporte em falar o assunto !', 'authorDisplayName': 'Carlos André Rocha', 'authorProfileImageUrl': 'https://yt3.ggpht.com/ytc/AGIKgqNwwxHHk6yVjr19vE_BzJQs4EEoGVFVCcsMlkl_xA=s48-c-k-c0x00ffffff-no-rj', 'authorChannelUrl': 'http://www.youtube.com/channel/UCHfj5hsPoAeltMCx9zAcJLg', 'authorChannelId': {'value': 'UCHfj5hsPoAeltMCx9zAcJLg'}, 'canRate': True, 'viewerRating': 'none', 'likeCount': 0, 'publishedAt': '2022-10-25T22:08:25Z', 'updatedAt': '2022-10-25T22:08:25Z'}}, 'canReply': True, 'totalReplyCount': 0, 'isPublic': True}",,UCHfj5hsPoAeltMCx9zAcJLg,2022-10-25T22:08:25Z,vc ve um claro medo do reporte em falar o assunto !,QURTSl9pM3N4ZlVLQlQzZjFTQWFVR1dpclFobzQtcS02d0ZJc1ZTMzVnV2xZbGF2c05yQTgxckZJSFBPU2kwV0RaNHlQYnMzSnR2OTc2dw==,2023-06-08 15:04:26.987982
youtube#commentThread,IetqzE0RV-MKwzNYu7LoJGjkpN4,UgwrCkcKppYdh5PypzN4AaABAg,"{'videoId': 'uuh1ydDwwrQ', 'topLevelComment': {'kind': 'youtube#comment', 'etag': 'TYROLKc3cPAAhiGiNa-ygKL2E9I', 'id': 'UgwrCkcKppYdh5PypzN4AaABAg', 'snippet': {'videoId': 'uuh1ydDwwrQ', 'textDisplay': 'ata ! foi isso mesmo ! o povo e besta', 'textOriginal': 'ata ! foi isso mesmo ! o povo e besta', 'authorDisplayName': 'Carlos André Rocha', 'authorProfileImageUrl': 'https://yt3.ggpht.com/ytc/AGIKgqNwwxHHk6yVjr19vE_BzJQs4EEoGVFVCcsMlkl_xA=s48-c-k-c0x00ffffff-no-rj', 'authorChannelUrl': 'http://www.youtube.com/channel/UCHfj5hsPoAeltMCx9zAcJLg', 'authorChannelId': {'value': 'UCHfj5hsPoAeltMCx9zAcJLg'}, 'canRate': True, 'viewerRating': 'none', 'likeCount': 0, 'publishedAt': '2022-10-25T22:07:26Z', 'updatedAt': '2022-10-25T22:07:26Z'}}, 'canReply': True, 'totalReplyCount': 0, 'isPublic': True}",,UCHfj5hsPoAeltMCx9zAcJLg,2022-10-25T22:07:26Z,ata ! foi isso mesmo ! o povo e besta,QURTSl9pM3N4ZlVLQlQzZjFTQWFVR1dpclFobzQtcS02d0ZJc1ZTMzVnV2xZbGF2c05yQTgxckZJSFBPU2kwV0RaNHlQYnMzSnR2OTc2dw==,2023-06-08 15:04:26.987982
youtube#commentThread,_5dRRlqUqCUDZcqF4EKPSFX0Y_o,UgyflDq-Y5BnfYqCpKF4AaABAg,"{'videoId': 'uuh1ydDwwrQ', 'topLevelComment': {'kind': 'youtube#comment', 'etag': 'v1NCTVFcfy_2fl7g9lA9X--uATg', 'id': 'UgyflDq-Y5BnfYqCpKF4AaABAg', 'snippet': {'videoId': 'uuh1ydDwwrQ', 'textDisplay': 'Deus nos livre dessa corja socialista comunista.  China NOM . Sr. Presidente Jair Messias Bolsonaro melhor Presidente do 🌎LIBERDADE SEMPRE BRASIL!🦅🇧🇷🙏🙏🙏', 'textOriginal': 'Deus nos livre dessa corja socialista comunista.  China NOM . Sr. Presidente Jair Messias Bolsonaro melhor Presidente do 🌎LIBERDADE SEMPRE BRASIL!🦅🇧🇷🙏🙏🙏', 'authorDisplayName': 'Carlos Ibraim', 'authorProfileImageUrl': 'https://yt3.ggpht.com/ytc/AGIKgqODXEwiQ922nH85FfF5gPpySOWmIGCPh0LYFNc45tI=s48-c-k-c0x00ffffff-no-rj', 'authorChannelUrl': 'http://www.youtube.com/channel/UCQCwYw2V41TOSRsyrENLV9w', 'authorChannelId': {'value': 'UCQCwYw2V41TOSRsyrENLV9w'}, 'canRate': True, 'viewerRating': 'none', 'likeCount': 0, 'publishedAt': '2022-10-25T21:58:30Z', 'updatedAt': '2022-10-25T21:58:30Z'}}, 'canReply': True, 'totalReplyCount': 0, 'isPublic': True}",,UCQCwYw2V41TOSRsyrENLV9w,2022-10-25T21:58:30Z,Deus nos livre dessa corja socialista comunista.  China NOM . Sr. Presidente Jair Messias Bolsonaro melhor Presidente do 🌎LIBERDADE SEMPRE BRASIL!🦅🇧🇷🙏🙏🙏,QURTSl9pM3N4ZlVLQlQzZjFTQWFVR1dpclFobzQtcS02d0ZJc1ZTMzVnV2xZbGF2c05yQTgxckZJSFBPU2kwV0RaNHlQYnMzSnR2OTc2dw==,2023-06-08 15:04:26.987982
youtube#commentThread,LpThX0cVQpgQ6xVJ8zPgltws3vA,UgwJaSywkR2i2qfYgPV4AaABAg,"{'videoId': 'uuh1ydDwwrQ', 'topLevelComment': {'kind': 'youtube#comment', 'etag': 'OOSTD6cdjbMckPRnXe_WIrHgUNI', 'id': 'UgwJaSywkR2i2qfYgPV4AaABAg', 'snippet': {'videoId': 'uuh1ydDwwrQ', 'textDisplay': 'Mentira comunista , numca fala a verdade! NOM gafanhotos!😡🤢', 'textOriginal': 'Mentira comunista , numca fala a verdade! NOM gafanhotos!😡🤢', 'authorDisplayName': 'Carlos Ibraim', 'authorProfileImageUrl': 'https://yt3.ggpht.com/ytc/AGIKgqODXEwiQ922nH85FfF5gPpySOWmIGCPh0LYFNc45tI=s48-c-k-c0x00ffffff-no-rj', 'authorChannelUrl': 'http://www.youtube.com/channel/UCQCwYw2V41TOSRsyrENLV9w', 'authorChannelId': {'value': 'UCQCwYw2V41TOSRsyrENLV9w'}, 'canRate': True, 'viewerRating': 'none', 'likeCount': 0, 'publishedAt': '2022-10-25T21:54:30Z', 'updatedAt': '2022-10-25T21:54:30Z'}}, 'canReply': True, 'totalReplyCount': 0, 'isPublic': True}",,UCQCwYw2V41TOSRsyrENLV9w,2022-10-25T21:54:30Z,"Mentira comunista , numca fala a verdade! NOM gafanhotos!😡🤢",QURTSl9pM3N4ZlVLQlQzZjFTQWFVR1dpclFobzQtcS02d0ZJc1ZTMzVnV2xZbGF2c05yQTgxckZJSFBPU2kwV0RaNHlQYnMzSnR2OTc2dw==,2023-06-08 15:04:26.987982
youtube#commentThread,fSlNtS-3R6lOsS-ezMc7Pb93vmE,UgztFoXl-e79fzDCjHR4AaABAg,"{'videoId': 'uuh1ydDwwrQ', 'topLevelComment': {'kind': 'youtube#comment', 'etag': 'MQT_mL7PspVw7XQmuERdGNBPj_A', 'id': 'UgztFoXl-e79fzDCjHR4AaABAg', 'snippet': {'videoId': 'uuh1ydDwwrQ', 'textDisplay': '<b>Talvez porque &quot;Cochilou&quot;</b> <br><b>devido a idade e a Noia do</b> <br><b>Momento, e isso vale até</b> <br><b>pena de morte👇... para</b> <br><b>Tiranos</b><br><b>Como aconteceu com um</b> <br><b>parente do Ditador da</b> <br><b>Correa do Norte, para</b> <br><b>servir de exemplo!</b>', 'textOriginal': '*Talvez porque ""Cochilou""* \\n*devido a idade e a Noia do* \\n*Momento, e isso vale até* \\n*pena de morte👇... para* \\n*Tiranos*\\n*Como aconteceu com um* \\n*parente do Ditador da* \\n*Correa do Norte, para* \\n*servir de exemplo!*', 'authorDisplayName': 'Khristyna Lyma', 'authorProfileImageUrl': 'https://yt3.ggpht.com/ytc/AGIKgqPQX-4K6NvIyLYqpvlDmK37mt9VwRt_yEmijMrLNQ=s48-c-k-c0x00ffffff-no-rj', 'authorChannelUrl': 'http://www.youtube.com/channel/UCIMnP_AQs-QYtAfhyqMb7Bw', 'authorChannelId': {'value': 'UCIMnP_AQs-QYtAfhyqMb7Bw'}, 'canRate': True, 'viewerRating': 'none', 'likeCount': 0, 'publishedAt': '2022-10-25T21:51:58Z', 'updatedAt': '2022-10-25T21:51:58Z'}}, 'canReply': True, 'totalReplyCount': 1, 'isPublic': True}","{'comments': [{'kind': 'youtube#comment', 'etag': '2-Ilpfv8S32HDTNE6iAoV1vZSSk', 'id': 'UgztFoXl-e79fzDCjHR4AaABAg.9hcGI87rLgZ9hcIuywp959', 'snippet': {'videoId': 'uuh1ydDwwrQ', 'textDisplay': '<b>Taiwan, é livre e Moderna!</b><br><b>Se Xin Jinping toma posse,</b><br><b>Vai retirar todas suas</b> <br><b>autonomias, liberdades e</b> <br><b>transformar o povo em,</b> <br><b>robôs como os chineses,</b> <br><b>sem direito a nada, só</b> <br><b>servir o estado, obedientes!</b> <br><b>Sem internet, sem liberdade</b> <br><b>de expressão, sem</b> <br><b>propriedades de pai pra</b> <br><b>filhos...enfim, vai Fudê geral</b><br><b>Vai dá ruim, tá ligadú?</b><br><b>e os líderes mundiais</b><br><b>vendo esse poder, ficam</b><br><b>com vontade e querem tbm!</b><br><b>Pedem aulas e informações,</b><br><b>mandando seus asseclas</b> <br><b>para treinamentos!</b>', 'textOriginal': '*Taiwan, é livre e Moderna!*\\n*Se Xin Jinping toma posse,*\\n*Vai retirar todas suas* \\n*autonomias, liberdades e* \\n*transformar o povo em,* \\n*robôs como os chineses,* \\n*sem direito a nada, só* \\n*servir o estado, obedientes!* \\n*Sem internet, sem liberdade* \\n*de expressão, sem* \\n*propriedades de pai pra* \\n*filhos...enfim, vai Fudê geral*\\n*Vai dá ruim, tá ligadú?*\\n*e os líderes mundiais*\\n*vendo esse poder, ficam*\\n*com vontade e querem tbm!*\\n*Pedem aulas e informações,*\\n*mandando seus asseclas* \\n*para treinamentos!*', 'parentId': 'UgztFoXl-e79fzDCjHR4AaABAg', 'authorDisplayName': 'Khristyna Lyma', 'authorProfileImageUrl': 'https://yt3.ggpht.com/ytc/AGIKgqPQX-4K6NvIyLYqpvlDmK37mt9VwRt_yEmijMrLNQ=s48-c-k-c0x00ffffff-no-rj', 'authorChannelUrl': 'http://www.youtube.com/channel/UCIMnP_AQs-QYtAfhyqMb7Bw', 'authorChannelId': {'value': 'UCIMnP_AQs-QYtAfhyqMb7Bw'}, 'canRate': True, 'viewerRating': 'none', 'likeCount': 0, 'publishedAt': '2022-10-25T22:14:52Z', 'updatedAt': '2022-10-25T22:14:52Z'}}]}",UCIMnP_AQs-QYtAfhyqMb7Bw,2022-10-25T21:51:58Z,"*Talvez porque ""Cochilou""* 
*devido a idade e a Noia do* 
*Momento, e isso vale até* 
*pena de morte👇... para* 
*Tiranos*
*Como aconteceu com um* 
*parente do Ditador da* 
*Correa do Norte, para* 
*servir de exemplo!*",QURTSl9pM3N4ZlVLQlQzZjFTQWFVR1dpclFobzQtcS02d0ZJc1ZTMzVnV2xZbGF2c05yQTgxckZJSFBPU2kwV0RaNHlQYnMzSnR2OTc2dw==,2023-06-08 15:04:26.987982
youtube#commentThread,Hyk2fQFgNL57RECz4-K3GgKjOxQ,UgzF7_4pcwLB41M0VyF4AaABAg,"{'videoId': 'uuh1ydDwwrQ', 'topLevelComment': {'kind': 'youtube#comment', 'etag': '7U-axzxw_71DlSwEvxtmdqrEC8g', 'id': 'UgzF7_4pcwLB41M0VyF4AaABAg', 'snippet': {'videoId': 'uuh1ydDwwrQ', 'textDisplay': 'Até se foi retirado esse Hu jintao. Deichou queimar a política da China no massacre do tibet.. Isso manchou  a imagem partido perante ao mundo.', 'textOriginal': 'Até se foi retirado esse Hu jintao. Deichou queimar a política da China no massacre do tibet.. Isso manchou  a imagem partido perante ao mundo.', 'authorDisplayName': 'Maik jose Correia', 'authorProfileImageUrl': 'https://yt3.ggpht.com/ytc/AGIKgqN1VJwmb_eyOT1lWSFlkobsFvZoNL6FLX3LYP-PS1JyUxS8QnCP6qQguIJi02rK=s48-c-k-c0x00ffffff-no-rj', 'authorChannelUrl': 'http://www.youtube.com/channel/UC8m44HhdWJ9cG5Yp31CCqtA', 'authorChannelId': {'value': 'UC8m44HhdWJ9cG5Yp31CCqtA'}, 'canRate': True, 'viewerRating': 'none', 'likeCount': 0, 'publishedAt': '2022-10-25T21:33:47Z', 'updatedAt': '2022-10-25T21:33:47Z'}}, 'canReply': True, 'totalReplyCount': 0, 'isPublic': True}",,UC8m44HhdWJ9cG5Yp31CCqtA,2022-10-25T21:33:47Z,Até se foi retirado esse Hu jintao. Deichou queimar a política da China no massacre do tibet.. Isso manchou  a imagem partido perante ao mundo.,QURTSl9pM3N4ZlVLQlQzZjFTQWFVR1dpclFobzQtcS02d0ZJc1ZTMzVnV2xZbGF2c05yQTgxckZJSFBPU2kwV0RaNHlQYnMzSnR2OTc2dw==,2023-06-08 15:04:26.987982
youtube#commentThread,R1LhMST-xPooieeZg5URm9AyzQ0,UgzIrsExX4VK06yqqNV4AaABAg,"{'videoId': 'uuh1ydDwwrQ', 'topLevelComment': {'kind': 'youtube#comment', 'etag': 'hxv6NTMkNWghcP2PmEUc7ii6PIo', 'id': 'UgzIrsExX4VK06yqqNV4AaABAg', 'snippet': {'videoId': 'uuh1ydDwwrQ', 'textDisplay': 'Acredite se quiser.!!', 'textOriginal': 'Acredite se quiser.!!', 'authorDisplayName': 'Ruthlene Saraiva', 'authorProfileImageUrl': 'https://yt3.ggpht.com/oxuujluR4mJ_AUr6f7tSM1h-H1TyBX-LXi3fs6XhTeJj8fikDd_37a9oTXao_ANdJPXXQW-pjkk=s48-c-k-c0x00ffffff-no-rj', 'authorChannelUrl': 'http://www.youtube.com/channel/UCBX7xIK8Wzb3KBdzTO7BgsA', 'authorChannelId': {'value': 'UCBX7xIK8Wzb3KBdzTO7BgsA'}, 'canRate': True, 'viewerRating': 'none', 'likeCount': 0, 'publishedAt': '2022-10-25T21:24:59Z', 'updatedAt': '2022-10-25T21:24:59Z'}}, 'canReply': True, 'totalReplyCount': 0, 'isPublic': True}",,UCBX7xIK8Wzb3KBdzTO7BgsA,2022-10-25T21:24:59Z,Acredite se quiser.!!,QURTSl9pM3N4ZlVLQlQzZjFTQWFVR1dpclFobzQtcS02d0ZJc1ZTMzVnV2xZbGF2c05yQTgxckZJSFBPU2kwV0RaNHlQYnMzSnR2OTc2dw==,2023-06-08 15:04:26.987982
youtube#commentThread,BwMBcfclI9qwkadWHs44U_WTHy8,Ugw31RgNsYAuRApkp-d4AaABAg,"{'videoId': 'uuh1ydDwwrQ', 'topLevelComment': {'kind': 'youtube#comment', 'etag': '4-Bs3bBmuUrJq5E0qc-3u9wG5uc', 'id': 'Ugw31RgNsYAuRApkp-d4AaABAg', 'snippet': {'videoId': 'uuh1ydDwwrQ', 'textDisplay': 'Nem os chineses sabem oq se passa no governo e me vem um &quot;professor&quot; querendo saber kkkkkkkkk. É achismo puro, não tem como saber.', 'textOriginal': 'Nem os chineses sabem oq se passa no governo e me vem um ""professor"" querendo saber kkkkkkkkk. É achismo puro, não tem como saber.', 'authorDisplayName': 'Israel Alves', 'authorProfileImageUrl': 'https://yt3.ggpht.com/ytc/AGIKgqPbRx61cgLj-TfNIMKy6hScCRGdMbkBMfuJew=s48-c-k-c0x00ffffff-no-rj', 'authorChannelUrl': 'http://www.youtube.com/channel/UC5HfyKtdo3rRQm9aZOZMiEg', 'authorChannelId': {'value': 'UC5HfyKtdo3rRQm9aZOZMiEg'}, 'canRate': True, 'viewerRating': 'none', 'likeCount': 0, 'publishedAt': '2022-10-25T21:18:10Z', 'updatedAt': '2022-10-25T21:18:10Z'}}, 'canReply': True, 'totalReplyCount': 0, 'isPublic': True}",,UC5HfyKtdo3rRQm9aZOZMiEg,2022-10-25T21:18:10Z,"Nem os chineses sabem oq se passa no governo e me vem um ""professor"" querendo saber kkkkkkkkk. É achismo puro, não tem como saber.",QURTSl9pM3N4ZlVLQlQzZjFTQWFVR1dpclFobzQtcS02d0ZJc1ZTMzVnV2xZbGF2c05yQTgxckZJSFBPU2kwV0RaNHlQYnMzSnR2OTc2dw==,2023-06-08 15:04:26.987982
youtube#commentThread,nIBVyy2Oe-IOqAGFaNYGV2ZSC4o,UgzZh6aoZhuA6CUl-5h4AaABAg,"{'videoId': 'uuh1ydDwwrQ', 'topLevelComment': {'kind': 'youtube#comment', 'etag': '63-4gqDGlSY96A5mZrObaYYHSAs', 'id': 'UgzZh6aoZhuA6CUl-5h4AaABAg', 'snippet': {'videoId': 'uuh1ydDwwrQ', 'textDisplay': 'Foi retirado para mostrar a força do líder...', 'textOriginal': 'Foi retirado para mostrar a força do líder...', 'authorDisplayName': 'Porphirio Gomes de Oliveira', 'authorProfileImageUrl': 'https://yt3.ggpht.com/ytc/AGIKgqO8_HBdr6HbBAIocezCGlIHifx9QL69j7XbBBpbBw=s48-c-k-c0x00ffffff-no-rj', 'authorChannelUrl': 'http://www.youtube.com/channel/UCLAliNg14UclExpVhYEahbg', 'authorChannelId': {'value': 'UCLAliNg14UclExpVhYEahbg'}, 'canRate': True, 'viewerRating': 'none', 'likeCount': 0, 'publishedAt': '2022-10-25T21:17:25Z', 'updatedAt': '2022-10-25T21:17:25Z'}}, 'canReply': True, 'totalReplyCount': 0, 'isPublic': True}",,UCLAliNg14UclExpVhYEahbg,2022-10-25T21:17:25Z,Foi retirado para mostrar a força do líder...,QURTSl9pM3N4ZlVLQlQzZjFTQWFVR1dpclFobzQtcS02d0ZJc1ZTMzVnV2xZbGF2c05yQTgxckZJSFBPU2kwV0RaNHlQYnMzSnR2OTc2dw==,2023-06-08 15:04:26.987982
youtube#commentThread,rOjkO0thV1zFkwypHrYRLEY2c-k,UgxKNeBUOAZGBN7HJSB4AaABAg,"{'videoId': 'uuh1ydDwwrQ', 'topLevelComment': {'kind': 'youtube#comment', 'etag': 'SQa867y7PE_LqQZ9PNSejqxBnm4', 'id': 'UgxKNeBUOAZGBN7HJSB4AaABAg', 'snippet': {'videoId': 'uuh1ydDwwrQ', 'textDisplay': 'Foi retirado a força,o mundo inteiro viu , provavelmente não volta mais .', 'textOriginal': 'Foi retirado a força,o mundo inteiro viu , provavelmente não volta mais .', 'authorDisplayName': 'Demétrius Dias', 'authorProfileImageUrl': 'https://yt3.ggpht.com/ytc/AGIKgqPRoosBi1FOqIjD68RPR6suLgaaZ7NvTRWKiw=s48-c-k-c0x00ffffff-no-rj', 'authorChannelUrl': 'http://www.youtube.com/channel/UCBRcwgVqExt6wq8O1HHy5cg', 'authorChannelId': {'value': 'UCBRcwgVqExt6wq8O1HHy5cg'}, 'canRate': True, 'viewerRating': 'none', 'likeCount': 0, 'publishedAt': '2022-10-25T20:29:28Z', 'updatedAt': '2022-10-25T20:29:28Z'}}, 'canReply': True, 'totalReplyCount': 0, 'isPublic': True}",,UCBRcwgVqExt6wq8O1HHy5cg,2022-10-25T20:29:28Z,"Foi retirado a força,o mundo inteiro viu , provavelmente não volta mais .",QURTSl9pM3N4ZlVLQlQzZjFTQWFVR1dpclFobzQtcS02d0ZJc1ZTMzVnV2xZbGF2c05yQTgxckZJSFBPU2kwV0RaNHlQYnMzSnR2OTc2dw==,2023-06-08 15:04:26.987982
youtube#commentThread,08DCgf21sNhG1yhon0j5PeyWbpY,UgxXVYySoC8rVmNL4lF4AaABAg,"{'videoId': 'uuh1ydDwwrQ', 'topLevelComment': {'kind': 'youtube#comment', 'etag': 'o7aFoS-ysyocNc-JeDrU4PllsOM', 'id': 'UgxXVYySoC8rVmNL4lF4AaABAg', 'snippet': {'videoId': 'uuh1ydDwwrQ', 'textDisplay': 'Está nítido que ele foi retirado a força .  Quem está passando mal sai espontaneamente.  A imagem fala mais do que palavras.', 'textOriginal': 'Está nítido que ele foi retirado a força .  Quem está passando mal sai espontaneamente.  A imagem fala mais do que palavras.', 'authorDisplayName': 'Rejane Blandy', 'authorProfileImageUrl': 'https://yt3.ggpht.com/ytc/AGIKgqPHPHtmhEyI1N4wHJAIDBuU_S2ImMnu_W6bjA=s48-c-k-c0x00ffffff-no-rj', 'authorChannelUrl': 'http://www.youtube.com/channel/UCxX9Jfgjay5X8vJ79Pv8oBw', 'authorChannelId': {'value': 'UCxX9Jfgjay5X8vJ79Pv8oBw'}, 'canRate': True, 'viewerRating': 'none', 'likeCount': 0, 'publishedAt': '2022-10-25T20:20:54Z', 'updatedAt': '2022-10-25T20:20:54Z'}}, 'canReply': True, 'totalReplyCount': 0, 'isPublic': True}",,UCxX9Jfgjay5X8vJ79Pv8oBw,2022-10-25T20:20:54Z,Está nítido que ele foi retirado a força .  Quem está passando mal sai espontaneamente.  A imagem fala mais do que palavras.,QURTSl9pM3N4ZlVLQlQzZjFTQWFVR1dpclFobzQtcS02d0ZJc1ZTMzVnV2xZbGF2c05yQTgxckZJSFBPU2kwV0RaNHlQYnMzSnR2OTc2dw==,2023-06-08 15:04:26.987982
youtube#commentThread,sPaaetjSODG_LZyNsDPEveizW2c,Ugx5jFuDHKMuKZZ2SDN4AaABAg,"{'videoId': 'uuh1ydDwwrQ', 'topLevelComment': {'kind': 'youtube#comment', 'etag': '3vrRWyhXdPrLnHxr0eR_niTbtmg', 'id': 'Ugx5jFuDHKMuKZZ2SDN4AaABAg', 'snippet': {'videoId': 'uuh1ydDwwrQ', 'textDisplay': 'Este professorzinho  comunista passando pano para o Chi gi Ping..todo mundo viu em cadeia nacional o Hum Jin Tao ser retirado a força  ,.porquê  foi contra o 3 mandato do Chi ...professorzinho esquerdista medíocre', 'textOriginal': 'Este professorzinho  comunista passando pano para o Chi gi Ping..todo mundo viu em cadeia nacional o Hum Jin Tao ser retirado a força  ,.porquê  foi contra o 3 mandato do Chi ...professorzinho esquerdista medíocre', 'authorDisplayName': 'Sebastian Neto', 'authorProfileImageUrl': 'https://yt3.ggpht.com/ytc/AGIKgqMoCVXXfXCJzLKFJ3g00tBGlCBqfW6VftLTBw78=s48-c-k-c0x00ffffff-no-rj', 'authorChannelUrl': 'http://www.youtube.com/channel/UCz68CNX-IqnViwt7QFd2lIA', 'authorChannelId': {'value': 'UCz68CNX-IqnViwt7QFd2lIA'}, 'canRate': True, 'viewerRating': 'none', 'likeCount': 0, 'publishedAt': '2022-10-25T20:11:19Z', 'updatedAt': '2022-10-25T20:11:19Z'}}, 'canReply': True, 'totalReplyCount': 0, 'isPublic': True}",,UCz68CNX-IqnViwt7QFd2lIA,2022-10-25T20:11:19Z,"Este professorzinho  comunista passando pano para o Chi gi Ping..todo mundo viu em cadeia nacional o Hum Jin Tao ser retirado a força  ,.porquê  foi contra o 3 mandato do Chi ...professorzinho esquerdista medíocre",QURTSl9pM3N4ZlVLQlQzZjFTQWFVR1dpclFobzQtcS02d0ZJc1ZTMzVnV2xZbGF2c05yQTgxckZJSFBPU2kwV0RaNHlQYnMzSnR2OTc2dw==,2023-06-08 15:04:26.987982
youtube#commentThread,5LjDDxlwbJGxDsAQ1BBQ3-d8Snc,Ugz0z1CkIt0DaL5UeB94AaABAg,"{'videoId': 'uuh1ydDwwrQ', 'topLevelComment': {'kind': 'youtube#comment', 'etag': 'HKUBNN_xaQWhGBgkj5fn2MXEKOY', 'id': 'Ugz0z1CkIt0DaL5UeB94AaABAg', 'snippet': {'videoId': 'uuh1ydDwwrQ', 'textDisplay': 'Sim. Ele não queria sair... à força. Logo eles falarão a verdade sim!! Tudo limpo no Governo Chinês! Claro!', 'textOriginal': 'Sim. Ele não queria sair... à força. Logo eles falarão a verdade sim!! Tudo limpo no Governo Chinês! Claro!', 'authorDisplayName': 'Gilmar Omena', 'authorProfileImageUrl': 'https://yt3.ggpht.com/ytc/AGIKgqPSWXAo7PB4m5WbvPcQo4ZL2CPZZMhVS3ikW2VkbA=s48-c-k-c0x00ffffff-no-rj', 'authorChannelUrl': 'http://www.youtube.com/channel/UCMc6Xin1Xppcdl0QaMfKtYw', 'authorChannelId': {'value': 'UCMc6Xin1Xppcdl0QaMfKtYw'}, 'canRate': True, 'viewerRating': 'none', 'likeCount': 1, 'publishedAt': '2022-10-25T19:51:39Z', 'updatedAt': '2022-10-25T19:51:39Z'}}, 'canReply': True, 'totalReplyCount': 0, 'isPublic': True}",,UCMc6Xin1Xppcdl0QaMfKtYw,2022-10-25T19:51:39Z,Sim. Ele não queria sair... à força. Logo eles falarão a verdade sim!! Tudo limpo no Governo Chinês! Claro!,QURTSl9pM3N4ZlVLQlQzZjFTQWFVR1dpclFobzQtcS02d0ZJc1ZTMzVnV2xZbGF2c05yQTgxckZJSFBPU2kwV0RaNHlQYnMzSnR2OTc2dw==,2023-06-08 15:04:26.987982
youtube#commentThread,Egmw7c8bO7sN1Cu5tFRfmm2c2fA,Ugz9_iaYaY6o8z0am0B4AaABAg,"{'videoId': 'uuh1ydDwwrQ', 'topLevelComment': {'kind': 'youtube#comment', 'etag': 'MwZRl8xEcw4iyVoHLRx7tw4GiIE', 'id': 'Ugz9_iaYaY6o8z0am0B4AaABAg', 'snippet': {'videoId': 'uuh1ydDwwrQ', 'textDisplay': 'Esse professor, de tanto conviver com os chineses já está normalizando a saída do Hu Gintao. Aparentemente ele não estava se sentindo mal. Saiu escoltado.', 'textOriginal': 'Esse professor, de tanto conviver com os chineses já está normalizando a saída do Hu Gintao. Aparentemente ele não estava se sentindo mal. Saiu escoltado.', 'authorDisplayName': 'José Elias Costa', 'authorProfileImageUrl': 'https://yt3.ggpht.com/ytc/AGIKgqNx6LfL2bQ90NLAxHUNkDfoxHSkWhevF9-0qEoi4A=s48-c-k-c0x00ffffff-no-rj', 'authorChannelUrl': 'http://www.youtube.com/channel/UCMLisoRVdTaDR0ZMxJWm6Sw', 'authorChannelId': {'value': 'UCMLisoRVdTaDR0ZMxJWm6Sw'}, 'canRate': True, 'viewerRating': 'none', 'likeCount': 0, 'publishedAt': '2022-10-25T19:28:43Z', 'updatedAt': '2022-10-25T19:28:43Z'}}, 'canReply': True, 'totalReplyCount': 0, 'isPublic': True}",,UCMLisoRVdTaDR0ZMxJWm6Sw,2022-10-25T19:28:43Z,"Esse professor, de tanto conviver com os chineses já está normalizando a saída do Hu Gintao. Aparentemente ele não estava se sentindo mal. Saiu escoltado.",QURTSl9pM3N4ZlVLQlQzZjFTQWFVR1dpclFobzQtcS02d0ZJc1ZTMzVnV2xZbGF2c05yQTgxckZJSFBPU2kwV0RaNHlQYnMzSnR2OTc2dw==,2023-06-08 15:04:26.987982
youtube#commentThread,yqtp0J_VQwb0HDqNxaTYRXDOMgg,UgwIIRYn5piStblenPl4AaABAg,"{'videoId': 'uuh1ydDwwrQ', 'topLevelComment': {'kind': 'youtube#comment', 'etag': '1cOWkODVkFyb8ZyFrkVbeDpzPcc', 'id': 'UgwIIRYn5piStblenPl4AaABAg', 'snippet': {'videoId': 'uuh1ydDwwrQ', 'textDisplay': 'Quem diria que tirar um idoso sem poder, com alzaimer do congresso daria tanto problema hem', 'textOriginal': 'Quem diria que tirar um idoso sem poder, com alzaimer do congresso daria tanto problema hem', 'authorDisplayName': 'Gabriel ss_8', 'authorProfileImageUrl': 'https://yt3.ggpht.com/rf8R1uTDySt0UKl1vH9ifVkkisG-VrhOZSH1QY-zwAiSe2yotGbyOul8uCiYujkhFTb0QQ_PGA=s48-c-k-c0x00ffffff-no-rj', 'authorChannelUrl': 'http://www.youtube.com/channel/UCwEo_SG8EwDF7xkH4kBpupw', 'authorChannelId': {'value': 'UCwEo_SG8EwDF7xkH4kBpupw'}, 'canRate': True, 'viewerRating': 'none', 'likeCount': 0, 'publishedAt': '2022-10-25T19:06:34Z', 'updatedAt': '2022-10-25T19:06:34Z'}}, 'canReply': True, 'totalReplyCount': 0, 'isPublic': True}",,UCwEo_SG8EwDF7xkH4kBpupw,2022-10-25T19:06:34Z,"Quem diria que tirar um idoso sem poder, com alzaimer do congresso daria tanto problema hem",QURTSl9pM3N4ZlVLQlQzZjFTQWFVR1dpclFobzQtcS02d0ZJc1ZTMzVnV2xZbGF2c05yQTgxckZJSFBPU2kwV0RaNHlQYnMzSnR2OTc2dw==,2023-06-08 15:04:26.987982
youtube#commentThread,MQXePXLHFPK2-_Nlvb71BWuOEcw,UgyZh3Bu4bItdGW7E8B4AaABAg,"{'videoId': 'uuh1ydDwwrQ', 'topLevelComment': {'kind': 'youtube#comment', 'etag': 'TSXyWUkayQn-_EfM9NFO7Wh9B94', 'id': 'UgyZh3Bu4bItdGW7E8B4AaABAg', 'snippet': {'videoId': 'uuh1ydDwwrQ', 'textDisplay': 'Xi Jimping eleito!. Viva a democracia!. ......eu acredito na democracia chinesa. E no papai Noel também', 'textOriginal': 'Xi Jimping eleito!. Viva a democracia!. ......eu acredito na democracia chinesa. E no papai Noel também', 'authorDisplayName': 'Tarni Tarvel', 'authorProfileImageUrl': 'https://yt3.ggpht.com/qZQkUTvvwDf8U8QwlqZuPFqJ3C63cxHQxXTw7DVE1sMei9O9B8FT7ZxvuEv7SU1LoDqr6p1nPg=s48-c-k-c0x00ffffff-no-rj', 'authorChannelUrl': 'http://www.youtube.com/channel/UCb81QMSHzTlamJnVLZfsSWw', 'authorChannelId': {'value': 'UCb81QMSHzTlamJnVLZfsSWw'}, 'canRate': True, 'viewerRating': 'none', 'likeCount': 0, 'publishedAt': '2022-10-25T18:57:36Z', 'updatedAt': '2022-10-25T18:58:08Z'}}, 'canReply': True, 'totalReplyCount': 0, 'isPublic': True}",,UCb81QMSHzTlamJnVLZfsSWw,2022-10-25T18:57:36Z,Xi Jimping eleito!. Viva a democracia!. ......eu acredito na democracia chinesa. E no papai Noel também,QURTSl9pM3N4ZlVLQlQzZjFTQWFVR1dpclFobzQtcS02d0ZJc1ZTMzVnV2xZbGF2c05yQTgxckZJSFBPU2kwV0RaNHlQYnMzSnR2OTc2dw==,2023-06-08 15:04:26.987982
youtube#commentThread,alFCQ2DgyUEK3sMUnmof_V0kw00,UgwSm5E9P--t0WkMz594AaABAg,"{'videoId': 'uuh1ydDwwrQ', 'topLevelComment': {'kind': 'youtube#comment', 'etag': 'gKF97KR4OGsvqtwMGzmYW8QLk6Y', 'id': 'UgwSm5E9P--t0WkMz594AaABAg', 'snippet': {'videoId': 'uuh1ydDwwrQ', 'textDisplay': 'Mal estar é ser contrário ao Xixi.  A essa hora deve ter sido suicidado...', 'textOriginal': 'Mal estar é ser contrário ao Xixi.  A essa hora deve ter sido suicidado...', 'authorDisplayName': 'A. Wilson', 'authorProfileImageUrl': 'https://yt3.ggpht.com/ytc/AGIKgqNBXgyDjcp_rNg2Z8hokBsPluzTXjkiPFWJLg=s48-c-k-c0x00ffffff-no-rj', 'authorChannelUrl': 'http://www.youtube.com/channel/UCIEciyboLmw-fmSHNrNE-gQ', 'authorChannelId': {'value': 'UCIEciyboLmw-fmSHNrNE-gQ'}, 'canRate': True, 'viewerRating': 'none', 'likeCount': 0, 'publishedAt': '2022-10-25T18:56:13Z', 'updatedAt': '2022-10-25T18:58:22Z'}}, 'canReply': True, 'totalReplyCount': 0, 'isPublic': True}",,UCIEciyboLmw-fmSHNrNE-gQ,2022-10-25T18:56:13Z,Mal estar é ser contrário ao Xixi.  A essa hora deve ter sido suicidado...,QURTSl9pM3N4ZlVLQlQzZjFTQWFVR1dpclFobzQtcS02d0ZJc1ZTMzVnV2xZbGF2c05yQTgxckZJSFBPU2kwV0RaNHlQYnMzSnR2OTc2dw==,2023-06-08 15:04:26.987982
youtube#commentThread,BNFsJmyv5X8-X44p_fogzldyvP0,Ugx9F5pfuHgc6bHCb4h4AaABAg,"{'videoId': 'uuh1ydDwwrQ', 'topLevelComment': {'kind': 'youtube#comment', 'etag': 'Er7_q4NsuKiBZcBu4LjWOzofBWs', 'id': 'Ugx9F5pfuHgc6bHCb4h4AaABAg', 'snippet': {'videoId': 'uuh1ydDwwrQ', 'textDisplay': 'Professor da Universidade da China? Que isenção e autonomia ele tem? Zero', 'textOriginal': 'Professor da Universidade da China? Que isenção e autonomia ele tem? Zero', 'authorDisplayName': 'Roberto Neves', 'authorProfileImageUrl': 'https://yt3.ggpht.com/ytc/AGIKgqOUd3t1hs-sSsbfTUnc_nb2_LVFtyd3RSPP8_nqYA=s48-c-k-c0x00ffffff-no-rj', 'authorChannelUrl': 'http://www.youtube.com/channel/UC6oN3UkQ0phJpEmeM65fv-A', 'authorChannelId': {'value': 'UC6oN3UkQ0phJpEmeM65fv-A'}, 'canRate': True, 'viewerRating': 'none', 'likeCount': 0, 'publishedAt': '2022-10-25T18:51:46Z', 'updatedAt': '2022-10-25T18:51:46Z'}}, 'canReply': True, 'totalReplyCount': 0, 'isPublic': True}",,UC6oN3UkQ0phJpEmeM65fv-A,2022-10-25T18:51:46Z,Professor da Universidade da China? Que isenção e autonomia ele tem? Zero,QURTSl9pM3N4ZlVLQlQzZjFTQWFVR1dpclFobzQtcS02d0ZJc1ZTMzVnV2xZbGF2c05yQTgxckZJSFBPU2kwV0RaNHlQYnMzSnR2OTc2dw==,2023-06-08 15:04:26.987982
youtube#commentThread,uF1bYvhNQttrY-i7KN8pxdRo7u8,Ugxitx9g2t-nGenf6Jl4AaABAg,"{'videoId': 'uuh1ydDwwrQ', 'topLevelComment': {'kind': 'youtube#comment', 'etag': 'Tq__-LLeGEGmH0HdmSXtfVTpHzU', 'id': 'Ugxitx9g2t-nGenf6Jl4AaABAg', 'snippet': {'videoId': 'uuh1ydDwwrQ', 'textDisplay': 'Comunistas se entendem muito bem.', 'textOriginal': 'Comunistas se entendem muito bem.', 'authorDisplayName': 'J. Soares', 'authorProfileImageUrl': 'https://yt3.ggpht.com/ytc/AGIKgqOW_RzB3C3uJzOOro71QviLBNHuEeelT0mAMadxng=s48-c-k-c0x00ffffff-no-rj', 'authorChannelUrl': 'http://www.youtube.com/channel/UCHKmlv5V6Q-_pzyTqAFy-PA', 'authorChannelId': {'value': 'UCHKmlv5V6Q-_pzyTqAFy-PA'}, 'canRate': True, 'viewerRating': 'none', 'likeCount': 0, 'publishedAt': '2022-10-25T18:46:52Z', 'updatedAt': '2022-10-25T18:46:52Z'}}, 'canReply': True, 'totalReplyCount': 0, 'isPublic': True}",,UCHKmlv5V6Q-_pzyTqAFy-PA,2022-10-25T18:46:52Z,Comunistas se entendem muito bem.,QURTSl9pM3N4ZlVLQlQzZjFTQWFVR1dpclFobzQtcS02d0ZJc1ZTMzVnV2xZbGF2c05yQTgxckZJSFBPU2kwV0RaNHlQYnMzSnR2OTc2dw==,2023-06-08 15:04:26.987982
youtube#commentThread,d3KndyzG8O2nbyQWXWZ-Ui1Uo60,UgzLCFBMwmYpq_RN9814AaABAg,"{'videoId': 'uuh1ydDwwrQ', 'topLevelComment': {'kind': 'youtube#comment', 'etag': 'rRCVSbh7vq5oayhffwGvcAinnhA', 'id': 'UgzLCFBMwmYpq_RN9814AaABAg', 'snippet': {'videoId': 'uuh1ydDwwrQ', 'textDisplay': 'Eu vi a cena, o pobre homem parece implorar pela sua  vida, talvez ja  sabendo do que viria depois..', 'textOriginal': 'Eu vi a cena, o pobre homem parece implorar pela sua  vida, talvez ja  sabendo do que viria depois..', 'authorDisplayName': 'Aila Ferreira', 'authorProfileImageUrl': 'https://yt3.ggpht.com/ytc/AGIKgqOL4ADoQoq6eCMC25l3aJtg1ZwImx4B04xhJa-_xqiE2xNrPoK-AFFMK6h8SsBH=s48-c-k-c0x00ffffff-no-rj', 'authorChannelUrl': 'http://www.youtube.com/channel/UCbZjA92mNQpjhPmYbSBH38Q', 'authorChannelId': {'value': 'UCbZjA92mNQpjhPmYbSBH38Q'}, 'canRate': True, 'viewerRating': 'none', 'likeCount': 0, 'publishedAt': '2022-10-25T18:45:29Z', 'updatedAt': '2022-10-25T18:45:29Z'}}, 'canReply': True, 'totalReplyCount': 0, 'isPublic': True}",,UCbZjA92mNQpjhPmYbSBH38Q,2022-10-25T18:45:29Z,"Eu vi a cena, o pobre homem parece implorar pela sua  vida, talvez ja  sabendo do que viria depois..",QURTSl9pM3N4ZlVLQlQzZjFTQWFVR1dpclFobzQtcS02d0ZJc1ZTMzVnV2xZbGF2c05yQTgxckZJSFBPU2kwV0RaNHlQYnMzSnR2OTc2dw==,2023-06-08 15:04:26.987982
youtube#commentThread,JjGrTo-ruXK_JhLSyszh0hOXL9o,UgyKxQegex8AW4eMsSt4AaABAg,"{'videoId': 'uuh1ydDwwrQ', 'topLevelComment': {'kind': 'youtube#comment', 'etag': '0Z4Vk1yauhq3SihoSJiWRlUOZlE', 'id': 'UgyKxQegex8AW4eMsSt4AaABAg', 'snippet': {'videoId': 'uuh1ydDwwrQ', 'textDisplay': 'aH, ENTÃO TÁ!!!', 'textOriginal': 'aH, ENTÃO TÁ!!!', 'authorDisplayName': 'Karen Praetzel', 'authorProfileImageUrl': 'https://yt3.ggpht.com/ytc/AGIKgqPXUi30rcXXpngx7SoQphL1tzmo_c5VzPJaySFZ=s48-c-k-c0x00ffffff-no-rj', 'authorChannelUrl': 'http://www.youtube.com/channel/UCZfni5RVjSkYozJOfmjKcYQ', 'authorChannelId': {'value': 'UCZfni5RVjSkYozJOfmjKcYQ'}, 'canRate': True, 'viewerRating': 'none', 'likeCount': 0, 'publishedAt': '2022-10-25T18:39:09Z', 'updatedAt': '2022-10-25T18:39:09Z'}}, 'canReply': True, 'totalReplyCount': 0, 'isPublic': True}",,UCZfni5RVjSkYozJOfmjKcYQ,2022-10-25T18:39:09Z,"aH, ENTÃO TÁ!!!",QURTSl9pM3N4ZlVLQlQzZjFTQWFVR1dpclFobzQtcS02d0ZJc1ZTMzVnV2xZbGF2c05yQTgxckZJSFBPU2kwV0RaNHlQYnMzSnR2OTc2dw==,2023-06-08 15:04:26.987982
youtube#commentThread,NUA0tZB5RVvEESzyik32niTG5E8,UgzXhrhJlHa1As1RJL14AaABAg,"{'videoId': 'uuh1ydDwwrQ', 'topLevelComment': {'kind': 'youtube#comment', 'etag': 'oWID2cXnb_4L6wgPm77TrK6-spg', 'id': 'UgzXhrhJlHa1As1RJL14AaABAg', 'snippet': {'videoId': 'uuh1ydDwwrQ', 'textDisplay': 'retirado democraticamente...', 'textOriginal': 'retirado democraticamente...', 'authorDisplayName': 'Marcelo Silva', 'authorProfileImageUrl': 'https://yt3.ggpht.com/ytc/AGIKgqPH5DIHD6KNSpSg7F96PW-TYHMjVTty8EwZp90S3w=s48-c-k-c0x00ffffff-no-rj', 'authorChannelUrl': 'http://www.youtube.com/channel/UC9xCMDC_gHeNiT4S1RMY35Q', 'authorChannelId': {'value': 'UC9xCMDC_gHeNiT4S1RMY35Q'}, 'canRate': True, 'viewerRating': 'none', 'likeCount': 0, 'publishedAt': '2022-10-25T18:36:24Z', 'updatedAt': '2022-10-25T18:36:24Z'}}, 'canReply': True, 'totalReplyCount': 0, 'isPublic': True}",,UC9xCMDC_gHeNiT4S1RMY35Q,2022-10-25T18:36:24Z,retirado democraticamente...,QURTSl9pM3N4ZlVLQlQzZjFTQWFVR1dpclFobzQtcS02d0ZJc1ZTMzVnV2xZbGF2c05yQTgxckZJSFBPU2kwV0RaNHlQYnMzSnR2OTc2dw==,2023-06-08 15:04:26.987982
youtube#commentThread,RXg-htZ07sg9RRx1MikAyHHZbRQ,UgxsNa8oWhGVg7AfOTx4AaABAg,"{'videoId': 'uuh1ydDwwrQ', 'topLevelComment': {'kind': 'youtube#comment', 'etag': 'XRFNeEN7HpPfBh8oKLwjxxxlQxM', 'id': 'UgxsNa8oWhGVg7AfOTx4AaABAg', 'snippet': {'videoId': 'uuh1ydDwwrQ', 'textDisplay': 'Enquanto isso...na sala de justiça...o Guguinha Noblat afirmando que o comunismo não existe.', 'textOriginal': 'Enquanto isso...na sala de justiça...o Guguinha Noblat afirmando que o comunismo não existe.', 'authorDisplayName': 'Christian Lagreca', 'authorProfileImageUrl': 'https://yt3.ggpht.com/ytc/AGIKgqNB0tezD93Th-NF9OoCpy2AT0iaAOWRq6dUemyTBw=s48-c-k-c0x00ffffff-no-rj', 'authorChannelUrl': 'http://www.youtube.com/channel/UCFQo6Mk7n4D1Qky_PBg7G4A', 'authorChannelId': {'value': 'UCFQo6Mk7n4D1Qky_PBg7G4A'}, 'canRate': True, 'viewerRating': 'none', 'likeCount': 0, 'publishedAt': '2022-10-25T18:29:53Z', 'updatedAt': '2022-10-25T18:29:53Z'}}, 'canReply': True, 'totalReplyCount': 0, 'isPublic': True}",,UCFQo6Mk7n4D1Qky_PBg7G4A,2022-10-25T18:29:53Z,Enquanto isso...na sala de justiça...o Guguinha Noblat afirmando que o comunismo não existe.,QURTSl9pM3N4ZlVLQlQzZjFTQWFVR1dpclFobzQtcS02d0ZJc1ZTMzVnV2xZbGF2c05yQTgxckZJSFBPU2kwV0RaNHlQYnMzSnR2OTc2dw==,2023-06-08 15:04:26.987982
youtube#commentThread,zwPaPzrSrB4wS3Rts9eKj3mmq2I,UgwAkEnA-gV-WmjdeDh4AaABAg,"{'videoId': 'uuh1ydDwwrQ', 'topLevelComment': {'kind': 'youtube#comment', 'etag': 'NJzGEQR1iBOJwWk8afgR9vIvKfE', 'id': 'UgwAkEnA-gV-WmjdeDh4AaABAg', 'snippet': {'videoId': 'uuh1ydDwwrQ', 'textDisplay': 'Não estava se sentindo bem?🤔🤔🤔', 'textOriginal': 'Não estava se sentindo bem?🤔🤔🤔', 'authorDisplayName': 'Agnaldo Candido', 'authorProfileImageUrl': 'https://yt3.ggpht.com/ytc/AGIKgqOiqivVmPjLWJe5wVFv9Db28ZQRJ1dSVVov3KsyHg=s48-c-k-c0x00ffffff-no-rj', 'authorChannelUrl': 'http://www.youtube.com/channel/UCpMDYXdlzm8K3EEln5kZMFg', 'authorChannelId': {'value': 'UCpMDYXdlzm8K3EEln5kZMFg'}, 'canRate': True, 'viewerRating': 'none', 'likeCount': 0, 'publishedAt': '2022-10-25T18:27:49Z', 'updatedAt': '2022-10-25T18:27:49Z'}}, 'canReply': True, 'totalReplyCount': 0, 'isPublic': True}",,UCpMDYXdlzm8K3EEln5kZMFg,2022-10-25T18:27:49Z,Não estava se sentindo bem?🤔🤔🤔,QURTSl9pM3N4ZlVLQlQzZjFTQWFVR1dpclFobzQtcS02d0ZJc1ZTMzVnV2xZbGF2c05yQTgxckZJSFBPU2kwV0RaNHlQYnMzSnR2OTc2dw==,2023-06-08 15:04:26.987982
youtube#commentThread,3tiUqWDNA0djSJcwSmx9hF_fwwI,UgwHkvOjhFGWHJS4h1N4AaABAg,"{'videoId': 'uuh1ydDwwrQ', 'topLevelComment': {'kind': 'youtube#comment', 'etag': 'IbdhagqQEJk88tROZMxzGoSJUfA', 'id': 'UgwHkvOjhFGWHJS4h1N4AaABAg', 'snippet': {'videoId': 'uuh1ydDwwrQ', 'textDisplay': 'PCC CHINÊS SOCIALISMO COMUNISMO ONDE ELES CALAM A BOCA DA RELIGIAO E SOMEM QUALQUER UM QUE PENSA DIFERENTE DELES...MORREM....', 'textOriginal': 'PCC CHINÊS SOCIALISMO COMUNISMO ONDE ELES CALAM A BOCA DA RELIGIAO E SOMEM QUALQUER UM QUE PENSA DIFERENTE DELES...MORREM....', 'authorDisplayName': 'Ronaldo Tolentino', 'authorProfileImageUrl': 'https://yt3.ggpht.com/ytc/AGIKgqNk0ieco2sgjM5ecreJmU93hyuShp_gjhzinvZh=s48-c-k-c0x00ffffff-no-rj', 'authorChannelUrl': 'http://www.youtube.com/channel/UCo-wZmvTHmf-81oCh_-I_Zg', 'authorChannelId': {'value': 'UCo-wZmvTHmf-81oCh_-I_Zg'}, 'canRate': True, 'viewerRating': 'none', 'likeCount': 0, 'publishedAt': '2022-10-25T18:20:33Z', 'updatedAt': '2022-10-25T18:20:33Z'}}, 'canReply': True, 'totalReplyCount': 0, 'isPublic': True}",,UCo-wZmvTHmf-81oCh_-I_Zg,2022-10-25T18:20:33Z,PCC CHINÊS SOCIALISMO COMUNISMO ONDE ELES CALAM A BOCA DA RELIGIAO E SOMEM QUALQUER UM QUE PENSA DIFERENTE DELES...MORREM....,QURTSl9pM3N4ZlVLQlQzZjFTQWFVR1dpclFobzQtcS02d0ZJc1ZTMzVnV2xZbGF2c05yQTgxckZJSFBPU2kwV0RaNHlQYnMzSnR2OTc2dw==,2023-06-08 15:04:26.987982
youtube#commentThread,wqyjSZkwlZ2gqY6AjzZzyTKvqu0,UgzW9tSMDVDRlgPO8GN4AaABAg,"{'videoId': 'uuh1ydDwwrQ', 'topLevelComment': {'kind': 'youtube#comment', 'etag': 'kl8nTmsrjWfC0S1ndBiriiNs5i8', 'id': 'UgzW9tSMDVDRlgPO8GN4AaABAg', 'snippet': {'videoId': 'uuh1ydDwwrQ', 'textDisplay': 'Viva o social comunismo, com certeza vai direto pro paredão.', 'textOriginal': 'Viva o social comunismo, com certeza vai direto pro paredão.', 'authorDisplayName': 'Alejandro Carrasco', 'authorProfileImageUrl': 'https://yt3.ggpht.com/ytc/AGIKgqNcthF5Lz-4mlvYUVnhkwG-siISPBcCWh3j1w=s48-c-k-c0x00ffffff-no-rj', 'authorChannelUrl': 'http://www.youtube.com/channel/UCJu7UTRnLG4Fkhhym6It4HA', 'authorChannelId': {'value': 'UCJu7UTRnLG4Fkhhym6It4HA'}, 'canRate': True, 'viewerRating': 'none', 'likeCount': 0, 'publishedAt': '2022-10-25T18:17:42Z', 'updatedAt': '2022-10-25T18:17:42Z'}}, 'canReply': True, 'totalReplyCount': 0, 'isPublic': True}",,UCJu7UTRnLG4Fkhhym6It4HA,2022-10-25T18:17:42Z,"Viva o social comunismo, com certeza vai direto pro paredão.",QURTSl9pM3N4ZlVLQlQzZjFTQWFVR1dpclFobzQtcS02d0ZJc1ZTMzVnV2xZbGF2c05yQTgxckZJSFBPU2kwV0RaNHlQYnMzSnR2OTc2dw==,2023-06-08 15:04:26.987982
youtube#commentThread,OWyt_Qcjfvu3CWPHR1jjcrPrLcE,Ugx09fq_eIjlTlcRAFV4AaABAg,"{'videoId': 'uuh1ydDwwrQ', 'topLevelComment': {'kind': 'youtube#comment', 'etag': 'Ua2NLAdeyp5mGzptd4jx2--Dv4o', 'id': 'Ugx09fq_eIjlTlcRAFV4AaABAg', 'snippet': {'videoId': 'uuh1ydDwwrQ', 'textDisplay': 'Lula apoia a causa da China. <a href=""http://www.youtube.com/results?search_query=%23b22"">#B22</a> neles 🇧🇷', 'textOriginal': 'Lula apoia a causa da China. #B22 neles 🇧🇷', 'authorDisplayName': 'Jorge Master', 'authorProfileImageUrl': 'https://yt3.ggpht.com/cz6kqsy0_M-PGFm7BAClSQxtlz-69jGxrNzh20W1vrp0uzwWvDtQIAFVTj7L4cOFrglurN6JwA=s48-c-k-c0x00ffffff-no-rj', 'authorChannelUrl': 'http://www.youtube.com/channel/UCsgqb8kGJkRFuLYsykfWU4g', 'authorChannelId': {'value': 'UCsgqb8kGJkRFuLYsykfWU4g'}, 'canRate': True, 'viewerRating': 'none', 'likeCount': 1, 'publishedAt': '2022-10-25T17:58:38Z', 'updatedAt': '2022-10-25T17:58:38Z'}}, 'canReply': True, 'totalReplyCount': 0, 'isPublic': True}",,UCsgqb8kGJkRFuLYsykfWU4g,2022-10-25T17:58:38Z,Lula apoia a causa da China. #B22 neles 🇧🇷,QURTSl9pM3N4ZlVLQlQzZjFTQWFVR1dpclFobzQtcS02d0ZJc1ZTMzVnV2xZbGF2c05yQTgxckZJSFBPU2kwV0RaNHlQYnMzSnR2OTc2dw==,2023-06-08 15:04:26.987982
youtube#commentThread,okg4MJRXWJsMf05dZM2XB378l_g,UgwtPF0bXZSRAxsiJt94AaABAg,"{'videoId': 'uuh1ydDwwrQ', 'topLevelComment': {'kind': 'youtube#comment', 'etag': 'BmpyPrZTTJISqK5B2uzOw9mVhSI', 'id': 'UgwtPF0bXZSRAxsiJt94AaABAg', 'snippet': {'videoId': 'uuh1ydDwwrQ', 'textDisplay': 'Daqui uns dias aparece &quot;suicidado&quot;.', 'textOriginal': 'Daqui uns dias aparece ""suicidado"".', 'authorDisplayName': 'Jorge Master', 'authorProfileImageUrl': 'https://yt3.ggpht.com/cz6kqsy0_M-PGFm7BAClSQxtlz-69jGxrNzh20W1vrp0uzwWvDtQIAFVTj7L4cOFrglurN6JwA=s48-c-k-c0x00ffffff-no-rj', 'authorChannelUrl': 'http://www.youtube.com/channel/UCsgqb8kGJkRFuLYsykfWU4g', 'authorChannelId': {'value': 'UCsgqb8kGJkRFuLYsykfWU4g'}, 'canRate': True, 'viewerRating': 'none', 'likeCount': 1, 'publishedAt': '2022-10-25T17:56:39Z', 'updatedAt': '2022-10-25T17:56:39Z'}}, 'canReply': True, 'totalReplyCount': 0, 'isPublic': True}",,UCsgqb8kGJkRFuLYsykfWU4g,2022-10-25T17:56:39Z,"Daqui uns dias aparece ""suicidado"".",QURTSl9pM3N4ZlVLQlQzZjFTQWFVR1dpclFobzQtcS02d0ZJc1ZTMzVnV2xZbGF2c05yQTgxckZJSFBPU2kwV0RaNHlQYnMzSnR2OTc2dw==,2023-06-08 15:04:26.987982
youtube#commentThread,OHktEhbv5x50GgVm2d89Cbq8xwc,UgwDmm-svtc1gprKgx94AaABAg,"{'videoId': 'uuh1ydDwwrQ', 'topLevelComment': {'kind': 'youtube#comment', 'etag': 'mIw2evCOhHC99btImnNBZEeKNzE', 'id': 'UgwDmm-svtc1gprKgx94AaABAg', 'snippet': {'videoId': 'uuh1ydDwwrQ', 'textDisplay': 'O presidente da China fica lá pra sempre, é isso que acontece quando o comunismo toma o poder.estes homens   não estão estão escrevendo o que o partido comunismo decretou. DEUS NOS LIVRE do comunismo.o povo não pode participar de nada. Mais um dia lá atrás, antigamente votaram errado e agora já era pros chineses.', 'textOriginal': 'O presidente da China fica lá pra sempre, é isso que acontece quando o comunismo toma o poder.estes homens   não estão estão escrevendo o que o partido comunismo decretou. DEUS NOS LIVRE do comunismo.o povo não pode participar de nada. Mais um dia lá atrás, antigamente votaram errado e agora já era pros chineses.', 'authorDisplayName': 'rozeni bonifacio', 'authorProfileImageUrl': 'https://yt3.ggpht.com/5Lu8XQXZisqk4DUGzNV7XAH-QTBtiWGjZArigYKHI7vZqNw4HhzU6mDQrLQ9RM49F6kl3zh-WQ=s48-c-k-c0x00ffffff-no-rj', 'authorChannelUrl': 'http://www.youtube.com/channel/UCBTkmco9a6MJ-BWjJvzM8Rg', 'authorChannelId': {'value': 'UCBTkmco9a6MJ-BWjJvzM8Rg'}, 'canRate': True, 'viewerRating': 'none', 'likeCount': 1, 'publishedAt': '2022-10-25T17:20:01Z', 'updatedAt': '2022-10-25T17:20:01Z'}}, 'canReply': True, 'totalReplyCount': 0, 'isPublic': True}",,UCBTkmco9a6MJ-BWjJvzM8Rg,2022-10-25T17:20:01Z,"O presidente da China fica lá pra sempre, é isso que acontece quando o comunismo toma o poder.estes homens   não estão estão escrevendo o que o partido comunismo decretou. DEUS NOS LIVRE do comunismo.o povo não pode participar de nada. Mais um dia lá atrás, antigamente votaram errado e agora já era pros chineses.",QURTSl9pM3N4ZlVLQlQzZjFTQWFVR1dpclFobzQtcS02d0ZJc1ZTMzVnV2xZbGF2c05yQTgxckZJSFBPU2kwV0RaNHlQYnMzSnR2OTc2dw==,2023-06-08 15:04:26.987982
youtube#commentThread,s8xF6MzDso5CcZySF-g8JFllI30,UgwcATq_lj5J_cxt7cN4AaABAg,"{'videoId': 'uuh1ydDwwrQ', 'topLevelComment': {'kind': 'youtube#comment', 'etag': 'TIPDl_Vn4tZhj7NfpJbedMiojwQ', 'id': 'UgwcATq_lj5J_cxt7cN4AaABAg', 'snippet': {'videoId': 'uuh1ydDwwrQ', 'textDisplay': 'jovem pan não convide mais esse comentarista.', 'textOriginal': 'jovem pan não convide mais esse comentarista.', 'authorDisplayName': 'Edson Vanderlei', 'authorProfileImageUrl': 'https://yt3.ggpht.com/ytc/AGIKgqMQx3_MkGuKP4_KooCsC6J_J6XRKE_zwomt5yASUQ=s48-c-k-c0x00ffffff-no-rj', 'authorChannelUrl': 'http://www.youtube.com/channel/UCObWbc3a2FxkT9hbIzKGgow', 'authorChannelId': {'value': 'UCObWbc3a2FxkT9hbIzKGgow'}, 'canRate': True, 'viewerRating': 'none', 'likeCount': 0, 'publishedAt': '2022-10-25T16:46:47Z', 'updatedAt': '2022-10-25T16:46:47Z'}}, 'canReply': True, 'totalReplyCount': 0, 'isPublic': True}",,UCObWbc3a2FxkT9hbIzKGgow,2022-10-25T16:46:47Z,jovem pan não convide mais esse comentarista.,QURTSl9pM3N4ZlVLQlQzZjFTQWFVR1dpclFobzQtcS02d0ZJc1ZTMzVnV2xZbGF2c05yQTgxckZJSFBPU2kwV0RaNHlQYnMzSnR2OTc2dw==,2023-06-08 15:04:26.987982
youtube#commentThread,0Ivb1HmZg5uLdKu8WKkbyvUiGNY,Ugx-OeaWqtIn3xr1r_l4AaABAg,"{'videoId': 'uuh1ydDwwrQ', 'topLevelComment': {'kind': 'youtube#comment', 'etag': 'D_gbTiZ2y6eq49ZO7lW6QbFtGek', 'id': 'Ugx-OeaWqtIn3xr1r_l4AaABAg', 'snippet': {'videoId': 'uuh1ydDwwrQ', 'textDisplay': 'Significa o que sempre significou, ou seja, eliminação do &quot;amigos&quot; internos. Leni, Stalin e outros fizeram isso. Sabe-se lá onde está o ex presidente agora.', 'textOriginal': 'Significa o que sempre significou, ou seja, eliminação do ""amigos"" internos. Leni, Stalin e outros fizeram isso. Sabe-se lá onde está o ex presidente agora.', 'authorDisplayName': 'O Pensador', 'authorProfileImageUrl': 'https://yt3.ggpht.com/ytc/AGIKgqORgUCDoiRNweOJ0wn0v4vwvyAhdHmkRMnpkTYjLQ=s48-c-k-c0x00ffffff-no-rj', 'authorChannelUrl': 'http://www.youtube.com/channel/UCO8DqZfmlgWVTDdBCJV3EFg', 'authorChannelId': {'value': 'UCO8DqZfmlgWVTDdBCJV3EFg'}, 'canRate': True, 'viewerRating': 'none', 'likeCount': 0, 'publishedAt': '2022-10-25T16:03:34Z', 'updatedAt': '2022-10-25T16:03:34Z'}}, 'canReply': True, 'totalReplyCount': 0, 'isPublic': True}",,UCO8DqZfmlgWVTDdBCJV3EFg,2022-10-25T16:03:34Z,"Significa o que sempre significou, ou seja, eliminação do ""amigos"" internos. Leni, Stalin e outros fizeram isso. Sabe-se lá onde está o ex presidente agora.",QURTSl9pM3N4ZlVLQlQzZjFTQWFVR1dpclFobzQtcS02d0ZJc1ZTMzVnV2xZbGF2c05yQTgxckZJSFBPU2kwV0RaNHlQYnMzSnR2OTc2dw==,2023-06-08 15:04:26.987982
youtube#commentThread,0ljqbtDxQC0-NlioETHcuoACQ8c,Ugx6dJTWMKI-4KDEokh4AaABAg,"{'videoId': 'uuh1ydDwwrQ', 'topLevelComment': {'kind': 'youtube#comment', 'etag': 'W2ZRvUYB8dbHUzWSGeXayCvGCS8', 'id': 'Ugx6dJTWMKI-4KDEokh4AaABAg', 'snippet': {'videoId': 'uuh1ydDwwrQ', 'textDisplay': 'Esses caras são psicopatas! Esse velho estava passando mal, mais não queria perder a posse.', 'textOriginal': 'Esses caras são psicopatas! Esse velho estava passando mal, mais não queria perder a posse.', 'authorDisplayName': 'Luis Otávio Batista De Souza', 'authorProfileImageUrl': 'https://yt3.ggpht.com/ytc/AGIKgqPXy5sM15yEmZcDgXewaF2S8fPG6Pwjleb7Pg=s48-c-k-c0x00ffffff-no-rj', 'authorChannelUrl': 'http://www.youtube.com/channel/UCnZXDjNGw03rxHLZjRC8QJQ', 'authorChannelId': {'value': 'UCnZXDjNGw03rxHLZjRC8QJQ'}, 'canRate': True, 'viewerRating': 'none', 'likeCount': 0, 'publishedAt': '2022-10-25T15:45:20Z', 'updatedAt': '2022-10-25T15:45:20Z'}}, 'canReply': True, 'totalReplyCount': 0, 'isPublic': True}",,UCnZXDjNGw03rxHLZjRC8QJQ,2022-10-25T15:45:20Z,"Esses caras são psicopatas! Esse velho estava passando mal, mais não queria perder a posse.",QURTSl9pM3N4ZlVLQlQzZjFTQWFVR1dpclFobzQtcS02d0ZJc1ZTMzVnV2xZbGF2c05yQTgxckZJSFBPU2kwV0RaNHlQYnMzSnR2OTc2dw==,2023-06-08 15:04:26.987982
youtube#commentThread,Kmu9fXH-uHJ9mI02oh4O7m6PT-U,Ugy6CfigtmcN0fWr78F4AaABAg,"{'videoId': 'uuh1ydDwwrQ', 'topLevelComment': {'kind': 'youtube#comment', 'etag': 'c6Ik4yRs5Y6IBO7M0UC6xmZP2uk', 'id': 'Ugy6CfigtmcN0fWr78F4AaABAg', 'snippet': {'videoId': 'uuh1ydDwwrQ', 'textDisplay': 'E precisa explicar? Partido único. Manda quem pode, obedece quem tem juízo.', 'textOriginal': 'E precisa explicar? Partido único. Manda quem pode, obedece quem tem juízo.', 'authorDisplayName': 'TheMaxgun357', 'authorProfileImageUrl': 'https://yt3.ggpht.com/ytc/AGIKgqPQmXKDISSU2gXCZqSPE6ui4Jw1G7C5Qbfav7rg=s48-c-k-c0x00ffffff-no-rj', 'authorChannelUrl': 'http://www.youtube.com/channel/UC6bGPxA_5xmFtY6kMbQ3uNg', 'authorChannelId': {'value': 'UC6bGPxA_5xmFtY6kMbQ3uNg'}, 'canRate': True, 'viewerRating': 'none', 'likeCount': 0, 'publishedAt': '2022-10-25T15:12:17Z', 'updatedAt': '2022-10-25T15:12:17Z'}}, 'canReply': True, 'totalReplyCount': 0, 'isPublic': True}",,UC6bGPxA_5xmFtY6kMbQ3uNg,2022-10-25T15:12:17Z,"E precisa explicar? Partido único. Manda quem pode, obedece quem tem juízo.",QURTSl9pM3N4ZlVLQlQzZjFTQWFVR1dpclFobzQtcS02d0ZJc1ZTMzVnV2xZbGF2c05yQTgxckZJSFBPU2kwV0RaNHlQYnMzSnR2OTc2dw==,2023-06-08 15:04:26.987982
youtube#commentThread,QuobaJ-Pvadsp7Bu_J2aXdmE-UE,UgzJo1w-qSEzXF-U9k14AaABAg,"{'videoId': 'uuh1ydDwwrQ', 'topLevelComment': {'kind': 'youtube#comment', 'etag': 'UA93WdC7PPhq8N67yGk_wWjYFLU', 'id': 'UgzJo1w-qSEzXF-U9k14AaABAg', 'snippet': {'videoId': 'uuh1ydDwwrQ', 'textDisplay': 'Estou vendo a globo ??? Kkkkk', 'textOriginal': 'Estou vendo a globo ??? Kkkkk', 'authorDisplayName': 'Francisco Ubiratan', 'authorProfileImageUrl': 'https://yt3.ggpht.com/ytc/AGIKgqOv_dVybWRygN-tWUgMn0drrPpQ0BnaCKsk-g=s48-c-k-c0x00ffffff-no-rj', 'authorChannelUrl': 'http://www.youtube.com/channel/UCsIn68zGi8iU4bPbLkNp81Q', 'authorChannelId': {'value': 'UCsIn68zGi8iU4bPbLkNp81Q'}, 'canRate': True, 'viewerRating': 'none', 'likeCount': 0, 'publishedAt': '2022-10-25T15:00:43Z', 'updatedAt': '2022-10-25T15:00:43Z'}}, 'canReply': True, 'totalReplyCount': 0, 'isPublic': True}",,UCsIn68zGi8iU4bPbLkNp81Q,2022-10-25T15:00:43Z,Estou vendo a globo ??? Kkkkk,QURTSl9pM3N4ZlVLQlQzZjFTQWFVR1dpclFobzQtcS02d0ZJc1ZTMzVnV2xZbGF2c05yQTgxckZJSFBPU2kwV0RaNHlQYnMzSnR2OTc2dw==,2023-06-08 15:04:26.987982
youtube#commentThread,l_pO5h4KKFWRaSfr_J8mrW0SZyw,UgyxE1wXmmrF7c8Iy6t4AaABAg,"{'videoId': 'uuh1ydDwwrQ', 'topLevelComment': {'kind': 'youtube#comment', 'etag': '0ht2-5QjjEzIXGUppc-T2YPXgXI', 'id': 'UgyxE1wXmmrF7c8Iy6t4AaABAg', 'snippet': {'videoId': 'uuh1ydDwwrQ', 'textDisplay': 'O ex foi retirado e nem pode levar os próprios papéis....os demais nem olharam no rosto do homem...fingiram que não estavam vendo....pra mim foi: retiraram o homem pra mostram que ele em nada apta,  que ele já era e que agora o Xi é  o único e exclusivo &quot;imperador&quot; e ninguém pode contrariar se tentar será retirado, calado e reeducado...rs.', 'textOriginal': 'O ex foi retirado e nem pode levar os próprios papéis....os demais nem olharam no rosto do homem...fingiram que não estavam vendo....pra mim foi: retiraram o homem pra mostram que ele em nada apta,  que ele já era e que agora o Xi é  o único e exclusivo ""imperador"" e ninguém pode contrariar se tentar será retirado, calado e reeducado...rs.', 'authorDisplayName': 'Rosemary Silva', 'authorProfileImageUrl': 'https://yt3.ggpht.com/glVi-c5LfkZLO30AW_Pc1EaJ3Cxt2aNeukWUIPxzbvJxbntMf-qL9ehhGEC198NeSB0-Bd1Ehg=s48-c-k-c0x00ffffff-no-rj', 'authorChannelUrl': 'http://www.youtube.com/channel/UCQF1J_ZKYd-8VoYEb5yTtog', 'authorChannelId': {'value': 'UCQF1J_ZKYd-8VoYEb5yTtog'}, 'canRate': True, 'viewerRating': 'none', 'likeCount': 0, 'publishedAt': '2022-10-25T14:57:13Z', 'updatedAt': '2022-10-25T14:57:51Z'}}, 'canReply': True, 'totalReplyCount': 0, 'isPublic': True}",,UCQF1J_ZKYd-8VoYEb5yTtog,2022-10-25T14:57:13Z,"O ex foi retirado e nem pode levar os próprios papéis....os demais nem olharam no rosto do homem...fingiram que não estavam vendo....pra mim foi: retiraram o homem pra mostram que ele em nada apta,  que ele já era e que agora o Xi é  o único e exclusivo ""imperador"" e ninguém pode contrariar se tentar será retirado, calado e reeducado...rs.",QURTSl9pM3N4ZlVLQlQzZjFTQWFVR1dpclFobzQtcS02d0ZJc1ZTMzVnV2xZbGF2c05yQTgxckZJSFBPU2kwV0RaNHlQYnMzSnR2OTc2dw==,2023-06-08 15:04:26.987982
youtube#commentThread,lNEt2Sh9TIovxkx_88X0jILV1vA,UgwohLe2GWNl47hk6wZ4AaABAg,"{'videoId': 'uuh1ydDwwrQ', 'topLevelComment': {'kind': 'youtube#comment', 'etag': '_7j29CT-NqYK1phuId_cdEQTt3c', 'id': 'UgwohLe2GWNl47hk6wZ4AaABAg', 'snippet': {'videoId': 'uuh1ydDwwrQ', 'textDisplay': 'Não precisa ser psicólogo, para concluir pelo comportamento e pelas gestos na feição do  xi jinping  que é um descarado de carteirinha. Não engana ninguém.', 'textOriginal': 'Não precisa ser psicólogo, para concluir pelo comportamento e pelas gestos na feição do  xi jinping  que é um descarado de carteirinha. Não engana ninguém.', 'authorDisplayName': 'bgeraldo Cariovaldo', 'authorProfileImageUrl': 'https://yt3.ggpht.com/ytc/AGIKgqMil4TEQPsolXd5MqECuopSDueBfnpdMhyPfP_wCA8Sg_pwkhortTql864mVTl3=s48-c-k-c0x00ffffff-no-rj', 'authorChannelUrl': 'http://www.youtube.com/channel/UCQXMKn_2ru3uh4Rxir_2Xiw', 'authorChannelId': {'value': 'UCQXMKn_2ru3uh4Rxir_2Xiw'}, 'canRate': True, 'viewerRating': 'none', 'likeCount': 0, 'publishedAt': '2022-10-25T14:52:17Z', 'updatedAt': '2022-10-25T14:52:17Z'}}, 'canReply': True, 'totalReplyCount': 0, 'isPublic': True}",,UCQXMKn_2ru3uh4Rxir_2Xiw,2022-10-25T14:52:17Z,"Não precisa ser psicólogo, para concluir pelo comportamento e pelas gestos na feição do  xi jinping  que é um descarado de carteirinha. Não engana ninguém.",QURTSl9pM3N4ZlVLQlQzZjFTQWFVR1dpclFobzQtcS02d0ZJc1ZTMzVnV2xZbGF2c05yQTgxckZJSFBPU2kwV0RaNHlQYnMzSnR2OTc2dw==,2023-06-08 15:04:26.987982
youtube#commentThread,DSZpH1Jo6DA70iBpA7QShdjmpQM,Ugy0I7j21lS5oWLfmTJ4AaABAg,"{'videoId': 'uuh1ydDwwrQ', 'topLevelComment': {'kind': 'youtube#comment', 'etag': '9XuiFx5yOkmWJ_mrFCVgKOqAIh4', 'id': 'Ugy0I7j21lS5oWLfmTJ4AaABAg', 'snippet': {'videoId': 'uuh1ydDwwrQ', 'textDisplay': 'Claro, vamos acreditar na versão oficial do partido comunista kkkkkkkk', 'textOriginal': 'Claro, vamos acreditar na versão oficial do partido comunista kkkkkkkk', 'authorDisplayName': 'Pedro Maia', 'authorProfileImageUrl': 'https://yt3.ggpht.com/ytc/AGIKgqOy04jHLh0nakco9BpQPvWc_YcHLoipNvnIog=s48-c-k-c0x00ffffff-no-rj', 'authorChannelUrl': 'http://www.youtube.com/channel/UCyLLTEFX153qx7r5afoi6Ag', 'authorChannelId': {'value': 'UCyLLTEFX153qx7r5afoi6Ag'}, 'canRate': True, 'viewerRating': 'none', 'likeCount': 0, 'publishedAt': '2022-10-25T14:43:58Z', 'updatedAt': '2022-10-25T14:43:58Z'}}, 'canReply': True, 'totalReplyCount': 0, 'isPublic': True}",,UCyLLTEFX153qx7r5afoi6Ag,2022-10-25T14:43:58Z,"Claro, vamos acreditar na versão oficial do partido comunista kkkkkkkk",QURTSl9pM3N4ZlVLQlQzZjFTQWFVR1dpclFobzQtcS02d0ZJc1ZTMzVnV2xZbGF2c05yQTgxckZJSFBPU2kwV0RaNHlQYnMzSnR2OTc2dw==,2023-06-08 15:04:26.987982
youtube#commentThread,GfjjoyRdc300wmn8ZIMISYFW4hU,Ugzf7DPja8ZIL9pEsfZ4AaABAg,"{'videoId': 'uuh1ydDwwrQ', 'topLevelComment': {'kind': 'youtube#comment', 'etag': 'KZCjOJ2D5sM-aU1kgjNZRr9T4ps', 'id': 'Ugzf7DPja8ZIL9pEsfZ4AaABAg', 'snippet': {'videoId': 'uuh1ydDwwrQ', 'textDisplay': 'Isso é normal em um regime socialista e comunista . O ditador faz o que quiser, não precisa de motivo algum para qualquer ato seu, faça o que eu mando ou mandarei te executar. ASSIM AGE UM DITADOR.', 'textOriginal': 'Isso é normal em um regime socialista e comunista . O ditador faz o que quiser, não precisa de motivo algum para qualquer ato seu, faça o que eu mando ou mandarei te executar. ASSIM AGE UM DITADOR.', 'authorDisplayName': 'Luiz Henrique', 'authorProfileImageUrl': 'https://yt3.ggpht.com/ytc/AGIKgqM_30zPk56DCC-fzqVOEfibj---DTiOX-G1PQ=s48-c-k-c0x00ffffff-no-rj', 'authorChannelUrl': 'http://www.youtube.com/channel/UCjJWFXnT_FLcnJ2e88irekQ', 'authorChannelId': {'value': 'UCjJWFXnT_FLcnJ2e88irekQ'}, 'canRate': True, 'viewerRating': 'none', 'likeCount': 1, 'publishedAt': '2022-10-25T14:36:34Z', 'updatedAt': '2022-10-25T14:36:34Z'}}, 'canReply': True, 'totalReplyCount': 0, 'isPublic': True}",,UCjJWFXnT_FLcnJ2e88irekQ,2022-10-25T14:36:34Z,"Isso é normal em um regime socialista e comunista . O ditador faz o que quiser, não precisa de motivo algum para qualquer ato seu, faça o que eu mando ou mandarei te executar. ASSIM AGE UM DITADOR.",QURTSl9pM3N4ZlVLQlQzZjFTQWFVR1dpclFobzQtcS02d0ZJc1ZTMzVnV2xZbGF2c05yQTgxckZJSFBPU2kwV0RaNHlQYnMzSnR2OTc2dw==,2023-06-08 15:04:26.987982
youtube#commentThread,o6PxQ80gYW5Tx7ROudr2JPJzdcg,Ugxf4WHw7e0IrxSqnGF4AaABAg,"{'videoId': 'uuh1ydDwwrQ', 'topLevelComment': {'kind': 'youtube#comment', 'etag': 'W_pRRwW6mn1abW76NTYKKUZbBzY', 'id': 'Ugxf4WHw7e0IrxSqnGF4AaABAg', 'snippet': {'videoId': 'uuh1ydDwwrQ', 'textDisplay': 'Se vê claramente que ele foi retirado à força.', 'textOriginal': 'Se vê claramente que ele foi retirado à força.', 'authorDisplayName': 'pedro ferreira', 'authorProfileImageUrl': 'https://yt3.ggpht.com/ytc/AGIKgqOZcYzC5Z_TnbahBw8ffet5psQVYzBwvjI7Kg=s48-c-k-c0x00ffffff-no-rj', 'authorChannelUrl': 'http://www.youtube.com/channel/UCgCv-xFrhL3ODSggsZmJSqQ', 'authorChannelId': {'value': 'UCgCv-xFrhL3ODSggsZmJSqQ'}, 'canRate': True, 'viewerRating': 'none', 'likeCount': 0, 'publishedAt': '2022-10-25T14:20:13Z', 'updatedAt': '2022-10-25T14:20:13Z'}}, 'canReply': True, 'totalReplyCount': 0, 'isPublic': True}",,UCgCv-xFrhL3ODSggsZmJSqQ,2022-10-25T14:20:13Z,Se vê claramente que ele foi retirado à força.,QURTSl9pM3N4ZlVLQlQzZjFTQWFVR1dpclFobzQtcS02d0ZJc1ZTMzVnV2xZbGF2c05yQTgxckZJSFBPU2kwV0RaNHlQYnMzSnR2OTc2dw==,2023-06-08 15:04:26.987982
youtube#commentThread,OQEq3vcFaPRj6Pi32vJ1UWJ6G_0,UgyMexKdQuJrkILnmF54AaABAg,"{'videoId': 'uuh1ydDwwrQ', 'topLevelComment': {'kind': 'youtube#comment', 'etag': 'K4eCzN-1Lg-no11g2-gbBXAu6RU', 'id': 'UgyMexKdQuJrkILnmF54AaABAg', 'snippet': {'videoId': 'uuh1ydDwwrQ', 'textDisplay': 'Professorzinho safado', 'textOriginal': 'Professorzinho safado', 'authorDisplayName': 'Roque Amaral Silva de Oliveira', 'authorProfileImageUrl': 'https://yt3.ggpht.com/ytc/AGIKgqP8bmqTi9r5Mdexl-X1qxuFEBXSrmeDOjNk4w=s48-c-k-c0x00ffffff-no-rj', 'authorChannelUrl': 'http://www.youtube.com/channel/UCiD-B3F1zh7LOShstO0Ikzg', 'authorChannelId': {'value': 'UCiD-B3F1zh7LOShstO0Ikzg'}, 'canRate': True, 'viewerRating': 'none', 'likeCount': 0, 'publishedAt': '2022-10-25T14:00:47Z', 'updatedAt': '2022-10-25T14:00:47Z'}}, 'canReply': True, 'totalReplyCount': 0, 'isPublic': True}",,UCiD-B3F1zh7LOShstO0Ikzg,2022-10-25T14:00:47Z,Professorzinho safado,QURTSl9pM3N4ZlVLQlQzZjFTQWFVR1dpclFobzQtcS02d0ZJc1ZTMzVnV2xZbGF2c05yQTgxckZJSFBPU2kwV0RaNHlQYnMzSnR2OTc2dw==,2023-06-08 15:04:26.987982
youtube#commentThread,cwfWlYaCMgzMST6wt9MGUiTUbFY,Ugz0oOTn5msW1U9O_iZ4AaABAg,"{'videoId': 'uuh1ydDwwrQ', 'topLevelComment': {'kind': 'youtube#comment', 'etag': 'fGGLdSgeShRhpPPBT9xamvzS9N0', 'id': 'Ugz0oOTn5msW1U9O_iZ4AaABAg', 'snippet': {'videoId': 'uuh1ydDwwrQ', 'textDisplay': 'Dilma quer que o socialismo a ser implantando no Brasil tenha como referência a China... já viu onde isso vai parar!', 'textOriginal': 'Dilma quer que o socialismo a ser implantando no Brasil tenha como referência a China... já viu onde isso vai parar!', 'authorDisplayName': 'Wendel Antunes', 'authorProfileImageUrl': 'https://yt3.ggpht.com/ytc/AGIKgqN0qk3e4bNsRnqMaTQYA3yhdvsSzdNNs6pfwrkormI=s48-c-k-c0x00ffffff-no-rj', 'authorChannelUrl': 'http://www.youtube.com/channel/UCnSHcWNV6W9d9NoSk_fEAHw', 'authorChannelId': {'value': 'UCnSHcWNV6W9d9NoSk_fEAHw'}, 'canRate': True, 'viewerRating': 'none', 'likeCount': 0, 'publishedAt': '2022-10-25T13:42:24Z', 'updatedAt': '2022-10-25T13:42:24Z'}}, 'canReply': True, 'totalReplyCount': 0, 'isPublic': True}",,UCnSHcWNV6W9d9NoSk_fEAHw,2022-10-25T13:42:24Z,Dilma quer que o socialismo a ser implantando no Brasil tenha como referência a China... já viu onde isso vai parar!,QURTSl9pM3N4ZlVLQlQzZjFTQWFVR1dpclFobzQtcS02d0ZJc1ZTMzVnV2xZbGF2c05yQTgxckZJSFBPU2kwV0RaNHlQYnMzSnR2OTc2dw==,2023-06-08 15:04:26.987982
youtube#commentThread,GypEHRTTBR3PtMmSNXQaw6y2G3A,UgyuG_VB6p3efo4zQjZ4AaABAg,"{'videoId': 'uuh1ydDwwrQ', 'topLevelComment': {'kind': 'youtube#comment', 'etag': '88uYnzVf7L38On2ORaTlg587yA8', 'id': 'UgyuG_VB6p3efo4zQjZ4AaABAg', 'snippet': {'videoId': 'uuh1ydDwwrQ', 'textDisplay': 'A JP perguntar a esse cara sobre esse assunto é brincadeira. Ele passou muito tempo na China e é vermelho!', 'textOriginal': 'A JP perguntar a esse cara sobre esse assunto é brincadeira. Ele passou muito tempo na China e é vermelho!', 'authorDisplayName': 'TexasEagle', 'authorProfileImageUrl': 'https://yt3.ggpht.com/ytc/AGIKgqPD2qCx8uXWIuqaQid0KystJ3x_qBgCLyeekxk=s48-c-k-c0x00ffffff-no-rj', 'authorChannelUrl': 'http://www.youtube.com/channel/UClcHq0RvyzaN0-8CPGmnpRg', 'authorChannelId': {'value': 'UClcHq0RvyzaN0-8CPGmnpRg'}, 'canRate': True, 'viewerRating': 'none', 'likeCount': 0, 'publishedAt': '2022-10-25T13:32:31Z', 'updatedAt': '2022-10-25T13:32:31Z'}}, 'canReply': True, 'totalReplyCount': 0, 'isPublic': True}",,UClcHq0RvyzaN0-8CPGmnpRg,2022-10-25T13:32:31Z,A JP perguntar a esse cara sobre esse assunto é brincadeira. Ele passou muito tempo na China e é vermelho!,QURTSl9pM3N4ZlVLQlQzZjFTQWFVR1dpclFobzQtcS02d0ZJc1ZTMzVnV2xZbGF2c05yQTgxckZJSFBPU2kwV0RaNHlQYnMzSnR2OTc2dw==,2023-06-08 15:04:26.987982
youtube#commentThread,MjLB14p5XXLG2YUiO4C6wSt4dqI,Ugw15BmX88Iv-p_NHZN4AaABAg,"{'videoId': 'uuh1ydDwwrQ', 'topLevelComment': {'kind': 'youtube#comment', 'etag': 'ScX9POitocqYop2Uqmof9b5Mo8k', 'id': 'Ugw15BmX88Iv-p_NHZN4AaABAg', 'snippet': {'videoId': 'uuh1ydDwwrQ', 'textDisplay': 'Se um senhor ja velhote tratam assim dira um jovem', 'textOriginal': 'Se um senhor ja velhote tratam assim dira um jovem', 'authorDisplayName': 'TÉC TUDO', 'authorProfileImageUrl': 'https://yt3.ggpht.com/ytc/AGIKgqPfastYdpY1iStVMwxZA_AhUjvhHzCtpuQBPsijlg=s48-c-k-c0x00ffffff-no-rj', 'authorChannelUrl': 'http://www.youtube.com/channel/UCb8TlXYz_8C8V9DuPO0FqXQ', 'authorChannelId': {'value': 'UCb8TlXYz_8C8V9DuPO0FqXQ'}, 'canRate': True, 'viewerRating': 'none', 'likeCount': 0, 'publishedAt': '2022-10-25T13:13:36Z', 'updatedAt': '2022-10-25T13:13:36Z'}}, 'canReply': True, 'totalReplyCount': 0, 'isPublic': True}",,UCb8TlXYz_8C8V9DuPO0FqXQ,2022-10-25T13:13:36Z,Se um senhor ja velhote tratam assim dira um jovem,QURTSl9pM3N4ZlVLQlQzZjFTQWFVR1dpclFobzQtcS02d0ZJc1ZTMzVnV2xZbGF2c05yQTgxckZJSFBPU2kwV0RaNHlQYnMzSnR2OTc2dw==,2023-06-08 15:04:26.987982
youtube#commentThread,pV_BZKspCH4mB4MyWqdUPvM4hpo,Ugy5n-ur6xBuKSeo3Sp4AaABAg,"{'videoId': 'uuh1ydDwwrQ', 'topLevelComment': {'kind': 'youtube#comment', 'etag': 'Ix5sEDjqjA449ulVd5VY1A2bq5k', 'id': 'Ugy5n-ur6xBuKSeo3Sp4AaABAg', 'snippet': {'videoId': 'uuh1ydDwwrQ', 'textDisplay': 'Jesus Cristo volta logo', 'textOriginal': 'Jesus Cristo volta logo', 'authorDisplayName': 'TÉC TUDO', 'authorProfileImageUrl': 'https://yt3.ggpht.com/ytc/AGIKgqPfastYdpY1iStVMwxZA_AhUjvhHzCtpuQBPsijlg=s48-c-k-c0x00ffffff-no-rj', 'authorChannelUrl': 'http://www.youtube.com/channel/UCb8TlXYz_8C8V9DuPO0FqXQ', 'authorChannelId': {'value': 'UCb8TlXYz_8C8V9DuPO0FqXQ'}, 'canRate': True, 'viewerRating': 'none', 'likeCount': 0, 'publishedAt': '2022-10-25T13:12:14Z', 'updatedAt': '2022-10-25T13:12:14Z'}}, 'canReply': True, 'totalReplyCount': 0, 'isPublic': True}",,UCb8TlXYz_8C8V9DuPO0FqXQ,2022-10-25T13:12:14Z,Jesus Cristo volta logo,QURTSl9pM3N4ZlVLQlQzZjFTQWFVR1dpclFobzQtcS02d0ZJc1ZTMzVnV2xZbGF2c05yQTgxckZJSFBPU2kwV0RaNHlQYnMzSnR2OTc2dw==,2023-06-08 15:04:26.987982
youtube#commentThread,_RGH78RU1uCFDHgJhejTp2O3_dg,UgzES4Sqw8OyZcO47vF4AaABAg,"{'videoId': 'uuh1ydDwwrQ', 'topLevelComment': {'kind': 'youtube#comment', 'etag': 'vaj_Sf3N9Sl2-KW1YgwUZemmL70', 'id': 'UgzES4Sqw8OyZcO47vF4AaABAg', 'snippet': {'videoId': 'uuh1ydDwwrQ', 'textDisplay': 'Se o Lula ganhar teremos esse tipo de atitude aqui no Brasil.<br>&quot;filo porque quilo&quot;<br>E pronto.', 'textOriginal': 'Se o Lula ganhar teremos esse tipo de atitude aqui no Brasil.\\n""filo porque quilo""\\nE pronto.', 'authorDisplayName': 'Gosser 49', 'authorProfileImageUrl': 'https://yt3.ggpht.com/ytc/AGIKgqNUwYIctIxJ0IZ7s7S4xdvoiPSOdedK9kX4fnwxvzU=s48-c-k-c0x00ffffff-no-rj', 'authorChannelUrl': 'http://www.youtube.com/channel/UCR2rweZw54uS_KTY3O6WW3A', 'authorChannelId': {'value': 'UCR2rweZw54uS_KTY3O6WW3A'}, 'canRate': True, 'viewerRating': 'none', 'likeCount': 0, 'publishedAt': '2022-10-25T12:23:48Z', 'updatedAt': '2022-10-25T12:23:48Z'}}, 'canReply': True, 'totalReplyCount': 0, 'isPublic': True}",,UCR2rweZw54uS_KTY3O6WW3A,2022-10-25T12:23:48Z,"Se o Lula ganhar teremos esse tipo de atitude aqui no Brasil.
""filo porque quilo""
E pronto.",QURTSl9pM3N4ZlVLQlQzZjFTQWFVR1dpclFobzQtcS02d0ZJc1ZTMzVnV2xZbGF2c05yQTgxckZJSFBPU2kwV0RaNHlQYnMzSnR2OTc2dw==,2023-06-08 15:04:26.987982
youtube#commentThread,JQxORaH53IuJR3k1XPtfbRPdkVg,Ugy8eDNCMUPZG3j_XuZ4AaABAg,"{'videoId': 'uuh1ydDwwrQ', 'topLevelComment': {'kind': 'youtube#comment', 'etag': 'MkB79XPZ4YAituTcHKHSL0bim2w', 'id': 'Ugy8eDNCMUPZG3j_XuZ4AaABAg', 'snippet': {'videoId': 'uuh1ydDwwrQ', 'textDisplay': 'Quem trabalha junto com o diabo o resultado é esse.e. Restante está sujeito a passar pela mesma situação. O Xi jinping inventa doença para depois dizer que a pessoa morreu  porque estava  doente., porém ele mandou matar com torturas.', 'textOriginal': 'Quem trabalha junto com o diabo o resultado é esse.e. Restante está sujeito a passar pela mesma situação. O Xi jinping inventa doença para depois dizer que a pessoa morreu  porque estava  doente., porém ele mandou matar com torturas.', 'authorDisplayName': 'Urusai urusai Urusaiurusai', 'authorProfileImageUrl': 'https://yt3.ggpht.com/ytc/AGIKgqPVDpY7DZ8eSXKv28wsG5P4h3wFoQfJkXpToCxJXmfVgSfSUwmmO0Qitxx2tkyj=s48-c-k-c0x00ffffff-no-rj', 'authorChannelUrl': 'http://www.youtube.com/channel/UCHECQbgnH2QWIx4lLrKlATQ', 'authorChannelId': {'value': 'UCHECQbgnH2QWIx4lLrKlATQ'}, 'canRate': True, 'viewerRating': 'none', 'likeCount': 0, 'publishedAt': '2022-10-25T12:14:19Z', 'updatedAt': '2022-10-25T12:14:19Z'}}, 'canReply': True, 'totalReplyCount': 0, 'isPublic': True}",,UCHECQbgnH2QWIx4lLrKlATQ,2022-10-25T12:14:19Z,"Quem trabalha junto com o diabo o resultado é esse.e. Restante está sujeito a passar pela mesma situação. O Xi jinping inventa doença para depois dizer que a pessoa morreu  porque estava  doente., porém ele mandou matar com torturas.",QURTSl9pM3N4ZlVLQlQzZjFTQWFVR1dpclFobzQtcS02d0ZJc1ZTMzVnV2xZbGF2c05yQTgxckZJSFBPU2kwV0RaNHlQYnMzSnR2OTc2dw==,2023-06-08 15:04:26.987982
youtube#commentThread,q9CgAYD46iW7VQJLVQD2UYEOMis,Ugws-1acZz2WMRRL3uN4AaABAg,"{'videoId': 'uuh1ydDwwrQ', 'topLevelComment': {'kind': 'youtube#comment', 'etag': 'qzve8lbqkXu3ANXs-Fc6hihY9Vk', 'id': 'Ugws-1acZz2WMRRL3uN4AaABAg', 'snippet': {'videoId': 'uuh1ydDwwrQ', 'textDisplay': 'O que explica  è que Xi jinping vai executar mais um. E é a esse personagem que o ladrao do Lula que se unir e fazer a mesma coisa com os brasileiros.', 'textOriginal': 'O que explica  è que Xi jinping vai executar mais um. E é a esse personagem que o ladrao do Lula que se unir e fazer a mesma coisa com os brasileiros.', 'authorDisplayName': 'Urusai urusai Urusaiurusai', 'authorProfileImageUrl': 'https://yt3.ggpht.com/ytc/AGIKgqPVDpY7DZ8eSXKv28wsG5P4h3wFoQfJkXpToCxJXmfVgSfSUwmmO0Qitxx2tkyj=s48-c-k-c0x00ffffff-no-rj', 'authorChannelUrl': 'http://www.youtube.com/channel/UCHECQbgnH2QWIx4lLrKlATQ', 'authorChannelId': {'value': 'UCHECQbgnH2QWIx4lLrKlATQ'}, 'canRate': True, 'viewerRating': 'none', 'likeCount': 0, 'publishedAt': '2022-10-25T12:11:17Z', 'updatedAt': '2022-10-25T12:11:17Z'}}, 'canReply': True, 'totalReplyCount': 0, 'isPublic': True}",,UCHECQbgnH2QWIx4lLrKlATQ,2022-10-25T12:11:17Z,O que explica  è que Xi jinping vai executar mais um. E é a esse personagem que o ladrao do Lula que se unir e fazer a mesma coisa com os brasileiros.,QURTSl9pM3N4ZlVLQlQzZjFTQWFVR1dpclFobzQtcS02d0ZJc1ZTMzVnV2xZbGF2c05yQTgxckZJSFBPU2kwV0RaNHlQYnMzSnR2OTc2dw==,2023-06-08 15:04:26.987982
youtube#commentThread,IYnl9XH44ZPkwICdDRRAKOKb7t8,UgwIiPxsRUY55LaqWEh4AaABAg,"{'videoId': 'uuh1ydDwwrQ', 'topLevelComment': {'kind': 'youtube#comment', 'etag': '4ngxfC0BLI-t264Hl-_ZVUgm1yo', 'id': 'UgwIiPxsRUY55LaqWEh4AaABAg', 'snippet': {'videoId': 'uuh1ydDwwrQ', 'textDisplay': 'Nossa quannnnnnta gentileza,ao convidar um membro do partido para tomar um cafezinho,porque eu acho que ele &quot;&quot;foi saído&quot;&quot;para isso.', 'textOriginal': 'Nossa quannnnnnta gentileza,ao convidar um membro do partido para tomar um cafezinho,porque eu acho que ele """"foi saído""""para isso.', 'authorDisplayName': 'Maria Simon Fernandes', 'authorProfileImageUrl': 'https://yt3.ggpht.com/ytc/AGIKgqOvgWmJfzZJlWU17aaVck6wh2y2XxRA7Tw7jQ=s48-c-k-c0x00ffffff-no-rj', 'authorChannelUrl': 'http://www.youtube.com/channel/UCvNDxatGshkfV2PyGKVQQWQ', 'authorChannelId': {'value': 'UCvNDxatGshkfV2PyGKVQQWQ'}, 'canRate': True, 'viewerRating': 'none', 'likeCount': 0, 'publishedAt': '2022-10-25T12:05:08Z', 'updatedAt': '2022-10-25T12:05:08Z'}}, 'canReply': True, 'totalReplyCount': 0, 'isPublic': True}",,UCvNDxatGshkfV2PyGKVQQWQ,2022-10-25T12:05:08Z,"Nossa quannnnnnta gentileza,ao convidar um membro do partido para tomar um cafezinho,porque eu acho que ele """"foi saído""""para isso.",QURTSl9pM3N4ZlVLQlQzZjFTQWFVR1dpclFobzQtcS02d0ZJc1ZTMzVnV2xZbGF2c05yQTgxckZJSFBPU2kwV0RaNHlQYnMzSnR2OTc2dw==,2023-06-08 15:04:26.987982
youtube#commentThread,jIQa_Lari5mX79RmsSJox1zoFJw,UgzvAvRJ_EfPiGOOC154AaABAg,"{'videoId': 'uuh1ydDwwrQ', 'topLevelComment': {'kind': 'youtube#comment', 'etag': 'H0WRtazmw-vn0hWQzn5QeFSrlzA', 'id': 'UgzvAvRJ_EfPiGOOC154AaABAg', 'snippet': {'videoId': 'uuh1ydDwwrQ', 'textDisplay': 'Não se preocupe jovempam que não está proibido falar  da china ,Alexandre ainda não proibiu,ele está tomando conta de nossas urnas....', 'textOriginal': 'Não se preocupe jovempam que não está proibido falar  da china ,Alexandre ainda não proibiu,ele está tomando conta de nossas urnas....', 'authorDisplayName': 'Maria Simon Fernandes', 'authorProfileImageUrl': 'https://yt3.ggpht.com/ytc/AGIKgqOvgWmJfzZJlWU17aaVck6wh2y2XxRA7Tw7jQ=s48-c-k-c0x00ffffff-no-rj', 'authorChannelUrl': 'http://www.youtube.com/channel/UCvNDxatGshkfV2PyGKVQQWQ', 'authorChannelId': {'value': 'UCvNDxatGshkfV2PyGKVQQWQ'}, 'canRate': True, 'viewerRating': 'none', 'likeCount': 0, 'publishedAt': '2022-10-25T12:03:42Z', 'updatedAt': '2022-10-25T12:03:42Z'}}, 'canReply': True, 'totalReplyCount': 0, 'isPublic': True}",,UCvNDxatGshkfV2PyGKVQQWQ,2022-10-25T12:03:42Z,"Não se preocupe jovempam que não está proibido falar  da china ,Alexandre ainda não proibiu,ele está tomando conta de nossas urnas....",QURTSl9pM3N4ZlVLQlQzZjFTQWFVR1dpclFobzQtcS02d0ZJc1ZTMzVnV2xZbGF2c05yQTgxckZJSFBPU2kwV0RaNHlQYnMzSnR2OTc2dw==,2023-06-08 15:04:26.987982
youtube#commentThread,z99Gqz_slzcTcKAhEjFh1EW2krA,UgzD8PbtEkSR1YBuYiJ4AaABAg,"{'videoId': 'uuh1ydDwwrQ', 'topLevelComment': {'kind': 'youtube#comment', 'etag': 'n54fCYpY_jbTsmcQFAxqS3-tQs8', 'id': 'UgzD8PbtEkSR1YBuYiJ4AaABAg', 'snippet': {'videoId': 'uuh1ydDwwrQ', 'textDisplay': 'Aí daquele que esboçar qualquer reação ao fato ocorrido,essa desculpa esfarrapada vai ser ventilada mas ninguém acredita....daí para o hospital  e sabe Deus.......', 'textOriginal': 'Aí daquele que esboçar qualquer reação ao fato ocorrido,essa desculpa esfarrapada vai ser ventilada mas ninguém acredita....daí para o hospital  e sabe Deus.......', 'authorDisplayName': 'Maria Simon Fernandes', 'authorProfileImageUrl': 'https://yt3.ggpht.com/ytc/AGIKgqOvgWmJfzZJlWU17aaVck6wh2y2XxRA7Tw7jQ=s48-c-k-c0x00ffffff-no-rj', 'authorChannelUrl': 'http://www.youtube.com/channel/UCvNDxatGshkfV2PyGKVQQWQ', 'authorChannelId': {'value': 'UCvNDxatGshkfV2PyGKVQQWQ'}, 'canRate': True, 'viewerRating': 'none', 'likeCount': 0, 'publishedAt': '2022-10-25T12:01:02Z', 'updatedAt': '2022-10-25T12:01:02Z'}}, 'canReply': True, 'totalReplyCount': 0, 'isPublic': True}",,UCvNDxatGshkfV2PyGKVQQWQ,2022-10-25T12:01:02Z,"Aí daquele que esboçar qualquer reação ao fato ocorrido,essa desculpa esfarrapada vai ser ventilada mas ninguém acredita....daí para o hospital  e sabe Deus.......",QURTSl9pM3N4ZlVLQlQzZjFTQWFVR1dpclFobzQtcS02d0ZJc1ZTMzVnV2xZbGF2c05yQTgxckZJSFBPU2kwV0RaNHlQYnMzSnR2OTc2dw==,2023-06-08 15:04:26.987982
youtube#commentThread,YmkmaUmWZq7PGWywnNMldNzhCN4,Ugxe0MepLOE1X076QIx4AaABAg,"{'videoId': 'uuh1ydDwwrQ', 'topLevelComment': {'kind': 'youtube#comment', 'etag': 'R8SqJukiDywNPPwE61vm4UpFb68', 'id': 'Ugxe0MepLOE1X076QIx4AaABAg', 'snippet': {'videoId': 'uuh1ydDwwrQ', 'textDisplay': 'Lula 13', 'textOriginal': 'Lula 13', 'authorDisplayName': 'FZAz Silva', 'authorProfileImageUrl': 'https://yt3.ggpht.com/ytc/AGIKgqMGEm_dYHyMplRXa3puiv2ecS0i2NY904gZXH2v=s48-c-k-c0x00ffffff-no-rj', 'authorChannelUrl': 'http://www.youtube.com/channel/UCcGkdF8c96GBH7nt8Gyd3_Q', 'authorChannelId': {'value': 'UCcGkdF8c96GBH7nt8Gyd3_Q'}, 'canRate': True, 'viewerRating': 'none', 'likeCount': 0, 'publishedAt': '2022-10-25T11:50:41Z', 'updatedAt': '2022-10-25T11:50:41Z'}}, 'canReply': True, 'totalReplyCount': 0, 'isPublic': True}",,UCcGkdF8c96GBH7nt8Gyd3_Q,2022-10-25T11:50:41Z,Lula 13,QURTSl9pM3N4ZlVLQlQzZjFTQWFVR1dpclFobzQtcS02d0ZJc1ZTMzVnV2xZbGF2c05yQTgxckZJSFBPU2kwV0RaNHlQYnMzSnR2OTc2dw==,2023-06-08 15:04:26.987982
youtube#commentThread,dbeYLQs7tYlynkhhfjtoR_Fu0WY,UgxVdh2B9q1ZcF-Udnh4AaABAg,"{'videoId': 'uuh1ydDwwrQ', 'topLevelComment': {'kind': 'youtube#comment', 'etag': 'EpVsgN2eKVZti9tiujpP7oEEtVc', 'id': 'UgxVdh2B9q1ZcF-Udnh4AaABAg', 'snippet': {'videoId': 'uuh1ydDwwrQ', 'textDisplay': 'Parabéns xi jin ping', 'textOriginal': 'Parabéns xi jin ping', 'authorDisplayName': 'FZAz Silva', 'authorProfileImageUrl': 'https://yt3.ggpht.com/ytc/AGIKgqMGEm_dYHyMplRXa3puiv2ecS0i2NY904gZXH2v=s48-c-k-c0x00ffffff-no-rj', 'authorChannelUrl': 'http://www.youtube.com/channel/UCcGkdF8c96GBH7nt8Gyd3_Q', 'authorChannelId': {'value': 'UCcGkdF8c96GBH7nt8Gyd3_Q'}, 'canRate': True, 'viewerRating': 'none', 'likeCount': 1, 'publishedAt': '2022-10-25T11:50:29Z', 'updatedAt': '2022-10-25T11:50:29Z'}}, 'canReply': True, 'totalReplyCount': 0, 'isPublic': True}",,UCcGkdF8c96GBH7nt8Gyd3_Q,2022-10-25T11:50:29Z,Parabéns xi jin ping,QURTSl9pM3N4ZlVLQlQzZjFTQWFVR1dpclFobzQtcS02d0ZJc1ZTMzVnV2xZbGF2c05yQTgxckZJSFBPU2kwV0RaNHlQYnMzSnR2OTc2dw==,2023-06-08 15:04:26.987982
youtube#commentThread,O0RIvexflsmbw59iucwBnR-G0fM,UgzKbSO-fzEre7oLuTR4AaABAg,"{'videoId': 'uuh1ydDwwrQ', 'topLevelComment': {'kind': 'youtube#comment', 'etag': 'VDylvWx2vfzhkfonLFpoxUvHNZM', 'id': 'UgzKbSO-fzEre7oLuTR4AaABAg', 'snippet': {'videoId': 'uuh1ydDwwrQ', 'textDisplay': 'Como qud im homem fica tanto tempo é porwue quer dominar escravizar o Povo.  Assim foi Venezuela Cuba e outros Países', 'textOriginal': 'Como qud im homem fica tanto tempo é porwue quer dominar escravizar o Povo.  Assim foi Venezuela Cuba e outros Países', 'authorDisplayName': 'Sueli Massola', 'authorProfileImageUrl': 'https://yt3.ggpht.com/ytc/AGIKgqMkfSXiNcYjmqNWoWNwa1Ms-MYdpPad9aaQ2oQq3659h9KEoPFkAGVLvIx_c1Ok=s48-c-k-c0x00ffffff-no-rj', 'authorChannelUrl': 'http://www.youtube.com/channel/UCrLPSFrRiKQhI6jFYb9yczg', 'authorChannelId': {'value': 'UCrLPSFrRiKQhI6jFYb9yczg'}, 'canRate': True, 'viewerRating': 'none', 'likeCount': 0, 'publishedAt': '2022-10-25T11:49:16Z', 'updatedAt': '2022-10-25T11:49:16Z'}}, 'canReply': True, 'totalReplyCount': 0, 'isPublic': True}",,UCrLPSFrRiKQhI6jFYb9yczg,2022-10-25T11:49:16Z,Como qud im homem fica tanto tempo é porwue quer dominar escravizar o Povo.  Assim foi Venezuela Cuba e outros Países,QURTSl9pM3N4ZlVLQlQzZjFTQWFVR1dpclFobzQtcS02d0ZJc1ZTMzVnV2xZbGF2c05yQTgxckZJSFBPU2kwV0RaNHlQYnMzSnR2OTc2dw==,2023-06-08 15:04:26.987982
youtube#commentThread,vEvIvppIn9f4nQTn6Kw4xHtWZ1A,Ugx82Rlu0Z4-Y6GJ5d14AaABAg,"{'videoId': 'uuh1ydDwwrQ', 'topLevelComment': {'kind': 'youtube#comment', 'etag': 'iEjbcwgFpOBNQchaBX27i5JsoOA', 'id': 'Ugx82Rlu0Z4-Y6GJ5d14AaABAg', 'snippet': {'videoId': 'uuh1ydDwwrQ', 'textDisplay': 'É muito importante se combater a censura.', 'textOriginal': 'É muito importante se combater a censura.', 'authorDisplayName': 'Planta Fersal', 'authorProfileImageUrl': 'https://yt3.ggpht.com/ytc/AGIKgqNdpvQ4sK_bUMzwq2joZsKUx8eGktnFXScf-fh6iA=s48-c-k-c0x00ffffff-no-rj', 'authorChannelUrl': 'http://www.youtube.com/channel/UCpk1rTSMuChddDUcJ7P8iwg', 'authorChannelId': {'value': 'UCpk1rTSMuChddDUcJ7P8iwg'}, 'canRate': True, 'viewerRating': 'none', 'likeCount': 1, 'publishedAt': '2022-10-25T11:21:46Z', 'updatedAt': '2022-10-25T11:21:46Z'}}, 'canReply': True, 'totalReplyCount': 0, 'isPublic': True}",,UCpk1rTSMuChddDUcJ7P8iwg,2022-10-25T11:21:46Z,É muito importante se combater a censura.,QURTSl9pM3N4ZlVLQlQzZjFTQWFVR1dpclFobzQtcS02d0ZJc1ZTMzVnV2xZbGF2c05yQTgxckZJSFBPU2kwV0RaNHlQYnMzSnR2OTc2dw==,2023-06-08 15:04:26.987982
youtube#commentThread,O4a1AmeqLkzlirK0yDY0ktZ876M,Ugxn_ZnBd8SkDWbGCe54AaABAg,"{'videoId': 'uuh1ydDwwrQ', 'topLevelComment': {'kind': 'youtube#comment', 'etag': 'qgR1C7eXjLQ-DXZVD_FAK02jiYw', 'id': 'Ugxn_ZnBd8SkDWbGCe54AaABAg', 'snippet': {'videoId': 'uuh1ydDwwrQ', 'textDisplay': '😂😂😂 Que conversar fiada o cara não estava se sentindo bem kkkkkkkkkkkk kkkkkkkkkkkk kkkkkkkkkkkk o pior é que tem gente que acreditar nisso mesmo 😂😂 o sujeito é ditador ele eliminar quem ele quiser infelizmente', 'textOriginal': '😂😂😂 Que conversar fiada o cara não estava se sentindo bem kkkkkkkkkkkk kkkkkkkkkkkk kkkkkkkkkkkk o pior é que tem gente que acreditar nisso mesmo 😂😂 o sujeito é ditador ele eliminar quem ele quiser infelizmente', 'authorDisplayName': 'O homem e o universo', 'authorProfileImageUrl': 'https://yt3.ggpht.com/ytc/AGIKgqNyrQ5UgZU6stzmmm_Sw4ufStMNYzR_F-K5kRFN=s48-c-k-c0x00ffffff-no-rj', 'authorChannelUrl': 'http://www.youtube.com/channel/UCg4tvhI_L_xO6ltWpe3PmHg', 'authorChannelId': {'value': 'UCg4tvhI_L_xO6ltWpe3PmHg'}, 'canRate': True, 'viewerRating': 'none', 'likeCount': 1, 'publishedAt': '2022-10-25T11:17:32Z', 'updatedAt': '2022-10-25T11:17:32Z'}}, 'canReply': True, 'totalReplyCount': 0, 'isPublic': True}",,UCg4tvhI_L_xO6ltWpe3PmHg,2022-10-25T11:17:32Z,😂😂😂 Que conversar fiada o cara não estava se sentindo bem kkkkkkkkkkkk kkkkkkkkkkkk kkkkkkkkkkkk o pior é que tem gente que acreditar nisso mesmo 😂😂 o sujeito é ditador ele eliminar quem ele quiser infelizmente,QURTSl9pM3N4ZlVLQlQzZjFTQWFVR1dpclFobzQtcS02d0ZJc1ZTMzVnV2xZbGF2c05yQTgxckZJSFBPU2kwV0RaNHlQYnMzSnR2OTc2dw==,2023-06-08 15:04:26.987982
youtube#commentThread,Ap_MSRnD1LFmDHXxJShlgOdol6o,UgwwRNGBYiH_smfVrK94AaABAg,"{'videoId': 'uuh1ydDwwrQ', 'topLevelComment': {'kind': 'youtube#comment', 'etag': 'BVVFYqooIuRuVxb5vOyDdW-eo40', 'id': 'UgwwRNGBYiH_smfVrK94AaABAg', 'snippet': {'videoId': 'uuh1ydDwwrQ', 'textDisplay': 'DEMONIOCRACIA EXPLÍCITA! 👹 vulgo: DITADURA com f😆rala camada de CAPITALISMO!👁👁\\U0001faf5✅', 'textOriginal': 'DEMONIOCRACIA EXPLÍCITA! 👹 vulgo: DITADURA com f😆rala camada de CAPITALISMO!👁👁\\U0001faf5✅', 'authorDisplayName': 'Luigi Mark', 'authorProfileImageUrl': 'https://yt3.ggpht.com/ytc/AGIKgqMzaGz92ThYLKBWymMVVVGrHO5o6jIhikCu_Zagpg=s48-c-k-c0x00ffffff-no-rj', 'authorChannelUrl': 'http://www.youtube.com/channel/UCVoeuVUxZ3Og2T0Po0UX-PA', 'authorChannelId': {'value': 'UCVoeuVUxZ3Og2T0Po0UX-PA'}, 'canRate': True, 'viewerRating': 'none', 'likeCount': 0, 'publishedAt': '2022-10-25T11:12:25Z', 'updatedAt': '2022-10-25T11:12:25Z'}}, 'canReply': True, 'totalReplyCount': 0, 'isPublic': True}",,UCVoeuVUxZ3Og2T0Po0UX-PA,2022-10-25T11:12:25Z,DEMONIOCRACIA EXPLÍCITA! 👹 vulgo: DITADURA com f😆rala camada de CAPITALISMO!👁👁🫵✅,QURTSl9pM3N4ZlVLQlQzZjFTQWFVR1dpclFobzQtcS02d0ZJc1ZTMzVnV2xZbGF2c05yQTgxckZJSFBPU2kwV0RaNHlQYnMzSnR2OTc2dw==,2023-06-08 15:04:26.987982
youtube#commentThread,Q4RpMiM1M8a3zRLSzYg9wwCqTr0,UgxsLehEIBn4JWZuyUF4AaABAg,"{'videoId': 'uuh1ydDwwrQ', 'topLevelComment': {'kind': 'youtube#comment', 'etag': '6W1KiDNYlKz3KzU0I0KwPmtRjeI', 'id': 'UgxsLehEIBn4JWZuyUF4AaABAg', 'snippet': {'videoId': 'uuh1ydDwwrQ', 'textDisplay': 'Um professor, querendo botar papa na boca do povo ! Kkkkkkk', 'textOriginal': 'Um professor, querendo botar papa na boca do povo ! Kkkkkkk', 'authorDisplayName': 'Willibaldo Galindo', 'authorProfileImageUrl': 'https://yt3.ggpht.com/ytc/AGIKgqNPGJGclCK8nSxvSg1gJokll0Qk2vB-4CTPPw=s48-c-k-c0x00ffffff-no-rj', 'authorChannelUrl': 'http://www.youtube.com/channel/UCM8Yq_Wc1ynMjRQ96okDeYg', 'authorChannelId': {'value': 'UCM8Yq_Wc1ynMjRQ96okDeYg'}, 'canRate': True, 'viewerRating': 'none', 'likeCount': 0, 'publishedAt': '2022-10-25T10:56:26Z', 'updatedAt': '2022-10-25T10:56:26Z'}}, 'canReply': True, 'totalReplyCount': 0, 'isPublic': True}",,UCM8Yq_Wc1ynMjRQ96okDeYg,2022-10-25T10:56:26Z,"Um professor, querendo botar papa na boca do povo ! Kkkkkkk",QURTSl9pM3N4ZlVLQlQzZjFTQWFVR1dpclFobzQtcS02d0ZJc1ZTMzVnV2xZbGF2c05yQTgxckZJSFBPU2kwV0RaNHlQYnMzSnR2OTc2dw==,2023-06-08 15:04:26.987982
youtube#commentThread,hmFYd1BAHbqQkgVWaNb4jrkdahk,UgwSp9HjtBBjo4STrzd4AaABAg,"{'videoId': 'uuh1ydDwwrQ', 'topLevelComment': {'kind': 'youtube#comment', 'etag': 'To3SIq7qbCGWZlcRM50bYa23H_k', 'id': 'UgwSp9HjtBBjo4STrzd4AaABAg', 'snippet': {'videoId': 'uuh1ydDwwrQ', 'textDisplay': 'É sério que deve-se acreditar no que esse cara falou?', 'textOriginal': 'É sério que deve-se acreditar no que esse cara falou?', 'authorDisplayName': 'Eraldo Coelho', 'authorProfileImageUrl': 'https://yt3.ggpht.com/ytc/AGIKgqMZcSnLdAUvyUhTRKk097OCCIgwJ1Y9rIqyBLWMr_M9AIV-nSbJIpqWbbWxCAen=s48-c-k-c0x00ffffff-no-rj', 'authorChannelUrl': 'http://www.youtube.com/channel/UCF19c7THXJPwWqb5vS2d6zA', 'authorChannelId': {'value': 'UCF19c7THXJPwWqb5vS2d6zA'}, 'canRate': True, 'viewerRating': 'none', 'likeCount': 0, 'publishedAt': '2022-10-25T10:54:35Z', 'updatedAt': '2022-10-25T10:54:35Z'}}, 'canReply': True, 'totalReplyCount': 0, 'isPublic': True}",,UCF19c7THXJPwWqb5vS2d6zA,2022-10-25T10:54:35Z,É sério que deve-se acreditar no que esse cara falou?,QURTSl9pM3N4ZlVLQlQzZjFTQWFVR1dpclFobzQtcS02d0ZJc1ZTMzVnV2xZbGF2c05yQTgxckZJSFBPU2kwV0RaNHlQYnMzSnR2OTc2dw==,2023-06-08 15:04:26.987982
youtube#commentThread,iRT3jz5Ke2Z11o24gEXqyhzr6y0,UgxNs-E1B4gNUGDS9n94AaABAg,"{'videoId': 'uuh1ydDwwrQ', 'topLevelComment': {'kind': 'youtube#comment', 'etag': 'WNWNB3cZI_1jQJqoyP3Rb6gH7mM', 'id': 'UgxNs-E1B4gNUGDS9n94AaABAg', 'snippet': {'videoId': 'uuh1ydDwwrQ', 'textDisplay': 'Não tava se sentindo bem?<br>Ele saiu contra a vontade.', 'textOriginal': 'Não tava se sentindo bem?\\nEle saiu contra a vontade.', 'authorDisplayName': 'Jackson Fernandes', 'authorProfileImageUrl': 'https://yt3.ggpht.com/wagBLFeaGlSGR3e6m3nKx08Vx_wErLw4iM3SnmqwzKWQVK6tNLw3t-UMu0-MAP5NyVuMmEvK=s48-c-k-c0x00ffffff-no-rj', 'authorChannelUrl': 'http://www.youtube.com/channel/UCC7JDaKJLa2usb_eSzpIlCA', 'authorChannelId': {'value': 'UCC7JDaKJLa2usb_eSzpIlCA'}, 'canRate': True, 'viewerRating': 'none', 'likeCount': 0, 'publishedAt': '2022-10-25T10:17:12Z', 'updatedAt': '2022-10-25T10:17:12Z'}}, 'canReply': True, 'totalReplyCount': 0, 'isPublic': True}",,UCC7JDaKJLa2usb_eSzpIlCA,2022-10-25T10:17:12Z,"Não tava se sentindo bem?
Ele saiu contra a vontade.",QURTSl9pM3N4ZlVLQlQzZjFTQWFVR1dpclFobzQtcS02d0ZJc1ZTMzVnV2xZbGF2c05yQTgxckZJSFBPU2kwV0RaNHlQYnMzSnR2OTc2dw==,2023-06-08 15:04:26.987982
youtube#commentThread,3276kIyA3LjYnKsudn4xnDcfEAE,UgxJcnfAqA14iY_jtWB4AaABAg,"{'videoId': 'uuh1ydDwwrQ', 'topLevelComment': {'kind': 'youtube#comment', 'etag': 'HaV-YqJpLD8fiW1u5UDeS01b_nA', 'id': 'UgxJcnfAqA14iY_jtWB4AaABAg', 'snippet': {'videoId': 'uuh1ydDwwrQ', 'textDisplay': 'Mao súbito', 'textOriginal': 'Mao súbito', 'authorDisplayName': 'João Campos', 'authorProfileImageUrl': 'https://yt3.ggpht.com/ytc/AGIKgqPZl8WFqRfpPqDYvZSfJrJ594MaP-TGlRKsmUHBmBY=s48-c-k-c0x00ffffff-no-rj', 'authorChannelUrl': 'http://www.youtube.com/channel/UCHl3S3mCjpiYh0T7JfBS1tQ', 'authorChannelId': {'value': 'UCHl3S3mCjpiYh0T7JfBS1tQ'}, 'canRate': True, 'viewerRating': 'none', 'likeCount': 0, 'publishedAt': '2022-10-25T10:16:28Z', 'updatedAt': '2022-10-25T10:16:28Z'}}, 'canReply': True, 'totalReplyCount': 0, 'isPublic': True}",,UCHl3S3mCjpiYh0T7JfBS1tQ,2022-10-25T10:16:28Z,Mao súbito,QURTSl9pM3N4ZlVLQlQzZjFTQWFVR1dpclFobzQtcS02d0ZJc1ZTMzVnV2xZbGF2c05yQTgxckZJSFBPU2kwV0RaNHlQYnMzSnR2OTc2dw==,2023-06-08 15:04:26.987982
youtube#commentThread,66QZOUM7FK4iEEudkmHwEo4QneQ,UgxcRDygEpLtkSVkcFR4AaABAg,"{'videoId': 'uuh1ydDwwrQ', 'topLevelComment': {'kind': 'youtube#comment', 'etag': 'M85S6iDX9vC-zHf5Wt1a-zFCVfc', 'id': 'UgxcRDygEpLtkSVkcFR4AaABAg', 'snippet': {'videoId': 'uuh1ydDwwrQ', 'textDisplay': 'A ditadura está  ganhando força no mundo, enquanto que no nosso país muita gente quer pagar pra ver🧐🙇\\u200d♀️', 'textOriginal': 'A ditadura está  ganhando força no mundo, enquanto que no nosso país muita gente quer pagar pra ver🧐🙇\\u200d♀️', 'authorDisplayName': 'Gleidiane Carvalho', 'authorProfileImageUrl': 'https://yt3.ggpht.com/ytc/AGIKgqOWBZ94uNz-KPY1d4RWXIyEeGey26BorwIo=s48-c-k-c0x00ffffff-no-rj', 'authorChannelUrl': 'http://www.youtube.com/channel/UCFGltqWC_M9ub6ZNNWH2uIw', 'authorChannelId': {'value': 'UCFGltqWC_M9ub6ZNNWH2uIw'}, 'canRate': True, 'viewerRating': 'none', 'likeCount': 0, 'publishedAt': '2022-10-25T08:08:18Z', 'updatedAt': '2022-10-25T08:08:18Z'}}, 'canReply': True, 'totalReplyCount': 0, 'isPublic': True}",,UCFGltqWC_M9ub6ZNNWH2uIw,2022-10-25T08:08:18Z,"A ditadura está  ganhando força no mundo, enquanto que no nosso país muita gente quer pagar pra ver🧐🙇‍♀️",QURTSl9pM3N4ZlVLQlQzZjFTQWFVR1dpclFobzQtcS02d0ZJc1ZTMzVnV2xZbGF2c05yQTgxckZJSFBPU2kwV0RaNHlQYnMzSnR2OTc2dw==,2023-06-08 15:04:26.987982
youtube#commentThread,SwuQsQi2yGXl8-4345N9sFXEeOw,UgyO4YMvIPL5HYnCH8F4AaABAg,"{'videoId': 'uuh1ydDwwrQ', 'topLevelComment': {'kind': 'youtube#comment', 'etag': 'tEECoVITz4yx_-P-VfYtS33EurA', 'id': 'UgyO4YMvIPL5HYnCH8F4AaABAg', 'snippet': {'videoId': 'uuh1ydDwwrQ', 'textDisplay': 'Tentaram derrubar o &quot;Xing ling&quot; esses dias, acham que ele não iria descobrir as mentes por trás disso??<br>Isso foi um claro sinal aos rivais internos.', 'textOriginal': 'Tentaram derrubar o ""Xing ling"" esses dias, acham que ele não iria descobrir as mentes por trás disso??\\nIsso foi um claro sinal aos rivais internos.', 'authorDisplayName': 'ALAN SANTOS', 'authorProfileImageUrl': 'https://yt3.ggpht.com/ytc/AGIKgqPNKkKDkLbggoJvdYPPBiY3I55hYRg8HcsQJXO4-eRtlbHWISykMGsrGRb6RbJi=s48-c-k-c0x00ffffff-no-rj', 'authorChannelUrl': 'http://www.youtube.com/channel/UCJNmfzZgFl241VBD3xlYmsQ', 'authorChannelId': {'value': 'UCJNmfzZgFl241VBD3xlYmsQ'}, 'canRate': True, 'viewerRating': 'none', 'likeCount': 1, 'publishedAt': '2022-10-25T06:26:28Z', 'updatedAt': '2022-10-25T06:26:28Z'}}, 'canReply': True, 'totalReplyCount': 0, 'isPublic': True}",,UCJNmfzZgFl241VBD3xlYmsQ,2022-10-25T06:26:28Z,"Tentaram derrubar o ""Xing ling"" esses dias, acham que ele não iria descobrir as mentes por trás disso??
Isso foi um claro sinal aos rivais internos.",QURTSl9pM3N4ZlVLQlQzZjFTQWFVR1dpclFobzQtcS02d0ZJc1ZTMzVnV2xZbGF2c05yQTgxckZJSFBPU2kwV0RaNHlQYnMzSnR2OTc2dw==,2023-06-08 15:04:26.987982
youtube#commentThread,zpmiN4wet-IIz7pJ3XM7a_Z5UWM,UgzSVycsQpW2dcYmAZJ4AaABAg,"{'videoId': 'uuh1ydDwwrQ', 'topLevelComment': {'kind': 'youtube#comment', 'etag': 'LfI8Mo0FlaeollD6nqnF9ibIyQU', 'id': 'UgzSVycsQpW2dcYmAZJ4AaABAg', 'snippet': {'videoId': 'uuh1ydDwwrQ', 'textDisplay': 'É muita teoria da conspiração ocidental... o cara n tava se sentindo bem e sua equipe percebeu isso.', 'textOriginal': 'É muita teoria da conspiração ocidental... o cara n tava se sentindo bem e sua equipe percebeu isso.', 'authorDisplayName': 'Han', 'authorProfileImageUrl': 'https://yt3.ggpht.com/ytc/AGIKgqPeyTGrtKopmWG6k8KwbV_Ouy_SeCEyt-fsxqfFeRwTy5is0_eWB1M3dp6DWZPV=s48-c-k-c0x00ffffff-no-rj', 'authorChannelUrl': 'http://www.youtube.com/channel/UCb3TnqxjgMk8KLK7gGnVLuQ', 'authorChannelId': {'value': 'UCb3TnqxjgMk8KLK7gGnVLuQ'}, 'canRate': True, 'viewerRating': 'none', 'likeCount': 0, 'publishedAt': '2022-10-25T05:40:53Z', 'updatedAt': '2022-10-25T05:40:53Z'}}, 'canReply': True, 'totalReplyCount': 0, 'isPublic': True}",,UCb3TnqxjgMk8KLK7gGnVLuQ,2022-10-25T05:40:53Z,É muita teoria da conspiração ocidental... o cara n tava se sentindo bem e sua equipe percebeu isso.,QURTSl9pM3N4ZlVLQlQzZjFTQWFVR1dpclFobzQtcS02d0ZJc1ZTMzVnV2xZbGF2c05yQTgxckZJSFBPU2kwV0RaNHlQYnMzSnR2OTc2dw==,2023-06-08 15:04:26.987982
youtube#commentThread,EIKMvny2CxpID8fbacgL4ENiaX4,UgyHNjBabry_86vlpbJ4AaABAg,"{'videoId': 'uuh1ydDwwrQ', 'topLevelComment': {'kind': 'youtube#comment', 'etag': 'RdcjKm7DmB-QL0sxOIwTTlRVNlA', 'id': 'UgyHNjBabry_86vlpbJ4AaABAg', 'snippet': {'videoId': 'uuh1ydDwwrQ', 'textDisplay': 'QUE PASSADA DE PANO LEGAL PRO XI... O CARA FOI OBRIGADO A SAIR PELA IMAGEM.', 'textOriginal': 'QUE PASSADA DE PANO LEGAL PRO XI... O CARA FOI OBRIGADO A SAIR PELA IMAGEM.', 'authorDisplayName': 'AFS SPORTS', 'authorProfileImageUrl': 'https://yt3.ggpht.com/ytc/AGIKgqOGPjbHDwDTB1eN_rW60MIwhNz9WCElnNKW20ATfQ=s48-c-k-c0x00ffffff-no-rj', 'authorChannelUrl': 'http://www.youtube.com/channel/UC-LskrAexR4N1UfjLu3dKGA', 'authorChannelId': {'value': 'UC-LskrAexR4N1UfjLu3dKGA'}, 'canRate': True, 'viewerRating': 'none', 'likeCount': 1, 'publishedAt': '2022-10-25T03:29:00Z', 'updatedAt': '2022-10-25T03:29:00Z'}}, 'canReply': True, 'totalReplyCount': 0, 'isPublic': True}",,UC-LskrAexR4N1UfjLu3dKGA,2022-10-25T03:29:00Z,QUE PASSADA DE PANO LEGAL PRO XI... O CARA FOI OBRIGADO A SAIR PELA IMAGEM.,QURTSl9pM3N4ZlVLQlQzZjFTQWFVR1dpclFobzQtcS02d0ZJc1ZTMzVnV2xZbGF2c05yQTgxckZJSFBPU2kwV0RaNHlQYnMzSnR2OTc2dw==,2023-06-08 15:04:26.987982
youtube#commentThread,V5Uu-5J4DuaNkSDZazRJQNLkHQI,UgxPKqcCqiQwq1DQiGx4AaABAg,"{'videoId': 'uuh1ydDwwrQ', 'topLevelComment': {'kind': 'youtube#comment', 'etag': '9vlMH9Q-VXeh9r7ah740e5lXQzM', 'id': 'UgxPKqcCqiQwq1DQiGx4AaABAg', 'snippet': {'videoId': 'uuh1ydDwwrQ', 'textDisplay': 'Esse aí já vai pro expurgo', 'textOriginal': 'Esse aí já vai pro expurgo', 'authorDisplayName': 'Valder Castelo', 'authorProfileImageUrl': 'https://yt3.ggpht.com/ytc/AGIKgqM5FpeRifPTdPtVBRWTf5u9IUttRhln42cQ=s48-c-k-c0x00ffffff-no-rj', 'authorChannelUrl': 'http://www.youtube.com/channel/UCEPu6Or0zJ9qHn0iEWAajJA', 'authorChannelId': {'value': 'UCEPu6Or0zJ9qHn0iEWAajJA'}, 'canRate': True, 'viewerRating': 'none', 'likeCount': 0, 'publishedAt': '2022-10-25T03:09:38Z', 'updatedAt': '2022-10-25T03:09:38Z'}}, 'canReply': True, 'totalReplyCount': 0, 'isPublic': True}",,UCEPu6Or0zJ9qHn0iEWAajJA,2022-10-25T03:09:38Z,Esse aí já vai pro expurgo,QURTSl9pM3N4ZlVLQlQzZjFTQWFVR1dpclFobzQtcS02d0ZJc1ZTMzVnV2xZbGF2c05yQTgxckZJSFBPU2kwV0RaNHlQYnMzSnR2OTc2dw==,2023-06-08 15:04:26.987982
youtube#commentThread,MqhfDXbeuQq5wwv9EcDjzqFF_bs,Ugy212OTxTgrFi9y-cB4AaABAg,"{'videoId': 'uuh1ydDwwrQ', 'topLevelComment': {'kind': 'youtube#comment', 'etag': '2DDhrE9XGBRKYx10Y4vhk9rYPiw', 'id': 'Ugy212OTxTgrFi9y-cB4AaABAg', 'snippet': {'videoId': 'uuh1ydDwwrQ', 'textDisplay': 'Nada haver comparar o Avai com Taiwan. ESte professor está todo enviezado. Professor de relacionais da China? Vassalo da China.', 'textOriginal': 'Nada haver comparar o Avai com Taiwan. ESte professor está todo enviezado. Professor de relacionais da China? Vassalo da China.', 'authorDisplayName': 'Allan José Alves', 'authorProfileImageUrl': 'https://yt3.ggpht.com/ytc/AGIKgqNhyBt_ddLM8ckkmWRBPDCtfgqfwZC5AdbaSufctQ=s48-c-k-c0x00ffffff-no-rj', 'authorChannelUrl': 'http://www.youtube.com/channel/UCV7RovaEJ_X53YAWiFctqrg', 'authorChannelId': {'value': 'UCV7RovaEJ_X53YAWiFctqrg'}, 'canRate': True, 'viewerRating': 'none', 'likeCount': 0, 'publishedAt': '2022-10-25T02:43:59Z', 'updatedAt': '2022-10-25T02:43:59Z'}}, 'canReply': True, 'totalReplyCount': 0, 'isPublic': True}",,UCV7RovaEJ_X53YAWiFctqrg,2022-10-25T02:43:59Z,Nada haver comparar o Avai com Taiwan. ESte professor está todo enviezado. Professor de relacionais da China? Vassalo da China.,QURTSl9pM3N4ZlVLQlQzZjFTQWFVR1dpclFobzQtcS02d0ZJc1ZTMzVnV2xZbGF2c05yQTgxckZJSFBPU2kwV0RaNHlQYnMzSnR2OTc2dw==,2023-06-08 15:04:26.987982
youtube#commentThread,WS81mQdKF_vWsEI4qseViXIkOVA,UgwOQ1Y9hQ52ZTnXpxV4AaABAg,"{'videoId': 'uuh1ydDwwrQ', 'topLevelComment': {'kind': 'youtube#comment', 'etag': 'AK0YCTedZpYFrfAx_-xPMHRUORk', 'id': 'UgwOQ1Y9hQ52ZTnXpxV4AaABAg', 'snippet': {'videoId': 'uuh1ydDwwrQ', 'textDisplay': 'Que besteria o que mais Taiwan quer é sua independência.', 'textOriginal': 'Que besteria o que mais Taiwan quer é sua independência.', 'authorDisplayName': 'Allan José Alves', 'authorProfileImageUrl': 'https://yt3.ggpht.com/ytc/AGIKgqNhyBt_ddLM8ckkmWRBPDCtfgqfwZC5AdbaSufctQ=s48-c-k-c0x00ffffff-no-rj', 'authorChannelUrl': 'http://www.youtube.com/channel/UCV7RovaEJ_X53YAWiFctqrg', 'authorChannelId': {'value': 'UCV7RovaEJ_X53YAWiFctqrg'}, 'canRate': True, 'viewerRating': 'none', 'likeCount': 0, 'publishedAt': '2022-10-25T02:42:26Z', 'updatedAt': '2022-10-25T02:42:26Z'}}, 'canReply': True, 'totalReplyCount': 0, 'isPublic': True}",,UCV7RovaEJ_X53YAWiFctqrg,2022-10-25T02:42:26Z,Que besteria o que mais Taiwan quer é sua independência.,QURTSl9pM3N4ZlVLQlQzZjFTQWFVR1dpclFobzQtcS02d0ZJc1ZTMzVnV2xZbGF2c05yQTgxckZJSFBPU2kwV0RaNHlQYnMzSnR2OTc2dw==,2023-06-08 15:04:26.987982
youtube#commentThread,b6PoMA9g3UAjG3WAEBdLjZ1sbZo,UgzGa3HCegJaH9P7qvZ4AaABAg,"{'videoId': 'uuh1ydDwwrQ', 'topLevelComment': {'kind': 'youtube#comment', 'etag': 'BCcG5WqLLRswE7CjKwaMQMCNo68', 'id': 'UgzGa3HCegJaH9P7qvZ4AaABAg', 'snippet': {'videoId': 'uuh1ydDwwrQ', 'textDisplay': 'Taiwan não é uma provincia da China.', 'textOriginal': 'Taiwan não é uma provincia da China.', 'authorDisplayName': 'Allan José Alves', 'authorProfileImageUrl': 'https://yt3.ggpht.com/ytc/AGIKgqNhyBt_ddLM8ckkmWRBPDCtfgqfwZC5AdbaSufctQ=s48-c-k-c0x00ffffff-no-rj', 'authorChannelUrl': 'http://www.youtube.com/channel/UCV7RovaEJ_X53YAWiFctqrg', 'authorChannelId': {'value': 'UCV7RovaEJ_X53YAWiFctqrg'}, 'canRate': True, 'viewerRating': 'none', 'likeCount': 0, 'publishedAt': '2022-10-25T02:41:33Z', 'updatedAt': '2022-10-25T02:41:33Z'}}, 'canReply': True, 'totalReplyCount': 0, 'isPublic': True}",,UCV7RovaEJ_X53YAWiFctqrg,2022-10-25T02:41:33Z,Taiwan não é uma provincia da China.,QURTSl9pM3N4ZlVLQlQzZjFTQWFVR1dpclFobzQtcS02d0ZJc1ZTMzVnV2xZbGF2c05yQTgxckZJSFBPU2kwV0RaNHlQYnMzSnR2OTc2dw==,2023-06-08 15:04:26.987982
youtube#commentThread,pAxFqEWYD1Bw5oyyy0ubOY-uxi4,UgwDqS3fDOXuzbZaW9h4AaABAg,"{'videoId': 'uuh1ydDwwrQ', 'topLevelComment': {'kind': 'youtube#comment', 'etag': 'BOUAUrZUgtZYYQYilaUqB3VclpU', 'id': 'UgwDqS3fDOXuzbZaW9h4AaABAg', 'snippet': {'videoId': 'uuh1ydDwwrQ', 'textDisplay': 'Taiwan e a explicação do Brasl ser a bola da vez . Se Taiwan for engolida pela China adeus Processadores .', 'textOriginal': 'Taiwan e a explicação do Brasl ser a bola da vez . Se Taiwan for engolida pela China adeus Processadores .', 'authorDisplayName': 'Allan José Alves', 'authorProfileImageUrl': 'https://yt3.ggpht.com/ytc/AGIKgqNhyBt_ddLM8ckkmWRBPDCtfgqfwZC5AdbaSufctQ=s48-c-k-c0x00ffffff-no-rj', 'authorChannelUrl': 'http://www.youtube.com/channel/UCV7RovaEJ_X53YAWiFctqrg', 'authorChannelId': {'value': 'UCV7RovaEJ_X53YAWiFctqrg'}, 'canRate': True, 'viewerRating': 'none', 'likeCount': 0, 'publishedAt': '2022-10-25T02:39:52Z', 'updatedAt': '2022-10-25T02:39:52Z'}}, 'canReply': True, 'totalReplyCount': 0, 'isPublic': True}",,UCV7RovaEJ_X53YAWiFctqrg,2022-10-25T02:39:52Z,Taiwan e a explicação do Brasl ser a bola da vez . Se Taiwan for engolida pela China adeus Processadores .,QURTSl9pM3N4ZlVLQlQzZjFTQWFVR1dpclFobzQtcS02d0ZJc1ZTMzVnV2xZbGF2c05yQTgxckZJSFBPU2kwV0RaNHlQYnMzSnR2OTc2dw==,2023-06-08 15:04:26.987982
youtube#commentThread,cCKIrmFlBKuyc7i_eyhg0gui7LE,UgyQPwW7Ut5NcWxH14h4AaABAg,"{'videoId': 'uuh1ydDwwrQ', 'topLevelComment': {'kind': 'youtube#comment', 'etag': 'cp3xhEH93IwP5lNMshZuoAcnDRs', 'id': 'UgyQPwW7Ut5NcWxH14h4AaABAg', 'snippet': {'videoId': 'uuh1ydDwwrQ', 'textDisplay': 'E quem é louco para ir contra o todo poderoso?', 'textOriginal': 'E quem é louco para ir contra o todo poderoso?', 'authorDisplayName': 'Allan José Alves', 'authorProfileImageUrl': 'https://yt3.ggpht.com/ytc/AGIKgqNhyBt_ddLM8ckkmWRBPDCtfgqfwZC5AdbaSufctQ=s48-c-k-c0x00ffffff-no-rj', 'authorChannelUrl': 'http://www.youtube.com/channel/UCV7RovaEJ_X53YAWiFctqrg', 'authorChannelId': {'value': 'UCV7RovaEJ_X53YAWiFctqrg'}, 'canRate': True, 'viewerRating': 'none', 'likeCount': 0, 'publishedAt': '2022-10-25T02:38:06Z', 'updatedAt': '2022-10-25T02:38:06Z'}}, 'canReply': True, 'totalReplyCount': 0, 'isPublic': True}",,UCV7RovaEJ_X53YAWiFctqrg,2022-10-25T02:38:06Z,E quem é louco para ir contra o todo poderoso?,QURTSl9pM3N4ZlVLQlQzZjFTQWFVR1dpclFobzQtcS02d0ZJc1ZTMzVnV2xZbGF2c05yQTgxckZJSFBPU2kwV0RaNHlQYnMzSnR2OTc2dw==,2023-06-08 15:04:26.987982
youtube#commentThread,-ujYY2oV_7sWb6Twhcmiw40Cp0s,Ugzq_4UJPxX0KI0H7Xp4AaABAg,"{'videoId': 'uuh1ydDwwrQ', 'topLevelComment': {'kind': 'youtube#comment', 'etag': 'kVorYWJtUM-EmPEn9P-dA6nE7n8', 'id': 'Ugzq_4UJPxX0KI0H7Xp4AaABAg', 'snippet': {'videoId': 'uuh1ydDwwrQ', 'textDisplay': 'A ta o cara saiu porque não estava se sentindo bem . Aham sei. Este professor esta falando dentro da China?', 'textOriginal': 'A ta o cara saiu porque não estava se sentindo bem . Aham sei. Este professor esta falando dentro da China?', 'authorDisplayName': 'Allan José Alves', 'authorProfileImageUrl': 'https://yt3.ggpht.com/ytc/AGIKgqNhyBt_ddLM8ckkmWRBPDCtfgqfwZC5AdbaSufctQ=s48-c-k-c0x00ffffff-no-rj', 'authorChannelUrl': 'http://www.youtube.com/channel/UCV7RovaEJ_X53YAWiFctqrg', 'authorChannelId': {'value': 'UCV7RovaEJ_X53YAWiFctqrg'}, 'canRate': True, 'viewerRating': 'none', 'likeCount': 0, 'publishedAt': '2022-10-25T02:36:48Z', 'updatedAt': '2022-10-25T02:36:48Z'}}, 'canReply': True, 'totalReplyCount': 0, 'isPublic': True}",,UCV7RovaEJ_X53YAWiFctqrg,2022-10-25T02:36:48Z,A ta o cara saiu porque não estava se sentindo bem . Aham sei. Este professor esta falando dentro da China?,QURTSl9pM3N4ZlVLQlQzZjFTQWFVR1dpclFobzQtcS02d0ZJc1ZTMzVnV2xZbGF2c05yQTgxckZJSFBPU2kwV0RaNHlQYnMzSnR2OTc2dw==,2023-06-08 15:04:26.987982
youtube#commentThread,Hpl4h0-Mp7yFvh6_WQ1S7b-btCA,UgxCKKNNrWVrkY2faxJ4AaABAg,"{'videoId': 'uuh1ydDwwrQ', 'topLevelComment': {'kind': 'youtube#comment', 'etag': 'aDmedRRgchHMXwW7XA25wETYPrQ', 'id': 'UgxCKKNNrWVrkY2faxJ4AaABAg', 'snippet': {'videoId': 'uuh1ydDwwrQ', 'textDisplay': 'Esse cara é do pcc só faltou ele chamar o ocidente de imperialistas sujos', 'textOriginal': 'Esse cara é do pcc só faltou ele chamar o ocidente de imperialistas sujos', 'authorDisplayName': 'Gabriel Viaccava', 'authorProfileImageUrl': 'https://yt3.ggpht.com/HLmWZm-LI0HjnqJG4dKelnY_n4dPNgvL6nMmYABwC1voQiB9IfdsVKch7D3sqGDR1YVWSpLhkQ=s48-c-k-c0x00ffffff-no-rj', 'authorChannelUrl': 'http://www.youtube.com/channel/UCogTpudL6jvg-9N0Q107ucg', 'authorChannelId': {'value': 'UCogTpudL6jvg-9N0Q107ucg'}, 'canRate': True, 'viewerRating': 'none', 'likeCount': 0, 'publishedAt': '2022-10-25T02:35:56Z', 'updatedAt': '2022-10-25T02:35:56Z'}}, 'canReply': True, 'totalReplyCount': 0, 'isPublic': True}",,UCogTpudL6jvg-9N0Q107ucg,2022-10-25T02:35:56Z,Esse cara é do pcc só faltou ele chamar o ocidente de imperialistas sujos,QURTSl9pM3N4ZlVLQlQzZjFTQWFVR1dpclFobzQtcS02d0ZJc1ZTMzVnV2xZbGF2c05yQTgxckZJSFBPU2kwV0RaNHlQYnMzSnR2OTc2dw==,2023-06-08 15:04:26.987982
youtube#commentThread,LqqWEV3MHaN-Z5n-7yEPphITVh0,UgyG3i_sgrMrIxYMKzt4AaABAg,"{'videoId': 'uuh1ydDwwrQ', 'topLevelComment': {'kind': 'youtube#comment', 'etag': 'twjeetNX4uYpEzKPMOHF6nQQ-9w', 'id': 'UgyG3i_sgrMrIxYMKzt4AaABAg', 'snippet': {'videoId': 'uuh1ydDwwrQ', 'textDisplay': 'O que esperar de  uma &quot; democracia&quot; comunista.', 'textOriginal': 'O que esperar de  uma "" democracia"" comunista.', 'authorDisplayName': 'Allan José Alves', 'authorProfileImageUrl': 'https://yt3.ggpht.com/ytc/AGIKgqNhyBt_ddLM8ckkmWRBPDCtfgqfwZC5AdbaSufctQ=s48-c-k-c0x00ffffff-no-rj', 'authorChannelUrl': 'http://www.youtube.com/channel/UCV7RovaEJ_X53YAWiFctqrg', 'authorChannelId': {'value': 'UCV7RovaEJ_X53YAWiFctqrg'}, 'canRate': True, 'viewerRating': 'none', 'likeCount': 0, 'publishedAt': '2022-10-25T02:34:04Z', 'updatedAt': '2022-10-25T02:34:22Z'}}, 'canReply': True, 'totalReplyCount': 0, 'isPublic': True}",,UCV7RovaEJ_X53YAWiFctqrg,2022-10-25T02:34:04Z,"O que esperar de  uma "" democracia"" comunista.",QURTSl9pM3N4ZlVLQlQzZjFTQWFVR1dpclFobzQtcS02d0ZJc1ZTMzVnV2xZbGF2c05yQTgxckZJSFBPU2kwV0RaNHlQYnMzSnR2OTc2dw==,2023-06-08 15:04:26.987982
youtube#commentThread,MLE52c6W5YvBLn6azAlyqdepH8Y,UgzXDN7D76p5BLK9TWx4AaABAg,"{'videoId': 'uuh1ydDwwrQ', 'topLevelComment': {'kind': 'youtube#comment', 'etag': 'YSZuMRIiDdxzX2ZDHWbCC0cv7GE', 'id': 'UgzXDN7D76p5BLK9TWx4AaABAg', 'snippet': {'videoId': 'uuh1ydDwwrQ', 'textDisplay': 'Explica o modo como os comunistas resolvem tudo.<br>Eles silenciam!<br>Os modos?<br>Consultem os livros sobre comunismo, e vocês conhecerão.', 'textOriginal': 'Explica o modo como os comunistas resolvem tudo.\\nEles silenciam!\\nOs modos?\\nConsultem os livros sobre comunismo, e vocês conhecerão.', 'authorDisplayName': 'Mara Mara', 'authorProfileImageUrl': 'https://yt3.ggpht.com/ytc/AGIKgqPmaFHrTPCAdl_afFLaU-Xl7SQ9LIPonkphGw=s48-c-k-c0x00ffffff-no-rj', 'authorChannelUrl': 'http://www.youtube.com/channel/UCCwNgZLPe1VKdKFh-9Dc6AQ', 'authorChannelId': {'value': 'UCCwNgZLPe1VKdKFh-9Dc6AQ'}, 'canRate': True, 'viewerRating': 'none', 'likeCount': 0, 'publishedAt': '2022-10-25T02:20:50Z', 'updatedAt': '2022-10-25T02:20:50Z'}}, 'canReply': True, 'totalReplyCount': 0, 'isPublic': True}",,UCCwNgZLPe1VKdKFh-9Dc6AQ,2022-10-25T02:20:50Z,"Explica o modo como os comunistas resolvem tudo.
Eles silenciam!
Os modos?
Consultem os livros sobre comunismo, e vocês conhecerão.",QURTSl9pM3N4ZlVLQlQzZjFTQWFVR1dpclFobzQtcS02d0ZJc1ZTMzVnV2xZbGF2c05yQTgxckZJSFBPU2kwV0RaNHlQYnMzSnR2OTc2dw==,2023-06-08 15:04:26.987982
youtube#commentThread,I-ajxtEk0iPCjARQXiAfq70mHeg,UgxhbW9M8qgVQrxyUg14AaABAg,"{'videoId': 'uuh1ydDwwrQ', 'topLevelComment': {'kind': 'youtube#comment', 'etag': 'h9VQMU2fMCGVfv5cFMCubrl6o1g', 'id': 'UgxhbW9M8qgVQrxyUg14AaABAg', 'snippet': {'videoId': 'uuh1ydDwwrQ', 'textDisplay': 'mentira ele foi preso so bobo e que nao vê.', 'textOriginal': 'mentira ele foi preso so bobo e que nao vê.', 'authorDisplayName': 'Robinson Cerqueira', 'authorProfileImageUrl': 'https://yt3.ggpht.com/k_M21OGePijG9fZhy8eMC3D0UF5Pwxy3tZcYan09PopOmdvrsmlBA482DxOQTYUREMd68T0R=s48-c-k-c0x00ffffff-no-rj', 'authorChannelUrl': 'http://www.youtube.com/channel/UCm11_lphhLJ4lRYgrkgI1tw', 'authorChannelId': {'value': 'UCm11_lphhLJ4lRYgrkgI1tw'}, 'canRate': True, 'viewerRating': 'none', 'likeCount': 0, 'publishedAt': '2022-10-25T01:28:32Z', 'updatedAt': '2022-10-25T01:28:32Z'}}, 'canReply': True, 'totalReplyCount': 0, 'isPublic': True}",,UCm11_lphhLJ4lRYgrkgI1tw,2022-10-25T01:28:32Z,mentira ele foi preso so bobo e que nao vê.,QURTSl9pM3N4ZlVLQlQzZjFTQWFVR1dpclFobzQtcS02d0ZJc1ZTMzVnV2xZbGF2c05yQTgxckZJSFBPU2kwV0RaNHlQYnMzSnR2OTc2dw==,2023-06-08 15:04:26.987982
youtube#commentThread,tdK3_7YFxw4gyov2fro5aYc5fYc,UgxywRyPdc8coyVtVKl4AaABAg,"{'videoId': 'uuh1ydDwwrQ', 'topLevelComment': {'kind': 'youtube#comment', 'etag': 'p8i1skQ7fZfXWkxyRnQW7CB252o', 'id': 'UgxywRyPdc8coyVtVKl4AaABAg', 'snippet': {'videoId': 'uuh1ydDwwrQ', 'textDisplay': 'Ele foi dá uma cagada', 'textOriginal': 'Ele foi dá uma cagada', 'authorDisplayName': 'Wilian Braga', 'authorProfileImageUrl': 'https://yt3.ggpht.com/ytc/AGIKgqNXuHIBBoSgIXqMsei0HllGZ6GplSAEZma_V3qbjvNT-pP610sWJ8gy5MAu2lR7=s48-c-k-c0x00ffffff-no-rj', 'authorChannelUrl': 'http://www.youtube.com/channel/UCq5DhCANIQpXRAkPzaU_DZA', 'authorChannelId': {'value': 'UCq5DhCANIQpXRAkPzaU_DZA'}, 'canRate': True, 'viewerRating': 'none', 'likeCount': 0, 'publishedAt': '2022-10-25T01:20:11Z', 'updatedAt': '2022-10-25T01:20:11Z'}}, 'canReply': True, 'totalReplyCount': 0, 'isPublic': True}",,UCq5DhCANIQpXRAkPzaU_DZA,2022-10-25T01:20:11Z,Ele foi dá uma cagada,QURTSl9pM3N4ZlVLQlQzZjFTQWFVR1dpclFobzQtcS02d0ZJc1ZTMzVnV2xZbGF2c05yQTgxckZJSFBPU2kwV0RaNHlQYnMzSnR2OTc2dw==,2023-06-08 15:04:26.987982
youtube#commentThread,zur04jYIQ3Zo2ZcWuKgn3BswwzI,UgzT5IkIRXrgmWnpsTt4AaABAg,"{'videoId': 'uuh1ydDwwrQ', 'topLevelComment': {'kind': 'youtube#comment', 'etag': 'lpB2xDLJ4mcFxamKzGqa15QlC_c', 'id': 'UgzT5IkIRXrgmWnpsTt4AaABAg', 'snippet': {'videoId': 'uuh1ydDwwrQ', 'textDisplay': 'Os peões todos de máscara. O chefões todos sem máscara...', 'textOriginal': 'Os peões todos de máscara. O chefões todos sem máscara...', 'authorDisplayName': 'Abrahão Filho', 'authorProfileImageUrl': 'https://yt3.ggpht.com/ytc/AGIKgqPcSrVZ86mI-C7ICeKYjr-CwenzHBJ04M4yiN6F_Q=s48-c-k-c0x00ffffff-no-rj', 'authorChannelUrl': 'http://www.youtube.com/channel/UCkfaaRIBRXTDkXhz0VsUipw', 'authorChannelId': {'value': 'UCkfaaRIBRXTDkXhz0VsUipw'}, 'canRate': True, 'viewerRating': 'none', 'likeCount': 0, 'publishedAt': '2022-10-25T01:04:40Z', 'updatedAt': '2022-10-25T01:04:40Z'}}, 'canReply': True, 'totalReplyCount': 0, 'isPublic': True}",,UCkfaaRIBRXTDkXhz0VsUipw,2022-10-25T01:04:40Z,Os peões todos de máscara. O chefões todos sem máscara...,QURTSl9pM3N4ZlVLQlQzZjFTQWFVR1dpclFobzQtcS02d0ZJc1ZTMzVnV2xZbGF2c05yQTgxckZJSFBPU2kwV0RaNHlQYnMzSnR2OTc2dw==,2023-06-08 15:04:26.987982
youtube#commentThread,itMhLS5qZ9wHK_7PvW0DhU82N7I,Ugxp30oo3qA2GsohX8d4AaABAg,"{'videoId': 'uuh1ydDwwrQ', 'topLevelComment': {'kind': 'youtube#comment', 'etag': '19ZF4Ahw1WGtWvQPEntdvPd6Oco', 'id': 'Ugxp30oo3qA2GsohX8d4AaABAg', 'snippet': {'videoId': 'uuh1ydDwwrQ', 'textDisplay': 'Até o convidado fala em favor do partido chinês, vai vendo viu, o cara é retirado ostensivamente, inclusive faz uma pequena resistência e é escoltado pelos seguranças e tentam me convencer que o que eu vi não é verdade, verdade é o que ele fala.', 'textOriginal': 'Até o convidado fala em favor do partido chinês, vai vendo viu, o cara é retirado ostensivamente, inclusive faz uma pequena resistência e é escoltado pelos seguranças e tentam me convencer que o que eu vi não é verdade, verdade é o que ele fala.', 'authorDisplayName': 'Wander Oliveira', 'authorProfileImageUrl': 'https://yt3.ggpht.com/ytc/AGIKgqPkWkTb2QRqpR3tqpzNkMGv2cPGWJG6KjYxspeA9xM=s48-c-k-c0x00ffffff-no-rj', 'authorChannelUrl': 'http://www.youtube.com/channel/UC1kZU8Y1wTkkfpqokaXBYaw', 'authorChannelId': {'value': 'UC1kZU8Y1wTkkfpqokaXBYaw'}, 'canRate': True, 'viewerRating': 'none', 'likeCount': 0, 'publishedAt': '2022-10-25T01:03:49Z', 'updatedAt': '2022-10-25T01:03:49Z'}}, 'canReply': True, 'totalReplyCount': 0, 'isPublic': True}",,UC1kZU8Y1wTkkfpqokaXBYaw,2022-10-25T01:03:49Z,"Até o convidado fala em favor do partido chinês, vai vendo viu, o cara é retirado ostensivamente, inclusive faz uma pequena resistência e é escoltado pelos seguranças e tentam me convencer que o que eu vi não é verdade, verdade é o que ele fala.",QURTSl9pM3N4ZlVLQlQzZjFTQWFVR1dpclFobzQtcS02d0ZJc1ZTMzVnV2xZbGF2c05yQTgxckZJSFBPU2kwV0RaNHlQYnMzSnR2OTc2dw==,2023-06-08 15:04:26.987982
youtube#commentThread,Myfga9DHWyfBJIN2iy7qknSJW7g,Ugy63JWBX5V7CxpnIvN4AaABAg,"{'videoId': 'uuh1ydDwwrQ', 'topLevelComment': {'kind': 'youtube#comment', 'etag': 'QzrDv7cKqNLwTUFDU2Zs1gKef6I', 'id': 'Ugy63JWBX5V7CxpnIvN4AaABAg', 'snippet': {'videoId': 'uuh1ydDwwrQ', 'textDisplay': 'Kkkkkk esse comentarista só está reforçando a mentira dos chineses.', 'textOriginal': 'Kkkkkk esse comentarista só está reforçando a mentira dos chineses.', 'authorDisplayName': 'Vianey Almeida', 'authorProfileImageUrl': 'https://yt3.ggpht.com/ytc/AGIKgqNNj_c58xov1rCv6GdbaBozoKzw3PM2Fd01t-viUKTirbvFw3kUcBOZqRsW6zGC=s48-c-k-c0x00ffffff-no-rj', 'authorChannelUrl': 'http://www.youtube.com/channel/UCASyhpCpg6pTS1rx66tdo8g', 'authorChannelId': {'value': 'UCASyhpCpg6pTS1rx66tdo8g'}, 'canRate': True, 'viewerRating': 'none', 'likeCount': 0, 'publishedAt': '2022-10-25T00:49:13Z', 'updatedAt': '2022-10-25T00:49:13Z'}}, 'canReply': True, 'totalReplyCount': 0, 'isPublic': True}",,UCASyhpCpg6pTS1rx66tdo8g,2022-10-25T00:49:13Z,Kkkkkk esse comentarista só está reforçando a mentira dos chineses.,QURTSl9pM3N4ZlVLQlQzZjFTQWFVR1dpclFobzQtcS02d0ZJc1ZTMzVnV2xZbGF2c05yQTgxckZJSFBPU2kwV0RaNHlQYnMzSnR2OTc2dw==,2023-06-08 15:04:26.987982
youtube#commentThread,tJeNzdsAGoktbECqXOpMTSBNVSg,UgyOutqq8mFjjTgHDlp4AaABAg,"{'videoId': 'uuh1ydDwwrQ', 'topLevelComment': {'kind': 'youtube#comment', 'etag': '1VyTC8uPdpYRizhthYy7bOKqfwY', 'id': 'UgyOutqq8mFjjTgHDlp4AaABAg', 'snippet': {'videoId': 'uuh1ydDwwrQ', 'textDisplay': 'Só falta a gente ter mais um povo de política separatista e mais uma guerra. Na minha opinião se o povo quer separar, deixa. Imagina que interessantes se algumas cidades ou estados do Brasil não quisessem mais fizer parte da nação?', 'textOriginal': 'Só falta a gente ter mais um povo de política separatista e mais uma guerra. Na minha opinião se o povo quer separar, deixa. Imagina que interessantes se algumas cidades ou estados do Brasil não quisessem mais fizer parte da nação?', 'authorDisplayName': 'cello', 'authorProfileImageUrl': 'https://yt3.ggpht.com/UC1dM-Zw7w2MKmz5UqNTD7dCikeGiAMMw7cHw5_vYnNSLwzQC4XelgdqVyqJ1W7G4ZM8KGK_=s48-c-k-c0x00ffffff-no-rj', 'authorChannelUrl': 'http://www.youtube.com/channel/UCm_u32UStM4hxT0SCdfP02Q', 'authorChannelId': {'value': 'UCm_u32UStM4hxT0SCdfP02Q'}, 'canRate': True, 'viewerRating': 'none', 'likeCount': 0, 'publishedAt': '2022-10-25T00:44:02Z', 'updatedAt': '2022-10-25T00:44:02Z'}}, 'canReply': True, 'totalReplyCount': 0, 'isPublic': True}",,UCm_u32UStM4hxT0SCdfP02Q,2022-10-25T00:44:02Z,"Só falta a gente ter mais um povo de política separatista e mais uma guerra. Na minha opinião se o povo quer separar, deixa. Imagina que interessantes se algumas cidades ou estados do Brasil não quisessem mais fizer parte da nação?",QURTSl9pM3N4ZlVLQlQzZjFTQWFVR1dpclFobzQtcS02d0ZJc1ZTMzVnV2xZbGF2c05yQTgxckZJSFBPU2kwV0RaNHlQYnMzSnR2OTc2dw==,2023-06-08 15:04:26.987982
youtube#commentThread,lrN-XpfSJY1Bhx3wJ1JFdT0WyPI,UgyzwwsDeEi18yeFTZ94AaABAg,"{'videoId': 'uuh1ydDwwrQ', 'topLevelComment': {'kind': 'youtube#comment', 'etag': '1EHjwyNA8bB133gPfIB-UtqYG5U', 'id': 'UgyzwwsDeEi18yeFTZ94AaABAg', 'snippet': {'videoId': 'uuh1ydDwwrQ', 'textDisplay': 'Esse entrevistado é socialista?? Tá passando pano pra ditadura..', 'textOriginal': 'Esse entrevistado é socialista?? Tá passando pano pra ditadura..', 'authorDisplayName': 'Lucas Moro', 'authorProfileImageUrl': 'https://yt3.ggpht.com/ytc/AGIKgqMJQgFpnmhWSCnbk42yWfrruGC8svV679jzeDnm=s48-c-k-c0x00ffffff-no-rj', 'authorChannelUrl': 'http://www.youtube.com/channel/UCHIuIR56CjpsRcQQ_jeME4g', 'authorChannelId': {'value': 'UCHIuIR56CjpsRcQQ_jeME4g'}, 'canRate': True, 'viewerRating': 'none', 'likeCount': 0, 'publishedAt': '2022-10-25T00:33:54Z', 'updatedAt': '2022-10-25T00:33:54Z'}}, 'canReply': True, 'totalReplyCount': 0, 'isPublic': True}",,UCHIuIR56CjpsRcQQ_jeME4g,2022-10-25T00:33:54Z,Esse entrevistado é socialista?? Tá passando pano pra ditadura..,QURTSl9pM3N4ZlVLQlQzZjFTQWFVR1dpclFobzQtcS02d0ZJc1ZTMzVnV2xZbGF2c05yQTgxckZJSFBPU2kwV0RaNHlQYnMzSnR2OTc2dw==,2023-06-08 15:04:26.987982
youtube#commentThread,AfNjct5kiu-y1meiE8Tk4QfdC3Q,UgxfeBGRosKXcDL69PF4AaABAg,"{'videoId': 'uuh1ydDwwrQ', 'topLevelComment': {'kind': 'youtube#comment', 'etag': '3lD9y5cwCzm9rEfBKy44AQxnVTQ', 'id': 'UgxfeBGRosKXcDL69PF4AaABAg', 'snippet': {'videoId': 'uuh1ydDwwrQ', 'textDisplay': 'Tomada de poder absoluto...isso serve pra quem quer conversar com o inimigo ao invés de agir, parabéns Jeferson.....', 'textOriginal': 'Tomada de poder absoluto...isso serve pra quem quer conversar com o inimigo ao invés de agir, parabéns Jeferson.....', 'authorDisplayName': 'Gilberto Marques', 'authorProfileImageUrl': 'https://yt3.ggpht.com/ytc/AGIKgqM5eriwUKqpLFbUQGavqdZCzomWh6sH9p2Mgw=s48-c-k-c0x00ffffff-no-rj', 'authorChannelUrl': 'http://www.youtube.com/channel/UC9mRr5nNczDNBFPHR9QoNLw', 'authorChannelId': {'value': 'UC9mRr5nNczDNBFPHR9QoNLw'}, 'canRate': True, 'viewerRating': 'none', 'likeCount': 0, 'publishedAt': '2022-10-24T23:34:36Z', 'updatedAt': '2022-10-24T23:34:36Z'}}, 'canReply': True, 'totalReplyCount': 0, 'isPublic': True}",,UC9mRr5nNczDNBFPHR9QoNLw,2022-10-24T23:34:36Z,"Tomada de poder absoluto...isso serve pra quem quer conversar com o inimigo ao invés de agir, parabéns Jeferson.....",QURTSl9pM3N4ZlVLQlQzZjFTQWFVR1dpclFobzQtcS02d0ZJc1ZTMzVnV2xZbGF2c05yQTgxckZJSFBPU2kwV0RaNHlQYnMzSnR2OTc2dw==,2023-06-08 15:04:26.987982
youtube#commentThread,TX9swXYWCi3qoF9GNtEhoiTw_1A,Ugy6xJetuw19e1JaBvp4AaABAg,"{'videoId': 'uuh1ydDwwrQ', 'topLevelComment': {'kind': 'youtube#comment', 'etag': 'G9czzWZjqm74jeI0jWZqiWDyiyQ', 'id': 'Ugy6xJetuw19e1JaBvp4AaABAg', 'snippet': {'videoId': 'uuh1ydDwwrQ', 'textDisplay': 'DITADURA  ao olho nu🙄😤', 'textOriginal': 'DITADURA  ao olho nu🙄😤', 'authorDisplayName': 'Simone Alexandre Furtado', 'authorProfileImageUrl': 'https://yt3.ggpht.com/ytc/AGIKgqN6-p_Q5tnDBV6vNFUChF0k7YEMGz_lhHP7QQhHcyMD6t_Fd-3xPl6cOvQdi6tW=s48-c-k-c0x00ffffff-no-rj', 'authorChannelUrl': 'http://www.youtube.com/channel/UCRW6F7GF5_hsSiC2GCm8Vlg', 'authorChannelId': {'value': 'UCRW6F7GF5_hsSiC2GCm8Vlg'}, 'canRate': True, 'viewerRating': 'none', 'likeCount': 0, 'publishedAt': '2022-10-24T23:26:19Z', 'updatedAt': '2022-10-24T23:26:19Z'}}, 'canReply': True, 'totalReplyCount': 0, 'isPublic': True}",,UCRW6F7GF5_hsSiC2GCm8Vlg,2022-10-24T23:26:19Z,DITADURA  ao olho nu🙄😤,QURTSl9pM3N4ZlVLQlQzZjFTQWFVR1dpclFobzQtcS02d0ZJc1ZTMzVnV2xZbGF2c05yQTgxckZJSFBPU2kwV0RaNHlQYnMzSnR2OTc2dw==,2023-06-08 15:04:26.987982
youtube#commentThread,cdruiDsuhNxzFGV80fkbPuVm4iI,UgzLk3cFVZD55DZYUId4AaABAg,"{'videoId': 'uuh1ydDwwrQ', 'topLevelComment': {'kind': 'youtube#comment', 'etag': '7uNSN2GnKVRqdZdtdBccgLzw9gE', 'id': 'UgzLk3cFVZD55DZYUId4AaABAg', 'snippet': {'videoId': 'uuh1ydDwwrQ', 'textDisplay': 'kkkkk    passando pano!  o cara foi expulso', 'textOriginal': 'kkkkk    passando pano!  o cara foi expulso', 'authorDisplayName': 'a m', 'authorProfileImageUrl': 'https://yt3.ggpht.com/ytc/AGIKgqP3LDVB_38jSRbu6KHe0xR7YnFk9C9m7MHueXRkww=s48-c-k-c0x00ffffff-no-rj', 'authorChannelUrl': 'http://www.youtube.com/channel/UCg5bQ5VK2fmN3A7gQnjd4UA', 'authorChannelId': {'value': 'UCg5bQ5VK2fmN3A7gQnjd4UA'}, 'canRate': True, 'viewerRating': 'none', 'likeCount': 0, 'publishedAt': '2022-10-24T23:14:59Z', 'updatedAt': '2022-10-24T23:14:59Z'}}, 'canReply': True, 'totalReplyCount': 0, 'isPublic': True}",,UCg5bQ5VK2fmN3A7gQnjd4UA,2022-10-24T23:14:59Z,kkkkk    passando pano!  o cara foi expulso,QURTSl9pM3N4ZlVLQlQzZjFTQWFVR1dpclFobzQtcS02d0ZJc1ZTMzVnV2xZbGF2c05yQTgxckZJSFBPU2kwV0RaNHlQYnMzSnR2OTc2dw==,2023-06-08 15:04:26.987982
youtube#commentThread,5BZdk-Folm43KC8OZfEfKR8y4kI,UgzVcoBvwct9rVw7Op94AaABAg,"{'videoId': 'uuh1ydDwwrQ', 'topLevelComment': {'kind': 'youtube#comment', 'etag': 'Iw1QShuLRADSfzUTSeBkP28JBN8', 'id': 'UgzVcoBvwct9rVw7Op94AaABAg', 'snippet': {'videoId': 'uuh1ydDwwrQ', 'textDisplay': 'Agora ele tomou no  c.. experimentando do mesmo veneno, kkkkk ele deveria  incentivar um levante popular.', 'textOriginal': 'Agora ele tomou no  c.. experimentando do mesmo veneno, kkkkk ele deveria  incentivar um levante popular.', 'authorDisplayName': 'luiz Abreu', 'authorProfileImageUrl': 'https://yt3.ggpht.com/ytc/AGIKgqOjgBb0I6LGHb1kiA_Na4BPYp3-Jbna6PJ0cA=s48-c-k-c0x00ffffff-no-rj', 'authorChannelUrl': 'http://www.youtube.com/channel/UCOvvD8whO4S0r4StOqQXcLQ', 'authorChannelId': {'value': 'UCOvvD8whO4S0r4StOqQXcLQ'}, 'canRate': True, 'viewerRating': 'none', 'likeCount': 0, 'publishedAt': '2022-10-24T23:12:47Z', 'updatedAt': '2022-10-24T23:12:47Z'}}, 'canReply': True, 'totalReplyCount': 0, 'isPublic': True}",,UCOvvD8whO4S0r4StOqQXcLQ,2022-10-24T23:12:47Z,"Agora ele tomou no  c.. experimentando do mesmo veneno, kkkkk ele deveria  incentivar um levante popular.",QURTSl9pM3N4ZlVLQlQzZjFTQWFVR1dpclFobzQtcS02d0ZJc1ZTMzVnV2xZbGF2c05yQTgxckZJSFBPU2kwV0RaNHlQYnMzSnR2OTc2dw==,2023-06-08 15:04:26.987982
youtube#commentThread,LZSrSvpV8wVs9PJBG8PO2sPR0bQ,UgwozbszyAsIGBaryal4AaABAg,"{'videoId': 'uuh1ydDwwrQ', 'topLevelComment': {'kind': 'youtube#comment', 'etag': 'TPKnTgHPwc-pRfGuEOSchMGnYL4', 'id': 'UgwozbszyAsIGBaryal4AaABAg', 'snippet': {'videoId': 'uuh1ydDwwrQ', 'textDisplay': 'Vão matar o velho não, né? 🤔', 'textOriginal': 'Vão matar o velho não, né? 🤔', 'authorDisplayName': 'Silvia Gomes', 'authorProfileImageUrl': 'https://yt3.ggpht.com/ytc/AGIKgqM3dSIB-Lq_yE2AXepPEq8YgkhfaglzrUA1CXjGxuYpwNQkOaZdpvO4dZRdbZnO=s48-c-k-c0x00ffffff-no-rj', 'authorChannelUrl': 'http://www.youtube.com/channel/UCIwFF4XjIzUJ49dv9nFoa6g', 'authorChannelId': {'value': 'UCIwFF4XjIzUJ49dv9nFoa6g'}, 'canRate': True, 'viewerRating': 'none', 'likeCount': 0, 'publishedAt': '2022-10-24T23:05:00Z', 'updatedAt': '2022-10-24T23:05:00Z'}}, 'canReply': True, 'totalReplyCount': 0, 'isPublic': True}",,UCIwFF4XjIzUJ49dv9nFoa6g,2022-10-24T23:05:00Z,"Vão matar o velho não, né? 🤔",QURTSl9pM3N4ZlVLQlQzZjFTQWFVR1dpclFobzQtcS02d0ZJc1ZTMzVnV2xZbGF2c05yQTgxckZJSFBPU2kwV0RaNHlQYnMzSnR2OTc2dw==,2023-06-08 15:04:26.987982
youtube#commentThread,4QpbOBNp38hySlRUIyoivvid2tg,UgxtcM8ut-gML0efHs94AaABAg,"{'videoId': 'uuh1ydDwwrQ', 'topLevelComment': {'kind': 'youtube#comment', 'etag': 'PEFgjLCvpRRNgqkirHqnOB1xgo4', 'id': 'UgxtcM8ut-gML0efHs94AaABAg', 'snippet': {'videoId': 'uuh1ydDwwrQ', 'textDisplay': 'O Sr Professor visitante é visitante a convite do PCC?', 'textOriginal': 'O Sr Professor visitante é visitante a convite do PCC?', 'authorDisplayName': 'Marcelo Bezerra de Melo de Mendonça', 'authorProfileImageUrl': 'https://yt3.ggpht.com/ytc/AGIKgqMgaIzFv5YGpCaL9diIc81cOrR4Fj8yWVftf3ZlDQ=s48-c-k-c0x00ffffff-no-rj', 'authorChannelUrl': 'http://www.youtube.com/channel/UCJp4ETB7dZNjuLnt0sV9dOQ', 'authorChannelId': {'value': 'UCJp4ETB7dZNjuLnt0sV9dOQ'}, 'canRate': True, 'viewerRating': 'none', 'likeCount': 0, 'publishedAt': '2022-10-24T22:59:36Z', 'updatedAt': '2022-10-24T22:59:36Z'}}, 'canReply': True, 'totalReplyCount': 0, 'isPublic': True}",,UCJp4ETB7dZNjuLnt0sV9dOQ,2022-10-24T22:59:36Z,O Sr Professor visitante é visitante a convite do PCC?,QURTSl9pM3N4ZlVLQlQzZjFTQWFVR1dpclFobzQtcS02d0ZJc1ZTMzVnV2xZbGF2c05yQTgxckZJSFBPU2kwV0RaNHlQYnMzSnR2OTc2dw==,2023-06-08 15:04:26.987982
youtube#commentThread,PjDAcUEYKIObdqAZBRtlL2ENSAw,UgzQbG_etLIGHOJxi714AaABAg,"{'videoId': 'uuh1ydDwwrQ', 'topLevelComment': {'kind': 'youtube#comment', 'etag': 'hcsC2nX8gTvKX-S8Tp9JHQV1zeY', 'id': 'UgzQbG_etLIGHOJxi714AaABAg', 'snippet': {'videoId': 'uuh1ydDwwrQ', 'textDisplay': 'Na verdade foi o cabeça de ovo que deu ordem de serviço para o desconvite do  ex presidente!', 'textOriginal': 'Na verdade foi o cabeça de ovo que deu ordem de serviço para o desconvite do  ex presidente!', 'authorDisplayName': 'Rogerio Moraes', 'authorProfileImageUrl': 'https://yt3.ggpht.com/ytc/AGIKgqO-tLTzVdtf63qF0hA5cafStwbAxrtV4FWLZQRK=s48-c-k-c0x00ffffff-no-rj', 'authorChannelUrl': 'http://www.youtube.com/channel/UCkU6B5gGTyArMp_nOlfc7gg', 'authorChannelId': {'value': 'UCkU6B5gGTyArMp_nOlfc7gg'}, 'canRate': True, 'viewerRating': 'none', 'likeCount': 0, 'publishedAt': '2022-10-24T22:43:26Z', 'updatedAt': '2022-10-24T22:43:26Z'}}, 'canReply': True, 'totalReplyCount': 0, 'isPublic': True}",,UCkU6B5gGTyArMp_nOlfc7gg,2022-10-24T22:43:26Z,Na verdade foi o cabeça de ovo que deu ordem de serviço para o desconvite do  ex presidente!,QURTSl9pM3N4ZlVLQlQzZjFTQWFVR1dpclFobzQtcS02d0ZJc1ZTMzVnV2xZbGF2c05yQTgxckZJSFBPU2kwV0RaNHlQYnMzSnR2OTc2dw==,2023-06-08 15:04:26.987982
youtube#commentThread,6NYdw_VSYV7IKNZppt3Dg1lw6Lw,Ugym2Z0g61cne6hNlJh4AaABAg,"{'videoId': 'uuh1ydDwwrQ', 'topLevelComment': {'kind': 'youtube#comment', 'etag': 'hdTF6P8-h3eoQ0eeEIhZwAXSn7s', 'id': 'Ugym2Z0g61cne6hNlJh4AaABAg', 'snippet': {'videoId': 'uuh1ydDwwrQ', 'textDisplay': 'O ex-presidente foi retirado forçosamente. Dá pra perceber que ele não quer sair e ainda o Xi nem deu atenção. Xi e cia são comunistas, por isso não dão explicações alguma.', 'textOriginal': 'O ex-presidente foi retirado forçosamente. Dá pra perceber que ele não quer sair e ainda o Xi nem deu atenção. Xi e cia são comunistas, por isso não dão explicações alguma.', 'authorDisplayName': 'carlos gabriel', 'authorProfileImageUrl': 'https://yt3.ggpht.com/ytc/AGIKgqOte-nu17Rv4b10GebX3Vy65eDvdO2jPvAed27X=s48-c-k-c0x00ffffff-no-rj', 'authorChannelUrl': 'http://www.youtube.com/channel/UCkQegFe-lPBjRkPCb2tujtg', 'authorChannelId': {'value': 'UCkQegFe-lPBjRkPCb2tujtg'}, 'canRate': True, 'viewerRating': 'none', 'likeCount': 0, 'publishedAt': '2022-10-24T22:22:05Z', 'updatedAt': '2022-10-24T22:22:05Z'}}, 'canReply': True, 'totalReplyCount': 0, 'isPublic': True}",,UCkQegFe-lPBjRkPCb2tujtg,2022-10-24T22:22:05Z,"O ex-presidente foi retirado forçosamente. Dá pra perceber que ele não quer sair e ainda o Xi nem deu atenção. Xi e cia são comunistas, por isso não dão explicações alguma.",QURTSl9pM3N4ZlVLQlQzZjFTQWFVR1dpclFobzQtcS02d0ZJc1ZTMzVnV2xZbGF2c05yQTgxckZJSFBPU2kwV0RaNHlQYnMzSnR2OTc2dw==,2023-06-08 15:04:26.987982
youtube#commentThread,1vV55xtfYGEi-I9XZAdi5pSi5Vw,Ugye99z5NUtz5Z3AP314AaABAg,"{'videoId': 'uuh1ydDwwrQ', 'topLevelComment': {'kind': 'youtube#comment', 'etag': 'OMR6SZgfKFFNbwcv9UJCl3lZODY', 'id': 'Ugye99z5NUtz5Z3AP314AaABAg', 'snippet': {'videoId': 'uuh1ydDwwrQ', 'textDisplay': 'É claro que o professor não pode falar a real porque lá é partido comunismo.', 'textOriginal': 'É claro que o professor não pode falar a real porque lá é partido comunismo.', 'authorDisplayName': 'Tania Costa', 'authorProfileImageUrl': 'https://yt3.ggpht.com/ytc/AGIKgqO8Yw05wfsvZn-6pNZp08Hqfl3S0i8uYP39iQ=s48-c-k-c0x00ffffff-no-rj', 'authorChannelUrl': 'http://www.youtube.com/channel/UCHGgeDx7ArlCngb1Zy7_88w', 'authorChannelId': {'value': 'UCHGgeDx7ArlCngb1Zy7_88w'}, 'canRate': True, 'viewerRating': 'none', 'likeCount': 0, 'publishedAt': '2022-10-24T22:08:39Z', 'updatedAt': '2022-10-24T22:08:39Z'}}, 'canReply': True, 'totalReplyCount': 0, 'isPublic': True}",,UCHGgeDx7ArlCngb1Zy7_88w,2022-10-24T22:08:39Z,É claro que o professor não pode falar a real porque lá é partido comunismo.,QURTSl9pM3N4ZlVLQlQzZjFTQWFVR1dpclFobzQtcS02d0ZJc1ZTMzVnV2xZbGF2c05yQTgxckZJSFBPU2kwV0RaNHlQYnMzSnR2OTc2dw==,2023-06-08 15:04:26.987982
youtube#commentThread,3zWOMpW--Y1pUPW90wdBB-nYyLU,UgyNJOOptPVFhqXu0it4AaABAg,"{'videoId': 'uuh1ydDwwrQ', 'topLevelComment': {'kind': 'youtube#comment', 'etag': 'DfuY8negU2DdcRuTRVG2Rk1dcaU', 'id': 'UgyNJOOptPVFhqXu0it4AaABAg', 'snippet': {'videoId': 'uuh1ydDwwrQ', 'textDisplay': '<a href=""http://www.youtube.com/results?search_query=%23stm"">#STM</a>', 'textOriginal': '#STM', 'authorDisplayName': 'Carlos Pereira', 'authorProfileImageUrl': 'https://yt3.ggpht.com/ytc/AGIKgqNMq8MGMp-_MIeXwqRPMxJQDQJCdzOvAQKoPfyoE0Q=s48-c-k-c0x00ffffff-no-rj', 'authorChannelUrl': 'http://www.youtube.com/channel/UCvaq1ZedtRldlKtH-5QtbPQ', 'authorChannelId': {'value': 'UCvaq1ZedtRldlKtH-5QtbPQ'}, 'canRate': True, 'viewerRating': 'none', 'likeCount': 0, 'publishedAt': '2022-10-24T21:55:15Z', 'updatedAt': '2022-10-24T21:55:15Z'}}, 'canReply': True, 'totalReplyCount': 0, 'isPublic': True}",,UCvaq1ZedtRldlKtH-5QtbPQ,2022-10-24T21:55:15Z,#STM,QURTSl9pM3N4ZlVLQlQzZjFTQWFVR1dpclFobzQtcS02d0ZJc1ZTMzVnV2xZbGF2c05yQTgxckZJSFBPU2kwV0RaNHlQYnMzSnR2OTc2dw==,2023-06-08 15:04:26.987982
youtube#commentThread,Na0X2K5WTQIu2kj0CH1LNCSK_ZE,Ugx23IYZEtOTKczqsLR4AaABAg,"{'videoId': 'uuh1ydDwwrQ', 'topLevelComment': {'kind': 'youtube#comment', 'etag': '438agSEn-xw-LbKMjiUtWvLKceQ', 'id': 'Ugx23IYZEtOTKczqsLR4AaABAg', 'snippet': {'videoId': 'uuh1ydDwwrQ', 'textDisplay': 'Babá ovo da china', 'textOriginal': 'Babá ovo da china', 'authorDisplayName': 'MAIKEL DIAS', 'authorProfileImageUrl': 'https://yt3.ggpht.com/ytc/AGIKgqN0IdO85TEu7XrbZKp8_l-YedWvIGNYvue-nYN2dw=s48-c-k-c0x00ffffff-no-rj', 'authorChannelUrl': 'http://www.youtube.com/channel/UCarAdb8rNXG7iUXkEKRUEVw', 'authorChannelId': {'value': 'UCarAdb8rNXG7iUXkEKRUEVw'}, 'canRate': True, 'viewerRating': 'none', 'likeCount': 0, 'publishedAt': '2022-10-24T21:41:31Z', 'updatedAt': '2022-10-24T21:41:31Z'}}, 'canReply': True, 'totalReplyCount': 0, 'isPublic': True}",,UCarAdb8rNXG7iUXkEKRUEVw,2022-10-24T21:41:31Z,Babá ovo da china,QURTSl9pM3N4ZlVLQlQzZjFTQWFVR1dpclFobzQtcS02d0ZJc1ZTMzVnV2xZbGF2c05yQTgxckZJSFBPU2kwV0RaNHlQYnMzSnR2OTc2dw==,2023-06-08 15:04:26.987982
youtube#commentThread,s6-QtrEABlyL680DEH65672BnYQ,Ugz5w213qD7aWjNXkEt4AaABAg,"{'videoId': 'uuh1ydDwwrQ', 'topLevelComment': {'kind': 'youtube#comment', 'etag': 'y3oaRrYy1fMyxQVcu95dXnziMNg', 'id': 'Ugz5w213qD7aWjNXkEt4AaABAg', 'snippet': {'videoId': 'uuh1ydDwwrQ', 'textDisplay': 'Coitado desse, caminho sem volta', 'textOriginal': 'Coitado desse, caminho sem volta', 'authorDisplayName': 'jose aparecido de lima', 'authorProfileImageUrl': 'https://yt3.ggpht.com/ytc/AGIKgqPpehrC5hntecNhtYGLGgF6xnwGFqE5MZ8Hj98D=s48-c-k-c0x00ffffff-no-rj', 'authorChannelUrl': 'http://www.youtube.com/channel/UCSurbOp20eknupqBN86VbYw', 'authorChannelId': {'value': 'UCSurbOp20eknupqBN86VbYw'}, 'canRate': True, 'viewerRating': 'none', 'likeCount': 0, 'publishedAt': '2022-10-24T21:36:03Z', 'updatedAt': '2022-10-24T21:36:03Z'}}, 'canReply': True, 'totalReplyCount': 0, 'isPublic': True}",,UCSurbOp20eknupqBN86VbYw,2022-10-24T21:36:03Z,"Coitado desse, caminho sem volta",QURTSl9pM3N4ZlVLQlQzZjFTQWFVR1dpclFobzQtcS02d0ZJc1ZTMzVnV2xZbGF2c05yQTgxckZJSFBPU2kwV0RaNHlQYnMzSnR2OTc2dw==,2023-06-08 15:04:26.987982
youtube#commentThread,Q6a5TFy9kCS22i9X3XH4zS5zSFE,UgzSgzsY5MQTJEMx-ux4AaABAg,"{'videoId': 'uuh1ydDwwrQ', 'topLevelComment': {'kind': 'youtube#comment', 'etag': 'dRhtc35iADVgdzeXSI5Zq8Bmgx8', 'id': 'UgzSgzsY5MQTJEMx-ux4AaABAg', 'snippet': {'videoId': 'uuh1ydDwwrQ', 'textDisplay': 'Quem não acreditou em uma palavra dessa explicação dá um joinha👇', 'textOriginal': 'Quem não acreditou em uma palavra dessa explicação dá um joinha👇', 'authorDisplayName': 'Óleo e Lamparina', 'authorProfileImageUrl': 'https://yt3.ggpht.com/BrmjLTZIZ9AiCfve7HvFqaIMm3vyn0T6GyuATmqtdxVsAGG5M8LOI6_1-krRjkibKNHOiXQtEA=s48-c-k-c0x00ffffff-no-rj', 'authorChannelUrl': 'http://www.youtube.com/channel/UCxpdUWNX2uSTWSnB596Mhig', 'authorChannelId': {'value': 'UCxpdUWNX2uSTWSnB596Mhig'}, 'canRate': True, 'viewerRating': 'none', 'likeCount': 0, 'publishedAt': '2022-10-24T21:30:20Z', 'updatedAt': '2022-10-24T21:30:20Z'}}, 'canReply': True, 'totalReplyCount': 0, 'isPublic': True}",,UCxpdUWNX2uSTWSnB596Mhig,2022-10-24T21:30:20Z,Quem não acreditou em uma palavra dessa explicação dá um joinha👇,QURTSl9pM3N4ZlVLQlQzZjFTQWFVR1dpclFobzQtcS02d0ZJc1ZTMzVnV2xZbGF2c05yQTgxckZJSFBPU2kwV0RaNHlQYnMzSnR2OTc2dw==,2023-06-08 15:04:26.987982
youtube#commentThread,4LU_-5OVh8Xbyx8-oJpkXtGxoCQ,UgyHc3kwk3VWB7JUiBR4AaABAg,"{'videoId': 'uuh1ydDwwrQ', 'topLevelComment': {'kind': 'youtube#comment', 'etag': 'ZC78w-PaiYsENM1xK5gBKz9j4tI', 'id': 'UgyHc3kwk3VWB7JUiBR4AaABAg', 'snippet': {'videoId': 'uuh1ydDwwrQ', 'textDisplay': 'Ele chamou Lula de Ladrão.', 'textOriginal': 'Ele chamou Lula de Ladrão.', 'authorDisplayName': 'Marcos Antonio', 'authorProfileImageUrl': 'https://yt3.ggpht.com/ytc/AGIKgqO-e-ncFVCNiF3RGCDpSdTgFXL_32YQVhCJiSEI=s48-c-k-c0x00ffffff-no-rj', 'authorChannelUrl': 'http://www.youtube.com/channel/UCXJ25PE61c6WE4FpJC50o_g', 'authorChannelId': {'value': 'UCXJ25PE61c6WE4FpJC50o_g'}, 'canRate': True, 'viewerRating': 'none', 'likeCount': 0, 'publishedAt': '2022-10-24T21:22:05Z', 'updatedAt': '2022-10-24T21:22:05Z'}}, 'canReply': True, 'totalReplyCount': 0, 'isPublic': True}",,UCXJ25PE61c6WE4FpJC50o_g,2022-10-24T21:22:05Z,Ele chamou Lula de Ladrão.,QURTSl9pM3N4ZlVLQlQzZjFTQWFVR1dpclFobzQtcS02d0ZJc1ZTMzVnV2xZbGF2c05yQTgxckZJSFBPU2kwV0RaNHlQYnMzSnR2OTc2dw==,2023-06-08 15:04:26.987982
youtube#commentThread,3wMGzFU3auUaflQZzPY0AQKpx3k,UgwCognc1IsIjjzNorR4AaABAg,"{'videoId': 'uuh1ydDwwrQ', 'topLevelComment': {'kind': 'youtube#comment', 'etag': '2EaG4Mcb89r3hU5RYwiy7l2JlQg', 'id': 'UgwCognc1IsIjjzNorR4AaABAg', 'snippet': {'videoId': 'uuh1ydDwwrQ', 'textDisplay': 'Professor brasileiro estudando na universidade de relações exteriores da China... Óbvio que irá passar pano para o ocorrido enaltecendo &quot;as maravilhas comunistas chinesas&quot; ao mesmo tempo que trabalha para trazer este modelo nefasto para o Brasil.', 'textOriginal': 'Professor brasileiro estudando na universidade de relações exteriores da China... Óbvio que irá passar pano para o ocorrido enaltecendo ""as maravilhas comunistas chinesas"" ao mesmo tempo que trabalha para trazer este modelo nefasto para o Brasil.', 'authorDisplayName': 'Fernando', 'authorProfileImageUrl': 'https://yt3.ggpht.com/ytc/AGIKgqM9SdmGGtwD_A1v-bsn4k_L504hEXbe9b0uzpSa3Q=s48-c-k-c0x00ffffff-no-rj', 'authorChannelUrl': 'http://www.youtube.com/channel/UC2QsQXbEmXRVPKCxn-yI5PA', 'authorChannelId': {'value': 'UC2QsQXbEmXRVPKCxn-yI5PA'}, 'canRate': True, 'viewerRating': 'none', 'likeCount': 0, 'publishedAt': '2022-10-24T20:58:06Z', 'updatedAt': '2022-10-24T20:58:06Z'}}, 'canReply': True, 'totalReplyCount': 0, 'isPublic': True}",,UC2QsQXbEmXRVPKCxn-yI5PA,2022-10-24T20:58:06Z,"Professor brasileiro estudando na universidade de relações exteriores da China... Óbvio que irá passar pano para o ocorrido enaltecendo ""as maravilhas comunistas chinesas"" ao mesmo tempo que trabalha para trazer este modelo nefasto para o Brasil.",QURTSl9pM3N4ZlVLQlQzZjFTQWFVR1dpclFobzQtcS02d0ZJc1ZTMzVnV2xZbGF2c05yQTgxckZJSFBPU2kwV0RaNHlQYnMzSnR2OTc2dw==,2023-06-08 15:04:26.987982
youtube#commentThread,tGW1OnF6RUzUlNZeworrUcCsCVs,Ugysk8G0_IjS6yKKNSB4AaABAg,"{'videoId': 'uuh1ydDwwrQ', 'topLevelComment': {'kind': 'youtube#comment', 'etag': '0IPpTq4Sh4cdlT0rxWslAxk1NU8', 'id': 'Ugysk8G0_IjS6yKKNSB4AaABAg', 'snippet': {'videoId': 'uuh1ydDwwrQ', 'textDisplay': 'Sei… passou mal… vai é ser executado!', 'textOriginal': 'Sei… passou mal… vai é ser executado!', 'authorDisplayName': 'Danny Moreira Duarte', 'authorProfileImageUrl': 'https://yt3.ggpht.com/ytc/AGIKgqOYVwuwSX71PtfMJKizCSXjh1glCgjrUu6yfs3a=s48-c-k-c0x00ffffff-no-rj', 'authorChannelUrl': 'http://www.youtube.com/channel/UCFO3vrnfIqChdVVEHfiHIRw', 'authorChannelId': {'value': 'UCFO3vrnfIqChdVVEHfiHIRw'}, 'canRate': True, 'viewerRating': 'none', 'likeCount': 0, 'publishedAt': '2022-10-24T20:45:51Z', 'updatedAt': '2022-10-24T20:45:51Z'}}, 'canReply': True, 'totalReplyCount': 0, 'isPublic': True}",,UCFO3vrnfIqChdVVEHfiHIRw,2022-10-24T20:45:51Z,Sei… passou mal… vai é ser executado!,QURTSl9pM2dVMy1SOHRTUEVuTVY2RThHVDFpN2tSa1I1WHhmZWZwa0FUOHQzeF84eVJvWWZtaDN2TEVBUzU2WGh0Q2I3dFBBVjFWOXJSdw==,2023-06-08 15:04:27.780171
youtube#commentThread,TpoIBQwmHW8e0fCah2LyFNWQWwE,Ugyr8rs-M8DGMfz76mt4AaABAg,"{'videoId': 'uuh1ydDwwrQ', 'topLevelComment': {'kind': 'youtube#comment', 'etag': 'pYPJeJrBZatqscUpa1nLQpiuDjA', 'id': 'Ugyr8rs-M8DGMfz76mt4AaABAg', 'snippet': {'videoId': 'uuh1ydDwwrQ', 'textDisplay': 'Ele vai e muito falar a verdade.. e sumir lá no meio da china ..kkkk 😄 tá no Brasil não ..aí o coro come ..igual Xandão quer fazer aqui .', 'textOriginal': 'Ele vai e muito falar a verdade.. e sumir lá no meio da china ..kkkk 😄 tá no Brasil não ..aí o coro come ..igual Xandão quer fazer aqui .', 'authorDisplayName': 'Simoes Junior Cowboy', 'authorProfileImageUrl': 'https://yt3.ggpht.com/ytc/AGIKgqMUG105lJcYvjC0ye2sB95fLCNI56LXQjzQXLluImY=s48-c-k-c0x00ffffff-no-rj', 'authorChannelUrl': 'http://www.youtube.com/channel/UCGRRD56FVSq9BJRCVFxk21Q', 'authorChannelId': {'value': 'UCGRRD56FVSq9BJRCVFxk21Q'}, 'canRate': True, 'viewerRating': 'none', 'likeCount': 0, 'publishedAt': '2022-10-24T20:40:34Z', 'updatedAt': '2022-10-24T20:40:34Z'}}, 'canReply': True, 'totalReplyCount': 0, 'isPublic': True}",,UCGRRD56FVSq9BJRCVFxk21Q,2022-10-24T20:40:34Z,Ele vai e muito falar a verdade.. e sumir lá no meio da china ..kkkk 😄 tá no Brasil não ..aí o coro come ..igual Xandão quer fazer aqui .,QURTSl9pM2dVMy1SOHRTUEVuTVY2RThHVDFpN2tSa1I1WHhmZWZwa0FUOHQzeF84eVJvWWZtaDN2TEVBUzU2WGh0Q2I3dFBBVjFWOXJSdw==,2023-06-08 15:04:27.780171
youtube#commentThread,feWVhJeT6tTSJ7DZwTqrgL2W5Xs,UgzwJqSGUR1SI1rIRz14AaABAg,"{'videoId': 'uuh1ydDwwrQ', 'topLevelComment': {'kind': 'youtube#comment', 'etag': 'G3dp3EtIhSd2kR3EHjvB_VAcmog', 'id': 'UgzwJqSGUR1SI1rIRz14AaABAg', 'snippet': {'videoId': 'uuh1ydDwwrQ', 'textDisplay': 'Comunista é assim mesmo, eles se destroem entres eles,  esse Hu aí já deve ter virado adubo. .  .', 'textOriginal': 'Comunista é assim mesmo, eles se destroem entres eles,  esse Hu aí já deve ter virado adubo. .  .', 'authorDisplayName': 'rogerio dias', 'authorProfileImageUrl': 'https://yt3.ggpht.com/ytc/AGIKgqO7-jFKTjELCeURHTjroMJ-lDJembliz4R4Mg=s48-c-k-c0x00ffffff-no-rj', 'authorChannelUrl': 'http://www.youtube.com/channel/UCMxOHee6o2RfAjp2bLJKSXg', 'authorChannelId': {'value': 'UCMxOHee6o2RfAjp2bLJKSXg'}, 'canRate': True, 'viewerRating': 'none', 'likeCount': 0, 'publishedAt': '2022-10-24T20:19:51Z', 'updatedAt': '2022-10-24T20:19:51Z'}}, 'canReply': True, 'totalReplyCount': 0, 'isPublic': True}",,UCMxOHee6o2RfAjp2bLJKSXg,2022-10-24T20:19:51Z,"Comunista é assim mesmo, eles se destroem entres eles,  esse Hu aí já deve ter virado adubo. .  .",QURTSl9pM2dVMy1SOHRTUEVuTVY2RThHVDFpN2tSa1I1WHhmZWZwa0FUOHQzeF84eVJvWWZtaDN2TEVBUzU2WGh0Q2I3dFBBVjFWOXJSdw==,2023-06-08 15:04:27.780171
youtube#commentThread,NF0EPFNmRJ56YjJYfckOXZOXSBE,UgxrfuhclkfBICLx-HB4AaABAg,"{'videoId': 'uuh1ydDwwrQ', 'topLevelComment': {'kind': 'youtube#comment', 'etag': 'LnwiNXCFP8UYIUqE_lGi6gNRcCs', 'id': 'UgxrfuhclkfBICLx-HB4AaABAg', 'snippet': {'videoId': 'uuh1ydDwwrQ', 'textDisplay': 'Devemos começar a festejar o enterro do PT no Brasil....o Brasil será país de primeiro mundo!!!', 'textOriginal': 'Devemos começar a festejar o enterro do PT no Brasil....o Brasil será país de primeiro mundo!!!', 'authorDisplayName': 'Marco Antônio Júniol PP Lllpppl', 'authorProfileImageUrl': 'https://yt3.ggpht.com/ytc/AGIKgqOxKKLS0Us4d55J4_-dhnFfIswe0XiRCgGC=s48-c-k-c0x00ffffff-no-rj', 'authorChannelUrl': 'http://www.youtube.com/channel/UC31gxE_f9VwXuAHUBDwUWGw', 'authorChannelId': {'value': 'UC31gxE_f9VwXuAHUBDwUWGw'}, 'canRate': True, 'viewerRating': 'none', 'likeCount': 0, 'publishedAt': '2022-10-24T20:14:15Z', 'updatedAt': '2022-10-24T20:14:15Z'}}, 'canReply': True, 'totalReplyCount': 0, 'isPublic': True}",,UC31gxE_f9VwXuAHUBDwUWGw,2022-10-24T20:14:15Z,Devemos começar a festejar o enterro do PT no Brasil....o Brasil será país de primeiro mundo!!!,QURTSl9pM2dVMy1SOHRTUEVuTVY2RThHVDFpN2tSa1I1WHhmZWZwa0FUOHQzeF84eVJvWWZtaDN2TEVBUzU2WGh0Q2I3dFBBVjFWOXJSdw==,2023-06-08 15:04:27.780171
youtube#commentThread,_gOo0ze4LPnSCc9g1TKAFYVr9Uc,UgzqxdV2S39siWClXQJ4AaABAg,"{'videoId': 'uuh1ydDwwrQ', 'topLevelComment': {'kind': 'youtube#comment', 'etag': 'xatOAvfrMD52s_u1SJbqQfkX61U', 'id': 'UgzqxdV2S39siWClXQJ4AaABAg', 'snippet': {'videoId': 'uuh1ydDwwrQ', 'textDisplay': 'Já imaginou um burro como lula ditador governando o Brasil? E tem alienado que vota nele ainda!!! 😭😭😭😭😭😭😭', 'textOriginal': 'Já imaginou um burro como lula ditador governando o Brasil? E tem alienado que vota nele ainda!!! 😭😭😭😭😭😭😭', 'authorDisplayName': 'Marco Antônio Júniol PP Lllpppl', 'authorProfileImageUrl': 'https://yt3.ggpht.com/ytc/AGIKgqOxKKLS0Us4d55J4_-dhnFfIswe0XiRCgGC=s48-c-k-c0x00ffffff-no-rj', 'authorChannelUrl': 'http://www.youtube.com/channel/UC31gxE_f9VwXuAHUBDwUWGw', 'authorChannelId': {'value': 'UC31gxE_f9VwXuAHUBDwUWGw'}, 'canRate': True, 'viewerRating': 'none', 'likeCount': 0, 'publishedAt': '2022-10-24T20:12:53Z', 'updatedAt': '2022-10-24T20:12:53Z'}}, 'canReply': True, 'totalReplyCount': 0, 'isPublic': True}",,UC31gxE_f9VwXuAHUBDwUWGw,2022-10-24T20:12:53Z,Já imaginou um burro como lula ditador governando o Brasil? E tem alienado que vota nele ainda!!! 😭😭😭😭😭😭😭,QURTSl9pM2dVMy1SOHRTUEVuTVY2RThHVDFpN2tSa1I1WHhmZWZwa0FUOHQzeF84eVJvWWZtaDN2TEVBUzU2WGh0Q2I3dFBBVjFWOXJSdw==,2023-06-08 15:04:27.780171
youtube#commentThread,2tdUIMOWVUju1kCm2Js9U27sC5U,UgwD4jZly_WSkKqiwiR4AaABAg,"{'videoId': 'uuh1ydDwwrQ', 'topLevelComment': {'kind': 'youtube#comment', 'etag': 'D8qTfbK7FN8PnBtsU9G0CLfl1Z8', 'id': 'UgwD4jZly_WSkKqiwiR4AaABAg', 'snippet': {'videoId': 'uuh1ydDwwrQ', 'textDisplay': 'Trata-se de uma nação soberana, que foi transferida para a ilha de Taiwan em 1949.  O professor acha que é uma questão interna e tudo bem a China não aceitar sua independência???  Tá de sacanagem!  E a repórter da Pan (que tenho respeito), termina mostrando total desconhecimento, dizendo &quot;Com toda certeza, tem toda razão.&quot;  Oi???', 'textOriginal': 'Trata-se de uma nação soberana, que foi transferida para a ilha de Taiwan em 1949.  O professor acha que é uma questão interna e tudo bem a China não aceitar sua independência???  Tá de sacanagem!  E a repórter da Pan (que tenho respeito), termina mostrando total desconhecimento, dizendo ""Com toda certeza, tem toda razão.""  Oi???', 'authorDisplayName': 'Urutora Rando - Tokusatsu', 'authorProfileImageUrl': 'https://yt3.ggpht.com/Ot69QOlwBsW83OcVDYK4mcxIubp-OtmpGBAHX-rIYdfrkW7cXTS52YCkQ1290BP4mNJPLFU7UA=s48-c-k-c0x00ffffff-no-rj', 'authorChannelUrl': 'http://www.youtube.com/channel/UC0to6BFjQVFenO2ExnRugdw', 'authorChannelId': {'value': 'UC0to6BFjQVFenO2ExnRugdw'}, 'canRate': True, 'viewerRating': 'none', 'likeCount': 0, 'publishedAt': '2022-10-24T19:56:49Z', 'updatedAt': '2022-10-24T19:56:49Z'}}, 'canReply': True, 'totalReplyCount': 0, 'isPublic': True}",,UC0to6BFjQVFenO2ExnRugdw,2022-10-24T19:56:49Z,"Trata-se de uma nação soberana, que foi transferida para a ilha de Taiwan em 1949.  O professor acha que é uma questão interna e tudo bem a China não aceitar sua independência???  Tá de sacanagem!  E a repórter da Pan (que tenho respeito), termina mostrando total desconhecimento, dizendo ""Com toda certeza, tem toda razão.""  Oi???",QURTSl9pM2dVMy1SOHRTUEVuTVY2RThHVDFpN2tSa1I1WHhmZWZwa0FUOHQzeF84eVJvWWZtaDN2TEVBUzU2WGh0Q2I3dFBBVjFWOXJSdw==,2023-06-08 15:04:27.780171
youtube#commentThread,Qa490-8eIzVni1CXDhkVSxUMfoo,UgzD5x1UGJ0--63U1ll4AaABAg,"{'videoId': 'uuh1ydDwwrQ', 'topLevelComment': {'kind': 'youtube#comment', 'etag': 'm0T_jcr_lilo7OA3LWgkogZpRm4', 'id': 'UgzD5x1UGJ0--63U1ll4AaABAg', 'snippet': {'videoId': 'uuh1ydDwwrQ', 'textDisplay': 'E acha que ele falaria?   Deve ter amor a vida', 'textOriginal': 'E acha que ele falaria?   Deve ter amor a vida', 'authorDisplayName': 'Shirley Pandora', 'authorProfileImageUrl': 'https://yt3.ggpht.com/ytc/AGIKgqOesR7g0xe8o_L2dkKPECUNvXd_J06moq5m69WdFsnw0Hmy9238U6zwKFNJLIDm=s48-c-k-c0x00ffffff-no-rj', 'authorChannelUrl': 'http://www.youtube.com/channel/UCCGb3MxYuBjobQKdYPfcS4w', 'authorChannelId': {'value': 'UCCGb3MxYuBjobQKdYPfcS4w'}, 'canRate': True, 'viewerRating': 'none', 'likeCount': 0, 'publishedAt': '2022-10-24T19:53:27Z', 'updatedAt': '2022-10-24T19:53:27Z'}}, 'canReply': True, 'totalReplyCount': 0, 'isPublic': True}",,UCCGb3MxYuBjobQKdYPfcS4w,2022-10-24T19:53:27Z,E acha que ele falaria?   Deve ter amor a vida,QURTSl9pM2dVMy1SOHRTUEVuTVY2RThHVDFpN2tSa1I1WHhmZWZwa0FUOHQzeF84eVJvWWZtaDN2TEVBUzU2WGh0Q2I3dFBBVjFWOXJSdw==,2023-06-08 15:04:27.780171
youtube#commentThread,TgaghC-cxDJp8PZRcJt1m1ha-kQ,UgzedbGsq3tXqllh0ll4AaABAg,"{'videoId': 'uuh1ydDwwrQ', 'topLevelComment': {'kind': 'youtube#comment', 'etag': 'w9a2SUv77E1WwLvuWQNkT64Gehg', 'id': 'UgzedbGsq3tXqllh0ll4AaABAg', 'snippet': {'videoId': 'uuh1ydDwwrQ', 'textDisplay': 'Jornaleco encabrestado não é confiável.', 'textOriginal': 'Jornaleco encabrestado não é confiável.', 'authorDisplayName': 'Antônio Macedo', 'authorProfileImageUrl': 'https://yt3.ggpht.com/ytc/AGIKgqN0JeDMWSB6vSb0qrnDJfYyjSQmReI7xTF2rQ=s48-c-k-c0x00ffffff-no-rj', 'authorChannelUrl': 'http://www.youtube.com/channel/UC6cZPF7-JSDPCqNjbuet02w', 'authorChannelId': {'value': 'UC6cZPF7-JSDPCqNjbuet02w'}, 'canRate': True, 'viewerRating': 'none', 'likeCount': 0, 'publishedAt': '2022-10-24T19:25:51Z', 'updatedAt': '2022-10-24T19:25:51Z'}}, 'canReply': True, 'totalReplyCount': 0, 'isPublic': True}",,UC6cZPF7-JSDPCqNjbuet02w,2022-10-24T19:25:51Z,Jornaleco encabrestado não é confiável.,QURTSl9pM2dVMy1SOHRTUEVuTVY2RThHVDFpN2tSa1I1WHhmZWZwa0FUOHQzeF84eVJvWWZtaDN2TEVBUzU2WGh0Q2I3dFBBVjFWOXJSdw==,2023-06-08 15:04:27.780171
youtube#commentThread,3oVYpUGdCyREnLwBfepRxe5ZJO8,Ugx3zXfaB-iI05AQXAB4AaABAg,"{'videoId': 'uuh1ydDwwrQ', 'topLevelComment': {'kind': 'youtube#comment', 'etag': 'gukTzzpc58Suz6_wwlGdfCmIEaY', 'id': 'Ugx3zXfaB-iI05AQXAB4AaABAg', 'snippet': {'videoId': 'uuh1ydDwwrQ', 'textDisplay': 'Juntao foi juntado por 2 seguranças ling ao sair gritou Bolsonaro 22....receba caralh....', 'textOriginal': 'Juntao foi juntado por 2 seguranças ling ao sair gritou Bolsonaro 22....receba caralh....', 'authorDisplayName': 'Gil Carvalho', 'authorProfileImageUrl': 'https://yt3.ggpht.com/ytc/AGIKgqPXeekQPzblY557BwjVS9cX8z-CLRhbXK4YvA=s48-c-k-c0x00ffffff-no-rj', 'authorChannelUrl': 'http://www.youtube.com/channel/UCWIYE22pKH2LoK8mc0r8yFg', 'authorChannelId': {'value': 'UCWIYE22pKH2LoK8mc0r8yFg'}, 'canRate': True, 'viewerRating': 'none', 'likeCount': 0, 'publishedAt': '2022-10-24T19:18:38Z', 'updatedAt': '2022-10-24T19:18:38Z'}}, 'canReply': True, 'totalReplyCount': 0, 'isPublic': True}",,UCWIYE22pKH2LoK8mc0r8yFg,2022-10-24T19:18:38Z,Juntao foi juntado por 2 seguranças ling ao sair gritou Bolsonaro 22....receba caralh....,QURTSl9pM2dVMy1SOHRTUEVuTVY2RThHVDFpN2tSa1I1WHhmZWZwa0FUOHQzeF84eVJvWWZtaDN2TEVBUzU2WGh0Q2I3dFBBVjFWOXJSdw==,2023-06-08 15:04:27.780171
youtube#commentThread,d1e2BvFFMB5syiZCrRtmLbiuO_8,UgxhfDytKa4IgBKGSx14AaABAg,"{'videoId': 'uuh1ydDwwrQ', 'topLevelComment': {'kind': 'youtube#comment', 'etag': 'vF64cWD1d3nV7zF-6B4Uym27jCo', 'id': 'UgxhfDytKa4IgBKGSx14AaABAg', 'snippet': {'videoId': 'uuh1ydDwwrQ', 'textDisplay': 'O professor deu uma passada de pano grandíssima, calma professor já entendemos a sua ideologia. (Conselho: vá morar lá! Vc vai ter liberdade lá. Kkkkkkkk)', 'textOriginal': 'O professor deu uma passada de pano grandíssima, calma professor já entendemos a sua ideologia. (Conselho: vá morar lá! Vc vai ter liberdade lá. Kkkkkkkk)', 'authorDisplayName': 'paz e descanso.', 'authorProfileImageUrl': 'https://yt3.ggpht.com/ytc/AGIKgqNxTOSBW2opoYJHMVX6bO4c3UUNYaTpZzD5HvRRQd1pBTEZYsiSnS068O37k0yl=s48-c-k-c0x00ffffff-no-rj', 'authorChannelUrl': 'http://www.youtube.com/channel/UCk2EuSQbG7Fb7RSA7ldI8rA', 'authorChannelId': {'value': 'UCk2EuSQbG7Fb7RSA7ldI8rA'}, 'canRate': True, 'viewerRating': 'none', 'likeCount': 0, 'publishedAt': '2022-10-24T19:17:44Z', 'updatedAt': '2022-10-24T19:17:44Z'}}, 'canReply': True, 'totalReplyCount': 0, 'isPublic': True}",,UCk2EuSQbG7Fb7RSA7ldI8rA,2022-10-24T19:17:44Z,"O professor deu uma passada de pano grandíssima, calma professor já entendemos a sua ideologia. (Conselho: vá morar lá! Vc vai ter liberdade lá. Kkkkkkkk)",QURTSl9pM2dVMy1SOHRTUEVuTVY2RThHVDFpN2tSa1I1WHhmZWZwa0FUOHQzeF84eVJvWWZtaDN2TEVBUzU2WGh0Q2I3dFBBVjFWOXJSdw==,2023-06-08 15:04:27.780171
youtube#commentThread,LEfs-T0C_pGe5f-MOX6H3TLEUio,UgywSeMmtOdvpRPy_IB4AaABAg,"{'videoId': 'uuh1ydDwwrQ', 'topLevelComment': {'kind': 'youtube#comment', 'etag': 'l69RJPibzcCLdyUgOUwVoVxQH64', 'id': 'UgywSeMmtOdvpRPy_IB4AaABAg', 'snippet': {'videoId': 'uuh1ydDwwrQ', 'textDisplay': 'Vai sumir....', 'textOriginal': 'Vai sumir....', 'authorDisplayName': 'Mauricio Montez', 'authorProfileImageUrl': 'https://yt3.ggpht.com/ytc/AGIKgqPepSCc334yh77N18xxiogmcJnhki9or6nCe0G0Yw=s48-c-k-c0x00ffffff-no-rj', 'authorChannelUrl': 'http://www.youtube.com/channel/UCeMfo3JqDRO62PpcXgrFZKQ', 'authorChannelId': {'value': 'UCeMfo3JqDRO62PpcXgrFZKQ'}, 'canRate': True, 'viewerRating': 'none', 'likeCount': 0, 'publishedAt': '2022-10-24T19:10:26Z', 'updatedAt': '2022-10-24T19:10:26Z'}}, 'canReply': True, 'totalReplyCount': 0, 'isPublic': True}",,UCeMfo3JqDRO62PpcXgrFZKQ,2022-10-24T19:10:26Z,Vai sumir....,QURTSl9pM2dVMy1SOHRTUEVuTVY2RThHVDFpN2tSa1I1WHhmZWZwa0FUOHQzeF84eVJvWWZtaDN2TEVBUzU2WGh0Q2I3dFBBVjFWOXJSdw==,2023-06-08 15:04:27.780171
youtube#commentThread,-K-0EiTJRFOPBIFm1jbrneAlE5k,UgzFzq0psVKV8J_uoKR4AaABAg,"{'videoId': 'uuh1ydDwwrQ', 'topLevelComment': {'kind': 'youtube#comment', 'etag': 'avNTTYyrAtzikVVkTKhwS5kZCww', 'id': 'UgzFzq0psVKV8J_uoKR4AaABAg', 'snippet': {'videoId': 'uuh1ydDwwrQ', 'textDisplay': 'O veneno da cobra que você cria pode te matar ! Dia 30 é 22 !', 'textOriginal': 'O veneno da cobra que você cria pode te matar ! Dia 30 é 22 !', 'authorDisplayName': 'Luciano', 'authorProfileImageUrl': 'https://yt3.ggpht.com/ytc/AGIKgqOYy9WqGemFmcsmU_0Lpn_kdJWhJUKpYs7GDjuqxw=s48-c-k-c0x00ffffff-no-rj', 'authorChannelUrl': 'http://www.youtube.com/channel/UCcvl-_EMB_u7SSUhROEfXxQ', 'authorChannelId': {'value': 'UCcvl-_EMB_u7SSUhROEfXxQ'}, 'canRate': True, 'viewerRating': 'none', 'likeCount': 0, 'publishedAt': '2022-10-24T19:00:55Z', 'updatedAt': '2022-10-24T19:00:55Z'}}, 'canReply': True, 'totalReplyCount': 0, 'isPublic': True}",,UCcvl-_EMB_u7SSUhROEfXxQ,2022-10-24T19:00:55Z,O veneno da cobra que você cria pode te matar ! Dia 30 é 22 !,QURTSl9pM2dVMy1SOHRTUEVuTVY2RThHVDFpN2tSa1I1WHhmZWZwa0FUOHQzeF84eVJvWWZtaDN2TEVBUzU2WGh0Q2I3dFBBVjFWOXJSdw==,2023-06-08 15:04:27.780171
youtube#commentThread,Mg-eC60W6d7lZrY3FoPHwBLRVcw,UgzyiZoZR_Ojbo3SNLR4AaABAg,"{'videoId': 'uuh1ydDwwrQ', 'topLevelComment': {'kind': 'youtube#comment', 'etag': 'sF3UvccTQeM7FbjE321v5ENmzvY', 'id': 'UgzyiZoZR_Ojbo3SNLR4AaABAg', 'snippet': {'videoId': 'uuh1ydDwwrQ', 'textDisplay': 'Que entrevistado inútil.', 'textOriginal': 'Que entrevistado inútil.', 'authorDisplayName': 'Pda610 Acesso', 'authorProfileImageUrl': 'https://yt3.ggpht.com/ytc/AGIKgqPG5OLjuSWRObhnP3qacRnx84ugXS0fJIXyPZu9nTZe80K7l1G5m8FZiyMfY6a3=s48-c-k-c0x00ffffff-no-rj', 'authorChannelUrl': 'http://www.youtube.com/channel/UCDSf13-SnHHK9juFIblOxLg', 'authorChannelId': {'value': 'UCDSf13-SnHHK9juFIblOxLg'}, 'canRate': True, 'viewerRating': 'none', 'likeCount': 0, 'publishedAt': '2022-10-24T18:39:04Z', 'updatedAt': '2022-10-24T18:39:04Z'}}, 'canReply': True, 'totalReplyCount': 0, 'isPublic': True}",,UCDSf13-SnHHK9juFIblOxLg,2022-10-24T18:39:04Z,Que entrevistado inútil.,QURTSl9pM2dVMy1SOHRTUEVuTVY2RThHVDFpN2tSa1I1WHhmZWZwa0FUOHQzeF84eVJvWWZtaDN2TEVBUzU2WGh0Q2I3dFBBVjFWOXJSdw==,2023-06-08 15:04:27.780171
youtube#commentThread,--Z-9C_mSfd8aNJ5GDoltDrZfzU,UgyqJgYm2R0j-Vqx-T94AaABAg,"{'videoId': 'uuh1ydDwwrQ', 'topLevelComment': {'kind': 'youtube#comment', 'etag': 'X2bNY0ureRk1lpE0cOhwN8hYeqk', 'id': 'UgyqJgYm2R0j-Vqx-T94AaABAg', 'snippet': {'videoId': 'uuh1ydDwwrQ', 'textDisplay': 'Parecem zumbis !', 'textOriginal': 'Parecem zumbis !', 'authorDisplayName': 'João Correia', 'authorProfileImageUrl': 'https://yt3.ggpht.com/ytc/AGIKgqOACQApydCGAbm-wCZ24RtE1RVq9Q3G16D7rQ=s48-c-k-c0x00ffffff-no-rj', 'authorChannelUrl': 'http://www.youtube.com/channel/UC0PB2VeXWPRLauK9c8fS_3w', 'authorChannelId': {'value': 'UC0PB2VeXWPRLauK9c8fS_3w'}, 'canRate': True, 'viewerRating': 'none', 'likeCount': 0, 'publishedAt': '2022-10-24T18:31:51Z', 'updatedAt': '2022-10-24T18:31:51Z'}}, 'canReply': True, 'totalReplyCount': 0, 'isPublic': True}",,UC0PB2VeXWPRLauK9c8fS_3w,2022-10-24T18:31:51Z,Parecem zumbis !,QURTSl9pM2dVMy1SOHRTUEVuTVY2RThHVDFpN2tSa1I1WHhmZWZwa0FUOHQzeF84eVJvWWZtaDN2TEVBUzU2WGh0Q2I3dFBBVjFWOXJSdw==,2023-06-08 15:04:27.780171
youtube#commentThread,c9ur1gPiSR8F0tDozI_dOO588d0,Ugxp8RjccE0sNeqtjM14AaABAg,"{'videoId': 'uuh1ydDwwrQ', 'topLevelComment': {'kind': 'youtube#comment', 'etag': 'Nooy4-UFtovvd-M903p_9WVVDxE', 'id': 'Ugxp8RjccE0sNeqtjM14AaABAg', 'snippet': {'videoId': 'uuh1ydDwwrQ', 'textDisplay': 'votar sim no 22.', 'textOriginal': 'votar sim no 22.', 'authorDisplayName': 'Marcio De Barros Machado', 'authorProfileImageUrl': 'https://yt3.ggpht.com/ytc/AGIKgqPMzBpMD27jrbpCYvro2Bje_wPMwSkdC-0-1PHTZw=s48-c-k-c0x00ffffff-no-rj', 'authorChannelUrl': 'http://www.youtube.com/channel/UCJO7YNIG4mqds441ZlmOKNw', 'authorChannelId': {'value': 'UCJO7YNIG4mqds441ZlmOKNw'}, 'canRate': True, 'viewerRating': 'none', 'likeCount': 0, 'publishedAt': '2022-10-24T18:24:38Z', 'updatedAt': '2022-10-24T18:24:38Z'}}, 'canReply': True, 'totalReplyCount': 0, 'isPublic': True}",,UCJO7YNIG4mqds441ZlmOKNw,2022-10-24T18:24:38Z,votar sim no 22.,QURTSl9pM2dVMy1SOHRTUEVuTVY2RThHVDFpN2tSa1I1WHhmZWZwa0FUOHQzeF84eVJvWWZtaDN2TEVBUzU2WGh0Q2I3dFBBVjFWOXJSdw==,2023-06-08 15:04:27.780171
youtube#commentThread,j7avgRwRqSx5dddtdWn-XKy9nx8,UgwW6Ui69uYeTwcNnUF4AaABAg,"{'videoId': 'uuh1ydDwwrQ', 'topLevelComment': {'kind': 'youtube#comment', 'etag': 'IXlYBsl9IkC6NSdzseaQd85wy5M', 'id': 'UgwW6Ui69uYeTwcNnUF4AaABAg', 'snippet': {'videoId': 'uuh1ydDwwrQ', 'textDisplay': 'Oremos sem cessar. Para que o Brasil não seja refém e fiquemos reféns do regime comunista. Aqui no Brasil essas eleições agenda global FRAUDOU as urnas....a favor do comunismo.', 'textOriginal': 'Oremos sem cessar. Para que o Brasil não seja refém e fiquemos reféns do regime comunista. Aqui no Brasil essas eleições agenda global FRAUDOU as urnas....a favor do comunismo.', 'authorDisplayName': 'Alexa Luritae', 'authorProfileImageUrl': 'https://yt3.ggpht.com/ytc/AGIKgqOyLeGlaIfzemsGp30XPViuIvdUd6zfCVevjNCk=s48-c-k-c0x00ffffff-no-rj', 'authorChannelUrl': 'http://www.youtube.com/channel/UCg5OZuykfR0l_P6-FldpVgg', 'authorChannelId': {'value': 'UCg5OZuykfR0l_P6-FldpVgg'}, 'canRate': True, 'viewerRating': 'none', 'likeCount': 0, 'publishedAt': '2022-10-24T18:23:22Z', 'updatedAt': '2022-10-24T18:23:22Z'}}, 'canReply': True, 'totalReplyCount': 0, 'isPublic': True}",,UCg5OZuykfR0l_P6-FldpVgg,2022-10-24T18:23:22Z,Oremos sem cessar. Para que o Brasil não seja refém e fiquemos reféns do regime comunista. Aqui no Brasil essas eleições agenda global FRAUDOU as urnas....a favor do comunismo.,QURTSl9pM2dVMy1SOHRTUEVuTVY2RThHVDFpN2tSa1I1WHhmZWZwa0FUOHQzeF84eVJvWWZtaDN2TEVBUzU2WGh0Q2I3dFBBVjFWOXJSdw==,2023-06-08 15:04:27.780171
youtube#commentThread,IAv3CIqEIPkcS0zDgg9yILgbk4U,UgzdNv4TusExG2jmOJV4AaABAg,"{'videoId': 'uuh1ydDwwrQ', 'topLevelComment': {'kind': 'youtube#comment', 'etag': '9RoW2PICptaKBQTuIzgiMOpthP4', 'id': 'UgzdNv4TusExG2jmOJV4AaABAg', 'snippet': {'videoId': 'uuh1ydDwwrQ', 'textDisplay': 'Curioso é que os cascas grossas estão sem máscaras e os demais estão todos usando. Será que são imunes ao vírus?', 'textOriginal': 'Curioso é que os cascas grossas estão sem máscaras e os demais estão todos usando. Será que são imunes ao vírus?', 'authorDisplayName': 'João Batista Silva', 'authorProfileImageUrl': 'https://yt3.ggpht.com/ytc/AGIKgqOPbPpb41gB2nYhwT97UlCy3D0cdu_4U9Zt5puLCg=s48-c-k-c0x00ffffff-no-rj', 'authorChannelUrl': 'http://www.youtube.com/channel/UCXKjGB6ShH5okb6TLOQo4ag', 'authorChannelId': {'value': 'UCXKjGB6ShH5okb6TLOQo4ag'}, 'canRate': True, 'viewerRating': 'none', 'likeCount': 0, 'publishedAt': '2022-10-24T18:22:55Z', 'updatedAt': '2022-10-24T18:22:55Z'}}, 'canReply': True, 'totalReplyCount': 0, 'isPublic': True}",,UCXKjGB6ShH5okb6TLOQo4ag,2022-10-24T18:22:55Z,Curioso é que os cascas grossas estão sem máscaras e os demais estão todos usando. Será que são imunes ao vírus?,QURTSl9pM2dVMy1SOHRTUEVuTVY2RThHVDFpN2tSa1I1WHhmZWZwa0FUOHQzeF84eVJvWWZtaDN2TEVBUzU2WGh0Q2I3dFBBVjFWOXJSdw==,2023-06-08 15:04:27.780171
youtube#commentThread,tvMRk2QwEbTiT8dZKmu3y0rMo4U,UgxCSaSHqpfFWwTUSMp4AaABAg,"{'videoId': 'uuh1ydDwwrQ', 'topLevelComment': {'kind': 'youtube#comment', 'etag': 'A_AmJVHOpJpbhbntJ3_JMeRUoyc', 'id': 'UgxCSaSHqpfFWwTUSMp4AaABAg', 'snippet': {'videoId': 'uuh1ydDwwrQ', 'textDisplay': 'O ex-mandatário do PCC foi retirado a força e é evidente o que aconteceu.<br>O professor no mínimo é simpatizante do PCC não teceu nenhuma crítica ao autoritarismo do governo.', 'textOriginal': 'O ex-mandatário do PCC foi retirado a força e é evidente o que aconteceu.\\nO professor no mínimo é simpatizante do PCC não teceu nenhuma crítica ao autoritarismo do governo.', 'authorDisplayName': 'Pedro', 'authorProfileImageUrl': 'https://yt3.ggpht.com/_ZJz0JD0Uub5oTbiZ_A5-zGozbvTvCnNMQMPvcuYupsmlbeVPAb-lp0Fz-S544FBT22lpHIo=s48-c-k-c0x00ffffff-no-rj', 'authorChannelUrl': 'http://www.youtube.com/channel/UCagWDm-kV3_8LlNK-tVuRrg', 'authorChannelId': {'value': 'UCagWDm-kV3_8LlNK-tVuRrg'}, 'canRate': True, 'viewerRating': 'none', 'likeCount': 0, 'publishedAt': '2022-10-24T18:09:58Z', 'updatedAt': '2022-10-24T18:09:58Z'}}, 'canReply': True, 'totalReplyCount': 0, 'isPublic': True}",,UCagWDm-kV3_8LlNK-tVuRrg,2022-10-24T18:09:58Z,"O ex-mandatário do PCC foi retirado a força e é evidente o que aconteceu.
O professor no mínimo é simpatizante do PCC não teceu nenhuma crítica ao autoritarismo do governo.",QURTSl9pM2dVMy1SOHRTUEVuTVY2RThHVDFpN2tSa1I1WHhmZWZwa0FUOHQzeF84eVJvWWZtaDN2TEVBUzU2WGh0Q2I3dFBBVjFWOXJSdw==,2023-06-08 15:04:27.780171
youtube#commentThread,NxWjnQxnL0_vVf5o1w1FKouG3P4,UgxO6t0-2SwjGAbsnNx4AaABAg,"{'videoId': 'uuh1ydDwwrQ', 'topLevelComment': {'kind': 'youtube#comment', 'etag': 'Q421kFzCamkVd2-YjJMIOCLdzaQ', 'id': 'UgxO6t0-2SwjGAbsnNx4AaABAg', 'snippet': {'videoId': 'uuh1ydDwwrQ', 'textDisplay': 'xigling e deitador canalha', 'textOriginal': 'xigling e deitador canalha', 'authorDisplayName': 'charles borges', 'authorProfileImageUrl': 'https://yt3.ggpht.com/ytc/AGIKgqMNCRGzaiaxuewM4gM1AkDwT19lJziHsL0-SIiq1A=s48-c-k-c0x00ffffff-no-rj', 'authorChannelUrl': 'http://www.youtube.com/channel/UC7iOTDDxNP2L68cwo92d8uw', 'authorChannelId': {'value': 'UC7iOTDDxNP2L68cwo92d8uw'}, 'canRate': True, 'viewerRating': 'none', 'likeCount': 0, 'publishedAt': '2022-10-24T17:50:18Z', 'updatedAt': '2022-10-24T17:50:18Z'}}, 'canReply': True, 'totalReplyCount': 0, 'isPublic': True}",,UC7iOTDDxNP2L68cwo92d8uw,2022-10-24T17:50:18Z,xigling e deitador canalha,QURTSl9pM2dVMy1SOHRTUEVuTVY2RThHVDFpN2tSa1I1WHhmZWZwa0FUOHQzeF84eVJvWWZtaDN2TEVBUzU2WGh0Q2I3dFBBVjFWOXJSdw==,2023-06-08 15:04:27.780171
youtube#commentThread,9vgVzDR5C_jvavEEl6j6sOZnQLs,Ugw0vmPEcXYbEOQb-Tl4AaABAg,"{'videoId': 'uuh1ydDwwrQ', 'topLevelComment': {'kind': 'youtube#comment', 'etag': 'D6m2tBOr2yIDnRoCObd8yafAwt4', 'id': 'Ugw0vmPEcXYbEOQb-Tl4AaABAg', 'snippet': {'videoId': 'uuh1ydDwwrQ', 'textDisplay': 'Vox  neles', 'textOriginal': 'Vox  neles', 'authorDisplayName': 'Raphael Jose', 'authorProfileImageUrl': 'https://yt3.ggpht.com/ytc/AGIKgqMzIqbJ46tXQ5asLXBQvlSBmOOYSZhMgv_-SW-8qbrhOVUzzbGlNDxCuntCaG-0=s48-c-k-c0x00ffffff-no-rj', 'authorChannelUrl': 'http://www.youtube.com/channel/UCUk_5kFs-kYQjkcQ8_VKcEw', 'authorChannelId': {'value': 'UCUk_5kFs-kYQjkcQ8_VKcEw'}, 'canRate': True, 'viewerRating': 'none', 'likeCount': 0, 'publishedAt': '2022-10-24T16:50:20Z', 'updatedAt': '2022-10-24T16:50:27Z'}}, 'canReply': True, 'totalReplyCount': 0, 'isPublic': True}",,UCUk_5kFs-kYQjkcQ8_VKcEw,2022-10-24T16:50:20Z,Vox  neles,QURTSl9pM2dVMy1SOHRTUEVuTVY2RThHVDFpN2tSa1I1WHhmZWZwa0FUOHQzeF84eVJvWWZtaDN2TEVBUzU2WGh0Q2I3dFBBVjFWOXJSdw==,2023-06-08 15:04:27.780171
youtube#commentThread,5CHzLlm9wT4EzUSb5PHXk2Ul0gs,UgyGElSxW6LpEKmxwpt4AaABAg,"{'videoId': 'uuh1ydDwwrQ', 'topLevelComment': {'kind': 'youtube#comment', 'etag': '1JaS6vXa-0_8yyKIH_Z-83VcMFM', 'id': 'UgyGElSxW6LpEKmxwpt4AaABAg', 'snippet': {'videoId': 'uuh1ydDwwrQ', 'textDisplay': 'Mentira problema de saúde.  Vão deixar ele de lado.', 'textOriginal': 'Mentira problema de saúde.  Vão deixar ele de lado.', 'authorDisplayName': 'Marilda Vieira', 'authorProfileImageUrl': 'https://yt3.ggpht.com/ytc/AGIKgqPKOcle4itpmP0UDAXAZ3rCFgihCL6GQcsmmw=s48-c-k-c0x00ffffff-no-rj', 'authorChannelUrl': 'http://www.youtube.com/channel/UC2_bwk81GaW5vvBT5GyRn2w', 'authorChannelId': {'value': 'UC2_bwk81GaW5vvBT5GyRn2w'}, 'canRate': True, 'viewerRating': 'none', 'likeCount': 0, 'publishedAt': '2022-10-24T16:46:41Z', 'updatedAt': '2022-10-24T16:46:41Z'}}, 'canReply': True, 'totalReplyCount': 0, 'isPublic': True}",,UC2_bwk81GaW5vvBT5GyRn2w,2022-10-24T16:46:41Z,Mentira problema de saúde.  Vão deixar ele de lado.,QURTSl9pM2dVMy1SOHRTUEVuTVY2RThHVDFpN2tSa1I1WHhmZWZwa0FUOHQzeF84eVJvWWZtaDN2TEVBUzU2WGh0Q2I3dFBBVjFWOXJSdw==,2023-06-08 15:04:27.780171
youtube#commentThread,AGGxuE1yi0_e25D_kBJFM53QXRE,Ugzgx3fCX0UoUpmdL154AaABAg,"{'videoId': 'uuh1ydDwwrQ', 'topLevelComment': {'kind': 'youtube#comment', 'etag': 'cJCrv6FHyK9DluWsh18m7tUogWg', 'id': 'Ugzgx3fCX0UoUpmdL154AaABAg', 'snippet': {'videoId': 'uuh1ydDwwrQ', 'textDisplay': 'Só pode ser piada, quem acredita em doença???<br>Pra mim está evidente; foi humilhação pública para intimidar os adversários do Xi.', 'textOriginal': 'Só pode ser piada, quem acredita em doença???\\nPra mim está evidente; foi humilhação pública para intimidar os adversários do Xi.', 'authorDisplayName': 'Jorge Tsiftzoglou', 'authorProfileImageUrl': 'https://yt3.ggpht.com/ytc/AGIKgqMkq-DRImscmVaD76lA2o0IBiUCzTlZYS1Ovq5GrC4C69WJfnfaSnxf7DVrWq8o=s48-c-k-c0x00ffffff-no-rj', 'authorChannelUrl': 'http://www.youtube.com/channel/UC44lCQ6au0GBD8__OEvo9vg', 'authorChannelId': {'value': 'UC44lCQ6au0GBD8__OEvo9vg'}, 'canRate': True, 'viewerRating': 'none', 'likeCount': 0, 'publishedAt': '2022-10-24T16:13:02Z', 'updatedAt': '2022-10-24T16:13:02Z'}}, 'canReply': True, 'totalReplyCount': 0, 'isPublic': True}",,UC44lCQ6au0GBD8__OEvo9vg,2022-10-24T16:13:02Z,"Só pode ser piada, quem acredita em doença???
Pra mim está evidente; foi humilhação pública para intimidar os adversários do Xi.",QURTSl9pM2dVMy1SOHRTUEVuTVY2RThHVDFpN2tSa1I1WHhmZWZwa0FUOHQzeF84eVJvWWZtaDN2TEVBUzU2WGh0Q2I3dFBBVjFWOXJSdw==,2023-06-08 15:04:27.780171
youtube#commentThread,L59Bsacbcpial3PI_gNbpyg7WXg,UgwRqCOjpCJtAYnBuHp4AaABAg,"{'videoId': 'uuh1ydDwwrQ', 'topLevelComment': {'kind': 'youtube#comment', 'etag': 'UpH0dhdSqakRjEEDDB3PCnlNh_4', 'id': 'UgwRqCOjpCJtAYnBuHp4AaABAg', 'snippet': {'videoId': 'uuh1ydDwwrQ', 'textDisplay': '🤮🤮 Censura .', 'textOriginal': '🤮🤮 Censura .', 'authorDisplayName': 'Monica Rodrigues', 'authorProfileImageUrl': 'https://yt3.ggpht.com/ytc/AGIKgqM4HzY21RW2oMTh2qSQKD_-lSty2j9ZK7vyqg=s48-c-k-c0x00ffffff-no-rj', 'authorChannelUrl': 'http://www.youtube.com/channel/UCgXCRhyh43H3saHLTqquqEA', 'authorChannelId': {'value': 'UCgXCRhyh43H3saHLTqquqEA'}, 'canRate': True, 'viewerRating': 'none', 'likeCount': 0, 'publishedAt': '2022-10-24T16:00:48Z', 'updatedAt': '2022-10-24T16:00:48Z'}}, 'canReply': True, 'totalReplyCount': 0, 'isPublic': True}",,UCgXCRhyh43H3saHLTqquqEA,2022-10-24T16:00:48Z,🤮🤮 Censura .,QURTSl9pM2dVMy1SOHRTUEVuTVY2RThHVDFpN2tSa1I1WHhmZWZwa0FUOHQzeF84eVJvWWZtaDN2TEVBUzU2WGh0Q2I3dFBBVjFWOXJSdw==,2023-06-08 15:04:27.780171
youtube#commentThread,MaRnw502fDCeGd8Jw3S5pDP2hso,Ugyb_MnfLKZezDtoUTx4AaABAg,"{'videoId': 'uuh1ydDwwrQ', 'topLevelComment': {'kind': 'youtube#comment', 'etag': 'XUuJEv30pliVQ3cFrY5rF4e9EAw', 'id': 'Ugyb_MnfLKZezDtoUTx4AaABAg', 'snippet': {'videoId': 'uuh1ydDwwrQ', 'textDisplay': 'ter um comentarista especializado na China para falar que foi mal súbito,  e só reporta o que a BBC falou, é brincadeira de mal gosto.', 'textOriginal': 'ter um comentarista especializado na China para falar que foi mal súbito,  e só reporta o que a BBC falou, é brincadeira de mal gosto.', 'authorDisplayName': 'Victor Costa De Souza', 'authorProfileImageUrl': 'https://yt3.ggpht.com/ytc/AGIKgqM24vTGKL8KIaXOJXUMPYMB6iME6fz98tUCTfMYaQ=s48-c-k-c0x00ffffff-no-rj', 'authorChannelUrl': 'http://www.youtube.com/channel/UC2uw-Z-zI3lgPlJcdvOF02g', 'authorChannelId': {'value': 'UC2uw-Z-zI3lgPlJcdvOF02g'}, 'canRate': True, 'viewerRating': 'none', 'likeCount': 0, 'publishedAt': '2022-10-24T15:14:41Z', 'updatedAt': '2022-10-24T15:14:41Z'}}, 'canReply': True, 'totalReplyCount': 0, 'isPublic': True}",,UC2uw-Z-zI3lgPlJcdvOF02g,2022-10-24T15:14:41Z,"ter um comentarista especializado na China para falar que foi mal súbito,  e só reporta o que a BBC falou, é brincadeira de mal gosto.",QURTSl9pM2dVMy1SOHRTUEVuTVY2RThHVDFpN2tSa1I1WHhmZWZwa0FUOHQzeF84eVJvWWZtaDN2TEVBUzU2WGh0Q2I3dFBBVjFWOXJSdw==,2023-06-08 15:04:27.780171
youtube#commentThread,7NhBpPXp7mpo9FYjbG-fKoQFOUM,UgxJ_LBgSUOuGwjgiid4AaABAg,"{'videoId': 'uuh1ydDwwrQ', 'topLevelComment': {'kind': 'youtube#comment', 'etag': 'PDZXU0VqvvnUklscNOJwE8Py5JU', 'id': 'UgxJ_LBgSUOuGwjgiid4AaABAg', 'snippet': {'videoId': 'uuh1ydDwwrQ', 'textDisplay': 'esse comentarista comunista, suposto &quot;professor&quot; tem a boca igual do boca de veludo kkkkk', 'textOriginal': 'esse comentarista comunista, suposto ""professor"" tem a boca igual do boca de veludo kkkkk', 'authorDisplayName': 'Edivando', 'authorProfileImageUrl': 'https://yt3.ggpht.com/ytc/AGIKgqPtqlo1xXDvqGakQA-M34z_eXIwpaSbITLc1g=s48-c-k-c0x00ffffff-no-rj', 'authorChannelUrl': 'http://www.youtube.com/channel/UCAmrMv6jmlzzptOHMOfDKTQ', 'authorChannelId': {'value': 'UCAmrMv6jmlzzptOHMOfDKTQ'}, 'canRate': True, 'viewerRating': 'none', 'likeCount': 0, 'publishedAt': '2022-10-24T15:13:59Z', 'updatedAt': '2022-10-24T15:13:59Z'}}, 'canReply': True, 'totalReplyCount': 0, 'isPublic': True}",,UCAmrMv6jmlzzptOHMOfDKTQ,2022-10-24T15:13:59Z,"esse comentarista comunista, suposto ""professor"" tem a boca igual do boca de veludo kkkkk",QURTSl9pM2dVMy1SOHRTUEVuTVY2RThHVDFpN2tSa1I1WHhmZWZwa0FUOHQzeF84eVJvWWZtaDN2TEVBUzU2WGh0Q2I3dFBBVjFWOXJSdw==,2023-06-08 15:04:27.780171
youtube#commentThread,auQoLzTrhIzYMtsXc-dHVaZltbg,UgyQbLziNZqOdUWmmjh4AaABAg,"{'videoId': 'uuh1ydDwwrQ', 'topLevelComment': {'kind': 'youtube#comment', 'etag': 'rAUVr9JgpVim8hzytacG13PZ80c', 'id': 'UgyQbLziNZqOdUWmmjh4AaABAg', 'snippet': {'videoId': 'uuh1ydDwwrQ', 'textDisplay': 'Perguntar para um professor da Universidade da China é o mesmo que perguntar para a raposa do galinheiro, né J.P?<br>Faça-me o favor. Não havia nenhum cientista político a quem perguntar?', 'textOriginal': 'Perguntar para um professor da Universidade da China é o mesmo que perguntar para a raposa do galinheiro, né J.P?\\nFaça-me o favor. Não havia nenhum cientista político a quem perguntar?', 'authorDisplayName': 'Natanael Marinho da Silva', 'authorProfileImageUrl': 'https://yt3.ggpht.com/ytc/AGIKgqOrq171Kp1TmbzhnersJfQW0qJOKCtApqhJviU=s48-c-k-c0x00ffffff-no-rj', 'authorChannelUrl': 'http://www.youtube.com/channel/UCz41QyxEJ_ogzy40iL_MWQg', 'authorChannelId': {'value': 'UCz41QyxEJ_ogzy40iL_MWQg'}, 'canRate': True, 'viewerRating': 'none', 'likeCount': 0, 'publishedAt': '2022-10-24T15:08:42Z', 'updatedAt': '2022-10-24T15:08:42Z'}}, 'canReply': True, 'totalReplyCount': 0, 'isPublic': True}",,UCz41QyxEJ_ogzy40iL_MWQg,2022-10-24T15:08:42Z,"Perguntar para um professor da Universidade da China é o mesmo que perguntar para a raposa do galinheiro, né J.P?
Faça-me o favor. Não havia nenhum cientista político a quem perguntar?",QURTSl9pM2dVMy1SOHRTUEVuTVY2RThHVDFpN2tSa1I1WHhmZWZwa0FUOHQzeF84eVJvWWZtaDN2TEVBUzU2WGh0Q2I3dFBBVjFWOXJSdw==,2023-06-08 15:04:27.780171
youtube#commentThread,B-kyDiHRxh2VbatpP164Ez5wTFU,Ugxf15KjI1yyIHvPyet4AaABAg,"{'videoId': 'uuh1ydDwwrQ', 'topLevelComment': {'kind': 'youtube#comment', 'etag': 'iyeViWHvph2brEDalHZWNgN2tj4', 'id': 'Ugxf15KjI1yyIHvPyet4AaABAg', 'snippet': {'videoId': 'uuh1ydDwwrQ', 'textDisplay': 'ELE FOI DESCARTADO DO PARTIDO E RECEBERÁ UM TIRO NA NUCA.  NINGUÉM NUNCA MAIS TERÁ NOTÍCIAS DELE POIS LÁ É O QUE OS PTRALHAS QUEREM PARA NÓS AQUI.', 'textOriginal': 'ELE FOI DESCARTADO DO PARTIDO E RECEBERÁ UM TIRO NA NUCA.  NINGUÉM NUNCA MAIS TERÁ NOTÍCIAS DELE POIS LÁ É O QUE OS PTRALHAS QUEREM PARA NÓS AQUI.', 'authorDisplayName': 'Elton Bourscheid', 'authorProfileImageUrl': 'https://yt3.ggpht.com/ytc/AGIKgqMIfY0YtF-D6jk3YKaUgCQXWzbQGYtwnbIrlA=s48-c-k-c0x00ffffff-no-rj', 'authorChannelUrl': 'http://www.youtube.com/channel/UCmkGttg3sZGsJaOkBQNxOIQ', 'authorChannelId': {'value': 'UCmkGttg3sZGsJaOkBQNxOIQ'}, 'canRate': True, 'viewerRating': 'none', 'likeCount': 0, 'publishedAt': '2022-10-24T14:16:00Z', 'updatedAt': '2022-10-24T14:16:28Z'}}, 'canReply': True, 'totalReplyCount': 0, 'isPublic': True}",,UCmkGttg3sZGsJaOkBQNxOIQ,2022-10-24T14:16:00Z,ELE FOI DESCARTADO DO PARTIDO E RECEBERÁ UM TIRO NA NUCA.  NINGUÉM NUNCA MAIS TERÁ NOTÍCIAS DELE POIS LÁ É O QUE OS PTRALHAS QUEREM PARA NÓS AQUI.,QURTSl9pM2dVMy1SOHRTUEVuTVY2RThHVDFpN2tSa1I1WHhmZWZwa0FUOHQzeF84eVJvWWZtaDN2TEVBUzU2WGh0Q2I3dFBBVjFWOXJSdw==,2023-06-08 15:04:27.780171
youtube#commentThread,WPLxP_eB4YZt77N6pGqRfDrMRqQ,UgwzW5cCmdU2O0BYNDp4AaABAg,"{'videoId': 'uuh1ydDwwrQ', 'topLevelComment': {'kind': 'youtube#comment', 'etag': 'OlhtSq_OZmcoo-iE3vjzNISvqK4', 'id': 'UgwzW5cCmdU2O0BYNDp4AaABAg', 'snippet': {'videoId': 'uuh1ydDwwrQ', 'textDisplay': 'Significa um expurgo soft kkk', 'textOriginal': 'Significa um expurgo soft kkk', 'authorDisplayName': 'reynaldo puggi', 'authorProfileImageUrl': 'https://yt3.ggpht.com/ytc/AGIKgqPjM8brDz9uamU5tF_9LJF5elKHhNEVDLCZbQC7PQ=s48-c-k-c0x00ffffff-no-rj', 'authorChannelUrl': 'http://www.youtube.com/channel/UCyndT-FHXdbW2T1KsV6AdTQ', 'authorChannelId': {'value': 'UCyndT-FHXdbW2T1KsV6AdTQ'}, 'canRate': True, 'viewerRating': 'none', 'likeCount': 0, 'publishedAt': '2022-10-24T13:51:21Z', 'updatedAt': '2022-10-24T13:51:21Z'}}, 'canReply': True, 'totalReplyCount': 0, 'isPublic': True}",,UCyndT-FHXdbW2T1KsV6AdTQ,2022-10-24T13:51:21Z,Significa um expurgo soft kkk,QURTSl9pM2dVMy1SOHRTUEVuTVY2RThHVDFpN2tSa1I1WHhmZWZwa0FUOHQzeF84eVJvWWZtaDN2TEVBUzU2WGh0Q2I3dFBBVjFWOXJSdw==,2023-06-08 15:04:27.780171
youtube#commentThread,ViOju0Z7MEzFuniTiCYc59m6CdQ,UgxeKYQxv1yZMVN_kIx4AaABAg,"{'videoId': 'uuh1ydDwwrQ', 'topLevelComment': {'kind': 'youtube#comment', 'etag': 'hi04MrknnsiynEz2jbNuJ1dLLcA', 'id': 'UgxeKYQxv1yZMVN_kIx4AaABAg', 'snippet': {'videoId': 'uuh1ydDwwrQ', 'textDisplay': 'Oi o Corona Vírus, foi uma forma de acabar como o comunismo 😮\\u200d💨😮\\u200d💨😤🧐🧐🧐🧐🧐🧐 os chineses me falaram que querem escolher os presidentes da China .<br>O Comunismo controla tudo até o que você come o que você vai vestir e o que vai assistir', 'textOriginal': 'Oi o Corona Vírus, foi uma forma de acabar como o comunismo 😮\\u200d💨😮\\u200d💨😤🧐🧐🧐🧐🧐🧐 os chineses me falaram que querem escolher os presidentes da China .\\nO Comunismo controla tudo até o que você come o que você vai vestir e o que vai assistir', 'authorDisplayName': 'E GUERRA SIM WARS YES', 'authorProfileImageUrl': 'https://yt3.ggpht.com/Ishrcxr93D_TuoNjqtr--LZuUe8WP6KViLiqrxV_ji7yGiuZdDALiG0_TW-eiTMZHvg1kH_hpwI=s48-c-k-c0x00ffffff-no-rj', 'authorChannelUrl': 'http://www.youtube.com/channel/UC0iG8ljc-93SLgZT6VPlEkg', 'authorChannelId': {'value': 'UC0iG8ljc-93SLgZT6VPlEkg'}, 'canRate': True, 'viewerRating': 'none', 'likeCount': 0, 'publishedAt': '2022-10-24T13:44:58Z', 'updatedAt': '2022-10-24T13:44:58Z'}}, 'canReply': True, 'totalReplyCount': 0, 'isPublic': True}",,UC0iG8ljc-93SLgZT6VPlEkg,2022-10-24T13:44:58Z,"Oi o Corona Vírus, foi uma forma de acabar como o comunismo 😮‍💨😮‍💨😤🧐🧐🧐🧐🧐🧐 os chineses me falaram que querem escolher os presidentes da China .
O Comunismo controla tudo até o que você come o que você vai vestir e o que vai assistir",QURTSl9pM2dVMy1SOHRTUEVuTVY2RThHVDFpN2tSa1I1WHhmZWZwa0FUOHQzeF84eVJvWWZtaDN2TEVBUzU2WGh0Q2I3dFBBVjFWOXJSdw==,2023-06-08 15:04:27.780171
youtube#commentThread,LhLu1bcAPRkh24XiNz-1rQK6Sy4,UgxZ7Unt4qcClx_MoWd4AaABAg,"{'videoId': 'uuh1ydDwwrQ', 'topLevelComment': {'kind': 'youtube#comment', 'etag': 'W5qXrelRLokXXoSOiqN1lkd33gQ', 'id': 'UgxZ7Unt4qcClx_MoWd4AaABAg', 'snippet': {'videoId': 'uuh1ydDwwrQ', 'textDisplay': 'Oi o Corona Vírus, foi uma forma de acabar como o comunismo 😮\\u200d💨😮\\u200d💨😤🧐🧐🧐🧐🧐🧐 os chineses me falaram que querem escolher os presidentes da China .<br>O Comunismo controla tudo até o que você come o que você vai vestir e o que vai assistir', 'textOriginal': 'Oi o Corona Vírus, foi uma forma de acabar como o comunismo 😮\\u200d💨😮\\u200d💨😤🧐🧐🧐🧐🧐🧐 os chineses me falaram que querem escolher os presidentes da China .\\nO Comunismo controla tudo até o que você come o que você vai vestir e o que vai assistir', 'authorDisplayName': 'E GUERRA SIM WARS YES', 'authorProfileImageUrl': 'https://yt3.ggpht.com/Ishrcxr93D_TuoNjqtr--LZuUe8WP6KViLiqrxV_ji7yGiuZdDALiG0_TW-eiTMZHvg1kH_hpwI=s48-c-k-c0x00ffffff-no-rj', 'authorChannelUrl': 'http://www.youtube.com/channel/UC0iG8ljc-93SLgZT6VPlEkg', 'authorChannelId': {'value': 'UC0iG8ljc-93SLgZT6VPlEkg'}, 'canRate': True, 'viewerRating': 'none', 'likeCount': 1, 'publishedAt': '2022-10-24T13:44:50Z', 'updatedAt': '2022-10-24T13:44:50Z'}}, 'canReply': True, 'totalReplyCount': 0, 'isPublic': True}",,UC0iG8ljc-93SLgZT6VPlEkg,2022-10-24T13:44:50Z,"Oi o Corona Vírus, foi uma forma de acabar como o comunismo 😮‍💨😮‍💨😤🧐🧐🧐🧐🧐🧐 os chineses me falaram que querem escolher os presidentes da China .
O Comunismo controla tudo até o que você come o que você vai vestir e o que vai assistir",QURTSl9pM2dVMy1SOHRTUEVuTVY2RThHVDFpN2tSa1I1WHhmZWZwa0FUOHQzeF84eVJvWWZtaDN2TEVBUzU2WGh0Q2I3dFBBVjFWOXJSdw==,2023-06-08 15:04:27.780171
youtube#commentThread,YCB0pXSWch33oUB4scC_TztrwSU,UgzOx0zxFC79omnt2RJ4AaABAg,"{'videoId': 'uuh1ydDwwrQ', 'topLevelComment': {'kind': 'youtube#comment', 'etag': '5_1kHqU57yUlp_i0Ot5KzFj9UY8', 'id': 'UgzOx0zxFC79omnt2RJ4AaABAg', 'snippet': {'videoId': 'uuh1ydDwwrQ', 'textDisplay': 'Oi o Corona Vírus, foi uma forma de acabar como o comunismo 😮\\u200d💨😮\\u200d💨😤🧐🧐🧐🧐🧐🧐 os chineses me falaram que querem escolher os presidentes da China .<br>O Comunismo controla tudo até o que você come o que você vai vestir e o que vai assistir', 'textOriginal': 'Oi o Corona Vírus, foi uma forma de acabar como o comunismo 😮\\u200d💨😮\\u200d💨😤🧐🧐🧐🧐🧐🧐 os chineses me falaram que querem escolher os presidentes da China .\\nO Comunismo controla tudo até o que você come o que você vai vestir e o que vai assistir', 'authorDisplayName': 'E GUERRA SIM WARS YES', 'authorProfileImageUrl': 'https://yt3.ggpht.com/Ishrcxr93D_TuoNjqtr--LZuUe8WP6KViLiqrxV_ji7yGiuZdDALiG0_TW-eiTMZHvg1kH_hpwI=s48-c-k-c0x00ffffff-no-rj', 'authorChannelUrl': 'http://www.youtube.com/channel/UC0iG8ljc-93SLgZT6VPlEkg', 'authorChannelId': {'value': 'UC0iG8ljc-93SLgZT6VPlEkg'}, 'canRate': True, 'viewerRating': 'none', 'likeCount': 1, 'publishedAt': '2022-10-24T13:44:36Z', 'updatedAt': '2022-10-24T13:44:36Z'}}, 'canReply': True, 'totalReplyCount': 0, 'isPublic': True}",,UC0iG8ljc-93SLgZT6VPlEkg,2022-10-24T13:44:36Z,"Oi o Corona Vírus, foi uma forma de acabar como o comunismo 😮‍💨😮‍💨😤🧐🧐🧐🧐🧐🧐 os chineses me falaram que querem escolher os presidentes da China .
O Comunismo controla tudo até o que você come o que você vai vestir e o que vai assistir",QURTSl9pM2dVMy1SOHRTUEVuTVY2RThHVDFpN2tSa1I1WHhmZWZwa0FUOHQzeF84eVJvWWZtaDN2TEVBUzU2WGh0Q2I3dFBBVjFWOXJSdw==,2023-06-08 15:04:27.780171
youtube#commentThread,DCIxRfu3bEQaR4uU--oKjoGX9Rk,UgzwVDJLtoFkMpiaYjl4AaABAg,"{'videoId': 'uuh1ydDwwrQ', 'topLevelComment': {'kind': 'youtube#comment', 'etag': 'rmnqqKgyXFyvN1mz-2_UVWPL6Rw', 'id': 'UgzwVDJLtoFkMpiaYjl4AaABAg', 'snippet': {'videoId': 'uuh1ydDwwrQ', 'textDisplay': 'O analista é muito &quot;diplomático&quot;. O HU JIN TAO foi retirado &quot;com muita delicadeza e SEM NENHUMA PRESSÃO&quot;.............................e viva a DEMOCRACIA CHINESA', 'textOriginal': 'O analista é muito ""diplomático"". O HU JIN TAO foi retirado ""com muita delicadeza e SEM NENHUMA PRESSÃO"".............................e viva a DEMOCRACIA CHINESA', 'authorDisplayName': 'Luiz Alberto Bué Sardenberg', 'authorProfileImageUrl': 'https://yt3.ggpht.com/ytc/AGIKgqOeNvYRwWbmlqwl56xWf-S1j3JYNL0Ju9IjUg=s48-c-k-c0x00ffffff-no-rj', 'authorChannelUrl': 'http://www.youtube.com/channel/UCgSNgawdPwi2qiFB4_apt6g', 'authorChannelId': {'value': 'UCgSNgawdPwi2qiFB4_apt6g'}, 'canRate': True, 'viewerRating': 'none', 'likeCount': 0, 'publishedAt': '2022-10-24T13:27:47Z', 'updatedAt': '2022-10-24T13:27:47Z'}}, 'canReply': True, 'totalReplyCount': 0, 'isPublic': True}",,UCgSNgawdPwi2qiFB4_apt6g,2022-10-24T13:27:47Z,"O analista é muito ""diplomático"". O HU JIN TAO foi retirado ""com muita delicadeza e SEM NENHUMA PRESSÃO"".............................e viva a DEMOCRACIA CHINESA",QURTSl9pM2dVMy1SOHRTUEVuTVY2RThHVDFpN2tSa1I1WHhmZWZwa0FUOHQzeF84eVJvWWZtaDN2TEVBUzU2WGh0Q2I3dFBBVjFWOXJSdw==,2023-06-08 15:04:27.780171
youtube#commentThread,WMcQz0IoOk4xR-rGfSsuwRL8TO4,UgyYYYuxArdVflxzcst4AaABAg,"{'videoId': 'uuh1ydDwwrQ', 'topLevelComment': {'kind': 'youtube#comment', 'etag': 'UTo8NvQn9TLpQOhSPEdWcXMdTJ8', 'id': 'UgyYYYuxArdVflxzcst4AaABAg', 'snippet': {'videoId': 'uuh1ydDwwrQ', 'textDisplay': 'Comunismo sendo comunismo com quem destoa......', 'textOriginal': 'Comunismo sendo comunismo com quem destoa......', 'authorDisplayName': 'Giovani Martins da Cunha', 'authorProfileImageUrl': 'https://yt3.ggpht.com/ytc/AGIKgqOoE0OfCmEMZzyPYerlhsqhQq6i4Ep5d2cxMA=s48-c-k-c0x00ffffff-no-rj', 'authorChannelUrl': 'http://www.youtube.com/channel/UCKPYpIUWu2fuHqoiUVCCdNw', 'authorChannelId': {'value': 'UCKPYpIUWu2fuHqoiUVCCdNw'}, 'canRate': True, 'viewerRating': 'none', 'likeCount': 0, 'publishedAt': '2022-10-24T13:22:26Z', 'updatedAt': '2022-10-24T13:22:26Z'}}, 'canReply': True, 'totalReplyCount': 0, 'isPublic': True}",,UCKPYpIUWu2fuHqoiUVCCdNw,2022-10-24T13:22:26Z,Comunismo sendo comunismo com quem destoa......,QURTSl9pM2dVMy1SOHRTUEVuTVY2RThHVDFpN2tSa1I1WHhmZWZwa0FUOHQzeF84eVJvWWZtaDN2TEVBUzU2WGh0Q2I3dFBBVjFWOXJSdw==,2023-06-08 15:04:27.780171
youtube#commentThread,fpaXyFpuG--0CNOrStTVI7gmO5w,Ugw9rSK65aaVgEGfOzp4AaABAg,"{'videoId': 'uuh1ydDwwrQ', 'topLevelComment': {'kind': 'youtube#comment', 'etag': 'yB4xrBEFDp9zI5TVOf9aIjmN3t4', 'id': 'Ugw9rSK65aaVgEGfOzp4AaABAg', 'snippet': {'videoId': 'uuh1ydDwwrQ', 'textDisplay': 'Acho que velhote vai usam o velho paletó de madeira 🤣🤣🤣🤣', 'textOriginal': 'Acho que velhote vai usam o velho paletó de madeira 🤣🤣🤣🤣', 'authorDisplayName': 'QUICK JCHN', 'authorProfileImageUrl': 'https://yt3.ggpht.com/ytc/AGIKgqNTYZCMwk8zfI-guVELvIaHRKDEhfZeNncVH5KaVw=s48-c-k-c0x00ffffff-no-rj', 'authorChannelUrl': 'http://www.youtube.com/channel/UCps03gQ26PSoP0tTbrcBOLQ', 'authorChannelId': {'value': 'UCps03gQ26PSoP0tTbrcBOLQ'}, 'canRate': True, 'viewerRating': 'none', 'likeCount': 0, 'publishedAt': '2022-10-24T12:49:01Z', 'updatedAt': '2022-10-24T12:49:01Z'}}, 'canReply': True, 'totalReplyCount': 0, 'isPublic': True}",,UCps03gQ26PSoP0tTbrcBOLQ,2022-10-24T12:49:01Z,Acho que velhote vai usam o velho paletó de madeira 🤣🤣🤣🤣,QURTSl9pM2dVMy1SOHRTUEVuTVY2RThHVDFpN2tSa1I1WHhmZWZwa0FUOHQzeF84eVJvWWZtaDN2TEVBUzU2WGh0Q2I3dFBBVjFWOXJSdw==,2023-06-08 15:04:27.780171
youtube#commentThread,0xh0rs1la7OpyI8e9bKxmZSi0TE,Ugx3cZJpDS1I4lyJkYh4AaABAg,"{'videoId': 'uuh1ydDwwrQ', 'topLevelComment': {'kind': 'youtube#comment', 'etag': 'woO9-J-ovNwlHr8T3sT_ReJSjrs', 'id': 'Ugx3cZJpDS1I4lyJkYh4AaABAg', 'snippet': {'videoId': 'uuh1ydDwwrQ', 'textDisplay': 'Quero que nenhum país dobre o PIB da forma que a China dobrou… Catastrófico.', 'textOriginal': 'Quero que nenhum país dobre o PIB da forma que a China dobrou… Catastrófico.', 'authorDisplayName': 'Junior', 'authorProfileImageUrl': 'https://yt3.ggpht.com/h79C_j4eWkag42x-Jo9Adunf-SpsSICL9Mw9mt-WhgOU5xMJ17LRJz36xpCz3XguGHfQ5wJ-9A=s48-c-k-c0x00ffffff-no-rj', 'authorChannelUrl': 'http://www.youtube.com/channel/UCSVcC8rPevRugg0JSlJ5Yog', 'authorChannelId': {'value': 'UCSVcC8rPevRugg0JSlJ5Yog'}, 'canRate': True, 'viewerRating': 'none', 'likeCount': 0, 'publishedAt': '2022-10-24T12:08:10Z', 'updatedAt': '2022-10-24T12:08:10Z'}}, 'canReply': True, 'totalReplyCount': 0, 'isPublic': True}",,UCSVcC8rPevRugg0JSlJ5Yog,2022-10-24T12:08:10Z,Quero que nenhum país dobre o PIB da forma que a China dobrou… Catastrófico.,QURTSl9pM2dVMy1SOHRTUEVuTVY2RThHVDFpN2tSa1I1WHhmZWZwa0FUOHQzeF84eVJvWWZtaDN2TEVBUzU2WGh0Q2I3dFBBVjFWOXJSdw==,2023-06-08 15:04:27.780171
youtube#commentThread,OXOyvQnwYJIAoGrHUACWTaIica4,UgyBqQBZKHNCz0OZi254AaABAg,"{'videoId': 'uuh1ydDwwrQ', 'topLevelComment': {'kind': 'youtube#comment', 'etag': 'Zm7skeVNAZciuP3GTeR_yrUea8k', 'id': 'UgyBqQBZKHNCz0OZi254AaABAg', 'snippet': {'videoId': 'uuh1ydDwwrQ', 'textDisplay': 'O cara sai escoltado e o jornazista contando estória mirabolante...faz o L', 'textOriginal': 'O cara sai escoltado e o jornazista contando estória mirabolante...faz o L', 'authorDisplayName': 'Roberto Pereira Jácome', 'authorProfileImageUrl': 'https://yt3.ggpht.com/ytc/AGIKgqOmN-q96TLcQRylxO3ua7ZsUHsUFrYf6vOjmIDGjIE=s48-c-k-c0x00ffffff-no-rj', 'authorChannelUrl': 'http://www.youtube.com/channel/UCSnqblrA_-B745kMKDpd48Q', 'authorChannelId': {'value': 'UCSnqblrA_-B745kMKDpd48Q'}, 'canRate': True, 'viewerRating': 'none', 'likeCount': 0, 'publishedAt': '2022-10-24T12:05:41Z', 'updatedAt': '2022-10-24T12:05:41Z'}}, 'canReply': True, 'totalReplyCount': 0, 'isPublic': True}",,UCSnqblrA_-B745kMKDpd48Q,2022-10-24T12:05:41Z,O cara sai escoltado e o jornazista contando estória mirabolante...faz o L,QURTSl9pM2dVMy1SOHRTUEVuTVY2RThHVDFpN2tSa1I1WHhmZWZwa0FUOHQzeF84eVJvWWZtaDN2TEVBUzU2WGh0Q2I3dFBBVjFWOXJSdw==,2023-06-08 15:04:27.780171
youtube#commentThread,BZJhEbFvZr3ZrhaqZPld6BSgPwE,UgyWN_wxiaVHXJ2wWFh4AaABAg,"{'videoId': 'uuh1ydDwwrQ', 'topLevelComment': {'kind': 'youtube#comment', 'etag': 'vQY6AcUP5_hh6nZPs_EvbzyY07g', 'id': 'UgyWN_wxiaVHXJ2wWFh4AaABAg', 'snippet': {'videoId': 'uuh1ydDwwrQ', 'textDisplay': 'Esse tal especialista é comunista até a medula.', 'textOriginal': 'Esse tal especialista é comunista até a medula.', 'authorDisplayName': 'José Jameson', 'authorProfileImageUrl': 'https://yt3.ggpht.com/ytc/AGIKgqP28ipvSy1eX1TlHFddyEQZ9fE1nv3AAR_HrrqtyA=s48-c-k-c0x00ffffff-no-rj', 'authorChannelUrl': 'http://www.youtube.com/channel/UCCuZ1iVg8WDu77MR09mZ1iQ', 'authorChannelId': {'value': 'UCCuZ1iVg8WDu77MR09mZ1iQ'}, 'canRate': True, 'viewerRating': 'none', 'likeCount': 0, 'publishedAt': '2022-10-24T12:05:13Z', 'updatedAt': '2022-10-24T12:05:13Z'}}, 'canReply': True, 'totalReplyCount': 0, 'isPublic': True}",,UCCuZ1iVg8WDu77MR09mZ1iQ,2022-10-24T12:05:13Z,Esse tal especialista é comunista até a medula.,QURTSl9pM2dVMy1SOHRTUEVuTVY2RThHVDFpN2tSa1I1WHhmZWZwa0FUOHQzeF84eVJvWWZtaDN2TEVBUzU2WGh0Q2I3dFBBVjFWOXJSdw==,2023-06-08 15:04:27.780171
youtube#commentThread,3s2P-qnJHTj_SsT5Kt0qnTfPe2s,UgykiqzQJDfRczOAeEx4AaABAg,"{'videoId': 'uuh1ydDwwrQ', 'topLevelComment': {'kind': 'youtube#comment', 'etag': 'GPVBfBUUvz5hJvzTy64h16a-Y1s', 'id': 'UgykiqzQJDfRczOAeEx4AaABAg', 'snippet': {'videoId': 'uuh1ydDwwrQ', 'textDisplay': 'O meu não comprado pela China<br> Clara demonstração de força retirar o cara durante a reunião. Alguém quebra o sigilo bancário desse cara. Houve expurgo dentro do grupo do opositor. Õ jornazista me responde... cadê o cara?', 'textOriginal': 'O meu não comprado pela China\\n Clara demonstração de força retirar o cara durante a reunião. Alguém quebra o sigilo bancário desse cara. Houve expurgo dentro do grupo do opositor. Õ jornazista me responde... cadê o cara?', 'authorDisplayName': 'Roberto Pereira Jácome', 'authorProfileImageUrl': 'https://yt3.ggpht.com/ytc/AGIKgqOmN-q96TLcQRylxO3ua7ZsUHsUFrYf6vOjmIDGjIE=s48-c-k-c0x00ffffff-no-rj', 'authorChannelUrl': 'http://www.youtube.com/channel/UCSnqblrA_-B745kMKDpd48Q', 'authorChannelId': {'value': 'UCSnqblrA_-B745kMKDpd48Q'}, 'canRate': True, 'viewerRating': 'none', 'likeCount': 0, 'publishedAt': '2022-10-24T12:04:39Z', 'updatedAt': '2022-10-24T12:04:39Z'}}, 'canReply': True, 'totalReplyCount': 0, 'isPublic': True}",,UCSnqblrA_-B745kMKDpd48Q,2022-10-24T12:04:39Z,"O meu não comprado pela China
 Clara demonstração de força retirar o cara durante a reunião. Alguém quebra o sigilo bancário desse cara. Houve expurgo dentro do grupo do opositor. Õ jornazista me responde... cadê o cara?",QURTSl9pM2dVMy1SOHRTUEVuTVY2RThHVDFpN2tSa1I1WHhmZWZwa0FUOHQzeF84eVJvWWZtaDN2TEVBUzU2WGh0Q2I3dFBBVjFWOXJSdw==,2023-06-08 15:04:27.780171
youtube#commentThread,SoSwinlQ6M9OyXqp9aYjtysPC8Q,UgytwVZC0dkRLsuktq54AaABAg,"{'videoId': 'uuh1ydDwwrQ', 'topLevelComment': {'kind': 'youtube#comment', 'etag': 'jeYhQgTCGSRLnJScugRrS3ZqW40', 'id': 'UgytwVZC0dkRLsuktq54AaABAg', 'snippet': {'videoId': 'uuh1ydDwwrQ', 'textDisplay': 'A EXALTAÇÃO e COMENTÁRIOS POSITIVOS DESNECESSÁRIOS do DOUTRINADOR do PCCh são  ESCANCARADOS!', 'textOriginal': 'A EXALTAÇÃO e COMENTÁRIOS POSITIVOS DESNECESSÁRIOS do DOUTRINADOR do PCCh são  ESCANCARADOS!', 'authorDisplayName': 'Maria', 'authorProfileImageUrl': 'https://yt3.ggpht.com/ytc/AGIKgqNsRycjQJuI-AlzuZ_7XfXeCi_4dcM-3W1GdYMkE-LqoC2U27ho0zZZ-7hrir56=s48-c-k-c0x00ffffff-no-rj', 'authorChannelUrl': 'http://www.youtube.com/channel/UCPrqMR3SwjDxm99RKyK8fCw', 'authorChannelId': {'value': 'UCPrqMR3SwjDxm99RKyK8fCw'}, 'canRate': True, 'viewerRating': 'none', 'likeCount': 0, 'publishedAt': '2022-10-24T10:22:35Z', 'updatedAt': '2022-10-24T10:23:53Z'}}, 'canReply': True, 'totalReplyCount': 0, 'isPublic': True}",,UCPrqMR3SwjDxm99RKyK8fCw,2022-10-24T10:22:35Z,A EXALTAÇÃO e COMENTÁRIOS POSITIVOS DESNECESSÁRIOS do DOUTRINADOR do PCCh são  ESCANCARADOS!,QURTSl9pM2dVMy1SOHRTUEVuTVY2RThHVDFpN2tSa1I1WHhmZWZwa0FUOHQzeF84eVJvWWZtaDN2TEVBUzU2WGh0Q2I3dFBBVjFWOXJSdw==,2023-06-08 15:04:27.780171
youtube#commentThread,l9rxowxU5nByR4OYXFVd80dl51Q,UgyAUjh7vy2nMMtBdwd4AaABAg,"{'videoId': 'uuh1ydDwwrQ', 'topLevelComment': {'kind': 'youtube#comment', 'etag': 'hLwoi2XClmaQs6eE4RfJ2R1zlK4', 'id': 'UgyAUjh7vy2nMMtBdwd4AaABAg', 'snippet': {'videoId': 'uuh1ydDwwrQ', 'textDisplay': 'O modus operandi do Partido Comunista Chinês parece CLARO: ELIMINAÇÃO SUMÁRIA dos OPOSITORES e CONCORRENTES!', 'textOriginal': 'O modus operandi do Partido Comunista Chinês parece CLARO: ELIMINAÇÃO SUMÁRIA dos OPOSITORES e CONCORRENTES!', 'authorDisplayName': 'Maria', 'authorProfileImageUrl': 'https://yt3.ggpht.com/ytc/AGIKgqNsRycjQJuI-AlzuZ_7XfXeCi_4dcM-3W1GdYMkE-LqoC2U27ho0zZZ-7hrir56=s48-c-k-c0x00ffffff-no-rj', 'authorChannelUrl': 'http://www.youtube.com/channel/UCPrqMR3SwjDxm99RKyK8fCw', 'authorChannelId': {'value': 'UCPrqMR3SwjDxm99RKyK8fCw'}, 'canRate': True, 'viewerRating': 'none', 'likeCount': 0, 'publishedAt': '2022-10-24T10:17:38Z', 'updatedAt': '2022-10-24T10:17:38Z'}}, 'canReply': True, 'totalReplyCount': 0, 'isPublic': True}",,UCPrqMR3SwjDxm99RKyK8fCw,2022-10-24T10:17:38Z,O modus operandi do Partido Comunista Chinês parece CLARO: ELIMINAÇÃO SUMÁRIA dos OPOSITORES e CONCORRENTES!,QURTSl9pM2dVMy1SOHRTUEVuTVY2RThHVDFpN2tSa1I1WHhmZWZwa0FUOHQzeF84eVJvWWZtaDN2TEVBUzU2WGh0Q2I3dFBBVjFWOXJSdw==,2023-06-08 15:04:27.780171
youtube#commentThread,y-wnFNDq-7PlI450xYAZXb6Hq18,UgxHUlsBTbGBlKc2L3R4AaABAg,"{'videoId': 'uuh1ydDwwrQ', 'topLevelComment': {'kind': 'youtube#comment', 'etag': 'yYGOiIBuIdzQuluypxBazqcptlw', 'id': 'UgxHUlsBTbGBlKc2L3R4AaABAg', 'snippet': {'videoId': 'uuh1ydDwwrQ', 'textDisplay': 'Tá na cara que o antecessor foi retirado..o reporte aí ficou com medo de falar...essa é a verdade...professor de esquerda sempre escorregadio', 'textOriginal': 'Tá na cara que o antecessor foi retirado..o reporte aí ficou com medo de falar...essa é a verdade...professor de esquerda sempre escorregadio', 'authorDisplayName': 'Thiago Moura da Silva', 'authorProfileImageUrl': 'https://yt3.ggpht.com/ytc/AGIKgqOWyK6YBSEizWJPzGozW-K9a0v50mzplnWGGyKTiAuKXq7ynX-L1qkfqzT5HHe8=s48-c-k-c0x00ffffff-no-rj', 'authorChannelUrl': 'http://www.youtube.com/channel/UC-MpPormcDUggy_z41RtHUw', 'authorChannelId': {'value': 'UC-MpPormcDUggy_z41RtHUw'}, 'canRate': True, 'viewerRating': 'none', 'likeCount': 0, 'publishedAt': '2022-10-24T09:37:38Z', 'updatedAt': '2022-10-24T09:37:38Z'}}, 'canReply': True, 'totalReplyCount': 0, 'isPublic': True}",,UC-MpPormcDUggy_z41RtHUw,2022-10-24T09:37:38Z,Tá na cara que o antecessor foi retirado..o reporte aí ficou com medo de falar...essa é a verdade...professor de esquerda sempre escorregadio,QURTSl9pM2dVMy1SOHRTUEVuTVY2RThHVDFpN2tSa1I1WHhmZWZwa0FUOHQzeF84eVJvWWZtaDN2TEVBUzU2WGh0Q2I3dFBBVjFWOXJSdw==,2023-06-08 15:04:27.780171
youtube#commentThread,Bvhj7RJLNgdU-bBmFOVtgAlV6yM,UgxmlVchnXMNz6bNK2J4AaABAg,"{'videoId': 'uuh1ydDwwrQ', 'topLevelComment': {'kind': 'youtube#comment', 'etag': 'HOsL7a9lvd1xXX6jyHArXR_Rl6s', 'id': 'UgxmlVchnXMNz6bNK2J4AaABAg', 'snippet': {'videoId': 'uuh1ydDwwrQ', 'textDisplay': 'Falar falou e não explicou nada...ele foi retirado sim...', 'textOriginal': 'Falar falou e não explicou nada...ele foi retirado sim...', 'authorDisplayName': 'Thiago Moura da Silva', 'authorProfileImageUrl': 'https://yt3.ggpht.com/ytc/AGIKgqOWyK6YBSEizWJPzGozW-K9a0v50mzplnWGGyKTiAuKXq7ynX-L1qkfqzT5HHe8=s48-c-k-c0x00ffffff-no-rj', 'authorChannelUrl': 'http://www.youtube.com/channel/UC-MpPormcDUggy_z41RtHUw', 'authorChannelId': {'value': 'UC-MpPormcDUggy_z41RtHUw'}, 'canRate': True, 'viewerRating': 'none', 'likeCount': 0, 'publishedAt': '2022-10-24T09:36:34Z', 'updatedAt': '2022-10-24T09:36:34Z'}}, 'canReply': True, 'totalReplyCount': 0, 'isPublic': True}",,UC-MpPormcDUggy_z41RtHUw,2022-10-24T09:36:34Z,Falar falou e não explicou nada...ele foi retirado sim...,QURTSl9pM2dVMy1SOHRTUEVuTVY2RThHVDFpN2tSa1I1WHhmZWZwa0FUOHQzeF84eVJvWWZtaDN2TEVBUzU2WGh0Q2I3dFBBVjFWOXJSdw==,2023-06-08 15:04:27.780171
youtube#commentThread,HHUfhzgUM3EamgV-uRyKcSWVZmk,UgzmBS0TR1pFjiZmgO94AaABAg,"{'videoId': 'uuh1ydDwwrQ', 'topLevelComment': {'kind': 'youtube#comment', 'etag': 'PDiAiHT2rlUnGjR1G3EGwI1K5T0', 'id': 'UgzmBS0TR1pFjiZmgO94AaABAg', 'snippet': {'videoId': 'uuh1ydDwwrQ', 'textDisplay': 'Descanse em paz', 'textOriginal': 'Descanse em paz', 'authorDisplayName': 'LUCAS MOZART', 'authorProfileImageUrl': 'https://yt3.ggpht.com/ytc/AGIKgqNiTDXInf5FibykZJbAi00jY4EUUnEdYDPgrsOkqhc=s48-c-k-c0x00ffffff-no-rj', 'authorChannelUrl': 'http://www.youtube.com/channel/UCsz_LfApO9TU-f30V15ZV6w', 'authorChannelId': {'value': 'UCsz_LfApO9TU-f30V15ZV6w'}, 'canRate': True, 'viewerRating': 'none', 'likeCount': 2, 'publishedAt': '2022-10-24T09:09:08Z', 'updatedAt': '2022-10-24T09:09:08Z'}}, 'canReply': True, 'totalReplyCount': 0, 'isPublic': True}",,UCsz_LfApO9TU-f30V15ZV6w,2022-10-24T09:09:08Z,Descanse em paz,QURTSl9pM2dVMy1SOHRTUEVuTVY2RThHVDFpN2tSa1I1WHhmZWZwa0FUOHQzeF84eVJvWWZtaDN2TEVBUzU2WGh0Q2I3dFBBVjFWOXJSdw==,2023-06-08 15:04:27.780171
youtube#commentThread,wAKHz-Wxw0HJLke9JEcOfbYHu70,Ugx-H42Aga4Z0Fbckn14AaABAg,"{'videoId': 'uuh1ydDwwrQ', 'topLevelComment': {'kind': 'youtube#comment', 'etag': 'MWJZHxjcnP5Fq7gmM8Rgfr5Z01Q', 'id': 'Ugx-H42Aga4Z0Fbckn14AaABAg', 'snippet': {'videoId': 'uuh1ydDwwrQ', 'textDisplay': '🤣🤣🤣🥶🥶🥶🤬😡', 'textOriginal': '🤣🤣🤣🥶🥶🥶🤬😡', 'authorDisplayName': 'Maria Esterlita Silva', 'authorProfileImageUrl': 'https://yt3.ggpht.com/ytc/AGIKgqPk2d4Ll3U7HZGnJPzTH1R26AN5mEmS6EieCV82=s48-c-k-c0x00ffffff-no-rj', 'authorChannelUrl': 'http://www.youtube.com/channel/UCEyDWT37pltsopulZEjygMQ', 'authorChannelId': {'value': 'UCEyDWT37pltsopulZEjygMQ'}, 'canRate': True, 'viewerRating': 'none', 'likeCount': 0, 'publishedAt': '2022-10-24T02:58:00Z', 'updatedAt': '2022-10-24T02:58:00Z'}}, 'canReply': True, 'totalReplyCount': 0, 'isPublic': True}",,UCEyDWT37pltsopulZEjygMQ,2022-10-24T02:58:00Z,🤣🤣🤣🥶🥶🥶🤬😡,QURTSl9pM2dVMy1SOHRTUEVuTVY2RThHVDFpN2tSa1I1WHhmZWZwa0FUOHQzeF84eVJvWWZtaDN2TEVBUzU2WGh0Q2I3dFBBVjFWOXJSdw==,2023-06-08 15:04:27.780171
youtube#commentThread,xgsUAKQr_BbyqRCK8XeeC4kU19w,UgxA6h25ck_BVKCxLSF4AaABAg,"{'videoId': 'uuh1ydDwwrQ', 'topLevelComment': {'kind': 'youtube#comment', 'etag': 'COT1NbWzSc76QWGfGoqZrW-2UZI', 'id': 'UgxA6h25ck_BVKCxLSF4AaABAg', 'snippet': {'videoId': 'uuh1ydDwwrQ', 'textDisplay': 'Boa Noite 🌸', 'textOriginal': 'Boa Noite 🌸', 'authorDisplayName': 'Valina santos', 'authorProfileImageUrl': 'https://yt3.ggpht.com/GGvCMZpNIEmSdqTTal_uczi5vfKiN3T-vAtleTeYEtVE_AolH-bSpcvBm0vMxeOJDyupt_bz=s48-c-k-c0x00ffffff-no-rj', 'authorChannelUrl': 'http://www.youtube.com/channel/UCk_1eYRViYq1D0mHl8m8zZg', 'authorChannelId': {'value': 'UCk_1eYRViYq1D0mHl8m8zZg'}, 'canRate': True, 'viewerRating': 'none', 'likeCount': 0, 'publishedAt': '2022-10-24T02:34:43Z', 'updatedAt': '2022-10-24T02:34:43Z'}}, 'canReply': True, 'totalReplyCount': 0, 'isPublic': True}",,UCk_1eYRViYq1D0mHl8m8zZg,2022-10-24T02:34:43Z,Boa Noite 🌸,QURTSl9pM2dVMy1SOHRTUEVuTVY2RThHVDFpN2tSa1I1WHhmZWZwa0FUOHQzeF84eVJvWWZtaDN2TEVBUzU2WGh0Q2I3dFBBVjFWOXJSdw==,2023-06-08 15:04:27.780171
youtube#commentThread,xL33JkQevQ0mMIxrhsdeCyZW3Zs,UgwUSFPSVS4IZrP5bIV4AaABAg,"{'videoId': 'uuh1ydDwwrQ', 'topLevelComment': {'kind': 'youtube#comment', 'etag': 'm0K7lc-3Oq9T76mdJOlFlPpS2Zk', 'id': 'UgwUSFPSVS4IZrP5bIV4AaABAg', 'snippet': {'videoId': 'uuh1ydDwwrQ', 'textDisplay': 'E dai que o velhote foi humilhado e expulso do salaozinho horroroso esse ?<br>O que isso tem de importante pra vc ?<br>Resposta NADAAAAAAAAAAAAAA<br>Kkkkkkkkkkkkkkkkkkk', 'textOriginal': 'E dai que o velhote foi humilhado e expulso do salaozinho horroroso esse ?\\nO que isso tem de importante pra vc ?\\nResposta NADAAAAAAAAAAAAAA\\nKkkkkkkkkkkkkkkkkkk', 'authorDisplayName': 'Wikli', 'authorProfileImageUrl': 'https://yt3.ggpht.com/ytc/AGIKgqM56wYM_q54VmME9J3F8elQGky6Ta58l_TD6Yxr4hI=s48-c-k-c0x00ffffff-no-rj', 'authorChannelUrl': 'http://www.youtube.com/channel/UCEJAjf6RZrpvD24VTzVfVrQ', 'authorChannelId': {'value': 'UCEJAjf6RZrpvD24VTzVfVrQ'}, 'canRate': True, 'viewerRating': 'none', 'likeCount': 0, 'publishedAt': '2022-10-24T02:28:45Z', 'updatedAt': '2022-10-24T02:30:16Z'}}, 'canReply': True, 'totalReplyCount': 0, 'isPublic': True}",,UCEJAjf6RZrpvD24VTzVfVrQ,2022-10-24T02:28:45Z,"E dai que o velhote foi humilhado e expulso do salaozinho horroroso esse ?
O que isso tem de importante pra vc ?
Resposta NADAAAAAAAAAAAAAA
Kkkkkkkkkkkkkkkkkkk",QURTSl9pM2dVMy1SOHRTUEVuTVY2RThHVDFpN2tSa1I1WHhmZWZwa0FUOHQzeF84eVJvWWZtaDN2TEVBUzU2WGh0Q2I3dFBBVjFWOXJSdw==,2023-06-08 15:04:27.780171
youtube#commentThread,9eJ8HgzRrJ9YL-8myLzLDyT28Xg,UgznCocPubD-MdsWFSh4AaABAg,"{'videoId': 'uuh1ydDwwrQ', 'topLevelComment': {'kind': 'youtube#comment', 'etag': 'NmibP8YUhFQlyxw8zUMe35-GmF0', 'id': 'UgznCocPubD-MdsWFSh4AaABAg', 'snippet': {'videoId': 'uuh1ydDwwrQ', 'textDisplay': 'Conversa fiada....', 'textOriginal': 'Conversa fiada....', 'authorDisplayName': 'Cyro Madeu', 'authorProfileImageUrl': 'https://yt3.ggpht.com/ytc/AGIKgqP0ny51-KgTQ1z03daJBAj_gKeNr3oTPrLXZxY7lA=s48-c-k-c0x00ffffff-no-rj', 'authorChannelUrl': 'http://www.youtube.com/channel/UCIJruhughcvi0pz8Pm2QGzw', 'authorChannelId': {'value': 'UCIJruhughcvi0pz8Pm2QGzw'}, 'canRate': True, 'viewerRating': 'none', 'likeCount': 0, 'publishedAt': '2022-10-24T02:22:21Z', 'updatedAt': '2022-10-24T02:22:21Z'}}, 'canReply': True, 'totalReplyCount': 0, 'isPublic': True}",,UCIJruhughcvi0pz8Pm2QGzw,2022-10-24T02:22:21Z,Conversa fiada....,QURTSl9pM2dVMy1SOHRTUEVuTVY2RThHVDFpN2tSa1I1WHhmZWZwa0FUOHQzeF84eVJvWWZtaDN2TEVBUzU2WGh0Q2I3dFBBVjFWOXJSdw==,2023-06-08 15:04:27.780171
youtube#commentThread,ZXS027G3X1LY63LKKY21_XRdxas,UgzAMLSMFt_6mhS2M3J4AaABAg,"{'videoId': 'uuh1ydDwwrQ', 'topLevelComment': {'kind': 'youtube#comment', 'etag': 'ZD95bqaSZZ8bZU4Xzjrl9Glmt3U', 'id': 'UgzAMLSMFt_6mhS2M3J4AaABAg', 'snippet': {'videoId': 'uuh1ydDwwrQ', 'textDisplay': 'Professor arrumando desculpinhas é o máximo de análise que ele poderá dizer.', 'textOriginal': 'Professor arrumando desculpinhas é o máximo de análise que ele poderá dizer.', 'authorDisplayName': 'Mylena Pinto', 'authorProfileImageUrl': 'https://yt3.ggpht.com/ytc/AGIKgqP36n7Wz4ajTfAqYnoLNCjSR9APCBAOCzxw87B2Aw=s48-c-k-c0x00ffffff-no-rj', 'authorChannelUrl': 'http://www.youtube.com/channel/UCciTqd8uLN9_JYhj4IVTFJQ', 'authorChannelId': {'value': 'UCciTqd8uLN9_JYhj4IVTFJQ'}, 'canRate': True, 'viewerRating': 'none', 'likeCount': 37, 'publishedAt': '2022-10-24T02:18:39Z', 'updatedAt': '2022-10-24T02:18:39Z'}}, 'canReply': True, 'totalReplyCount': 1, 'isPublic': True}","{'comments': [{'kind': 'youtube#comment', 'etag': 'fVrr0Cn35DqSZcuXofq9MB6cD6Y', 'id': 'UgzAMLSMFt_6mhS2M3J4AaABAg.9hYaDifnL3Y9hdwMbzWhJe', 'snippet': {'videoId': 'uuh1ydDwwrQ', 'textDisplay': 'É um comunista mesmo.', 'textOriginal': 'É um comunista mesmo.', 'parentId': 'UgzAMLSMFt_6mhS2M3J4AaABAg', 'authorDisplayName': 'Claudio Yonamine', 'authorProfileImageUrl': 'https://yt3.ggpht.com/ytc/AGIKgqNIRr68kn-BFWVEPZeusiUq1lVDNZX55hIYdw=s48-c-k-c0x00ffffff-no-rj', 'authorChannelUrl': 'http://www.youtube.com/channel/UC14X44qi_sA2gua4owNbtyg', 'authorChannelId': {'value': 'UC14X44qi_sA2gua4owNbtyg'}, 'canRate': True, 'viewerRating': 'none', 'likeCount': 1, 'publishedAt': '2022-10-26T13:27:33Z', 'updatedAt': '2022-10-26T13:27:33Z'}}]}",UCciTqd8uLN9_JYhj4IVTFJQ,2022-10-24T02:18:39Z,Professor arrumando desculpinhas é o máximo de análise que ele poderá dizer.,QURTSl9pM2dVMy1SOHRTUEVuTVY2RThHVDFpN2tSa1I1WHhmZWZwa0FUOHQzeF84eVJvWWZtaDN2TEVBUzU2WGh0Q2I3dFBBVjFWOXJSdw==,2023-06-08 15:04:27.780171
youtube#commentThread,aT6iomFgXrppQVROLZZrDo1RLc0,UgxslLGELxND73oUmsJ4AaABAg,"{'videoId': 'uuh1ydDwwrQ', 'topLevelComment': {'kind': 'youtube#comment', 'etag': '7LmN5OosxJ_3XTMDbMQWG8Qr8Z0', 'id': 'UgxslLGELxND73oUmsJ4AaABAg', 'snippet': {'videoId': 'uuh1ydDwwrQ', 'textDisplay': 'Foi Cabeça de Ovo quem mandou. 😂', 'textOriginal': 'Foi Cabeça de Ovo quem mandou. 😂', 'authorDisplayName': 'Mylena Pinto', 'authorProfileImageUrl': 'https://yt3.ggpht.com/ytc/AGIKgqP36n7Wz4ajTfAqYnoLNCjSR9APCBAOCzxw87B2Aw=s48-c-k-c0x00ffffff-no-rj', 'authorChannelUrl': 'http://www.youtube.com/channel/UCciTqd8uLN9_JYhj4IVTFJQ', 'authorChannelId': {'value': 'UCciTqd8uLN9_JYhj4IVTFJQ'}, 'canRate': True, 'viewerRating': 'none', 'likeCount': 0, 'publishedAt': '2022-10-24T02:16:40Z', 'updatedAt': '2022-10-24T02:16:40Z'}}, 'canReply': True, 'totalReplyCount': 0, 'isPublic': True}",,UCciTqd8uLN9_JYhj4IVTFJQ,2022-10-24T02:16:40Z,Foi Cabeça de Ovo quem mandou. 😂,QURTSl9pM2dVMy1SOHRTUEVuTVY2RThHVDFpN2tSa1I1WHhmZWZwa0FUOHQzeF84eVJvWWZtaDN2TEVBUzU2WGh0Q2I3dFBBVjFWOXJSdw==,2023-06-08 15:04:27.780171
youtube#commentThread,VMw_EP59Hm8ymDrciiUdrSRMY2s,Ugx07JsALYVo0yYaoOh4AaABAg,"{'videoId': 'uuh1ydDwwrQ', 'topLevelComment': {'kind': 'youtube#comment', 'etag': 'DPbPRKxLppZKveN7V1NTxnxRc2E', 'id': 'Ugx07JsALYVo0yYaoOh4AaABAg', 'snippet': {'videoId': 'uuh1ydDwwrQ', 'textDisplay': 'Líderes chineses não devem satisfação ao ocidente! <br>Até porque, qual o bom exemplo pode dar!?', 'textOriginal': 'Líderes chineses não devem satisfação ao ocidente! \\nAté porque, qual o bom exemplo pode dar!?', 'authorDisplayName': 'Ernane Pereira', 'authorProfileImageUrl': 'https://yt3.ggpht.com/wiY67KskLJu8JELxG-9FO9_2AYXpL66-9QsELonWHaJGL5qkn2eOZ24ESd0lAnE-8rx8Rd21xA=s48-c-k-c0x00ffffff-no-rj', 'authorChannelUrl': 'http://www.youtube.com/channel/UCaPQ8oNlSEEKeL8Z1ZH7_ig', 'authorChannelId': {'value': 'UCaPQ8oNlSEEKeL8Z1ZH7_ig'}, 'canRate': True, 'viewerRating': 'none', 'likeCount': 0, 'publishedAt': '2022-10-24T02:09:41Z', 'updatedAt': '2022-10-24T02:09:41Z'}}, 'canReply': True, 'totalReplyCount': 0, 'isPublic': True}",,UCaPQ8oNlSEEKeL8Z1ZH7_ig,2022-10-24T02:09:41Z,"Líderes chineses não devem satisfação ao ocidente! 
Até porque, qual o bom exemplo pode dar!?",QURTSl9pM2dVMy1SOHRTUEVuTVY2RThHVDFpN2tSa1I1WHhmZWZwa0FUOHQzeF84eVJvWWZtaDN2TEVBUzU2WGh0Q2I3dFBBVjFWOXJSdw==,2023-06-08 15:04:27.780171
youtube#commentThread,Ub3bSft5lf8hPC1zAx--zGXjAHg,UgyWRlrBLo43X0poAvh4AaABAg,"{'videoId': 'uuh1ydDwwrQ', 'topLevelComment': {'kind': 'youtube#comment', 'etag': 'M1PJDCOJ6Nb5dzIXWhQKM_EVQZE', 'id': 'UgyWRlrBLo43X0poAvh4AaABAg', 'snippet': {'videoId': 'uuh1ydDwwrQ', 'textDisplay': 'Aguardem daqui alguns dias......China🇨🇳', 'textOriginal': 'Aguardem daqui alguns dias......China🇨🇳', 'authorDisplayName': 'Sons of Abraham', 'authorProfileImageUrl': 'https://yt3.ggpht.com/Lkzc68adfgSki247a83fvGAhRoDPzfUOyGpQrdolyWRWEJ6qnrKXLNDB1heJd9BI2aGxfzD4jQ=s48-c-k-c0x00ffffff-no-rj', 'authorChannelUrl': 'http://www.youtube.com/channel/UCpAl4l6cqsn2VFConNbMIyQ', 'authorChannelId': {'value': 'UCpAl4l6cqsn2VFConNbMIyQ'}, 'canRate': True, 'viewerRating': 'none', 'likeCount': 0, 'publishedAt': '2022-10-24T02:08:00Z', 'updatedAt': '2022-10-24T02:08:00Z'}}, 'canReply': True, 'totalReplyCount': 0, 'isPublic': True}",,UCpAl4l6cqsn2VFConNbMIyQ,2022-10-24T02:08:00Z,Aguardem daqui alguns dias......China🇨🇳,QURTSl9pM2dVMy1SOHRTUEVuTVY2RThHVDFpN2tSa1I1WHhmZWZwa0FUOHQzeF84eVJvWWZtaDN2TEVBUzU2WGh0Q2I3dFBBVjFWOXJSdw==,2023-06-08 15:04:27.780171
youtube#commentThread,V6YJPgRtQ9S_UkMyLDHfToHBIDs,UgxIrW-xhe9oQCFlzBl4AaABAg,"{'videoId': 'uuh1ydDwwrQ', 'topLevelComment': {'kind': 'youtube#comment', 'etag': 'L9oHouAHravo19nPfeSkIuDHHO0', 'id': 'UgxIrW-xhe9oQCFlzBl4AaABAg', 'snippet': {'videoId': 'uuh1ydDwwrQ', 'textDisplay': 'Esse professor falando assim com tanto orgulho desse regime comunista deveria ir morar lá na China.😁', 'textOriginal': 'Esse professor falando assim com tanto orgulho desse regime comunista deveria ir morar lá na China.😁', 'authorDisplayName': 'Mensageiro ', 'authorProfileImageUrl': 'https://yt3.ggpht.com/ep2Y-IyEyiV0ozZaW54xj3KhofImwFBMVXf3uscwUQR0d98ebqUDMu6EmQKeZibn6OQgLxnjJQ=s48-c-k-c0x00ffffff-no-rj', 'authorChannelUrl': 'http://www.youtube.com/channel/UCeXUW8gtpw4fuySy7E1OTvA', 'authorChannelId': {'value': 'UCeXUW8gtpw4fuySy7E1OTvA'}, 'canRate': True, 'viewerRating': 'none', 'likeCount': 0, 'publishedAt': '2022-10-24T01:47:25Z', 'updatedAt': '2022-10-24T01:47:25Z'}}, 'canReply': True, 'totalReplyCount': 0, 'isPublic': True}",,UCeXUW8gtpw4fuySy7E1OTvA,2022-10-24T01:47:25Z,Esse professor falando assim com tanto orgulho desse regime comunista deveria ir morar lá na China.😁,QURTSl9pM2dVMy1SOHRTUEVuTVY2RThHVDFpN2tSa1I1WHhmZWZwa0FUOHQzeF84eVJvWWZtaDN2TEVBUzU2WGh0Q2I3dFBBVjFWOXJSdw==,2023-06-08 15:04:27.780171
youtube#commentThread,YCBLnCt8y_r71YUdeKumDDJMNK0,Ugxc9vqQ14CsLPKB0fZ4AaABAg,"{'videoId': 'uuh1ydDwwrQ', 'topLevelComment': {'kind': 'youtube#comment', 'etag': 'CqWzZOtSb9njcAWkYP_JbiMu-hc', 'id': 'Ugxc9vqQ14CsLPKB0fZ4AaABAg', 'snippet': {'videoId': 'uuh1ydDwwrQ', 'textDisplay': 'Não entendi pq todos ali da dianteira não usam máscara e o restante atrás usam....', 'textOriginal': 'Não entendi pq todos ali da dianteira não usam máscara e o restante atrás usam....', 'authorDisplayName': 'Diogo Armelin', 'authorProfileImageUrl': 'https://yt3.ggpht.com/ytc/AGIKgqNZLuG74nC36aI94zfNVeZsGjh9a_xUWvPVoxCEHg=s48-c-k-c0x00ffffff-no-rj', 'authorChannelUrl': 'http://www.youtube.com/channel/UCBkDv5pNWZnpNjs26E84rdw', 'authorChannelId': {'value': 'UCBkDv5pNWZnpNjs26E84rdw'}, 'canRate': True, 'viewerRating': 'none', 'likeCount': 0, 'publishedAt': '2022-10-24T01:45:36Z', 'updatedAt': '2022-10-24T01:45:36Z'}}, 'canReply': True, 'totalReplyCount': 0, 'isPublic': True}",,UCBkDv5pNWZnpNjs26E84rdw,2022-10-24T01:45:36Z,Não entendi pq todos ali da dianteira não usam máscara e o restante atrás usam....,QURTSl9pM2dVMy1SOHRTUEVuTVY2RThHVDFpN2tSa1I1WHhmZWZwa0FUOHQzeF84eVJvWWZtaDN2TEVBUzU2WGh0Q2I3dFBBVjFWOXJSdw==,2023-06-08 15:04:27.780171
youtube#commentThread,TllYKKOsLOVyDbEf8zVSngV4_q8,UgyF7rDBWWsRARrQbyB4AaABAg,"{'videoId': 'uuh1ydDwwrQ', 'topLevelComment': {'kind': 'youtube#comment', 'etag': 'bEPedQrt8HrWhpcRea53rXRRfw8', 'id': 'UgyF7rDBWWsRARrQbyB4AaABAg', 'snippet': {'videoId': 'uuh1ydDwwrQ', 'textDisplay': 'Estão  copiando da China??', 'textOriginal': 'Estão  copiando da China??', 'authorDisplayName': 'Clau Medeiros', 'authorProfileImageUrl': 'https://yt3.ggpht.com/ytc/AGIKgqP9V-zUOxBOHUHys6rr40E6TNWedUA9Koeu8w=s48-c-k-c0x00ffffff-no-rj', 'authorChannelUrl': 'http://www.youtube.com/channel/UChPSC7PKBVG6qafQ1MWlTsQ', 'authorChannelId': {'value': 'UChPSC7PKBVG6qafQ1MWlTsQ'}, 'canRate': True, 'viewerRating': 'none', 'likeCount': 0, 'publishedAt': '2022-10-24T01:23:42Z', 'updatedAt': '2022-10-24T01:23:42Z'}}, 'canReply': True, 'totalReplyCount': 0, 'isPublic': True}",,UChPSC7PKBVG6qafQ1MWlTsQ,2022-10-24T01:23:42Z,Estão  copiando da China??,QURTSl9pM2dVMy1SOHRTUEVuTVY2RThHVDFpN2tSa1I1WHhmZWZwa0FUOHQzeF84eVJvWWZtaDN2TEVBUzU2WGh0Q2I3dFBBVjFWOXJSdw==,2023-06-08 15:04:27.780171
youtube#commentThread,iV5_uq2d8rNSew_4H8qdH2vB_DY,Ugze6Mi0XjBQsyhOyPx4AaABAg,"{'videoId': 'uuh1ydDwwrQ', 'topLevelComment': {'kind': 'youtube#comment', 'etag': 'gQkTfMNSNJmabZ5L_-Z33qWxmnU', 'id': 'Ugze6Mi0XjBQsyhOyPx4AaABAg', 'snippet': {'videoId': 'uuh1ydDwwrQ', 'textDisplay': 'Eu vi o convite  na pegada do braço dele.', 'textOriginal': 'Eu vi o convite  na pegada do braço dele.', 'authorDisplayName': 'Tilamar', 'authorProfileImageUrl': 'https://yt3.ggpht.com/ytc/AGIKgqNhczI-hErFYx9ZzNRxTX0WWNffikJhTcZnyEvsTQ=s48-c-k-c0x00ffffff-no-rj', 'authorChannelUrl': 'http://www.youtube.com/channel/UCigzQ2Ug7iaXa9gxVESbZyA', 'authorChannelId': {'value': 'UCigzQ2Ug7iaXa9gxVESbZyA'}, 'canRate': True, 'viewerRating': 'none', 'likeCount': 0, 'publishedAt': '2022-10-24T01:19:29Z', 'updatedAt': '2022-10-24T01:19:29Z'}}, 'canReply': True, 'totalReplyCount': 0, 'isPublic': True}",,UCigzQ2Ug7iaXa9gxVESbZyA,2022-10-24T01:19:29Z,Eu vi o convite  na pegada do braço dele.,QURTSl9pM2dVMy1SOHRTUEVuTVY2RThHVDFpN2tSa1I1WHhmZWZwa0FUOHQzeF84eVJvWWZtaDN2TEVBUzU2WGh0Q2I3dFBBVjFWOXJSdw==,2023-06-08 15:04:27.780171
youtube#commentThread,RPdRb_J43fIr3xJlEl7a5wUrkdo,Ugz3NgycKeSvPU1w6q14AaABAg,"{'videoId': 'uuh1ydDwwrQ', 'topLevelComment': {'kind': 'youtube#comment', 'etag': 'jZYvhjZAIf0G-sFK3uNk3IAV-h8', 'id': 'Ugz3NgycKeSvPU1w6q14AaABAg', 'snippet': {'videoId': 'uuh1ydDwwrQ', 'textDisplay': 'Os repórteres são  uns cag*es,então  é  melhor mostrar as imagens e calar a boca !!!', 'textOriginal': 'Os repórteres são  uns cag*es,então  é  melhor mostrar as imagens e calar a boca !!!', 'authorDisplayName': 'clesio anselmo franco abdalla', 'authorProfileImageUrl': 'https://yt3.ggpht.com/ytc/AGIKgqM9uJH2koR6WB12YPwe2z8uRHAzVYXGsbItaI2x=s48-c-k-c0x00ffffff-no-rj', 'authorChannelUrl': 'http://www.youtube.com/channel/UC0Sz5lRCCUBOWo8RCO8CbQg', 'authorChannelId': {'value': 'UC0Sz5lRCCUBOWo8RCO8CbQg'}, 'canRate': True, 'viewerRating': 'none', 'likeCount': 1, 'publishedAt': '2022-10-24T00:49:54Z', 'updatedAt': '2022-10-24T00:49:54Z'}}, 'canReply': True, 'totalReplyCount': 0, 'isPublic': True}",,UC0Sz5lRCCUBOWo8RCO8CbQg,2022-10-24T00:49:54Z,"Os repórteres são  uns cag*es,então  é  melhor mostrar as imagens e calar a boca !!!",QURTSl9pM2dVMy1SOHRTUEVuTVY2RThHVDFpN2tSa1I1WHhmZWZwa0FUOHQzeF84eVJvWWZtaDN2TEVBUzU2WGh0Q2I3dFBBVjFWOXJSdw==,2023-06-08 15:04:27.780171
youtube#commentThread,XDa4xMTQ99TsOQkrTDR6V-A1Ht4,UgzCck_oCuEfyyGmGqN4AaABAg,"{'videoId': 'uuh1ydDwwrQ', 'topLevelComment': {'kind': 'youtube#comment', 'etag': 'Y4Sxj1x89QYFuNlEEK2BkSmeAVs', 'id': 'UgzCck_oCuEfyyGmGqN4AaABAg', 'snippet': {'videoId': 'uuh1ydDwwrQ', 'textDisplay': '-Venha comigo, o senhor precisa de auxílio médico.<br>-Mas eu estou muito bem de saúde.<br>-Os médicos do partido diagnosticaram que a partir de hoje sua saúde estará bastante comprometida.', 'textOriginal': '-Venha comigo, o senhor precisa de auxílio médico.\\n-Mas eu estou muito bem de saúde.\\n-Os médicos do partido diagnosticaram que a partir de hoje sua saúde estará bastante comprometida.', 'authorDisplayName': 'PascoaI Andreta', 'authorProfileImageUrl': 'https://yt3.ggpht.com/ytc/AGIKgqNv1sUbYyKjGVR6qg1BrmeAYZQyUwcVbY7Jdw=s48-c-k-c0x00ffffff-no-rj', 'authorChannelUrl': 'http://www.youtube.com/channel/UCbQQemwMhaYUZYb7jnGxVoA', 'authorChannelId': {'value': 'UCbQQemwMhaYUZYb7jnGxVoA'}, 'canRate': True, 'viewerRating': 'none', 'likeCount': 67, 'publishedAt': '2022-10-24T00:41:06Z', 'updatedAt': '2022-10-24T00:41:06Z'}}, 'canReply': True, 'totalReplyCount': 3, 'isPublic': True}","{'comments': [{'kind': 'youtube#comment', 'etag': 'RVHiQ-wbQIvwLGiTrF0m7gg9e-s', 'id': 'UgzCck_oCuEfyyGmGqN4AaABAg.9hYQ3BHMB_99htuIf9qO_s', 'snippet': {'videoId': 'uuh1ydDwwrQ', 'textDisplay': 'Kkkkkkkkkk', 'textOriginal': 'Kkkkkkkkkk', 'parentId': 'UgzCck_oCuEfyyGmGqN4AaABAg', 'authorDisplayName': 'Iphonemaster sp', 'authorProfileImageUrl': 'https://yt3.ggpht.com/ytc/AGIKgqNR8rzvxQJ5Q0d2oUkzHtcbzICxmf-fgPP6dhJqpp4=s48-c-k-c0x00ffffff-no-rj', 'authorChannelUrl': 'http://www.youtube.com/channel/UCZoEsAzWN4dRtJ81mn_TC1w', 'authorChannelId': {'value': 'UCZoEsAzWN4dRtJ81mn_TC1w'}, 'canRate': True, 'viewerRating': 'none', 'likeCount': 0, 'publishedAt': '2022-11-01T18:17:23Z', 'updatedAt': '2022-11-01T18:17:23Z'}}, {'kind': 'youtube#comment', 'etag': 'RS1vsQjHVC71zKq_bFpGhHqZzuY', 'id': 'UgzCck_oCuEfyyGmGqN4AaABAg.9hYQ3BHMB_99hs_e46PyGB', 'snippet': {'videoId': 'uuh1ydDwwrQ', 'textDisplay': '@mau lwong fang como? 😮🤔', 'textOriginal': '@mau lwong fang como? 😮🤔', 'parentId': 'UgzCck_oCuEfyyGmGqN4AaABAg', 'authorDisplayName': 'c a t h e a d', 'authorProfileImageUrl': 'https://yt3.ggpht.com/js-kOApp7IlI1jXDsIwj-IPrSBC0j8rCUXW6gFGys6Rq8P4HsK36nRMhkDdFsRnb-1m1pZNXyQ=s48-c-k-c0x00ffffff-no-rj', 'authorChannelUrl': 'http://www.youtube.com/channel/UC-AhxQX4wEr6cuoXsAKxhEQ', 'authorChannelId': {'value': 'UC-AhxQX4wEr6cuoXsAKxhEQ'}, 'canRate': True, 'viewerRating': 'none', 'likeCount': 0, 'publishedAt': '2022-11-01T05:57:42Z', 'updatedAt': '2022-11-01T05:57:42Z'}}, {'kind': 'youtube#comment', 'etag': 'kdqMd5kthICbN1ztaYkm9bX5lzg', 'id': 'UgzCck_oCuEfyyGmGqN4AaABAg.9hYQ3BHMB_99himaX9I1ko', 'snippet': {'videoId': 'uuh1ydDwwrQ', 'textDisplay': 'Hu jin tão: Fala sobre os ovnis...<br>Homens de preto chineses.....<br>Xi jin pin: Quem são vocês??.....<br><br>Kkkkkkk', 'textOriginal': 'Hu jin tão: Fala sobre os ovnis...\\nHomens de preto chineses.....\\nXi jin pin: Quem são vocês??.....\\n\\nKkkkkkk', 'parentId': 'UgzCck_oCuEfyyGmGqN4AaABAg', 'authorDisplayName': 'mau lwong fang', 'authorProfileImageUrl': 'https://yt3.ggpht.com/ytc/AGIKgqMu8CyYWJvOOgxfzJDq5hmthqtOW2w5MiLpiA=s48-c-k-c0x00ffffff-no-rj', 'authorChannelUrl': 'http://www.youtube.com/channel/UCw02fRP7KSiePA2ivJ2Hw2Q', 'authorChannelId': {'value': 'UCw02fRP7KSiePA2ivJ2Hw2Q'}, 'canRate': True, 'viewerRating': 'none', 'likeCount': 3, 'publishedAt': '2022-10-28T10:38:24Z', 'updatedAt': '2022-10-28T10:38:24Z'}}]}",UCbQQemwMhaYUZYb7jnGxVoA,2022-10-24T00:41:06Z,"-Venha comigo, o senhor precisa de auxílio médico.
-Mas eu estou muito bem de saúde.
-Os médicos do partido diagnosticaram que a partir de hoje sua saúde estará bastante comprometida.",QURTSl9pM2dVMy1SOHRTUEVuTVY2RThHVDFpN2tSa1I1WHhmZWZwa0FUOHQzeF84eVJvWWZtaDN2TEVBUzU2WGh0Q2I3dFBBVjFWOXJSdw==,2023-06-08 15:04:27.780171
youtube#commentThread,c6yI2AFWGebL7nuGmqos5gUnO00,Ugy9TLeOAObg9cdm8NB4AaABAg,"{'videoId': 'uuh1ydDwwrQ', 'topLevelComment': {'kind': 'youtube#comment', 'etag': '8OiCHUDQbV7U2wAJ2Df2MXrvsq4', 'id': 'Ugy9TLeOAObg9cdm8NB4AaABAg', 'snippet': {'videoId': 'uuh1ydDwwrQ', 'textDisplay': 'O professor está com uma mente pequena, em que procura justificar com uma filosofia fraca, a Escócia vez referendo para saber se alcançaria independência, e o país basco por sua vez não alcançou soberania por que as leis espanholas precisam que o governo central de Madrid assim o aceite. Mas não há ameaças contra nenhuma vida nesses países citados por mim', 'textOriginal': 'O professor está com uma mente pequena, em que procura justificar com uma filosofia fraca, a Escócia vez referendo para saber se alcançaria independência, e o país basco por sua vez não alcançou soberania por que as leis espanholas precisam que o governo central de Madrid assim o aceite. Mas não há ameaças contra nenhuma vida nesses países citados por mim', 'authorDisplayName': 'Gideão de Souza Schimidt', 'authorProfileImageUrl': 'https://yt3.ggpht.com/BN3oi528BvBMdV38Pfp3a0L7dpIlPme1pM3dTTtjckwrgjLgYuxq2DoONL46d6VX2XHAcEcaBg=s48-c-k-c0x00ffffff-no-rj', 'authorChannelUrl': 'http://www.youtube.com/channel/UCAVHPQc5wcXvo4kJZ1BONCQ', 'authorChannelId': {'value': 'UCAVHPQc5wcXvo4kJZ1BONCQ'}, 'canRate': True, 'viewerRating': 'none', 'likeCount': 1, 'publishedAt': '2022-10-24T00:34:53Z', 'updatedAt': '2022-10-24T00:34:53Z'}}, 'canReply': True, 'totalReplyCount': 0, 'isPublic': True}",,UCAVHPQc5wcXvo4kJZ1BONCQ,2022-10-24T00:34:53Z,"O professor está com uma mente pequena, em que procura justificar com uma filosofia fraca, a Escócia vez referendo para saber se alcançaria independência, e o país basco por sua vez não alcançou soberania por que as leis espanholas precisam que o governo central de Madrid assim o aceite. Mas não há ameaças contra nenhuma vida nesses países citados por mim",QURTSl9pM2dVMy1SOHRTUEVuTVY2RThHVDFpN2tSa1I1WHhmZWZwa0FUOHQzeF84eVJvWWZtaDN2TEVBUzU2WGh0Q2I3dFBBVjFWOXJSdw==,2023-06-08 15:04:27.780171
youtube#commentThread,f99qEGDQeoYZhv4oqNPD9UCt7kc,UgyDZsRLgbVNuTTXUnx4AaABAg,"{'videoId': 'uuh1ydDwwrQ', 'topLevelComment': {'kind': 'youtube#comment', 'etag': '1ntqFH85rxC0hgtLw5y2K_44tkE', 'id': 'UgyDZsRLgbVNuTTXUnx4AaABAg', 'snippet': {'videoId': 'uuh1ydDwwrQ', 'textDisplay': 'Nossa, expurgos numa ditadura?! Estou perplexo: nunca imaginei que isso existisse!!!<br>🙄🙄🙄🙄', 'textOriginal': 'Nossa, expurgos numa ditadura?! Estou perplexo: nunca imaginei que isso existisse!!!\\n🙄🙄🙄🙄', 'authorDisplayName': 'Héber Pelágio', 'authorProfileImageUrl': 'https://yt3.ggpht.com/ytc/AGIKgqMYhXI2lS26XkoJ9loCPmfKOlvKd5AIUESVmA=s48-c-k-c0x00ffffff-no-rj', 'authorChannelUrl': 'http://www.youtube.com/channel/UCCgTRWVBS9miEOFIkvpAnkg', 'authorChannelId': {'value': 'UCCgTRWVBS9miEOFIkvpAnkg'}, 'canRate': True, 'viewerRating': 'none', 'likeCount': 0, 'publishedAt': '2022-10-24T00:28:55Z', 'updatedAt': '2022-10-24T00:28:55Z'}}, 'canReply': True, 'totalReplyCount': 0, 'isPublic': True}",,UCCgTRWVBS9miEOFIkvpAnkg,2022-10-24T00:28:55Z,"Nossa, expurgos numa ditadura?! Estou perplexo: nunca imaginei que isso existisse!!!
🙄🙄🙄🙄",QURTSl9pM2dVMy1SOHRTUEVuTVY2RThHVDFpN2tSa1I1WHhmZWZwa0FUOHQzeF84eVJvWWZtaDN2TEVBUzU2WGh0Q2I3dFBBVjFWOXJSdw==,2023-06-08 15:04:27.780171
youtube#commentThread,6RDbx9TdR6IjdQp6Hgw-IcpnH2s,UgzyT4Y_ere-kYtseQ94AaABAg,"{'videoId': 'uuh1ydDwwrQ', 'topLevelComment': {'kind': 'youtube#comment', 'etag': 'Ef93akE64fjgD9g4YQYSe9EVBH0', 'id': 'UgzyT4Y_ere-kYtseQ94AaABAg', 'snippet': {'videoId': 'uuh1ydDwwrQ', 'textDisplay': 'Passado mal ? O comentarista está de sacanagem... ..o cara foi removido igual um preso.kkkk', 'textOriginal': 'Passado mal ? O comentarista está de sacanagem... ..o cara foi removido igual um preso.kkkk', 'authorDisplayName': 'Thiago Baggieri', 'authorProfileImageUrl': 'https://yt3.ggpht.com/ytc/AGIKgqNWfqb-LZu9Yz4dL7SQp4nX3foBN59LWiRy-70o=s48-c-k-c0x00ffffff-no-rj', 'authorChannelUrl': 'http://www.youtube.com/channel/UCU2S4YqUoxNTmd2dTO0ikzg', 'authorChannelId': {'value': 'UCU2S4YqUoxNTmd2dTO0ikzg'}, 'canRate': True, 'viewerRating': 'none', 'likeCount': 0, 'publishedAt': '2022-10-24T00:06:13Z', 'updatedAt': '2022-10-24T00:06:13Z'}}, 'canReply': True, 'totalReplyCount': 0, 'isPublic': True}",,UCU2S4YqUoxNTmd2dTO0ikzg,2022-10-24T00:06:13Z,Passado mal ? O comentarista está de sacanagem... ..o cara foi removido igual um preso.kkkk,QURTSl9pM2dVMy1SOHRTUEVuTVY2RThHVDFpN2tSa1I1WHhmZWZwa0FUOHQzeF84eVJvWWZtaDN2TEVBUzU2WGh0Q2I3dFBBVjFWOXJSdw==,2023-06-08 15:04:27.780171
youtube#commentThread,xevEVUgHrygerUyD9Ki5BeUZqXw,UgxVXmDvbnliFrO4yIp4AaABAg,"{'videoId': 'uuh1ydDwwrQ', 'topLevelComment': {'kind': 'youtube#comment', 'etag': 'QMuBYMNPpcq2h9Ji3gJijjhwoCU', 'id': 'UgxVXmDvbnliFrO4yIp4AaABAg', 'snippet': {'videoId': 'uuh1ydDwwrQ', 'textDisplay': 'Mitô 22   !', 'textOriginal': 'Mitô 22   !', 'authorDisplayName': 'Fantasma 01 Fantasma', 'authorProfileImageUrl': 'https://yt3.ggpht.com/ytc/AGIKgqOKNvpLP6GXTEfqLh4x86gGNvLtOqeqt8b2pw=s48-c-k-c0x00ffffff-no-rj', 'authorChannelUrl': 'http://www.youtube.com/channel/UCRZdvhBX8nS-AsRm4_xVNVQ', 'authorChannelId': {'value': 'UCRZdvhBX8nS-AsRm4_xVNVQ'}, 'canRate': True, 'viewerRating': 'none', 'likeCount': 0, 'publishedAt': '2022-10-23T23:54:19Z', 'updatedAt': '2022-10-23T23:54:19Z'}}, 'canReply': True, 'totalReplyCount': 0, 'isPublic': True}",,UCRZdvhBX8nS-AsRm4_xVNVQ,2022-10-23T23:54:19Z,Mitô 22   !,QURTSl9pM2dVMy1SOHRTUEVuTVY2RThHVDFpN2tSa1I1WHhmZWZwa0FUOHQzeF84eVJvWWZtaDN2TEVBUzU2WGh0Q2I3dFBBVjFWOXJSdw==,2023-06-08 15:04:27.780171
youtube#commentThread,jt4_gLrzSk9RLKcAWhl21Vt_0H0,UgwFZ1m8Al6OeRPYlaF4AaABAg,"{'videoId': 'uuh1ydDwwrQ', 'topLevelComment': {'kind': 'youtube#comment', 'etag': 'PWIMfRO_da_pTQ7NCEXW0MKvl9Y', 'id': 'UgwFZ1m8Al6OeRPYlaF4AaABAg', 'snippet': {'videoId': 'uuh1ydDwwrQ', 'textDisplay': 'Será que o Brasil está neste TRISTE caminho pela luta de poder com a disputa atual ? Muito triste.', 'textOriginal': 'Será que o Brasil está neste TRISTE caminho pela luta de poder com a disputa atual ? Muito triste.', 'authorDisplayName': 'Thomas', 'authorProfileImageUrl': 'https://yt3.ggpht.com/XpHXSyFqA2y4CBn0F-LwNx_OlbUnedDOXG9m0iYD-gjfaEkW0B72nfnkHrw9G7xYq3OC_bnW=s48-c-k-c0x00ffffff-no-rj', 'authorChannelUrl': 'http://www.youtube.com/channel/UC_l0FaZ6dj8Os4rBRfPPWaQ', 'authorChannelId': {'value': 'UC_l0FaZ6dj8Os4rBRfPPWaQ'}, 'canRate': True, 'viewerRating': 'none', 'likeCount': 1, 'publishedAt': '2022-10-23T23:44:03Z', 'updatedAt': '2022-10-23T23:44:03Z'}}, 'canReply': True, 'totalReplyCount': 0, 'isPublic': True}",,UC_l0FaZ6dj8Os4rBRfPPWaQ,2022-10-23T23:44:03Z,Será que o Brasil está neste TRISTE caminho pela luta de poder com a disputa atual ? Muito triste.,QURTSl9pM2dVMy1SOHRTUEVuTVY2RThHVDFpN2tSa1I1WHhmZWZwa0FUOHQzeF84eVJvWWZtaDN2TEVBUzU2WGh0Q2I3dFBBVjFWOXJSdw==,2023-06-08 15:04:27.780171
youtube#commentThread,bbRB74AuiwwBHRh4DwPMxv8jip4,UgwtMSAlXV_9rrjb6DJ4AaABAg,"{'videoId': 'uuh1ydDwwrQ', 'topLevelComment': {'kind': 'youtube#comment', 'etag': 'PalB6y_PmJHR0a772MuFEuB8YWM', 'id': 'UgwtMSAlXV_9rrjb6DJ4AaABAg', 'snippet': {'videoId': 'uuh1ydDwwrQ', 'textDisplay': 'É nojento ver esses correspondentes passando pano pra China', 'textOriginal': 'É nojento ver esses correspondentes passando pano pra China', 'authorDisplayName': 'Dih dih', 'authorProfileImageUrl': 'https://yt3.ggpht.com/ytc/AGIKgqOptHo6dxRmWT1yOBefNl3kVTV8swbCFCWVDA=s48-c-k-c0x00ffffff-no-rj', 'authorChannelUrl': 'http://www.youtube.com/channel/UCPzAd63xgzif6BucoNL-hEQ', 'authorChannelId': {'value': 'UCPzAd63xgzif6BucoNL-hEQ'}, 'canRate': True, 'viewerRating': 'none', 'likeCount': 0, 'publishedAt': '2022-10-23T23:41:38Z', 'updatedAt': '2022-10-23T23:41:38Z'}}, 'canReply': True, 'totalReplyCount': 0, 'isPublic': True}",,UCPzAd63xgzif6BucoNL-hEQ,2022-10-23T23:41:38Z,É nojento ver esses correspondentes passando pano pra China,QURTSl9pM2dVMy1SOHRTUEVuTVY2RThHVDFpN2tSa1I1WHhmZWZwa0FUOHQzeF84eVJvWWZtaDN2TEVBUzU2WGh0Q2I3dFBBVjFWOXJSdw==,2023-06-08 15:04:27.780171
youtube#commentThread,_VHPsmZGlqCk19inwUOzBM9VEq4,Ugw0MA-VfApWs0Z66fN4AaABAg,"{'videoId': 'uuh1ydDwwrQ', 'topLevelComment': {'kind': 'youtube#comment', 'etag': 'Zm0YFfAiyH9cV81Td6kLtJ0jzOg', 'id': 'Ugw0MA-VfApWs0Z66fN4AaABAg', 'snippet': {'videoId': 'uuh1ydDwwrQ', 'textDisplay': 'Deveria ter sido antes dele entrar', 'textOriginal': 'Deveria ter sido antes dele entrar', 'authorDisplayName': 'Elsa Ennes', 'authorProfileImageUrl': 'https://yt3.ggpht.com/ytc/AGIKgqMdMsgWdRstlGV4fmoo3CZsALBPJXNbCuOW2Q=s48-c-k-c0x00ffffff-no-rj', 'authorChannelUrl': 'http://www.youtube.com/channel/UC_SVpWu4t99-XYu9qL0Faag', 'authorChannelId': {'value': 'UC_SVpWu4t99-XYu9qL0Faag'}, 'canRate': True, 'viewerRating': 'none', 'likeCount': 0, 'publishedAt': '2022-10-23T23:07:10Z', 'updatedAt': '2022-10-23T23:07:10Z'}}, 'canReply': True, 'totalReplyCount': 0, 'isPublic': True}",,UC_SVpWu4t99-XYu9qL0Faag,2022-10-23T23:07:10Z,Deveria ter sido antes dele entrar,QURTSl9pM2dVMy1SOHRTUEVuTVY2RThHVDFpN2tSa1I1WHhmZWZwa0FUOHQzeF84eVJvWWZtaDN2TEVBUzU2WGh0Q2I3dFBBVjFWOXJSdw==,2023-06-08 15:04:27.780171
youtube#commentThread,wksLKsUcajR5T1bXipvUHeBGKYk,Ugw9zPQsbLaBVnxPOn94AaABAg,"{'videoId': 'uuh1ydDwwrQ', 'topLevelComment': {'kind': 'youtube#comment', 'etag': 'Y4W6akBLO7LBEyG04Tai93JIHbc', 'id': 'Ugw9zPQsbLaBVnxPOn94AaABAg', 'snippet': {'videoId': 'uuh1ydDwwrQ', 'textDisplay': 'Tirano  ditador quer dominar o mundo', 'textOriginal': 'Tirano  ditador quer dominar o mundo', 'authorDisplayName': 'Suzi Suzi', 'authorProfileImageUrl': 'https://yt3.ggpht.com/ytc/AGIKgqOZ-qhWOiWheaGKCkFErjZk6jX2pGr4yHZ2bQ=s48-c-k-c0x00ffffff-no-rj', 'authorChannelUrl': 'http://www.youtube.com/channel/UCQUFzwPC7fXgwnhTaDAHugA', 'authorChannelId': {'value': 'UCQUFzwPC7fXgwnhTaDAHugA'}, 'canRate': True, 'viewerRating': 'none', 'likeCount': 0, 'publishedAt': '2022-10-23T22:17:25Z', 'updatedAt': '2022-10-23T22:17:25Z'}}, 'canReply': True, 'totalReplyCount': 0, 'isPublic': True}",,UCQUFzwPC7fXgwnhTaDAHugA,2022-10-23T22:17:25Z,Tirano  ditador quer dominar o mundo,QURTSl9pM2dVMy1SOHRTUEVuTVY2RThHVDFpN2tSa1I1WHhmZWZwa0FUOHQzeF84eVJvWWZtaDN2TEVBUzU2WGh0Q2I3dFBBVjFWOXJSdw==,2023-06-08 15:04:27.780171
youtube#commentThread,mlSFSYFu4bDDCygkHxW-RHv6QPM,UgwEz4iYNH3A5J5UBoR4AaABAg,"{'videoId': 'uuh1ydDwwrQ', 'topLevelComment': {'kind': 'youtube#comment', 'etag': '6EmSlR9YqSdyvhKc-uvZQGQabTY', 'id': 'UgwEz4iYNH3A5J5UBoR4AaABAg', 'snippet': {'videoId': 'uuh1ydDwwrQ', 'textDisplay': 'Foi só, &quot;você está muito velho, vai pra casa, está na hora de dormi.&quot;', 'textOriginal': 'Foi só, ""você está muito velho, vai pra casa, está na hora de dormi.""', 'authorDisplayName': 'LuiCarlse', 'authorProfileImageUrl': 'https://yt3.ggpht.com/ytc/AGIKgqPjzNM9JpVKuvRIDGyc-opIhr-jcWH2LW9i9TCB=s48-c-k-c0x00ffffff-no-rj', 'authorChannelUrl': 'http://www.youtube.com/channel/UC4I7_OgdOvsHua2XzvDM7wQ', 'authorChannelId': {'value': 'UC4I7_OgdOvsHua2XzvDM7wQ'}, 'canRate': True, 'viewerRating': 'none', 'likeCount': 0, 'publishedAt': '2022-10-23T22:14:23Z', 'updatedAt': '2022-10-23T22:14:23Z'}}, 'canReply': True, 'totalReplyCount': 0, 'isPublic': True}",,UC4I7_OgdOvsHua2XzvDM7wQ,2022-10-23T22:14:23Z,"Foi só, ""você está muito velho, vai pra casa, está na hora de dormi.""",QURTSl9pM2dVMy1SOHRTUEVuTVY2RThHVDFpN2tSa1I1WHhmZWZwa0FUOHQzeF84eVJvWWZtaDN2TEVBUzU2WGh0Q2I3dFBBVjFWOXJSdw==,2023-06-08 15:04:27.780171
youtube#commentThread,B2asw4zJZkHaBr2-R4XNGqhRokA,UgxWBe4nUgbFi6rwduV4AaABAg,"{'videoId': 'uuh1ydDwwrQ', 'topLevelComment': {'kind': 'youtube#comment', 'etag': 'Dmg9ojQNJ9_UoYRcVNkn2-Mx3wk', 'id': 'UgxWBe4nUgbFi6rwduV4AaABAg', 'snippet': {'videoId': 'uuh1ydDwwrQ', 'textDisplay': 'Isso é um tira gosto do Comunismo. Vai vendo!', 'textOriginal': 'Isso é um tira gosto do Comunismo. Vai vendo!', 'authorDisplayName': 'Adriana', 'authorProfileImageUrl': 'https://yt3.ggpht.com/ytc/AGIKgqP8uKrjtBi8J2mpp__LNbk5z7v7gX9JlRpyJYfRmA=s48-c-k-c0x00ffffff-no-rj', 'authorChannelUrl': 'http://www.youtube.com/channel/UCvqT2GK9Tnf-oErzQZ8CH6Q', 'authorChannelId': {'value': 'UCvqT2GK9Tnf-oErzQZ8CH6Q'}, 'canRate': True, 'viewerRating': 'none', 'likeCount': 0, 'publishedAt': '2022-10-23T22:10:29Z', 'updatedAt': '2022-10-23T22:10:29Z'}}, 'canReply': True, 'totalReplyCount': 0, 'isPublic': True}",,UCvqT2GK9Tnf-oErzQZ8CH6Q,2022-10-23T22:10:29Z,Isso é um tira gosto do Comunismo. Vai vendo!,QURTSl9pM2dVMy1SOHRTUEVuTVY2RThHVDFpN2tSa1I1WHhmZWZwa0FUOHQzeF84eVJvWWZtaDN2TEVBUzU2WGh0Q2I3dFBBVjFWOXJSdw==,2023-06-08 15:04:27.780171
youtube#commentThread,NYWshIlhO7D70KMl3lkqzx7M4x8,Ugw6UjlUbtxO8OBCznZ4AaABAg,"{'videoId': 'uuh1ydDwwrQ', 'topLevelComment': {'kind': 'youtube#comment', 'etag': '-FefKe7mfSAXUMM8RO4r489XBQg', 'id': 'Ugw6UjlUbtxO8OBCznZ4AaABAg', 'snippet': {'videoId': 'uuh1ydDwwrQ', 'textDisplay': 'A essa altura já foi pra vala !', 'textOriginal': 'A essa altura já foi pra vala !', 'authorDisplayName': 'Cleber Gonçalves', 'authorProfileImageUrl': 'https://yt3.ggpht.com/y8f-GN7FAg6g0RmJXjtC65oj-X2RM-8kntbjCDr8BS6vT4_3R0wWV7RC5wBAB29lnIG9qWG6=s48-c-k-c0x00ffffff-no-rj', 'authorChannelUrl': 'http://www.youtube.com/channel/UCM7X7_4rNJIVau9I3qW5rSw', 'authorChannelId': {'value': 'UCM7X7_4rNJIVau9I3qW5rSw'}, 'canRate': True, 'viewerRating': 'none', 'likeCount': 0, 'publishedAt': '2022-10-23T22:07:15Z', 'updatedAt': '2022-10-23T22:07:15Z'}}, 'canReply': True, 'totalReplyCount': 0, 'isPublic': True}",,UCM7X7_4rNJIVau9I3qW5rSw,2022-10-23T22:07:15Z,A essa altura já foi pra vala !,QURTSl9pM2dVMy1SOHRTUEVuTVY2RThHVDFpN2tSa1I1WHhmZWZwa0FUOHQzeF84eVJvWWZtaDN2TEVBUzU2WGh0Q2I3dFBBVjFWOXJSdw==,2023-06-08 15:04:27.780171
youtube#commentThread,Xf-DFO1fTWeLYb1aIFgFy6ZmOyo,UgzthUM62KRM13o4Gix4AaABAg,"{'videoId': 'uuh1ydDwwrQ', 'topLevelComment': {'kind': 'youtube#comment', 'etag': 'bcqLAq90s4TqnZxz3HK-00_v394', 'id': 'UgzthUM62KRM13o4Gix4AaABAg', 'snippet': {'videoId': 'uuh1ydDwwrQ', 'textDisplay': 'Representa muitas fezes por vir!!!!', 'textOriginal': 'Representa muitas fezes por vir!!!!', 'authorDisplayName': 'Barros Barros', 'authorProfileImageUrl': 'https://yt3.ggpht.com/ytc/AGIKgqM0rl5UFLq2w2pUcvd5XLBS5hZ82LhnJdbtpvwDv_CQhEtTbKKZfGQxANTlZkKD=s48-c-k-c0x00ffffff-no-rj', 'authorChannelUrl': 'http://www.youtube.com/channel/UC-kL5-cOvl9N7xzT5usYMyA', 'authorChannelId': {'value': 'UC-kL5-cOvl9N7xzT5usYMyA'}, 'canRate': True, 'viewerRating': 'none', 'likeCount': 0, 'publishedAt': '2022-10-23T22:04:58Z', 'updatedAt': '2022-10-23T22:04:58Z'}}, 'canReply': True, 'totalReplyCount': 0, 'isPublic': True}",,UC-kL5-cOvl9N7xzT5usYMyA,2022-10-23T22:04:58Z,Representa muitas fezes por vir!!!!,QURTSl9pM2dVMy1SOHRTUEVuTVY2RThHVDFpN2tSa1I1WHhmZWZwa0FUOHQzeF84eVJvWWZtaDN2TEVBUzU2WGh0Q2I3dFBBVjFWOXJSdw==,2023-06-08 15:04:27.780171
youtube#commentThread,uaULkxgfDCO8Ah5qnXDIcncbG9Y,UgzD0jultAu-nGL5gf54AaABAg,"{'videoId': 'uuh1ydDwwrQ', 'topLevelComment': {'kind': 'youtube#comment', 'etag': 'fHV1RNKVv2z8Jn5oM2NqMjmScKY', 'id': 'UgzD0jultAu-nGL5gf54AaABAg', 'snippet': {'videoId': 'uuh1ydDwwrQ', 'textDisplay': '<a href=""https://www.youtube.com/watch?v=uuh1ydDwwrQ&amp;t=00m37s"">00:37</a> &quot; O regime chinês não explicou.......................&quot; E desde quando regimes totalitaristas dão explicação sobre suas ações  ?', 'textOriginal': '00:37 "" O regime chinês não explicou......................."" E desde quando regimes totalitaristas dão explicação sobre suas ações  ?', 'authorDisplayName': 'sidnei rodrigues', 'authorProfileImageUrl': 'https://yt3.ggpht.com/ytc/AGIKgqMi8atNCMTEznqYfjGjxPUBFPl2zms1FzT2ndEI=s48-c-k-c0x00ffffff-no-rj', 'authorChannelUrl': 'http://www.youtube.com/channel/UC_tKnZOr4TbJlDXQq7hiBgA', 'authorChannelId': {'value': 'UC_tKnZOr4TbJlDXQq7hiBgA'}, 'canRate': True, 'viewerRating': 'none', 'likeCount': 1, 'publishedAt': '2022-10-23T21:42:59Z', 'updatedAt': '2022-10-23T21:42:59Z'}}, 'canReply': True, 'totalReplyCount': 0, 'isPublic': True}",,UC_tKnZOr4TbJlDXQq7hiBgA,2022-10-23T21:42:59Z,"00:37 "" O regime chinês não explicou......................."" E desde quando regimes totalitaristas dão explicação sobre suas ações  ?",QURTSl9pM2dVMy1SOHRTUEVuTVY2RThHVDFpN2tSa1I1WHhmZWZwa0FUOHQzeF84eVJvWWZtaDN2TEVBUzU2WGh0Q2I3dFBBVjFWOXJSdw==,2023-06-08 15:04:27.780171
youtube#commentThread,FWCfs5FO2Onc_L4Hi4DuUtjZLRc,UgxeqXbS4Oosz_rfuXh4AaABAg,"{'videoId': 'uuh1ydDwwrQ', 'topLevelComment': {'kind': 'youtube#comment', 'etag': 'UgI5LDxjA5_BM3oZci8uO73Kzxo', 'id': 'UgxeqXbS4Oosz_rfuXh4AaABAg', 'snippet': {'videoId': 'uuh1ydDwwrQ', 'textDisplay': 'É a democracia chinesa, espero que ele não tenha desaparecido.', 'textOriginal': 'É a democracia chinesa, espero que ele não tenha desaparecido.', 'authorDisplayName': 'Jose Charles', 'authorProfileImageUrl': 'https://yt3.ggpht.com/ytc/AGIKgqNaEvXCvbDUYeYrgsvIT_wmA1ISRMue0YUHXx6Oow=s48-c-k-c0x00ffffff-no-rj', 'authorChannelUrl': 'http://www.youtube.com/channel/UCxc3ytbNRhyGpLAOXxdghYA', 'authorChannelId': {'value': 'UCxc3ytbNRhyGpLAOXxdghYA'}, 'canRate': True, 'viewerRating': 'none', 'likeCount': 3, 'publishedAt': '2022-10-23T21:41:31Z', 'updatedAt': '2022-10-23T21:41:31Z'}}, 'canReply': True, 'totalReplyCount': 0, 'isPublic': True}",,UCxc3ytbNRhyGpLAOXxdghYA,2022-10-23T21:41:31Z,"É a democracia chinesa, espero que ele não tenha desaparecido.",QURTSl9pM2dVMy1SOHRTUEVuTVY2RThHVDFpN2tSa1I1WHhmZWZwa0FUOHQzeF84eVJvWWZtaDN2TEVBUzU2WGh0Q2I3dFBBVjFWOXJSdw==,2023-06-08 15:04:27.780171
youtube#commentThread,R0Km8cWh9Iq_5F9HZ5jSAhqHIIg,UgwL9DDg1JELJhONa0t4AaABAg,"{'videoId': 'uuh1ydDwwrQ', 'topLevelComment': {'kind': 'youtube#comment', 'etag': 'vDLtj-5B44dFrPMpczU7lIQbzCs', 'id': 'UgwL9DDg1JELJhONa0t4AaABAg', 'snippet': {'videoId': 'uuh1ydDwwrQ', 'textDisplay': 'Foi pro paredão. Eles fazem o expurgo. Esse professor pensa que engana passando pano para comunista. Comunista usa as pessoas e depois descarta.', 'textOriginal': 'Foi pro paredão. Eles fazem o expurgo. Esse professor pensa que engana passando pano para comunista. Comunista usa as pessoas e depois descarta.', 'authorDisplayName': 'Benevaldo Alves', 'authorProfileImageUrl': 'https://yt3.ggpht.com/ytc/AGIKgqPv_wTUbYlPNEmPGndzOXHbnzrbsyATSJaPlg=s48-c-k-c0x00ffffff-no-rj', 'authorChannelUrl': 'http://www.youtube.com/channel/UCvzTSIMa87EjktdjDHOZAvw', 'authorChannelId': {'value': 'UCvzTSIMa87EjktdjDHOZAvw'}, 'canRate': True, 'viewerRating': 'none', 'likeCount': 0, 'publishedAt': '2022-10-23T21:24:49Z', 'updatedAt': '2022-10-23T21:24:49Z'}}, 'canReply': True, 'totalReplyCount': 0, 'isPublic': True}",,UCvzTSIMa87EjktdjDHOZAvw,2022-10-23T21:24:49Z,Foi pro paredão. Eles fazem o expurgo. Esse professor pensa que engana passando pano para comunista. Comunista usa as pessoas e depois descarta.,QURTSl9pM2dVMy1SOHRTUEVuTVY2RThHVDFpN2tSa1I1WHhmZWZwa0FUOHQzeF84eVJvWWZtaDN2TEVBUzU2WGh0Q2I3dFBBVjFWOXJSdw==,2023-06-08 15:04:27.780171
youtube#commentThread,uqIRSxq74hyrqzUA625PdntAwss,Ugy1UX4mhtTU-P5Me1Z4AaABAg,"{'videoId': 'uuh1ydDwwrQ', 'topLevelComment': {'kind': 'youtube#comment', 'etag': 'r-tGJprjogAHCt7bAGVHxRfDGUA', 'id': 'Ugy1UX4mhtTU-P5Me1Z4AaABAg', 'snippet': {'videoId': 'uuh1ydDwwrQ', 'textDisplay': 'Especulação por especulação ele preferiu a que passa mais pano para o PCC.', 'textOriginal': 'Especulação por especulação ele preferiu a que passa mais pano para o PCC.', 'authorDisplayName': 'Renato Duarte de Oliveira', 'authorProfileImageUrl': 'https://yt3.ggpht.com/ytc/AGIKgqOn88aWTRtLQUfYX5Evi17VjCwamT0vHtIKN3jYbLw=s48-c-k-c0x00ffffff-no-rj', 'authorChannelUrl': 'http://www.youtube.com/channel/UCdXTylYdGE-3HMwhyGVixdA', 'authorChannelId': {'value': 'UCdXTylYdGE-3HMwhyGVixdA'}, 'canRate': True, 'viewerRating': 'none', 'likeCount': 0, 'publishedAt': '2022-10-23T21:21:13Z', 'updatedAt': '2022-10-23T21:21:13Z'}}, 'canReply': True, 'totalReplyCount': 0, 'isPublic': True}",,UCdXTylYdGE-3HMwhyGVixdA,2022-10-23T21:21:13Z,Especulação por especulação ele preferiu a que passa mais pano para o PCC.,QURTSl9pM2dVMy1SOHRTUEVuTVY2RThHVDFpN2tSa1I1WHhmZWZwa0FUOHQzeF84eVJvWWZtaDN2TEVBUzU2WGh0Q2I3dFBBVjFWOXJSdw==,2023-06-08 15:04:27.780171
youtube#commentThread,sd5jM1gLVyakiWRxORqwnzQvX-A,Ugz83w8LnFom3eAC2K54AaABAg,"{'videoId': 'uuh1ydDwwrQ', 'topLevelComment': {'kind': 'youtube#comment', 'etag': 'BUydxBo2CIrWPo7pyp-XqJ6cEhc', 'id': 'Ugz83w8LnFom3eAC2K54AaABAg', 'snippet': {'videoId': 'uuh1ydDwwrQ', 'textDisplay': 'Passar mal....', 'textOriginal': 'Passar mal....', 'authorDisplayName': 'Renato Duarte de Oliveira', 'authorProfileImageUrl': 'https://yt3.ggpht.com/ytc/AGIKgqOn88aWTRtLQUfYX5Evi17VjCwamT0vHtIKN3jYbLw=s48-c-k-c0x00ffffff-no-rj', 'authorChannelUrl': 'http://www.youtube.com/channel/UCdXTylYdGE-3HMwhyGVixdA', 'authorChannelId': {'value': 'UCdXTylYdGE-3HMwhyGVixdA'}, 'canRate': True, 'viewerRating': 'none', 'likeCount': 0, 'publishedAt': '2022-10-23T21:20:43Z', 'updatedAt': '2022-10-23T21:20:43Z'}}, 'canReply': True, 'totalReplyCount': 0, 'isPublic': True}",,UCdXTylYdGE-3HMwhyGVixdA,2022-10-23T21:20:43Z,Passar mal....,QURTSl9pM2dVMy1SOHRTUEVuTVY2RThHVDFpN2tSa1I1WHhmZWZwa0FUOHQzeF84eVJvWWZtaDN2TEVBUzU2WGh0Q2I3dFBBVjFWOXJSdw==,2023-06-08 15:04:27.780171
youtube#commentThread,RxZj5_kul3AzKmVNTa4MFrUunNQ,UgyhGdMyuUpO9nFPdYh4AaABAg,"{'videoId': 'uuh1ydDwwrQ', 'topLevelComment': {'kind': 'youtube#comment', 'etag': '-OExSU192eDdl9Odp1ZHPFOJG8M', 'id': 'UgyhGdMyuUpO9nFPdYh4AaABAg', 'snippet': {'videoId': 'uuh1ydDwwrQ', 'textDisplay': 'tem que arrumar um senado bem arrojado pra fazer uma limpeza', 'textOriginal': 'tem que arrumar um senado bem arrojado pra fazer uma limpeza', 'authorDisplayName': 'Guiomar Oliveira', 'authorProfileImageUrl': 'https://yt3.ggpht.com/ytc/AGIKgqPusk8lLuWYIOZH1JgVH1qC082T9GfFEUjlxDzLGDXMe7t3WjYr0q6YDgnxKeUU=s48-c-k-c0x00ffffff-no-rj', 'authorChannelUrl': 'http://www.youtube.com/channel/UCwECj1ZnY-pCo-VRK48I2DQ', 'authorChannelId': {'value': 'UCwECj1ZnY-pCo-VRK48I2DQ'}, 'canRate': True, 'viewerRating': 'none', 'likeCount': 0, 'publishedAt': '2022-10-23T21:10:27Z', 'updatedAt': '2022-10-23T21:10:27Z'}}, 'canReply': True, 'totalReplyCount': 0, 'isPublic': True}",,UCwECj1ZnY-pCo-VRK48I2DQ,2022-10-23T21:10:27Z,tem que arrumar um senado bem arrojado pra fazer uma limpeza,QURTSl9pM2dVMy1SOHRTUEVuTVY2RThHVDFpN2tSa1I1WHhmZWZwa0FUOHQzeF84eVJvWWZtaDN2TEVBUzU2WGh0Q2I3dFBBVjFWOXJSdw==,2023-06-08 15:04:27.780171
youtube#commentThread,M1VgWbp3XElGX7c9I4AMsgi4PZ8,Ugw2CHlxBd70ikO2zBJ4AaABAg,"{'videoId': 'uuh1ydDwwrQ', 'topLevelComment': {'kind': 'youtube#comment', 'etag': 'IAMg88ptcss1JB-cI2imR2uaLnU', 'id': 'Ugw2CHlxBd70ikO2zBJ4AaABAg', 'snippet': {'videoId': 'uuh1ydDwwrQ', 'textDisplay': 'Com certeza foi pro abate não serve mais pro comunismo meu Deus um professor defendendo o comunismo', 'textOriginal': 'Com certeza foi pro abate não serve mais pro comunismo meu Deus um professor defendendo o comunismo', 'authorDisplayName': 'Salomão Ganda', 'authorProfileImageUrl': 'https://yt3.ggpht.com/ytc/AGIKgqMgGesRrNuvbOBi29PW7oIF7HRw4RiCjGgtZA=s48-c-k-c0x00ffffff-no-rj', 'authorChannelUrl': 'http://www.youtube.com/channel/UCOVbCwKUBVqHz9_6KqTyTqw', 'authorChannelId': {'value': 'UCOVbCwKUBVqHz9_6KqTyTqw'}, 'canRate': True, 'viewerRating': 'none', 'likeCount': 1, 'publishedAt': '2022-10-23T20:56:49Z', 'updatedAt': '2022-10-23T20:56:49Z'}}, 'canReply': True, 'totalReplyCount': 1, 'isPublic': True}","{'comments': [{'kind': 'youtube#comment', 'etag': 'W2bXW8aXv1SzIXgENSnvsCtUVv4', 'id': 'Ugw2CHlxBd70ikO2zBJ4AaABAg.9hY0OYQjtvq9hY3gsa7Fj5', 'snippet': {'videoId': 'uuh1ydDwwrQ', 'textDisplay': 'Com certeza. Esse já sumiu', 'textOriginal': 'Com certeza. Esse já sumiu', 'parentId': 'Ugw2CHlxBd70ikO2zBJ4AaABAg', 'authorDisplayName': 'Benevaldo Alves', 'authorProfileImageUrl': 'https://yt3.ggpht.com/ytc/AGIKgqPv_wTUbYlPNEmPGndzOXHbnzrbsyATSJaPlg=s48-c-k-c0x00ffffff-no-rj', 'authorChannelUrl': 'http://www.youtube.com/channel/UCvzTSIMa87EjktdjDHOZAvw', 'authorChannelId': {'value': 'UCvzTSIMa87EjktdjDHOZAvw'}, 'canRate': True, 'viewerRating': 'none', 'likeCount': 0, 'publishedAt': '2022-10-23T21:25:40Z', 'updatedAt': '2022-10-23T21:25:40Z'}}]}",UCOVbCwKUBVqHz9_6KqTyTqw,2022-10-23T20:56:49Z,Com certeza foi pro abate não serve mais pro comunismo meu Deus um professor defendendo o comunismo,QURTSl9pM2dVMy1SOHRTUEVuTVY2RThHVDFpN2tSa1I1WHhmZWZwa0FUOHQzeF84eVJvWWZtaDN2TEVBUzU2WGh0Q2I3dFBBVjFWOXJSdw==,2023-06-08 15:04:27.780171
youtube#commentThread,YSeVGy5Q_czc3gD7pAFkzM7E87Y,UgyR2QGZD1Yi74m5lv94AaABAg,"{'videoId': 'uuh1ydDwwrQ', 'topLevelComment': {'kind': 'youtube#comment', 'etag': 'UYBsIHceOzBd6aDevJ4_2iFqGYc', 'id': 'UgyR2QGZD1Yi74m5lv94AaABAg', 'snippet': {'videoId': 'uuh1ydDwwrQ', 'textDisplay': 'Nem os comunistas ditadores estão querendo esse movimento do globalismo', 'textOriginal': 'Nem os comunistas ditadores estão querendo esse movimento do globalismo', 'authorDisplayName': 'Professor Freire', 'authorProfileImageUrl': 'https://yt3.ggpht.com/ytc/AGIKgqOFGYS2KJM4r2WNXERNrkrJG19EksAT8Q9P3lqwGRY=s48-c-k-c0x00ffffff-no-rj', 'authorChannelUrl': 'http://www.youtube.com/channel/UCxQMNKhT_TataRdwOS8bgFQ', 'authorChannelId': {'value': 'UCxQMNKhT_TataRdwOS8bgFQ'}, 'canRate': True, 'viewerRating': 'none', 'likeCount': 0, 'publishedAt': '2022-10-23T20:42:08Z', 'updatedAt': '2022-10-23T20:42:08Z'}}, 'canReply': True, 'totalReplyCount': 0, 'isPublic': True}",,UCxQMNKhT_TataRdwOS8bgFQ,2022-10-23T20:42:08Z,Nem os comunistas ditadores estão querendo esse movimento do globalismo,QURTSl9pM2dVMy1SOHRTUEVuTVY2RThHVDFpN2tSa1I1WHhmZWZwa0FUOHQzeF84eVJvWWZtaDN2TEVBUzU2WGh0Q2I3dFBBVjFWOXJSdw==,2023-06-08 15:04:27.780171
youtube#commentThread,BNMtR0ni_XT-O5Or_WtWvZ13kQE,Ugx_3SbLcapN2piSH_d4AaABAg,"{'videoId': 'uuh1ydDwwrQ', 'topLevelComment': {'kind': 'youtube#comment', 'etag': 'HLagAlmgZPFpxIfM_zPqcNRB_As', 'id': 'Ugx_3SbLcapN2piSH_d4AaABAg', 'snippet': {'videoId': 'uuh1ydDwwrQ', 'textDisplay': 'Acontece que ele era contra o comando político externo em relação aos EUA.', 'textOriginal': 'Acontece que ele era contra o comando político externo em relação aos EUA.', 'authorDisplayName': 'Nivaldo Benatti', 'authorProfileImageUrl': 'https://yt3.ggpht.com/ytc/AGIKgqN5dInjgrCyg56VbEGlVSZ3H4dJxFyDhRixCA=s48-c-k-c0x00ffffff-no-rj', 'authorChannelUrl': 'http://www.youtube.com/channel/UCnsT-3UrILfB4TyPWewisPQ', 'authorChannelId': {'value': 'UCnsT-3UrILfB4TyPWewisPQ'}, 'canRate': True, 'viewerRating': 'none', 'likeCount': 0, 'publishedAt': '2022-10-23T20:40:42Z', 'updatedAt': '2022-10-23T20:40:42Z'}}, 'canReply': True, 'totalReplyCount': 0, 'isPublic': True}",,UCnsT-3UrILfB4TyPWewisPQ,2022-10-23T20:40:42Z,Acontece que ele era contra o comando político externo em relação aos EUA.,QURTSl9pM2dVMy1SOHRTUEVuTVY2RThHVDFpN2tSa1I1WHhmZWZwa0FUOHQzeF84eVJvWWZtaDN2TEVBUzU2WGh0Q2I3dFBBVjFWOXJSdw==,2023-06-08 15:04:27.780171
youtube#commentThread,no1Qji8BD1zL5FpxfJ-g0EdIaGg,UgwEBUP2QHIej69cYml4AaABAg,"{'videoId': 'uuh1ydDwwrQ', 'topLevelComment': {'kind': 'youtube#comment', 'etag': '2AMW9paSigKlZu9gPh7FdNhMlAA', 'id': 'UgwEBUP2QHIej69cYml4AaABAg', 'snippet': {'videoId': 'uuh1ydDwwrQ', 'textDisplay': 'Daqui a pouco aparece o corpo ou a notícia se desaparecimento do ex presidente....', 'textOriginal': 'Daqui a pouco aparece o corpo ou a notícia se desaparecimento do ex presidente....', 'authorDisplayName': 'Adriana Cavalcante', 'authorProfileImageUrl': 'https://yt3.ggpht.com/ytc/AGIKgqPNKkKDkLbggoJvdYPPBiY3I55hYRg8HcsQJXO4-eRtlbHWISykMGsrGRb6RbJi=s48-c-k-c0x00ffffff-no-rj', 'authorChannelUrl': 'http://www.youtube.com/channel/UCqv4LKuuVOciYbvDOQRALJw', 'authorChannelId': {'value': 'UCqv4LKuuVOciYbvDOQRALJw'}, 'canRate': True, 'viewerRating': 'none', 'likeCount': 0, 'publishedAt': '2022-10-23T20:37:06Z', 'updatedAt': '2022-10-23T20:37:06Z'}}, 'canReply': True, 'totalReplyCount': 0, 'isPublic': True}",,UCqv4LKuuVOciYbvDOQRALJw,2022-10-23T20:37:06Z,Daqui a pouco aparece o corpo ou a notícia se desaparecimento do ex presidente....,QURTSl9pM2dVMy1SOHRTUEVuTVY2RThHVDFpN2tSa1I1WHhmZWZwa0FUOHQzeF84eVJvWWZtaDN2TEVBUzU2WGh0Q2I3dFBBVjFWOXJSdw==,2023-06-08 15:04:27.780171
youtube#commentThread,kZr90cp352mOdnfHrf2-Xjf9dVc,UgzrEfC3gfe2hjAZ2ip4AaABAg,"{'videoId': 'uuh1ydDwwrQ', 'topLevelComment': {'kind': 'youtube#comment', 'etag': '76wWB8YO91GDaR5WcTY6ty9lBBU', 'id': 'UgzrEfC3gfe2hjAZ2ip4AaABAg', 'snippet': {'videoId': 'uuh1ydDwwrQ', 'textDisplay': 'nada fora do normal?????????????????', 'textOriginal': 'nada fora do normal?????????????????', 'authorDisplayName': 'Sonia Liliam', 'authorProfileImageUrl': 'https://yt3.ggpht.com/ytc/AGIKgqMq0WzSXiCY8rcATGqgPRV_rqf2_rb3YnlTctkO=s48-c-k-c0x00ffffff-no-rj', 'authorChannelUrl': 'http://www.youtube.com/channel/UCcU6BiXuZ3N2e1a9ZNEr2kA', 'authorChannelId': {'value': 'UCcU6BiXuZ3N2e1a9ZNEr2kA'}, 'canRate': True, 'viewerRating': 'none', 'likeCount': 0, 'publishedAt': '2022-10-23T20:29:52Z', 'updatedAt': '2022-10-23T20:29:52Z'}}, 'canReply': True, 'totalReplyCount': 0, 'isPublic': True}",,UCcU6BiXuZ3N2e1a9ZNEr2kA,2022-10-23T20:29:52Z,nada fora do normal?????????????????,QURTSl9pM2dVMy1SOHRTUEVuTVY2RThHVDFpN2tSa1I1WHhmZWZwa0FUOHQzeF84eVJvWWZtaDN2TEVBUzU2WGh0Q2I3dFBBVjFWOXJSdw==,2023-06-08 15:04:27.780171
youtube#commentThread,mXoprekxhlHKF6q8kMUU4wHTmmM,Ugz6cagyEWoHxHVEJdx4AaABAg,"{'videoId': 'uuh1ydDwwrQ', 'topLevelComment': {'kind': 'youtube#comment', 'etag': 'A_tSDiccjy46VBJhsTgfpY0Zi-0', 'id': 'Ugz6cagyEWoHxHVEJdx4AaABAg', 'snippet': {'videoId': 'uuh1ydDwwrQ', 'textDisplay': 'Dêem poder a comunista', 'textOriginal': 'Dêem poder a comunista', 'authorDisplayName': 'sousa', 'authorProfileImageUrl': 'https://yt3.ggpht.com/ytc/AGIKgqPLhlANsdVkHkf4gczeib1fzqCd6gx0-vIHC3aOzLajypymGXL2wD7GZ2CyPjmn=s48-c-k-c0x00ffffff-no-rj', 'authorChannelUrl': 'http://www.youtube.com/channel/UCmoHd6FwFgWfuLtty8k3_OQ', 'authorChannelId': {'value': 'UCmoHd6FwFgWfuLtty8k3_OQ'}, 'canRate': True, 'viewerRating': 'none', 'likeCount': 0, 'publishedAt': '2022-10-23T20:21:12Z', 'updatedAt': '2022-10-23T20:21:12Z'}}, 'canReply': True, 'totalReplyCount': 0, 'isPublic': True}",,UCmoHd6FwFgWfuLtty8k3_OQ,2022-10-23T20:21:12Z,Dêem poder a comunista,QURTSl9pM2dVMy1SOHRTUEVuTVY2RThHVDFpN2tSa1I1WHhmZWZwa0FUOHQzeF84eVJvWWZtaDN2TEVBUzU2WGh0Q2I3dFBBVjFWOXJSdw==,2023-06-08 15:04:27.780171
youtube#commentThread,k3SdWPVsJ5RFXzcGuluqy4fBrOM,UgyMscvy5xN2rQpdX0p4AaABAg,"{'videoId': 'uuh1ydDwwrQ', 'topLevelComment': {'kind': 'youtube#comment', 'etag': 'M3kWlZsc5sae28EADgxQiQsK9kE', 'id': 'UgyMscvy5xN2rQpdX0p4AaABAg', 'snippet': {'videoId': 'uuh1ydDwwrQ', 'textDisplay': 'tá nítido que ele estava mal.', 'textOriginal': 'tá nítido que ele estava mal.', 'authorDisplayName': 'Carlos Roberto Santos Silva', 'authorProfileImageUrl': 'https://yt3.ggpht.com/ytc/AGIKgqPySdEF-oqWmg4TPutabUnxoTJtqzI1tQbjyA=s48-c-k-c0x00ffffff-no-rj', 'authorChannelUrl': 'http://www.youtube.com/channel/UCCmLPzuB1GQ1SIiMLI8Sxww', 'authorChannelId': {'value': 'UCCmLPzuB1GQ1SIiMLI8Sxww'}, 'canRate': True, 'viewerRating': 'none', 'likeCount': 0, 'publishedAt': '2022-10-23T20:17:08Z', 'updatedAt': '2022-10-23T20:17:08Z'}}, 'canReply': True, 'totalReplyCount': 0, 'isPublic': True}",,UCCmLPzuB1GQ1SIiMLI8Sxww,2022-10-23T20:17:08Z,tá nítido que ele estava mal.,QURTSl9pM2dVMy1SOHRTUEVuTVY2RThHVDFpN2tSa1I1WHhmZWZwa0FUOHQzeF84eVJvWWZtaDN2TEVBUzU2WGh0Q2I3dFBBVjFWOXJSdw==,2023-06-08 15:04:27.780171
youtube#commentThread,S-D41pOOQQfGyiNiYbNReVlVHYo,UgxVLmQ7kdRLGK5vORF4AaABAg,"{'videoId': 'uuh1ydDwwrQ', 'topLevelComment': {'kind': 'youtube#comment', 'etag': 'Y9reUeodoovi6etZ3_MIml8HGUo', 'id': 'UgxVLmQ7kdRLGK5vORF4AaABAg', 'snippet': {'videoId': 'uuh1ydDwwrQ', 'textDisplay': '😱😱😱😱😱😱😱😱😱😳😳😳😳😳😳😳😳😳 coitado do Idoso foi tirado a força até um cego enxerga🦎🐸🐉🦅🦂🐉🦎🐸🐉🦂🦅🤮🤮🤮🤮🤮🤮🤮🤮🤮🤮🙈🙈🙈🙈🙈🙈🙈🙈🙈', 'textOriginal': '😱😱😱😱😱😱😱😱😱😳😳😳😳😳😳😳😳😳 coitado do Idoso foi tirado a força até um cego enxerga🦎🐸🐉🦅🦂🐉🦎🐸🐉🦂🦅🤮🤮🤮🤮🤮🤮🤮🤮🤮🤮🙈🙈🙈🙈🙈🙈🙈🙈🙈', 'authorDisplayName': 'Luciene Amaral de Souza silva', 'authorProfileImageUrl': 'https://yt3.ggpht.com/ytc/AGIKgqNndUSuaHl67rfkpqx6MVK-X0ps9tZMzCQYQSPQEw=s48-c-k-c0x00ffffff-no-rj', 'authorChannelUrl': 'http://www.youtube.com/channel/UCPcWpQWfYvOiup3HSu7BA3A', 'authorChannelId': {'value': 'UCPcWpQWfYvOiup3HSu7BA3A'}, 'canRate': True, 'viewerRating': 'none', 'likeCount': 0, 'publishedAt': '2022-10-23T19:53:28Z', 'updatedAt': '2022-10-23T19:53:28Z'}}, 'canReply': True, 'totalReplyCount': 0, 'isPublic': True}",,UCPcWpQWfYvOiup3HSu7BA3A,2022-10-23T19:53:28Z,😱😱😱😱😱😱😱😱😱😳😳😳😳😳😳😳😳😳 coitado do Idoso foi tirado a força até um cego enxerga🦎🐸🐉🦅🦂🐉🦎🐸🐉🦂🦅🤮🤮🤮🤮🤮🤮🤮🤮🤮🤮🙈🙈🙈🙈🙈🙈🙈🙈🙈,QURTSl9pM2dVMy1SOHRTUEVuTVY2RThHVDFpN2tSa1I1WHhmZWZwa0FUOHQzeF84eVJvWWZtaDN2TEVBUzU2WGh0Q2I3dFBBVjFWOXJSdw==,2023-06-08 15:04:27.780171
youtube#commentThread,_lpfNo76o_StMj-fCPMFsuTIt3I,Ugy1G0RkJ4eIQeewRLV4AaABAg,"{'videoId': 'uuh1ydDwwrQ', 'topLevelComment': {'kind': 'youtube#comment', 'etag': 'g-8EnkWBCiT3HDkxBEBTibBrcLo', 'id': 'Ugy1G0RkJ4eIQeewRLV4AaABAg', 'snippet': {'videoId': 'uuh1ydDwwrQ', 'textDisplay': 'Comentarista fica com narrativa de que está tudo bem, dá para ver no vídeo que o cara foi retirado a força e disse alguma coisa para manda chuva da China.', 'textOriginal': 'Comentarista fica com narrativa de que está tudo bem, dá para ver no vídeo que o cara foi retirado a força e disse alguma coisa para manda chuva da China.', 'authorDisplayName': 'ecf morais', 'authorProfileImageUrl': 'https://yt3.ggpht.com/ytc/AGIKgqN24UTRuCQvq7BNFty_VyElUqHb5PyC2I_Xs6GUCg=s48-c-k-c0x00ffffff-no-rj', 'authorChannelUrl': 'http://www.youtube.com/channel/UCT0VQ_b_M14CXywQPM28GTg', 'authorChannelId': {'value': 'UCT0VQ_b_M14CXywQPM28GTg'}, 'canRate': True, 'viewerRating': 'none', 'likeCount': 0, 'publishedAt': '2022-10-23T19:42:04Z', 'updatedAt': '2022-10-23T19:42:04Z'}}, 'canReply': True, 'totalReplyCount': 0, 'isPublic': True}",,UCT0VQ_b_M14CXywQPM28GTg,2022-10-23T19:42:04Z,"Comentarista fica com narrativa de que está tudo bem, dá para ver no vídeo que o cara foi retirado a força e disse alguma coisa para manda chuva da China.",QURTSl9pM2dVMy1SOHRTUEVuTVY2RThHVDFpN2tSa1I1WHhmZWZwa0FUOHQzeF84eVJvWWZtaDN2TEVBUzU2WGh0Q2I3dFBBVjFWOXJSdw==,2023-06-08 15:04:27.780171
youtube#commentThread,5pWs5tlsiFuPJt99m9ULY6grwDU,UgzYwuh0-pGcT8i5HFV4AaABAg,"{'videoId': 'uuh1ydDwwrQ', 'topLevelComment': {'kind': 'youtube#comment', 'etag': '1CXiCJ517qOdg-skPcgJHWphFhI', 'id': 'UgzYwuh0-pGcT8i5HFV4AaABAg', 'snippet': {'videoId': 'uuh1ydDwwrQ', 'textDisplay': 'Viva o grande dragão vermelho! Simples não faz mais parte do partido, foi um jeito chinês bem peculiar, um tapa de pelica, tem coisas que não precisam de explicação.', 'textOriginal': 'Viva o grande dragão vermelho! Simples não faz mais parte do partido, foi um jeito chinês bem peculiar, um tapa de pelica, tem coisas que não precisam de explicação.', 'authorDisplayName': 'Katendekwa K.T', 'authorProfileImageUrl': 'https://yt3.ggpht.com/ytc/AGIKgqO43erPYy-Ur1Cjlc0i1J9SShA_28lkk3TwRIEsWEU=s48-c-k-c0x00ffffff-no-rj', 'authorChannelUrl': 'http://www.youtube.com/channel/UCZ4trnFuwUea4zSSdAziqMw', 'authorChannelId': {'value': 'UCZ4trnFuwUea4zSSdAziqMw'}, 'canRate': True, 'viewerRating': 'none', 'likeCount': 1, 'publishedAt': '2022-10-23T19:39:38Z', 'updatedAt': '2022-10-23T19:39:38Z'}}, 'canReply': True, 'totalReplyCount': 0, 'isPublic': True}",,UCZ4trnFuwUea4zSSdAziqMw,2022-10-23T19:39:38Z,"Viva o grande dragão vermelho! Simples não faz mais parte do partido, foi um jeito chinês bem peculiar, um tapa de pelica, tem coisas que não precisam de explicação.",QURTSl9pM2dVMy1SOHRTUEVuTVY2RThHVDFpN2tSa1I1WHhmZWZwa0FUOHQzeF84eVJvWWZtaDN2TEVBUzU2WGh0Q2I3dFBBVjFWOXJSdw==,2023-06-08 15:04:27.780171
youtube#commentThread,Ps88u5irazDXPrY7XLi8M2122iM,Ugw8ols9jmgY1kdA39h4AaABAg,"{'videoId': 'uuh1ydDwwrQ', 'topLevelComment': {'kind': 'youtube#comment', 'etag': 'CP3eTfe_SWfuFv0gDPOv2Fiuo9Q', 'id': 'Ugw8ols9jmgY1kdA39h4AaABAg', 'snippet': {'videoId': 'uuh1ydDwwrQ', 'textDisplay': 'O comentarista está claramente passando panos no que claramente TODOS viram.  O político foi claramente retirado à força intencionalmente para que todos vejam como são tratados os que caem em desgraça pelo regime.  É patético ver como um “especialista” procura palavras para justificar a ditadura.', 'textOriginal': 'O comentarista está claramente passando panos no que claramente TODOS viram.  O político foi claramente retirado à força intencionalmente para que todos vejam como são tratados os que caem em desgraça pelo regime.  É patético ver como um “especialista” procura palavras para justificar a ditadura.', 'authorDisplayName': 'jujenho', 'authorProfileImageUrl': 'https://yt3.ggpht.com/ytc/AGIKgqPgGP5aBIrlao8_RAnbLi9i3W5GRl6J-9mDEw=s48-c-k-c0x00ffffff-no-rj', 'authorChannelUrl': 'http://www.youtube.com/channel/UCWVPDpLbaKVPmt5ZynXA0Iw', 'authorChannelId': {'value': 'UCWVPDpLbaKVPmt5ZynXA0Iw'}, 'canRate': True, 'viewerRating': 'none', 'likeCount': 0, 'publishedAt': '2022-10-23T19:33:33Z', 'updatedAt': '2022-10-23T19:33:33Z'}}, 'canReply': True, 'totalReplyCount': 0, 'isPublic': True}",,UCWVPDpLbaKVPmt5ZynXA0Iw,2022-10-23T19:33:33Z,O comentarista está claramente passando panos no que claramente TODOS viram.  O político foi claramente retirado à força intencionalmente para que todos vejam como são tratados os que caem em desgraça pelo regime.  É patético ver como um “especialista” procura palavras para justificar a ditadura.,QURTSl9pM2dVMy1SOHRTUEVuTVY2RThHVDFpN2tSa1I1WHhmZWZwa0FUOHQzeF84eVJvWWZtaDN2TEVBUzU2WGh0Q2I3dFBBVjFWOXJSdw==,2023-06-08 15:04:27.780171
youtube#commentThread,VYL-5nMT9xdAnTVWX1ZHDyDw1SE,UgyIyBJObeuVOmlyg0B4AaABAg,"{'videoId': 'uuh1ydDwwrQ', 'topLevelComment': {'kind': 'youtube#comment', 'etag': 'r-ieD88aZHoz7iUsOL7s9i27HC0', 'id': 'UgyIyBJObeuVOmlyg0B4AaABAg', 'snippet': {'videoId': 'uuh1ydDwwrQ', 'textDisplay': 'ESTAMOS COM VOCÊS JOVEM PAN!', 'textOriginal': 'ESTAMOS COM VOCÊS JOVEM PAN!', 'authorDisplayName': 'Neto Silva', 'authorProfileImageUrl': 'https://yt3.ggpht.com/ytc/AGIKgqP79_NugLPIDOBv6dmUG5Y3exyt5yLZvFUwr_2F7mqgqL6hOsguKfuWpbe9LFgJ=s48-c-k-c0x00ffffff-no-rj', 'authorChannelUrl': 'http://www.youtube.com/channel/UCA18HU7CpDPAmVK90xwZBIQ', 'authorChannelId': {'value': 'UCA18HU7CpDPAmVK90xwZBIQ'}, 'canRate': True, 'viewerRating': 'none', 'likeCount': 4, 'publishedAt': '2022-10-23T19:29:49Z', 'updatedAt': '2022-10-23T19:29:49Z'}}, 'canReply': True, 'totalReplyCount': 0, 'isPublic': True}",,UCA18HU7CpDPAmVK90xwZBIQ,2022-10-23T19:29:49Z,ESTAMOS COM VOCÊS JOVEM PAN!,QURTSl9pM2dVMy1SOHRTUEVuTVY2RThHVDFpN2tSa1I1WHhmZWZwa0FUOHQzeF84eVJvWWZtaDN2TEVBUzU2WGh0Q2I3dFBBVjFWOXJSdw==,2023-06-08 15:04:27.780171
youtube#commentThread,qaKCycmzJWPcJpNxn-FlRGfn_xE,Ugxk0uNHeF8K0HlfaTN4AaABAg,"{'videoId': 'uuh1ydDwwrQ', 'topLevelComment': {'kind': 'youtube#comment', 'etag': 'quAAMnzuwZZsCpfUEg_UeBPkhDU', 'id': 'Ugxk0uNHeF8K0HlfaTN4AaABAg', 'snippet': {'videoId': 'uuh1ydDwwrQ', 'textDisplay': 'Perguntas bobas haja vista o sujeito ser professor de Universidade Chinesa, professor em uma ditadura comunista.', 'textOriginal': 'Perguntas bobas haja vista o sujeito ser professor de Universidade Chinesa, professor em uma ditadura comunista.', 'authorDisplayName': 'Jose Augusto Freire', 'authorProfileImageUrl': 'https://yt3.ggpht.com/ytc/AGIKgqPgjXWsrZwKe0PRDMjqciHsaWi07mMwcVHR51dI0IA=s48-c-k-c0x00ffffff-no-rj', 'authorChannelUrl': 'http://www.youtube.com/channel/UC63PV0B2ZVuVFOpOWjXNdSQ', 'authorChannelId': {'value': 'UC63PV0B2ZVuVFOpOWjXNdSQ'}, 'canRate': True, 'viewerRating': 'none', 'likeCount': 0, 'publishedAt': '2022-10-23T18:48:35Z', 'updatedAt': '2022-10-23T18:48:35Z'}}, 'canReply': True, 'totalReplyCount': 0, 'isPublic': True}",,UC63PV0B2ZVuVFOpOWjXNdSQ,2022-10-23T18:48:35Z,"Perguntas bobas haja vista o sujeito ser professor de Universidade Chinesa, professor em uma ditadura comunista.",QURTSl9pM2dVMy1SOHRTUEVuTVY2RThHVDFpN2tSa1I1WHhmZWZwa0FUOHQzeF84eVJvWWZtaDN2TEVBUzU2WGh0Q2I3dFBBVjFWOXJSdw==,2023-06-08 15:04:27.780171
youtube#commentThread,chRzggedxu9z5MuIMF8_HoAo730,UgyYc3xUCl8yKlwoInZ4AaABAg,"{'videoId': 'uuh1ydDwwrQ', 'topLevelComment': {'kind': 'youtube#comment', 'etag': 'JluxAnnJnk7nfPEuAbBAtqLL-kw', 'id': 'UgyYc3xUCl8yKlwoInZ4AaABAg', 'snippet': {'videoId': 'uuh1ydDwwrQ', 'textDisplay': 'Grande salão do povo. <br>sqn kkk', 'textOriginal': 'Grande salão do povo. \\nsqn kkk', 'authorDisplayName': 'Jamilson Lontra Sanches', 'authorProfileImageUrl': 'https://yt3.ggpht.com/ytc/AGIKgqPbwlPiqUezpKUjnl16-uPIkxF_e8jY3yCgJQO90Wo=s48-c-k-c0x00ffffff-no-rj', 'authorChannelUrl': 'http://www.youtube.com/channel/UCDxx-EInI16j9PBX6ID-Bqw', 'authorChannelId': {'value': 'UCDxx-EInI16j9PBX6ID-Bqw'}, 'canRate': True, 'viewerRating': 'none', 'likeCount': 0, 'publishedAt': '2022-10-23T18:47:21Z', 'updatedAt': '2022-10-23T18:47:21Z'}}, 'canReply': True, 'totalReplyCount': 0, 'isPublic': True}",,UCDxx-EInI16j9PBX6ID-Bqw,2022-10-23T18:47:21Z,"Grande salão do povo. 
sqn kkk",QURTSl9pM2dVMy1SOHRTUEVuTVY2RThHVDFpN2tSa1I1WHhmZWZwa0FUOHQzeF84eVJvWWZtaDN2TEVBUzU2WGh0Q2I3dFBBVjFWOXJSdw==,2023-06-08 15:04:27.780171
youtube#commentThread,N2EY86OqOJwU621f5lSXgdMHC78,Ugw3pPEWHk_IjP_Q_Y54AaABAg,"{'videoId': 'uuh1ydDwwrQ', 'topLevelComment': {'kind': 'youtube#comment', 'etag': 'Imf2VWs-0cWOePDdbIwU6qPJ-eQ', 'id': 'Ugw3pPEWHk_IjP_Q_Y54AaABAg', 'snippet': {'videoId': 'uuh1ydDwwrQ', 'textDisplay': 'Mudaram o nome dele pra Fu Dintao.', 'textOriginal': 'Mudaram o nome dele pra Fu Dintao.', 'authorDisplayName': 'pearljaime2', 'authorProfileImageUrl': 'https://yt3.ggpht.com/ytc/AGIKgqP5N1qgMO7ZNpXV295sDAqRHZk33Gjg5pzP5w=s48-c-k-c0x00ffffff-no-rj', 'authorChannelUrl': 'http://www.youtube.com/channel/UCHz_zP2mwsXuEeRO4j9fMAg', 'authorChannelId': {'value': 'UCHz_zP2mwsXuEeRO4j9fMAg'}, 'canRate': True, 'viewerRating': 'none', 'likeCount': 0, 'publishedAt': '2022-10-23T18:45:26Z', 'updatedAt': '2022-10-23T18:45:26Z'}}, 'canReply': True, 'totalReplyCount': 0, 'isPublic': True}",,UCHz_zP2mwsXuEeRO4j9fMAg,2022-10-23T18:45:26Z,Mudaram o nome dele pra Fu Dintao.,QURTSl9pM2dVMy1SOHRTUEVuTVY2RThHVDFpN2tSa1I1WHhmZWZwa0FUOHQzeF84eVJvWWZtaDN2TEVBUzU2WGh0Q2I3dFBBVjFWOXJSdw==,2023-06-08 15:04:27.780171
youtube#commentThread,drJw49qvvp7meTL_27Ik5A_bFyQ,UgyMhy2tUdBgMAo1vGt4AaABAg,"{'videoId': 'uuh1ydDwwrQ', 'topLevelComment': {'kind': 'youtube#comment', 'etag': 'S26jNwwiyKE2y8sOLXtCsQvP9aM', 'id': 'UgyMhy2tUdBgMAo1vGt4AaABAg', 'snippet': {'videoId': 'uuh1ydDwwrQ', 'textDisplay': 'O cara é puxado pelo braço, resistindo a sair.  Professor comunista: &quot; tudo normal, ele estava doente.&quot;', 'textOriginal': 'O cara é puxado pelo braço, resistindo a sair.  Professor comunista: "" tudo normal, ele estava doente.""', 'authorDisplayName': 'El Chico', 'authorProfileImageUrl': 'https://yt3.ggpht.com/8wU23LgzrxbBgNICmelBWQ3Hvc2ZsBaHT3RYD6FEM9QzteTGQWqEbiyjE2GNc1amUrgCiFmXMko=s48-c-k-c0x00ffffff-no-rj', 'authorChannelUrl': 'http://www.youtube.com/channel/UCWX45kVHJQNOWmKhBlGzo1w', 'authorChannelId': {'value': 'UCWX45kVHJQNOWmKhBlGzo1w'}, 'canRate': True, 'viewerRating': 'none', 'likeCount': 36, 'publishedAt': '2022-10-23T17:03:54Z', 'updatedAt': '2022-10-23T17:03:54Z'}}, 'canReply': True, 'totalReplyCount': 1, 'isPublic': True}","{'comments': [{'kind': 'youtube#comment', 'etag': 's9T7pTDskwgxJDiD3-9CU9-dCXI', 'id': 'UgyMhy2tUdBgMAo1vGt4AaABAg.9hXajWv_0FG9heTIERAHdr', 'snippet': {'videoId': 'uuh1ydDwwrQ', 'textDisplay': 'Sim, claro, um senhor de idade....Camaradas não disputam o poder, eles se revestem dele para o bem geral do povo.', 'textOriginal': 'Sim, claro, um senhor de idade....Camaradas não disputam o poder, eles se revestem dele para o bem geral do povo.', 'parentId': 'UgyMhy2tUdBgMAo1vGt4AaABAg', 'authorDisplayName': 'adelino Athylus', 'authorProfileImageUrl': 'https://yt3.ggpht.com/ytc/AGIKgqOTYsrLeA5gs4dVjfSIM2s9DFMG96aq2sMn_mBK=s48-c-k-c0x00ffffff-no-rj', 'authorChannelUrl': 'http://www.youtube.com/channel/UCqVKmA_7BT0LxXA5wGJCpTQ', 'authorChannelId': {'value': 'UCqVKmA_7BT0LxXA5wGJCpTQ'}, 'canRate': True, 'viewerRating': 'none', 'likeCount': 0, 'publishedAt': '2022-10-26T18:24:03Z', 'updatedAt': '2022-10-26T18:24:03Z'}}]}",UCWX45kVHJQNOWmKhBlGzo1w,2022-10-23T17:03:54Z,"O cara é puxado pelo braço, resistindo a sair.  Professor comunista: "" tudo normal, ele estava doente.""",QURTSl9pM2dVMy1SOHRTUEVuTVY2RThHVDFpN2tSa1I1WHhmZWZwa0FUOHQzeF84eVJvWWZtaDN2TEVBUzU2WGh0Q2I3dFBBVjFWOXJSdw==,2023-06-08 15:04:27.780171
youtube#commentThread,UzAgljSQdzYKjhcXLiAGd_VkeJM,UgyW2ehOjmR074cRkTF4AaABAg,"{'videoId': 'uuh1ydDwwrQ', 'topLevelComment': {'kind': 'youtube#comment', 'etag': 'NZ1jSETcHOppAkJYR8ANsGLUKwo', 'id': 'UgyW2ehOjmR074cRkTF4AaABAg', 'snippet': {'videoId': 'uuh1ydDwwrQ', 'textDisplay': 'Pôr falar em comunistas..⚰️🤡👺🐀👿👹.o amigo do Ratão de 9 dedos cortou o sinal da CNN na Nicarágua 💣<br><br>Jair Bolsonaro é imbatível 🇧🇷 22 🇧🇷😇🙏', 'textOriginal': 'Pôr falar em comunistas..⚰️🤡👺🐀👿👹.o amigo do Ratão de 9 dedos cortou o sinal da CNN na Nicarágua 💣\\n\\nJair Bolsonaro é imbatível 🇧🇷 22 🇧🇷😇🙏', 'authorDisplayName': 'Marcos Oliveira Lemos', 'authorProfileImageUrl': 'https://yt3.ggpht.com/ytc/AGIKgqO6URqqosQ7SB7fpf_ROidiHCuyOtQzpsZXnQ=s48-c-k-c0x00ffffff-no-rj', 'authorChannelUrl': 'http://www.youtube.com/channel/UChNyzIs0Ryybbhdyb2nMfpg', 'authorChannelId': {'value': 'UChNyzIs0Ryybbhdyb2nMfpg'}, 'canRate': True, 'viewerRating': 'none', 'likeCount': 0, 'publishedAt': '2022-10-23T16:14:23Z', 'updatedAt': '2022-10-23T16:14:23Z'}}, 'canReply': True, 'totalReplyCount': 0, 'isPublic': True}",,UChNyzIs0Ryybbhdyb2nMfpg,2022-10-23T16:14:23Z,"Pôr falar em comunistas..⚰️🤡👺🐀👿👹.o amigo do Ratão de 9 dedos cortou o sinal da CNN na Nicarágua 💣

Jair Bolsonaro é imbatível 🇧🇷 22 🇧🇷😇🙏",QURTSl9pM2dVMy1SOHRTUEVuTVY2RThHVDFpN2tSa1I1WHhmZWZwa0FUOHQzeF84eVJvWWZtaDN2TEVBUzU2WGh0Q2I3dFBBVjFWOXJSdw==,2023-06-08 15:04:27.780171
youtube#commentThread,whp8c_OtFSkgjFBQPYV8QeidpOY,UgzoeGKOCM2pSu9hmS54AaABAg,"{'videoId': 'uuh1ydDwwrQ', 'topLevelComment': {'kind': 'youtube#comment', 'etag': 'UFPY5zmb5xQa91Z7Fvdxlh_TVig', 'id': 'UgzoeGKOCM2pSu9hmS54AaABAg', 'snippet': {'videoId': 'uuh1ydDwwrQ', 'textDisplay': 'ISSO ACONTECERÁ COM O BOLSONARO SE A DIREITA DEIXAR', 'textOriginal': 'ISSO ACONTECERÁ COM O BOLSONARO SE A DIREITA DEIXAR', 'authorDisplayName': 'Lord Brazano', 'authorProfileImageUrl': 'https://yt3.ggpht.com/ytc/AGIKgqPpxUvKU8I-UpJ2fo6oMmtsXaM_LFL5ujD6W5uTNg=s48-c-k-c0x00ffffff-no-rj', 'authorChannelUrl': 'http://www.youtube.com/channel/UCfnHxSKEvVm18yKErIGmp6w', 'authorChannelId': {'value': 'UCfnHxSKEvVm18yKErIGmp6w'}, 'canRate': True, 'viewerRating': 'none', 'likeCount': 1, 'publishedAt': '2022-10-23T16:05:56Z', 'updatedAt': '2022-10-23T16:05:56Z'}}, 'canReply': True, 'totalReplyCount': 0, 'isPublic': True}",,UCfnHxSKEvVm18yKErIGmp6w,2022-10-23T16:05:56Z,ISSO ACONTECERÁ COM O BOLSONARO SE A DIREITA DEIXAR,QURTSl9pM2dVMy1SOHRTUEVuTVY2RThHVDFpN2tSa1I1WHhmZWZwa0FUOHQzeF84eVJvWWZtaDN2TEVBUzU2WGh0Q2I3dFBBVjFWOXJSdw==,2023-06-08 15:04:27.780171
youtube#commentThread,wgEs3ONIEfSruDisoicW2GrB_y4,UgyziABkXILrJ4VvVzx4AaABAg,"{'videoId': 'uuh1ydDwwrQ', 'topLevelComment': {'kind': 'youtube#comment', 'etag': 'kbcXse-9gfeLamijJHwiJItHnWc', 'id': 'UgyziABkXILrJ4VvVzx4AaABAg', 'snippet': {'videoId': 'uuh1ydDwwrQ', 'textDisplay': 'Independentemente do a China venha a responder, é só interpretar ao contrário. Mentira é o modo de governo e vida deles. <br>Dizer a verdade deve dar até &quot;urticária&quot; neles!', 'textOriginal': 'Independentemente do a China venha a responder, é só interpretar ao contrário. Mentira é o modo de governo e vida deles. \\nDizer a verdade deve dar até ""urticária"" neles!', 'authorDisplayName': 'Fabricio', 'authorProfileImageUrl': 'https://yt3.ggpht.com/ytc/AGIKgqN7u4ZjuMtHjjTYUPwvQ-Dkb4QXw3M7WQYb6x60t88=s48-c-k-c0x00ffffff-no-rj', 'authorChannelUrl': 'http://www.youtube.com/channel/UCqYYxz7-8EelHRBfDuR91OQ', 'authorChannelId': {'value': 'UCqYYxz7-8EelHRBfDuR91OQ'}, 'canRate': True, 'viewerRating': 'none', 'likeCount': 0, 'publishedAt': '2022-10-23T15:55:11Z', 'updatedAt': '2022-10-23T15:55:11Z'}}, 'canReply': True, 'totalReplyCount': 0, 'isPublic': True}",,UCqYYxz7-8EelHRBfDuR91OQ,2022-10-23T15:55:11Z,"Independentemente do a China venha a responder, é só interpretar ao contrário. Mentira é o modo de governo e vida deles. 
Dizer a verdade deve dar até ""urticária"" neles!",QURTSl9pM2dVMy1SOHRTUEVuTVY2RThHVDFpN2tSa1I1WHhmZWZwa0FUOHQzeF84eVJvWWZtaDN2TEVBUzU2WGh0Q2I3dFBBVjFWOXJSdw==,2023-06-08 15:04:27.780171
youtube#commentThread,VIY73WQOwVUtsBBpu0IJuF3sUIw,Ugy5_cIB6MjeKNRRzV14AaABAg,"{'videoId': 'uuh1ydDwwrQ', 'topLevelComment': {'kind': 'youtube#comment', 'etag': 'lE5k-VQNOwHZM3InuoU6kx8cFHU', 'id': 'Ugy5_cIB6MjeKNRRzV14AaABAg', 'snippet': {'videoId': 'uuh1ydDwwrQ', 'textDisplay': 'A esquerda e assim', 'textOriginal': 'A esquerda e assim', 'authorDisplayName': 'José Carlos Teixeira Franco', 'authorProfileImageUrl': 'https://yt3.ggpht.com/ytc/AGIKgqMApj1GsvxSLClY3Cy9c6DD8mVh6ae2F8p8OKMWBc6AKNy3Jqftki-MSRzhw1mn=s48-c-k-c0x00ffffff-no-rj', 'authorChannelUrl': 'http://www.youtube.com/channel/UCJDxBEeDU3CVU5BgtXUsW3w', 'authorChannelId': {'value': 'UCJDxBEeDU3CVU5BgtXUsW3w'}, 'canRate': True, 'viewerRating': 'none', 'likeCount': 0, 'publishedAt': '2022-10-23T15:24:57Z', 'updatedAt': '2022-10-23T15:24:57Z'}}, 'canReply': True, 'totalReplyCount': 0, 'isPublic': True}",,UCJDxBEeDU3CVU5BgtXUsW3w,2022-10-23T15:24:57Z,A esquerda e assim,QURTSl9pM2dVMy1SOHRTUEVuTVY2RThHVDFpN2tSa1I1WHhmZWZwa0FUOHQzeF84eVJvWWZtaDN2TEVBUzU2WGh0Q2I3dFBBVjFWOXJSdw==,2023-06-08 15:04:27.780171
youtube#commentThread,0AB6T4rdzAXTb2NOkRJNwkeUCUQ,UgxUOlj_MgwJg-ApFnZ4AaABAg,"{'videoId': 'uuh1ydDwwrQ', 'topLevelComment': {'kind': 'youtube#comment', 'etag': 'SQzwon22Tr7u-1kFFpkRL20d5gY', 'id': 'UgxUOlj_MgwJg-ApFnZ4AaABAg', 'snippet': {'videoId': 'uuh1ydDwwrQ', 'textDisplay': 'E reza lenda que após o mal estar nunca mais foi visto.', 'textOriginal': 'E reza lenda que após o mal estar nunca mais foi visto.', 'authorDisplayName': 'Aparecido Azevedo', 'authorProfileImageUrl': 'https://yt3.ggpht.com/mG5qoIKWd9ssoZa5nSViH1e-PGHCYdUosVtZXEM_PujnQpYPFrJRuiL30775qih9gFJxs0RdGdE=s48-c-k-c0x00ffffff-no-rj', 'authorChannelUrl': 'http://www.youtube.com/channel/UCIpjs71vPL5l_rQle1Qaa1w', 'authorChannelId': {'value': 'UCIpjs71vPL5l_rQle1Qaa1w'}, 'canRate': True, 'viewerRating': 'none', 'likeCount': 2, 'publishedAt': '2022-10-23T15:14:27Z', 'updatedAt': '2022-10-23T15:14:27Z'}}, 'canReply': True, 'totalReplyCount': 1, 'isPublic': True}","{'comments': [{'kind': 'youtube#comment', 'etag': 'cZa7g2ph_Ss13gFiQmb87_tUuSs', 'id': 'UgxUOlj_MgwJg-ApFnZ4AaABAg.9hXPCwdjpui9h_GcI-nxDy', 'snippet': {'videoId': 'uuh1ydDwwrQ', 'textDisplay': 'Eita.', 'textOriginal': 'Eita.', 'parentId': 'UgxUOlj_MgwJg-ApFnZ4AaABAg', 'authorDisplayName': 'Roberto Oliveira', 'authorProfileImageUrl': 'https://yt3.ggpht.com/ytc/AGIKgqOXaBozoA4OWDjE3vkpsuwFMvqBsRGRW3GFaA=s48-c-k-c0x00ffffff-no-rj', 'authorChannelUrl': 'http://www.youtube.com/channel/UC6BmSziG4cTqCQLkoMTkKXg', 'authorChannelId': {'value': 'UC6BmSziG4cTqCQLkoMTkKXg'}, 'canRate': True, 'viewerRating': 'none', 'likeCount': 1, 'publishedAt': '2022-10-24T17:57:08Z', 'updatedAt': '2022-10-24T17:57:08Z'}}]}",UCIpjs71vPL5l_rQle1Qaa1w,2022-10-23T15:14:27Z,E reza lenda que após o mal estar nunca mais foi visto.,QURTSl9pM2dVMy1SOHRTUEVuTVY2RThHVDFpN2tSa1I1WHhmZWZwa0FUOHQzeF84eVJvWWZtaDN2TEVBUzU2WGh0Q2I3dFBBVjFWOXJSdw==,2023-06-08 15:04:27.780171
youtube#commentThread,3VVLbhhREh7M0bujdRBMsNLhRuo,Ugy3tWwl3rAwNkeage94AaABAg,"{'videoId': 'uuh1ydDwwrQ', 'topLevelComment': {'kind': 'youtube#comment', 'etag': 'CEqCZ07KwGhnh1gxjH193FP338I', 'id': 'Ugy3tWwl3rAwNkeage94AaABAg', 'snippet': {'videoId': 'uuh1ydDwwrQ', 'textDisplay': 'Que continue &quot;censurada&quot;', 'textOriginal': 'Que continue ""censurada""', 'authorDisplayName': 'wangleyson', 'authorProfileImageUrl': 'https://yt3.ggpht.com/ytc/AGIKgqM_kUrG-o8StcW7_wP-_aysd9eugyFM2QCpR17iRg=s48-c-k-c0x00ffffff-no-rj', 'authorChannelUrl': 'http://www.youtube.com/channel/UCIB6kSBA71FSdA3LPi9D0Nw', 'authorChannelId': {'value': 'UCIB6kSBA71FSdA3LPi9D0Nw'}, 'canRate': True, 'viewerRating': 'none', 'likeCount': 0, 'publishedAt': '2022-10-23T15:07:25Z', 'updatedAt': '2022-10-23T15:07:25Z'}}, 'canReply': True, 'totalReplyCount': 0, 'isPublic': True}",,UCIB6kSBA71FSdA3LPi9D0Nw,2022-10-23T15:07:25Z,"Que continue ""censurada""",QURTSl9pM2dVMy1SOHRTUEVuTVY2RThHVDFpN2tSa1I1WHhmZWZwa0FUOHQzeF84eVJvWWZtaDN2TEVBUzU2WGh0Q2I3dFBBVjFWOXJSdw==,2023-06-08 15:04:27.780171
youtube#commentThread,dyUaMwkX0Aw1J3KEG_5a3kk-n0o,Ugy6bk4mU5D8bzCEHVN4AaABAg,"{'videoId': 'uuh1ydDwwrQ', 'topLevelComment': {'kind': 'youtube#comment', 'etag': 'cCUC3z_SengDGvYK2pmVgfV3LlU', 'id': 'Ugy6bk4mU5D8bzCEHVN4AaABAg', 'snippet': {'videoId': 'uuh1ydDwwrQ', 'textDisplay': 'Passando mal! ?kkkkkkk Vamos ali tomar um remédio bom kkkkkkk', 'textOriginal': 'Passando mal! ?kkkkkkk Vamos ali tomar um remédio bom kkkkkkk', 'authorDisplayName': 'Viviane Garcia', 'authorProfileImageUrl': 'https://yt3.ggpht.com/ytc/AGIKgqOF9ASo9mM9eafibE75G7kcEItYVgVCegZQgg=s48-c-k-c0x00ffffff-no-rj', 'authorChannelUrl': 'http://www.youtube.com/channel/UCeH9s_AH7gDGwga2RYJfwtA', 'authorChannelId': {'value': 'UCeH9s_AH7gDGwga2RYJfwtA'}, 'canRate': True, 'viewerRating': 'none', 'likeCount': 0, 'publishedAt': '2022-10-23T15:06:22Z', 'updatedAt': '2022-10-23T15:06:22Z'}}, 'canReply': True, 'totalReplyCount': 0, 'isPublic': True}",,UCeH9s_AH7gDGwga2RYJfwtA,2022-10-23T15:06:22Z,Passando mal! ?kkkkkkk Vamos ali tomar um remédio bom kkkkkkk,QURTSl9pM2dVMy1SOHRTUEVuTVY2RThHVDFpN2tSa1I1WHhmZWZwa0FUOHQzeF84eVJvWWZtaDN2TEVBUzU2WGh0Q2I3dFBBVjFWOXJSdw==,2023-06-08 15:04:27.780171
youtube#commentThread,uELV8cAkGLA1bYbeR7GZQKYLceo,Ugyf1AAXmFC_Z_uMGEZ4AaABAg,"{'videoId': 'uuh1ydDwwrQ', 'topLevelComment': {'kind': 'youtube#comment', 'etag': '8Db0XQmSZce-2FDQcVdRa0MX3yo', 'id': 'Ugyf1AAXmFC_Z_uMGEZ4AaABAg', 'snippet': {'videoId': 'uuh1ydDwwrQ', 'textDisplay': 'Brasil 22 neles Brasil', 'textOriginal': 'Brasil 22 neles Brasil', 'authorDisplayName': 'Edinaldo Lima', 'authorProfileImageUrl': 'https://yt3.ggpht.com/ytc/AGIKgqN5oEFY_OITRUbjB4l0Q7Vxow3MTQNg5sQYiA=s48-c-k-c0x00ffffff-no-rj', 'authorChannelUrl': 'http://www.youtube.com/channel/UC8vEJ9EFiuJWR3x12q8M0lA', 'authorChannelId': {'value': 'UC8vEJ9EFiuJWR3x12q8M0lA'}, 'canRate': True, 'viewerRating': 'none', 'likeCount': 0, 'publishedAt': '2022-10-23T14:59:49Z', 'updatedAt': '2022-10-23T14:59:49Z'}}, 'canReply': True, 'totalReplyCount': 0, 'isPublic': True}",,UC8vEJ9EFiuJWR3x12q8M0lA,2022-10-23T14:59:49Z,Brasil 22 neles Brasil,QURTSl9pM2dVMy1SOHRTUEVuTVY2RThHVDFpN2tSa1I1WHhmZWZwa0FUOHQzeF84eVJvWWZtaDN2TEVBUzU2WGh0Q2I3dFBBVjFWOXJSdw==,2023-06-08 15:04:27.780171
youtube#commentThread,KR9nkvwEsW-CdSpsq00b63tAqjE,UgxDqrAXI3TRloqL1JR4AaABAg,"{'videoId': 'uuh1ydDwwrQ', 'topLevelComment': {'kind': 'youtube#comment', 'etag': 'L3FRsr3ewTCA_NkiebWaQ7RNqxo', 'id': 'UgxDqrAXI3TRloqL1JR4AaABAg', 'snippet': {'videoId': 'uuh1ydDwwrQ', 'textDisplay': 'essa hora ele já deve ter sido queimado.....', 'textOriginal': 'essa hora ele já deve ter sido queimado.....', 'authorDisplayName': 'Fernando Leme', 'authorProfileImageUrl': 'https://yt3.ggpht.com/ytc/AGIKgqNmCzbofutIkCA2E7G-ffp6-4WH5ixZZErHxQ=s48-c-k-c0x00ffffff-no-rj', 'authorChannelUrl': 'http://www.youtube.com/channel/UCcHITV_EUkJLy2XP2xqczTw', 'authorChannelId': {'value': 'UCcHITV_EUkJLy2XP2xqczTw'}, 'canRate': True, 'viewerRating': 'none', 'likeCount': 0, 'publishedAt': '2022-10-23T14:59:36Z', 'updatedAt': '2022-10-23T14:59:36Z'}}, 'canReply': True, 'totalReplyCount': 0, 'isPublic': True}",,UCcHITV_EUkJLy2XP2xqczTw,2022-10-23T14:59:36Z,essa hora ele já deve ter sido queimado.....,QURTSl9pM2dVMy1SOHRTUEVuTVY2RThHVDFpN2tSa1I1WHhmZWZwa0FUOHQzeF84eVJvWWZtaDN2TEVBUzU2WGh0Q2I3dFBBVjFWOXJSdw==,2023-06-08 15:04:27.780171
youtube#commentThread,r4miIwoQDNWqidIMRJKz-kTY3Zw,Ugw3VNp25MbBQ9SMCEt4AaABAg,"{'videoId': 'uuh1ydDwwrQ', 'topLevelComment': {'kind': 'youtube#comment', 'etag': 'n_yQJ3FSn4MqKH3gJzyH0I4aaPA', 'id': 'Ugw3VNp25MbBQ9SMCEt4AaABAg', 'snippet': {'videoId': 'uuh1ydDwwrQ', 'textDisplay': 'Nunca vai se saber a verdade...vão dizer o que bem entenderem como sempre!', 'textOriginal': 'Nunca vai se saber a verdade...vão dizer o que bem entenderem como sempre!', 'authorDisplayName': 'Berenice Fulginiti', 'authorProfileImageUrl': 'https://yt3.ggpht.com/ytc/AGIKgqMkiB0tX48dL0ii736Onq2DkqIuZNsQ5fyxd-mulsg=s48-c-k-c0x00ffffff-no-rj', 'authorChannelUrl': 'http://www.youtube.com/channel/UCrm8X1PfUfxwLvil5d23r-A', 'authorChannelId': {'value': 'UCrm8X1PfUfxwLvil5d23r-A'}, 'canRate': True, 'viewerRating': 'none', 'likeCount': 2, 'publishedAt': '2022-10-23T14:58:12Z', 'updatedAt': '2022-10-23T14:58:12Z'}}, 'canReply': True, 'totalReplyCount': 0, 'isPublic': True}",,UCrm8X1PfUfxwLvil5d23r-A,2022-10-23T14:58:12Z,Nunca vai se saber a verdade...vão dizer o que bem entenderem como sempre!,QURTSl9pMDdxbm0zelM2QlJrN0FJMi1wOGdQb05ZZnlTbjdnVEtQYXRyRG9Db21KNlBOTEE0NEM4SUNtNUhpTFg2NzFTOGtxS0w4UjA2WQ==,2023-06-08 15:04:28.548179
youtube#commentThread,iVDDUV94qeabg2ehI7X6kjMrWfY,Ugy666XJmjFcNBdU1dR4AaABAg,"{'videoId': 'uuh1ydDwwrQ', 'topLevelComment': {'kind': 'youtube#comment', 'etag': 'oAT4ZQKLzVe2Pmlynq4weRSq6yA', 'id': 'Ugy666XJmjFcNBdU1dR4AaABAg', 'snippet': {'videoId': 'uuh1ydDwwrQ', 'textDisplay': 'Vão dizer quê isso é culpa do nosso presidente nada vê esse chinês não quer sair do osso não quer largar o povo chinês dê bem tem que agir', 'textOriginal': 'Vão dizer quê isso é culpa do nosso presidente nada vê esse chinês não quer sair do osso não quer largar o povo chinês dê bem tem que agir', 'authorDisplayName': 'Edinaldo Lima', 'authorProfileImageUrl': 'https://yt3.ggpht.com/ytc/AGIKgqN5oEFY_OITRUbjB4l0Q7Vxow3MTQNg5sQYiA=s48-c-k-c0x00ffffff-no-rj', 'authorChannelUrl': 'http://www.youtube.com/channel/UC8vEJ9EFiuJWR3x12q8M0lA', 'authorChannelId': {'value': 'UC8vEJ9EFiuJWR3x12q8M0lA'}, 'canRate': True, 'viewerRating': 'none', 'likeCount': 0, 'publishedAt': '2022-10-23T14:57:45Z', 'updatedAt': '2022-10-23T14:57:45Z'}}, 'canReply': True, 'totalReplyCount': 0, 'isPublic': True}",,UC8vEJ9EFiuJWR3x12q8M0lA,2022-10-23T14:57:45Z,Vão dizer quê isso é culpa do nosso presidente nada vê esse chinês não quer sair do osso não quer largar o povo chinês dê bem tem que agir,QURTSl9pMDdxbm0zelM2QlJrN0FJMi1wOGdQb05ZZnlTbjdnVEtQYXRyRG9Db21KNlBOTEE0NEM4SUNtNUhpTFg2NzFTOGtxS0w4UjA2WQ==,2023-06-08 15:04:28.548179
youtube#commentThread,DVWvngsArzal--szBPk9YViCLRE,Ugyncdn9UC4zzjCWXrR4AaABAg,"{'videoId': 'uuh1ydDwwrQ', 'topLevelComment': {'kind': 'youtube#comment', 'etag': '9Sa4_WoBaRXHW1GJ-hkAaNcR1h8', 'id': 'Ugyncdn9UC4zzjCWXrR4AaABAg', 'snippet': {'videoId': 'uuh1ydDwwrQ', 'textDisplay': 'Explicado o Motivo da Retirada dele. A esposa dele estava na porta para fazer uma Reclamaçao a Ele.pois Ela pediu pra ele compra Cachorro assado para o Almoço , e Ele comprou Morcego 😏', 'textOriginal': 'Explicado o Motivo da Retirada dele. A esposa dele estava na porta para fazer uma Reclamaçao a Ele.pois Ela pediu pra ele compra Cachorro assado para o Almoço , e Ele comprou Morcego 😏', 'authorDisplayName': 'João Maria Fragozo', 'authorProfileImageUrl': 'https://yt3.ggpht.com/ytc/AGIKgqPbRTZSbV7vh6Ul2FDP3SyOBrTorGdITTuZ3dGgug=s48-c-k-c0x00ffffff-no-rj', 'authorChannelUrl': 'http://www.youtube.com/channel/UCQfnS2ovj9bQ_FWw9egiIqQ', 'authorChannelId': {'value': 'UCQfnS2ovj9bQ_FWw9egiIqQ'}, 'canRate': True, 'viewerRating': 'none', 'likeCount': 1, 'publishedAt': '2022-10-23T14:53:19Z', 'updatedAt': '2022-10-23T14:53:19Z'}}, 'canReply': True, 'totalReplyCount': 0, 'isPublic': True}",,UCQfnS2ovj9bQ_FWw9egiIqQ,2022-10-23T14:53:19Z,"Explicado o Motivo da Retirada dele. A esposa dele estava na porta para fazer uma Reclamaçao a Ele.pois Ela pediu pra ele compra Cachorro assado para o Almoço , e Ele comprou Morcego 😏",QURTSl9pMDdxbm0zelM2QlJrN0FJMi1wOGdQb05ZZnlTbjdnVEtQYXRyRG9Db21KNlBOTEE0NEM4SUNtNUhpTFg2NzFTOGtxS0w4UjA2WQ==,2023-06-08 15:04:28.548179
youtube#commentThread,k1Z5hP1PMc3tlKh6ZInCGyilkOY,Ugy13bgk0j-cz8dGIhx4AaABAg,"{'videoId': 'uuh1ydDwwrQ', 'topLevelComment': {'kind': 'youtube#comment', 'etag': '5HRWEZVSTOBoUcDZGTRFwfqlh4g', 'id': 'Ugy13bgk0j-cz8dGIhx4AaABAg', 'snippet': {'videoId': 'uuh1ydDwwrQ', 'textDisplay': 'estava passando mal...<br>tipo: vamos que vc vai ser executado...', 'textOriginal': 'estava passando mal...\\ntipo: vamos que vc vai ser executado...', 'authorDisplayName': 'Local luzes', 'authorProfileImageUrl': 'https://yt3.ggpht.com/ytc/AGIKgqPBHFKveHMDNMIRzhNHwsht5RI1cDHZUSdINfawFAv1-hs1EpyztAFTt4bcWHRB=s48-c-k-c0x00ffffff-no-rj', 'authorChannelUrl': 'http://www.youtube.com/channel/UC5rUycKfESddaRA9GsY4__A', 'authorChannelId': {'value': 'UC5rUycKfESddaRA9GsY4__A'}, 'canRate': True, 'viewerRating': 'none', 'likeCount': 0, 'publishedAt': '2022-10-23T14:47:26Z', 'updatedAt': '2022-10-23T14:47:26Z'}}, 'canReply': True, 'totalReplyCount': 0, 'isPublic': True}",,UC5rUycKfESddaRA9GsY4__A,2022-10-23T14:47:26Z,"estava passando mal...
tipo: vamos que vc vai ser executado...",QURTSl9pMDdxbm0zelM2QlJrN0FJMi1wOGdQb05ZZnlTbjdnVEtQYXRyRG9Db21KNlBOTEE0NEM4SUNtNUhpTFg2NzFTOGtxS0w4UjA2WQ==,2023-06-08 15:04:28.548179
youtube#commentThread,a4j1lfOSTsvws4JgQCmWYaBkinA,Ugwq9Wd6cWP6oydb8A54AaABAg,"{'videoId': 'uuh1ydDwwrQ', 'topLevelComment': {'kind': 'youtube#comment', 'etag': 'Q6MpDBHBhuB53knq6zhAhp-umwY', 'id': 'Ugwq9Wd6cWP6oydb8A54AaABAg', 'snippet': {'videoId': 'uuh1ydDwwrQ', 'textDisplay': 'Será que a JP foi censurada mesmo ou a direção dela se colocou nesta posição? e quando falo em se colocar usem suas imaginações..', 'textOriginal': 'Será que a JP foi censurada mesmo ou a direção dela se colocou nesta posição? e quando falo em se colocar usem suas imaginações..', 'authorDisplayName': 'lucas de sousa coelho', 'authorProfileImageUrl': 'https://yt3.ggpht.com/ytc/AGIKgqOzY_Zv7qbfljh4uA2dotDeW20V7ei9Yf2b2m6W=s48-c-k-c0x00ffffff-no-rj', 'authorChannelUrl': 'http://www.youtube.com/channel/UC2-W5aM0VNCmdsniOTgsW6w', 'authorChannelId': {'value': 'UC2-W5aM0VNCmdsniOTgsW6w'}, 'canRate': True, 'viewerRating': 'none', 'likeCount': 0, 'publishedAt': '2022-10-23T14:44:21Z', 'updatedAt': '2022-10-23T14:44:21Z'}}, 'canReply': True, 'totalReplyCount': 0, 'isPublic': True}",,UC2-W5aM0VNCmdsniOTgsW6w,2022-10-23T14:44:21Z,Será que a JP foi censurada mesmo ou a direção dela se colocou nesta posição? e quando falo em se colocar usem suas imaginações..,QURTSl9pMDdxbm0zelM2QlJrN0FJMi1wOGdQb05ZZnlTbjdnVEtQYXRyRG9Db21KNlBOTEE0NEM4SUNtNUhpTFg2NzFTOGtxS0w4UjA2WQ==,2023-06-08 15:04:28.548179
youtube#commentThread,lSGYo9j8hLg_l1AgiwbleIEDHl4,UgwHYwuqwxVbBsEBMXV4AaABAg,"{'videoId': 'uuh1ydDwwrQ', 'topLevelComment': {'kind': 'youtube#comment', 'etag': 'zVRp4wBQPDWD58xGUUHSFBZNVVk', 'id': 'UgwHYwuqwxVbBsEBMXV4AaABAg', 'snippet': {'videoId': 'uuh1ydDwwrQ', 'textDisplay': 'As máscara nunca foram para proteger de nada, foi um sinal que dava início a censura no mundo todo, somente os líderes de cada país sabia como prosseguir com a censura e o avanço do comunismo, esses líderes estão no comando da saúde mundial &quot;OMS&quot; , das Igrejas &quot;Bergolio Francisco&quot; dos países &quot;Presidentes&quot; na política &quot;TSE e STF, Pedófilia &quot;Artistas e políticos&quot; todos servem a China comunista para implementação da nova ordem mundial. Mais algo grande vai acontecer e quando estiver perto vai aparecer um grande sinal no céu, esse será a última chance de remissão.', 'textOriginal': 'As máscara nunca foram para proteger de nada, foi um sinal que dava início a censura no mundo todo, somente os líderes de cada país sabia como prosseguir com a censura e o avanço do comunismo, esses líderes estão no comando da saúde mundial ""OMS"" , das Igrejas ""Bergolio Francisco"" dos países ""Presidentes"" na política ""TSE e STF, Pedófilia ""Artistas e políticos"" todos servem a China comunista para implementação da nova ordem mundial. Mais algo grande vai acontecer e quando estiver perto vai aparecer um grande sinal no céu, esse será a última chance de remissão.', 'authorDisplayName': 'Bárbaros', 'authorProfileImageUrl': 'https://yt3.ggpht.com/iXybQfzSpyctcCOCmLiXlBrkD0NvkRqdiPuUfCXR1T0u-HZyujsoMGuvjAUHESxe0njN9up9=s48-c-k-c0x00ffffff-no-rj', 'authorChannelUrl': 'http://www.youtube.com/channel/UCR_ascOoj7HcFtt6P5sa53g', 'authorChannelId': {'value': 'UCR_ascOoj7HcFtt6P5sa53g'}, 'canRate': True, 'viewerRating': 'none', 'likeCount': 0, 'publishedAt': '2022-10-23T14:43:08Z', 'updatedAt': '2022-10-23T14:44:54Z'}}, 'canReply': True, 'totalReplyCount': 0, 'isPublic': True}",,UCR_ascOoj7HcFtt6P5sa53g,2022-10-23T14:43:08Z,"As máscara nunca foram para proteger de nada, foi um sinal que dava início a censura no mundo todo, somente os líderes de cada país sabia como prosseguir com a censura e o avanço do comunismo, esses líderes estão no comando da saúde mundial ""OMS"" , das Igrejas ""Bergolio Francisco"" dos países ""Presidentes"" na política ""TSE e STF, Pedófilia ""Artistas e políticos"" todos servem a China comunista para implementação da nova ordem mundial. Mais algo grande vai acontecer e quando estiver perto vai aparecer um grande sinal no céu, esse será a última chance de remissão.",QURTSl9pMDdxbm0zelM2QlJrN0FJMi1wOGdQb05ZZnlTbjdnVEtQYXRyRG9Db21KNlBOTEE0NEM4SUNtNUhpTFg2NzFTOGtxS0w4UjA2WQ==,2023-06-08 15:04:28.548179
youtube#commentThread,RkXnBxllRxpEYtKBPfdD_x6qSlc,Ugw2XDGGMMsDLw-wE654AaABAg,"{'videoId': 'uuh1ydDwwrQ', 'topLevelComment': {'kind': 'youtube#comment', 'etag': 'RznqVHkOGBS6rkOy_LLuO8gqqGg', 'id': 'Ugw2XDGGMMsDLw-wE654AaABAg', 'snippet': {'videoId': 'uuh1ydDwwrQ', 'textDisplay': 'Vai ver ele falou que o  lula é ladrão. <br>Ou elogiou o Bolsonaro.', 'textOriginal': 'Vai ver ele falou que o  lula é ladrão. \\nOu elogiou o Bolsonaro.', 'authorDisplayName': 'Valdir Dominguez', 'authorProfileImageUrl': 'https://yt3.ggpht.com/ytc/AGIKgqMNoZoqOMCIpXjQ5COqW0rISOBQatNVU8b0Ig=s48-c-k-c0x00ffffff-no-rj', 'authorChannelUrl': 'http://www.youtube.com/channel/UCeBifwL4cvO8YTKZ7TLjfmw', 'authorChannelId': {'value': 'UCeBifwL4cvO8YTKZ7TLjfmw'}, 'canRate': True, 'viewerRating': 'none', 'likeCount': 0, 'publishedAt': '2022-10-23T14:36:16Z', 'updatedAt': '2022-10-23T14:36:16Z'}}, 'canReply': True, 'totalReplyCount': 0, 'isPublic': True}",,UCeBifwL4cvO8YTKZ7TLjfmw,2022-10-23T14:36:16Z,"Vai ver ele falou que o  lula é ladrão. 
Ou elogiou o Bolsonaro.",QURTSl9pMDdxbm0zelM2QlJrN0FJMi1wOGdQb05ZZnlTbjdnVEtQYXRyRG9Db21KNlBOTEE0NEM4SUNtNUhpTFg2NzFTOGtxS0w4UjA2WQ==,2023-06-08 15:04:28.548179
youtube#commentThread,Zz3b8Nv5rTrKlm2lQIFyMoPDfjY,UgzV3qyMVh3A-qzqDzN4AaABAg,"{'videoId': 'uuh1ydDwwrQ', 'topLevelComment': {'kind': 'youtube#comment', 'etag': 'Pn2tb43QhtU1d1mvRFybY8tH3Yc', 'id': 'UgzV3qyMVh3A-qzqDzN4AaABAg', 'snippet': {'videoId': 'uuh1ydDwwrQ', 'textDisplay': 'Eles que, deviam ter feito com o Lula.<br>Tinha o acesso daqueles,no Congresso após sua derrota nos anos anteriores.', 'textOriginal': 'Eles que, deviam ter feito com o Lula.\\nTinha o acesso daqueles,no Congresso após sua derrota nos anos anteriores.', 'authorDisplayName': 'Maria Marta Carvalho', 'authorProfileImageUrl': 'https://yt3.ggpht.com/ytc/AGIKgqPMKyR7op1VQDb75IZ3q9XOynQP6VIZ8cM3jyYy3Ww=s48-c-k-c0x00ffffff-no-rj', 'authorChannelUrl': 'http://www.youtube.com/channel/UCIneMj7EFM347votvNtm0UQ', 'authorChannelId': {'value': 'UCIneMj7EFM347votvNtm0UQ'}, 'canRate': True, 'viewerRating': 'none', 'likeCount': 0, 'publishedAt': '2022-10-23T14:30:59Z', 'updatedAt': '2022-10-23T14:30:59Z'}}, 'canReply': True, 'totalReplyCount': 0, 'isPublic': True}",,UCIneMj7EFM347votvNtm0UQ,2022-10-23T14:30:59Z,"Eles que, deviam ter feito com o Lula.
Tinha o acesso daqueles,no Congresso após sua derrota nos anos anteriores.",QURTSl9pMDdxbm0zelM2QlJrN0FJMi1wOGdQb05ZZnlTbjdnVEtQYXRyRG9Db21KNlBOTEE0NEM4SUNtNUhpTFg2NzFTOGtxS0w4UjA2WQ==,2023-06-08 15:04:28.548179
youtube#commentThread,_9HJ3_RvcNaQ1ZBmBYs1_As4kbg,Ugxxu3nHpIhlT5WMtVt4AaABAg,"{'videoId': 'uuh1ydDwwrQ', 'topLevelComment': {'kind': 'youtube#comment', 'etag': 'WaSKOU_IrMKjvvTfFVIQ2YwpukA', 'id': 'Ugxxu3nHpIhlT5WMtVt4AaABAg', 'snippet': {'videoId': 'uuh1ydDwwrQ', 'textDisplay': 'Gente uma imagem vale mais que mil palavras, esse professor é um comunista', 'textOriginal': 'Gente uma imagem vale mais que mil palavras, esse professor é um comunista', 'authorDisplayName': 'Profa. Vanubia Nunes', 'authorProfileImageUrl': 'https://yt3.ggpht.com/ytc/AGIKgqPf2fXyTugXcLEQ2zkuqQGD-HQDH5tWabI4dNp7=s48-c-k-c0x00ffffff-no-rj', 'authorChannelUrl': 'http://www.youtube.com/channel/UCwf0sSuCiMzxqSBGzPJ-IRw', 'authorChannelId': {'value': 'UCwf0sSuCiMzxqSBGzPJ-IRw'}, 'canRate': True, 'viewerRating': 'none', 'likeCount': 0, 'publishedAt': '2022-10-23T14:30:04Z', 'updatedAt': '2022-10-23T14:30:04Z'}}, 'canReply': True, 'totalReplyCount': 0, 'isPublic': True}",,UCwf0sSuCiMzxqSBGzPJ-IRw,2022-10-23T14:30:04Z,"Gente uma imagem vale mais que mil palavras, esse professor é um comunista",QURTSl9pMDdxbm0zelM2QlJrN0FJMi1wOGdQb05ZZnlTbjdnVEtQYXRyRG9Db21KNlBOTEE0NEM4SUNtNUhpTFg2NzFTOGtxS0w4UjA2WQ==,2023-06-08 15:04:28.548179
youtube#commentThread,SZYXl6yWmNAvTxfm8-N9aTw7EZ8,UgxlWwChNvWE5kBORgV4AaABAg,"{'videoId': 'uuh1ydDwwrQ', 'topLevelComment': {'kind': 'youtube#comment', 'etag': 'KRWRVPoP8sQQO_lAco4G6L0nvJo', 'id': 'UgxlWwChNvWE5kBORgV4AaABAg', 'snippet': {'videoId': 'uuh1ydDwwrQ', 'textDisplay': 'kk o comunismo é uma maravilha, kkkkk (SARCASMO).<br>SERÁ QUE VAI MORR RRREEEE RRRRR', 'textOriginal': 'kk o comunismo é uma maravilha, kkkkk (SARCASMO).\\nSERÁ QUE VAI MORR RRREEEE RRRRR', 'authorDisplayName': 'AnthraX', 'authorProfileImageUrl': 'https://yt3.ggpht.com/ytc/AGIKgqN2mn9pKrYw7ej9i68zGJSZnD_8asn57wGmwOpkzw=s48-c-k-c0x00ffffff-no-rj', 'authorChannelUrl': 'http://www.youtube.com/channel/UCDh-AMEC92ZpYpXiOkRM8iA', 'authorChannelId': {'value': 'UCDh-AMEC92ZpYpXiOkRM8iA'}, 'canRate': True, 'viewerRating': 'none', 'likeCount': 0, 'publishedAt': '2022-10-23T14:25:18Z', 'updatedAt': '2022-10-23T14:28:09Z'}}, 'canReply': True, 'totalReplyCount': 0, 'isPublic': True}",,UCDh-AMEC92ZpYpXiOkRM8iA,2022-10-23T14:25:18Z,"kk o comunismo é uma maravilha, kkkkk (SARCASMO).
SERÁ QUE VAI MORR RRREEEE RRRRR",QURTSl9pMDdxbm0zelM2QlJrN0FJMi1wOGdQb05ZZnlTbjdnVEtQYXRyRG9Db21KNlBOTEE0NEM4SUNtNUhpTFg2NzFTOGtxS0w4UjA2WQ==,2023-06-08 15:04:28.548179
youtube#commentThread,5AuZw6rSZjsGmVZxLwBKj80-Azo,Ugz24iEPqyZ-6OL_Wh54AaABAg,"{'videoId': 'uuh1ydDwwrQ', 'topLevelComment': {'kind': 'youtube#comment', 'etag': 'pgKnkVd1A8ak2bPn31FGE22r3IQ', 'id': 'Ugz24iEPqyZ-6OL_Wh54AaABAg', 'snippet': {'videoId': 'uuh1ydDwwrQ', 'textDisplay': 'É muito triste! Ver alguém querendo desdizer uma imagem. O camarada está passando mal e é retirado à força?<br>O tal professor flexibiliza o autoritarismo sob o suposto crescimento econômico chinês.<br>Assim como China, Nicarágua, Coreia do Norte, estamos vendo um futuro vermelho para o Brasil como pensado pelo Foro de São Paulo.', 'textOriginal': 'É muito triste! Ver alguém querendo desdizer uma imagem. O camarada está passando mal e é retirado à força?\\nO tal professor flexibiliza o autoritarismo sob o suposto crescimento econômico chinês.\\nAssim como China, Nicarágua, Coreia do Norte, estamos vendo um futuro vermelho para o Brasil como pensado pelo Foro de São Paulo.', 'authorDisplayName': 'Ivan Lessa', 'authorProfileImageUrl': 'https://yt3.ggpht.com/ytc/AGIKgqPr1qFMSC_g313G3sTYXXP64HXtMMq4D39Nm7w5gg=s48-c-k-c0x00ffffff-no-rj', 'authorChannelUrl': 'http://www.youtube.com/channel/UCRbAKbbScDjfDu4xZPCGa6A', 'authorChannelId': {'value': 'UCRbAKbbScDjfDu4xZPCGa6A'}, 'canRate': True, 'viewerRating': 'none', 'likeCount': 4, 'publishedAt': '2022-10-23T14:19:52Z', 'updatedAt': '2022-10-23T14:19:52Z'}}, 'canReply': True, 'totalReplyCount': 0, 'isPublic': True}",,UCRbAKbbScDjfDu4xZPCGa6A,2022-10-23T14:19:52Z,"É muito triste! Ver alguém querendo desdizer uma imagem. O camarada está passando mal e é retirado à força?
O tal professor flexibiliza o autoritarismo sob o suposto crescimento econômico chinês.
Assim como China, Nicarágua, Coreia do Norte, estamos vendo um futuro vermelho para o Brasil como pensado pelo Foro de São Paulo.",QURTSl9pMDdxbm0zelM2QlJrN0FJMi1wOGdQb05ZZnlTbjdnVEtQYXRyRG9Db21KNlBOTEE0NEM4SUNtNUhpTFg2NzFTOGtxS0w4UjA2WQ==,2023-06-08 15:04:28.548179
youtube#commentThread,kshsny7twsaO6PvTq7gIrqBXz0s,UgyZ1J3ozGgakzhpma94AaABAg,"{'videoId': 'uuh1ydDwwrQ', 'topLevelComment': {'kind': 'youtube#comment', 'etag': 'QKGitrZVcrQXnsZPb3sV9SwRl48', 'id': 'UgyZ1J3ozGgakzhpma94AaABAg', 'snippet': {'videoId': 'uuh1ydDwwrQ', 'textDisplay': 'A culpa é do Padre Kelmon.', 'textOriginal': 'A culpa é do Padre Kelmon.', 'authorDisplayName': 'Otavio Pereira', 'authorProfileImageUrl': 'https://yt3.ggpht.com/EoHbMjxI5UZgH7WbHIkbepH906NIbxvWV41a9-I9uQ47ZEYp4HKmVmWONyTn3fJpEvYviNI3og=s48-c-k-c0x00ffffff-no-rj', 'authorChannelUrl': 'http://www.youtube.com/channel/UCEfbw0sU8hj4Q2U3ZMkRkpg', 'authorChannelId': {'value': 'UCEfbw0sU8hj4Q2U3ZMkRkpg'}, 'canRate': True, 'viewerRating': 'none', 'likeCount': 0, 'publishedAt': '2022-10-23T14:17:56Z', 'updatedAt': '2022-10-23T14:17:56Z'}}, 'canReply': True, 'totalReplyCount': 0, 'isPublic': True}",,UCEfbw0sU8hj4Q2U3ZMkRkpg,2022-10-23T14:17:56Z,A culpa é do Padre Kelmon.,QURTSl9pMDdxbm0zelM2QlJrN0FJMi1wOGdQb05ZZnlTbjdnVEtQYXRyRG9Db21KNlBOTEE0NEM4SUNtNUhpTFg2NzFTOGtxS0w4UjA2WQ==,2023-06-08 15:04:28.548179
youtube#commentThread,4NUIG2VrsI4J7hp2dAUY3R-g4CU,Ugy41vSSJHgxIQlflVR4AaABAg,"{'videoId': 'uuh1ydDwwrQ', 'topLevelComment': {'kind': 'youtube#comment', 'etag': 'AFKtz8PJEkIPrRQIQMByyy7pm7I', 'id': 'Ugy41vSSJHgxIQlflVR4AaABAg', 'snippet': {'videoId': 'uuh1ydDwwrQ', 'textDisplay': '🇧🇷2️⃣2️⃣💚🇧🇷2️⃣2️⃣🇧🇷💚🇧🇷💙🇧🇷💛🇧🇷2️⃣2️⃣🇧🇷💚🇧🇷💛🇧🇷💙2️⃣2️⃣🇧🇷💚🇧🇷💚🇧🇷💚2️⃣2️⃣🇧🇷💚🇧🇷 temos uma semana pra fazer o Brasil que queremos, longe desses comunistas da esquerda que amam uma censura.', 'textOriginal': '🇧🇷2️⃣2️⃣💚🇧🇷2️⃣2️⃣🇧🇷💚🇧🇷💙🇧🇷💛🇧🇷2️⃣2️⃣🇧🇷💚🇧🇷💛🇧🇷💙2️⃣2️⃣🇧🇷💚🇧🇷💚🇧🇷💚2️⃣2️⃣🇧🇷💚🇧🇷 temos uma semana pra fazer o Brasil que queremos, longe desses comunistas da esquerda que amam uma censura.', 'authorDisplayName': 'Jacckson Fivee', 'authorProfileImageUrl': 'https://yt3.ggpht.com/ytc/AGIKgqOXfdqwjl1WGjVpNcMvsH1uyCDCxvmAJvxoCVFJRzM=s48-c-k-c0x00ffffff-no-rj', 'authorChannelUrl': 'http://www.youtube.com/channel/UCZPHJcpNoDiaOUYU1SEIaqQ', 'authorChannelId': {'value': 'UCZPHJcpNoDiaOUYU1SEIaqQ'}, 'canRate': True, 'viewerRating': 'none', 'likeCount': 0, 'publishedAt': '2022-10-23T14:15:06Z', 'updatedAt': '2022-10-23T14:15:06Z'}}, 'canReply': True, 'totalReplyCount': 0, 'isPublic': True}",,UCZPHJcpNoDiaOUYU1SEIaqQ,2022-10-23T14:15:06Z,"🇧🇷2️⃣2️⃣💚🇧🇷2️⃣2️⃣🇧🇷💚🇧🇷💙🇧🇷💛🇧🇷2️⃣2️⃣🇧🇷💚🇧🇷💛🇧🇷💙2️⃣2️⃣🇧🇷💚🇧🇷💚🇧🇷💚2️⃣2️⃣🇧🇷💚🇧🇷 temos uma semana pra fazer o Brasil que queremos, longe desses comunistas da esquerda que amam uma censura.",QURTSl9pMDdxbm0zelM2QlJrN0FJMi1wOGdQb05ZZnlTbjdnVEtQYXRyRG9Db21KNlBOTEE0NEM4SUNtNUhpTFg2NzFTOGtxS0w4UjA2WQ==,2023-06-08 15:04:28.548179
youtube#commentThread,uyJ4qBym5aRuZAFtW4k64Mo4izo,UgxdYk9XlbY9uxXjQ_F4AaABAg,"{'videoId': 'uuh1ydDwwrQ', 'topLevelComment': {'kind': 'youtube#comment', 'etag': '6OJoHGC7yNrhIdUVZ0Ghhvv_zsk', 'id': 'UgxdYk9XlbY9uxXjQ_F4AaABAg', 'snippet': {'videoId': 'uuh1ydDwwrQ', 'textDisplay': 'Bolsonaro 22', 'textOriginal': 'Bolsonaro 22', 'authorDisplayName': 'Lius Santus', 'authorProfileImageUrl': 'https://yt3.ggpht.com/ytc/AGIKgqNYNhORixUdN2swNqSJJPl---KMoMhBBlwTiQ=s48-c-k-c0x00ffffff-no-rj', 'authorChannelUrl': 'http://www.youtube.com/channel/UC0EDr7Qbf3Ws_t4TXBmTa_w', 'authorChannelId': {'value': 'UC0EDr7Qbf3Ws_t4TXBmTa_w'}, 'canRate': True, 'viewerRating': 'none', 'likeCount': 0, 'publishedAt': '2022-10-23T14:10:31Z', 'updatedAt': '2022-10-23T14:10:31Z'}}, 'canReply': True, 'totalReplyCount': 0, 'isPublic': True}",,UC0EDr7Qbf3Ws_t4TXBmTa_w,2022-10-23T14:10:31Z,Bolsonaro 22,QURTSl9pMDdxbm0zelM2QlJrN0FJMi1wOGdQb05ZZnlTbjdnVEtQYXRyRG9Db21KNlBOTEE0NEM4SUNtNUhpTFg2NzFTOGtxS0w4UjA2WQ==,2023-06-08 15:04:28.548179
youtube#commentThread,xRcLYX27OW59nqQ97YlNQhCLeJ0,Ugz59gi1p5WnHOQFe2Z4AaABAg,"{'videoId': 'uuh1ydDwwrQ', 'topLevelComment': {'kind': 'youtube#comment', 'etag': 'EZWXWwGvfRNJql_4-jcYJ0JX4ds', 'id': 'Ugz59gi1p5WnHOQFe2Z4AaABAg', 'snippet': {'videoId': 'uuh1ydDwwrQ', 'textDisplay': 'Esse coitado chinês se abrir a boca amanhece com a boca cheia de formiga', 'textOriginal': 'Esse coitado chinês se abrir a boca amanhece com a boca cheia de formiga', 'authorDisplayName': 'Criatório Peres', 'authorProfileImageUrl': 'https://yt3.ggpht.com/ytc/AGIKgqNyyi6VyZoixz-KBs6tgvv6StrDmGTVe5f_wbJFIw=s48-c-k-c0x00ffffff-no-rj', 'authorChannelUrl': 'http://www.youtube.com/channel/UCHbY-z8ZOc-Wvextjiff13w', 'authorChannelId': {'value': 'UCHbY-z8ZOc-Wvextjiff13w'}, 'canRate': True, 'viewerRating': 'none', 'likeCount': 0, 'publishedAt': '2022-10-23T14:07:12Z', 'updatedAt': '2022-10-23T14:07:12Z'}}, 'canReply': True, 'totalReplyCount': 0, 'isPublic': True}",,UCHbY-z8ZOc-Wvextjiff13w,2022-10-23T14:07:12Z,Esse coitado chinês se abrir a boca amanhece com a boca cheia de formiga,QURTSl9pMDdxbm0zelM2QlJrN0FJMi1wOGdQb05ZZnlTbjdnVEtQYXRyRG9Db21KNlBOTEE0NEM4SUNtNUhpTFg2NzFTOGtxS0w4UjA2WQ==,2023-06-08 15:04:28.548179
youtube#commentThread,mSVR53VKb91a4OQiqDPPKovQ62I,Ugz81FZpXnDjxSDGxtJ4AaABAg,"{'videoId': 'uuh1ydDwwrQ', 'topLevelComment': {'kind': 'youtube#comment', 'etag': 'o-UjN-sRgsIhUVD9ros3BGaYsRU', 'id': 'Ugz81FZpXnDjxSDGxtJ4AaABAg', 'snippet': {'videoId': 'uuh1ydDwwrQ', 'textDisplay': '😂😂😂 Mas da onde tiraram esse professor de araque? Se tem um <a href=""http://www.youtube.com/results?search_query=%23comunista"">#comunista</a> no Brasil é ele. Que passada de pano! 😂😂😂', 'textOriginal': '😂😂😂 Mas da onde tiraram esse professor de araque? Se tem um #comunista no Brasil é ele. Que passada de pano! 😂😂😂', 'authorDisplayName': 'Fabiano', 'authorProfileImageUrl': 'https://yt3.ggpht.com/ajrk00hw_ENr75FwQhS6PlvDBSAcPs0nmInLfd7diWetHicWoFP0mVV4FKHYzv2-fdSnHtql=s48-c-k-c0x00ffffff-no-rj', 'authorChannelUrl': 'http://www.youtube.com/channel/UCQ0x2U1miY8OBpvE0H0Y0kg', 'authorChannelId': {'value': 'UCQ0x2U1miY8OBpvE0H0Y0kg'}, 'canRate': True, 'viewerRating': 'none', 'likeCount': 0, 'publishedAt': '2022-10-23T14:06:48Z', 'updatedAt': '2022-10-23T14:06:48Z'}}, 'canReply': True, 'totalReplyCount': 0, 'isPublic': True}",,UCQ0x2U1miY8OBpvE0H0Y0kg,2022-10-23T14:06:48Z,😂😂😂 Mas da onde tiraram esse professor de araque? Se tem um #comunista no Brasil é ele. Que passada de pano! 😂😂😂,QURTSl9pMDdxbm0zelM2QlJrN0FJMi1wOGdQb05ZZnlTbjdnVEtQYXRyRG9Db21KNlBOTEE0NEM4SUNtNUhpTFg2NzFTOGtxS0w4UjA2WQ==,2023-06-08 15:04:28.548179
youtube#commentThread,NKIjHNidrv5EnVFNG7rNsIsjKOU,UgwCiGaWBtQhkptEXFZ4AaABAg,"{'videoId': 'uuh1ydDwwrQ', 'topLevelComment': {'kind': 'youtube#comment', 'etag': 'SPXMN7ut6NwXgjkkAjH3DDUavsI', 'id': 'UgwCiGaWBtQhkptEXFZ4AaABAg', 'snippet': {'videoId': 'uuh1ydDwwrQ', 'textDisplay': 'Mais um CPF chinês cancelado.', 'textOriginal': 'Mais um CPF chinês cancelado.', 'authorDisplayName': 'Macdowell BC', 'authorProfileImageUrl': 'https://yt3.ggpht.com/ytc/AGIKgqMh8SaRU7UxVtAiGzTBCXr6IEWxuvBEt2owTPXAVw=s48-c-k-c0x00ffffff-no-rj', 'authorChannelUrl': 'http://www.youtube.com/channel/UCCWtao9cdanbGmK2vs1BlMA', 'authorChannelId': {'value': 'UCCWtao9cdanbGmK2vs1BlMA'}, 'canRate': True, 'viewerRating': 'none', 'likeCount': 0, 'publishedAt': '2022-10-23T14:06:28Z', 'updatedAt': '2022-10-23T14:06:28Z'}}, 'canReply': True, 'totalReplyCount': 0, 'isPublic': True}",,UCCWtao9cdanbGmK2vs1BlMA,2022-10-23T14:06:28Z,Mais um CPF chinês cancelado.,QURTSl9pMDdxbm0zelM2QlJrN0FJMi1wOGdQb05ZZnlTbjdnVEtQYXRyRG9Db21KNlBOTEE0NEM4SUNtNUhpTFg2NzFTOGtxS0w4UjA2WQ==,2023-06-08 15:04:28.548179
youtube#commentThread,432ZdswKb0sYyuteLP6cUw88Qsc,UgyHGlqlPaf7dhAY40p4AaABAg,"{'videoId': 'uuh1ydDwwrQ', 'topLevelComment': {'kind': 'youtube#comment', 'etag': 'EIZEByzqWsl30P_REvKj-1VRTZQ', 'id': 'UgyHGlqlPaf7dhAY40p4AaABAg', 'snippet': {'videoId': 'uuh1ydDwwrQ', 'textDisplay': 'Bom isso que dizer que ele vai procurar outro partido', 'textOriginal': 'Bom isso que dizer que ele vai procurar outro partido', 'authorDisplayName': 'Reynald jean baptiste', 'authorProfileImageUrl': 'https://yt3.ggpht.com/ytc/AGIKgqOlPDVv7vTVMyDar49pWLrC3wfjLjv2Z5sI5g=s48-c-k-c0x00ffffff-no-rj', 'authorChannelUrl': 'http://www.youtube.com/channel/UCYVhgVsLerUsGgL_cD6QVXg', 'authorChannelId': {'value': 'UCYVhgVsLerUsGgL_cD6QVXg'}, 'canRate': True, 'viewerRating': 'none', 'likeCount': 0, 'publishedAt': '2022-10-23T14:04:06Z', 'updatedAt': '2022-10-23T14:04:06Z'}}, 'canReply': True, 'totalReplyCount': 0, 'isPublic': True}",,UCYVhgVsLerUsGgL_cD6QVXg,2022-10-23T14:04:06Z,Bom isso que dizer que ele vai procurar outro partido,QURTSl9pMDdxbm0zelM2QlJrN0FJMi1wOGdQb05ZZnlTbjdnVEtQYXRyRG9Db21KNlBOTEE0NEM4SUNtNUhpTFg2NzFTOGtxS0w4UjA2WQ==,2023-06-08 15:04:28.548179
youtube#commentThread,Tq2eV1v8tobDgrV-kwcCes6sdf8,Ugzn1poX7TYuD8cm34d4AaABAg,"{'videoId': 'uuh1ydDwwrQ', 'topLevelComment': {'kind': 'youtube#comment', 'etag': 'lCDKtUyE78NiDcPmdffWstXUybg', 'id': 'Ugzn1poX7TYuD8cm34d4AaABAg', 'snippet': {'videoId': 'uuh1ydDwwrQ', 'textDisplay': 'Pode ser uma ditadura, mais as coisas funcionam lá, coisa que no Brasil é uma desordem, até aonde a democracia é tao bom assim', 'textOriginal': 'Pode ser uma ditadura, mais as coisas funcionam lá, coisa que no Brasil é uma desordem, até aonde a democracia é tao bom assim', 'authorDisplayName': 'wanderley Gunsorowski', 'authorProfileImageUrl': 'https://yt3.ggpht.com/ytc/AGIKgqOO-PH79Lx2JaBjjPzkA9-T2uD42S_ty5VQ7A=s48-c-k-c0x00ffffff-no-rj', 'authorChannelUrl': 'http://www.youtube.com/channel/UCRQCQHLAGmVdIfeCQ8950Kw', 'authorChannelId': {'value': 'UCRQCQHLAGmVdIfeCQ8950Kw'}, 'canRate': True, 'viewerRating': 'none', 'likeCount': 0, 'publishedAt': '2022-10-23T13:59:17Z', 'updatedAt': '2022-10-23T13:59:17Z'}}, 'canReply': True, 'totalReplyCount': 0, 'isPublic': True}",,UCRQCQHLAGmVdIfeCQ8950Kw,2022-10-23T13:59:17Z,"Pode ser uma ditadura, mais as coisas funcionam lá, coisa que no Brasil é uma desordem, até aonde a democracia é tao bom assim",QURTSl9pMDdxbm0zelM2QlJrN0FJMi1wOGdQb05ZZnlTbjdnVEtQYXRyRG9Db21KNlBOTEE0NEM4SUNtNUhpTFg2NzFTOGtxS0w4UjA2WQ==,2023-06-08 15:04:28.548179
youtube#commentThread,dh0Clek2uLBcZ3unhwfsPBgFKGE,UgxeLKoIhtCerzlbbm54AaABAg,"{'videoId': 'uuh1ydDwwrQ', 'topLevelComment': {'kind': 'youtube#comment', 'etag': 'gapEZHs2KDRV8bMtSXAUVFXKnlU', 'id': 'UgxeLKoIhtCerzlbbm54AaABAg', 'snippet': {'videoId': 'uuh1ydDwwrQ', 'textDisplay': 'teve ter havido motivos suficientes o resto e balela', 'textOriginal': 'teve ter havido motivos suficientes o resto e balela', 'authorDisplayName': 'joao pereira oliveira', 'authorProfileImageUrl': 'https://yt3.ggpht.com/ytc/AGIKgqOnAJCQHnrQmPJ6JA0Zq0svDmnZ5qMf-0N3TQ=s48-c-k-c0x00ffffff-no-rj', 'authorChannelUrl': 'http://www.youtube.com/channel/UCi3EIYBHlhIUuHeH4as5U2A', 'authorChannelId': {'value': 'UCi3EIYBHlhIUuHeH4as5U2A'}, 'canRate': True, 'viewerRating': 'none', 'likeCount': 0, 'publishedAt': '2022-10-23T13:48:01Z', 'updatedAt': '2022-10-23T13:48:01Z'}}, 'canReply': True, 'totalReplyCount': 0, 'isPublic': True}",,UCi3EIYBHlhIUuHeH4as5U2A,2022-10-23T13:48:01Z,teve ter havido motivos suficientes o resto e balela,QURTSl9pMDdxbm0zelM2QlJrN0FJMi1wOGdQb05ZZnlTbjdnVEtQYXRyRG9Db21KNlBOTEE0NEM4SUNtNUhpTFg2NzFTOGtxS0w4UjA2WQ==,2023-06-08 15:04:28.548179
youtube#commentThread,rSGyrTxhR5rDbeFuFuPc2d7Xw7s,UgzwtLWU2FDKkVg1U3F4AaABAg,"{'videoId': 'uuh1ydDwwrQ', 'topLevelComment': {'kind': 'youtube#comment', 'etag': 'OuhUkO4TZIDHbGAGXRJv2vmTViE', 'id': 'UgzwtLWU2FDKkVg1U3F4AaABAg', 'snippet': {'videoId': 'uuh1ydDwwrQ', 'textDisplay': 'Viva China, viva o comunismo! ✊😔', 'textOriginal': 'Viva China, viva o comunismo! ✊😔', 'authorDisplayName': 'Coluna do Exército Popular de Libertação do Brasil', 'authorProfileImageUrl': 'https://yt3.ggpht.com/21X_7zaZz75pU3jFdtw-CDtX3ukZdibb5sWA3LdKI5ZQfXohRBuaqIkrA_Dfa10xPt_uD_-73Q=s48-c-k-c0x00ffffff-no-rj', 'authorChannelUrl': 'http://www.youtube.com/channel/UCsB6caF5Q62TjTIUXImTAQg', 'authorChannelId': {'value': 'UCsB6caF5Q62TjTIUXImTAQg'}, 'canRate': True, 'viewerRating': 'none', 'likeCount': 0, 'publishedAt': '2022-10-23T13:44:10Z', 'updatedAt': '2022-10-23T13:44:10Z'}}, 'canReply': True, 'totalReplyCount': 0, 'isPublic': True}",,UCsB6caF5Q62TjTIUXImTAQg,2022-10-23T13:44:10Z,"Viva China, viva o comunismo! ✊😔",QURTSl9pMDdxbm0zelM2QlJrN0FJMi1wOGdQb05ZZnlTbjdnVEtQYXRyRG9Db21KNlBOTEE0NEM4SUNtNUhpTFg2NzFTOGtxS0w4UjA2WQ==,2023-06-08 15:04:28.548179
youtube#commentThread,UMPL9NcoU4Mq6hOLEl3AcrVLfO8,UgwueirUDYJPoUrBj7h4AaABAg,"{'videoId': 'uuh1ydDwwrQ', 'topLevelComment': {'kind': 'youtube#comment', 'etag': 'QpHRCcooa8iyVPwpMENzjO35p6g', 'id': 'UgwueirUDYJPoUrBj7h4AaABAg', 'snippet': {'videoId': 'uuh1ydDwwrQ', 'textDisplay': 'O velho será fuzilado....', 'textOriginal': 'O velho será fuzilado....', 'authorDisplayName': 'Wanderson Lima Gomes', 'authorProfileImageUrl': 'https://yt3.ggpht.com/ytc/AGIKgqM1_FFeodiofzGkS_d16YsJ95L2itGQ5q8ISocIr1t94LfNuBwcDOpjNa03bb7_=s48-c-k-c0x00ffffff-no-rj', 'authorChannelUrl': 'http://www.youtube.com/channel/UC6mPcjSZxue3wsVAdU3FFGA', 'authorChannelId': {'value': 'UC6mPcjSZxue3wsVAdU3FFGA'}, 'canRate': True, 'viewerRating': 'none', 'likeCount': 0, 'publishedAt': '2022-10-23T13:42:58Z', 'updatedAt': '2022-10-23T13:42:58Z'}}, 'canReply': True, 'totalReplyCount': 0, 'isPublic': True}",,UC6mPcjSZxue3wsVAdU3FFGA,2022-10-23T13:42:58Z,O velho será fuzilado....,QURTSl9pMDdxbm0zelM2QlJrN0FJMi1wOGdQb05ZZnlTbjdnVEtQYXRyRG9Db21KNlBOTEE0NEM4SUNtNUhpTFg2NzFTOGtxS0w4UjA2WQ==,2023-06-08 15:04:28.548179
youtube#commentThread,-slloLwUeziNGG40iw_BEk3hM5E,UgwHAE5knvcu1tQgnnN4AaABAg,"{'videoId': 'uuh1ydDwwrQ', 'topLevelComment': {'kind': 'youtube#comment', 'etag': 'bvN_PL8xt7VdWGl0EhUOL8fKgPg', 'id': 'UgwHAE5knvcu1tQgnnN4AaABAg', 'snippet': {'videoId': 'uuh1ydDwwrQ', 'textDisplay': 'Nada fora do normal para uma ditadura comunista! 😂', 'textOriginal': 'Nada fora do normal para uma ditadura comunista! 😂', 'authorDisplayName': 'giovani ferreira', 'authorProfileImageUrl': 'https://yt3.ggpht.com/ytc/AGIKgqNbVWN_QPl-KvtOEMRzza-8ijUHLOZrzWrywA=s48-c-k-c0x00ffffff-no-rj', 'authorChannelUrl': 'http://www.youtube.com/channel/UCUoJ12-GrMZEssPBbQx8_dg', 'authorChannelId': {'value': 'UCUoJ12-GrMZEssPBbQx8_dg'}, 'canRate': True, 'viewerRating': 'none', 'likeCount': 0, 'publishedAt': '2022-10-23T13:41:54Z', 'updatedAt': '2022-10-23T13:41:54Z'}}, 'canReply': True, 'totalReplyCount': 0, 'isPublic': True}",,UCUoJ12-GrMZEssPBbQx8_dg,2022-10-23T13:41:54Z,Nada fora do normal para uma ditadura comunista! 😂,QURTSl9pMDdxbm0zelM2QlJrN0FJMi1wOGdQb05ZZnlTbjdnVEtQYXRyRG9Db21KNlBOTEE0NEM4SUNtNUhpTFg2NzFTOGtxS0w4UjA2WQ==,2023-06-08 15:04:28.548179
youtube#commentThread,iIWGkUkW4ZwWuq-433omeAUH8Uk,UgxPsqHpExDDLGGxcvx4AaABAg,"{'videoId': 'uuh1ydDwwrQ', 'topLevelComment': {'kind': 'youtube#comment', 'etag': 'KXzN5ocALIDPazjc6ONsFcuPfuQ', 'id': 'UgxPsqHpExDDLGGxcvx4AaABAg', 'snippet': {'videoId': 'uuh1ydDwwrQ', 'textDisplay': 'Esse tipo de coisa que lula e pt acredita. lula já disse que sonho dele que o Brasil tenha uma política como a China ou seja comunista um único partido q manda e dita as regras. Acorda Brasil', 'textOriginal': 'Esse tipo de coisa que lula e pt acredita. lula já disse que sonho dele que o Brasil tenha uma política como a China ou seja comunista um único partido q manda e dita as regras. Acorda Brasil', 'authorDisplayName': 'Éder Roberto O. Souza', 'authorProfileImageUrl': 'https://yt3.ggpht.com/ytc/AGIKgqOOf8h_eMClgV66TwOkI6JN8X5W_rFSdgVKDKWC3w=s48-c-k-c0x00ffffff-no-rj', 'authorChannelUrl': 'http://www.youtube.com/channel/UCjG83QDa-sl9z3jvQzX4CoQ', 'authorChannelId': {'value': 'UCjG83QDa-sl9z3jvQzX4CoQ'}, 'canRate': True, 'viewerRating': 'none', 'likeCount': 0, 'publishedAt': '2022-10-23T13:39:02Z', 'updatedAt': '2022-10-23T13:39:02Z'}}, 'canReply': True, 'totalReplyCount': 0, 'isPublic': True}",,UCjG83QDa-sl9z3jvQzX4CoQ,2022-10-23T13:39:02Z,Esse tipo de coisa que lula e pt acredita. lula já disse que sonho dele que o Brasil tenha uma política como a China ou seja comunista um único partido q manda e dita as regras. Acorda Brasil,QURTSl9pMDdxbm0zelM2QlJrN0FJMi1wOGdQb05ZZnlTbjdnVEtQYXRyRG9Db21KNlBOTEE0NEM4SUNtNUhpTFg2NzFTOGtxS0w4UjA2WQ==,2023-06-08 15:04:28.548179
youtube#commentThread,rGtR2SsOaBjhPFsaDgXweLYC6hI,UgyvtPkX9HcZ70Dl30p4AaABAg,"{'videoId': 'uuh1ydDwwrQ', 'topLevelComment': {'kind': 'youtube#comment', 'etag': 'Rj6pirMnWfi79XudW3uvycgL6Vo', 'id': 'UgyvtPkX9HcZ70Dl30p4AaABAg', 'snippet': {'videoId': 'uuh1ydDwwrQ', 'textDisplay': 'Vocês não repararam quê os mosquitos foram atrás o gente despercebida .', 'textOriginal': 'Vocês não repararam quê os mosquitos foram atrás o gente despercebida .', 'authorDisplayName': 'William Brunelli', 'authorProfileImageUrl': 'https://yt3.ggpht.com/ytc/AGIKgqP2c1iQtoVa5JWlP2JDHdtFO8slLawiIfJU=s48-c-k-c0x00ffffff-no-rj', 'authorChannelUrl': 'http://www.youtube.com/channel/UCidv1Su0v9aapj6GKxfenOA', 'authorChannelId': {'value': 'UCidv1Su0v9aapj6GKxfenOA'}, 'canRate': True, 'viewerRating': 'none', 'likeCount': 0, 'publishedAt': '2022-10-23T13:37:10Z', 'updatedAt': '2022-10-23T13:37:10Z'}}, 'canReply': True, 'totalReplyCount': 0, 'isPublic': True}",,UCidv1Su0v9aapj6GKxfenOA,2022-10-23T13:37:10Z,Vocês não repararam quê os mosquitos foram atrás o gente despercebida .,QURTSl9pMDdxbm0zelM2QlJrN0FJMi1wOGdQb05ZZnlTbjdnVEtQYXRyRG9Db21KNlBOTEE0NEM4SUNtNUhpTFg2NzFTOGtxS0w4UjA2WQ==,2023-06-08 15:04:28.548179
youtube#commentThread,5HUudqlS7I42KdJXxoZkq3RMsKQ,UgyKOyqZP6e-d-yjdt54AaABAg,"{'videoId': 'uuh1ydDwwrQ', 'topLevelComment': {'kind': 'youtube#comment', 'etag': 'gwFuL6ImAWGBXXab0lCkoHz3dLk', 'id': 'UgyKOyqZP6e-d-yjdt54AaABAg', 'snippet': {'videoId': 'uuh1ydDwwrQ', 'textDisplay': 'Democracia à chinesa 😩<br><br>Amanhã descobrimos a versão oficial, assim como na Rusia onde se usa uma linguagem diferente para no chamar de guerra... E todos nós obviamente vamos acreditar. 👍', 'textOriginal': 'Democracia à chinesa 😩\\n\\nAmanhã descobrimos a versão oficial, assim como na Rusia onde se usa uma linguagem diferente para no chamar de guerra... E todos nós obviamente vamos acreditar. 👍', 'authorDisplayName': 'Gabriel', 'authorProfileImageUrl': 'https://yt3.ggpht.com/ytc/AGIKgqPusk8lLuWYIOZH1JgVH1qC082T9GfFEUjlxDzLGDXMe7t3WjYr0q6YDgnxKeUU=s48-c-k-c0x00ffffff-no-rj', 'authorChannelUrl': 'http://www.youtube.com/channel/UCFvIj3TsMasmw21D6cB2ROA', 'authorChannelId': {'value': 'UCFvIj3TsMasmw21D6cB2ROA'}, 'canRate': True, 'viewerRating': 'none', 'likeCount': 1, 'publishedAt': '2022-10-23T13:33:10Z', 'updatedAt': '2022-10-23T13:37:53Z'}}, 'canReply': True, 'totalReplyCount': 0, 'isPublic': True}",,UCFvIj3TsMasmw21D6cB2ROA,2022-10-23T13:33:10Z,"Democracia à chinesa 😩

Amanhã descobrimos a versão oficial, assim como na Rusia onde se usa uma linguagem diferente para no chamar de guerra... E todos nós obviamente vamos acreditar. 👍",QURTSl9pMDdxbm0zelM2QlJrN0FJMi1wOGdQb05ZZnlTbjdnVEtQYXRyRG9Db21KNlBOTEE0NEM4SUNtNUhpTFg2NzFTOGtxS0w4UjA2WQ==,2023-06-08 15:04:28.548179
youtube#commentThread,Wazv9xNoUsgnDHDI9CS5faViL1E,UgyT_29-MfDJdC2CWn94AaABAg,"{'videoId': 'uuh1ydDwwrQ', 'topLevelComment': {'kind': 'youtube#comment', 'etag': 'TYJ_sZ80bwXk7vQBv-FCRv8B7a4', 'id': 'UgyT_29-MfDJdC2CWn94AaABAg', 'snippet': {'videoId': 'uuh1ydDwwrQ', 'textDisplay': 'Parei de assistir quando ele disse:&quot; Nada fora do normal&quot; 🤦🏻\\u200d♂️', 'textOriginal': 'Parei de assistir quando ele disse:"" Nada fora do normal"" 🤦🏻\\u200d♂️', 'authorDisplayName': 'Daniel Almeida', 'authorProfileImageUrl': 'https://yt3.ggpht.com/ytc/AGIKgqPvdMLLtm0M7tLI43Af4l0ouydFQ3l269aN3RVs3aI=s48-c-k-c0x00ffffff-no-rj', 'authorChannelUrl': 'http://www.youtube.com/channel/UCUoKxcBlUHHXO8XqERCj90g', 'authorChannelId': {'value': 'UCUoKxcBlUHHXO8XqERCj90g'}, 'canRate': True, 'viewerRating': 'none', 'likeCount': 1, 'publishedAt': '2022-10-23T13:25:06Z', 'updatedAt': '2022-10-23T13:25:06Z'}}, 'canReply': True, 'totalReplyCount': 0, 'isPublic': True}",,UCUoKxcBlUHHXO8XqERCj90g,2022-10-23T13:25:06Z,"Parei de assistir quando ele disse:"" Nada fora do normal"" 🤦🏻‍♂️",QURTSl9pMDdxbm0zelM2QlJrN0FJMi1wOGdQb05ZZnlTbjdnVEtQYXRyRG9Db21KNlBOTEE0NEM4SUNtNUhpTFg2NzFTOGtxS0w4UjA2WQ==,2023-06-08 15:04:28.548179
youtube#commentThread,KuvuVq08pgqiHrnw5ez8fBfRubk,UgzMYqivUC1soPduxRZ4AaABAg,"{'videoId': 'uuh1ydDwwrQ', 'topLevelComment': {'kind': 'youtube#comment', 'etag': 'uSt4Zac_GWnu5rpn51t_vjZJYr8', 'id': 'UgzMYqivUC1soPduxRZ4AaABAg', 'snippet': {'videoId': 'uuh1ydDwwrQ', 'textDisplay': 'O Xandão mandou a PF atrás ho Hu por suspeita de futuros possíveis atos antidemocrático e desordem informacional. A Carmen concordou mas disse que só porque era um caso excepcional para garantir a lisura eleitoral do congresso do PCC.', 'textOriginal': 'O Xandão mandou a PF atrás ho Hu por suspeita de futuros possíveis atos antidemocrático e desordem informacional. A Carmen concordou mas disse que só porque era um caso excepcional para garantir a lisura eleitoral do congresso do PCC.', 'authorDisplayName': 'PSG Mobile', 'authorProfileImageUrl': 'https://yt3.ggpht.com/ytc/AGIKgqOcpVgkWQGePMhX-y9opVpabKWIO1NQvhPzrQ=s48-c-k-c0x00ffffff-no-rj', 'authorChannelUrl': 'http://www.youtube.com/channel/UCGgC630NEvey6JGg0lEc8Vw', 'authorChannelId': {'value': 'UCGgC630NEvey6JGg0lEc8Vw'}, 'canRate': True, 'viewerRating': 'none', 'likeCount': 0, 'publishedAt': '2022-10-23T13:09:25Z', 'updatedAt': '2022-10-23T13:09:25Z'}}, 'canReply': True, 'totalReplyCount': 0, 'isPublic': True}",,UCGgC630NEvey6JGg0lEc8Vw,2022-10-23T13:09:25Z,O Xandão mandou a PF atrás ho Hu por suspeita de futuros possíveis atos antidemocrático e desordem informacional. A Carmen concordou mas disse que só porque era um caso excepcional para garantir a lisura eleitoral do congresso do PCC.,QURTSl9pMDdxbm0zelM2QlJrN0FJMi1wOGdQb05ZZnlTbjdnVEtQYXRyRG9Db21KNlBOTEE0NEM4SUNtNUhpTFg2NzFTOGtxS0w4UjA2WQ==,2023-06-08 15:04:28.548179
youtube#commentThread,Gjtvv7eawZ2pzh03B-UO0B4Xfj4,Ugxm_quUKeCCW8oFzDt4AaABAg,"{'videoId': 'uuh1ydDwwrQ', 'topLevelComment': {'kind': 'youtube#comment', 'etag': '0V1bJrTno4PegMwMqgsCdi2PX48', 'id': 'Ugxm_quUKeCCW8oFzDt4AaABAg', 'snippet': {'videoId': 'uuh1ydDwwrQ', 'textDisplay': 'Será que a culpa é do Bolsonaro?', 'textOriginal': 'Será que a culpa é do Bolsonaro?', 'authorDisplayName': 'Tania Madalena Cesar', 'authorProfileImageUrl': 'https://yt3.ggpht.com/ytc/AGIKgqMDlzb2dawGbNZS_VCtIn6aUm4vvL9MhyOZ8isIWQ=s48-c-k-c0x00ffffff-no-rj', 'authorChannelUrl': 'http://www.youtube.com/channel/UCqGWFZw_Q9Uk7YnFSk5DyMQ', 'authorChannelId': {'value': 'UCqGWFZw_Q9Uk7YnFSk5DyMQ'}, 'canRate': True, 'viewerRating': 'none', 'likeCount': 0, 'publishedAt': '2022-10-23T13:04:48Z', 'updatedAt': '2022-10-23T13:04:48Z'}}, 'canReply': True, 'totalReplyCount': 0, 'isPublic': True}",,UCqGWFZw_Q9Uk7YnFSk5DyMQ,2022-10-23T13:04:48Z,Será que a culpa é do Bolsonaro?,QURTSl9pMDdxbm0zelM2QlJrN0FJMi1wOGdQb05ZZnlTbjdnVEtQYXRyRG9Db21KNlBOTEE0NEM4SUNtNUhpTFg2NzFTOGtxS0w4UjA2WQ==,2023-06-08 15:04:28.548179
youtube#commentThread,VG6q_3-SBZOidf-Q6kd4sFrB0Ik,UgzQGJI8-VXDqd87PmZ4AaABAg,"{'videoId': 'uuh1ydDwwrQ', 'topLevelComment': {'kind': 'youtube#comment', 'etag': '0wGacI4J5sndAlYQ9YQjDitV4h4', 'id': 'UgzQGJI8-VXDqd87PmZ4AaABAg', 'snippet': {'videoId': 'uuh1ydDwwrQ', 'textDisplay': 'Não falando bobagem foi retirado a força não está com cara de quem estava pensando mal o ping e do mal 👹 e sabe lá se este vai voltar ninguém mais vai saber dele', 'textOriginal': 'Não falando bobagem foi retirado a força não está com cara de quem estava pensando mal o ping e do mal 👹 e sabe lá se este vai voltar ninguém mais vai saber dele', 'authorDisplayName': 'Carlos-Alberto Meier', 'authorProfileImageUrl': 'https://yt3.ggpht.com/ytc/AGIKgqPbOWlhu3Ixc_1slOc9fsqFmUr_F1TMhuq5s-0z=s48-c-k-c0x00ffffff-no-rj', 'authorChannelUrl': 'http://www.youtube.com/channel/UCw0BPlszdwN96zFYW2TMgRQ', 'authorChannelId': {'value': 'UCw0BPlszdwN96zFYW2TMgRQ'}, 'canRate': True, 'viewerRating': 'none', 'likeCount': 0, 'publishedAt': '2022-10-23T12:57:53Z', 'updatedAt': '2022-10-23T12:57:53Z'}}, 'canReply': True, 'totalReplyCount': 0, 'isPublic': True}",,UCw0BPlszdwN96zFYW2TMgRQ,2022-10-23T12:57:53Z,Não falando bobagem foi retirado a força não está com cara de quem estava pensando mal o ping e do mal 👹 e sabe lá se este vai voltar ninguém mais vai saber dele,QURTSl9pMDdxbm0zelM2QlJrN0FJMi1wOGdQb05ZZnlTbjdnVEtQYXRyRG9Db21KNlBOTEE0NEM4SUNtNUhpTFg2NzFTOGtxS0w4UjA2WQ==,2023-06-08 15:04:28.548179
youtube#commentThread,HPlKnZ-UfDkCJgGNswemFV_fAQo,UgyyYB89opaafwfuHmF4AaABAg,"{'videoId': 'uuh1ydDwwrQ', 'topLevelComment': {'kind': 'youtube#comment', 'etag': 'TWlMM2TmimesTeH4feCSXQgZt6w', 'id': 'UgyyYB89opaafwfuHmF4AaABAg', 'snippet': {'videoId': 'uuh1ydDwwrQ', 'textDisplay': '🤣🤣🤣🤣🤣🤣🤣🤣🤣', 'textOriginal': '🤣🤣🤣🤣🤣🤣🤣🤣🤣', 'authorDisplayName': 'Evan Nogueira', 'authorProfileImageUrl': 'https://yt3.ggpht.com/ytc/AGIKgqNo3_pNwTqVNANGeFTQm2qgXqAQzVwekMDTJ-928w=s48-c-k-c0x00ffffff-no-rj', 'authorChannelUrl': 'http://www.youtube.com/channel/UCNTrwxJNebGjsVSPsrW2TsQ', 'authorChannelId': {'value': 'UCNTrwxJNebGjsVSPsrW2TsQ'}, 'canRate': True, 'viewerRating': 'none', 'likeCount': 0, 'publishedAt': '2022-10-23T12:55:36Z', 'updatedAt': '2022-10-23T12:55:36Z'}}, 'canReply': True, 'totalReplyCount': 0, 'isPublic': True}",,UCNTrwxJNebGjsVSPsrW2TsQ,2022-10-23T12:55:36Z,🤣🤣🤣🤣🤣🤣🤣🤣🤣,QURTSl9pMDdxbm0zelM2QlJrN0FJMi1wOGdQb05ZZnlTbjdnVEtQYXRyRG9Db21KNlBOTEE0NEM4SUNtNUhpTFg2NzFTOGtxS0w4UjA2WQ==,2023-06-08 15:04:28.548179
youtube#commentThread,2uLnksUtqClqby14ALY2KgV1b0A,UgzT09TLY8xr-KvMcOV4AaABAg,"{'videoId': 'uuh1ydDwwrQ', 'topLevelComment': {'kind': 'youtube#comment', 'etag': 'Qj3V5lBfJho3uTmqb4HifHxoy_U', 'id': 'UgzT09TLY8xr-KvMcOV4AaABAg', 'snippet': {'videoId': 'uuh1ydDwwrQ', 'textDisplay': 'Na verdade ninguém sabe o que ocorreu por lá. Existem muitas teorias. Uma delas diz que o partido comunista chinês é dividido. A ala PCC do presidente Xi Jinping é uma e a do PCC ligada ao partido demôniocrata americano é outra. <br>Enfim, existiria uma ala do PCC  ligada aos globalistas e outra nacionalista ligada ao presidente Xi Jinping.<br>Mas é tudo especulação.', 'textOriginal': 'Na verdade ninguém sabe o que ocorreu por lá. Existem muitas teorias. Uma delas diz que o partido comunista chinês é dividido. A ala PCC do presidente Xi Jinping é uma e a do PCC ligada ao partido demôniocrata americano é outra. \\nEnfim, existiria uma ala do PCC  ligada aos globalistas e outra nacionalista ligada ao presidente Xi Jinping.\\nMas é tudo especulação.', 'authorDisplayName': 'José Luiz', 'authorProfileImageUrl': 'https://yt3.ggpht.com/ytc/AGIKgqOcv755Zfctj9-of0rp1ysbf28wZSE83Ik9qttrwUk=s48-c-k-c0x00ffffff-no-rj', 'authorChannelUrl': 'http://www.youtube.com/channel/UCFefF82IuhAh_YpZvjsOyug', 'authorChannelId': {'value': 'UCFefF82IuhAh_YpZvjsOyug'}, 'canRate': True, 'viewerRating': 'none', 'likeCount': 0, 'publishedAt': '2022-10-23T12:46:54Z', 'updatedAt': '2022-10-23T12:46:54Z'}}, 'canReply': True, 'totalReplyCount': 0, 'isPublic': True}",,UCFefF82IuhAh_YpZvjsOyug,2022-10-23T12:46:54Z,"Na verdade ninguém sabe o que ocorreu por lá. Existem muitas teorias. Uma delas diz que o partido comunista chinês é dividido. A ala PCC do presidente Xi Jinping é uma e a do PCC ligada ao partido demôniocrata americano é outra. 
Enfim, existiria uma ala do PCC  ligada aos globalistas e outra nacionalista ligada ao presidente Xi Jinping.
Mas é tudo especulação.",QURTSl9pMDdxbm0zelM2QlJrN0FJMi1wOGdQb05ZZnlTbjdnVEtQYXRyRG9Db21KNlBOTEE0NEM4SUNtNUhpTFg2NzFTOGtxS0w4UjA2WQ==,2023-06-08 15:04:28.548179
youtube#commentThread,55--JiWarwkAwIJ5UX203QSQxRA,UgzXD6lpYi7_dG4N2Rx4AaABAg,"{'videoId': 'uuh1ydDwwrQ', 'topLevelComment': {'kind': 'youtube#comment', 'etag': 'LSW4oXU8gLjciC_4C1Yx0RxClyE', 'id': 'UgzXD6lpYi7_dG4N2Rx4AaABAg', 'snippet': {'videoId': 'uuh1ydDwwrQ', 'textDisplay': 'Isso chama ditadura!', 'textOriginal': 'Isso chama ditadura!', 'authorDisplayName': 'Livia de holanda braga canedo', 'authorProfileImageUrl': 'https://yt3.ggpht.com/ytc/AGIKgqNxpSINfgsI_woPealQVcnBIL1EdtWxjiprU8ZQ6_woDhKBTlIH60k2-qVkEWoV=s48-c-k-c0x00ffffff-no-rj', 'authorChannelUrl': 'http://www.youtube.com/channel/UCUpCJK9IK5djzVm5aVp4nFw', 'authorChannelId': {'value': 'UCUpCJK9IK5djzVm5aVp4nFw'}, 'canRate': True, 'viewerRating': 'none', 'likeCount': 0, 'publishedAt': '2022-10-23T12:42:01Z', 'updatedAt': '2022-10-23T12:42:01Z'}}, 'canReply': True, 'totalReplyCount': 0, 'isPublic': True}",,UCUpCJK9IK5djzVm5aVp4nFw,2022-10-23T12:42:01Z,Isso chama ditadura!,QURTSl9pMDdxbm0zelM2QlJrN0FJMi1wOGdQb05ZZnlTbjdnVEtQYXRyRG9Db21KNlBOTEE0NEM4SUNtNUhpTFg2NzFTOGtxS0w4UjA2WQ==,2023-06-08 15:04:28.548179
youtube#commentThread,ASgi3Icb12opcDrHcDjrq2woy9c,Ugy6WZDmQbcpCxai36N4AaABAg,"{'videoId': 'uuh1ydDwwrQ', 'topLevelComment': {'kind': 'youtube#comment', 'etag': 'CjOL6AQ27Azo6obxfSHE5td3-0g', 'id': 'Ugy6WZDmQbcpCxai36N4AaABAg', 'snippet': {'videoId': 'uuh1ydDwwrQ', 'textDisplay': 'Eles jamais vão dizer o que houve. É a maior ditadura local, depois de Mao Tse Tung.', 'textOriginal': 'Eles jamais vão dizer o que houve. É a maior ditadura local, depois de Mao Tse Tung.', 'authorDisplayName': 'Canal Monstro Verde Gamer', 'authorProfileImageUrl': 'https://yt3.ggpht.com/ytc/AGIKgqMxQeHsI7JF4X5HV0ps9M9CmnxDVIHJAGdU6EAriZs=s48-c-k-c0x00ffffff-no-rj', 'authorChannelUrl': 'http://www.youtube.com/channel/UCkm96HUegA_I02rTDMbEcHA', 'authorChannelId': {'value': 'UCkm96HUegA_I02rTDMbEcHA'}, 'canRate': True, 'viewerRating': 'none', 'likeCount': 0, 'publishedAt': '2022-10-23T12:27:20Z', 'updatedAt': '2022-10-23T12:27:20Z'}}, 'canReply': True, 'totalReplyCount': 0, 'isPublic': True}",,UCkm96HUegA_I02rTDMbEcHA,2022-10-23T12:27:20Z,"Eles jamais vão dizer o que houve. É a maior ditadura local, depois de Mao Tse Tung.",QURTSl9pMDdxbm0zelM2QlJrN0FJMi1wOGdQb05ZZnlTbjdnVEtQYXRyRG9Db21KNlBOTEE0NEM4SUNtNUhpTFg2NzFTOGtxS0w4UjA2WQ==,2023-06-08 15:04:28.548179
youtube#commentThread,Cfo_HTM2c2DW-RthlkRjy-OADoU,UgwClNw2iRFSFxi7NVh4AaABAg,"{'videoId': 'uuh1ydDwwrQ', 'topLevelComment': {'kind': 'youtube#comment', 'etag': '823g9uy6mqLvZ4OwdAcBX8cSHyA', 'id': 'UgwClNw2iRFSFxi7NVh4AaABAg', 'snippet': {'videoId': 'uuh1ydDwwrQ', 'textDisplay': 'kkkkkkkkkkkk Jovem Pan pisando em ovos&quot; para poder dar eese tipo de notícia, né? E esse &quot;professor&quot; aí falando em &quot;teoria conspiratória&quot; (que é o &quot;jargão&quot; usado por aqueles que só acreditam nas &quot;VERSÕES OFICIAIS&quot;) justamente para nos presentear com a sua grande  &quot;SAPIÊNCIA&quot; de que vai &quot;aguardar a versão OFICIAL&quot;, né? kkkkkk Jornalismo para TROUXAS...', 'textOriginal': 'kkkkkkkkkkkk Jovem Pan pisando em ovos"" para poder dar eese tipo de notícia, né? E esse ""professor"" aí falando em ""teoria conspiratória"" (que é o ""jargão"" usado por aqueles que só acreditam nas ""VERSÕES OFICIAIS"") justamente para nos presentear com a sua grande  ""SAPIÊNCIA"" de que vai ""aguardar a versão OFICIAL"", né? kkkkkk Jornalismo para TROUXAS...', 'authorDisplayName': 'Jorge Ricardo', 'authorProfileImageUrl': 'https://yt3.ggpht.com/-M--BJnQZVNMY0bdylup1Yd7bdE2tVP4vtbIkBTMRgDzXcJEPwhQf5F7c4GNVLM22U4iXj0a7Q=s48-c-k-c0x00ffffff-no-rj', 'authorChannelUrl': 'http://www.youtube.com/channel/UCR3KRRoUKO_ZvxOzGqNS3jg', 'authorChannelId': {'value': 'UCR3KRRoUKO_ZvxOzGqNS3jg'}, 'canRate': True, 'viewerRating': 'none', 'likeCount': 0, 'publishedAt': '2022-10-23T12:13:09Z', 'updatedAt': '2022-10-23T12:13:09Z'}}, 'canReply': True, 'totalReplyCount': 0, 'isPublic': True}",,UCR3KRRoUKO_ZvxOzGqNS3jg,2022-10-23T12:13:09Z,"kkkkkkkkkkkk Jovem Pan pisando em ovos"" para poder dar eese tipo de notícia, né? E esse ""professor"" aí falando em ""teoria conspiratória"" (que é o ""jargão"" usado por aqueles que só acreditam nas ""VERSÕES OFICIAIS"") justamente para nos presentear com a sua grande  ""SAPIÊNCIA"" de que vai ""aguardar a versão OFICIAL"", né? kkkkkk Jornalismo para TROUXAS...",QURTSl9pMDdxbm0zelM2QlJrN0FJMi1wOGdQb05ZZnlTbjdnVEtQYXRyRG9Db21KNlBOTEE0NEM4SUNtNUhpTFg2NzFTOGtxS0w4UjA2WQ==,2023-06-08 15:04:28.548179
youtube#commentThread,YsDARtoQQYPEkAjxzdKmC5dBxZA,UgzLMMmpTbPFu4WD4OR4AaABAg,"{'videoId': 'uuh1ydDwwrQ', 'topLevelComment': {'kind': 'youtube#comment', 'etag': 'BjSK76HLFhqxBWq6R2Dcd0ZmQIY', 'id': 'UgzLMMmpTbPFu4WD4OR4AaABAg', 'snippet': {'videoId': 'uuh1ydDwwrQ', 'textDisplay': 'Professor especialista em nada!', 'textOriginal': 'Professor especialista em nada!', 'authorDisplayName': 'Antonio S Mendonca', 'authorProfileImageUrl': 'https://yt3.ggpht.com/ytc/AGIKgqPHQhZxFak2gGR26rgHxWXG-Nx3Ut8vDwLRxtd0Tw=s48-c-k-c0x00ffffff-no-rj', 'authorChannelUrl': 'http://www.youtube.com/channel/UCyMQmLjc59mFtMOeiVhU2EQ', 'authorChannelId': {'value': 'UCyMQmLjc59mFtMOeiVhU2EQ'}, 'canRate': True, 'viewerRating': 'none', 'likeCount': 0, 'publishedAt': '2022-10-23T12:07:21Z', 'updatedAt': '2022-10-23T12:07:21Z'}}, 'canReply': True, 'totalReplyCount': 0, 'isPublic': True}",,UCyMQmLjc59mFtMOeiVhU2EQ,2022-10-23T12:07:21Z,Professor especialista em nada!,QURTSl9pMDdxbm0zelM2QlJrN0FJMi1wOGdQb05ZZnlTbjdnVEtQYXRyRG9Db21KNlBOTEE0NEM4SUNtNUhpTFg2NzFTOGtxS0w4UjA2WQ==,2023-06-08 15:04:28.548179
youtube#commentThread,BE3Zc8dEw6IqcTZlvKaoz5YXxNc,UgxHhiM9f1KsI8mpfSF4AaABAg,"{'videoId': 'uuh1ydDwwrQ', 'topLevelComment': {'kind': 'youtube#comment', 'etag': '7dI3-ncwIYJX0tluU44SUyilI4A', 'id': 'UgxHhiM9f1KsI8mpfSF4AaABAg', 'snippet': {'videoId': 'uuh1ydDwwrQ', 'textDisplay': 'NAO E TEÓRICOS DA CONSPIRAÇÃO E REAL VOCÊS DA IMPRENSA MENTE MENTE', 'textOriginal': 'NAO E TEÓRICOS DA CONSPIRAÇÃO E REAL VOCÊS DA IMPRENSA MENTE MENTE', 'authorDisplayName': 'Debora Koso', 'authorProfileImageUrl': 'https://yt3.ggpht.com/dFtZdbULU8bLTUsgnFhFEQpUWHZ9LOxP9KH6UGNJal-lTd60ESRR4Ql1muNnRi9lL8Ukqc8mKQ=s48-c-k-c0x00ffffff-no-rj', 'authorChannelUrl': 'http://www.youtube.com/channel/UCG-nr3uZeJLo1Ddfb7ROJTw', 'authorChannelId': {'value': 'UCG-nr3uZeJLo1Ddfb7ROJTw'}, 'canRate': True, 'viewerRating': 'none', 'likeCount': 0, 'publishedAt': '2022-10-23T12:04:04Z', 'updatedAt': '2022-10-23T12:04:04Z'}}, 'canReply': True, 'totalReplyCount': 0, 'isPublic': True}",,UCG-nr3uZeJLo1Ddfb7ROJTw,2022-10-23T12:04:04Z,NAO E TEÓRICOS DA CONSPIRAÇÃO E REAL VOCÊS DA IMPRENSA MENTE MENTE,QURTSl9pMDdxbm0zelM2QlJrN0FJMi1wOGdQb05ZZnlTbjdnVEtQYXRyRG9Db21KNlBOTEE0NEM4SUNtNUhpTFg2NzFTOGtxS0w4UjA2WQ==,2023-06-08 15:04:28.548179
youtube#commentThread,i42lZ7QjmG8rp9gBfZU-NY5JIBg,Ugwfgsl_5KwqjiSPEgh4AaABAg,"{'videoId': 'uuh1ydDwwrQ', 'topLevelComment': {'kind': 'youtube#comment', 'etag': 'T6UooHYIsaExs8-lgcgiOGsJi4k', 'id': 'Ugwfgsl_5KwqjiSPEgh4AaABAg', 'snippet': {'videoId': 'uuh1ydDwwrQ', 'textDisplay': 'TEREMOS GRANDES SURPRESAS TRIBUNAL DE HAIA CRIMES CONTRA A HUMANIDADE', 'textOriginal': 'TEREMOS GRANDES SURPRESAS TRIBUNAL DE HAIA CRIMES CONTRA A HUMANIDADE', 'authorDisplayName': 'Debora Koso', 'authorProfileImageUrl': 'https://yt3.ggpht.com/dFtZdbULU8bLTUsgnFhFEQpUWHZ9LOxP9KH6UGNJal-lTd60ESRR4Ql1muNnRi9lL8Ukqc8mKQ=s48-c-k-c0x00ffffff-no-rj', 'authorChannelUrl': 'http://www.youtube.com/channel/UCG-nr3uZeJLo1Ddfb7ROJTw', 'authorChannelId': {'value': 'UCG-nr3uZeJLo1Ddfb7ROJTw'}, 'canRate': True, 'viewerRating': 'none', 'likeCount': 0, 'publishedAt': '2022-10-23T12:02:42Z', 'updatedAt': '2022-10-23T12:02:42Z'}}, 'canReply': True, 'totalReplyCount': 0, 'isPublic': True}",,UCG-nr3uZeJLo1Ddfb7ROJTw,2022-10-23T12:02:42Z,TEREMOS GRANDES SURPRESAS TRIBUNAL DE HAIA CRIMES CONTRA A HUMANIDADE,QURTSl9pMDdxbm0zelM2QlJrN0FJMi1wOGdQb05ZZnlTbjdnVEtQYXRyRG9Db21KNlBOTEE0NEM4SUNtNUhpTFg2NzFTOGtxS0w4UjA2WQ==,2023-06-08 15:04:28.548179
youtube#commentThread,W7RYXxb2UBBYZzmijBi-kfeA320,UgwuvFvx0_6Q0ZUYua54AaABAg,"{'videoId': 'uuh1ydDwwrQ', 'topLevelComment': {'kind': 'youtube#comment', 'etag': 'GTHt2orDC_L0kVuvbNVmTJ03cUU', 'id': 'UgwuvFvx0_6Q0ZUYua54AaABAg', 'snippet': {'videoId': 'uuh1ydDwwrQ', 'textDisplay': 'LIMPEZA DO PÂNTANO', 'textOriginal': 'LIMPEZA DO PÂNTANO', 'authorDisplayName': 'Debora Koso', 'authorProfileImageUrl': 'https://yt3.ggpht.com/dFtZdbULU8bLTUsgnFhFEQpUWHZ9LOxP9KH6UGNJal-lTd60ESRR4Ql1muNnRi9lL8Ukqc8mKQ=s48-c-k-c0x00ffffff-no-rj', 'authorChannelUrl': 'http://www.youtube.com/channel/UCG-nr3uZeJLo1Ddfb7ROJTw', 'authorChannelId': {'value': 'UCG-nr3uZeJLo1Ddfb7ROJTw'}, 'canRate': True, 'viewerRating': 'none', 'likeCount': 0, 'publishedAt': '2022-10-23T12:02:22Z', 'updatedAt': '2022-10-23T12:02:22Z'}}, 'canReply': True, 'totalReplyCount': 0, 'isPublic': True}",,UCG-nr3uZeJLo1Ddfb7ROJTw,2022-10-23T12:02:22Z,LIMPEZA DO PÂNTANO,QURTSl9pMDdxbm0zelM2QlJrN0FJMi1wOGdQb05ZZnlTbjdnVEtQYXRyRG9Db21KNlBOTEE0NEM4SUNtNUhpTFg2NzFTOGtxS0w4UjA2WQ==,2023-06-08 15:04:28.548179
youtube#commentThread,4LNBe7u1zWKDlmjj3MjkMWLRGdI,UgyyJ7RCIbCJN3axSot4AaABAg,"{'videoId': 'uuh1ydDwwrQ', 'topLevelComment': {'kind': 'youtube#comment', 'etag': 'A3AZuv8Wtb--q5I-QvVmaekOhj8', 'id': 'UgyyJ7RCIbCJN3axSot4AaABAg', 'snippet': {'videoId': 'uuh1ydDwwrQ', 'textDisplay': 'Isso é o Jeito que o comunismo trata quem não te serve mais', 'textOriginal': 'Isso é o Jeito que o comunismo trata quem não te serve mais', 'authorDisplayName': 'Anderson Raimundo', 'authorProfileImageUrl': 'https://yt3.ggpht.com/ytc/AGIKgqOZhj2NnFQn0_D3VkbREFgBGknbZj9wDHy_BA=s48-c-k-c0x00ffffff-no-rj', 'authorChannelUrl': 'http://www.youtube.com/channel/UCL4a4X59daKUUXg3gDceIXw', 'authorChannelId': {'value': 'UCL4a4X59daKUUXg3gDceIXw'}, 'canRate': True, 'viewerRating': 'none', 'likeCount': 0, 'publishedAt': '2022-10-23T11:58:41Z', 'updatedAt': '2022-10-23T11:58:41Z'}}, 'canReply': True, 'totalReplyCount': 0, 'isPublic': True}",,UCL4a4X59daKUUXg3gDceIXw,2022-10-23T11:58:41Z,Isso é o Jeito que o comunismo trata quem não te serve mais,QURTSl9pMDdxbm0zelM2QlJrN0FJMi1wOGdQb05ZZnlTbjdnVEtQYXRyRG9Db21KNlBOTEE0NEM4SUNtNUhpTFg2NzFTOGtxS0w4UjA2WQ==,2023-06-08 15:04:28.548179
youtube#commentThread,lmQlZrQgfoxh3zCF2eYlE2Bcax4,UgwN9q3kjwNNLvwLedV4AaABAg,"{'videoId': 'uuh1ydDwwrQ', 'topLevelComment': {'kind': 'youtube#comment', 'etag': 'tRyqXHWPqj0SByqwpDnOOcrx0a0', 'id': 'UgwN9q3kjwNNLvwLedV4AaABAg', 'snippet': {'videoId': 'uuh1ydDwwrQ', 'textDisplay': 'Observado que ninguém se manifestou para apoia lo sinal de ditadura', 'textOriginal': 'Observado que ninguém se manifestou para apoia lo sinal de ditadura', 'authorDisplayName': 'Edson Carvalho', 'authorProfileImageUrl': 'https://yt3.ggpht.com/ytc/AGIKgqOFI-3UNA5h1Z6wbSkZ0KjWTYbe2zclvQ7Vcg=s48-c-k-c0x00ffffff-no-rj', 'authorChannelUrl': 'http://www.youtube.com/channel/UCWKLH-VOyCC72w6nYHnhHSw', 'authorChannelId': {'value': 'UCWKLH-VOyCC72w6nYHnhHSw'}, 'canRate': True, 'viewerRating': 'none', 'likeCount': 0, 'publishedAt': '2022-10-23T11:50:43Z', 'updatedAt': '2022-10-23T11:50:43Z'}}, 'canReply': True, 'totalReplyCount': 0, 'isPublic': True}",,UCWKLH-VOyCC72w6nYHnhHSw,2022-10-23T11:50:43Z,Observado que ninguém se manifestou para apoia lo sinal de ditadura,QURTSl9pMDdxbm0zelM2QlJrN0FJMi1wOGdQb05ZZnlTbjdnVEtQYXRyRG9Db21KNlBOTEE0NEM4SUNtNUhpTFg2NzFTOGtxS0w4UjA2WQ==,2023-06-08 15:04:28.548179
youtube#commentThread,yskPD3R9G3-7z2T5p9k7fRhuXHw,UgzVDmjhyZOdwRI0tj94AaABAg,"{'videoId': 'uuh1ydDwwrQ', 'topLevelComment': {'kind': 'youtube#comment', 'etag': 'qYH3POOZXs_ammenNbvHUQ0ud14', 'id': 'UgzVDmjhyZOdwRI0tj94AaABAg', 'snippet': {'videoId': 'uuh1ydDwwrQ', 'textDisplay': 'Esse regime chinês não é aquele queridinho da velha mídia podre oficial e aquele tão elogiado pelo honestíssimo Lula...???', 'textOriginal': 'Esse regime chinês não é aquele queridinho da velha mídia podre oficial e aquele tão elogiado pelo honestíssimo Lula...???', 'authorDisplayName': 'KENNEDY SILVA', 'authorProfileImageUrl': 'https://yt3.ggpht.com/ytc/AGIKgqNfvBKsortwn1ecL-zQof2VHAvOqOHpVKANUwVc8NQ=s48-c-k-c0x00ffffff-no-rj', 'authorChannelUrl': 'http://www.youtube.com/channel/UC1YPPdJ_WHjEwMAdE-_IoPg', 'authorChannelId': {'value': 'UC1YPPdJ_WHjEwMAdE-_IoPg'}, 'canRate': True, 'viewerRating': 'none', 'likeCount': 1, 'publishedAt': '2022-10-23T11:49:10Z', 'updatedAt': '2022-10-23T11:49:10Z'}}, 'canReply': True, 'totalReplyCount': 0, 'isPublic': True}",,UC1YPPdJ_WHjEwMAdE-_IoPg,2022-10-23T11:49:10Z,Esse regime chinês não é aquele queridinho da velha mídia podre oficial e aquele tão elogiado pelo honestíssimo Lula...???,QURTSl9pMDdxbm0zelM2QlJrN0FJMi1wOGdQb05ZZnlTbjdnVEtQYXRyRG9Db21KNlBOTEE0NEM4SUNtNUhpTFg2NzFTOGtxS0w4UjA2WQ==,2023-06-08 15:04:28.548179
youtube#commentThread,YHGR9OYXuDpx8wIUTHDKXdk0HIc,UgybSJFj9jXgVvzw0Gd4AaABAg,"{'videoId': 'uuh1ydDwwrQ', 'topLevelComment': {'kind': 'youtube#comment', 'etag': 'FjHeDEb2u-3k_dfjrPRWBaPTHlY', 'id': 'UgybSJFj9jXgVvzw0Gd4AaABAg', 'snippet': {'videoId': 'uuh1ydDwwrQ', 'textDisplay': '1984 é 2022 no Brasil. Os togados podem tudo.', 'textOriginal': '1984 é 2022 no Brasil. Os togados podem tudo.', 'authorDisplayName': 'francisco paixao', 'authorProfileImageUrl': 'https://yt3.ggpht.com/ytc/AGIKgqNXiqdL_2i5Cy0eE1J2hDBHL6ofno5idawxm4OS6dOSJe2QGQTkIRF4udBrzIan=s48-c-k-c0x00ffffff-no-rj', 'authorChannelUrl': 'http://www.youtube.com/channel/UC9pMFRDAmVdz93BDt2pqEsg', 'authorChannelId': {'value': 'UC9pMFRDAmVdz93BDt2pqEsg'}, 'canRate': True, 'viewerRating': 'none', 'likeCount': 0, 'publishedAt': '2022-10-23T11:45:26Z', 'updatedAt': '2022-10-23T11:45:26Z'}}, 'canReply': True, 'totalReplyCount': 0, 'isPublic': True}",,UC9pMFRDAmVdz93BDt2pqEsg,2022-10-23T11:45:26Z,1984 é 2022 no Brasil. Os togados podem tudo.,QURTSl9pMDdxbm0zelM2QlJrN0FJMi1wOGdQb05ZZnlTbjdnVEtQYXRyRG9Db21KNlBOTEE0NEM4SUNtNUhpTFg2NzFTOGtxS0w4UjA2WQ==,2023-06-08 15:04:28.548179
youtube#commentThread,Hva4iiLVL4JibLQ0b51VSvRB5Ok,UgzedYf2CRqDiAu5LMN4AaABAg,"{'videoId': 'uuh1ydDwwrQ', 'topLevelComment': {'kind': 'youtube#comment', 'etag': '1nUGS9Uc91OGTCtfkin4_U98sns', 'id': 'UgzedYf2CRqDiAu5LMN4AaABAg', 'snippet': {'videoId': 'uuh1ydDwwrQ', 'textDisplay': 'Da pra ver que não foi mau súbito e sim uma saída forçada!', 'textOriginal': 'Da pra ver que não foi mau súbito e sim uma saída forçada!', 'authorDisplayName': 'Marilza silva da cruz silva da cruz', 'authorProfileImageUrl': 'https://yt3.ggpht.com/ytc/AGIKgqOd5czpTAgbNAIaf90nNy5pfrSDjuRjkmdEL1vpEtXyHN1WDWMBOKeo6YGPPC6-=s48-c-k-c0x00ffffff-no-rj', 'authorChannelUrl': 'http://www.youtube.com/channel/UCvf7LNH6M9V8SiHKhBwp3nQ', 'authorChannelId': {'value': 'UCvf7LNH6M9V8SiHKhBwp3nQ'}, 'canRate': True, 'viewerRating': 'none', 'likeCount': 0, 'publishedAt': '2022-10-23T11:44:14Z', 'updatedAt': '2022-10-23T11:44:14Z'}}, 'canReply': True, 'totalReplyCount': 0, 'isPublic': True}",,UCvf7LNH6M9V8SiHKhBwp3nQ,2022-10-23T11:44:14Z,Da pra ver que não foi mau súbito e sim uma saída forçada!,QURTSl9pMDdxbm0zelM2QlJrN0FJMi1wOGdQb05ZZnlTbjdnVEtQYXRyRG9Db21KNlBOTEE0NEM4SUNtNUhpTFg2NzFTOGtxS0w4UjA2WQ==,2023-06-08 15:04:28.548179
youtube#commentThread,1wThPgh00COXjOb--BE-g3K26m8,UgztAwy2VAmaaJ4a0Rh4AaABAg,"{'videoId': 'uuh1ydDwwrQ', 'topLevelComment': {'kind': 'youtube#comment', 'etag': 'B9Sz8rskwyFvwevBXU6v8hZT4Bs', 'id': 'UgztAwy2VAmaaJ4a0Rh4AaABAg', 'snippet': {'videoId': 'uuh1ydDwwrQ', 'textDisplay': 'Sim l. Um mau estar que costuma acontecer com quem sabe que vai morrer. Deu para ver a atitude dos seguranças e dos colegas que nem falaram com ele', 'textOriginal': 'Sim l. Um mau estar que costuma acontecer com quem sabe que vai morrer. Deu para ver a atitude dos seguranças e dos colegas que nem falaram com ele', 'authorDisplayName': 'PROFESSOR EDUARDO ALMEIDA', 'authorProfileImageUrl': 'https://yt3.ggpht.com/gmxT8rQeB2X9cTJ_EhFVHhwq6GPWVD7B7pDD32KFVkkqbZ63F22h5PdKNNbev3SR6l1XXVXJJQ=s48-c-k-c0x00ffffff-no-rj', 'authorChannelUrl': 'http://www.youtube.com/channel/UCIWe_zMsRjq7QaGVvxWuZ9A', 'authorChannelId': {'value': 'UCIWe_zMsRjq7QaGVvxWuZ9A'}, 'canRate': True, 'viewerRating': 'none', 'likeCount': 3, 'publishedAt': '2022-10-23T11:38:01Z', 'updatedAt': '2022-10-23T11:38:01Z'}}, 'canReply': True, 'totalReplyCount': 0, 'isPublic': True}",,UCIWe_zMsRjq7QaGVvxWuZ9A,2022-10-23T11:38:01Z,Sim l. Um mau estar que costuma acontecer com quem sabe que vai morrer. Deu para ver a atitude dos seguranças e dos colegas que nem falaram com ele,QURTSl9pMDdxbm0zelM2QlJrN0FJMi1wOGdQb05ZZnlTbjdnVEtQYXRyRG9Db21KNlBOTEE0NEM4SUNtNUhpTFg2NzFTOGtxS0w4UjA2WQ==,2023-06-08 15:04:28.548179
youtube#commentThread,TmqXMiuo1CwlAcqom5IpuwFocSw,UgyyLcBfNye9R-94P8x4AaABAg,"{'videoId': 'uuh1ydDwwrQ', 'topLevelComment': {'kind': 'youtube#comment', 'etag': 'HWe-MNE4Kt_4vp_YPzDdh4bGMao', 'id': 'UgyyLcBfNye9R-94P8x4AaABAg', 'snippet': {'videoId': 'uuh1ydDwwrQ', 'textDisplay': 'Bem voces dizem que apoiam a liberdade mas o que estamos vendo e o Brasil fazer aliancas e apoiando autocrata  entao eu pergunto aí ao povo Brasileiro..voces querem uma ordem mundial liderada por autocratas? RUSSIA  CHINA .. é essa a liberdade que querem para voces?', 'textOriginal': 'Bem voces dizem que apoiam a liberdade mas o que estamos vendo e o Brasil fazer aliancas e apoiando autocrata  entao eu pergunto aí ao povo Brasileiro..voces querem uma ordem mundial liderada por autocratas? RUSSIA  CHINA .. é essa a liberdade que querem para voces?', 'authorDisplayName': 'Matfaycal', 'authorProfileImageUrl': 'https://yt3.ggpht.com/ytc/AGIKgqNLTfYucS0xek446eIojidqlcIIFNNlQgC1RgytMCdcdMrn3-IBn0BvRRUaQZ19=s48-c-k-c0x00ffffff-no-rj', 'authorChannelUrl': 'http://www.youtube.com/channel/UCdN5pcLZ3v5AbyHPIeBX48g', 'authorChannelId': {'value': 'UCdN5pcLZ3v5AbyHPIeBX48g'}, 'canRate': True, 'viewerRating': 'none', 'likeCount': 0, 'publishedAt': '2022-10-23T11:37:25Z', 'updatedAt': '2022-10-23T11:38:24Z'}}, 'canReply': True, 'totalReplyCount': 0, 'isPublic': True}",,UCdN5pcLZ3v5AbyHPIeBX48g,2022-10-23T11:37:25Z,Bem voces dizem que apoiam a liberdade mas o que estamos vendo e o Brasil fazer aliancas e apoiando autocrata  entao eu pergunto aí ao povo Brasileiro..voces querem uma ordem mundial liderada por autocratas? RUSSIA  CHINA .. é essa a liberdade que querem para voces?,QURTSl9pMDdxbm0zelM2QlJrN0FJMi1wOGdQb05ZZnlTbjdnVEtQYXRyRG9Db21KNlBOTEE0NEM4SUNtNUhpTFg2NzFTOGtxS0w4UjA2WQ==,2023-06-08 15:04:28.548179
youtube#commentThread,NLvNKeEUTeUZOrP1eCsqlECOZPE,Ugyr28PVAgkCzfalbbd4AaABAg,"{'videoId': 'uuh1ydDwwrQ', 'topLevelComment': {'kind': 'youtube#comment', 'etag': 'oNCoeKrLbeFVHotzcMuk17aB7Mo', 'id': 'Ugyr28PVAgkCzfalbbd4AaABAg', 'snippet': {'videoId': 'uuh1ydDwwrQ', 'textDisplay': 'Comunismo sendo comunista kk', 'textOriginal': 'Comunismo sendo comunista kk', 'authorDisplayName': 'Space X', 'authorProfileImageUrl': 'https://yt3.ggpht.com/DstakJh9P-jyuHm7pqTxV4_UQVwB39aSx0c5dMWscn-1PrVW5sEwtZE3S3rWFKGkeCelomw0Tw=s48-c-k-c0x00ffffff-no-rj', 'authorChannelUrl': 'http://www.youtube.com/channel/UCEa3aaqdjLm7okBdAxQlyzw', 'authorChannelId': {'value': 'UCEa3aaqdjLm7okBdAxQlyzw'}, 'canRate': True, 'viewerRating': 'none', 'likeCount': 0, 'publishedAt': '2022-10-23T11:29:58Z', 'updatedAt': '2022-10-23T11:29:58Z'}}, 'canReply': True, 'totalReplyCount': 0, 'isPublic': True}",,UCEa3aaqdjLm7okBdAxQlyzw,2022-10-23T11:29:58Z,Comunismo sendo comunista kk,QURTSl9pMDdxbm0zelM2QlJrN0FJMi1wOGdQb05ZZnlTbjdnVEtQYXRyRG9Db21KNlBOTEE0NEM4SUNtNUhpTFg2NzFTOGtxS0w4UjA2WQ==,2023-06-08 15:04:28.548179
youtube#commentThread,AyZbBD-rLLak8h3ZLtE98CypOzQ,Ugz4-pwZ4pMepa5Pl154AaABAg,"{'videoId': 'uuh1ydDwwrQ', 'topLevelComment': {'kind': 'youtube#comment', 'etag': '4hVD9ItX3qZmTcuoZGHF6H_Fdng', 'id': 'Ugz4-pwZ4pMepa5Pl154AaABAg', 'snippet': {'videoId': 'uuh1ydDwwrQ', 'textDisplay': 'Com certeza ele passou mal...muito mal...', 'textOriginal': 'Com certeza ele passou mal...muito mal...', 'authorDisplayName': 'vanderlan da silva mascarenhas', 'authorProfileImageUrl': 'https://yt3.ggpht.com/ytc/AGIKgqMMqjmUTsyPwMZDqW52KcfCE8m8Ae_UsL-WwQ=s48-c-k-c0x00ffffff-no-rj', 'authorChannelUrl': 'http://www.youtube.com/channel/UCfR8j7zKA8ZoUzCfIxu7jyg', 'authorChannelId': {'value': 'UCfR8j7zKA8ZoUzCfIxu7jyg'}, 'canRate': True, 'viewerRating': 'none', 'likeCount': 0, 'publishedAt': '2022-10-23T11:26:45Z', 'updatedAt': '2022-10-23T11:26:45Z'}}, 'canReply': True, 'totalReplyCount': 0, 'isPublic': True}",,UCfR8j7zKA8ZoUzCfIxu7jyg,2022-10-23T11:26:45Z,Com certeza ele passou mal...muito mal...,QURTSl9pMDdxbm0zelM2QlJrN0FJMi1wOGdQb05ZZnlTbjdnVEtQYXRyRG9Db21KNlBOTEE0NEM4SUNtNUhpTFg2NzFTOGtxS0w4UjA2WQ==,2023-06-08 15:04:28.548179
youtube#commentThread,DU_HCAM55bLlnIkD_5jqB0pi9ck,UgzB2KITW9vnOpcrWpF4AaABAg,"{'videoId': 'uuh1ydDwwrQ', 'topLevelComment': {'kind': 'youtube#comment', 'etag': 'oWgjO99YN3WPh2dTkyRCcNGrzmU', 'id': 'UgzB2KITW9vnOpcrWpF4AaABAg', 'snippet': {'videoId': 'uuh1ydDwwrQ', 'textDisplay': 'Isso é China.', 'textOriginal': 'Isso é China.', 'authorDisplayName': 'Ana Gabriela Dantas', 'authorProfileImageUrl': 'https://yt3.ggpht.com/ytc/AGIKgqOk-FsMHFpkyk_KgY-jCd8NNmZTbXcixg6ADQZz=s48-c-k-c0x00ffffff-no-rj', 'authorChannelUrl': 'http://www.youtube.com/channel/UCUtS9iBbjuCeNIgsSivuEYA', 'authorChannelId': {'value': 'UCUtS9iBbjuCeNIgsSivuEYA'}, 'canRate': True, 'viewerRating': 'none', 'likeCount': 0, 'publishedAt': '2022-10-23T11:25:47Z', 'updatedAt': '2022-10-23T11:25:47Z'}}, 'canReply': True, 'totalReplyCount': 0, 'isPublic': True}",,UCUtS9iBbjuCeNIgsSivuEYA,2022-10-23T11:25:47Z,Isso é China.,QURTSl9pMDdxbm0zelM2QlJrN0FJMi1wOGdQb05ZZnlTbjdnVEtQYXRyRG9Db21KNlBOTEE0NEM4SUNtNUhpTFg2NzFTOGtxS0w4UjA2WQ==,2023-06-08 15:04:28.548179
youtube#commentThread,r_33NB1d1zDI5XWBHbRTABZ-laY,UgwDvKVIJUqGpPlvbDx4AaABAg,"{'videoId': 'uuh1ydDwwrQ', 'topLevelComment': {'kind': 'youtube#comment', 'etag': 'hdHXsrCAP_NB-PgPqkchtU9M-iA', 'id': 'UgwDvKVIJUqGpPlvbDx4AaABAg', 'snippet': {'videoId': 'uuh1ydDwwrQ', 'textDisplay': 'O alexandre de moraes censurou ele tbm', 'textOriginal': 'O alexandre de moraes censurou ele tbm', 'authorDisplayName': ""Tiago D'Agostini"", 'authorProfileImageUrl': 'https://yt3.ggpht.com/ytc/AGIKgqObsBDBRqPY1QItFfUsf0SKyIDOZLf4Q-iqr_MmbQ=s48-c-k-c0x00ffffff-no-rj', 'authorChannelUrl': 'http://www.youtube.com/channel/UCoaP3PFtATBO4G6K5bmZzCw', 'authorChannelId': {'value': 'UCoaP3PFtATBO4G6K5bmZzCw'}, 'canRate': True, 'viewerRating': 'none', 'likeCount': 0, 'publishedAt': '2022-10-23T11:23:44Z', 'updatedAt': '2022-10-23T11:23:44Z'}}, 'canReply': True, 'totalReplyCount': 0, 'isPublic': True}",,UCoaP3PFtATBO4G6K5bmZzCw,2022-10-23T11:23:44Z,O alexandre de moraes censurou ele tbm,QURTSl9pMDdxbm0zelM2QlJrN0FJMi1wOGdQb05ZZnlTbjdnVEtQYXRyRG9Db21KNlBOTEE0NEM4SUNtNUhpTFg2NzFTOGtxS0w4UjA2WQ==,2023-06-08 15:04:28.548179
youtube#commentThread,vlMxNgsHEvIIY41TTowim7wgLW0,UgxJpBcGffqhImW8tBB4AaABAg,"{'videoId': 'uuh1ydDwwrQ', 'topLevelComment': {'kind': 'youtube#comment', 'etag': 'FQp0wF4p6TsE-ShO5mUOpVXiizw', 'id': 'UgxJpBcGffqhImW8tBB4AaABAg', 'snippet': {'videoId': 'uuh1ydDwwrQ', 'textDisplay': 'Começou....', 'textOriginal': 'Começou....', 'authorDisplayName': 'Deir Sampaio', 'authorProfileImageUrl': 'https://yt3.ggpht.com/ytc/AGIKgqPZyOKs8UU7l9WJW3kZL8HduOCpSow2zjWUWMYa=s48-c-k-c0x00ffffff-no-rj', 'authorChannelUrl': 'http://www.youtube.com/channel/UCeO1UTUsullfTMQ90Z2d_QA', 'authorChannelId': {'value': 'UCeO1UTUsullfTMQ90Z2d_QA'}, 'canRate': True, 'viewerRating': 'none', 'likeCount': 0, 'publishedAt': '2022-10-23T11:19:46Z', 'updatedAt': '2022-10-23T11:19:46Z'}}, 'canReply': True, 'totalReplyCount': 0, 'isPublic': True}",,UCeO1UTUsullfTMQ90Z2d_QA,2022-10-23T11:19:46Z,Começou....,QURTSl9pMDdxbm0zelM2QlJrN0FJMi1wOGdQb05ZZnlTbjdnVEtQYXRyRG9Db21KNlBOTEE0NEM4SUNtNUhpTFg2NzFTOGtxS0w4UjA2WQ==,2023-06-08 15:04:28.548179
youtube#commentThread,yBXZL-HvY9ZKMJSVCGoxdEbmuY8,UgwIqc_Tg6iA6UKTrKd4AaABAg,"{'videoId': 'uuh1ydDwwrQ', 'topLevelComment': {'kind': 'youtube#comment', 'etag': 'wzOB9YmCQJVEjChrZwYq4lme4Cc', 'id': 'UgwIqc_Tg6iA6UKTrKd4AaABAg', 'snippet': {'videoId': 'uuh1ydDwwrQ', 'textDisplay': 'O comentarista nao se constrange em comentar desta maneira, em ditaduras os aliados quando discorda sao expurgados.', 'textOriginal': 'O comentarista nao se constrange em comentar desta maneira, em ditaduras os aliados quando discorda sao expurgados.', 'authorDisplayName': 'jose silveira', 'authorProfileImageUrl': 'https://yt3.ggpht.com/ytc/AGIKgqPy7Gw5U1T0uaj20Tsg2q-H3vMDoS-aXFFDbg=s48-c-k-c0x00ffffff-no-rj', 'authorChannelUrl': 'http://www.youtube.com/channel/UCB21msa5-YlkvkOO6egtxqQ', 'authorChannelId': {'value': 'UCB21msa5-YlkvkOO6egtxqQ'}, 'canRate': True, 'viewerRating': 'none', 'likeCount': 2, 'publishedAt': '2022-10-23T11:01:44Z', 'updatedAt': '2022-10-23T11:01:44Z'}}, 'canReply': True, 'totalReplyCount': 0, 'isPublic': True}",,UCB21msa5-YlkvkOO6egtxqQ,2022-10-23T11:01:44Z,"O comentarista nao se constrange em comentar desta maneira, em ditaduras os aliados quando discorda sao expurgados.",QURTSl9pMDdxbm0zelM2QlJrN0FJMi1wOGdQb05ZZnlTbjdnVEtQYXRyRG9Db21KNlBOTEE0NEM4SUNtNUhpTFg2NzFTOGtxS0w4UjA2WQ==,2023-06-08 15:04:28.548179
youtube#commentThread,8xwZ0Qoj-cei4MyqcQhrSKm5YAo,UgyIV54qceWykRLfYu94AaABAg,"{'videoId': 'uuh1ydDwwrQ', 'topLevelComment': {'kind': 'youtube#comment', 'etag': 'ETxnFrBMprzdep6RQxT7kxBy-dg', 'id': 'UgyIV54qceWykRLfYu94AaABAg', 'snippet': {'videoId': 'uuh1ydDwwrQ', 'textDisplay': 'O segredo do crecimento da China está na mão de obra semiescrava. Os chineses trabalham em média 12 horas por dia, sem direito a se recusar a fazer horas extras, e os diretores das empresas empregadoras são também diretores dos sindicatos... Assim é moleza dobrar o PIB!', 'textOriginal': 'O segredo do crecimento da China está na mão de obra semiescrava. Os chineses trabalham em média 12 horas por dia, sem direito a se recusar a fazer horas extras, e os diretores das empresas empregadoras são também diretores dos sindicatos... Assim é moleza dobrar o PIB!', 'authorDisplayName': 'Sérgio Álvares de Albuquerque', 'authorProfileImageUrl': 'https://yt3.ggpht.com/V08VORw-qQsZxZWO_xQDgb7Rjh88pBxiTSJqknuigM_e3MGRvSntyrftlAqfdVL29DOowU45Lw=s48-c-k-c0x00ffffff-no-rj', 'authorChannelUrl': 'http://www.youtube.com/channel/UCr4I-bkMR4Dr0LEeJ4p5DKQ', 'authorChannelId': {'value': 'UCr4I-bkMR4Dr0LEeJ4p5DKQ'}, 'canRate': True, 'viewerRating': 'none', 'likeCount': 0, 'publishedAt': '2022-10-23T11:01:22Z', 'updatedAt': '2022-10-23T11:01:22Z'}}, 'canReply': True, 'totalReplyCount': 0, 'isPublic': True}",,UCr4I-bkMR4Dr0LEeJ4p5DKQ,2022-10-23T11:01:22Z,"O segredo do crecimento da China está na mão de obra semiescrava. Os chineses trabalham em média 12 horas por dia, sem direito a se recusar a fazer horas extras, e os diretores das empresas empregadoras são também diretores dos sindicatos... Assim é moleza dobrar o PIB!",QURTSl9pMDdxbm0zelM2QlJrN0FJMi1wOGdQb05ZZnlTbjdnVEtQYXRyRG9Db21KNlBOTEE0NEM4SUNtNUhpTFg2NzFTOGtxS0w4UjA2WQ==,2023-06-08 15:04:28.548179
youtube#commentThread,TlL0x9RI7He3bzEQTQaxea6455c,UgxZFg5d9-1VjdFereV4AaABAg,"{'videoId': 'uuh1ydDwwrQ', 'topLevelComment': {'kind': 'youtube#comment', 'etag': 'SooxFomo-IEal7v-8KkIm96Q960', 'id': 'UgxZFg5d9-1VjdFereV4AaABAg', 'snippet': {'videoId': 'uuh1ydDwwrQ', 'textDisplay': 'O jagunço  faz o gesto de degola e isso diz tudo!', 'textOriginal': 'O jagunço  faz o gesto de degola e isso diz tudo!', 'authorDisplayName': 'Hannah Finholdt', 'authorProfileImageUrl': 'https://yt3.ggpht.com/ytc/AGIKgqPXOZ-M1l5zil5pnpurOnmgMn-gerqJdIFDNLRI=s48-c-k-c0x00ffffff-no-rj', 'authorChannelUrl': 'http://www.youtube.com/channel/UC97bpo5YfFWXPhgl7wgz-7g', 'authorChannelId': {'value': 'UC97bpo5YfFWXPhgl7wgz-7g'}, 'canRate': True, 'viewerRating': 'none', 'likeCount': 3, 'publishedAt': '2022-10-23T10:57:01Z', 'updatedAt': '2022-10-23T11:00:24Z'}}, 'canReply': True, 'totalReplyCount': 0, 'isPublic': True}",,UC97bpo5YfFWXPhgl7wgz-7g,2022-10-23T10:57:01Z,O jagunço  faz o gesto de degola e isso diz tudo!,QURTSl9pMDdxbm0zelM2QlJrN0FJMi1wOGdQb05ZZnlTbjdnVEtQYXRyRG9Db21KNlBOTEE0NEM4SUNtNUhpTFg2NzFTOGtxS0w4UjA2WQ==,2023-06-08 15:04:28.548179
youtube#commentThread,yg8PHbBB3zR8TjMHwn-ySCzPWoQ,UgwkpN5HPt30zJ5qwsB4AaABAg,"{'videoId': 'uuh1ydDwwrQ', 'topLevelComment': {'kind': 'youtube#comment', 'etag': 'APamNkhTwjQiC5kkQ_hapqvBp84', 'id': 'UgwkpN5HPt30zJ5qwsB4AaABAg', 'snippet': {'videoId': 'uuh1ydDwwrQ', 'textDisplay': 'QUEM VACILA ELES TRAÇA', 'textOriginal': 'QUEM VACILA ELES TRAÇA', 'authorDisplayName': 'Acosta', 'authorProfileImageUrl': 'https://yt3.ggpht.com/IgONnT8ylGdWjFgHdSk4EYEfqLmkrgenq5f9RwK5_RwRLOQlflC9GYKxhnPFA9SKq21ts8bl=s48-c-k-c0x00ffffff-no-rj', 'authorChannelUrl': 'http://www.youtube.com/channel/UCG8_4AnyCUCAa2zMJNmZcNA', 'authorChannelId': {'value': 'UCG8_4AnyCUCAa2zMJNmZcNA'}, 'canRate': True, 'viewerRating': 'none', 'likeCount': 0, 'publishedAt': '2022-10-23T10:52:47Z', 'updatedAt': '2022-10-23T10:52:47Z'}}, 'canReply': True, 'totalReplyCount': 0, 'isPublic': True}",,UCG8_4AnyCUCAa2zMJNmZcNA,2022-10-23T10:52:47Z,QUEM VACILA ELES TRAÇA,QURTSl9pMDdxbm0zelM2QlJrN0FJMi1wOGdQb05ZZnlTbjdnVEtQYXRyRG9Db21KNlBOTEE0NEM4SUNtNUhpTFg2NzFTOGtxS0w4UjA2WQ==,2023-06-08 15:04:28.548179
youtube#commentThread,ipxBBVk2gyPrUoH9FF-RPKmpbW4,Ugz5ukyRbGVgXNlP4c54AaABAg,"{'videoId': 'uuh1ydDwwrQ', 'topLevelComment': {'kind': 'youtube#comment', 'etag': 'Ll5Ok6h3m0MN6yywstxjdA6nepk', 'id': 'Ugz5ukyRbGVgXNlP4c54AaABAg', 'snippet': {'videoId': 'uuh1ydDwwrQ', 'textDisplay': 'Motivo é que ele foi convidado para o paredão', 'textOriginal': 'Motivo é que ele foi convidado para o paredão', 'authorDisplayName': 'pressgreen784', 'authorProfileImageUrl': 'https://yt3.ggpht.com/ytc/AGIKgqOPyEMK7Iv9amw6awSyT9f_0he0OhFPGZfs2V7x=s48-c-k-c0x00ffffff-no-rj', 'authorChannelUrl': 'http://www.youtube.com/channel/UCXiP3bZ_PfCLSiB-Qne5JxA', 'authorChannelId': {'value': 'UCXiP3bZ_PfCLSiB-Qne5JxA'}, 'canRate': True, 'viewerRating': 'none', 'likeCount': 0, 'publishedAt': '2022-10-23T10:52:28Z', 'updatedAt': '2022-10-23T10:52:28Z'}}, 'canReply': True, 'totalReplyCount': 0, 'isPublic': True}",,UCXiP3bZ_PfCLSiB-Qne5JxA,2022-10-23T10:52:28Z,Motivo é que ele foi convidado para o paredão,QURTSl9pMDdxbm0zelM2QlJrN0FJMi1wOGdQb05ZZnlTbjdnVEtQYXRyRG9Db21KNlBOTEE0NEM4SUNtNUhpTFg2NzFTOGtxS0w4UjA2WQ==,2023-06-08 15:04:28.548179
youtube#commentThread,9YQGnnxUm3b6sR4vnlOBFWOjAog,UgyFs7F-EHATvSq92fN4AaABAg,"{'videoId': 'uuh1ydDwwrQ', 'topLevelComment': {'kind': 'youtube#comment', 'etag': 'XUWNOagx7zIEHNhZOIA8Hk_RFr0', 'id': 'UgyFs7F-EHATvSq92fN4AaABAg', 'snippet': {'videoId': 'uuh1ydDwwrQ', 'textDisplay': 'Só quero ver a resposta desse professor, depois que esse ex-presidente nunca mais aparecer….', 'textOriginal': 'Só quero ver a resposta desse professor, depois que esse ex-presidente nunca mais aparecer….', 'authorDisplayName': 'adson santos', 'authorProfileImageUrl': 'https://yt3.ggpht.com/ytc/AGIKgqOCO9dsw3CxxA77SHR44MQd591LBduvJH1-rB-FWu-a3QW8oJ8fA5VGDvxTeFDZ=s48-c-k-c0x00ffffff-no-rj', 'authorChannelUrl': 'http://www.youtube.com/channel/UCZoN26EGLqDMwNqK9dsy7lA', 'authorChannelId': {'value': 'UCZoN26EGLqDMwNqK9dsy7lA'}, 'canRate': True, 'viewerRating': 'none', 'likeCount': 0, 'publishedAt': '2022-10-23T10:48:02Z', 'updatedAt': '2022-10-23T10:48:02Z'}}, 'canReply': True, 'totalReplyCount': 0, 'isPublic': True}",,UCZoN26EGLqDMwNqK9dsy7lA,2022-10-23T10:48:02Z,"Só quero ver a resposta desse professor, depois que esse ex-presidente nunca mais aparecer….",QURTSl9pMDdxbm0zelM2QlJrN0FJMi1wOGdQb05ZZnlTbjdnVEtQYXRyRG9Db21KNlBOTEE0NEM4SUNtNUhpTFg2NzFTOGtxS0w4UjA2WQ==,2023-06-08 15:04:28.548179
youtube#commentThread,TO5CPp_oJhNAg3ubu2fjOFmz26g,Ugy5u2Iv7zgI-i3nrRl4AaABAg,"{'videoId': 'uuh1ydDwwrQ', 'topLevelComment': {'kind': 'youtube#comment', 'etag': 'MQyp84OWX3F0lu6N5DzSo_m15-Q', 'id': 'Ugy5u2Iv7zgI-i3nrRl4AaABAg', 'snippet': {'videoId': 'uuh1ydDwwrQ', 'textDisplay': 'é a forma carinhosa chinesa de dizer: obedece ou eu te arrebento.', 'textOriginal': 'é a forma carinhosa chinesa de dizer: obedece ou eu te arrebento.', 'authorDisplayName': 'Heitor yali', 'authorProfileImageUrl': 'https://yt3.ggpht.com/ytc/AGIKgqOEJS3gtz0H5NB3xRaUBHxLJy0RFYgYJ4Sachq3Pg=s48-c-k-c0x00ffffff-no-rj', 'authorChannelUrl': 'http://www.youtube.com/channel/UC2LJ9R2af3syLLkASto41gA', 'authorChannelId': {'value': 'UC2LJ9R2af3syLLkASto41gA'}, 'canRate': True, 'viewerRating': 'none', 'likeCount': 4, 'publishedAt': '2022-10-23T10:44:33Z', 'updatedAt': '2022-10-23T10:44:33Z'}}, 'canReply': True, 'totalReplyCount': 0, 'isPublic': True}",,UC2LJ9R2af3syLLkASto41gA,2022-10-23T10:44:33Z,é a forma carinhosa chinesa de dizer: obedece ou eu te arrebento.,QURTSl9pMDdxbm0zelM2QlJrN0FJMi1wOGdQb05ZZnlTbjdnVEtQYXRyRG9Db21KNlBOTEE0NEM4SUNtNUhpTFg2NzFTOGtxS0w4UjA2WQ==,2023-06-08 15:04:28.548179
youtube#commentThread,QNEMscoDFwemSXcxVh6-LREgiY8,UgwqBQM7AOA45KSUGXJ4AaABAg,"{'videoId': 'uuh1ydDwwrQ', 'topLevelComment': {'kind': 'youtube#comment', 'etag': 'A8d9ftv0HsHqu357gyhOoBbMS1g', 'id': 'UgwqBQM7AOA45KSUGXJ4AaABAg', 'snippet': {'videoId': 'uuh1ydDwwrQ', 'textDisplay': 'Estúpidos ladrões  mentirosos  manipuladores   Americanos e Eurooeus é que sabem explicar.', 'textOriginal': 'Estúpidos ladrões  mentirosos  manipuladores   Americanos e Eurooeus é que sabem explicar.', 'authorDisplayName': 'Akara Omarsae', 'authorProfileImageUrl': 'https://yt3.ggpht.com/ytc/AGIKgqMMuUrykvrcTK1Zg-D42m44pmFWGKhOsu3We6dXJs5yBkkGuDbg6MoTTIaHLvPH=s48-c-k-c0x00ffffff-no-rj', 'authorChannelUrl': 'http://www.youtube.com/channel/UCs1ImkCZMJDK5fJH5dMfmyA', 'authorChannelId': {'value': 'UCs1ImkCZMJDK5fJH5dMfmyA'}, 'canRate': True, 'viewerRating': 'none', 'likeCount': 0, 'publishedAt': '2022-10-23T10:38:21Z', 'updatedAt': '2022-10-23T10:38:21Z'}}, 'canReply': True, 'totalReplyCount': 0, 'isPublic': True}",,UCs1ImkCZMJDK5fJH5dMfmyA,2022-10-23T10:38:21Z,Estúpidos ladrões  mentirosos  manipuladores   Americanos e Eurooeus é que sabem explicar.,QURTSl9pMDdxbm0zelM2QlJrN0FJMi1wOGdQb05ZZnlTbjdnVEtQYXRyRG9Db21KNlBOTEE0NEM4SUNtNUhpTFg2NzFTOGtxS0w4UjA2WQ==,2023-06-08 15:04:28.548179
youtube#commentThread,wynf_-Gu1IFdxxiz9dnnHEIFzf4,UgwSL5Df8x-qeZOZSKV4AaABAg,"{'videoId': 'uuh1ydDwwrQ', 'topLevelComment': {'kind': 'youtube#comment', 'etag': 'UzpK_IPkQN1hXdOxhV6gOX3U7t4', 'id': 'UgwSL5Df8x-qeZOZSKV4AaABAg', 'snippet': {'videoId': 'uuh1ydDwwrQ', 'textDisplay': 'Pedra de tropeço é quando tiram de uma nação  a liberdade  de expressão, isso em qualquer lugar, no Brasil ou na China', 'textOriginal': 'Pedra de tropeço é quando tiram de uma nação  a liberdade  de expressão, isso em qualquer lugar, no Brasil ou na China', 'authorDisplayName': 'Delza macedo', 'authorProfileImageUrl': 'https://yt3.ggpht.com/ytc/AGIKgqOxj2S3aCXzZgILEUhKkosm0npuRchLjZDHBg=s48-c-k-c0x00ffffff-no-rj', 'authorChannelUrl': 'http://www.youtube.com/channel/UCSw98de3yzIdLruU4j_vcyw', 'authorChannelId': {'value': 'UCSw98de3yzIdLruU4j_vcyw'}, 'canRate': True, 'viewerRating': 'none', 'likeCount': 0, 'publishedAt': '2022-10-23T10:33:47Z', 'updatedAt': '2022-10-23T10:33:47Z'}}, 'canReply': True, 'totalReplyCount': 0, 'isPublic': True}",,UCSw98de3yzIdLruU4j_vcyw,2022-10-23T10:33:47Z,"Pedra de tropeço é quando tiram de uma nação  a liberdade  de expressão, isso em qualquer lugar, no Brasil ou na China",QURTSl9pMDdxbm0zelM2QlJrN0FJMi1wOGdQb05ZZnlTbjdnVEtQYXRyRG9Db21KNlBOTEE0NEM4SUNtNUhpTFg2NzFTOGtxS0w4UjA2WQ==,2023-06-08 15:04:28.548179
youtube#commentThread,dw4YsyfzI4-Ua2iSalueggQrFkI,Ugwon06r1ht40gfOQ_N4AaABAg,"{'videoId': 'uuh1ydDwwrQ', 'topLevelComment': {'kind': 'youtube#comment', 'etag': '-JMSrMdEvjrmZQ8_2FQWemQ_-24', 'id': 'Ugwon06r1ht40gfOQ_N4AaABAg', 'snippet': {'videoId': 'uuh1ydDwwrQ', 'textDisplay': 'Vc olha pra essa bancada do partido, e vc vê a expressão de pessoas cruéis no rosto da maioria', 'textOriginal': 'Vc olha pra essa bancada do partido, e vc vê a expressão de pessoas cruéis no rosto da maioria', 'authorDisplayName': 'Sdn work', 'authorProfileImageUrl': 'https://yt3.ggpht.com/6lzflGUeN2C_bXOBkVeERGiOnTqK0jXbYCyCYbNi7Gfa2LgF5hyOUcX5kdnWfLGy9ba6wdnBgw=s48-c-k-c0x00ffffff-no-rj', 'authorChannelUrl': 'http://www.youtube.com/channel/UCLyZiB9TlzMKqipVf7a2JfQ', 'authorChannelId': {'value': 'UCLyZiB9TlzMKqipVf7a2JfQ'}, 'canRate': True, 'viewerRating': 'none', 'likeCount': 0, 'publishedAt': '2022-10-23T10:31:30Z', 'updatedAt': '2022-10-23T10:31:30Z'}}, 'canReply': True, 'totalReplyCount': 0, 'isPublic': True}",,UCLyZiB9TlzMKqipVf7a2JfQ,2022-10-23T10:31:30Z,"Vc olha pra essa bancada do partido, e vc vê a expressão de pessoas cruéis no rosto da maioria",QURTSl9pMDdxbm0zelM2QlJrN0FJMi1wOGdQb05ZZnlTbjdnVEtQYXRyRG9Db21KNlBOTEE0NEM4SUNtNUhpTFg2NzFTOGtxS0w4UjA2WQ==,2023-06-08 15:04:28.548179
youtube#commentThread,tGqDDMFlaBOxqAPYPALcTZ2oIjk,UgxbgVgaXYYGkLk6kgF4AaABAg,"{'videoId': 'uuh1ydDwwrQ', 'topLevelComment': {'kind': 'youtube#comment', 'etag': 'dOuwbJAJh-I3fYT6K4H5oIC4Z7M', 'id': 'UgxbgVgaXYYGkLk6kgF4AaABAg', 'snippet': {'videoId': 'uuh1ydDwwrQ', 'textDisplay': 'Esse comentarísta aí é bobo. Hu foi simplemente retirado com certeza por que se opunha as mudanças que fizeram para perpeturar no Poder o Xi.', 'textOriginal': 'Esse comentarísta aí é bobo. Hu foi simplemente retirado com certeza por que se opunha as mudanças que fizeram para perpeturar no Poder o Xi.', 'authorDisplayName': 'HOEL FELIX', 'authorProfileImageUrl': 'https://yt3.ggpht.com/ytc/AGIKgqMAdhyQGlRD3cN43eiXKpN8hd9Kpgwr9DHNackM=s48-c-k-c0x00ffffff-no-rj', 'authorChannelUrl': 'http://www.youtube.com/channel/UCMJCwyyqkOdacGNY7iHseUg', 'authorChannelId': {'value': 'UCMJCwyyqkOdacGNY7iHseUg'}, 'canRate': True, 'viewerRating': 'none', 'likeCount': 0, 'publishedAt': '2022-10-23T10:23:18Z', 'updatedAt': '2022-10-23T10:23:18Z'}}, 'canReply': True, 'totalReplyCount': 0, 'isPublic': True}",,UCMJCwyyqkOdacGNY7iHseUg,2022-10-23T10:23:18Z,Esse comentarísta aí é bobo. Hu foi simplemente retirado com certeza por que se opunha as mudanças que fizeram para perpeturar no Poder o Xi.,QURTSl9pMDdxbm0zelM2QlJrN0FJMi1wOGdQb05ZZnlTbjdnVEtQYXRyRG9Db21KNlBOTEE0NEM4SUNtNUhpTFg2NzFTOGtxS0w4UjA2WQ==,2023-06-08 15:04:28.548179
youtube#commentThread,nUPJYwPgFMmgos_21x54bzIIIlw,UgxKE0hhUKLl0ROahV94AaABAg,"{'videoId': 'uuh1ydDwwrQ', 'topLevelComment': {'kind': 'youtube#comment', 'etag': 'F7GbzEA5bpj6X2ZN15raa_n-FG8', 'id': 'UgxKE0hhUKLl0ROahV94AaABAg', 'snippet': {'videoId': 'uuh1ydDwwrQ', 'textDisplay': 'TSE + STF cupa a Bolsonaro por chinês te saído do congresso.', 'textOriginal': 'TSE + STF cupa a Bolsonaro por chinês te saído do congresso.', 'authorDisplayName': 'Adriano Pereira', 'authorProfileImageUrl': 'https://yt3.ggpht.com/ytc/AGIKgqPwjsPfhClV3hhiRmveI9eOAzuF0h6sx256crCDKQ=s48-c-k-c0x00ffffff-no-rj', 'authorChannelUrl': 'http://www.youtube.com/channel/UCAil0G-EQkhe04zN4hPtW8Q', 'authorChannelId': {'value': 'UCAil0G-EQkhe04zN4hPtW8Q'}, 'canRate': True, 'viewerRating': 'none', 'likeCount': 1, 'publishedAt': '2022-10-23T10:17:56Z', 'updatedAt': '2022-10-23T10:17:56Z'}}, 'canReply': True, 'totalReplyCount': 0, 'isPublic': True}",,UCAil0G-EQkhe04zN4hPtW8Q,2022-10-23T10:17:56Z,TSE + STF cupa a Bolsonaro por chinês te saído do congresso.,QURTSl9pMDdxbm0zelM2QlJrN0FJMi1wOGdQb05ZZnlTbjdnVEtQYXRyRG9Db21KNlBOTEE0NEM4SUNtNUhpTFg2NzFTOGtxS0w4UjA2WQ==,2023-06-08 15:04:28.548179
youtube#commentThread,uW-rP84Y6dHp0AIWSsVI4CeGqbY,Ugx6makwz0BRqXKl7cN4AaABAg,"{'videoId': 'uuh1ydDwwrQ', 'topLevelComment': {'kind': 'youtube#comment', 'etag': 'yJ2Wzobww0gjwlcFtKTYg42tTYo', 'id': 'Ugx6makwz0BRqXKl7cN4AaABAg', 'snippet': {'videoId': 'uuh1ydDwwrQ', 'textDisplay': 'Rsrsrs..mal estar...so vou acreditar quando eu ver ele vivo...depois..rsrs', 'textOriginal': 'Rsrsrs..mal estar...so vou acreditar quando eu ver ele vivo...depois..rsrs', 'authorDisplayName': 'Nascimento', 'authorProfileImageUrl': 'https://yt3.ggpht.com/ytc/AGIKgqP8dUud4bsAcDeSlEK8uhHJLzCakhxlZClU8BnKVQ=s48-c-k-c0x00ffffff-no-rj', 'authorChannelUrl': 'http://www.youtube.com/channel/UCy5uRuRxAIPVVh8dvtfQsaA', 'authorChannelId': {'value': 'UCy5uRuRxAIPVVh8dvtfQsaA'}, 'canRate': True, 'viewerRating': 'none', 'likeCount': 0, 'publishedAt': '2022-10-23T10:17:48Z', 'updatedAt': '2022-10-23T10:17:48Z'}}, 'canReply': True, 'totalReplyCount': 0, 'isPublic': True}",,UCy5uRuRxAIPVVh8dvtfQsaA,2022-10-23T10:17:48Z,Rsrsrs..mal estar...so vou acreditar quando eu ver ele vivo...depois..rsrs,QURTSl9pMDdxbm0zelM2QlJrN0FJMi1wOGdQb05ZZnlTbjdnVEtQYXRyRG9Db21KNlBOTEE0NEM4SUNtNUhpTFg2NzFTOGtxS0w4UjA2WQ==,2023-06-08 15:04:28.548179
youtube#commentThread,KTqtupeQg23LKKLK-bc_CE86QcE,UgwyEcKib2KQEwnWroZ4AaABAg,"{'videoId': 'uuh1ydDwwrQ', 'topLevelComment': {'kind': 'youtube#comment', 'etag': 'O4ZtfoQ_2NHnJRKvKHAFO2p3TI0', 'id': 'UgwyEcKib2KQEwnWroZ4AaABAg', 'snippet': {'videoId': 'uuh1ydDwwrQ', 'textDisplay': '⚠ COMEMTARIO EXCLUIDO PELO STE', 'textOriginal': '⚠ COMEMTARIO EXCLUIDO PELO STE', 'authorDisplayName': 'Erike Rosa', 'authorProfileImageUrl': 'https://yt3.ggpht.com/ytc/AGIKgqNdkGQa9bgbepJ3PDbg_J-UONEWUVrEof9ETbOZmqoLV45CyqPovdkum9R_dCeB=s48-c-k-c0x00ffffff-no-rj', 'authorChannelUrl': 'http://www.youtube.com/channel/UC-pz8VLFogbmBKoaBCd7MWA', 'authorChannelId': {'value': 'UC-pz8VLFogbmBKoaBCd7MWA'}, 'canRate': True, 'viewerRating': 'none', 'likeCount': 0, 'publishedAt': '2022-10-23T10:16:39Z', 'updatedAt': '2022-10-23T10:16:39Z'}}, 'canReply': True, 'totalReplyCount': 0, 'isPublic': True}",,UC-pz8VLFogbmBKoaBCd7MWA,2022-10-23T10:16:39Z,⚠ COMEMTARIO EXCLUIDO PELO STE,QURTSl9pMDdxbm0zelM2QlJrN0FJMi1wOGdQb05ZZnlTbjdnVEtQYXRyRG9Db21KNlBOTEE0NEM4SUNtNUhpTFg2NzFTOGtxS0w4UjA2WQ==,2023-06-08 15:04:28.548179
youtube#commentThread,GGtgbSBRGOif1d8ZilihDSZ1OmI,UgyT4clqdkh7ecZVqMt4AaABAg,"{'videoId': 'uuh1ydDwwrQ', 'topLevelComment': {'kind': 'youtube#comment', 'etag': 'XRX7vieHtKbMWGVk24Lh-pLyzEo', 'id': 'UgyT4clqdkh7ecZVqMt4AaABAg', 'snippet': {'videoId': 'uuh1ydDwwrQ', 'textDisplay': 'Ele foi fuzilado mas passa bem segundo o analista', 'textOriginal': 'Ele foi fuzilado mas passa bem segundo o analista', 'authorDisplayName': 'Abc D', 'authorProfileImageUrl': 'https://yt3.ggpht.com/ytc/AGIKgqNr5GKdf-8no_o9ZNgFt8rFFiNTd6fBXQyc1A=s48-c-k-c0x00ffffff-no-rj', 'authorChannelUrl': 'http://www.youtube.com/channel/UC_GNhPGnjWcc_H4hI52BXOw', 'authorChannelId': {'value': 'UC_GNhPGnjWcc_H4hI52BXOw'}, 'canRate': True, 'viewerRating': 'none', 'likeCount': 0, 'publishedAt': '2022-10-23T10:01:33Z', 'updatedAt': '2022-10-23T10:01:33Z'}}, 'canReply': True, 'totalReplyCount': 0, 'isPublic': True}",,UC_GNhPGnjWcc_H4hI52BXOw,2022-10-23T10:01:33Z,Ele foi fuzilado mas passa bem segundo o analista,QURTSl9pMDdxbm0zelM2QlJrN0FJMi1wOGdQb05ZZnlTbjdnVEtQYXRyRG9Db21KNlBOTEE0NEM4SUNtNUhpTFg2NzFTOGtxS0w4UjA2WQ==,2023-06-08 15:04:28.548179
youtube#commentThread,d9AeUA1Q3tXamM2FODCV7sgZwOg,UgzEZizFABJbxZfk7bF4AaABAg,"{'videoId': 'uuh1ydDwwrQ', 'topLevelComment': {'kind': 'youtube#comment', 'etag': 'pylsiofbn2xfZrDdek9iOaxhZi0', 'id': 'UgzEZizFABJbxZfk7bF4AaABAg', 'snippet': {'videoId': 'uuh1ydDwwrQ', 'textDisplay': 'Professor sabonete já foi captado! kkkk', 'textOriginal': 'Professor sabonete já foi captado! kkkk', 'authorDisplayName': 'marmar Mac', 'authorProfileImageUrl': 'https://yt3.ggpht.com/A0Jc99NSARWdPnATU-Kqrv2yOpFIjP4a3n83cCdUoogN0PT-EBatJSwMZ1hlLKRtJjaq5XeG=s48-c-k-c0x00ffffff-no-rj', 'authorChannelUrl': 'http://www.youtube.com/channel/UCpUwPzHym0traJdfC-1Xifw', 'authorChannelId': {'value': 'UCpUwPzHym0traJdfC-1Xifw'}, 'canRate': True, 'viewerRating': 'none', 'likeCount': 0, 'publishedAt': '2022-10-23T09:57:28Z', 'updatedAt': '2022-10-23T09:57:28Z'}}, 'canReply': True, 'totalReplyCount': 0, 'isPublic': True}",,UCpUwPzHym0traJdfC-1Xifw,2022-10-23T09:57:28Z,Professor sabonete já foi captado! kkkk,QURTSl9pMDdxbm0zelM2QlJrN0FJMi1wOGdQb05ZZnlTbjdnVEtQYXRyRG9Db21KNlBOTEE0NEM4SUNtNUhpTFg2NzFTOGtxS0w4UjA2WQ==,2023-06-08 15:04:28.548179
youtube#commentThread,gI10jTbXzxQHb1cmdkvotPULU58,UgypKbckvVJKAIcDArJ4AaABAg,"{'videoId': 'uuh1ydDwwrQ', 'topLevelComment': {'kind': 'youtube#comment', 'etag': 'ZHZkqfxk6UsfXVTY2I73ZKC2KmA', 'id': 'UgypKbckvVJKAIcDArJ4AaABAg', 'snippet': {'videoId': 'uuh1ydDwwrQ', 'textDisplay': 'A democracia chinesa chegando ao Brasil', 'textOriginal': 'A democracia chinesa chegando ao Brasil', 'authorDisplayName': 'LUCIANO CARVALHO', 'authorProfileImageUrl': 'https://yt3.ggpht.com/ytc/AGIKgqN0p8bIStpyjXGqKIC2fQa5w6bAPP3cp7N2uZV6pWI=s48-c-k-c0x00ffffff-no-rj', 'authorChannelUrl': 'http://www.youtube.com/channel/UChH4c0el79OQyQIL4-zTZ5Q', 'authorChannelId': {'value': 'UChH4c0el79OQyQIL4-zTZ5Q'}, 'canRate': True, 'viewerRating': 'none', 'likeCount': 7, 'publishedAt': '2022-10-23T09:55:01Z', 'updatedAt': '2022-10-23T09:55:01Z'}}, 'canReply': True, 'totalReplyCount': 0, 'isPublic': True}",,UChH4c0el79OQyQIL4-zTZ5Q,2022-10-23T09:55:01Z,A democracia chinesa chegando ao Brasil,QURTSl9pMDdxbm0zelM2QlJrN0FJMi1wOGdQb05ZZnlTbjdnVEtQYXRyRG9Db21KNlBOTEE0NEM4SUNtNUhpTFg2NzFTOGtxS0w4UjA2WQ==,2023-06-08 15:04:28.548179
youtube#commentThread,_PkLWvF2v8wNYefGQRil-TkVNaM,UgzMH7fVAFH6k_epsAN4AaABAg,"{'videoId': 'uuh1ydDwwrQ', 'topLevelComment': {'kind': 'youtube#comment', 'etag': '5NN7lCHDaXu8-LYS70q8KBfWnSg', 'id': 'UgzMH7fVAFH6k_epsAN4AaABAg', 'snippet': {'videoId': 'uuh1ydDwwrQ', 'textDisplay': 'Tá bom, &quot;passou mal&quot;, eu acredito.', 'textOriginal': 'Tá bom, ""passou mal"", eu acredito.', 'authorDisplayName': 'JohnFiga', 'authorProfileImageUrl': 'https://yt3.ggpht.com/ytc/AGIKgqMRsKi0FlgK5IHGqp9fzt25I0d6AplDXrARa7Tov4lX7qBp8O63TIIdANN8TbyU=s48-c-k-c0x00ffffff-no-rj', 'authorChannelUrl': 'http://www.youtube.com/channel/UCFiqoq1gLp2rAcZwDXCxzig', 'authorChannelId': {'value': 'UCFiqoq1gLp2rAcZwDXCxzig'}, 'canRate': True, 'viewerRating': 'none', 'likeCount': 0, 'publishedAt': '2022-10-23T09:49:49Z', 'updatedAt': '2022-10-23T09:49:49Z'}}, 'canReply': True, 'totalReplyCount': 0, 'isPublic': True}",,UCFiqoq1gLp2rAcZwDXCxzig,2022-10-23T09:49:49Z,"Tá bom, ""passou mal"", eu acredito.",QURTSl9pMDdxbm0zelM2QlJrN0FJMi1wOGdQb05ZZnlTbjdnVEtQYXRyRG9Db21KNlBOTEE0NEM4SUNtNUhpTFg2NzFTOGtxS0w4UjA2WQ==,2023-06-08 15:04:28.548179
youtube#commentThread,dg0IXPqdTE1g99HoroGXKP_QapE,UgxpGRV_Q-4ME14uCB14AaABAg,"{'videoId': 'uuh1ydDwwrQ', 'topLevelComment': {'kind': 'youtube#comment', 'etag': '5HphTEkwyFcF6uVo6ZjCdIqLUXU', 'id': 'UgxpGRV_Q-4ME14uCB14AaABAg', 'snippet': {'videoId': 'uuh1ydDwwrQ', 'textDisplay': 'Esse já sumiu... ninguém acha mais', 'textOriginal': 'Esse já sumiu... ninguém acha mais', 'authorDisplayName': 'Felipe Mello', 'authorProfileImageUrl': 'https://yt3.ggpht.com/ytc/AGIKgqNKDPDcdSRiNg7ucQSDpgEcJTUFD67uSgCv7UZ8fQ=s48-c-k-c0x00ffffff-no-rj', 'authorChannelUrl': 'http://www.youtube.com/channel/UCa92VT_vdfKY9Js8MJyEOsw', 'authorChannelId': {'value': 'UCa92VT_vdfKY9Js8MJyEOsw'}, 'canRate': True, 'viewerRating': 'none', 'likeCount': 0, 'publishedAt': '2022-10-23T09:48:04Z', 'updatedAt': '2022-10-23T09:48:04Z'}}, 'canReply': True, 'totalReplyCount': 0, 'isPublic': True}",,UCa92VT_vdfKY9Js8MJyEOsw,2022-10-23T09:48:04Z,Esse já sumiu... ninguém acha mais,QURTSl9pMDdxbm0zelM2QlJrN0FJMi1wOGdQb05ZZnlTbjdnVEtQYXRyRG9Db21KNlBOTEE0NEM4SUNtNUhpTFg2NzFTOGtxS0w4UjA2WQ==,2023-06-08 15:04:28.548179
youtube#commentThread,S29e9nWeBt2JPmPTNJbZmzX1tPU,UgzEvVlRBSUwKGPPXgN4AaABAg,"{'videoId': 'uuh1ydDwwrQ', 'topLevelComment': {'kind': 'youtube#comment', 'etag': '-hICLmvak-lXuZbN2kALo_mYIzU', 'id': 'UgzEvVlRBSUwKGPPXgN4AaABAg', 'snippet': {'videoId': 'uuh1ydDwwrQ', 'textDisplay': 'ele perdir as chineses que mora no brasil a vota no 22 . simplimente  foi isso kkkkk .', 'textOriginal': 'ele perdir as chineses que mora no brasil a vota no 22 . simplimente  foi isso kkkkk .', 'authorDisplayName': 'Salve Pai Ogum.', 'authorProfileImageUrl': 'https://yt3.ggpht.com/mdrR3JQIOu0lQlN9hh2JkBBx6wOIcn1h1GNYzFwAkSHgOYm32gCRnnJXyS8O64h_dD51AXV4mQ=s48-c-k-c0x00ffffff-no-rj', 'authorChannelUrl': 'http://www.youtube.com/channel/UCIcdhBVIDCwhXhtH9GuLk-g', 'authorChannelId': {'value': 'UCIcdhBVIDCwhXhtH9GuLk-g'}, 'canRate': True, 'viewerRating': 'none', 'likeCount': 1, 'publishedAt': '2022-10-23T09:47:57Z', 'updatedAt': '2022-10-23T09:47:57Z'}}, 'canReply': True, 'totalReplyCount': 0, 'isPublic': True}",,UCIcdhBVIDCwhXhtH9GuLk-g,2022-10-23T09:47:57Z,ele perdir as chineses que mora no brasil a vota no 22 . simplimente  foi isso kkkkk .,QURTSl9pMDdxbm0zelM2QlJrN0FJMi1wOGdQb05ZZnlTbjdnVEtQYXRyRG9Db21KNlBOTEE0NEM4SUNtNUhpTFg2NzFTOGtxS0w4UjA2WQ==,2023-06-08 15:04:28.548179
youtube#commentThread,DorS0tnryxDYPlmaw7FlFVDI_NE,Ugw1aIwQE1QYUpmktuR4AaABAg,"{'videoId': 'uuh1ydDwwrQ', 'topLevelComment': {'kind': 'youtube#comment', 'etag': 'SM5ll3umH1Zd_kFxvN8V_7T3h_Y', 'id': 'Ugw1aIwQE1QYUpmktuR4AaABAg', 'snippet': {'videoId': 'uuh1ydDwwrQ', 'textDisplay': 'Como dizia Maduro, eleição com mais de um candidato sempre da problema...', 'textOriginal': 'Como dizia Maduro, eleição com mais de um candidato sempre da problema...', 'authorDisplayName': 'Andre xavier', 'authorProfileImageUrl': 'https://yt3.ggpht.com/ytc/AGIKgqNWbzD_3vry_Vcn69EdK9NCvX6Pcbg_7K3ryQ=s48-c-k-c0x00ffffff-no-rj', 'authorChannelUrl': 'http://www.youtube.com/channel/UC_QGgzF9TAJFB5wwm3iXuww', 'authorChannelId': {'value': 'UC_QGgzF9TAJFB5wwm3iXuww'}, 'canRate': True, 'viewerRating': 'none', 'likeCount': 0, 'publishedAt': '2022-10-23T09:41:11Z', 'updatedAt': '2022-10-23T09:41:11Z'}}, 'canReply': True, 'totalReplyCount': 0, 'isPublic': True}",,UC_QGgzF9TAJFB5wwm3iXuww,2022-10-23T09:41:11Z,"Como dizia Maduro, eleição com mais de um candidato sempre da problema...",QURTSl9pMDdxbm0zelM2QlJrN0FJMi1wOGdQb05ZZnlTbjdnVEtQYXRyRG9Db21KNlBOTEE0NEM4SUNtNUhpTFg2NzFTOGtxS0w4UjA2WQ==,2023-06-08 15:04:28.548179
youtube#commentThread,boe3O-hPOZONs9J_zDp_anQz-bA,Ugz4faaAFHJQpM_h7Ph4AaABAg,"{'videoId': 'uuh1ydDwwrQ', 'topLevelComment': {'kind': 'youtube#comment', 'etag': '6ycHCBmKj1Vd0VxA2NU_eBLFmOc', 'id': 'Ugz4faaAFHJQpM_h7Ph4AaABAg', 'snippet': {'videoId': 'uuh1ydDwwrQ', 'textDisplay': 'A &#39;democracia&#39; do paraíso que é o Governo chinês.', 'textOriginal': ""A 'democracia' do paraíso que é o Governo chinês."", 'authorDisplayName': 'Mauro Coimbra', 'authorProfileImageUrl': 'https://yt3.ggpht.com/ytc/AGIKgqO1qM069x126HrMGxiXAuRn3u_6mmFOtR69gg=s48-c-k-c0x00ffffff-no-rj', 'authorChannelUrl': 'http://www.youtube.com/channel/UCFfcMs1JtOL_gLf26EeGMzQ', 'authorChannelId': {'value': 'UCFfcMs1JtOL_gLf26EeGMzQ'}, 'canRate': True, 'viewerRating': 'none', 'likeCount': 2, 'publishedAt': '2022-10-23T09:40:54Z', 'updatedAt': '2022-10-23T09:40:54Z'}}, 'canReply': True, 'totalReplyCount': 0, 'isPublic': True}",,UCFfcMs1JtOL_gLf26EeGMzQ,2022-10-23T09:40:54Z,A 'democracia' do paraíso que é o Governo chinês.,QURTSl9pMDdxbm0zelM2QlJrN0FJMi1wOGdQb05ZZnlTbjdnVEtQYXRyRG9Db21KNlBOTEE0NEM4SUNtNUhpTFg2NzFTOGtxS0w4UjA2WQ==,2023-06-08 15:04:28.548179
youtube#commentThread,p-aLexCwYFPnkH2hO_qGMs0_KLc,UgxJAV4wOBM4Z-4DWaB4AaABAg,"{'videoId': 'uuh1ydDwwrQ', 'topLevelComment': {'kind': 'youtube#comment', 'etag': 'xrHQi22DszvPuVCQsAJiOqWySWo', 'id': 'UgxJAV4wOBM4Z-4DWaB4AaABAg', 'snippet': {'videoId': 'uuh1ydDwwrQ', 'textDisplay': 'STF que mandou retirar ele', 'textOriginal': 'STF que mandou retirar ele', 'authorDisplayName': 'Arh', 'authorProfileImageUrl': 'https://yt3.ggpht.com/ytc/AGIKgqNbG4HCc5lz-wLFQg2RzGdK_gybS38Jeefx1HpfPR-U4CazktBz2rmXTNKEM7Mf=s48-c-k-c0x00ffffff-no-rj', 'authorChannelUrl': 'http://www.youtube.com/channel/UCM2vfMPigToVZGPtJjv_l9g', 'authorChannelId': {'value': 'UCM2vfMPigToVZGPtJjv_l9g'}, 'canRate': True, 'viewerRating': 'none', 'likeCount': 0, 'publishedAt': '2022-10-23T09:36:31Z', 'updatedAt': '2022-10-23T09:36:31Z'}}, 'canReply': True, 'totalReplyCount': 0, 'isPublic': True}",,UCM2vfMPigToVZGPtJjv_l9g,2022-10-23T09:36:31Z,STF que mandou retirar ele,QURTSl9pMDdxbm0zelM2QlJrN0FJMi1wOGdQb05ZZnlTbjdnVEtQYXRyRG9Db21KNlBOTEE0NEM4SUNtNUhpTFg2NzFTOGtxS0w4UjA2WQ==,2023-06-08 15:04:28.548179
youtube#commentThread,4H3_6X5td3rqxTSmtpHxNdNcz54,UgyFqt9YDtOfKSeBcJ54AaABAg,"{'videoId': 'uuh1ydDwwrQ', 'topLevelComment': {'kind': 'youtube#comment', 'etag': 'cnxLFpcdDokSCZaUCHi2p5NLAZE', 'id': 'UgyFqt9YDtOfKSeBcJ54AaABAg', 'snippet': {'videoId': 'uuh1ydDwwrQ', 'textDisplay': 'Esse comentário é passando pano, mascarando algo que não era bom acontecendo. Sei não, a China é ditatorial e ações como essas são suspeitas.', 'textOriginal': 'Esse comentário é passando pano, mascarando algo que não era bom acontecendo. Sei não, a China é ditatorial e ações como essas são suspeitas.', 'authorDisplayName': 'José Valcir Ramos da Silva', 'authorProfileImageUrl': 'https://yt3.ggpht.com/ytc/AGIKgqNry_wUQN0Q1oPFJpuRYBbdp8_WpB9DGWQEDWjFHw=s48-c-k-c0x00ffffff-no-rj', 'authorChannelUrl': 'http://www.youtube.com/channel/UCVyLuHVRqw0DbQTcmj-TTnQ', 'authorChannelId': {'value': 'UCVyLuHVRqw0DbQTcmj-TTnQ'}, 'canRate': True, 'viewerRating': 'none', 'likeCount': 0, 'publishedAt': '2022-10-23T09:36:13Z', 'updatedAt': '2022-10-23T09:36:13Z'}}, 'canReply': True, 'totalReplyCount': 0, 'isPublic': True}",,UCVyLuHVRqw0DbQTcmj-TTnQ,2022-10-23T09:36:13Z,"Esse comentário é passando pano, mascarando algo que não era bom acontecendo. Sei não, a China é ditatorial e ações como essas são suspeitas.",QURTSl9pMDdxbm0zelM2QlJrN0FJMi1wOGdQb05ZZnlTbjdnVEtQYXRyRG9Db21KNlBOTEE0NEM4SUNtNUhpTFg2NzFTOGtxS0w4UjA2WQ==,2023-06-08 15:04:28.548179
youtube#commentThread,Pa5QiFhizXv1adwaToAYGgatsBE,UgyuQlDrRMCICY885nx4AaABAg,"{'videoId': 'uuh1ydDwwrQ', 'topLevelComment': {'kind': 'youtube#comment', 'etag': 'SbXyAXmV_R8EXGuBjmsAW3a_1_c', 'id': 'UgyuQlDrRMCICY885nx4AaABAg', 'snippet': {'videoId': 'uuh1ydDwwrQ', 'textDisplay': 'Demonstração de poder, um recado para quem for votar contra o governo dele.', 'textOriginal': 'Demonstração de poder, um recado para quem for votar contra o governo dele.', 'authorDisplayName': 'Danny Lacurte', 'authorProfileImageUrl': 'https://yt3.ggpht.com/ytc/AGIKgqNanIWwYJE0rbd3SuEN5dSgdk4wkzxcGzzTlKfXjw=s48-c-k-c0x00ffffff-no-rj', 'authorChannelUrl': 'http://www.youtube.com/channel/UC9LV0DQ2gwlBikHWuB7vRZQ', 'authorChannelId': {'value': 'UC9LV0DQ2gwlBikHWuB7vRZQ'}, 'canRate': True, 'viewerRating': 'none', 'likeCount': 0, 'publishedAt': '2022-10-23T09:36:05Z', 'updatedAt': '2022-10-23T09:36:05Z'}}, 'canReply': True, 'totalReplyCount': 0, 'isPublic': True}",,UC9LV0DQ2gwlBikHWuB7vRZQ,2022-10-23T09:36:05Z,"Demonstração de poder, um recado para quem for votar contra o governo dele.",QURTSl9pMDdxbm0zelM2QlJrN0FJMi1wOGdQb05ZZnlTbjdnVEtQYXRyRG9Db21KNlBOTEE0NEM4SUNtNUhpTFg2NzFTOGtxS0w4UjA2WQ==,2023-06-08 15:04:28.548179
youtube#commentThread,FZbJvL25XpFIE0ZXUMhNk9kcMok,UgyACPrQs97j0xCSc394AaABAg,"{'videoId': 'uuh1ydDwwrQ', 'topLevelComment': {'kind': 'youtube#comment', 'etag': 'UPcYMueVId-Tz-HSkKJpG4dbsfY', 'id': 'UgyACPrQs97j0xCSc394AaABAg', 'snippet': {'videoId': 'uuh1ydDwwrQ', 'textDisplay': 'Alguém percebeu que só a primeira fila não usa máscara', 'textOriginal': 'Alguém percebeu que só a primeira fila não usa máscara', 'authorDisplayName': 'Vitor Bassetto', 'authorProfileImageUrl': 'https://yt3.ggpht.com/ytc/AGIKgqOzf8MkYxXTZuIVHbb53Dwm5LEeId1uO9KbpA=s48-c-k-c0x00ffffff-no-rj', 'authorChannelUrl': 'http://www.youtube.com/channel/UCGtwbTmzlainT0d2iXSrlwA', 'authorChannelId': {'value': 'UCGtwbTmzlainT0d2iXSrlwA'}, 'canRate': True, 'viewerRating': 'none', 'likeCount': 0, 'publishedAt': '2022-10-23T09:33:48Z', 'updatedAt': '2022-10-23T09:33:48Z'}}, 'canReply': True, 'totalReplyCount': 0, 'isPublic': True}",,UCGtwbTmzlainT0d2iXSrlwA,2022-10-23T09:33:48Z,Alguém percebeu que só a primeira fila não usa máscara,QURTSl9pMDdxbm0zelM2QlJrN0FJMi1wOGdQb05ZZnlTbjdnVEtQYXRyRG9Db21KNlBOTEE0NEM4SUNtNUhpTFg2NzFTOGtxS0w4UjA2WQ==,2023-06-08 15:04:28.548179
youtube#commentThread,-d5dFckIlPtvkpRNlR-tGOhhhWM,Ugw5j4bLcIfNMAbBiVV4AaABAg,"{'videoId': 'uuh1ydDwwrQ', 'topLevelComment': {'kind': 'youtube#comment', 'etag': 'NKjm_XXsCqGnLq4y-G22CNfLP_g', 'id': 'Ugw5j4bLcIfNMAbBiVV4AaABAg', 'snippet': {'videoId': 'uuh1ydDwwrQ', 'textDisplay': 'Foi o Lex lutor cabeça de ovo togado que mandou censurar ele... E esse &quot;professor&quot; mais baba ovo da china que os próprios chineses 🤣🤣🤣🤣', 'textOriginal': 'Foi o Lex lutor cabeça de ovo togado que mandou censurar ele... E esse ""professor"" mais baba ovo da china que os próprios chineses 🤣🤣🤣🤣', 'authorDisplayName': 'boom', 'authorProfileImageUrl': 'https://yt3.ggpht.com/ytc/AGIKgqMmP4TraV41M5jQNy15aFB3M6gnT6F5Q7RiRlKYkoKln8hfJHlGDzaSNScz0vyf=s48-c-k-c0x00ffffff-no-rj', 'authorChannelUrl': 'http://www.youtube.com/channel/UC2kXqjuFtemPq9TQJ9jibwg', 'authorChannelId': {'value': 'UC2kXqjuFtemPq9TQJ9jibwg'}, 'canRate': True, 'viewerRating': 'none', 'likeCount': 1, 'publishedAt': '2022-10-23T09:31:14Z', 'updatedAt': '2022-10-23T09:31:14Z'}}, 'canReply': True, 'totalReplyCount': 0, 'isPublic': True}",,UC2kXqjuFtemPq9TQJ9jibwg,2022-10-23T09:31:14Z,"Foi o Lex lutor cabeça de ovo togado que mandou censurar ele... E esse ""professor"" mais baba ovo da china que os próprios chineses 🤣🤣🤣🤣",QURTSl9pMDdxbm0zelM2QlJrN0FJMi1wOGdQb05ZZnlTbjdnVEtQYXRyRG9Db21KNlBOTEE0NEM4SUNtNUhpTFg2NzFTOGtxS0w4UjA2WQ==,2023-06-08 15:04:28.548179
youtube#commentThread,4Gy3OmQQXRB2qxT__bS5yxSAwzI,UgxDqkngHySw4eVN_RR4AaABAg,"{'videoId': 'uuh1ydDwwrQ', 'topLevelComment': {'kind': 'youtube#comment', 'etag': 'N5zOnNu0L1rI5yV79p9dW8RmuSA', 'id': 'UgxDqkngHySw4eVN_RR4AaABAg', 'snippet': {'videoId': 'uuh1ydDwwrQ', 'textDisplay': 'E aquela pastinha vermelha?', 'textOriginal': 'E aquela pastinha vermelha?', 'authorDisplayName': 'Arh', 'authorProfileImageUrl': 'https://yt3.ggpht.com/ytc/AGIKgqNbG4HCc5lz-wLFQg2RzGdK_gybS38Jeefx1HpfPR-U4CazktBz2rmXTNKEM7Mf=s48-c-k-c0x00ffffff-no-rj', 'authorChannelUrl': 'http://www.youtube.com/channel/UCM2vfMPigToVZGPtJjv_l9g', 'authorChannelId': {'value': 'UCM2vfMPigToVZGPtJjv_l9g'}, 'canRate': True, 'viewerRating': 'none', 'likeCount': 0, 'publishedAt': '2022-10-23T09:29:26Z', 'updatedAt': '2022-10-23T09:29:26Z'}}, 'canReply': True, 'totalReplyCount': 0, 'isPublic': True}",,UCM2vfMPigToVZGPtJjv_l9g,2022-10-23T09:29:26Z,E aquela pastinha vermelha?,QURTSl9pMDdxbm0zelM2QlJrN0FJMi1wOGdQb05ZZnlTbjdnVEtQYXRyRG9Db21KNlBOTEE0NEM4SUNtNUhpTFg2NzFTOGtxS0w4UjA2WQ==,2023-06-08 15:04:28.548179
youtube#commentThread,Bj2Simj0qil0IZdCEJdRx6lRJ00,Ugzfpuh_EolQX-Ze98h4AaABAg,"{'videoId': 'uuh1ydDwwrQ', 'topLevelComment': {'kind': 'youtube#comment', 'etag': 'yk2qomuikqyJ8ohxx47XLT2EVYs', 'id': 'Ugzfpuh_EolQX-Ze98h4AaABAg', 'snippet': {'videoId': 'uuh1ydDwwrQ', 'textDisplay': 'O cargo vai ser ocupado pelo cabeça de ovo', 'textOriginal': 'O cargo vai ser ocupado pelo cabeça de ovo', 'authorDisplayName': 'Gilberto Heleno Mendonça', 'authorProfileImageUrl': 'https://yt3.ggpht.com/ytc/AGIKgqMo0eBu9jQ332oIWbAPXYTfpgOuIIBt2Nf7Xg=s48-c-k-c0x00ffffff-no-rj', 'authorChannelUrl': 'http://www.youtube.com/channel/UCUnE8ptWqMmoNDVO8iPIB_A', 'authorChannelId': {'value': 'UCUnE8ptWqMmoNDVO8iPIB_A'}, 'canRate': True, 'viewerRating': 'none', 'likeCount': 0, 'publishedAt': '2022-10-23T09:25:50Z', 'updatedAt': '2022-10-23T09:25:50Z'}}, 'canReply': True, 'totalReplyCount': 0, 'isPublic': True}",,UCUnE8ptWqMmoNDVO8iPIB_A,2022-10-23T09:25:50Z,O cargo vai ser ocupado pelo cabeça de ovo,QURTSl9pMDdxbm0zelM2QlJrN0FJMi1wOGdQb05ZZnlTbjdnVEtQYXRyRG9Db21KNlBOTEE0NEM4SUNtNUhpTFg2NzFTOGtxS0w4UjA2WQ==,2023-06-08 15:04:28.548179
youtube#commentThread,MU0ZUCmS9mzXENzp8Py8wSEBBbk,Ugw6mx-J1Idqvo6lgFx4AaABAg,"{'videoId': 'uuh1ydDwwrQ', 'topLevelComment': {'kind': 'youtube#comment', 'etag': 'NVwcjIR4Cmgr_GRQVmS_-oL6Qqk', 'id': 'Ugw6mx-J1Idqvo6lgFx4AaABAg', 'snippet': {'videoId': 'uuh1ydDwwrQ', 'textDisplay': 'Alexandre gosta da democracia chinesa ele que isso aqui urgente no Brasil.', 'textOriginal': 'Alexandre gosta da democracia chinesa ele que isso aqui urgente no Brasil.', 'authorDisplayName': 'ANDRÉ', 'authorProfileImageUrl': 'https://yt3.ggpht.com/tlaEDYJ-VET186JsqK9RChTYiZfhC4lY0NXBybKT6NLuHe2UG8mKQrDXwvXT8Pseixlno1Qn=s48-c-k-c0x00ffffff-no-rj', 'authorChannelUrl': 'http://www.youtube.com/channel/UCVEd7IKIdTxmrP6gniNuUzA', 'authorChannelId': {'value': 'UCVEd7IKIdTxmrP6gniNuUzA'}, 'canRate': True, 'viewerRating': 'none', 'likeCount': 0, 'publishedAt': '2022-10-23T09:19:48Z', 'updatedAt': '2022-10-23T09:19:48Z'}}, 'canReply': True, 'totalReplyCount': 0, 'isPublic': True}",,UCVEd7IKIdTxmrP6gniNuUzA,2022-10-23T09:19:48Z,Alexandre gosta da democracia chinesa ele que isso aqui urgente no Brasil.,QURTSl9pMDdxbm0zelM2QlJrN0FJMi1wOGdQb05ZZnlTbjdnVEtQYXRyRG9Db21KNlBOTEE0NEM4SUNtNUhpTFg2NzFTOGtxS0w4UjA2WQ==,2023-06-08 15:04:28.548179
youtube#commentThread,1Q-SjkE0PFFY3q5bTe5w7F0IDR0,Ugyr37Ii8RrqAXwAuQN4AaABAg,"{'videoId': 'uuh1ydDwwrQ', 'topLevelComment': {'kind': 'youtube#comment', 'etag': 'u-KFOrnWptZtMFlypWUImvZGHsA', 'id': 'Ugyr37Ii8RrqAXwAuQN4AaABAg', 'snippet': {'videoId': 'uuh1ydDwwrQ', 'textDisplay': 'Deus nos livre', 'textOriginal': 'Deus nos livre', 'authorDisplayName': 'Ivanildes Neves', 'authorProfileImageUrl': 'https://yt3.ggpht.com/ytc/AGIKgqOv7LgvwtAL8Kft5jYVDWsg8VcS_gyELJaiWg=s48-c-k-c0x00ffffff-no-rj', 'authorChannelUrl': 'http://www.youtube.com/channel/UCFbaDiM8_VYm8Ru-fHuo05Q', 'authorChannelId': {'value': 'UCFbaDiM8_VYm8Ru-fHuo05Q'}, 'canRate': True, 'viewerRating': 'none', 'likeCount': 0, 'publishedAt': '2022-10-23T09:09:26Z', 'updatedAt': '2022-10-23T09:09:26Z'}}, 'canReply': True, 'totalReplyCount': 0, 'isPublic': True}",,UCFbaDiM8_VYm8Ru-fHuo05Q,2022-10-23T09:09:26Z,Deus nos livre,QURTSl9pMDdxbm0zelM2QlJrN0FJMi1wOGdQb05ZZnlTbjdnVEtQYXRyRG9Db21KNlBOTEE0NEM4SUNtNUhpTFg2NzFTOGtxS0w4UjA2WQ==,2023-06-08 15:04:28.548179
youtube#commentThread,mWfnDdZLfCFybCOedN5VbXLNH5U,UgxgkV78DLHR6uzoJwF4AaABAg,"{'videoId': 'uuh1ydDwwrQ', 'topLevelComment': {'kind': 'youtube#comment', 'etag': 'IcqBiX1REJLCr_qpy1gdS-EbpaM', 'id': 'UgxgkV78DLHR6uzoJwF4AaABAg', 'snippet': {'videoId': 'uuh1ydDwwrQ', 'textDisplay': 'Esse professor comentadeiro é vermelho até ao tutano!!<br>Vá de retro Satanás!!!', 'textOriginal': 'Esse professor comentadeiro é vermelho até ao tutano!!\\nVá de retro Satanás!!!', 'authorDisplayName': 'Fernando Povoas', 'authorProfileImageUrl': 'https://yt3.ggpht.com/ytc/AGIKgqPVpJxUo-5w-dpj5uqiGRmlDXTscS_wHE8W=s48-c-k-c0x00ffffff-no-rj', 'authorChannelUrl': 'http://www.youtube.com/channel/UCqkq-rT9db5zuocHaS_1NOg', 'authorChannelId': {'value': 'UCqkq-rT9db5zuocHaS_1NOg'}, 'canRate': True, 'viewerRating': 'none', 'likeCount': 0, 'publishedAt': '2022-10-23T09:01:42Z', 'updatedAt': '2022-10-23T09:01:42Z'}}, 'canReply': True, 'totalReplyCount': 0, 'isPublic': True}",,UCqkq-rT9db5zuocHaS_1NOg,2022-10-23T09:01:42Z,"Esse professor comentadeiro é vermelho até ao tutano!!
Vá de retro Satanás!!!",QURTSl9pMDdxbm0zelM2QlJrN0FJMi1wOGdQb05ZZnlTbjdnVEtQYXRyRG9Db21KNlBOTEE0NEM4SUNtNUhpTFg2NzFTOGtxS0w4UjA2WQ==,2023-06-08 15:04:28.548179
youtube#commentThread,emFaFHX-sGQiCo04WdvXfPYXw2M,Ugz1L2rCsp11JV8N4A94AaABAg,"{'videoId': 'uuh1ydDwwrQ', 'topLevelComment': {'kind': 'youtube#comment', 'etag': 'ODo7Cya1XQs-n36pgBBX1wkd-aw', 'id': 'Ugz1L2rCsp11JV8N4A94AaABAg', 'snippet': {'videoId': 'uuh1ydDwwrQ', 'textDisplay': 'Isto e que o pt que para o brasileiro comunista', 'textOriginal': 'Isto e que o pt que para o brasileiro comunista', 'authorDisplayName': 'ana zanetti', 'authorProfileImageUrl': 'https://yt3.ggpht.com/ytc/AGIKgqOfbedSHHMdwUvjp5wj75yKAIfrvhP5ULQZag=s48-c-k-c0x00ffffff-no-rj', 'authorChannelUrl': 'http://www.youtube.com/channel/UC5c92xDl4XBUyomm4FYq_4w', 'authorChannelId': {'value': 'UC5c92xDl4XBUyomm4FYq_4w'}, 'canRate': True, 'viewerRating': 'none', 'likeCount': 0, 'publishedAt': '2022-10-23T08:59:41Z', 'updatedAt': '2022-10-23T08:59:41Z'}}, 'canReply': True, 'totalReplyCount': 0, 'isPublic': True}",,UC5c92xDl4XBUyomm4FYq_4w,2022-10-23T08:59:41Z,Isto e que o pt que para o brasileiro comunista,QURTSl9pMDdxbm0zelM2QlJrN0FJMi1wOGdQb05ZZnlTbjdnVEtQYXRyRG9Db21KNlBOTEE0NEM4SUNtNUhpTFg2NzFTOGtxS0w4UjA2WQ==,2023-06-08 15:04:28.548179
youtube#commentThread,JZknO7KhOG8zKOZDK13wq1j8ohY,Ugwi-Qyrls-dc5Xn4DJ4AaABAg,"{'videoId': 'uuh1ydDwwrQ', 'topLevelComment': {'kind': 'youtube#comment', 'etag': 'BIfou1dj8RugsxTV6MnSYIvd0r0', 'id': 'Ugwi-Qyrls-dc5Xn4DJ4AaABAg', 'snippet': {'videoId': 'uuh1ydDwwrQ', 'textDisplay': 'Voces tem que cobrar o jackie chan, vcs não sempre gostaram dele? Um &quot;cara legal e gente boa&quot;', 'textOriginal': 'Voces tem que cobrar o jackie chan, vcs não sempre gostaram dele? Um ""cara legal e gente boa""', 'authorDisplayName': 'Maverick', 'authorProfileImageUrl': 'https://yt3.ggpht.com/ytc/AGIKgqOtBEsFqepV0ONCwOMzCXb5nQDO3WOX31oGKQjIWA=s48-c-k-c0x00ffffff-no-rj', 'authorChannelUrl': 'http://www.youtube.com/channel/UCShn_UmW5mXzFHQDHS03sUQ', 'authorChannelId': {'value': 'UCShn_UmW5mXzFHQDHS03sUQ'}, 'canRate': True, 'viewerRating': 'none', 'likeCount': 0, 'publishedAt': '2022-10-23T08:50:01Z', 'updatedAt': '2022-10-23T08:50:01Z'}}, 'canReply': True, 'totalReplyCount': 0, 'isPublic': True}",,UCShn_UmW5mXzFHQDHS03sUQ,2022-10-23T08:50:01Z,"Voces tem que cobrar o jackie chan, vcs não sempre gostaram dele? Um ""cara legal e gente boa""",QURTSl9pMDdxbm0zelM2QlJrN0FJMi1wOGdQb05ZZnlTbjdnVEtQYXRyRG9Db21KNlBOTEE0NEM4SUNtNUhpTFg2NzFTOGtxS0w4UjA2WQ==,2023-06-08 15:04:28.548179
youtube#commentThread,8PbCVwD0Fc10g3k1q1VXu0dbCo4,UgzYKiCf3HGrYmlTLeB4AaABAg,"{'videoId': 'uuh1ydDwwrQ', 'topLevelComment': {'kind': 'youtube#comment', 'etag': 'a4XgtH09oHf_Sjg-HfjXO2jIYAo', 'id': 'UgzYKiCf3HGrYmlTLeB4AaABAg', 'snippet': {'videoId': 'uuh1ydDwwrQ', 'textDisplay': 'Tá na cara q não foi passar mal. Ele foi retirado a força. Kd o início das imagens ? O q parece é q mandaram retirar p ele não falar nada contra xi jin pim.', 'textOriginal': 'Tá na cara q não foi passar mal. Ele foi retirado a força. Kd o início das imagens ? O q parece é q mandaram retirar p ele não falar nada contra xi jin pim.', 'authorDisplayName': 'Bob Cbx', 'authorProfileImageUrl': 'https://yt3.ggpht.com/ytc/AGIKgqPIpd_lHMOPpgsHD_AZwbuXimUXj48ss8pLYC4P=s48-c-k-c0x00ffffff-no-rj', 'authorChannelUrl': 'http://www.youtube.com/channel/UCtb9WYpyFZSjy09ISitPQVw', 'authorChannelId': {'value': 'UCtb9WYpyFZSjy09ISitPQVw'}, 'canRate': True, 'viewerRating': 'none', 'likeCount': 0, 'publishedAt': '2022-10-23T08:36:02Z', 'updatedAt': '2022-10-23T08:36:02Z'}}, 'canReply': True, 'totalReplyCount': 0, 'isPublic': True}",,UCtb9WYpyFZSjy09ISitPQVw,2022-10-23T08:36:02Z,Tá na cara q não foi passar mal. Ele foi retirado a força. Kd o início das imagens ? O q parece é q mandaram retirar p ele não falar nada contra xi jin pim.,QURTSl9pMDdxbm0zelM2QlJrN0FJMi1wOGdQb05ZZnlTbjdnVEtQYXRyRG9Db21KNlBOTEE0NEM4SUNtNUhpTFg2NzFTOGtxS0w4UjA2WQ==,2023-06-08 15:04:28.548179
youtube#commentThread,ny6kQ9YEP01osyHyomZUfNWxrpk,UgzLahF17oyMEMQ0Q8x4AaABAg,"{'videoId': 'uuh1ydDwwrQ', 'topLevelComment': {'kind': 'youtube#comment', 'etag': 'z-q-CXNhYA6B1ZCkVF5Krfm-KjU', 'id': 'UgzLahF17oyMEMQ0Q8x4AaABAg', 'snippet': {'videoId': 'uuh1ydDwwrQ', 'textDisplay': 'Esse cretino quer  que a gente acredite no comentário dele. Kkkkkkkkkk', 'textOriginal': 'Esse cretino quer  que a gente acredite no comentário dele. Kkkkkkkkkk', 'authorDisplayName': 'Salomão J. Silva', 'authorProfileImageUrl': 'https://yt3.ggpht.com/ytc/AGIKgqPav4VtbfoYqv9brB3bG9SZ8sKzvrXtPYbeYQ=s48-c-k-c0x00ffffff-no-rj', 'authorChannelUrl': 'http://www.youtube.com/channel/UC_-ufc_uo7W2-7gxA1SA84g', 'authorChannelId': {'value': 'UC_-ufc_uo7W2-7gxA1SA84g'}, 'canRate': True, 'viewerRating': 'none', 'likeCount': 0, 'publishedAt': '2022-10-23T08:34:48Z', 'updatedAt': '2022-10-23T08:36:49Z'}}, 'canReply': True, 'totalReplyCount': 0, 'isPublic': True}",,UC_-ufc_uo7W2-7gxA1SA84g,2022-10-23T08:34:48Z,Esse cretino quer  que a gente acredite no comentário dele. Kkkkkkkkkk,QURTSl9pMDdxbm0zelM2QlJrN0FJMi1wOGdQb05ZZnlTbjdnVEtQYXRyRG9Db21KNlBOTEE0NEM4SUNtNUhpTFg2NzFTOGtxS0w4UjA2WQ==,2023-06-08 15:04:28.548179
youtube#commentThread,sLG7FQhllmJcGh8mg9kveSMWo5o,UgzODqJLhpt6g8nTTCB4AaABAg,"{'videoId': 'uuh1ydDwwrQ', 'topLevelComment': {'kind': 'youtube#comment', 'etag': '_u-DVdbuXwvfo92b-r3ujjenok0', 'id': 'UgzODqJLhpt6g8nTTCB4AaABAg', 'snippet': {'videoId': 'uuh1ydDwwrQ', 'textDisplay': 'A JOVEM PAN DEVERIA MOSTRAR TODAD AS OBRAS QUE BOLSONARO FEZ E TAMBÉM OS BENEFÍCIOS PARA O POVO. DAR UM TAPA DE LUVA NA CENSURA.', 'textOriginal': 'A JOVEM PAN DEVERIA MOSTRAR TODAD AS OBRAS QUE BOLSONARO FEZ E TAMBÉM OS BENEFÍCIOS PARA O POVO. DAR UM TAPA DE LUVA NA CENSURA.', 'authorDisplayName': 'Surei Assad', 'authorProfileImageUrl': 'https://yt3.ggpht.com/CAyByozaumazfDn3_C6RuOA4X0kdDTa288os67aZ-raNmKd3f6YHt_9k-vZ1ErFuljuSlhIpVt0=s48-c-k-c0x00ffffff-no-rj', 'authorChannelUrl': 'http://www.youtube.com/channel/UCSxyaJWNaNbaKKCPU_YfZ_w', 'authorChannelId': {'value': 'UCSxyaJWNaNbaKKCPU_YfZ_w'}, 'canRate': True, 'viewerRating': 'none', 'likeCount': 8, 'publishedAt': '2022-10-23T08:11:26Z', 'updatedAt': '2022-10-23T08:11:26Z'}}, 'canReply': True, 'totalReplyCount': 0, 'isPublic': True}",,UCSxyaJWNaNbaKKCPU_YfZ_w,2022-10-23T08:11:26Z,A JOVEM PAN DEVERIA MOSTRAR TODAD AS OBRAS QUE BOLSONARO FEZ E TAMBÉM OS BENEFÍCIOS PARA O POVO. DAR UM TAPA DE LUVA NA CENSURA.,QURTSl9pMDdxbm0zelM2QlJrN0FJMi1wOGdQb05ZZnlTbjdnVEtQYXRyRG9Db21KNlBOTEE0NEM4SUNtNUhpTFg2NzFTOGtxS0w4UjA2WQ==,2023-06-08 15:04:28.548179
youtube#commentThread,mGqjo55RR_LlgFQH9vXHb_I2qpM,Ugzgs8D_nSWGFroJ6rR4AaABAg,"{'videoId': 'uuh1ydDwwrQ', 'topLevelComment': {'kind': 'youtube#comment', 'etag': 'RwOxJ4WUrTD5RPeAjIY5x238bMs', 'id': 'Ugzgs8D_nSWGFroJ6rR4AaABAg', 'snippet': {'videoId': 'uuh1ydDwwrQ', 'textDisplay': 'O VICE estava passando mau, corretíssimo o procedimento... O PCC toma as prevenções corretas todos os convidados 2000 usavam máscaras, não usava os da linha de frente ministros uns 2 metros de distância...', 'textOriginal': 'O VICE estava passando mau, corretíssimo o procedimento... O PCC toma as prevenções corretas todos os convidados 2000 usavam máscaras, não usava os da linha de frente ministros uns 2 metros de distância...', 'authorDisplayName': 'Aldemir Freire', 'authorProfileImageUrl': 'https://yt3.ggpht.com/ytc/AGIKgqNLsiB43LgFFSdMY0YHvU3j8qRhsRAJ5HStsDgV8Q=s48-c-k-c0x00ffffff-no-rj', 'authorChannelUrl': 'http://www.youtube.com/channel/UCuK8fHg4LKeQMPGC6cLOgIg', 'authorChannelId': {'value': 'UCuK8fHg4LKeQMPGC6cLOgIg'}, 'canRate': True, 'viewerRating': 'none', 'likeCount': 0, 'publishedAt': '2022-10-23T08:00:59Z', 'updatedAt': '2022-10-23T08:00:59Z'}}, 'canReply': True, 'totalReplyCount': 0, 'isPublic': True}",,UCuK8fHg4LKeQMPGC6cLOgIg,2022-10-23T08:00:59Z,"O VICE estava passando mau, corretíssimo o procedimento... O PCC toma as prevenções corretas todos os convidados 2000 usavam máscaras, não usava os da linha de frente ministros uns 2 metros de distância...",QURTSl9pMDdxbm0zelM2QlJrN0FJMi1wOGdQb05ZZnlTbjdnVEtQYXRyRG9Db21KNlBOTEE0NEM4SUNtNUhpTFg2NzFTOGtxS0w4UjA2WQ==,2023-06-08 15:04:28.548179
youtube#commentThread,Qp9HmPoyKZiHzVG6H5d_W8XHpww,UgyAwgn01IYPeG4FTy14AaABAg,"{'videoId': 'uuh1ydDwwrQ', 'topLevelComment': {'kind': 'youtube#comment', 'etag': 'UHmVTrM-jg4MJmBiVoo0Wnr_K0U', 'id': 'UgyAwgn01IYPeG4FTy14AaABAg', 'snippet': {'videoId': 'uuh1ydDwwrQ', 'textDisplay': 'O prof não observou q    no parlamento só os ministros na linha de frente não usava máscaras, 2000  usavam...', 'textOriginal': 'O prof não observou q    no parlamento só os ministros na linha de frente não usava máscaras, 2000  usavam...', 'authorDisplayName': 'Aldemir Freire', 'authorProfileImageUrl': 'https://yt3.ggpht.com/ytc/AGIKgqNLsiB43LgFFSdMY0YHvU3j8qRhsRAJ5HStsDgV8Q=s48-c-k-c0x00ffffff-no-rj', 'authorChannelUrl': 'http://www.youtube.com/channel/UCuK8fHg4LKeQMPGC6cLOgIg', 'authorChannelId': {'value': 'UCuK8fHg4LKeQMPGC6cLOgIg'}, 'canRate': True, 'viewerRating': 'none', 'likeCount': 1, 'publishedAt': '2022-10-23T07:56:09Z', 'updatedAt': '2022-10-23T07:56:09Z'}}, 'canReply': True, 'totalReplyCount': 0, 'isPublic': True}",,UCuK8fHg4LKeQMPGC6cLOgIg,2022-10-23T07:56:09Z,"O prof não observou q    no parlamento só os ministros na linha de frente não usava máscaras, 2000  usavam...",QURTSl9pMDdxbm0zelM2QlJrN0FJMi1wOGdQb05ZZnlTbjdnVEtQYXRyRG9Db21KNlBOTEE0NEM4SUNtNUhpTFg2NzFTOGtxS0w4UjA2WQ==,2023-06-08 15:04:28.548179
youtube#commentThread,gS2dNowa22sywlPYU881aVtb2Zs,Ugz3dbWyuYBgxGZfUK54AaABAg,"{'videoId': 'uuh1ydDwwrQ', 'topLevelComment': {'kind': 'youtube#comment', 'etag': 'weBj11XCsJwUBJn333g9tl0FT20', 'id': 'Ugz3dbWyuYBgxGZfUK54AaABAg', 'snippet': {'videoId': 'uuh1ydDwwrQ', 'textDisplay': 'Foi fazer companhia ao Jack Ma.', 'textOriginal': 'Foi fazer companhia ao Jack Ma.', 'authorDisplayName': 'zapzap zapzap', 'authorProfileImageUrl': 'https://yt3.ggpht.com/ytc/AGIKgqNQSJn6bqkgQMRvmWqeGgju0LempKGxTCpXGg=s48-c-k-c0x00ffffff-no-rj', 'authorChannelUrl': 'http://www.youtube.com/channel/UCRE6CMjy9Yogkj6PLHV9NNw', 'authorChannelId': {'value': 'UCRE6CMjy9Yogkj6PLHV9NNw'}, 'canRate': True, 'viewerRating': 'none', 'likeCount': 1, 'publishedAt': '2022-10-23T07:45:56Z', 'updatedAt': '2022-10-23T07:45:56Z'}}, 'canReply': True, 'totalReplyCount': 0, 'isPublic': True}",,UCRE6CMjy9Yogkj6PLHV9NNw,2022-10-23T07:45:56Z,Foi fazer companhia ao Jack Ma.,QURTSl9pMDdxbm0zelM2QlJrN0FJMi1wOGdQb05ZZnlTbjdnVEtQYXRyRG9Db21KNlBOTEE0NEM4SUNtNUhpTFg2NzFTOGtxS0w4UjA2WQ==,2023-06-08 15:04:28.548179
youtube#commentThread,zjhtAjobnDiz41iKYPVBlI4A5bY,UgwCVREh01pUwx2Iu6h4AaABAg,"{'videoId': 'uuh1ydDwwrQ', 'topLevelComment': {'kind': 'youtube#comment', 'etag': 'UlS8Yn8jD2IZ6PGpi_bTuceGo18', 'id': 'UgwCVREh01pUwx2Iu6h4AaABAg', 'snippet': {'videoId': 'uuh1ydDwwrQ', 'textDisplay': 'Por ser chinês  tem  medo de falar a verdade.', 'textOriginal': 'Por ser chinês  tem  medo de falar a verdade.', 'authorDisplayName': 'Sebastiao Bezerra', 'authorProfileImageUrl': 'https://yt3.ggpht.com/ytc/AGIKgqMOf698iIUTs2PiEciy7ENyaYPtW2rlluSCFg=s48-c-k-c0x00ffffff-no-rj', 'authorChannelUrl': 'http://www.youtube.com/channel/UCnLroTp1_1xqehz1Hup3XIg', 'authorChannelId': {'value': 'UCnLroTp1_1xqehz1Hup3XIg'}, 'canRate': True, 'viewerRating': 'none', 'likeCount': 0, 'publishedAt': '2022-10-23T07:15:15Z', 'updatedAt': '2022-10-23T07:15:15Z'}}, 'canReply': True, 'totalReplyCount': 0, 'isPublic': True}",,UCnLroTp1_1xqehz1Hup3XIg,2022-10-23T07:15:15Z,Por ser chinês  tem  medo de falar a verdade.,QURTSl9pMDdxbm0zelM2QlJrN0FJMi1wOGdQb05ZZnlTbjdnVEtQYXRyRG9Db21KNlBOTEE0NEM4SUNtNUhpTFg2NzFTOGtxS0w4UjA2WQ==,2023-06-08 15:04:28.548179
youtube#commentThread,GO8Ir-E1HLvxeODZNtVxMtrfS1M,Ugx5SXTXSp5WNns82Ch4AaABAg,"{'videoId': 'uuh1ydDwwrQ', 'topLevelComment': {'kind': 'youtube#comment', 'etag': 'ZSH8Y_L86zRvo8TyJD8qBNoVPdI', 'id': 'Ugx5SXTXSp5WNns82Ch4AaABAg', 'snippet': {'videoId': 'uuh1ydDwwrQ', 'textDisplay': 'Nao me admira nada vindo deste regime  .<br>            ABRA OS OLHOS BRASIL   A CHANCE E AGORA .🇧🇷🇧🇷🇧🇷🇧🇷', 'textOriginal': 'Nao me admira nada vindo deste regime  .\\n            ABRA OS OLHOS BRASIL   A CHANCE E AGORA .🇧🇷🇧🇷🇧🇷🇧🇷', 'authorDisplayName': 'Bertrandaqaa Ricardo2w2 se oqaqa', 'authorProfileImageUrl': 'https://yt3.ggpht.com/ytc/AGIKgqMPRWhxucUIajh_02rpiiBvs-wIfQnL7T7YtQ=s48-c-k-c0x00ffffff-no-rj', 'authorChannelUrl': 'http://www.youtube.com/channel/UC-41kZkFYTwhYUYjdGNJ2IQ', 'authorChannelId': {'value': 'UC-41kZkFYTwhYUYjdGNJ2IQ'}, 'canRate': True, 'viewerRating': 'none', 'likeCount': 0, 'publishedAt': '2022-10-23T07:13:22Z', 'updatedAt': '2022-10-23T07:13:22Z'}}, 'canReply': True, 'totalReplyCount': 0, 'isPublic': True}",,UC-41kZkFYTwhYUYjdGNJ2IQ,2022-10-23T07:13:22Z,"Nao me admira nada vindo deste regime  .
            ABRA OS OLHOS BRASIL   A CHANCE E AGORA .🇧🇷🇧🇷🇧🇷🇧🇷",QURTSl9pMDdxbm0zelM2QlJrN0FJMi1wOGdQb05ZZnlTbjdnVEtQYXRyRG9Db21KNlBOTEE0NEM4SUNtNUhpTFg2NzFTOGtxS0w4UjA2WQ==,2023-06-08 15:04:28.548179
youtube#commentThread,F-IOpSn0lgnywH1bk4GRh32IwDU,Ugybyi2pE3KqGjtNCzR4AaABAg,"{'videoId': 'uuh1ydDwwrQ', 'topLevelComment': {'kind': 'youtube#comment', 'etag': 'PmZOC2Z3e0JbwTThASQEymzzpWw', 'id': 'Ugybyi2pE3KqGjtNCzR4AaABAg', 'snippet': {'videoId': 'uuh1ydDwwrQ', 'textDisplay': 'Esse é o regime admirado pelo projeto de tirano, Luiz Inácio Lula da Silva.  Regime asqueroso.', 'textOriginal': 'Esse é o regime admirado pelo projeto de tirano, Luiz Inácio Lula da Silva.  Regime asqueroso.', 'authorDisplayName': 'tadeu gomes', 'authorProfileImageUrl': 'https://yt3.ggpht.com/ytc/AGIKgqNU-yAvhRxwOW9ySq_s-mmRtweYEcOO7JLMmWT5Vg=s48-c-k-c0x00ffffff-no-rj', 'authorChannelUrl': 'http://www.youtube.com/channel/UCMYgew___mo4h7bisNol_YA', 'authorChannelId': {'value': 'UCMYgew___mo4h7bisNol_YA'}, 'canRate': True, 'viewerRating': 'none', 'likeCount': 0, 'publishedAt': '2022-10-23T07:05:02Z', 'updatedAt': '2022-10-23T07:05:02Z'}}, 'canReply': True, 'totalReplyCount': 0, 'isPublic': True}",,UCMYgew___mo4h7bisNol_YA,2022-10-23T07:05:02Z,"Esse é o regime admirado pelo projeto de tirano, Luiz Inácio Lula da Silva.  Regime asqueroso.",QURTSl9pMDdxbm0zelM2QlJrN0FJMi1wOGdQb05ZZnlTbjdnVEtQYXRyRG9Db21KNlBOTEE0NEM4SUNtNUhpTFg2NzFTOGtxS0w4UjA2WQ==,2023-06-08 15:04:28.548179
youtube#commentThread,7hzX1WyLvumOgcKqCHjlM9w_Vv0,UgzdiesazKsBKZ8_9cZ4AaABAg,"{'videoId': 'uuh1ydDwwrQ', 'topLevelComment': {'kind': 'youtube#comment', 'etag': 'dqnYb9ZLH7z3L15E-PvbAVepEHY', 'id': 'UgzdiesazKsBKZ8_9cZ4AaABAg', 'snippet': {'videoId': 'uuh1ydDwwrQ', 'textDisplay': 'Cobra 🐍 comendo cobra 🐍', 'textOriginal': 'Cobra 🐍 comendo cobra 🐍', 'authorDisplayName': 'Fratti_nineteen64 Fratti', 'authorProfileImageUrl': 'https://yt3.ggpht.com/zzuCZHUIqCbLlq4GA5ha1U0fcSrIDkhcl2q0MroM4JM9agAJaERHhu6aMU_0QHqhc5A0KCo_dw=s48-c-k-c0x00ffffff-no-rj', 'authorChannelUrl': 'http://www.youtube.com/channel/UCI2utg38j1GIbLDgtWq3iBg', 'authorChannelId': {'value': 'UCI2utg38j1GIbLDgtWq3iBg'}, 'canRate': True, 'viewerRating': 'none', 'likeCount': 0, 'publishedAt': '2022-10-23T06:50:12Z', 'updatedAt': '2022-10-23T06:50:12Z'}}, 'canReply': True, 'totalReplyCount': 0, 'isPublic': True}",,UCI2utg38j1GIbLDgtWq3iBg,2022-10-23T06:50:12Z,Cobra 🐍 comendo cobra 🐍,QURTSl9pMDdxbm0zelM2QlJrN0FJMi1wOGdQb05ZZnlTbjdnVEtQYXRyRG9Db21KNlBOTEE0NEM4SUNtNUhpTFg2NzFTOGtxS0w4UjA2WQ==,2023-06-08 15:04:28.548179
youtube#commentThread,UAJtT2jU94Symsr440E4YYvYlB4,Ugy2-bwf6duWuVqrSKp4AaABAg,"{'videoId': 'uuh1ydDwwrQ', 'topLevelComment': {'kind': 'youtube#comment', 'etag': 'zvbB-JDpPQO2tfWheeYOLv7L1tU', 'id': 'Ugy2-bwf6duWuVqrSKp4AaABAg', 'snippet': {'videoId': 'uuh1ydDwwrQ', 'textDisplay': 'Só idiotas acreditam na mídia, principalmente na chinesa!!! Acorda ocidente!!!!!!!!!!!!', 'textOriginal': 'Só idiotas acreditam na mídia, principalmente na chinesa!!! Acorda ocidente!!!!!!!!!!!!', 'authorDisplayName': 'alessandra s.barros', 'authorProfileImageUrl': 'https://yt3.ggpht.com/ytc/AGIKgqNZ4fQ0Dr9440oTFtyZQKyd-YUwsTnxJ6QLOrRo=s48-c-k-c0x00ffffff-no-rj', 'authorChannelUrl': 'http://www.youtube.com/channel/UCO-TkwkLQ4F2Ry795hK-F0g', 'authorChannelId': {'value': 'UCO-TkwkLQ4F2Ry795hK-F0g'}, 'canRate': True, 'viewerRating': 'none', 'likeCount': 0, 'publishedAt': '2022-10-23T06:32:09Z', 'updatedAt': '2022-10-23T06:32:09Z'}}, 'canReply': True, 'totalReplyCount': 0, 'isPublic': True}",,UCO-TkwkLQ4F2Ry795hK-F0g,2022-10-23T06:32:09Z,"Só idiotas acreditam na mídia, principalmente na chinesa!!! Acorda ocidente!!!!!!!!!!!!",QURTSl9pMDdxbm0zelM2QlJrN0FJMi1wOGdQb05ZZnlTbjdnVEtQYXRyRG9Db21KNlBOTEE0NEM4SUNtNUhpTFg2NzFTOGtxS0w4UjA2WQ==,2023-06-08 15:04:28.548179
youtube#commentThread,VIcErVQXQsCeVFwhdAtyQysL9DU,Ugyqa2AbiTLSyNbuyQt4AaABAg,"{'videoId': 'uuh1ydDwwrQ', 'topLevelComment': {'kind': 'youtube#comment', 'etag': 'y99yHWRj6w1UNtIRYcUx-WIroHk', 'id': 'Ugyqa2AbiTLSyNbuyQt4AaABAg', 'snippet': {'videoId': 'uuh1ydDwwrQ', 'textDisplay': 'Eu não acredito nessa conversa o homem está sendo levado na marra e não queria ir de jeito nenhum. Em um país que o regime é  comunista agente fica preocupado com essa retirada dessa forma que Deus tenha misericórdia desse senhor.', 'textOriginal': 'Eu não acredito nessa conversa o homem está sendo levado na marra e não queria ir de jeito nenhum. Em um país que o regime é  comunista agente fica preocupado com essa retirada dessa forma que Deus tenha misericórdia desse senhor.', 'authorDisplayName': 'Maria Silva', 'authorProfileImageUrl': 'https://yt3.ggpht.com/ytc/AGIKgqPbheqiYTjJK82HMQMR_6j8q6ESfJP4154JS2hllkYbvpezkGAT6DkkOSP5LsFE=s48-c-k-c0x00ffffff-no-rj', 'authorChannelUrl': 'http://www.youtube.com/channel/UCrk0ZJZYFH3jYsm9Jfl5n4g', 'authorChannelId': {'value': 'UCrk0ZJZYFH3jYsm9Jfl5n4g'}, 'canRate': True, 'viewerRating': 'none', 'likeCount': 0, 'publishedAt': '2022-10-23T06:26:50Z', 'updatedAt': '2022-10-23T06:26:50Z'}}, 'canReply': True, 'totalReplyCount': 0, 'isPublic': True}",,UCrk0ZJZYFH3jYsm9Jfl5n4g,2022-10-23T06:26:50Z,Eu não acredito nessa conversa o homem está sendo levado na marra e não queria ir de jeito nenhum. Em um país que o regime é  comunista agente fica preocupado com essa retirada dessa forma que Deus tenha misericórdia desse senhor.,QURTSl9pMDdxbm0zelM2QlJrN0FJMi1wOGdQb05ZZnlTbjdnVEtQYXRyRG9Db21KNlBOTEE0NEM4SUNtNUhpTFg2NzFTOGtxS0w4UjA2WQ==,2023-06-08 15:04:28.548179
youtube#commentThread,oEm8iQwmE-y499tdSoeC2HOOx1Q,Ugz_CaOesvlrhyrsKQJ4AaABAg,"{'videoId': 'uuh1ydDwwrQ', 'topLevelComment': {'kind': 'youtube#comment', 'etag': 'bMu9-xmpH0iJqG0oOqHSfH2f8AY', 'id': 'Ugz_CaOesvlrhyrsKQJ4AaABAg', 'snippet': {'videoId': 'uuh1ydDwwrQ', 'textDisplay': 'Só faltou combinar com o governo de Taiwan essa unificação kkk.<br>Cara de peroba esse professor kkk.', 'textOriginal': 'Só faltou combinar com o governo de Taiwan essa unificação kkk.\\nCara de peroba esse professor kkk.', 'authorDisplayName': 'Cristiano Ariceu', 'authorProfileImageUrl': 'https://yt3.ggpht.com/ytc/AGIKgqMZSqabvIpXDQ8XRtiJJwaGkLnQXbsUCmactQ=s48-c-k-c0x00ffffff-no-rj', 'authorChannelUrl': 'http://www.youtube.com/channel/UCmWcVQGZT8Tr9dOuYTyQ-3w', 'authorChannelId': {'value': 'UCmWcVQGZT8Tr9dOuYTyQ-3w'}, 'canRate': True, 'viewerRating': 'none', 'likeCount': 0, 'publishedAt': '2022-10-23T06:18:56Z', 'updatedAt': '2022-10-23T06:18:56Z'}}, 'canReply': True, 'totalReplyCount': 0, 'isPublic': True}",,UCmWcVQGZT8Tr9dOuYTyQ-3w,2022-10-23T06:18:56Z,"Só faltou combinar com o governo de Taiwan essa unificação kkk.
Cara de peroba esse professor kkk.",QURTSl9pMDdxbm0zelM2QlJrN0FJMi1wOGdQb05ZZnlTbjdnVEtQYXRyRG9Db21KNlBOTEE0NEM4SUNtNUhpTFg2NzFTOGtxS0w4UjA2WQ==,2023-06-08 15:04:28.548179
youtube#commentThread,UWz289frHAZDNCrJOjENCZZWQoE,UgymslJoZkfdmaa4N754AaABAg,"{'videoId': 'uuh1ydDwwrQ', 'topLevelComment': {'kind': 'youtube#comment', 'etag': 'Cw2bmYVQKO96PmU6b8sd6j1sgsk', 'id': 'UgymslJoZkfdmaa4N754AaABAg', 'snippet': {'videoId': 'uuh1ydDwwrQ', 'textDisplay': 'Ridícula essa análise', 'textOriginal': 'Ridícula essa análise', 'authorDisplayName': 'Marcellino Almeida', 'authorProfileImageUrl': 'https://yt3.ggpht.com/ytc/AGIKgqPcOu6Ck0MphEMwsxhmFCu9YygS-HU8xn4Z3w=s48-c-k-c0x00ffffff-no-rj', 'authorChannelUrl': 'http://www.youtube.com/channel/UCO1bJrhJ48xeGFCPuNiWwVw', 'authorChannelId': {'value': 'UCO1bJrhJ48xeGFCPuNiWwVw'}, 'canRate': True, 'viewerRating': 'none', 'likeCount': 0, 'publishedAt': '2022-10-23T06:14:46Z', 'updatedAt': '2022-10-23T06:14:46Z'}}, 'canReply': True, 'totalReplyCount': 0, 'isPublic': True}",,UCO1bJrhJ48xeGFCPuNiWwVw,2022-10-23T06:14:46Z,Ridícula essa análise,QURTSl9pMDdxbm0zelM2QlJrN0FJMi1wOGdQb05ZZnlTbjdnVEtQYXRyRG9Db21KNlBOTEE0NEM4SUNtNUhpTFg2NzFTOGtxS0w4UjA2WQ==,2023-06-08 15:04:28.548179
youtube#commentThread,g1iq7577oMD3l3suUEMKtfBIRiY,UgwgcM-DkoTy0tf_cnN4AaABAg,"{'videoId': 'uuh1ydDwwrQ', 'topLevelComment': {'kind': 'youtube#comment', 'etag': 'GfESONVpc9c68c8Cto58VWVCkqE', 'id': 'UgwgcM-DkoTy0tf_cnN4AaABAg', 'snippet': {'videoId': 'uuh1ydDwwrQ', 'textDisplay': 'PRESIDENTE BOLSONARO OUTRA VEZ, COM CERTEZA ABSOLUTA', 'textOriginal': 'PRESIDENTE BOLSONARO OUTRA VEZ, COM CERTEZA ABSOLUTA', 'authorDisplayName': 'Raul Lima', 'authorProfileImageUrl': 'https://yt3.ggpht.com/ytc/AGIKgqP3jmSqSfAmtJE5Ybf2nGzeb5R6wuqHGkoWstEn45z1nK8oKzX0tY6S38ylkMag=s48-c-k-c0x00ffffff-no-rj', 'authorChannelUrl': 'http://www.youtube.com/channel/UCrRZnuVSrSLNLDfPFTcTbQQ', 'authorChannelId': {'value': 'UCrRZnuVSrSLNLDfPFTcTbQQ'}, 'canRate': True, 'viewerRating': 'none', 'likeCount': 3, 'publishedAt': '2022-10-23T05:43:13Z', 'updatedAt': '2022-10-23T05:43:13Z'}}, 'canReply': True, 'totalReplyCount': 0, 'isPublic': True}",,UCrRZnuVSrSLNLDfPFTcTbQQ,2022-10-23T05:43:13Z,"PRESIDENTE BOLSONARO OUTRA VEZ, COM CERTEZA ABSOLUTA",QURTSl9pMDdxbm0zelM2QlJrN0FJMi1wOGdQb05ZZnlTbjdnVEtQYXRyRG9Db21KNlBOTEE0NEM4SUNtNUhpTFg2NzFTOGtxS0w4UjA2WQ==,2023-06-08 15:04:28.548179
youtube#commentThread,w_RKktD0T8gJzeli4nTgB-zo_pE,UgzDnmNRAs5oN0ggIGN4AaABAg,"{'videoId': 'uuh1ydDwwrQ', 'topLevelComment': {'kind': 'youtube#comment', 'etag': 'wwFi62wknHwgRq-p1Qfgq0HPnPU', 'id': 'UgzDnmNRAs5oN0ggIGN4AaABAg', 'snippet': {'videoId': 'uuh1ydDwwrQ', 'textDisplay': 'Xandão disse que a culpa é do Presidente Bolsonaro', 'textOriginal': 'Xandão disse que a culpa é do Presidente Bolsonaro', 'authorDisplayName': 'Palavra, Louvor & Cia', 'authorProfileImageUrl': 'https://yt3.ggpht.com/SzecV7KUFj5JMB6blcMoApwfA0P-9SQSgC1nnmrhd8vFvUEKQxTK3qro17l0v8vfuVgNTIHsyw=s48-c-k-c0x00ffffff-no-rj', 'authorChannelUrl': 'http://www.youtube.com/channel/UCvVwurTiVAO1fkafMeoiAPw', 'authorChannelId': {'value': 'UCvVwurTiVAO1fkafMeoiAPw'}, 'canRate': True, 'viewerRating': 'none', 'likeCount': 0, 'publishedAt': '2022-10-23T05:21:58Z', 'updatedAt': '2022-10-23T05:21:58Z'}}, 'canReply': True, 'totalReplyCount': 0, 'isPublic': True}",,UCvVwurTiVAO1fkafMeoiAPw,2022-10-23T05:21:58Z,Xandão disse que a culpa é do Presidente Bolsonaro,QURTSl9pMlNjR2xlbGxRdVZpUmUtVjZ2OHRFcmdWY1ZhcjF5YmpoNW5CdlpsZERKYlFLWFdkcFJIb1RqdDdDdWRUbXI5dkdNYlkyYTV5WQ==,2023-06-08 15:04:29.388506
youtube#commentThread,yhsAU2KRzis_kAqwp-76fO6XYnU,UgwL3dl0RcY20bE-oMx4AaABAg,"{'videoId': 'uuh1ydDwwrQ', 'topLevelComment': {'kind': 'youtube#comment', 'etag': 'Xx9akbY0Hy_3DG1KYVeqz-DBPFc', 'id': 'UgwL3dl0RcY20bE-oMx4AaABAg', 'snippet': {'videoId': 'uuh1ydDwwrQ', 'textDisplay': 'Será que alguém sabe se o Juntao foi visto depois disso?...', 'textOriginal': 'Será que alguém sabe se o Juntao foi visto depois disso?...', 'authorDisplayName': 'Eugenio Pegorini', 'authorProfileImageUrl': 'https://yt3.ggpht.com/ytc/AGIKgqPcP3KBP13mrTGqqz1PUJKhmsh3ACaMWnEf1A=s48-c-k-c0x00ffffff-no-rj', 'authorChannelUrl': 'http://www.youtube.com/channel/UCCkSJZYwH7cFpvxi_ppRX9w', 'authorChannelId': {'value': 'UCCkSJZYwH7cFpvxi_ppRX9w'}, 'canRate': True, 'viewerRating': 'none', 'likeCount': 0, 'publishedAt': '2022-10-23T05:08:09Z', 'updatedAt': '2022-10-23T05:08:09Z'}}, 'canReply': True, 'totalReplyCount': 0, 'isPublic': True}",,UCCkSJZYwH7cFpvxi_ppRX9w,2022-10-23T05:08:09Z,Será que alguém sabe se o Juntao foi visto depois disso?...,QURTSl9pMlNjR2xlbGxRdVZpUmUtVjZ2OHRFcmdWY1ZhcjF5YmpoNW5CdlpsZERKYlFLWFdkcFJIb1RqdDdDdWRUbXI5dkdNYlkyYTV5WQ==,2023-06-08 15:04:29.388506
youtube#commentThread,JeiljIZYOfnVkeKD4uTDFXfrCgI,UgyLZsrQ-sJzNvm37Qh4AaABAg,"{'videoId': 'uuh1ydDwwrQ', 'topLevelComment': {'kind': 'youtube#comment', 'etag': 'NRphXBuO9OuguBLqG7Vnho-2Wmc', 'id': 'UgyLZsrQ-sJzNvm37Qh4AaABAg', 'snippet': {'videoId': 'uuh1ydDwwrQ', 'textDisplay': 'Bem. Explicado..<br>ELE NAO ESTAVA SE SENTINDO MUITO BEM ANTES DESSA REUNIAO....<br>DEPOIS QUE TIRARAM ELE &quot;ELE SE SENTIU PIOR AINDA&quot; <br>SE E QUE ME ENTENDERAM', 'textOriginal': 'Bem. Explicado..\\nELE NAO ESTAVA SE SENTINDO MUITO BEM ANTES DESSA REUNIAO....\\nDEPOIS QUE TIRARAM ELE ""ELE SE SENTIU PIOR AINDA"" \\nSE E QUE ME ENTENDERAM', 'authorDisplayName': 'Alcemir Maciel', 'authorProfileImageUrl': 'https://yt3.ggpht.com/ytc/AGIKgqOR_XY5AyepTkVDR-NfwyRU3T_F6cm36VMD4A=s48-c-k-c0x00ffffff-no-rj', 'authorChannelUrl': 'http://www.youtube.com/channel/UCO-2EZFuMr6V7yBBLUC534Q', 'authorChannelId': {'value': 'UCO-2EZFuMr6V7yBBLUC534Q'}, 'canRate': True, 'viewerRating': 'none', 'likeCount': 0, 'publishedAt': '2022-10-23T05:06:35Z', 'updatedAt': '2022-10-23T05:06:35Z'}}, 'canReply': True, 'totalReplyCount': 0, 'isPublic': True}",,UCO-2EZFuMr6V7yBBLUC534Q,2022-10-23T05:06:35Z,"Bem. Explicado..
ELE NAO ESTAVA SE SENTINDO MUITO BEM ANTES DESSA REUNIAO....
DEPOIS QUE TIRARAM ELE ""ELE SE SENTIU PIOR AINDA"" 
SE E QUE ME ENTENDERAM",QURTSl9pMlNjR2xlbGxRdVZpUmUtVjZ2OHRFcmdWY1ZhcjF5YmpoNW5CdlpsZERKYlFLWFdkcFJIb1RqdDdDdWRUbXI5dkdNYlkyYTV5WQ==,2023-06-08 15:04:29.388506
youtube#commentThread,Os4P4Ry5zdqTota6xz1QGR3CUvE,UgwOFDGMJHuCKQvXt4F4AaABAg,"{'videoId': 'uuh1ydDwwrQ', 'topLevelComment': {'kind': 'youtube#comment', 'etag': '-HwCsIMJ2gZ-8xw2vElK4a0FjWE', 'id': 'UgwOFDGMJHuCKQvXt4F4AaABAg', 'snippet': {'videoId': 'uuh1ydDwwrQ', 'textDisplay': 'A jp chama um cara que acabou de nascer pra falar de comunismo, tem de chamar um velho especialista em  geopolítica, como cmdt Robson , ou Rubem Gonzalez.....', 'textOriginal': 'A jp chama um cara que acabou de nascer pra falar de comunismo, tem de chamar um velho especialista em  geopolítica, como cmdt Robson , ou Rubem Gonzalez.....', 'authorDisplayName': 'Danli', 'authorProfileImageUrl': 'https://yt3.ggpht.com/ytc/AGIKgqMiid6uK6VMPFpGP1ADYV4HcA0oj6LGlL_YFLDybw=s48-c-k-c0x00ffffff-no-rj', 'authorChannelUrl': 'http://www.youtube.com/channel/UC6DiYS8UyvSaglhyWoOmayg', 'authorChannelId': {'value': 'UC6DiYS8UyvSaglhyWoOmayg'}, 'canRate': True, 'viewerRating': 'none', 'likeCount': 0, 'publishedAt': '2022-10-23T05:06:17Z', 'updatedAt': '2022-10-23T05:06:17Z'}}, 'canReply': True, 'totalReplyCount': 0, 'isPublic': True}",,UC6DiYS8UyvSaglhyWoOmayg,2022-10-23T05:06:17Z,"A jp chama um cara que acabou de nascer pra falar de comunismo, tem de chamar um velho especialista em  geopolítica, como cmdt Robson , ou Rubem Gonzalez.....",QURTSl9pMlNjR2xlbGxRdVZpUmUtVjZ2OHRFcmdWY1ZhcjF5YmpoNW5CdlpsZERKYlFLWFdkcFJIb1RqdDdDdWRUbXI5dkdNYlkyYTV5WQ==,2023-06-08 15:04:29.388506
youtube#commentThread,qGRvj_Kg_CuaO76zoJL6d8S7SB8,UgztBlxJdQEdPqsN0rZ4AaABAg,"{'videoId': 'uuh1ydDwwrQ', 'topLevelComment': {'kind': 'youtube#comment', 'etag': 'jxqytVI-xgLIsGkSty5-XS7SnPM', 'id': 'UgztBlxJdQEdPqsN0rZ4AaABAg', 'snippet': {'videoId': 'uuh1ydDwwrQ', 'textDisplay': '<a href=""http://www.youtube.com/results?search_query=%23censuran%C3%A3o"">#CENSURANÃO</a>', 'textOriginal': '#CENSURANÃO', 'authorDisplayName': 'Jorge Ferdinando', 'authorProfileImageUrl': 'https://yt3.ggpht.com/ytc/AGIKgqMyMbX_noRvYb17Hvak2nKYRTfIB_tQhqGychB1qQ=s48-c-k-c0x00ffffff-no-rj', 'authorChannelUrl': 'http://www.youtube.com/channel/UCdPcJLU_ZlZhSZ9MLklRxMw', 'authorChannelId': {'value': 'UCdPcJLU_ZlZhSZ9MLklRxMw'}, 'canRate': True, 'viewerRating': 'none', 'likeCount': 0, 'publishedAt': '2022-10-23T05:05:32Z', 'updatedAt': '2022-10-23T05:05:32Z'}}, 'canReply': True, 'totalReplyCount': 0, 'isPublic': True}",,UCdPcJLU_ZlZhSZ9MLklRxMw,2022-10-23T05:05:32Z,#CENSURANÃO,QURTSl9pMlNjR2xlbGxRdVZpUmUtVjZ2OHRFcmdWY1ZhcjF5YmpoNW5CdlpsZERKYlFLWFdkcFJIb1RqdDdDdWRUbXI5dkdNYlkyYTV5WQ==,2023-06-08 15:04:29.388506
youtube#commentThread,AbY9cjRtKf5Ey4RgPWRMHQ7hZlc,Ugwi7Rx0CKsMotm-bPt4AaABAg,"{'videoId': 'uuh1ydDwwrQ', 'topLevelComment': {'kind': 'youtube#comment', 'etag': 'BwMOUAZ7SNOmzSvBetFD1-4erHI', 'id': 'Ugwi7Rx0CKsMotm-bPt4AaABAg', 'snippet': {'videoId': 'uuh1ydDwwrQ', 'textDisplay': 'Os caras já vieram tirar o velho segurando em um braço e com um atestado de óbito na outra mão O mais triste é ele saber seu cruel destino é desaparecer sem deixar rastros somente ficará uma desculpa do partido comunista e ele se ausentou para nunca mais ser visto', 'textOriginal': 'Os caras já vieram tirar o velho segurando em um braço e com um atestado de óbito na outra mão O mais triste é ele saber seu cruel destino é desaparecer sem deixar rastros somente ficará uma desculpa do partido comunista e ele se ausentou para nunca mais ser visto', 'authorDisplayName': 'Cleberson Santana', 'authorProfileImageUrl': 'https://yt3.ggpht.com/ytc/AGIKgqO7ESNmJy0x5_jAIbfG3vu4wWpKZp48v11xqh-5=s48-c-k-c0x00ffffff-no-rj', 'authorChannelUrl': 'http://www.youtube.com/channel/UCLsFuCxyQtVwoSqtS-_hggw', 'authorChannelId': {'value': 'UCLsFuCxyQtVwoSqtS-_hggw'}, 'canRate': True, 'viewerRating': 'none', 'likeCount': 0, 'publishedAt': '2022-10-23T04:51:12Z', 'updatedAt': '2022-10-23T04:51:12Z'}}, 'canReply': True, 'totalReplyCount': 0, 'isPublic': True}",,UCLsFuCxyQtVwoSqtS-_hggw,2022-10-23T04:51:12Z,Os caras já vieram tirar o velho segurando em um braço e com um atestado de óbito na outra mão O mais triste é ele saber seu cruel destino é desaparecer sem deixar rastros somente ficará uma desculpa do partido comunista e ele se ausentou para nunca mais ser visto,QURTSl9pMlNjR2xlbGxRdVZpUmUtVjZ2OHRFcmdWY1ZhcjF5YmpoNW5CdlpsZERKYlFLWFdkcFJIb1RqdDdDdWRUbXI5dkdNYlkyYTV5WQ==,2023-06-08 15:04:29.388506
youtube#commentThread,Bg6LeCJylbmOQkFH32vxZFlc3cY,UgyX5mC1fjm2jF8jCxt4AaABAg,"{'videoId': 'uuh1ydDwwrQ', 'topLevelComment': {'kind': 'youtube#comment', 'etag': 'WehHMmyYCtV5OahVzn7C0QoST3I', 'id': 'UgyX5mC1fjm2jF8jCxt4AaABAg', 'snippet': {'videoId': 'uuh1ydDwwrQ', 'textDisplay': 'Isso é a Nova ordem mundial simples.', 'textOriginal': 'Isso é a Nova ordem mundial simples.', 'authorDisplayName': 'Aline Silva', 'authorProfileImageUrl': 'https://yt3.ggpht.com/ytc/AGIKgqMhVsAmW1ECMfueUpPkwi29vOK5VsrpeLHPLLlsKg=s48-c-k-c0x00ffffff-no-rj', 'authorChannelUrl': 'http://www.youtube.com/channel/UCf1uCjwBgbFTIX7qaVF8kBA', 'authorChannelId': {'value': 'UCf1uCjwBgbFTIX7qaVF8kBA'}, 'canRate': True, 'viewerRating': 'none', 'likeCount': 0, 'publishedAt': '2022-10-23T04:49:05Z', 'updatedAt': '2022-10-23T04:49:05Z'}}, 'canReply': True, 'totalReplyCount': 0, 'isPublic': True}",,UCf1uCjwBgbFTIX7qaVF8kBA,2022-10-23T04:49:05Z,Isso é a Nova ordem mundial simples.,QURTSl9pMlNjR2xlbGxRdVZpUmUtVjZ2OHRFcmdWY1ZhcjF5YmpoNW5CdlpsZERKYlFLWFdkcFJIb1RqdDdDdWRUbXI5dkdNYlkyYTV5WQ==,2023-06-08 15:04:29.388506
youtube#commentThread,Z_DCUZ3nGJYabQ6TeFlBDk2wNZM,UgwW7oRE5lFouJbth7B4AaABAg,"{'videoId': 'uuh1ydDwwrQ', 'topLevelComment': {'kind': 'youtube#comment', 'etag': 'gVWKrZvqbtu6rw0iF6PI74h7A7Q', 'id': 'UgwW7oRE5lFouJbth7B4AaABAg', 'snippet': {'videoId': 'uuh1ydDwwrQ', 'textDisplay': 'Fácil.escolher...22...', 'textOriginal': 'Fácil.escolher...22...', 'authorDisplayName': 'Iracema Horn silva', 'authorProfileImageUrl': 'https://yt3.ggpht.com/ytc/AGIKgqPYKK0ZwpkdPQI8OFP5JL1apXLtMC-D4rjdRADPbluoWxAvf52zRzJ00pN4ATY5=s48-c-k-c0x00ffffff-no-rj', 'authorChannelUrl': 'http://www.youtube.com/channel/UCLU0-Z0EHrxgJJugwYpmmQQ', 'authorChannelId': {'value': 'UCLU0-Z0EHrxgJJugwYpmmQQ'}, 'canRate': True, 'viewerRating': 'none', 'likeCount': 1, 'publishedAt': '2022-10-23T04:45:31Z', 'updatedAt': '2022-10-23T04:45:31Z'}}, 'canReply': True, 'totalReplyCount': 0, 'isPublic': True}",,UCLU0-Z0EHrxgJJugwYpmmQQ,2022-10-23T04:45:31Z,Fácil.escolher...22...,QURTSl9pMlNjR2xlbGxRdVZpUmUtVjZ2OHRFcmdWY1ZhcjF5YmpoNW5CdlpsZERKYlFLWFdkcFJIb1RqdDdDdWRUbXI5dkdNYlkyYTV5WQ==,2023-06-08 15:04:29.388506
youtube#commentThread,nO_ESQjpTJEhRRuzZtlOW3ncpf8,UgzqotyZXa-fR1wTzxR4AaABAg,"{'videoId': 'uuh1ydDwwrQ', 'topLevelComment': {'kind': 'youtube#comment', 'etag': '5ipVJJhP6PKKv8FRgbWAC3Nho5M', 'id': 'UgzqotyZXa-fR1wTzxR4AaABAg', 'snippet': {'videoId': 'uuh1ydDwwrQ', 'textDisplay': 'Esse é o mesmo risco dos Brasileiros com molusco', 'textOriginal': 'Esse é o mesmo risco dos Brasileiros com molusco', 'authorDisplayName': 'Cripto Money', 'authorProfileImageUrl': 'https://yt3.ggpht.com/ytc/AGIKgqOILLT1KuMZYKZyl_G942VjWNyJX3fErTpCb0DdRQ=s48-c-k-c0x00ffffff-no-rj', 'authorChannelUrl': 'http://www.youtube.com/channel/UCbz46vDecJMdn-MidQ3myWg', 'authorChannelId': {'value': 'UCbz46vDecJMdn-MidQ3myWg'}, 'canRate': True, 'viewerRating': 'none', 'likeCount': 0, 'publishedAt': '2022-10-23T04:43:20Z', 'updatedAt': '2022-10-23T04:43:20Z'}}, 'canReply': True, 'totalReplyCount': 0, 'isPublic': True}",,UCbz46vDecJMdn-MidQ3myWg,2022-10-23T04:43:20Z,Esse é o mesmo risco dos Brasileiros com molusco,QURTSl9pMlNjR2xlbGxRdVZpUmUtVjZ2OHRFcmdWY1ZhcjF5YmpoNW5CdlpsZERKYlFLWFdkcFJIb1RqdDdDdWRUbXI5dkdNYlkyYTV5WQ==,2023-06-08 15:04:29.388506
youtube#commentThread,nsE0fYmPQ3SG33BJv4N4_uFHg00,UgzC-orS72PUTmAe2op4AaABAg,"{'videoId': 'uuh1ydDwwrQ', 'topLevelComment': {'kind': 'youtube#comment', 'etag': 'atUTpHUtJd90v8l0oTKYrm5a0VI', 'id': 'UgzC-orS72PUTmAe2op4AaABAg', 'snippet': {'videoId': 'uuh1ydDwwrQ', 'textDisplay': 'Eu nunca vi o professor Marcos Vinícius falar em desfavor da china em nenhum das suas participações em programas de televisão.', 'textOriginal': 'Eu nunca vi o professor Marcos Vinícius falar em desfavor da china em nenhum das suas participações em programas de televisão.', 'authorDisplayName': 'Leitura Política', 'authorProfileImageUrl': 'https://yt3.ggpht.com/BsTolu626fwz9jlPZS4G6vdNNR7Ag_KEbIDlYHEsKTM9muf7Royx_dcxEIoyy3l61Nk2MQr3=s48-c-k-c0x00ffffff-no-rj', 'authorChannelUrl': 'http://www.youtube.com/channel/UCKWf8Ot_OgMtb5iGolcZhjQ', 'authorChannelId': {'value': 'UCKWf8Ot_OgMtb5iGolcZhjQ'}, 'canRate': True, 'viewerRating': 'none', 'likeCount': 29, 'publishedAt': '2022-10-23T04:40:39Z', 'updatedAt': '2022-10-23T04:40:39Z'}}, 'canReply': True, 'totalReplyCount': 0, 'isPublic': True}",,UCKWf8Ot_OgMtb5iGolcZhjQ,2022-10-23T04:40:39Z,Eu nunca vi o professor Marcos Vinícius falar em desfavor da china em nenhum das suas participações em programas de televisão.,QURTSl9pMlNjR2xlbGxRdVZpUmUtVjZ2OHRFcmdWY1ZhcjF5YmpoNW5CdlpsZERKYlFLWFdkcFJIb1RqdDdDdWRUbXI5dkdNYlkyYTV5WQ==,2023-06-08 15:04:29.388506
youtube#commentThread,GsXVujzivap9Dl0C7kvcv7NFpGM,Ugy5vpBYQDUNCOMgUE54AaABAg,"{'videoId': 'uuh1ydDwwrQ', 'topLevelComment': {'kind': 'youtube#comment', 'etag': 'PfN6JujF0YjubEIf5js4Ab4nGwI', 'id': 'Ugy5vpBYQDUNCOMgUE54AaABAg', 'snippet': {'videoId': 'uuh1ydDwwrQ', 'textDisplay': 'Testou positivo para Covid-19.', 'textOriginal': 'Testou positivo para Covid-19.', 'authorDisplayName': 'Fátima Ribeiro', 'authorProfileImageUrl': 'https://yt3.ggpht.com/NFsNkt7lUF17LOimJ31jN4UYgkJw02BT30h4VUqlWf3Rr_FUehAPSxTKAK6cXF0jYea8EX-t=s48-c-k-c0x00ffffff-no-rj', 'authorChannelUrl': 'http://www.youtube.com/channel/UCnxcJVSQmVYHro2vmElAM1g', 'authorChannelId': {'value': 'UCnxcJVSQmVYHro2vmElAM1g'}, 'canRate': True, 'viewerRating': 'none', 'likeCount': 0, 'publishedAt': '2022-10-23T04:31:43Z', 'updatedAt': '2022-10-23T04:31:43Z'}}, 'canReply': True, 'totalReplyCount': 0, 'isPublic': True}",,UCnxcJVSQmVYHro2vmElAM1g,2022-10-23T04:31:43Z,Testou positivo para Covid-19.,QURTSl9pMlNjR2xlbGxRdVZpUmUtVjZ2OHRFcmdWY1ZhcjF5YmpoNW5CdlpsZERKYlFLWFdkcFJIb1RqdDdDdWRUbXI5dkdNYlkyYTV5WQ==,2023-06-08 15:04:29.388506
youtube#commentThread,6TuSfF2WDDiOrymoXJiWnEO6XUM,Ugy_ILk6DgYZeCuSKkF4AaABAg,"{'videoId': 'uuh1ydDwwrQ', 'topLevelComment': {'kind': 'youtube#comment', 'etag': 'ILTYZDYIG9Cozp9FxqhYZR7vz1U', 'id': 'Ugy_ILk6DgYZeCuSKkF4AaABAg', 'snippet': {'videoId': 'uuh1ydDwwrQ', 'textDisplay': 'Pais   sério.<br>Mas comunismo 💩', 'textOriginal': 'Pais   sério.\\nMas comunismo 💩', 'authorDisplayName': 'Celia Louro', 'authorProfileImageUrl': 'https://yt3.ggpht.com/ytc/AGIKgqNt0XnY6CWdmVsNWwFz8hKA3SilR-gVSaycTA=s48-c-k-c0x00ffffff-no-rj', 'authorChannelUrl': 'http://www.youtube.com/channel/UCoJBfr3GOjcOmLzprufLmRg', 'authorChannelId': {'value': 'UCoJBfr3GOjcOmLzprufLmRg'}, 'canRate': True, 'viewerRating': 'none', 'likeCount': 0, 'publishedAt': '2022-10-23T04:27:40Z', 'updatedAt': '2022-10-23T04:27:40Z'}}, 'canReply': True, 'totalReplyCount': 0, 'isPublic': True}",,UCoJBfr3GOjcOmLzprufLmRg,2022-10-23T04:27:40Z,"Pais   sério.
Mas comunismo 💩",QURTSl9pMlNjR2xlbGxRdVZpUmUtVjZ2OHRFcmdWY1ZhcjF5YmpoNW5CdlpsZERKYlFLWFdkcFJIb1RqdDdDdWRUbXI5dkdNYlkyYTV5WQ==,2023-06-08 15:04:29.388506
youtube#commentThread,Aj0dQUX2XJhSjlU2e6B6d7yjq-I,UgwJSbRuG2isx7IEXSV4AaABAg,"{'videoId': 'uuh1ydDwwrQ', 'topLevelComment': {'kind': 'youtube#comment', 'etag': 'BhsqzjqEwutif-8P-P85TOWHsNg', 'id': 'UgwJSbRuG2isx7IEXSV4AaABAg', 'snippet': {'videoId': 'uuh1ydDwwrQ', 'textDisplay': '😱😱😱😱', 'textOriginal': '😱😱😱😱', 'authorDisplayName': 'Monica Maffei', 'authorProfileImageUrl': 'https://yt3.ggpht.com/ytc/AGIKgqOuES7Zyuq3LLJJmzmrTy6OT8w3TTFu9v5_hiuApM8=s48-c-k-c0x00ffffff-no-rj', 'authorChannelUrl': 'http://www.youtube.com/channel/UCTm-h3f2D6ZqdjfQQeNmI4Q', 'authorChannelId': {'value': 'UCTm-h3f2D6ZqdjfQQeNmI4Q'}, 'canRate': True, 'viewerRating': 'none', 'likeCount': 0, 'publishedAt': '2022-10-23T04:23:46Z', 'updatedAt': '2022-10-23T04:23:46Z'}}, 'canReply': True, 'totalReplyCount': 0, 'isPublic': True}",,UCTm-h3f2D6ZqdjfQQeNmI4Q,2022-10-23T04:23:46Z,😱😱😱😱,QURTSl9pMlNjR2xlbGxRdVZpUmUtVjZ2OHRFcmdWY1ZhcjF5YmpoNW5CdlpsZERKYlFLWFdkcFJIb1RqdDdDdWRUbXI5dkdNYlkyYTV5WQ==,2023-06-08 15:04:29.388506
youtube#commentThread,rFAWk5fCIBSpQMpfGAuV8jyPsXQ,UgyRbd2w2Yz0vrRIEYx4AaABAg,"{'videoId': 'uuh1ydDwwrQ', 'topLevelComment': {'kind': 'youtube#comment', 'etag': '1V-Vxq-4xWyfzJfJ4vz3wiEDxvA', 'id': 'UgyRbd2w2Yz0vrRIEYx4AaABAg', 'snippet': {'videoId': 'uuh1ydDwwrQ', 'textDisplay': 'Bolsonaro pode ser convocado pra falar sobre o. Ocorrido na China. 😱', 'textOriginal': 'Bolsonaro pode ser convocado pra falar sobre o. Ocorrido na China. 😱', 'authorDisplayName': 'Cilene Avelina', 'authorProfileImageUrl': 'https://yt3.ggpht.com/ytc/AGIKgqPuaNJUBei-Dr0vAV2iqNGE0RWL9NMkP487SQ=s48-c-k-c0x00ffffff-no-rj', 'authorChannelUrl': 'http://www.youtube.com/channel/UCNI6iJvqmSSp5dWA1H3y9Og', 'authorChannelId': {'value': 'UCNI6iJvqmSSp5dWA1H3y9Og'}, 'canRate': True, 'viewerRating': 'none', 'likeCount': 0, 'publishedAt': '2022-10-23T04:15:16Z', 'updatedAt': '2022-10-23T04:15:16Z'}}, 'canReply': True, 'totalReplyCount': 0, 'isPublic': True}",,UCNI6iJvqmSSp5dWA1H3y9Og,2022-10-23T04:15:16Z,Bolsonaro pode ser convocado pra falar sobre o. Ocorrido na China. 😱,QURTSl9pMlNjR2xlbGxRdVZpUmUtVjZ2OHRFcmdWY1ZhcjF5YmpoNW5CdlpsZERKYlFLWFdkcFJIb1RqdDdDdWRUbXI5dkdNYlkyYTV5WQ==,2023-06-08 15:04:29.388506
youtube#commentThread,lSm0rObxcIXDTApThepkvDFvSCI,Ugw5FP-MeTX21buySmB4AaABAg,"{'videoId': 'uuh1ydDwwrQ', 'topLevelComment': {'kind': 'youtube#comment', 'etag': 'gAXfauKEpBJhpNoNn8EFsy26TB8', 'id': 'Ugw5FP-MeTX21buySmB4AaABAg', 'snippet': {'videoId': 'uuh1ydDwwrQ', 'textDisplay': 'Enviaremos as coroas de flores em qual endereço?', 'textOriginal': 'Enviaremos as coroas de flores em qual endereço?', 'authorDisplayName': 'Jhonattan Silva', 'authorProfileImageUrl': 'https://yt3.ggpht.com/ytc/AGIKgqM-gy081nsF2Ea-pVBiPOde9IYr6S9o6nB-FQ=s48-c-k-c0x00ffffff-no-rj', 'authorChannelUrl': 'http://www.youtube.com/channel/UCNDPviMt-kufajbhBVI87jw', 'authorChannelId': {'value': 'UCNDPviMt-kufajbhBVI87jw'}, 'canRate': True, 'viewerRating': 'none', 'likeCount': 0, 'publishedAt': '2022-10-23T04:13:47Z', 'updatedAt': '2022-10-23T04:13:47Z'}}, 'canReply': True, 'totalReplyCount': 0, 'isPublic': True}",,UCNDPviMt-kufajbhBVI87jw,2022-10-23T04:13:47Z,Enviaremos as coroas de flores em qual endereço?,QURTSl9pMlNjR2xlbGxRdVZpUmUtVjZ2OHRFcmdWY1ZhcjF5YmpoNW5CdlpsZERKYlFLWFdkcFJIb1RqdDdDdWRUbXI5dkdNYlkyYTV5WQ==,2023-06-08 15:04:29.388506
youtube#commentThread,8CRiHue85DChLNHJMQPjzDFbo64,Ugwnt7FN-_y5vndMx6t4AaABAg,"{'videoId': 'uuh1ydDwwrQ', 'topLevelComment': {'kind': 'youtube#comment', 'etag': 'ZSiYbMR9un4y7JmSLel-2a5o8A4', 'id': 'Ugwnt7FN-_y5vndMx6t4AaABAg', 'snippet': {'videoId': 'uuh1ydDwwrQ', 'textDisplay': 'Regime chinês é e terrível!??', 'textOriginal': 'Regime chinês é e terrível!??', 'authorDisplayName': 'Cilene Avelina', 'authorProfileImageUrl': 'https://yt3.ggpht.com/ytc/AGIKgqPuaNJUBei-Dr0vAV2iqNGE0RWL9NMkP487SQ=s48-c-k-c0x00ffffff-no-rj', 'authorChannelUrl': 'http://www.youtube.com/channel/UCNI6iJvqmSSp5dWA1H3y9Og', 'authorChannelId': {'value': 'UCNI6iJvqmSSp5dWA1H3y9Og'}, 'canRate': True, 'viewerRating': 'none', 'likeCount': 0, 'publishedAt': '2022-10-23T04:10:10Z', 'updatedAt': '2022-10-23T04:10:10Z'}}, 'canReply': True, 'totalReplyCount': 0, 'isPublic': True}",,UCNI6iJvqmSSp5dWA1H3y9Og,2022-10-23T04:10:10Z,Regime chinês é e terrível!??,QURTSl9pMlNjR2xlbGxRdVZpUmUtVjZ2OHRFcmdWY1ZhcjF5YmpoNW5CdlpsZERKYlFLWFdkcFJIb1RqdDdDdWRUbXI5dkdNYlkyYTV5WQ==,2023-06-08 15:04:29.388506
youtube#commentThread,HTbzd56yU7JuyjY629BJ7pNci00,UgyAn_2-W7Wexh0CNpp4AaABAg,"{'videoId': 'uuh1ydDwwrQ', 'topLevelComment': {'kind': 'youtube#comment', 'etag': 'hjLRlN6MNNEFLA9hPt9Kqhpm6xA', 'id': 'UgyAn_2-W7Wexh0CNpp4AaABAg', 'snippet': {'videoId': 'uuh1ydDwwrQ', 'textDisplay': 'O cara tá resistindo a saída kkkkk o que não deixou ele bem foi a retirada forçada .', 'textOriginal': 'O cara tá resistindo a saída kkkkk o que não deixou ele bem foi a retirada forçada .', 'authorDisplayName': 'Diana Borges', 'authorProfileImageUrl': 'https://yt3.ggpht.com/ytc/AGIKgqO7NrqjaPKvxZrR6INvqfQfGAjlptNhLlpyAmysC0i2gTxdgvX8yQHpyEMIXshT=s48-c-k-c0x00ffffff-no-rj', 'authorChannelUrl': 'http://www.youtube.com/channel/UCnZX3fmQVK1zLbHEkEzK0-A', 'authorChannelId': {'value': 'UCnZX3fmQVK1zLbHEkEzK0-A'}, 'canRate': True, 'viewerRating': 'none', 'likeCount': 0, 'publishedAt': '2022-10-23T04:08:12Z', 'updatedAt': '2022-10-23T04:08:12Z'}}, 'canReply': True, 'totalReplyCount': 0, 'isPublic': True}",,UCnZX3fmQVK1zLbHEkEzK0-A,2022-10-23T04:08:12Z,O cara tá resistindo a saída kkkkk o que não deixou ele bem foi a retirada forçada .,QURTSl9pMlNjR2xlbGxRdVZpUmUtVjZ2OHRFcmdWY1ZhcjF5YmpoNW5CdlpsZERKYlFLWFdkcFJIb1RqdDdDdWRUbXI5dkdNYlkyYTV5WQ==,2023-06-08 15:04:29.388506
youtube#commentThread,siEOEqfkYatnjfD-rCluMxFlCtY,UgzOiAol9pL5TaxlXCF4AaABAg,"{'videoId': 'uuh1ydDwwrQ', 'topLevelComment': {'kind': 'youtube#comment', 'etag': 'jeQkafVzMCHGGzGK8TUhe01JfGM', 'id': 'UgzOiAol9pL5TaxlXCF4AaABAg', 'snippet': {'videoId': 'uuh1ydDwwrQ', 'textDisplay': 'O que explica é a democracia chinesa.  Kkkkkkkkk', 'textOriginal': 'O que explica é a democracia chinesa.  Kkkkkkkkk', 'authorDisplayName': 'ernani aguiar', 'authorProfileImageUrl': 'https://yt3.ggpht.com/ytc/AGIKgqOXwBZYVMYNnWwT4-MyuHanoucCFywhHSc0jfCJ=s48-c-k-c0x00ffffff-no-rj', 'authorChannelUrl': 'http://www.youtube.com/channel/UCb1qLyUKquzbFnL1nQvVlEQ', 'authorChannelId': {'value': 'UCb1qLyUKquzbFnL1nQvVlEQ'}, 'canRate': True, 'viewerRating': 'none', 'likeCount': 0, 'publishedAt': '2022-10-23T04:02:56Z', 'updatedAt': '2022-10-23T04:02:56Z'}}, 'canReply': True, 'totalReplyCount': 0, 'isPublic': True}",,UCb1qLyUKquzbFnL1nQvVlEQ,2022-10-23T04:02:56Z,O que explica é a democracia chinesa.  Kkkkkkkkk,QURTSl9pMlNjR2xlbGxRdVZpUmUtVjZ2OHRFcmdWY1ZhcjF5YmpoNW5CdlpsZERKYlFLWFdkcFJIb1RqdDdDdWRUbXI5dkdNYlkyYTV5WQ==,2023-06-08 15:04:29.388506
youtube#commentThread,AE6A3WH1wCzG-8_J6TKfscWjFIY,UgyyTsOryjGgI6lRPtF4AaABAg,"{'videoId': 'uuh1ydDwwrQ', 'topLevelComment': {'kind': 'youtube#comment', 'etag': 'jlOo2bkiV9-vVS4t5VOvHEoYcqI', 'id': 'UgyyTsOryjGgI6lRPtF4AaABAg', 'snippet': {'videoId': 'uuh1ydDwwrQ', 'textDisplay': 'Esse é o regime que Alexandre de Morais e seus comparsas estão loucos pra implantar aqui em nosso país.Paga pra ver.', 'textOriginal': 'Esse é o regime que Alexandre de Morais e seus comparsas estão loucos pra implantar aqui em nosso país.Paga pra ver.', 'authorDisplayName': 'waalvmac', 'authorProfileImageUrl': 'https://yt3.ggpht.com/ytc/AGIKgqMZKAHhV7kVi_FmhPQcg9KxL2POVjTxIWdiBg=s48-c-k-c0x00ffffff-no-rj', 'authorChannelUrl': 'http://www.youtube.com/channel/UCBHY4UXpnVobE75PlePPD1w', 'authorChannelId': {'value': 'UCBHY4UXpnVobE75PlePPD1w'}, 'canRate': True, 'viewerRating': 'none', 'likeCount': 0, 'publishedAt': '2022-10-23T03:56:23Z', 'updatedAt': '2022-10-23T03:56:23Z'}}, 'canReply': True, 'totalReplyCount': 0, 'isPublic': True}",,UCBHY4UXpnVobE75PlePPD1w,2022-10-23T03:56:23Z,Esse é o regime que Alexandre de Morais e seus comparsas estão loucos pra implantar aqui em nosso país.Paga pra ver.,QURTSl9pMlNjR2xlbGxRdVZpUmUtVjZ2OHRFcmdWY1ZhcjF5YmpoNW5CdlpsZERKYlFLWFdkcFJIb1RqdDdDdWRUbXI5dkdNYlkyYTV5WQ==,2023-06-08 15:04:29.388506
youtube#commentThread,6U294xBYmnekeNAPYwTOTZY4E3M,UgyjjoM_zqSOpm9zOvd4AaABAg,"{'videoId': 'uuh1ydDwwrQ', 'topLevelComment': {'kind': 'youtube#comment', 'etag': 'OaFLETT_f3GTR6OQt1SegFEUOu4', 'id': 'UgyjjoM_zqSOpm9zOvd4AaABAg', 'snippet': {'videoId': 'uuh1ydDwwrQ', 'textDisplay': 'O lado administrativo da China parece perfeito. O lado negativo são as liberdades individuais e religiosa e a escolha de representantes! Mas é, um país próspero e muito organizado!', 'textOriginal': 'O lado administrativo da China parece perfeito. O lado negativo são as liberdades individuais e religiosa e a escolha de representantes! Mas é, um país próspero e muito organizado!', 'authorDisplayName': 'Saulo Machado Rodrigues', 'authorProfileImageUrl': 'https://yt3.ggpht.com/ytc/AGIKgqOwr_xdRCk_Id9AwmhPqbYtdjjalO_Wft0A5Q=s48-c-k-c0x00ffffff-no-rj', 'authorChannelUrl': 'http://www.youtube.com/channel/UCdnNYE_wveEZaYBWW8Ez6mA', 'authorChannelId': {'value': 'UCdnNYE_wveEZaYBWW8Ez6mA'}, 'canRate': True, 'viewerRating': 'none', 'likeCount': 3, 'publishedAt': '2022-10-23T03:49:54Z', 'updatedAt': '2022-10-23T03:49:54Z'}}, 'canReply': True, 'totalReplyCount': 0, 'isPublic': True}",,UCdnNYE_wveEZaYBWW8Ez6mA,2022-10-23T03:49:54Z,"O lado administrativo da China parece perfeito. O lado negativo são as liberdades individuais e religiosa e a escolha de representantes! Mas é, um país próspero e muito organizado!",QURTSl9pMlNjR2xlbGxRdVZpUmUtVjZ2OHRFcmdWY1ZhcjF5YmpoNW5CdlpsZERKYlFLWFdkcFJIb1RqdDdDdWRUbXI5dkdNYlkyYTV5WQ==,2023-06-08 15:04:29.388506
youtube#commentThread,lQsOCAgw8pgbE5qbpgFtoVzshYc,UgwemK9m8cpmiJdrm4x4AaABAg,"{'videoId': 'uuh1ydDwwrQ', 'topLevelComment': {'kind': 'youtube#comment', 'etag': 'VmIkqoC3enY_wueqACdfW8u0mGQ', 'id': 'UgwemK9m8cpmiJdrm4x4AaABAg', 'snippet': {'videoId': 'uuh1ydDwwrQ', 'textDisplay': 'Todo governo de esquerda da trabalho pra sair do poder ... Aqui no Brasil graças a brigas no passado o exercito criou ranço da esquerda...mas depois de um general que passou pra esquerda percebe-se que o exército é cheio de elos fracos .', 'textOriginal': 'Todo governo de esquerda da trabalho pra sair do poder ... Aqui no Brasil graças a brigas no passado o exercito criou ranço da esquerda...mas depois de um general que passou pra esquerda percebe-se que o exército é cheio de elos fracos .', 'authorDisplayName': 'chapulin azulado', 'authorProfileImageUrl': 'https://yt3.ggpht.com/ytc/AGIKgqOG3djf9Owg_lbW-gfY46aE0csnZE6Yx88xN6mM0g=s48-c-k-c0x00ffffff-no-rj', 'authorChannelUrl': 'http://www.youtube.com/channel/UCDuB5jRqQCkKADwMbsgQBdw', 'authorChannelId': {'value': 'UCDuB5jRqQCkKADwMbsgQBdw'}, 'canRate': True, 'viewerRating': 'none', 'likeCount': 0, 'publishedAt': '2022-10-23T03:48:31Z', 'updatedAt': '2022-10-23T03:48:31Z'}}, 'canReply': True, 'totalReplyCount': 0, 'isPublic': True}",,UCDuB5jRqQCkKADwMbsgQBdw,2022-10-23T03:48:31Z,Todo governo de esquerda da trabalho pra sair do poder ... Aqui no Brasil graças a brigas no passado o exercito criou ranço da esquerda...mas depois de um general que passou pra esquerda percebe-se que o exército é cheio de elos fracos .,QURTSl9pMlNjR2xlbGxRdVZpUmUtVjZ2OHRFcmdWY1ZhcjF5YmpoNW5CdlpsZERKYlFLWFdkcFJIb1RqdDdDdWRUbXI5dkdNYlkyYTV5WQ==,2023-06-08 15:04:29.388506
youtube#commentThread,mIcSFjmFIHEijnQV34UlkglVlBk,UgxTeY3fRFFpreiJTGN4AaABAg,"{'videoId': 'uuh1ydDwwrQ', 'topLevelComment': {'kind': 'youtube#comment', 'etag': 'c2OyAWCHD4EdWuGB_sdplWWXXsY', 'id': 'UgxTeY3fRFFpreiJTGN4AaABAg', 'snippet': {'videoId': 'uuh1ydDwwrQ', 'textDisplay': 'Aucgusto Nunes o Sr. Tem o meu respeito , sempre!', 'textOriginal': 'Aucgusto Nunes o Sr. Tem o meu respeito , sempre!', 'authorDisplayName': 'Tereza R', 'authorProfileImageUrl': 'https://yt3.ggpht.com/ytc/AGIKgqMbgHmAmvSn5QJbkg-IR7eqBrbqlmoGsZbAog=s48-c-k-c0x00ffffff-no-rj', 'authorChannelUrl': 'http://www.youtube.com/channel/UCqqMd9XBcBQc2nRqW0NNn_g', 'authorChannelId': {'value': 'UCqqMd9XBcBQc2nRqW0NNn_g'}, 'canRate': True, 'viewerRating': 'none', 'likeCount': 2, 'publishedAt': '2022-10-23T03:32:14Z', 'updatedAt': '2022-10-23T03:32:14Z'}}, 'canReply': True, 'totalReplyCount': 0, 'isPublic': True}",,UCqqMd9XBcBQc2nRqW0NNn_g,2022-10-23T03:32:14Z,"Aucgusto Nunes o Sr. Tem o meu respeito , sempre!",QURTSl9pMlNjR2xlbGxRdVZpUmUtVjZ2OHRFcmdWY1ZhcjF5YmpoNW5CdlpsZERKYlFLWFdkcFJIb1RqdDdDdWRUbXI5dkdNYlkyYTV5WQ==,2023-06-08 15:04:29.388506
youtube#commentThread,SWJ-Xy8o3nWHO2qsuBJkWIxiHNg,UgyEkPeYovhWN_6zHgx4AaABAg,"{'videoId': 'uuh1ydDwwrQ', 'topLevelComment': {'kind': 'youtube#comment', 'etag': 'uKJzyq5MYNwXZdjrpwYpAFOvcvE', 'id': 'UgyEkPeYovhWN_6zHgx4AaABAg', 'snippet': {'videoId': 'uuh1ydDwwrQ', 'textDisplay': '&quot;Não foi nada ele foi arrastado pq tá doentinho coitado&quot;', 'textOriginal': '""Não foi nada ele foi arrastado pq tá doentinho coitado""', 'authorDisplayName': 'CaraFeia', 'authorProfileImageUrl': 'https://yt3.ggpht.com/1uDnvqXZT5Mblj1f1xLP5ImF2wX9DXRxWWRcI7GD-725XIdBbJvnYOywi4Xu8oy3vnfwK2cEgg=s48-c-k-c0x00ffffff-no-rj', 'authorChannelUrl': 'http://www.youtube.com/channel/UCOY1sdde82P2UMv5Tq7mAUw', 'authorChannelId': {'value': 'UCOY1sdde82P2UMv5Tq7mAUw'}, 'canRate': True, 'viewerRating': 'none', 'likeCount': 3, 'publishedAt': '2022-10-23T03:24:48Z', 'updatedAt': '2022-10-23T03:24:48Z'}}, 'canReply': True, 'totalReplyCount': 0, 'isPublic': True}",,UCOY1sdde82P2UMv5Tq7mAUw,2022-10-23T03:24:48Z,"""Não foi nada ele foi arrastado pq tá doentinho coitado""",QURTSl9pMlNjR2xlbGxRdVZpUmUtVjZ2OHRFcmdWY1ZhcjF5YmpoNW5CdlpsZERKYlFLWFdkcFJIb1RqdDdDdWRUbXI5dkdNYlkyYTV5WQ==,2023-06-08 15:04:29.388506
youtube#commentThread,5aD4qZj_73S0GGM7DGxrrTSBPPs,UgwFxisGmiwFqoVDal54AaABAg,"{'videoId': 'uuh1ydDwwrQ', 'topLevelComment': {'kind': 'youtube#comment', 'etag': '5m77WGlXV2Zz-SlMF3jr7A5MemQ', 'id': 'UgwFxisGmiwFqoVDal54AaABAg', 'snippet': {'videoId': 'uuh1ydDwwrQ', 'textDisplay': 'Maldito comunistas chineses', 'textOriginal': 'Maldito comunistas chineses', 'authorDisplayName': 'Emporio Buques', 'authorProfileImageUrl': 'https://yt3.ggpht.com/ytc/AGIKgqNnFZ6TBGbMF9nFjP3Zgqxa40B1I2nA0E-n2it3jQ=s48-c-k-c0x00ffffff-no-rj', 'authorChannelUrl': 'http://www.youtube.com/channel/UC-A4UemTKw2F0DzWnXs6LBA', 'authorChannelId': {'value': 'UC-A4UemTKw2F0DzWnXs6LBA'}, 'canRate': True, 'viewerRating': 'none', 'likeCount': 0, 'publishedAt': '2022-10-23T03:24:46Z', 'updatedAt': '2022-10-23T03:24:46Z'}}, 'canReply': True, 'totalReplyCount': 0, 'isPublic': True}",,UC-A4UemTKw2F0DzWnXs6LBA,2022-10-23T03:24:46Z,Maldito comunistas chineses,QURTSl9pMlNjR2xlbGxRdVZpUmUtVjZ2OHRFcmdWY1ZhcjF5YmpoNW5CdlpsZERKYlFLWFdkcFJIb1RqdDdDdWRUbXI5dkdNYlkyYTV5WQ==,2023-06-08 15:04:29.388506
youtube#commentThread,yyDbuilVWOIhFgx8sp8ZbacdyaU,Ugy3_m61h3r9ifNs-xN4AaABAg,"{'videoId': 'uuh1ydDwwrQ', 'topLevelComment': {'kind': 'youtube#comment', 'etag': 'wuMhYMChwc9Q6-q9Ir3UquL_180', 'id': 'Ugy3_m61h3r9ifNs-xN4AaABAg', 'snippet': {'videoId': 'uuh1ydDwwrQ', 'textDisplay': 'A idade !', 'textOriginal': 'A idade !', 'authorDisplayName': 'José Dário', 'authorProfileImageUrl': 'https://yt3.ggpht.com/ytc/AGIKgqO3u2Zpv1QBccgEc55T5IiXPu6_MmYKHADxoAOAsJ0XN4IEpeUc3TOQxWRVvNth=s48-c-k-c0x00ffffff-no-rj', 'authorChannelUrl': 'http://www.youtube.com/channel/UCA31Gq2vDV43n07koBjEBoQ', 'authorChannelId': {'value': 'UCA31Gq2vDV43n07koBjEBoQ'}, 'canRate': True, 'viewerRating': 'none', 'likeCount': 0, 'publishedAt': '2022-10-23T03:19:28Z', 'updatedAt': '2022-10-23T03:19:28Z'}}, 'canReply': True, 'totalReplyCount': 0, 'isPublic': True}",,UCA31Gq2vDV43n07koBjEBoQ,2022-10-23T03:19:28Z,A idade !,QURTSl9pMlNjR2xlbGxRdVZpUmUtVjZ2OHRFcmdWY1ZhcjF5YmpoNW5CdlpsZERKYlFLWFdkcFJIb1RqdDdDdWRUbXI5dkdNYlkyYTV5WQ==,2023-06-08 15:04:29.388506
youtube#commentThread,Elj5j1W1s3MLu8m0OwlyF-XrdEo,UgxvWWgF06pEZewQuwJ4AaABAg,"{'videoId': 'uuh1ydDwwrQ', 'topLevelComment': {'kind': 'youtube#comment', 'etag': '5IbNRHYGHGi6n8zoRbQPoJNUyM0', 'id': 'UgxvWWgF06pEZewQuwJ4AaABAg', 'snippet': {'videoId': 'uuh1ydDwwrQ', 'textDisplay': 'Esse &quot;professor&quot; está com o &quot;ku na mão&quot; ! Está óbvio que o ex líder chinês foi retirado à força ! Sem credibilidade !', 'textOriginal': 'Esse ""professor"" está com o ""ku na mão"" ! Está óbvio que o ex líder chinês foi retirado à força ! Sem credibilidade !', 'authorDisplayName': 'Interventor 2022', 'authorProfileImageUrl': 'https://yt3.ggpht.com/OEPLscCl1JnsDYboo6oYNsoHg9UNBPjgA18VUIp2mu-8SbI2fwpBK8UOJ-e2xpBvjksvNCBi=s48-c-k-c0x00ffffff-no-rj', 'authorChannelUrl': 'http://www.youtube.com/channel/UCgeon281Pk4qOTQFvkv3Ueg', 'authorChannelId': {'value': 'UCgeon281Pk4qOTQFvkv3Ueg'}, 'canRate': True, 'viewerRating': 'none', 'likeCount': 0, 'publishedAt': '2022-10-23T03:18:52Z', 'updatedAt': '2022-10-23T03:18:52Z'}}, 'canReply': True, 'totalReplyCount': 0, 'isPublic': True}",,UCgeon281Pk4qOTQFvkv3Ueg,2022-10-23T03:18:52Z,"Esse ""professor"" está com o ""ku na mão"" ! Está óbvio que o ex líder chinês foi retirado à força ! Sem credibilidade !",QURTSl9pMlNjR2xlbGxRdVZpUmUtVjZ2OHRFcmdWY1ZhcjF5YmpoNW5CdlpsZERKYlFLWFdkcFJIb1RqdDdDdWRUbXI5dkdNYlkyYTV5WQ==,2023-06-08 15:04:29.388506
youtube#commentThread,628xIJUohXx4amO16xgRx6imKOA,UgysRFindLUhC4U8Qkp4AaABAg,"{'videoId': 'uuh1ydDwwrQ', 'topLevelComment': {'kind': 'youtube#comment', 'etag': 'a5c4XTP_9CU58KEBknFY-Ly-LNc', 'id': 'UgysRFindLUhC4U8Qkp4AaABAg', 'snippet': {'videoId': 'uuh1ydDwwrQ', 'textDisplay': 'deve tá morto', 'textOriginal': 'deve tá morto', 'authorDisplayName': 'Antonio Silva', 'authorProfileImageUrl': 'https://yt3.ggpht.com/ytc/AGIKgqMwn-wqZw-MKgjkBpsvd-pkCvz9dXtl4_MTFw=s48-c-k-c0x00ffffff-no-rj', 'authorChannelUrl': 'http://www.youtube.com/channel/UC9cMDFmMUQkcc-rEHioLioA', 'authorChannelId': {'value': 'UC9cMDFmMUQkcc-rEHioLioA'}, 'canRate': True, 'viewerRating': 'none', 'likeCount': 0, 'publishedAt': '2022-10-23T03:09:33Z', 'updatedAt': '2022-10-23T03:09:33Z'}}, 'canReply': True, 'totalReplyCount': 0, 'isPublic': True}",,UC9cMDFmMUQkcc-rEHioLioA,2022-10-23T03:09:33Z,deve tá morto,QURTSl9pMlNjR2xlbGxRdVZpUmUtVjZ2OHRFcmdWY1ZhcjF5YmpoNW5CdlpsZERKYlFLWFdkcFJIb1RqdDdDdWRUbXI5dkdNYlkyYTV5WQ==,2023-06-08 15:04:29.388506
youtube#commentThread,wl-dzGYvz1xWHFQGpuL8o5kk-hA,UgxowIes0T91nSAHcux4AaABAg,"{'videoId': 'uuh1ydDwwrQ', 'topLevelComment': {'kind': 'youtube#comment', 'etag': 'eXfUDFk79-5Hc8wUgZzG9FD4XR4', 'id': 'UgxowIes0T91nSAHcux4AaABAg', 'snippet': {'videoId': 'uuh1ydDwwrQ', 'textDisplay': 'O tiozinho foi arrancado a força, só esperaram a imprensa se posicionar.<br>Mais um gesto de força do ditador chinês,mas isso é normal lá.', 'textOriginal': 'O tiozinho foi arrancado a força, só esperaram a imprensa se posicionar.\\nMais um gesto de força do ditador chinês,mas isso é normal lá.', 'authorDisplayName': 'os martins e agregados', 'authorProfileImageUrl': 'https://yt3.ggpht.com/ytc/AGIKgqMSK9pLD5KC6c5SE3agLfdIlHX_aWF72JyvU6SiVdo=s48-c-k-c0x00ffffff-no-rj', 'authorChannelUrl': 'http://www.youtube.com/channel/UC0hP2O_UbZBv0wzth21fezg', 'authorChannelId': {'value': 'UC0hP2O_UbZBv0wzth21fezg'}, 'canRate': True, 'viewerRating': 'none', 'likeCount': 0, 'publishedAt': '2022-10-23T03:08:04Z', 'updatedAt': '2022-10-23T03:08:04Z'}}, 'canReply': True, 'totalReplyCount': 0, 'isPublic': True}",,UC0hP2O_UbZBv0wzth21fezg,2022-10-23T03:08:04Z,"O tiozinho foi arrancado a força, só esperaram a imprensa se posicionar.
Mais um gesto de força do ditador chinês,mas isso é normal lá.",QURTSl9pMlNjR2xlbGxRdVZpUmUtVjZ2OHRFcmdWY1ZhcjF5YmpoNW5CdlpsZERKYlFLWFdkcFJIb1RqdDdDdWRUbXI5dkdNYlkyYTV5WQ==,2023-06-08 15:04:29.388506
youtube#commentThread,1XF8hZTi_E3_KF4NLfSS98kdTls,UgzKEn7M3_ul8pQV5jB4AaABAg,"{'videoId': 'uuh1ydDwwrQ', 'topLevelComment': {'kind': 'youtube#comment', 'etag': 'kWQC3QdeeU20__RvcFvHBgBM8T0', 'id': 'UgzKEn7M3_ul8pQV5jB4AaABAg', 'snippet': {'videoId': 'uuh1ydDwwrQ', 'textDisplay': 'Não deixam o BRASIL CAIR no sistema da CHINA! MULA QUER ISSO PRA NÓS! SOCORRO!! PT quer implantar o comunismo aqui! FORA! VOTEM 22 URGENTE BOLSONARO!! SOS BRASIL', 'textOriginal': 'Não deixam o BRASIL CAIR no sistema da CHINA! MULA QUER ISSO PRA NÓS! SOCORRO!! PT quer implantar o comunismo aqui! FORA! VOTEM 22 URGENTE BOLSONARO!! SOS BRASIL', 'authorDisplayName': 'Rhana Abreu', 'authorProfileImageUrl': 'https://yt3.ggpht.com/ytc/AGIKgqM1pwCnKfBu_mgg4cm26OkzvLnp3xC2bWSN2lusMg=s48-c-k-c0x00ffffff-no-rj', 'authorChannelUrl': 'http://www.youtube.com/channel/UCKaiVzJSTigz2c9NMlmBO3g', 'authorChannelId': {'value': 'UCKaiVzJSTigz2c9NMlmBO3g'}, 'canRate': True, 'viewerRating': 'none', 'likeCount': 0, 'publishedAt': '2022-10-23T03:07:30Z', 'updatedAt': '2022-10-23T03:07:30Z'}}, 'canReply': True, 'totalReplyCount': 0, 'isPublic': True}",,UCKaiVzJSTigz2c9NMlmBO3g,2022-10-23T03:07:30Z,Não deixam o BRASIL CAIR no sistema da CHINA! MULA QUER ISSO PRA NÓS! SOCORRO!! PT quer implantar o comunismo aqui! FORA! VOTEM 22 URGENTE BOLSONARO!! SOS BRASIL,QURTSl9pMlNjR2xlbGxRdVZpUmUtVjZ2OHRFcmdWY1ZhcjF5YmpoNW5CdlpsZERKYlFLWFdkcFJIb1RqdDdDdWRUbXI5dkdNYlkyYTV5WQ==,2023-06-08 15:04:29.388506
youtube#commentThread,DWV8JHPoOnhAbK55V8fRPKJJyyY,Ugz1ZTsW6F05y-ammFx4AaABAg,"{'videoId': 'uuh1ydDwwrQ', 'topLevelComment': {'kind': 'youtube#comment', 'etag': 'LPCCoywjewJR0wwzFo0EpJkYvM0', 'id': 'Ugz1ZTsW6F05y-ammFx4AaABAg', 'snippet': {'videoId': 'uuh1ydDwwrQ', 'textDisplay': 'Regime totalitário cruz credo.!👀<br>Não queremos isso pro nosso país, <br>&quot; Minha bandeira jamais será vermelha&quot; 🇧🇷💚🇧🇷💚', 'textOriginal': 'Regime totalitário cruz credo.!👀\\nNão queremos isso pro nosso país, \\n"" Minha bandeira jamais será vermelha"" 🇧🇷💚🇧🇷💚', 'authorDisplayName': 'Eliete Moreira Veiga', 'authorProfileImageUrl': 'https://yt3.ggpht.com/ytc/AGIKgqOnsN1581wfuQgOkYJDHrT4LK0Sm4INBCgRgg=s48-c-k-c0x00ffffff-no-rj', 'authorChannelUrl': 'http://www.youtube.com/channel/UCuyGMrAfX2KuzZyBfpf3vOg', 'authorChannelId': {'value': 'UCuyGMrAfX2KuzZyBfpf3vOg'}, 'canRate': True, 'viewerRating': 'none', 'likeCount': 0, 'publishedAt': '2022-10-23T03:03:33Z', 'updatedAt': '2022-10-23T03:03:33Z'}}, 'canReply': True, 'totalReplyCount': 0, 'isPublic': True}",,UCuyGMrAfX2KuzZyBfpf3vOg,2022-10-23T03:03:33Z,"Regime totalitário cruz credo.!👀
Não queremos isso pro nosso país, 
"" Minha bandeira jamais será vermelha"" 🇧🇷💚🇧🇷💚",QURTSl9pMlNjR2xlbGxRdVZpUmUtVjZ2OHRFcmdWY1ZhcjF5YmpoNW5CdlpsZERKYlFLWFdkcFJIb1RqdDdDdWRUbXI5dkdNYlkyYTV5WQ==,2023-06-08 15:04:29.388506
youtube#commentThread,AlLZVZyStrIeLykHczkEwvvOq3g,UgyzKF075wZcNZuyoWB4AaABAg,"{'videoId': 'uuh1ydDwwrQ', 'topLevelComment': {'kind': 'youtube#comment', 'etag': 'zUMH7YKigR6eO8mYrEM271blSRQ', 'id': 'UgyzKF075wZcNZuyoWB4AaABAg', 'snippet': {'videoId': 'uuh1ydDwwrQ', 'textDisplay': '<a href=""https://www.youtube.com/watch?v=pBquwhe_UxA"">https://www.youtube.com/watch?v=pBquwhe_UxA</a>', 'textOriginal': 'https://www.youtube.com/watch?v=pBquwhe_UxA', 'authorDisplayName': 'Jose Lin', 'authorProfileImageUrl': 'https://yt3.ggpht.com/ytc/AGIKgqOvSCTMUJYbDdyC_lYBz6H-T4PZjVNAqSbWAg=s48-c-k-c0x00ffffff-no-rj', 'authorChannelUrl': 'http://www.youtube.com/channel/UCH9JUrDfVIWzanhIRQ51zVA', 'authorChannelId': {'value': 'UCH9JUrDfVIWzanhIRQ51zVA'}, 'canRate': True, 'viewerRating': 'none', 'likeCount': 0, 'publishedAt': '2022-10-23T02:55:54Z', 'updatedAt': '2022-10-23T02:55:54Z'}}, 'canReply': True, 'totalReplyCount': 0, 'isPublic': True}",,UCH9JUrDfVIWzanhIRQ51zVA,2022-10-23T02:55:54Z,https://www.youtube.com/watch?v=pBquwhe_UxA,QURTSl9pMlNjR2xlbGxRdVZpUmUtVjZ2OHRFcmdWY1ZhcjF5YmpoNW5CdlpsZERKYlFLWFdkcFJIb1RqdDdDdWRUbXI5dkdNYlkyYTV5WQ==,2023-06-08 15:04:29.388506
youtube#commentThread,JD3wPOr2OdBjqtruA-hCwDiwTgk,UgxriJoPyr8IsR9lA-54AaABAg,"{'videoId': 'uuh1ydDwwrQ', 'topLevelComment': {'kind': 'youtube#comment', 'etag': '8BfmBlwVwKrZYCJQXtCWbMJVSf4', 'id': 'UgxriJoPyr8IsR9lA-54AaABAg', 'snippet': {'videoId': 'uuh1ydDwwrQ', 'textDisplay': 'O diabo 😈 é esquerda', 'textOriginal': 'O diabo 😈 é esquerda', 'authorDisplayName': 'Marinaldo Silva', 'authorProfileImageUrl': 'https://yt3.ggpht.com/ytc/AGIKgqMX2y5XBgIEjRzmQ8xXTE3TrMBJnhpZQLsePSDpoU8kk89Y_NtIWAnNcN0cO1OM=s48-c-k-c0x00ffffff-no-rj', 'authorChannelUrl': 'http://www.youtube.com/channel/UCzrJX8ZhKy7h_XR-SESOm_A', 'authorChannelId': {'value': 'UCzrJX8ZhKy7h_XR-SESOm_A'}, 'canRate': True, 'viewerRating': 'none', 'likeCount': 0, 'publishedAt': '2022-10-23T02:50:55Z', 'updatedAt': '2022-10-23T02:50:55Z'}}, 'canReply': True, 'totalReplyCount': 0, 'isPublic': True}",,UCzrJX8ZhKy7h_XR-SESOm_A,2022-10-23T02:50:55Z,O diabo 😈 é esquerda,QURTSl9pMlNjR2xlbGxRdVZpUmUtVjZ2OHRFcmdWY1ZhcjF5YmpoNW5CdlpsZERKYlFLWFdkcFJIb1RqdDdDdWRUbXI5dkdNYlkyYTV5WQ==,2023-06-08 15:04:29.388506
youtube#commentThread,KDsNa0zC8g0GRgAVSLgErz20B-Y,UgyPHOksW2ZlBAbk-Td4AaABAg,"{'videoId': 'uuh1ydDwwrQ', 'topLevelComment': {'kind': 'youtube#comment', 'etag': 'kTrNUCGvYmraL9V80HCNuaCw_5M', 'id': 'UgyPHOksW2ZlBAbk-Td4AaABAg', 'snippet': {'videoId': 'uuh1ydDwwrQ', 'textDisplay': 'Mesmo???? Essa foi a conclusão de parte da imprensa? Afinal &#39;alguém viu&#39; e deu a versão que todos devem acreditar...  O cara foi retirado praticamente a força!!! Mas, foi apenas preocupação pela saúde dele!!!! Conclusão óbvia! 🤣🤣🤣🤣🤣🤣 Hã, outra, a fala do professor não alinhado: nao pode arriscar nenhuma opinião,  pois o comunicado oficial da &#39;democrata china&#39; não saiu ainda. 🤣🤣🤣🤣🤣  Patéticos! 🤑🤢🤮', 'textOriginal': ""Mesmo???? Essa foi a conclusão de parte da imprensa? Afinal 'alguém viu' e deu a versão que todos devem acreditar...  O cara foi retirado praticamente a força!!! Mas, foi apenas preocupação pela saúde dele!!!! Conclusão óbvia! 🤣🤣🤣🤣🤣🤣 Hã, outra, a fala do professor não alinhado: nao pode arriscar nenhuma opinião,  pois o comunicado oficial da 'democrata china' não saiu ainda. 🤣🤣🤣🤣🤣  Patéticos! 🤑🤢🤮"", 'authorDisplayName': 'Diana Modena', 'authorProfileImageUrl': 'https://yt3.ggpht.com/ytc/AGIKgqOgXplYmYDi93a_-eIaFCZWDmRSnizVNu1AHw=s48-c-k-c0x00ffffff-no-rj', 'authorChannelUrl': 'http://www.youtube.com/channel/UCh3gYu2sBMoXlX80fOnzbPQ', 'authorChannelId': {'value': 'UCh3gYu2sBMoXlX80fOnzbPQ'}, 'canRate': True, 'viewerRating': 'none', 'likeCount': 0, 'publishedAt': '2022-10-23T02:43:06Z', 'updatedAt': '2022-10-23T02:59:41Z'}}, 'canReply': True, 'totalReplyCount': 0, 'isPublic': True}",,UCh3gYu2sBMoXlX80fOnzbPQ,2022-10-23T02:43:06Z,"Mesmo???? Essa foi a conclusão de parte da imprensa? Afinal 'alguém viu' e deu a versão que todos devem acreditar...  O cara foi retirado praticamente a força!!! Mas, foi apenas preocupação pela saúde dele!!!! Conclusão óbvia! 🤣🤣🤣🤣🤣🤣 Hã, outra, a fala do professor não alinhado: nao pode arriscar nenhuma opinião,  pois o comunicado oficial da 'democrata china' não saiu ainda. 🤣🤣🤣🤣🤣  Patéticos! 🤑🤢🤮",QURTSl9pMlNjR2xlbGxRdVZpUmUtVjZ2OHRFcmdWY1ZhcjF5YmpoNW5CdlpsZERKYlFLWFdkcFJIb1RqdDdDdWRUbXI5dkdNYlkyYTV5WQ==,2023-06-08 15:04:29.388506
youtube#commentThread,rd-SWqL2mE7qcny7MeyRNDQt4fY,Ugy7ONxvcJzspI0LrFN4AaABAg,"{'videoId': 'uuh1ydDwwrQ', 'topLevelComment': {'kind': 'youtube#comment', 'etag': 'i20k9BOQ78bwR0lpTJ40KZiXx_o', 'id': 'Ugy7ONxvcJzspI0LrFN4AaABAg', 'snippet': {'videoId': 'uuh1ydDwwrQ', 'textDisplay': 'amanhã eles dão uma desculpa qualquer e mentirosa. Normal isso acontecer na China.😥', 'textOriginal': 'amanhã eles dão uma desculpa qualquer e mentirosa. Normal isso acontecer na China.😥', 'authorDisplayName': 'Daylane Rios', 'authorProfileImageUrl': 'https://yt3.ggpht.com/ytc/AGIKgqPSCcyF4gcUBVbk2O5eub0FoK1BVrSn_d5UQA=s48-c-k-c0x00ffffff-no-rj', 'authorChannelUrl': 'http://www.youtube.com/channel/UC5izlpjZ8ZQPSY7Z3SC8pEA', 'authorChannelId': {'value': 'UC5izlpjZ8ZQPSY7Z3SC8pEA'}, 'canRate': True, 'viewerRating': 'none', 'likeCount': 0, 'publishedAt': '2022-10-23T02:34:40Z', 'updatedAt': '2022-10-23T02:34:40Z'}}, 'canReply': True, 'totalReplyCount': 0, 'isPublic': True}",,UC5izlpjZ8ZQPSY7Z3SC8pEA,2022-10-23T02:34:40Z,amanhã eles dão uma desculpa qualquer e mentirosa. Normal isso acontecer na China.😥,QURTSl9pMlNjR2xlbGxRdVZpUmUtVjZ2OHRFcmdWY1ZhcjF5YmpoNW5CdlpsZERKYlFLWFdkcFJIb1RqdDdDdWRUbXI5dkdNYlkyYTV5WQ==,2023-06-08 15:04:29.388506
youtube#commentThread,qFZ2FgPHEMSyS974yvOplieV8Jk,UgyvzDZVqyzfrtxP-KZ4AaABAg,"{'videoId': 'uuh1ydDwwrQ', 'topLevelComment': {'kind': 'youtube#comment', 'etag': '7ALlmRN87oQRRywgJ0ABRTHXn0E', 'id': 'UgyvzDZVqyzfrtxP-KZ4AaABAg', 'snippet': {'videoId': 'uuh1ydDwwrQ', 'textDisplay': 'A essa hora ele já virou linguiça', 'textOriginal': 'A essa hora ele já virou linguiça', 'authorDisplayName': 'Vitalino Ireno Lopes', 'authorProfileImageUrl': 'https://yt3.ggpht.com/ytc/AGIKgqPKylhqYrX6ZOZIjQ37lLVRGjf3Ab3NkeYwTA=s48-c-k-c0x00ffffff-no-rj', 'authorChannelUrl': 'http://www.youtube.com/channel/UC3BhjEj7UmRCbWWTFGI1h8A', 'authorChannelId': {'value': 'UC3BhjEj7UmRCbWWTFGI1h8A'}, 'canRate': True, 'viewerRating': 'none', 'likeCount': 0, 'publishedAt': '2022-10-23T02:33:13Z', 'updatedAt': '2022-10-23T02:33:13Z'}}, 'canReply': True, 'totalReplyCount': 0, 'isPublic': True}",,UC3BhjEj7UmRCbWWTFGI1h8A,2022-10-23T02:33:13Z,A essa hora ele já virou linguiça,QURTSl9pMlNjR2xlbGxRdVZpUmUtVjZ2OHRFcmdWY1ZhcjF5YmpoNW5CdlpsZERKYlFLWFdkcFJIb1RqdDdDdWRUbXI5dkdNYlkyYTV5WQ==,2023-06-08 15:04:29.388506
youtube#commentThread,Jm2g2Po1AOxevS1Hr5cAIMzuwlo,UgxMNNvuxnrEQsrDNat4AaABAg,"{'videoId': 'uuh1ydDwwrQ', 'topLevelComment': {'kind': 'youtube#comment', 'etag': 'H814x5WgA6hb07Hx7RQF7kOk2-E', 'id': 'UgxMNNvuxnrEQsrDNat4AaABAg', 'snippet': {'videoId': 'uuh1ydDwwrQ', 'textDisplay': 'Esse Professor quer que a gente não acredite nas imagens e sim na narrativa dele!!! O comentário dele é ridículo!!', 'textOriginal': 'Esse Professor quer que a gente não acredite nas imagens e sim na narrativa dele!!! O comentário dele é ridículo!!', 'authorDisplayName': 'Gladys Nalvarte', 'authorProfileImageUrl': 'https://yt3.ggpht.com/ytc/AGIKgqN5D3noDs8LaSQd_7phWkEftcWCJFa3o798Dg=s48-c-k-c0x00ffffff-no-rj', 'authorChannelUrl': 'http://www.youtube.com/channel/UCO3dAq8N0PGn26z6GTLxSow', 'authorChannelId': {'value': 'UCO3dAq8N0PGn26z6GTLxSow'}, 'canRate': True, 'viewerRating': 'none', 'likeCount': 0, 'publishedAt': '2022-10-23T02:32:26Z', 'updatedAt': '2022-10-23T02:32:26Z'}}, 'canReply': True, 'totalReplyCount': 0, 'isPublic': True}",,UCO3dAq8N0PGn26z6GTLxSow,2022-10-23T02:32:26Z,Esse Professor quer que a gente não acredite nas imagens e sim na narrativa dele!!! O comentário dele é ridículo!!,QURTSl9pMlNjR2xlbGxRdVZpUmUtVjZ2OHRFcmdWY1ZhcjF5YmpoNW5CdlpsZERKYlFLWFdkcFJIb1RqdDdDdWRUbXI5dkdNYlkyYTV5WQ==,2023-06-08 15:04:29.388506
youtube#commentThread,SV6FOuZd6dK11rcUV83myL2P2Gk,UgwD5TtpIWSWdcECZJV4AaABAg,"{'videoId': 'uuh1ydDwwrQ', 'topLevelComment': {'kind': 'youtube#comment', 'etag': 'agkoPCvTFeL4Pn6VbBsE044gP9A', 'id': 'UgwD5TtpIWSWdcECZJV4AaABAg', 'snippet': {'videoId': 'uuh1ydDwwrQ', 'textDisplay': 'Na ditadura é, ou obedece ou obedece ✍🏻', 'textOriginal': 'Na ditadura é, ou obedece ou obedece ✍🏻', 'authorDisplayName': 'Varekai121gold Gold', 'authorProfileImageUrl': 'https://yt3.ggpht.com/ytc/AGIKgqPbQkZRn6Pb810ZaMWciGYYmuLWAUoqfGZW6OpwtQ=s48-c-k-c0x00ffffff-no-rj', 'authorChannelUrl': 'http://www.youtube.com/channel/UCx5yV5_8I_fIXPS_tGFjAYw', 'authorChannelId': {'value': 'UCx5yV5_8I_fIXPS_tGFjAYw'}, 'canRate': True, 'viewerRating': 'none', 'likeCount': 0, 'publishedAt': '2022-10-23T02:32:00Z', 'updatedAt': '2022-10-23T02:32:00Z'}}, 'canReply': True, 'totalReplyCount': 0, 'isPublic': True}",,UCx5yV5_8I_fIXPS_tGFjAYw,2022-10-23T02:32:00Z,"Na ditadura é, ou obedece ou obedece ✍🏻",QURTSl9pMlNjR2xlbGxRdVZpUmUtVjZ2OHRFcmdWY1ZhcjF5YmpoNW5CdlpsZERKYlFLWFdkcFJIb1RqdDdDdWRUbXI5dkdNYlkyYTV5WQ==,2023-06-08 15:04:29.388506
youtube#commentThread,pNy3_ihyYh_1j0NebIvDfj-J61I,UgxlYORurhxVEwpurnB4AaABAg,"{'videoId': 'uuh1ydDwwrQ', 'topLevelComment': {'kind': 'youtube#comment', 'etag': 'rPRawfK0RYDpSrtdjUG8ejyaKQc', 'id': 'UgxlYORurhxVEwpurnB4AaABAg', 'snippet': {'videoId': 'uuh1ydDwwrQ', 'textDisplay': '<b>JAIR BOLSONARO, PRESIDENTE DO BRASIL REELEITO 2022!!!</b>', 'textOriginal': '*JAIR BOLSONARO, PRESIDENTE DO BRASIL REELEITO 2022!!!*', 'authorDisplayName': 'Glauber Santos', 'authorProfileImageUrl': 'https://yt3.ggpht.com/ytc/AGIKgqMwaFjGMSZUBd-6Cbt2PkWzwAa_iuwELiyvRA=s48-c-k-c0x00ffffff-no-rj', 'authorChannelUrl': 'http://www.youtube.com/channel/UCL3pCUpebxIfG-eY4qnSsEg', 'authorChannelId': {'value': 'UCL3pCUpebxIfG-eY4qnSsEg'}, 'canRate': True, 'viewerRating': 'none', 'likeCount': 0, 'publishedAt': '2022-10-23T02:31:21Z', 'updatedAt': '2022-10-23T02:31:21Z'}}, 'canReply': True, 'totalReplyCount': 0, 'isPublic': True}",,UCL3pCUpebxIfG-eY4qnSsEg,2022-10-23T02:31:21Z,"*JAIR BOLSONARO, PRESIDENTE DO BRASIL REELEITO 2022!!!*",QURTSl9pMlNjR2xlbGxRdVZpUmUtVjZ2OHRFcmdWY1ZhcjF5YmpoNW5CdlpsZERKYlFLWFdkcFJIb1RqdDdDdWRUbXI5dkdNYlkyYTV5WQ==,2023-06-08 15:04:29.388506
youtube#commentThread,LgOvKAfZxxgMBqgN2lBRiTwxYh4,UgwgJPsiD1_598FsKm94AaABAg,"{'videoId': 'uuh1ydDwwrQ', 'topLevelComment': {'kind': 'youtube#comment', 'etag': 'OK0wjO1qK5KIi0k1mGhJgFILDig', 'id': 'UgwgJPsiD1_598FsKm94AaABAg', 'snippet': {'videoId': 'uuh1ydDwwrQ', 'textDisplay': 'morte na certa é o que espera o Hu Jintao', 'textOriginal': 'morte na certa é o que espera o Hu Jintao', 'authorDisplayName': 'Averdade Estanua', 'authorProfileImageUrl': 'https://yt3.ggpht.com/uzNvJAkcC0hWHy6QHanq0gjjCJ2dgcSN0tYZcce3WCf0xBgkemMWLxbAdzpnB1s51xMiD5Vv4TQ=s48-c-k-c0x00ffffff-no-rj', 'authorChannelUrl': 'http://www.youtube.com/channel/UCAu6z-Q1iGZgr-ZTFMfLYuw', 'authorChannelId': {'value': 'UCAu6z-Q1iGZgr-ZTFMfLYuw'}, 'canRate': True, 'viewerRating': 'none', 'likeCount': 0, 'publishedAt': '2022-10-23T02:22:07Z', 'updatedAt': '2022-10-23T02:22:07Z'}}, 'canReply': True, 'totalReplyCount': 0, 'isPublic': True}",,UCAu6z-Q1iGZgr-ZTFMfLYuw,2022-10-23T02:22:07Z,morte na certa é o que espera o Hu Jintao,QURTSl9pMlNjR2xlbGxRdVZpUmUtVjZ2OHRFcmdWY1ZhcjF5YmpoNW5CdlpsZERKYlFLWFdkcFJIb1RqdDdDdWRUbXI5dkdNYlkyYTV5WQ==,2023-06-08 15:04:29.388506
youtube#commentThread,lg_WD0xrjfvh2O1xPhb0vQdeWl8,UgwvjMMztGWVq3mrPbx4AaABAg,"{'videoId': 'uuh1ydDwwrQ', 'topLevelComment': {'kind': 'youtube#comment', 'etag': 'EzBFA1i945DkrJ42kMxOepzN70A', 'id': 'UgwvjMMztGWVq3mrPbx4AaABAg', 'snippet': {'videoId': 'uuh1ydDwwrQ', 'textDisplay': 'Triste brasileiro que esse senhor Marcus Vinícius de Freitas... Professor ou um autêntico &quot;salaud&quot; !?? Pelo visto e assistido, incrível é essa cena fria e covarde de exfiltração do ex-presidente e &quot;reformador&quot; chinês HU-JINTAO que ele aqui minimiza. Ora, ainda em 2018, para se manter no poder, Xi Jinping conseguiu suprimir da Constitutuição à permissão-limite de dois mandatos. E agora, «para legitimar o seu poder, ele re-escreve a História.» Não sem gravar no mármore que a re-unificação do Taïwan à China será feita, se necessário pela força. Enfim, de evidência, o atual présidente chinês parece não ter juizo. Por muito menos, o seu pai Xi Zhongxun, um general do exército, herói da revolução, um moderado durante a era maoísta que foi purgado em 1962, cumpriu 16 anos de prisão e trabalhou numa fábrica. Mas pelo visto, XI Jinping tudo esqueceu. Personalidade megalomaníaca ambiciona se igualar a Mao Zedong e Deng Xiaoping. Isso sem deter à mínima envergadura intelectual ou visão. Tal qual o triste Lula agora querendo se fazer passar pela re-encarnação do falante, destemido e para todo o sempre desprezível e repugnante Fidel Castro &amp; Cia. Realmente!, que banda de &quot;salauds.&quot; E nem é preciso voltar à Sartre...', 'textOriginal': 'Triste brasileiro que esse senhor Marcus Vinícius de Freitas... Professor ou um autêntico ""salaud"" !?? Pelo visto e assistido, incrível é essa cena fria e covarde de exfiltração do ex-presidente e ""reformador"" chinês HU-JINTAO que ele aqui minimiza. Ora, ainda em 2018, para se manter no poder, Xi Jinping conseguiu suprimir da Constitutuição à permissão-limite de dois mandatos. E agora, «para legitimar o seu poder, ele re-escreve a História.» Não sem gravar no mármore que a re-unificação do Taïwan à China será feita, se necessário pela força. Enfim, de evidência, o atual présidente chinês parece não ter juizo. Por muito menos, o seu pai Xi Zhongxun, um general do exército, herói da revolução, um moderado durante a era maoísta que foi purgado em 1962, cumpriu 16 anos de prisão e trabalhou numa fábrica. Mas pelo visto, XI Jinping tudo esqueceu. Personalidade megalomaníaca ambiciona se igualar a Mao Zedong e Deng Xiaoping. Isso sem deter à mínima envergadura intelectual ou visão. Tal qual o triste Lula agora querendo se fazer passar pela re-encarnação do falante, destemido e para todo o sempre desprezível e repugnante Fidel Castro & Cia. Realmente!, que banda de ""salauds."" E nem é preciso voltar à Sartre...', 'authorDisplayName': 'mary machado-le roux', 'authorProfileImageUrl': 'https://yt3.ggpht.com/ytc/AGIKgqOI6SAUief5PA83OK8u7BTQ32nRPEOaxeC1iQ=s48-c-k-c0x00ffffff-no-rj', 'authorChannelUrl': 'http://www.youtube.com/channel/UCp8MBbx2VoS4seVliMbT1mQ', 'authorChannelId': {'value': 'UCp8MBbx2VoS4seVliMbT1mQ'}, 'canRate': True, 'viewerRating': 'none', 'likeCount': 0, 'publishedAt': '2022-10-23T02:19:57Z', 'updatedAt': '2022-10-23T02:19:57Z'}}, 'canReply': True, 'totalReplyCount': 0, 'isPublic': True}",,UCp8MBbx2VoS4seVliMbT1mQ,2022-10-23T02:19:57Z,"Triste brasileiro que esse senhor Marcus Vinícius de Freitas... Professor ou um autêntico ""salaud"" !?? Pelo visto e assistido, incrível é essa cena fria e covarde de exfiltração do ex-presidente e ""reformador"" chinês HU-JINTAO que ele aqui minimiza. Ora, ainda em 2018, para se manter no poder, Xi Jinping conseguiu suprimir da Constitutuição à permissão-limite de dois mandatos. E agora, «para legitimar o seu poder, ele re-escreve a História.» Não sem gravar no mármore que a re-unificação do Taïwan à China será feita, se necessário pela força. Enfim, de evidência, o atual présidente chinês parece não ter juizo. Por muito menos, o seu pai Xi Zhongxun, um general do exército, herói da revolução, um moderado durante a era maoísta que foi purgado em 1962, cumpriu 16 anos de prisão e trabalhou numa fábrica. Mas pelo visto, XI Jinping tudo esqueceu. Personalidade megalomaníaca ambiciona se igualar a Mao Zedong e Deng Xiaoping. Isso sem deter à mínima envergadura intelectual ou visão. Tal qual o triste Lula agora querendo se fazer passar pela re-encarnação do falante, destemido e para todo o sempre desprezível e repugnante Fidel Castro & Cia. Realmente!, que banda de ""salauds."" E nem é preciso voltar à Sartre...",QURTSl9pMlNjR2xlbGxRdVZpUmUtVjZ2OHRFcmdWY1ZhcjF5YmpoNW5CdlpsZERKYlFLWFdkcFJIb1RqdDdDdWRUbXI5dkdNYlkyYTV5WQ==,2023-06-08 15:04:29.388506
youtube#commentThread,SeVLyZehdiZCvhkHbMHoqu-UiTk,Ugw_NMvqoi3-PgIXGkZ4AaABAg,"{'videoId': 'uuh1ydDwwrQ', 'topLevelComment': {'kind': 'youtube#comment', 'etag': 'XIEdj9QAqYi45-VZ1FpVX619LnA', 'id': 'Ugw_NMvqoi3-PgIXGkZ4AaABAg', 'snippet': {'videoId': 'uuh1ydDwwrQ', 'textDisplay': 'A eles tiram qualquer pessoa que seja considerado oposição.', 'textOriginal': 'A eles tiram qualquer pessoa que seja considerado oposição.', 'authorDisplayName': 'Orgalinda Torres de Almeida', 'authorProfileImageUrl': 'https://yt3.ggpht.com/ytc/AGIKgqMbGK2JdMQ7nD_alC2q3ngHfHiLkUDphZVXqA=s48-c-k-c0x00ffffff-no-rj', 'authorChannelUrl': 'http://www.youtube.com/channel/UCeyScdbz6Nz8f2xIWhHwEPA', 'authorChannelId': {'value': 'UCeyScdbz6Nz8f2xIWhHwEPA'}, 'canRate': True, 'viewerRating': 'none', 'likeCount': 0, 'publishedAt': '2022-10-23T02:13:31Z', 'updatedAt': '2022-10-23T02:13:31Z'}}, 'canReply': True, 'totalReplyCount': 0, 'isPublic': True}",,UCeyScdbz6Nz8f2xIWhHwEPA,2022-10-23T02:13:31Z,A eles tiram qualquer pessoa que seja considerado oposição.,QURTSl9pMlNjR2xlbGxRdVZpUmUtVjZ2OHRFcmdWY1ZhcjF5YmpoNW5CdlpsZERKYlFLWFdkcFJIb1RqdDdDdWRUbXI5dkdNYlkyYTV5WQ==,2023-06-08 15:04:29.388506
youtube#commentThread,tw3SbRT3aFTGCVJEAermDYrkYhI,UgzmBqDhv9cyEYERtcJ4AaABAg,"{'videoId': 'uuh1ydDwwrQ', 'topLevelComment': {'kind': 'youtube#comment', 'etag': 'NcOiWA44I1Sni0y_Y8mucdsFR9k', 'id': 'UgzmBqDhv9cyEYERtcJ4AaABAg', 'snippet': {'videoId': 'uuh1ydDwwrQ', 'textDisplay': 'PAREDON', 'textOriginal': 'PAREDON', 'authorDisplayName': 'Elisabeth Monteiro', 'authorProfileImageUrl': 'https://yt3.ggpht.com/ytc/AGIKgqNE5opA-Aej0PKeRnFf7XEyh13gCgdnhhIKWM8se55ZmBBbblFbyU0ks_aIeIZH=s48-c-k-c0x00ffffff-no-rj', 'authorChannelUrl': 'http://www.youtube.com/channel/UCBT9Sp6y1HDU8x1U1mQulAQ', 'authorChannelId': {'value': 'UCBT9Sp6y1HDU8x1U1mQulAQ'}, 'canRate': True, 'viewerRating': 'none', 'likeCount': 0, 'publishedAt': '2022-10-23T02:13:30Z', 'updatedAt': '2022-10-23T02:13:30Z'}}, 'canReply': True, 'totalReplyCount': 0, 'isPublic': True}",,UCBT9Sp6y1HDU8x1U1mQulAQ,2022-10-23T02:13:30Z,PAREDON,QURTSl9pMlNjR2xlbGxRdVZpUmUtVjZ2OHRFcmdWY1ZhcjF5YmpoNW5CdlpsZERKYlFLWFdkcFJIb1RqdDdDdWRUbXI5dkdNYlkyYTV5WQ==,2023-06-08 15:04:29.388506
youtube#commentThread,aUpq1bbiYIiIeM2muhM7stS92eY,UgxGBbMyhwnGCK_NiXt4AaABAg,"{'videoId': 'uuh1ydDwwrQ', 'topLevelComment': {'kind': 'youtube#comment', 'etag': 'sCdjtTxzjWALy0F5zgHifvxlHws', 'id': 'UgxGBbMyhwnGCK_NiXt4AaABAg', 'snippet': {'videoId': 'uuh1ydDwwrQ', 'textDisplay': '<b>Nada como a informação de uma verdadeira empresa jorna;ística.</b>', 'textOriginal': '*Nada como a informação de uma verdadeira empresa jorna;ística.*', 'authorDisplayName': 'Jose Lisot', 'authorProfileImageUrl': 'https://yt3.ggpht.com/ytc/AGIKgqPGsQvtU6hSgjdi6-T9I1er3kxwsZkHo21FqPcHupE=s48-c-k-c0x00ffffff-no-rj', 'authorChannelUrl': 'http://www.youtube.com/channel/UC6FTlCZOuAV-G85GxcqxrZg', 'authorChannelId': {'value': 'UC6FTlCZOuAV-G85GxcqxrZg'}, 'canRate': True, 'viewerRating': 'none', 'likeCount': 1, 'publishedAt': '2022-10-23T02:05:33Z', 'updatedAt': '2022-10-23T02:05:33Z'}}, 'canReply': True, 'totalReplyCount': 0, 'isPublic': True}",,UC6FTlCZOuAV-G85GxcqxrZg,2022-10-23T02:05:33Z,*Nada como a informação de uma verdadeira empresa jorna;ística.*,QURTSl9pMlNjR2xlbGxRdVZpUmUtVjZ2OHRFcmdWY1ZhcjF5YmpoNW5CdlpsZERKYlFLWFdkcFJIb1RqdDdDdWRUbXI5dkdNYlkyYTV5WQ==,2023-06-08 15:04:29.388506
youtube#commentThread,9AUo6iHmgTbVCfOMvh9ap9KjPB0,UgwBfBSoTwaNaiK3G054AaABAg,"{'videoId': 'uuh1ydDwwrQ', 'topLevelComment': {'kind': 'youtube#comment', 'etag': 'Jb4A9JPbU3ZVet1NdlOQrcgn2Jc', 'id': 'UgwBfBSoTwaNaiK3G054AaABAg', 'snippet': {'videoId': 'uuh1ydDwwrQ', 'textDisplay': 'Isso que o comunista vagabundo lula que trazer pru Brasil', 'textOriginal': 'Isso que o comunista vagabundo lula que trazer pru Brasil', 'authorDisplayName': 'Abraao Alencar', 'authorProfileImageUrl': 'https://yt3.ggpht.com/ytc/AGIKgqNQgnmtDVrX-fxT7SrsdVCvrN8nmn0k6cWtoQ=s48-c-k-c0x00ffffff-no-rj', 'authorChannelUrl': 'http://www.youtube.com/channel/UC9dnqFhx8KnTO2WmRMqSmnQ', 'authorChannelId': {'value': 'UC9dnqFhx8KnTO2WmRMqSmnQ'}, 'canRate': True, 'viewerRating': 'none', 'likeCount': 0, 'publishedAt': '2022-10-23T01:57:20Z', 'updatedAt': '2022-10-23T01:57:20Z'}}, 'canReply': True, 'totalReplyCount': 0, 'isPublic': True}",,UC9dnqFhx8KnTO2WmRMqSmnQ,2022-10-23T01:57:20Z,Isso que o comunista vagabundo lula que trazer pru Brasil,QURTSl9pMlNjR2xlbGxRdVZpUmUtVjZ2OHRFcmdWY1ZhcjF5YmpoNW5CdlpsZERKYlFLWFdkcFJIb1RqdDdDdWRUbXI5dkdNYlkyYTV5WQ==,2023-06-08 15:04:29.388506
youtube#commentThread,ppQ9_b_q1P3jdLYzluBz8vLlSM0,UgzWS1y3qq_7m1E6dN94AaABAg,"{'videoId': 'uuh1ydDwwrQ', 'topLevelComment': {'kind': 'youtube#comment', 'etag': 'mnrojGd669xYEdqhbvh1-DZ_hWs', 'id': 'UgzWS1y3qq_7m1E6dN94AaABAg', 'snippet': {'videoId': 'uuh1ydDwwrQ', 'textDisplay': 'Aham, passou mal depois de receber a pasta', 'textOriginal': 'Aham, passou mal depois de receber a pasta', 'authorDisplayName': 'Esser Brognoli', 'authorProfileImageUrl': 'https://yt3.ggpht.com/ytc/AGIKgqNF5SdmJ057ofIUF7RPgkdWE1ItIVQGtlb5YjcFvQ=s48-c-k-c0x00ffffff-no-rj', 'authorChannelUrl': 'http://www.youtube.com/channel/UC_gkuLMlnx4fd5okzdgLYAQ', 'authorChannelId': {'value': 'UC_gkuLMlnx4fd5okzdgLYAQ'}, 'canRate': True, 'viewerRating': 'none', 'likeCount': 0, 'publishedAt': '2022-10-23T01:56:57Z', 'updatedAt': '2022-10-23T01:56:57Z'}}, 'canReply': True, 'totalReplyCount': 0, 'isPublic': True}",,UC_gkuLMlnx4fd5okzdgLYAQ,2022-10-23T01:56:57Z,"Aham, passou mal depois de receber a pasta",QURTSl9pMlNjR2xlbGxRdVZpUmUtVjZ2OHRFcmdWY1ZhcjF5YmpoNW5CdlpsZERKYlFLWFdkcFJIb1RqdDdDdWRUbXI5dkdNYlkyYTV5WQ==,2023-06-08 15:04:29.388506
youtube#commentThread,0Th71u7ziuKcikgiPppB4acFzyU,UgwX5JfI4xbmomGs5gF4AaABAg,"{'videoId': 'uuh1ydDwwrQ', 'topLevelComment': {'kind': 'youtube#comment', 'etag': 'a0V7U-NsDQcbhGYN0B-lzKpn6iQ', 'id': 'UgwX5JfI4xbmomGs5gF4AaABAg', 'snippet': {'videoId': 'uuh1ydDwwrQ', 'textDisplay': 'Xandão do molusco, bate palmas e pede bis.', 'textOriginal': 'Xandão do molusco, bate palmas e pede bis.', 'authorDisplayName': 'Mário Vasquez', 'authorProfileImageUrl': 'https://yt3.ggpht.com/ytc/AGIKgqN6dgzHVRLGJUdgcKxTJOcE6yPpzHgOkzynLw=s48-c-k-c0x00ffffff-no-rj', 'authorChannelUrl': 'http://www.youtube.com/channel/UCRQlqZNuQvtJx5X6ffUm2dw', 'authorChannelId': {'value': 'UCRQlqZNuQvtJx5X6ffUm2dw'}, 'canRate': True, 'viewerRating': 'none', 'likeCount': 0, 'publishedAt': '2022-10-23T01:52:23Z', 'updatedAt': '2022-10-23T01:52:23Z'}}, 'canReply': True, 'totalReplyCount': 0, 'isPublic': True}",,UCRQlqZNuQvtJx5X6ffUm2dw,2022-10-23T01:52:23Z,"Xandão do molusco, bate palmas e pede bis.",QURTSl9pMlNjR2xlbGxRdVZpUmUtVjZ2OHRFcmdWY1ZhcjF5YmpoNW5CdlpsZERKYlFLWFdkcFJIb1RqdDdDdWRUbXI5dkdNYlkyYTV5WQ==,2023-06-08 15:04:29.388506
youtube#commentThread,kmjpag_EVvDqYFPYkW6A_bqC1QU,UgxDYsnfsRxMPx1uvFZ4AaABAg,"{'videoId': 'uuh1ydDwwrQ', 'topLevelComment': {'kind': 'youtube#comment', 'etag': '2eTkSELEjXJDil8P8sOvTgwe2Xw', 'id': 'UgxDYsnfsRxMPx1uvFZ4AaABAg', 'snippet': {'videoId': 'uuh1ydDwwrQ', 'textDisplay': 'Esperar o que da China comunista comentários vazios.', 'textOriginal': 'Esperar o que da China comunista comentários vazios.', 'authorDisplayName': 'Eduardo Brandão', 'authorProfileImageUrl': 'https://yt3.ggpht.com/ytc/AGIKgqPx2HU_tePOXjAwWdc529-RDvAAVKaIXy5Seg=s48-c-k-c0x00ffffff-no-rj', 'authorChannelUrl': 'http://www.youtube.com/channel/UCppRQH91CHH37ooV_Pu7TGg', 'authorChannelId': {'value': 'UCppRQH91CHH37ooV_Pu7TGg'}, 'canRate': True, 'viewerRating': 'none', 'likeCount': 0, 'publishedAt': '2022-10-23T01:52:20Z', 'updatedAt': '2022-10-23T01:52:20Z'}}, 'canReply': True, 'totalReplyCount': 0, 'isPublic': True}",,UCppRQH91CHH37ooV_Pu7TGg,2022-10-23T01:52:20Z,Esperar o que da China comunista comentários vazios.,QURTSl9pMlNjR2xlbGxRdVZpUmUtVjZ2OHRFcmdWY1ZhcjF5YmpoNW5CdlpsZERKYlFLWFdkcFJIb1RqdDdDdWRUbXI5dkdNYlkyYTV5WQ==,2023-06-08 15:04:29.388506
youtube#commentThread,r9mqRT6GFdAsy-WbzXVNqpM-YRo,Ugxb81pdhUy2PYsFJu94AaABAg,"{'videoId': 'uuh1ydDwwrQ', 'topLevelComment': {'kind': 'youtube#comment', 'etag': 'yitpi5-qVTM34gi2IjszAcx-51g', 'id': 'Ugxb81pdhUy2PYsFJu94AaABAg', 'snippet': {'videoId': 'uuh1ydDwwrQ', 'textDisplay': 'Tudo fantoche do Partido Comunista Chinês!', 'textOriginal': 'Tudo fantoche do Partido Comunista Chinês!', 'authorDisplayName': 'Marcos Batista', 'authorProfileImageUrl': 'https://yt3.ggpht.com/ytc/AGIKgqMOQQ69KSaMmypBpSTeKWzdZtUunEiltVbum4IYiA=s48-c-k-c0x00ffffff-no-rj', 'authorChannelUrl': 'http://www.youtube.com/channel/UC0UVmCKPd58wX13ipJCfNUQ', 'authorChannelId': {'value': 'UC0UVmCKPd58wX13ipJCfNUQ'}, 'canRate': True, 'viewerRating': 'none', 'likeCount': 0, 'publishedAt': '2022-10-23T01:51:39Z', 'updatedAt': '2022-10-23T01:51:39Z'}}, 'canReply': True, 'totalReplyCount': 0, 'isPublic': True}",,UC0UVmCKPd58wX13ipJCfNUQ,2022-10-23T01:51:39Z,Tudo fantoche do Partido Comunista Chinês!,QURTSl9pMlNjR2xlbGxRdVZpUmUtVjZ2OHRFcmdWY1ZhcjF5YmpoNW5CdlpsZERKYlFLWFdkcFJIb1RqdDdDdWRUbXI5dkdNYlkyYTV5WQ==,2023-06-08 15:04:29.388506
youtube#commentThread,f_-ZGAIkXxa_KurEKI3Yq8eZYWU,UgzLikRA9Uv96ZdVijx4AaABAg,"{'videoId': 'uuh1ydDwwrQ', 'topLevelComment': {'kind': 'youtube#comment', 'etag': '5JqtQG7RIpkmgMf71HXm3Mc4_pc', 'id': 'UgzLikRA9Uv96ZdVijx4AaABAg', 'snippet': {'videoId': 'uuh1ydDwwrQ', 'textDisplay': 'ABAIXO A DITADURA DO PARTIDO COMUNISTA CHINÊS! VIVA O POVO CHINÊS! VIVA A LIBERDADE DE EXPRESSÃO!!!!', 'textOriginal': 'ABAIXO A DITADURA DO PARTIDO COMUNISTA CHINÊS! VIVA O POVO CHINÊS! VIVA A LIBERDADE DE EXPRESSÃO!!!!', 'authorDisplayName': 'Marcos Batista', 'authorProfileImageUrl': 'https://yt3.ggpht.com/ytc/AGIKgqMOQQ69KSaMmypBpSTeKWzdZtUunEiltVbum4IYiA=s48-c-k-c0x00ffffff-no-rj', 'authorChannelUrl': 'http://www.youtube.com/channel/UC0UVmCKPd58wX13ipJCfNUQ', 'authorChannelId': {'value': 'UC0UVmCKPd58wX13ipJCfNUQ'}, 'canRate': True, 'viewerRating': 'none', 'likeCount': 0, 'publishedAt': '2022-10-23T01:50:37Z', 'updatedAt': '2022-10-23T01:50:37Z'}}, 'canReply': True, 'totalReplyCount': 0, 'isPublic': True}",,UC0UVmCKPd58wX13ipJCfNUQ,2022-10-23T01:50:37Z,ABAIXO A DITADURA DO PARTIDO COMUNISTA CHINÊS! VIVA O POVO CHINÊS! VIVA A LIBERDADE DE EXPRESSÃO!!!!,QURTSl9pMlNjR2xlbGxRdVZpUmUtVjZ2OHRFcmdWY1ZhcjF5YmpoNW5CdlpsZERKYlFLWFdkcFJIb1RqdDdDdWRUbXI5dkdNYlkyYTV5WQ==,2023-06-08 15:04:29.388506
youtube#commentThread,EjBbOC8DGEo3CcfarMKXbxubHD0,UgxESOpltlNSPrpfynV4AaABAg,"{'videoId': 'uuh1ydDwwrQ', 'topLevelComment': {'kind': 'youtube#comment', 'etag': 'zyPUA7FdszEBIvfniNifFSfEz8Y', 'id': 'UgxESOpltlNSPrpfynV4AaABAg', 'snippet': {'videoId': 'uuh1ydDwwrQ', 'textDisplay': 'Explica que todos os membros do congresso comunista temem levantar a voz e se pronunciar contra qualquer atitude do sistema comunista', 'textOriginal': 'Explica que todos os membros do congresso comunista temem levantar a voz e se pronunciar contra qualquer atitude do sistema comunista', 'authorDisplayName': 'Antonio Carlos', 'authorProfileImageUrl': 'https://yt3.ggpht.com/ytc/AGIKgqMr1jr_1hJ2WK-7xz0TXWeu9SrryTCcP3nBGQ=s48-c-k-c0x00ffffff-no-rj', 'authorChannelUrl': 'http://www.youtube.com/channel/UCxgucl3wWoKHCyxRcfWb5Tg', 'authorChannelId': {'value': 'UCxgucl3wWoKHCyxRcfWb5Tg'}, 'canRate': True, 'viewerRating': 'none', 'likeCount': 0, 'publishedAt': '2022-10-23T01:49:23Z', 'updatedAt': '2022-10-23T01:49:23Z'}}, 'canReply': True, 'totalReplyCount': 0, 'isPublic': True}",,UCxgucl3wWoKHCyxRcfWb5Tg,2022-10-23T01:49:23Z,Explica que todos os membros do congresso comunista temem levantar a voz e se pronunciar contra qualquer atitude do sistema comunista,QURTSl9pMlNjR2xlbGxRdVZpUmUtVjZ2OHRFcmdWY1ZhcjF5YmpoNW5CdlpsZERKYlFLWFdkcFJIb1RqdDdDdWRUbXI5dkdNYlkyYTV5WQ==,2023-06-08 15:04:29.388506
youtube#commentThread,u2tWaLsFbt752Cd28bLp-j0FRQI,UgwrzV1r3GivALf1u894AaABAg,"{'videoId': 'uuh1ydDwwrQ', 'topLevelComment': {'kind': 'youtube#comment', 'etag': 'jMe0LgZE-2A-fTinRrCHMofcjsI', 'id': 'UgwrzV1r3GivALf1u894AaABAg', 'snippet': {'videoId': 'uuh1ydDwwrQ', 'textDisplay': 'mal súbito? o cara sumiu das redes sociais depois dessa', 'textOriginal': 'mal súbito? o cara sumiu das redes sociais depois dessa', 'authorDisplayName': 'Sandro', 'authorProfileImageUrl': 'https://yt3.ggpht.com/ytc/AGIKgqP7vt-gWYohRKLJrtMrkGhV8kvESk2wohaSTnLiXA=s48-c-k-c0x00ffffff-no-rj', 'authorChannelUrl': 'http://www.youtube.com/channel/UCOQouK3huoE76KKRS5VEWVg', 'authorChannelId': {'value': 'UCOQouK3huoE76KKRS5VEWVg'}, 'canRate': True, 'viewerRating': 'none', 'likeCount': 0, 'publishedAt': '2022-10-23T01:47:17Z', 'updatedAt': '2022-10-23T01:47:17Z'}}, 'canReply': True, 'totalReplyCount': 0, 'isPublic': True}",,UCOQouK3huoE76KKRS5VEWVg,2022-10-23T01:47:17Z,mal súbito? o cara sumiu das redes sociais depois dessa,QURTSl9pMlNjR2xlbGxRdVZpUmUtVjZ2OHRFcmdWY1ZhcjF5YmpoNW5CdlpsZERKYlFLWFdkcFJIb1RqdDdDdWRUbXI5dkdNYlkyYTV5WQ==,2023-06-08 15:04:29.388506
youtube#commentThread,f3t_iYDH0p1GJdviNceK74V6XiU,UgzHzCAEZ9v2vix4zQJ4AaABAg,"{'videoId': 'uuh1ydDwwrQ', 'topLevelComment': {'kind': 'youtube#comment', 'etag': 'Rb4s60qRiMO6gTts-2FiSmtRPWE', 'id': 'UgzHzCAEZ9v2vix4zQJ4AaABAg', 'snippet': {'videoId': 'uuh1ydDwwrQ', 'textDisplay': 'Esse &quot;especialista&quot; acha que somos trouxas? É muito cara de pau.', 'textOriginal': 'Esse ""especialista"" acha que somos trouxas? É muito cara de pau.', 'authorDisplayName': 'João Roberto Vargas', 'authorProfileImageUrl': 'https://yt3.ggpht.com/ytc/AGIKgqNSNYAHZDKk1pqfCeVsJ3-l8ovDGX9VIhQyXIHTqg=s48-c-k-c0x00ffffff-no-rj', 'authorChannelUrl': 'http://www.youtube.com/channel/UC4iNR1YrCq-5y0ql7vMaQlA', 'authorChannelId': {'value': 'UC4iNR1YrCq-5y0ql7vMaQlA'}, 'canRate': True, 'viewerRating': 'none', 'likeCount': 0, 'publishedAt': '2022-10-23T01:40:47Z', 'updatedAt': '2022-10-23T01:40:47Z'}}, 'canReply': True, 'totalReplyCount': 0, 'isPublic': True}",,UC4iNR1YrCq-5y0ql7vMaQlA,2022-10-23T01:40:47Z,"Esse ""especialista"" acha que somos trouxas? É muito cara de pau.",QURTSl9pMlNjR2xlbGxRdVZpUmUtVjZ2OHRFcmdWY1ZhcjF5YmpoNW5CdlpsZERKYlFLWFdkcFJIb1RqdDdDdWRUbXI5dkdNYlkyYTV5WQ==,2023-06-08 15:04:29.388506
youtube#commentThread,kB7T9APaSXjTdm8MVzJhWznybgc,UgyoLtsEPlYIw0_1rfl4AaABAg,"{'videoId': 'uuh1ydDwwrQ', 'topLevelComment': {'kind': 'youtube#comment', 'etag': 'tMBqLWAgdqp1155FYSpRqFe1OQQ', 'id': 'UgyoLtsEPlYIw0_1rfl4AaABAg', 'snippet': {'videoId': 'uuh1ydDwwrQ', 'textDisplay': 'Está é a esquerda do mundo kkkkk logo estaremos assim com a esquerda do mal no Brasil', 'textOriginal': 'Está é a esquerda do mundo kkkkk logo estaremos assim com a esquerda do mal no Brasil', 'authorDisplayName': 'leús Hiwes', 'authorProfileImageUrl': 'https://yt3.ggpht.com/ytc/AGIKgqPyMe-nol7h58Bvyh9sGcMOt9UOvgpVN8OtKXqV=s48-c-k-c0x00ffffff-no-rj', 'authorChannelUrl': 'http://www.youtube.com/channel/UCCuJ080Uvg1voeNqxVfou_w', 'authorChannelId': {'value': 'UCCuJ080Uvg1voeNqxVfou_w'}, 'canRate': True, 'viewerRating': 'none', 'likeCount': 0, 'publishedAt': '2022-10-23T01:34:46Z', 'updatedAt': '2022-10-23T01:34:46Z'}}, 'canReply': True, 'totalReplyCount': 0, 'isPublic': True}",,UCCuJ080Uvg1voeNqxVfou_w,2022-10-23T01:34:46Z,Está é a esquerda do mundo kkkkk logo estaremos assim com a esquerda do mal no Brasil,QURTSl9pMlNjR2xlbGxRdVZpUmUtVjZ2OHRFcmdWY1ZhcjF5YmpoNW5CdlpsZERKYlFLWFdkcFJIb1RqdDdDdWRUbXI5dkdNYlkyYTV5WQ==,2023-06-08 15:04:29.388506
youtube#commentThread,1Ec5jLWj3g_PdyMc6RIszz_RpuE,Ugxr26X3yfOdGpmiond4AaABAg,"{'videoId': 'uuh1ydDwwrQ', 'topLevelComment': {'kind': 'youtube#comment', 'etag': 'x3599cbDxE3QnA947kZQEhBaCd4', 'id': 'Ugxr26X3yfOdGpmiond4AaABAg', 'snippet': {'videoId': 'uuh1ydDwwrQ', 'textDisplay': 'Asneira subida, sim…né, professor!!!', 'textOriginal': 'Asneira subida, sim…né, professor!!!', 'authorDisplayName': 'Luís Becker', 'authorProfileImageUrl': 'https://yt3.ggpht.com/ruXg4jPAEyJq98Y9EuM3kn8W6EgjXg595G_pkaHKDepzbiJQAIFGHZ8XAENhNndJHtkYdII9iJI=s48-c-k-c0x00ffffff-no-rj', 'authorChannelUrl': 'http://www.youtube.com/channel/UCt0-RmJ1h2XDnPOdaEf3ytQ', 'authorChannelId': {'value': 'UCt0-RmJ1h2XDnPOdaEf3ytQ'}, 'canRate': True, 'viewerRating': 'none', 'likeCount': 0, 'publishedAt': '2022-10-23T01:31:26Z', 'updatedAt': '2022-10-23T01:31:26Z'}}, 'canReply': True, 'totalReplyCount': 0, 'isPublic': True}",,UCt0-RmJ1h2XDnPOdaEf3ytQ,2022-10-23T01:31:26Z,"Asneira subida, sim…né, professor!!!",QURTSl9pMlNjR2xlbGxRdVZpUmUtVjZ2OHRFcmdWY1ZhcjF5YmpoNW5CdlpsZERKYlFLWFdkcFJIb1RqdDdDdWRUbXI5dkdNYlkyYTV5WQ==,2023-06-08 15:04:29.388506
youtube#commentThread,cpZeW-yE8skYJNWoNatFAd4M7ZA,Ugxf7eknXUuZQ0yqBX14AaABAg,"{'videoId': 'uuh1ydDwwrQ', 'topLevelComment': {'kind': 'youtube#comment', 'etag': 'j4VpbR0NULQn5D31JXhK8vacGeA', 'id': 'Ugxf7eknXUuZQ0yqBX14AaABAg', 'snippet': {'videoId': 'uuh1ydDwwrQ', 'textDisplay': 'O cara &quot;passou mal&quot; e foi arrastado pelos seguranças e os demais participantes sequer viraram o pescoço para olhar. Esse professor é vermelhinho!!', 'textOriginal': 'O cara ""passou mal"" e foi arrastado pelos seguranças e os demais participantes sequer viraram o pescoço para olhar. Esse professor é vermelhinho!!', 'authorDisplayName': 'Flavio Braga', 'authorProfileImageUrl': 'https://yt3.ggpht.com/ytc/AGIKgqOh30Ga7HzLEbq0Vy7SgLQsR6Mjh_TP1TUGpPFILCc=s48-c-k-c0x00ffffff-no-rj', 'authorChannelUrl': 'http://www.youtube.com/channel/UCLRNtE4FzsOSfHesk3E3e4g', 'authorChannelId': {'value': 'UCLRNtE4FzsOSfHesk3E3e4g'}, 'canRate': True, 'viewerRating': 'none', 'likeCount': 1, 'publishedAt': '2022-10-23T01:31:15Z', 'updatedAt': '2022-10-23T01:31:15Z'}}, 'canReply': True, 'totalReplyCount': 0, 'isPublic': True}",,UCLRNtE4FzsOSfHesk3E3e4g,2022-10-23T01:31:15Z,"O cara ""passou mal"" e foi arrastado pelos seguranças e os demais participantes sequer viraram o pescoço para olhar. Esse professor é vermelhinho!!",QURTSl9pMlNjR2xlbGxRdVZpUmUtVjZ2OHRFcmdWY1ZhcjF5YmpoNW5CdlpsZERKYlFLWFdkcFJIb1RqdDdDdWRUbXI5dkdNYlkyYTV5WQ==,2023-06-08 15:04:29.388506
youtube#commentThread,90pfEBVJwDLnoGbNZHjVUR4bRq8,UgxfpaXrn5BPi9e9NEZ4AaABAg,"{'videoId': 'uuh1ydDwwrQ', 'topLevelComment': {'kind': 'youtube#comment', 'etag': '4Le5nNOnlff6_xiHhtCgQljrm2A', 'id': 'UgxfpaXrn5BPi9e9NEZ4AaABAg', 'snippet': {'videoId': 'uuh1ydDwwrQ', 'textDisplay': 'Esse cara vive passando pano pra essa ditadura sanguinária...  deve levar um qualquer', 'textOriginal': 'Esse cara vive passando pano pra essa ditadura sanguinária...  deve levar um qualquer', 'authorDisplayName': 'Walter Jr', 'authorProfileImageUrl': 'https://yt3.ggpht.com/ytc/AGIKgqOmPYnLG5zGDPUSNhfs4bzYNMnz60__DzJfQMjy-g=s48-c-k-c0x00ffffff-no-rj', 'authorChannelUrl': 'http://www.youtube.com/channel/UCsb29V2k3_d36C8yxE0hBeg', 'authorChannelId': {'value': 'UCsb29V2k3_d36C8yxE0hBeg'}, 'canRate': True, 'viewerRating': 'none', 'likeCount': 0, 'publishedAt': '2022-10-23T01:27:00Z', 'updatedAt': '2022-10-23T01:27:00Z'}}, 'canReply': True, 'totalReplyCount': 0, 'isPublic': True}",,UCsb29V2k3_d36C8yxE0hBeg,2022-10-23T01:27:00Z,Esse cara vive passando pano pra essa ditadura sanguinária...  deve levar um qualquer,QURTSl9pMlNjR2xlbGxRdVZpUmUtVjZ2OHRFcmdWY1ZhcjF5YmpoNW5CdlpsZERKYlFLWFdkcFJIb1RqdDdDdWRUbXI5dkdNYlkyYTV5WQ==,2023-06-08 15:04:29.388506
youtube#commentThread,nf9wzgl2ieK2qsMSmiVJyqHAsXs,UgxWYKEYIcHYA44zxlV4AaABAg,"{'videoId': 'uuh1ydDwwrQ', 'topLevelComment': {'kind': 'youtube#comment', 'etag': 'xmgEKuIaakj6N-RYXFwpIe8X3Ec', 'id': 'UgxWYKEYIcHYA44zxlV4AaABAg', 'snippet': {'videoId': 'uuh1ydDwwrQ', 'textDisplay': 'A BBC é uma comunista mentirosa kk', 'textOriginal': 'A BBC é uma comunista mentirosa kk', 'authorDisplayName': 'Smaug', 'authorProfileImageUrl': 'https://yt3.ggpht.com/7RE46-eS-ZKL0EtSYR5cEnnyhLOFvfB7iDiE0QNoME7rkOj8NvwZNDq5VeCXzyFe1Y1LZEpQDw=s48-c-k-c0x00ffffff-no-rj', 'authorChannelUrl': 'http://www.youtube.com/channel/UCDNtCw0K9V5192_TQ9BeT-g', 'authorChannelId': {'value': 'UCDNtCw0K9V5192_TQ9BeT-g'}, 'canRate': True, 'viewerRating': 'none', 'likeCount': 0, 'publishedAt': '2022-10-23T01:26:23Z', 'updatedAt': '2022-10-23T01:26:23Z'}}, 'canReply': True, 'totalReplyCount': 0, 'isPublic': True}",,UCDNtCw0K9V5192_TQ9BeT-g,2022-10-23T01:26:23Z,A BBC é uma comunista mentirosa kk,QURTSl9pMlNjR2xlbGxRdVZpUmUtVjZ2OHRFcmdWY1ZhcjF5YmpoNW5CdlpsZERKYlFLWFdkcFJIb1RqdDdDdWRUbXI5dkdNYlkyYTV5WQ==,2023-06-08 15:04:29.388506
youtube#commentThread,SD3RVkRISvCG-0uYi3SL5iQnzQk,UgzWuETJklJmKrIvCsh4AaABAg,"{'videoId': 'uuh1ydDwwrQ', 'topLevelComment': {'kind': 'youtube#comment', 'etag': 'XU9A2dk5krZFvLwSb0jKn4bQDDI', 'id': 'UgzWuETJklJmKrIvCsh4AaABAg', 'snippet': {'videoId': 'uuh1ydDwwrQ', 'textDisplay': 'E a cara do ditador da china de deboche, isso mostra mais ou menos como é o comunismo, ainda mais quando entra alguém igual ao Alexandre de Moraes lá na China !', 'textOriginal': 'E a cara do ditador da china de deboche, isso mostra mais ou menos como é o comunismo, ainda mais quando entra alguém igual ao Alexandre de Moraes lá na China !', 'authorDisplayName': 'Smaug', 'authorProfileImageUrl': 'https://yt3.ggpht.com/7RE46-eS-ZKL0EtSYR5cEnnyhLOFvfB7iDiE0QNoME7rkOj8NvwZNDq5VeCXzyFe1Y1LZEpQDw=s48-c-k-c0x00ffffff-no-rj', 'authorChannelUrl': 'http://www.youtube.com/channel/UCDNtCw0K9V5192_TQ9BeT-g', 'authorChannelId': {'value': 'UCDNtCw0K9V5192_TQ9BeT-g'}, 'canRate': True, 'viewerRating': 'none', 'likeCount': 0, 'publishedAt': '2022-10-23T01:24:46Z', 'updatedAt': '2022-10-23T01:24:46Z'}}, 'canReply': True, 'totalReplyCount': 0, 'isPublic': True}",,UCDNtCw0K9V5192_TQ9BeT-g,2022-10-23T01:24:46Z,"E a cara do ditador da china de deboche, isso mostra mais ou menos como é o comunismo, ainda mais quando entra alguém igual ao Alexandre de Moraes lá na China !",QURTSl9pMlNjR2xlbGxRdVZpUmUtVjZ2OHRFcmdWY1ZhcjF5YmpoNW5CdlpsZERKYlFLWFdkcFJIb1RqdDdDdWRUbXI5dkdNYlkyYTV5WQ==,2023-06-08 15:04:29.388506
youtube#commentThread,Vd6OtLj5LOCD7OaiqVwc-nXVR2U,UgwrMMhS5tGhAoMQpG94AaABAg,"{'videoId': 'uuh1ydDwwrQ', 'topLevelComment': {'kind': 'youtube#comment', 'etag': 'aTVT3fV3n9NNuxRtdrp5KR3x-aM', 'id': 'UgwrMMhS5tGhAoMQpG94AaABAg', 'snippet': {'videoId': 'uuh1ydDwwrQ', 'textDisplay': 'Uma hora dessa já está  &quot; intelectualmente&quot;  m0rt0.', 'textOriginal': 'Uma hora dessa já está  "" intelectualmente""  m0rt0.', 'authorDisplayName': 'Rudinei do Conto', 'authorProfileImageUrl': 'https://yt3.ggpht.com/ytc/AGIKgqPI0gNZbG3_QurZyL8IY-Ozmeowyuwy-Yln7Dqf4g=s48-c-k-c0x00ffffff-no-rj', 'authorChannelUrl': 'http://www.youtube.com/channel/UCDJikP8S6Jwt6TrDqy24UTg', 'authorChannelId': {'value': 'UCDJikP8S6Jwt6TrDqy24UTg'}, 'canRate': True, 'viewerRating': 'none', 'likeCount': 0, 'publishedAt': '2022-10-23T01:23:23Z', 'updatedAt': '2022-10-23T01:23:23Z'}}, 'canReply': True, 'totalReplyCount': 0, 'isPublic': True}",,UCDJikP8S6Jwt6TrDqy24UTg,2022-10-23T01:23:23Z,"Uma hora dessa já está  "" intelectualmente""  m0rt0.",QURTSl9pMlNjR2xlbGxRdVZpUmUtVjZ2OHRFcmdWY1ZhcjF5YmpoNW5CdlpsZERKYlFLWFdkcFJIb1RqdDdDdWRUbXI5dkdNYlkyYTV5WQ==,2023-06-08 15:04:29.388506
youtube#commentThread,0XmNI4JGbgV8LfSoXEb-c7VCqnY,Ugygbz3Lf7uA8f5lSKR4AaABAg,"{'videoId': 'uuh1ydDwwrQ', 'topLevelComment': {'kind': 'youtube#comment', 'etag': 'TiaulVG9jhPblqEUIANI0-2NB-M', 'id': 'Ugygbz3Lf7uA8f5lSKR4AaABAg', 'snippet': {'videoId': 'uuh1ydDwwrQ', 'textDisplay': 'Ditadura', 'textOriginal': 'Ditadura', 'authorDisplayName': 'Roberto Onimaru', 'authorProfileImageUrl': 'https://yt3.ggpht.com/ytc/AGIKgqOYyrgqXSCqYO5sxlNqfVtdlHhlkwNQKyPMvA=s48-c-k-c0x00ffffff-no-rj', 'authorChannelUrl': 'http://www.youtube.com/channel/UC_j2GJLUbVniqdbAWWbqFvg', 'authorChannelId': {'value': 'UC_j2GJLUbVniqdbAWWbqFvg'}, 'canRate': True, 'viewerRating': 'none', 'likeCount': 0, 'publishedAt': '2022-10-23T01:14:59Z', 'updatedAt': '2022-10-23T01:14:59Z'}}, 'canReply': True, 'totalReplyCount': 0, 'isPublic': True}",,UC_j2GJLUbVniqdbAWWbqFvg,2022-10-23T01:14:59Z,Ditadura,QURTSl9pMlNjR2xlbGxRdVZpUmUtVjZ2OHRFcmdWY1ZhcjF5YmpoNW5CdlpsZERKYlFLWFdkcFJIb1RqdDdDdWRUbXI5dkdNYlkyYTV5WQ==,2023-06-08 15:04:29.388506
youtube#commentThread,cnfO7EF8TTFCnYiLbnlV1JJLC_E,Ugyn5NIJDbVSiZtOKEN4AaABAg,"{'videoId': 'uuh1ydDwwrQ', 'topLevelComment': {'kind': 'youtube#comment', 'etag': 'ZKzb8DgYeYnTGRR-F8oKrsAW1fw', 'id': 'Ugyn5NIJDbVSiZtOKEN4AaABAg', 'snippet': {'videoId': 'uuh1ydDwwrQ', 'textDisplay': 'Mal súbito?kkkesses jornalistas. Escondem o sol com a peneira na maior cara de pau.', 'textOriginal': 'Mal súbito?kkkesses jornalistas. Escondem o sol com a peneira na maior cara de pau.', 'authorDisplayName': 'm 1', 'authorProfileImageUrl': 'https://yt3.ggpht.com/ytc/AGIKgqOSdVpxMhYHpO6Nnn_W5P6vh3jxyo019tCnwg=s48-c-k-c0x00ffffff-no-rj', 'authorChannelUrl': 'http://www.youtube.com/channel/UCoLHXny08kRAWHjlfUNUh9Q', 'authorChannelId': {'value': 'UCoLHXny08kRAWHjlfUNUh9Q'}, 'canRate': True, 'viewerRating': 'none', 'likeCount': 0, 'publishedAt': '2022-10-23T01:13:35Z', 'updatedAt': '2022-10-23T01:13:35Z'}}, 'canReply': True, 'totalReplyCount': 0, 'isPublic': True}",,UCoLHXny08kRAWHjlfUNUh9Q,2022-10-23T01:13:35Z,Mal súbito?kkkesses jornalistas. Escondem o sol com a peneira na maior cara de pau.,QURTSl9pMlNjR2xlbGxRdVZpUmUtVjZ2OHRFcmdWY1ZhcjF5YmpoNW5CdlpsZERKYlFLWFdkcFJIb1RqdDdDdWRUbXI5dkdNYlkyYTV5WQ==,2023-06-08 15:04:29.388506
youtube#commentThread,_LHk8EckBHJLXL5v_L9ZHOAM8D4,UgyPM2D_8-APsZ-8jr14AaABAg,"{'videoId': 'uuh1ydDwwrQ', 'topLevelComment': {'kind': 'youtube#comment', 'etag': '9bHjdj-VkXa5e01byrioZLvm8ws', 'id': 'UgyPM2D_8-APsZ-8jr14AaABAg', 'snippet': {'videoId': 'uuh1ydDwwrQ', 'textDisplay': 'Ahammmm.... &quot;Passou mal&quot;', 'textOriginal': 'Ahammmm.... ""Passou mal""', 'authorDisplayName': 'Giovani Baggio', 'authorProfileImageUrl': 'https://yt3.ggpht.com/ytc/AGIKgqOLxGFtce05_-Cm9QI2KxG6DNWLrzqvuteDtA=s48-c-k-c0x00ffffff-no-rj', 'authorChannelUrl': 'http://www.youtube.com/channel/UCtJp_ZsmrfcmE5JtHum9SwQ', 'authorChannelId': {'value': 'UCtJp_ZsmrfcmE5JtHum9SwQ'}, 'canRate': True, 'viewerRating': 'none', 'likeCount': 0, 'publishedAt': '2022-10-23T01:12:34Z', 'updatedAt': '2022-10-23T01:12:34Z'}}, 'canReply': True, 'totalReplyCount': 0, 'isPublic': True}",,UCtJp_ZsmrfcmE5JtHum9SwQ,2022-10-23T01:12:34Z,"Ahammmm.... ""Passou mal""",QURTSl9pMlNjR2xlbGxRdVZpUmUtVjZ2OHRFcmdWY1ZhcjF5YmpoNW5CdlpsZERKYlFLWFdkcFJIb1RqdDdDdWRUbXI5dkdNYlkyYTV5WQ==,2023-06-08 15:04:29.388506
youtube#commentThread,eRP2467fFMLTjPQoX1NNoUwG65g,UgydfQ79VnL2E8H2cxJ4AaABAg,"{'videoId': 'uuh1ydDwwrQ', 'topLevelComment': {'kind': 'youtube#comment', 'etag': 'KLELo59dCc9c_9mhe5ymMrsDeZ4', 'id': 'UgydfQ79VnL2E8H2cxJ4AaABAg', 'snippet': {'videoId': 'uuh1ydDwwrQ', 'textDisplay': 'moraes pedira explicações a bolsonaro22', 'textOriginal': 'moraes pedira explicações a bolsonaro22', 'authorDisplayName': 'Jair Rocha', 'authorProfileImageUrl': 'https://yt3.ggpht.com/ytc/AGIKgqMOY0RBa4-ucGAfM6hZGHqmjukcR2N1OGQYNt0row=s48-c-k-c0x00ffffff-no-rj', 'authorChannelUrl': 'http://www.youtube.com/channel/UCnCTveJjK8fHXK2RDJIRyuA', 'authorChannelId': {'value': 'UCnCTveJjK8fHXK2RDJIRyuA'}, 'canRate': True, 'viewerRating': 'none', 'likeCount': 0, 'publishedAt': '2022-10-23T01:12:20Z', 'updatedAt': '2022-10-23T01:14:30Z'}}, 'canReply': True, 'totalReplyCount': 0, 'isPublic': True}",,UCnCTveJjK8fHXK2RDJIRyuA,2022-10-23T01:12:20Z,moraes pedira explicações a bolsonaro22,QURTSl9pMlNjR2xlbGxRdVZpUmUtVjZ2OHRFcmdWY1ZhcjF5YmpoNW5CdlpsZERKYlFLWFdkcFJIb1RqdDdDdWRUbXI5dkdNYlkyYTV5WQ==,2023-06-08 15:04:29.388506
youtube#commentThread,WXlkI5L_D_HmaqnqaIKwb83S_XE,Ugzk78kAPmFzo_l7ayZ4AaABAg,"{'videoId': 'uuh1ydDwwrQ', 'topLevelComment': {'kind': 'youtube#comment', 'etag': 'FfXfwmmm2ZJ9E5J9EHu_A-shuN8', 'id': 'Ugzk78kAPmFzo_l7ayZ4AaABAg', 'snippet': {'videoId': 'uuh1ydDwwrQ', 'textDisplay': 'O POLÍTICO ESTAVA SENTADO JUNTO COM O LADRÃO DO LULA 🤔🤔🤔', 'textOriginal': 'O POLÍTICO ESTAVA SENTADO JUNTO COM O LADRÃO DO LULA 🤔🤔🤔', 'authorDisplayName': 'Paulo Henrique', 'authorProfileImageUrl': 'https://yt3.ggpht.com/ytc/AGIKgqO_hG4ryye0PbdI_q79iSuA-1PqFInJM-JkHA=s48-c-k-c0x00ffffff-no-rj', 'authorChannelUrl': 'http://www.youtube.com/channel/UCrzdbQ7Wx1KC6M8Co4nQ8Rw', 'authorChannelId': {'value': 'UCrzdbQ7Wx1KC6M8Co4nQ8Rw'}, 'canRate': True, 'viewerRating': 'none', 'likeCount': 0, 'publishedAt': '2022-10-23T01:11:53Z', 'updatedAt': '2022-10-23T01:11:53Z'}}, 'canReply': True, 'totalReplyCount': 0, 'isPublic': True}",,UCrzdbQ7Wx1KC6M8Co4nQ8Rw,2022-10-23T01:11:53Z,O POLÍTICO ESTAVA SENTADO JUNTO COM O LADRÃO DO LULA 🤔🤔🤔,QURTSl9pMlNjR2xlbGxRdVZpUmUtVjZ2OHRFcmdWY1ZhcjF5YmpoNW5CdlpsZERKYlFLWFdkcFJIb1RqdDdDdWRUbXI5dkdNYlkyYTV5WQ==,2023-06-08 15:04:29.388506
youtube#commentThread,wgyn9YaORdRHPS_HutOjxXq0YFk,UgzVMjpp6V6-YYGBWoF4AaABAg,"{'videoId': 'uuh1ydDwwrQ', 'topLevelComment': {'kind': 'youtube#comment', 'etag': 'Z3KCVeGkEAnYitekR-i8NS1rSCg', 'id': 'UgzVMjpp6V6-YYGBWoF4AaABAg', 'snippet': {'videoId': 'uuh1ydDwwrQ', 'textDisplay': 'É msm nossa vdd!!!????<br>Vamos ter uma grande entrevista para explicar porque uma pessoa que não se sente bem (saúde)ser retirado sem uma maca, aha esqueci Vamos ter uma explicação do partido COMUNISTA Chinês com toda sua democracia que essa pessoa não estava bem.', 'textOriginal': 'É msm nossa vdd!!!????\\nVamos ter uma grande entrevista para explicar porque uma pessoa que não se sente bem (saúde)ser retirado sem uma maca, aha esqueci Vamos ter uma explicação do partido COMUNISTA Chinês com toda sua democracia que essa pessoa não estava bem.', 'authorDisplayName': 'glaucio dos santos', 'authorProfileImageUrl': 'https://yt3.ggpht.com/ytc/AGIKgqMd0TDG8vd3duxqnJuZAjq0V3uHzvAExs398g=s48-c-k-c0x00ffffff-no-rj', 'authorChannelUrl': 'http://www.youtube.com/channel/UCTrxdgJ2lN7WdKjPiysaBDw', 'authorChannelId': {'value': 'UCTrxdgJ2lN7WdKjPiysaBDw'}, 'canRate': True, 'viewerRating': 'none', 'likeCount': 0, 'publishedAt': '2022-10-23T01:07:21Z', 'updatedAt': '2022-10-23T01:07:21Z'}}, 'canReply': True, 'totalReplyCount': 0, 'isPublic': True}",,UCTrxdgJ2lN7WdKjPiysaBDw,2022-10-23T01:07:21Z,"É msm nossa vdd!!!????
Vamos ter uma grande entrevista para explicar porque uma pessoa que não se sente bem (saúde)ser retirado sem uma maca, aha esqueci Vamos ter uma explicação do partido COMUNISTA Chinês com toda sua democracia que essa pessoa não estava bem.",QURTSl9pMlNjR2xlbGxRdVZpUmUtVjZ2OHRFcmdWY1ZhcjF5YmpoNW5CdlpsZERKYlFLWFdkcFJIb1RqdDdDdWRUbXI5dkdNYlkyYTV5WQ==,2023-06-08 15:04:29.388506
youtube#commentThread,pDK5gqNXi0-YZgu-3a1Oof8Nqg8,UgyLL21KmEHOrJQdroR4AaABAg,"{'videoId': 'uuh1ydDwwrQ', 'topLevelComment': {'kind': 'youtube#comment', 'etag': '1EqcQ-4j8DKOPfX3QW9wlL9kUSk', 'id': 'UgyLL21KmEHOrJQdroR4AaABAg', 'snippet': {'videoId': 'uuh1ydDwwrQ', 'textDisplay': 'Não sei porque perder tempo em perguntar para um professor que atua na universidade da China. Só se for loko pra contrariar o ching ling kkkkk', 'textOriginal': 'Não sei porque perder tempo em perguntar para um professor que atua na universidade da China. Só se for loko pra contrariar o ching ling kkkkk', 'authorDisplayName': 'MÁRCI', 'authorProfileImageUrl': 'https://yt3.ggpht.com/KKVMjKVbvqI5VjEBuqsGQGR4ddnVte5Rn1TOlnwTR_cyi6Vo-AiAa348mrGswMecy9vzJhYI=s48-c-k-c0x00ffffff-no-rj', 'authorChannelUrl': 'http://www.youtube.com/channel/UCJ_n-nY-qK22SQARbbLmuFQ', 'authorChannelId': {'value': 'UCJ_n-nY-qK22SQARbbLmuFQ'}, 'canRate': True, 'viewerRating': 'none', 'likeCount': 0, 'publishedAt': '2022-10-23T01:06:39Z', 'updatedAt': '2022-10-23T01:06:39Z'}}, 'canReply': True, 'totalReplyCount': 0, 'isPublic': True}",,UCJ_n-nY-qK22SQARbbLmuFQ,2022-10-23T01:06:39Z,Não sei porque perder tempo em perguntar para um professor que atua na universidade da China. Só se for loko pra contrariar o ching ling kkkkk,QURTSl9pMlNjR2xlbGxRdVZpUmUtVjZ2OHRFcmdWY1ZhcjF5YmpoNW5CdlpsZERKYlFLWFdkcFJIb1RqdDdDdWRUbXI5dkdNYlkyYTV5WQ==,2023-06-08 15:04:29.388506
youtube#commentThread,mrsVeV6s14YvXoJShYWQlY1kvyM,Ugw6XU8H2RjBTEHi8P54AaABAg,"{'videoId': 'uuh1ydDwwrQ', 'topLevelComment': {'kind': 'youtube#comment', 'etag': 'a985zNzn6LdQL28AoJJyuyXw-kg', 'id': 'Ugw6XU8H2RjBTEHi8P54AaABAg', 'snippet': {'videoId': 'uuh1ydDwwrQ', 'textDisplay': 'Com certeza o hu gin tao  não concadou com mais um mandato de 5 anos do xi Jin ping que foi o primeiro a ficar tanto tempo  o poder   o próprio mão Tse Tung não queria que  o dirigente no poder  por muito tempo como o xi', 'textOriginal': 'Com certeza o hu gin tao  não concadou com mais um mandato de 5 anos do xi Jin ping que foi o primeiro a ficar tanto tempo  o poder   o próprio mão Tse Tung não queria que  o dirigente no poder  por muito tempo como o xi', 'authorDisplayName': 'Elifas Araujo', 'authorProfileImageUrl': 'https://yt3.ggpht.com/ytc/AGIKgqOz4M_JzuUAud2SbRYsOyclKT42HPpS_gOqEQ=s48-c-k-c0x00ffffff-no-rj', 'authorChannelUrl': 'http://www.youtube.com/channel/UCt4lOCfglMEopv35V9adQKA', 'authorChannelId': {'value': 'UCt4lOCfglMEopv35V9adQKA'}, 'canRate': True, 'viewerRating': 'none', 'likeCount': 0, 'publishedAt': '2022-10-23T01:03:59Z', 'updatedAt': '2022-10-23T01:03:59Z'}}, 'canReply': True, 'totalReplyCount': 0, 'isPublic': True}",,UCt4lOCfglMEopv35V9adQKA,2022-10-23T01:03:59Z,Com certeza o hu gin tao  não concadou com mais um mandato de 5 anos do xi Jin ping que foi o primeiro a ficar tanto tempo  o poder   o próprio mão Tse Tung não queria que  o dirigente no poder  por muito tempo como o xi,QURTSl9pMlNjR2xlbGxRdVZpUmUtVjZ2OHRFcmdWY1ZhcjF5YmpoNW5CdlpsZERKYlFLWFdkcFJIb1RqdDdDdWRUbXI5dkdNYlkyYTV5WQ==,2023-06-08 15:04:29.388506
youtube#commentThread,Zbyg6XkUTnYn9NfvJxX-XONRF58,UgxWiGWjCqrLnKu1kB14AaABAg,"{'videoId': 'uuh1ydDwwrQ', 'topLevelComment': {'kind': 'youtube#comment', 'etag': 'yDsmzGCjL1LbL6z_IhkmfOoLF1g', 'id': 'UgxWiGWjCqrLnKu1kB14AaABAg', 'snippet': {'videoId': 'uuh1ydDwwrQ', 'textDisplay': 'Pode ver q já mandou matar ele', 'textOriginal': 'Pode ver q já mandou matar ele', 'authorDisplayName': 'simone aquino', 'authorProfileImageUrl': 'https://yt3.ggpht.com/ytc/AGIKgqPlRJKZjmkEls7QWrjq-JvmZsY9YtJt10ukb_D7=s48-c-k-c0x00ffffff-no-rj', 'authorChannelUrl': 'http://www.youtube.com/channel/UCZG0UmWPxJQNsr_Rz8swUNA', 'authorChannelId': {'value': 'UCZG0UmWPxJQNsr_Rz8swUNA'}, 'canRate': True, 'viewerRating': 'none', 'likeCount': 0, 'publishedAt': '2022-10-23T01:00:55Z', 'updatedAt': '2022-10-23T01:00:55Z'}}, 'canReply': True, 'totalReplyCount': 0, 'isPublic': True}",,UCZG0UmWPxJQNsr_Rz8swUNA,2022-10-23T01:00:55Z,Pode ver q já mandou matar ele,QURTSl9pMlNjR2xlbGxRdVZpUmUtVjZ2OHRFcmdWY1ZhcjF5YmpoNW5CdlpsZERKYlFLWFdkcFJIb1RqdDdDdWRUbXI5dkdNYlkyYTV5WQ==,2023-06-08 15:04:29.388506
youtube#commentThread,O7kZe-HetGH1RXFLS9pdgcbtQOE,UgyhrurNHrejfmZ0PCZ4AaABAg,"{'videoId': 'uuh1ydDwwrQ', 'topLevelComment': {'kind': 'youtube#comment', 'etag': 'i7JWYTcNzszNVN6qD6KzUtaRUus', 'id': 'UgyhrurNHrejfmZ0PCZ4AaABAg', 'snippet': {'videoId': 'uuh1ydDwwrQ', 'textDisplay': 'Resistam, persistam e não desistam. Vocês  fazem parte dos guerreiros que não se dobraram perante o sistema.', 'textOriginal': 'Resistam, persistam e não desistam. Vocês  fazem parte dos guerreiros que não se dobraram perante o sistema.', 'authorDisplayName': 'Edimar Matheus Gomes', 'authorProfileImageUrl': 'https://yt3.ggpht.com/ytc/AGIKgqMorRiwK7OozliJCuy0Uv_KGNoYGkA4ftJ5scQuc7N10FGCEbKbBj81JYYQrYUk=s48-c-k-c0x00ffffff-no-rj', 'authorChannelUrl': 'http://www.youtube.com/channel/UC7385HkVGdzT6ittqTEoh1g', 'authorChannelId': {'value': 'UC7385HkVGdzT6ittqTEoh1g'}, 'canRate': True, 'viewerRating': 'none', 'likeCount': 34, 'publishedAt': '2022-10-23T00:58:20Z', 'updatedAt': '2022-10-23T00:58:20Z'}}, 'canReply': True, 'totalReplyCount': 1, 'isPublic': True}","{'comments': [{'kind': 'youtube#comment', 'etag': 'fXLR_ZNICVv9mZeXt6BqB2w4eDk', 'id': 'UgyhrurNHrejfmZ0PCZ4AaABAg.9hVsEZeVZF49haSQT_C-Ew', 'snippet': {'videoId': 'uuh1ydDwwrQ', 'textDisplay': 'Sistema do Demiurgo YAHWEH, os arcontes judeus nas sombras', 'textOriginal': 'Sistema do Demiurgo YAHWEH, os arcontes judeus nas sombras', 'parentId': 'UgyhrurNHrejfmZ0PCZ4AaABAg', 'authorDisplayName': '𝗔 𝗠𝗢𝗥𝗧𝗘 𝗗𝗘 𝗬𝗔𝗛𝗪𝗘𝗛 𝗗𝗘𝗠𝗜𝗨𝗥𝗚𝗢𝗦', 'authorProfileImageUrl': 'https://yt3.ggpht.com/CXLdSOu2MjUhWNKtP4R6pkFZ3msHsXGOU4TplMzK5uAKTRA-_h-vJzam0infbJItDDXcH6IFFQ=s48-c-k-c0x00ffffff-no-rj', 'authorChannelUrl': 'http://www.youtube.com/channel/UCIjGcLaglEs6xZ0YvWUvfgw', 'authorChannelId': {'value': 'UCIjGcLaglEs6xZ0YvWUvfgw'}, 'canRate': True, 'viewerRating': 'none', 'likeCount': 1, 'publishedAt': '2022-10-25T04:59:28Z', 'updatedAt': '2022-10-25T04:59:28Z'}}]}",UC7385HkVGdzT6ittqTEoh1g,2022-10-23T00:58:20Z,"Resistam, persistam e não desistam. Vocês  fazem parte dos guerreiros que não se dobraram perante o sistema.",QURTSl9pMlNjR2xlbGxRdVZpUmUtVjZ2OHRFcmdWY1ZhcjF5YmpoNW5CdlpsZERKYlFLWFdkcFJIb1RqdDdDdWRUbXI5dkdNYlkyYTV5WQ==,2023-06-08 15:04:29.388506
youtube#commentThread,ypTgzyyQEM7x-rwJtcOcawf7JFs,UgwajxROXfzhhUk9kTJ4AaABAg,"{'videoId': 'uuh1ydDwwrQ', 'topLevelComment': {'kind': 'youtube#comment', 'etag': 'JIAruVQ74oY8x9jM3YCZPfNeafQ', 'id': 'UgwajxROXfzhhUk9kTJ4AaABAg', 'snippet': {'videoId': 'uuh1ydDwwrQ', 'textDisplay': 'A China não tem presidente, tem ditadores.', 'textOriginal': 'A China não tem presidente, tem ditadores.', 'authorDisplayName': 'Scissors Knives Sp.', 'authorProfileImageUrl': 'https://yt3.ggpht.com/ytc/AGIKgqNKBZV5N0Zwc7Kc3gd-2_sCx-yB-YirljEDet5H0g=s48-c-k-c0x00ffffff-no-rj', 'authorChannelUrl': 'http://www.youtube.com/channel/UCI6SjUJAcRUbIWSdIbLJ0Wg', 'authorChannelId': {'value': 'UCI6SjUJAcRUbIWSdIbLJ0Wg'}, 'canRate': True, 'viewerRating': 'none', 'likeCount': 0, 'publishedAt': '2022-10-23T00:57:33Z', 'updatedAt': '2022-10-23T00:57:33Z'}}, 'canReply': True, 'totalReplyCount': 0, 'isPublic': True}",,UCI6SjUJAcRUbIWSdIbLJ0Wg,2022-10-23T00:57:33Z,"A China não tem presidente, tem ditadores.",QURTSl9pMlNjR2xlbGxRdVZpUmUtVjZ2OHRFcmdWY1ZhcjF5YmpoNW5CdlpsZERKYlFLWFdkcFJIb1RqdDdDdWRUbXI5dkdNYlkyYTV5WQ==,2023-06-08 15:04:29.388506
youtube#commentThread,x12YkxqIa7kgqyezR0Frb0X44fU,UgybtY310lKwO_7P2ER4AaABAg,"{'videoId': 'uuh1ydDwwrQ', 'topLevelComment': {'kind': 'youtube#comment', 'etag': 's-UxRt2Yw3Ke4Z8St00Cocmt2rQ', 'id': 'UgybtY310lKwO_7P2ER4AaABAg', 'snippet': {'videoId': 'uuh1ydDwwrQ', 'textDisplay': 'Hu Jintao é contra o terceiro mandato do Xi Jiping, para mostrar poder e intimidar o resto do PC Chines, o ursinho poof mandou retirar ele da assembleia', 'textOriginal': 'Hu Jintao é contra o terceiro mandato do Xi Jiping, para mostrar poder e intimidar o resto do PC Chines, o ursinho poof mandou retirar ele da assembleia', 'authorDisplayName': 'Lucas Macedo', 'authorProfileImageUrl': 'https://yt3.ggpht.com/ytc/AGIKgqMLf5-TJZo_Qdh7RrTXyTJuOKWF8TJBXc7RLCZF=s48-c-k-c0x00ffffff-no-rj', 'authorChannelUrl': 'http://www.youtube.com/channel/UCWJI_ETk6HK1pMzfaCaYEWQ', 'authorChannelId': {'value': 'UCWJI_ETk6HK1pMzfaCaYEWQ'}, 'canRate': True, 'viewerRating': 'none', 'likeCount': 1, 'publishedAt': '2022-10-23T00:48:23Z', 'updatedAt': '2022-10-23T00:49:00Z'}}, 'canReply': True, 'totalReplyCount': 0, 'isPublic': True}",,UCWJI_ETk6HK1pMzfaCaYEWQ,2022-10-23T00:48:23Z,"Hu Jintao é contra o terceiro mandato do Xi Jiping, para mostrar poder e intimidar o resto do PC Chines, o ursinho poof mandou retirar ele da assembleia",QURTSl9pMlNjR2xlbGxRdVZpUmUtVjZ2OHRFcmdWY1ZhcjF5YmpoNW5CdlpsZERKYlFLWFdkcFJIb1RqdDdDdWRUbXI5dkdNYlkyYTV5WQ==,2023-06-08 15:04:29.388506
youtube#commentThread,egcyKbrlnQzdyUPXxLjpxaR_xKc,UgweT3lS7Ujc4tRUenJ4AaABAg,"{'videoId': 'uuh1ydDwwrQ', 'topLevelComment': {'kind': 'youtube#comment', 'etag': 'w2_AZZATTT_svGIfMbLoigPhh7M', 'id': 'UgweT3lS7Ujc4tRUenJ4AaABAg', 'snippet': {'videoId': 'uuh1ydDwwrQ', 'textDisplay': 'Mal estar???? Prof comunista....', 'textOriginal': 'Mal estar???? Prof comunista....', 'authorDisplayName': 'Pablo Souza', 'authorProfileImageUrl': 'https://yt3.ggpht.com/ytc/AGIKgqNAKcyfq4BuQ1ui5nSyyHX_Jkn8mLNc6mOfqwHK0g=s48-c-k-c0x00ffffff-no-rj', 'authorChannelUrl': 'http://www.youtube.com/channel/UCYGzCOBRv4VY8K3AmMHAWRw', 'authorChannelId': {'value': 'UCYGzCOBRv4VY8K3AmMHAWRw'}, 'canRate': True, 'viewerRating': 'none', 'likeCount': 0, 'publishedAt': '2022-10-23T00:47:42Z', 'updatedAt': '2022-10-23T00:47:42Z'}}, 'canReply': True, 'totalReplyCount': 0, 'isPublic': True}",,UCYGzCOBRv4VY8K3AmMHAWRw,2022-10-23T00:47:42Z,Mal estar???? Prof comunista....,QURTSl9pMlNjR2xlbGxRdVZpUmUtVjZ2OHRFcmdWY1ZhcjF5YmpoNW5CdlpsZERKYlFLWFdkcFJIb1RqdDdDdWRUbXI5dkdNYlkyYTV5WQ==,2023-06-08 15:04:29.388506
youtube#commentThread,A5CQENSiCZM9xOGU9oU-EluroXs,UgzGknwkeDdYlXrUdCd4AaABAg,"{'videoId': 'uuh1ydDwwrQ', 'topLevelComment': {'kind': 'youtube#comment', 'etag': 'ZXuUYiqJRYLevX0iOgbeKnXAt-U', 'id': 'UgzGknwkeDdYlXrUdCd4AaABAg', 'snippet': {'videoId': 'uuh1ydDwwrQ', 'textDisplay': 'Se isto aí é professor eu nunca quero ser aluno. <br>Quer dizer que observar um fato estranho é teoria da conspiração e uma desculpa esfarrapada passa a ser a realidade óbvia', 'textOriginal': 'Se isto aí é professor eu nunca quero ser aluno. \\nQuer dizer que observar um fato estranho é teoria da conspiração e uma desculpa esfarrapada passa a ser a realidade óbvia', 'authorDisplayName': 'Alex Santos', 'authorProfileImageUrl': 'https://yt3.ggpht.com/SJMLa4KKd5NqqUyeTjeoqYO_4CIpylgCP3W9rfd59xBPWxorC25fULC0EwPMgd6v46LPuQlhZg=s48-c-k-c0x00ffffff-no-rj', 'authorChannelUrl': 'http://www.youtube.com/channel/UCK2p3DKFpoGevzujlDxZjnQ', 'authorChannelId': {'value': 'UCK2p3DKFpoGevzujlDxZjnQ'}, 'canRate': True, 'viewerRating': 'none', 'likeCount': 6, 'publishedAt': '2022-10-23T00:46:11Z', 'updatedAt': '2022-10-23T00:46:11Z'}}, 'canReply': True, 'totalReplyCount': 0, 'isPublic': True}",,UCK2p3DKFpoGevzujlDxZjnQ,2022-10-23T00:46:11Z,"Se isto aí é professor eu nunca quero ser aluno. 
Quer dizer que observar um fato estranho é teoria da conspiração e uma desculpa esfarrapada passa a ser a realidade óbvia",QURTSl9pMlNjR2xlbGxRdVZpUmUtVjZ2OHRFcmdWY1ZhcjF5YmpoNW5CdlpsZERKYlFLWFdkcFJIb1RqdDdDdWRUbXI5dkdNYlkyYTV5WQ==,2023-06-08 15:04:29.388506
youtube#commentThread,_VoOn1CEQnqoCOpDNAj32_HL2As,Ugwj4U3-trxpG33EzS54AaABAg,"{'videoId': 'uuh1ydDwwrQ', 'topLevelComment': {'kind': 'youtube#comment', 'etag': 'YwaxjzNyMxSo8EjwqephQv8k8Kg', 'id': 'Ugwj4U3-trxpG33EzS54AaABAg', 'snippet': {'videoId': 'uuh1ydDwwrQ', 'textDisplay': 'Essa é a informação? Que piada kkj tem que criticar o partido', 'textOriginal': 'Essa é a informação? Que piada kkj tem que criticar o partido', 'authorDisplayName': 'スパイスガール!', 'authorProfileImageUrl': 'https://yt3.ggpht.com/MNjSTnz9gr_GEZ33Q32TOMLrJUAQZ-uEfoVfqLAhHTv_JL7DSgNgdR-SKsT3cY2aYGVb2jGzYQ=s48-c-k-c0x00ffffff-no-rj', 'authorChannelUrl': 'http://www.youtube.com/channel/UC2rdFeFIMwzEy6G_pC263NQ', 'authorChannelId': {'value': 'UC2rdFeFIMwzEy6G_pC263NQ'}, 'canRate': True, 'viewerRating': 'none', 'likeCount': 0, 'publishedAt': '2022-10-23T00:44:04Z', 'updatedAt': '2022-10-23T00:44:26Z'}}, 'canReply': True, 'totalReplyCount': 0, 'isPublic': True}",,UC2rdFeFIMwzEy6G_pC263NQ,2022-10-23T00:44:04Z,Essa é a informação? Que piada kkj tem que criticar o partido,QURTSl9pMlNjR2xlbGxRdVZpUmUtVjZ2OHRFcmdWY1ZhcjF5YmpoNW5CdlpsZERKYlFLWFdkcFJIb1RqdDdDdWRUbXI5dkdNYlkyYTV5WQ==,2023-06-08 15:04:29.388506
youtube#commentThread,BFRoGKI9nFF59bAXQWAZA1XvgMA,UgyFNtxkzOLyftMYG6N4AaABAg,"{'videoId': 'uuh1ydDwwrQ', 'topLevelComment': {'kind': 'youtube#comment', 'etag': '8JMwuCQqGLij8HmrnMTzXq7ODs0', 'id': 'UgyFNtxkzOLyftMYG6N4AaABAg', 'snippet': {'videoId': 'uuh1ydDwwrQ', 'textDisplay': 'Mode in china', 'textOriginal': 'Mode in china', 'authorDisplayName': 'Valdeir Silva', 'authorProfileImageUrl': 'https://yt3.ggpht.com/ytc/AGIKgqOmf8530SDlhuSlsFzDs9_I7jiu3ZAZk3pw4sUL9g=s48-c-k-c0x00ffffff-no-rj', 'authorChannelUrl': 'http://www.youtube.com/channel/UCjUyIjOW9X7kw5H-pV2tLoA', 'authorChannelId': {'value': 'UCjUyIjOW9X7kw5H-pV2tLoA'}, 'canRate': True, 'viewerRating': 'none', 'likeCount': 0, 'publishedAt': '2022-10-23T00:43:13Z', 'updatedAt': '2022-10-23T00:43:13Z'}}, 'canReply': True, 'totalReplyCount': 0, 'isPublic': True}",,UCjUyIjOW9X7kw5H-pV2tLoA,2022-10-23T00:43:13Z,Mode in china,QURTSl9pMlNjR2xlbGxRdVZpUmUtVjZ2OHRFcmdWY1ZhcjF5YmpoNW5CdlpsZERKYlFLWFdkcFJIb1RqdDdDdWRUbXI5dkdNYlkyYTV5WQ==,2023-06-08 15:04:29.388506
youtube#commentThread,bfGguJ4WoWoLMT9uDxgznk04JyI,UgymCcuxefJR1diRf2V4AaABAg,"{'videoId': 'uuh1ydDwwrQ', 'topLevelComment': {'kind': 'youtube#comment', 'etag': 'o_jcHxN4lyps4T1g8g80HlmLJrI', 'id': 'UgymCcuxefJR1diRf2V4AaABAg', 'snippet': {'videoId': 'uuh1ydDwwrQ', 'textDisplay': 'SERÁ  QUE VÃO  INFARTAR ELE ??¿', 'textOriginal': 'SERÁ  QUE VÃO  INFARTAR ELE ??¿', 'authorDisplayName': 'Tania Marcia Costa Carvalho Carvalho', 'authorProfileImageUrl': 'https://yt3.ggpht.com/ytc/AGIKgqNgXSgufkjzaTrjmXyqCYfPuYwfmw3A_AYHUQ=s48-c-k-c0x00ffffff-no-rj', 'authorChannelUrl': 'http://www.youtube.com/channel/UCLjAqtvCGlZmLIoewrtfotQ', 'authorChannelId': {'value': 'UCLjAqtvCGlZmLIoewrtfotQ'}, 'canRate': True, 'viewerRating': 'none', 'likeCount': 0, 'publishedAt': '2022-10-23T00:42:32Z', 'updatedAt': '2022-10-23T00:42:32Z'}}, 'canReply': True, 'totalReplyCount': 0, 'isPublic': True}",,UCLjAqtvCGlZmLIoewrtfotQ,2022-10-23T00:42:32Z,SERÁ  QUE VÃO  INFARTAR ELE ??¿,QURTSl9pMlNjR2xlbGxRdVZpUmUtVjZ2OHRFcmdWY1ZhcjF5YmpoNW5CdlpsZERKYlFLWFdkcFJIb1RqdDdDdWRUbXI5dkdNYlkyYTV5WQ==,2023-06-08 15:04:29.388506
youtube#commentThread,KaXaHuxywZzk3_hJHntly3FUCwc,UgybL71Hm1e600vfRJB4AaABAg,"{'videoId': 'uuh1ydDwwrQ', 'topLevelComment': {'kind': 'youtube#comment', 'etag': 'skwmOOrOTZkGjrXR_KaMBLgkN7o', 'id': 'UgybL71Hm1e600vfRJB4AaABAg', 'snippet': {'videoId': 'uuh1ydDwwrQ', 'textDisplay': 'REBANHO DE BANDIDOS E ASSASINOS!!!', 'textOriginal': 'REBANHO DE BANDIDOS E ASSASINOS!!!', 'authorDisplayName': 'Luciano Martinez Y Martinez', 'authorProfileImageUrl': 'https://yt3.ggpht.com/ytc/AGIKgqM5amrZGMOd5jp8eLoDIuJqZlT-_rFzgdvchn3Shg=s48-c-k-c0x00ffffff-no-rj', 'authorChannelUrl': 'http://www.youtube.com/channel/UC7cuWULv4eD2QZUB2wbQVFw', 'authorChannelId': {'value': 'UC7cuWULv4eD2QZUB2wbQVFw'}, 'canRate': True, 'viewerRating': 'none', 'likeCount': 0, 'publishedAt': '2022-10-23T00:40:09Z', 'updatedAt': '2022-10-23T00:40:09Z'}}, 'canReply': True, 'totalReplyCount': 0, 'isPublic': True}",,UC7cuWULv4eD2QZUB2wbQVFw,2022-10-23T00:40:09Z,REBANHO DE BANDIDOS E ASSASINOS!!!,QURTSl9pMlNjR2xlbGxRdVZpUmUtVjZ2OHRFcmdWY1ZhcjF5YmpoNW5CdlpsZERKYlFLWFdkcFJIb1RqdDdDdWRUbXI5dkdNYlkyYTV5WQ==,2023-06-08 15:04:29.388506
youtube#commentThread,ihv8s_0_LCKYZvc3zPaPPjFBZl8,UgzxrS5vJoZsgt_PoEZ4AaABAg,"{'videoId': 'uuh1ydDwwrQ', 'topLevelComment': {'kind': 'youtube#comment', 'etag': 'nNbdCS9HyOM2NGcsR16VPBBdmPc', 'id': 'UgzxrS5vJoZsgt_PoEZ4AaABAg', 'snippet': {'videoId': 'uuh1ydDwwrQ', 'textDisplay': 'XI ping de novo no poder e ditadora', 'textOriginal': 'XI ping de novo no poder e ditadora', 'authorDisplayName': 'Luis Miguel Almeida Pinto', 'authorProfileImageUrl': 'https://yt3.ggpht.com/xnkDubmMwwJOKWZNPBPzzL-WLTYeuKUx-IWwC0wHg6MAyJPWoeuW3p0zc_hJTRkkfOiGmA4nzw=s48-c-k-c0x00ffffff-no-rj', 'authorChannelUrl': 'http://www.youtube.com/channel/UCSE5E5u0jeGpVcQH38DTlkQ', 'authorChannelId': {'value': 'UCSE5E5u0jeGpVcQH38DTlkQ'}, 'canRate': True, 'viewerRating': 'none', 'likeCount': 0, 'publishedAt': '2022-10-23T00:39:52Z', 'updatedAt': '2022-10-23T00:39:52Z'}}, 'canReply': True, 'totalReplyCount': 0, 'isPublic': True}",,UCSE5E5u0jeGpVcQH38DTlkQ,2022-10-23T00:39:52Z,XI ping de novo no poder e ditadora,QURTSl9pMlNjR2xlbGxRdVZpUmUtVjZ2OHRFcmdWY1ZhcjF5YmpoNW5CdlpsZERKYlFLWFdkcFJIb1RqdDdDdWRUbXI5dkdNYlkyYTV5WQ==,2023-06-08 15:04:29.388506
youtube#commentThread,r00vk1xTtaGPuVIn519JFVcYM-I,UgyUUVl66uxzBQtmhuV4AaABAg,"{'videoId': 'uuh1ydDwwrQ', 'topLevelComment': {'kind': 'youtube#comment', 'etag': 'AMaVG7hAManIEkNGX6M90I-vyBw', 'id': 'UgyUUVl66uxzBQtmhuV4AaABAg', 'snippet': {'videoId': 'uuh1ydDwwrQ', 'textDisplay': 'QQ um passa mal onde ele estava, ambiente pesado, ditadura.', 'textOriginal': 'QQ um passa mal onde ele estava, ambiente pesado, ditadura.', 'authorDisplayName': 'Marcos MRS', 'authorProfileImageUrl': 'https://yt3.ggpht.com/ytc/AGIKgqMP-ZngUq5DXibrQuxMk-YqmUi2yFzUIntnkA=s48-c-k-c0x00ffffff-no-rj', 'authorChannelUrl': 'http://www.youtube.com/channel/UCUsyVBMa4g17I5ukzG0WShQ', 'authorChannelId': {'value': 'UCUsyVBMa4g17I5ukzG0WShQ'}, 'canRate': True, 'viewerRating': 'none', 'likeCount': 0, 'publishedAt': '2022-10-23T00:37:17Z', 'updatedAt': '2022-10-23T00:37:17Z'}}, 'canReply': True, 'totalReplyCount': 0, 'isPublic': True}",,UCUsyVBMa4g17I5ukzG0WShQ,2022-10-23T00:37:17Z,"QQ um passa mal onde ele estava, ambiente pesado, ditadura.",QURTSl9pMlNjR2xlbGxRdVZpUmUtVjZ2OHRFcmdWY1ZhcjF5YmpoNW5CdlpsZERKYlFLWFdkcFJIb1RqdDdDdWRUbXI5dkdNYlkyYTV5WQ==,2023-06-08 15:04:29.388506
youtube#commentThread,FD9LLGGZfpx_Qis7rTcSOEVxU4w,UgyyhFIYZDR9ELcUlMB4AaABAg,"{'videoId': 'uuh1ydDwwrQ', 'topLevelComment': {'kind': 'youtube#comment', 'etag': '6-h-nkvCXeGWAFSPf0jSRwppky4', 'id': 'UgyyhFIYZDR9ELcUlMB4AaABAg', 'snippet': {'videoId': 'uuh1ydDwwrQ', 'textDisplay': 'Vamos detonar o pt eternamente no dia 30', 'textOriginal': 'Vamos detonar o pt eternamente no dia 30', 'authorDisplayName': 'Marcos Fernando Da Silva', 'authorProfileImageUrl': 'https://yt3.ggpht.com/ytc/AGIKgqMP2Ge6RQFYNiHDqzUbf6mQAYGgZBIIq5Dmq9tD2ns=s48-c-k-c0x00ffffff-no-rj', 'authorChannelUrl': 'http://www.youtube.com/channel/UClCXZD0JoeB6D7kYGx4Tkjw', 'authorChannelId': {'value': 'UClCXZD0JoeB6D7kYGx4Tkjw'}, 'canRate': True, 'viewerRating': 'none', 'likeCount': 0, 'publishedAt': '2022-10-23T00:32:28Z', 'updatedAt': '2022-10-23T00:32:28Z'}}, 'canReply': True, 'totalReplyCount': 0, 'isPublic': True}",,UClCXZD0JoeB6D7kYGx4Tkjw,2022-10-23T00:32:28Z,Vamos detonar o pt eternamente no dia 30,QURTSl9pMlNjR2xlbGxRdVZpUmUtVjZ2OHRFcmdWY1ZhcjF5YmpoNW5CdlpsZERKYlFLWFdkcFJIb1RqdDdDdWRUbXI5dkdNYlkyYTV5WQ==,2023-06-08 15:04:29.388506
youtube#commentThread,ts6s9OtzgpWJgmBKwc4VJ8-TpVU,UgwuQ01bXSaD3gk-hDd4AaABAg,"{'videoId': 'uuh1ydDwwrQ', 'topLevelComment': {'kind': 'youtube#comment', 'etag': '8XTCfivP5pm9B-FKHph8OpW4f2U', 'id': 'UgwuQ01bXSaD3gk-hDd4AaABAg', 'snippet': {'videoId': 'uuh1ydDwwrQ', 'textDisplay': 'A tirania de um líder político criminoso um dia acaba.  Não vai demorar a China provocar uma nova guerra na Ásia. Quem procura acha..', 'textOriginal': 'A tirania de um líder político criminoso um dia acaba.  Não vai demorar a China provocar uma nova guerra na Ásia. Quem procura acha..', 'authorDisplayName': 'Cléber Souza da Cruz', 'authorProfileImageUrl': 'https://yt3.ggpht.com/ytc/AGIKgqMefE8KRCFoy6wghgS50x3FsJuBP-Cf3r0yFIJg=s48-c-k-c0x00ffffff-no-rj', 'authorChannelUrl': 'http://www.youtube.com/channel/UCk_LxfmqJBhnTuyXVq39HQA', 'authorChannelId': {'value': 'UCk_LxfmqJBhnTuyXVq39HQA'}, 'canRate': True, 'viewerRating': 'none', 'likeCount': 0, 'publishedAt': '2022-10-23T00:31:52Z', 'updatedAt': '2022-10-23T00:31:52Z'}}, 'canReply': True, 'totalReplyCount': 0, 'isPublic': True}",,UCk_LxfmqJBhnTuyXVq39HQA,2022-10-23T00:31:52Z,A tirania de um líder político criminoso um dia acaba.  Não vai demorar a China provocar uma nova guerra na Ásia. Quem procura acha..,QURTSl9pMlNjR2xlbGxRdVZpUmUtVjZ2OHRFcmdWY1ZhcjF5YmpoNW5CdlpsZERKYlFLWFdkcFJIb1RqdDdDdWRUbXI5dkdNYlkyYTV5WQ==,2023-06-08 15:04:29.388506
youtube#commentThread,pSIfwl6Lln2rJkMZLDiaJBYTKBI,UgzTHV7_GmN2ELMDDGV4AaABAg,"{'videoId': 'uuh1ydDwwrQ', 'topLevelComment': {'kind': 'youtube#comment', 'etag': 'i_p7ceZ962-8DAMksaWXzfiNCu4', 'id': 'UgzTHV7_GmN2ELMDDGV4AaABAg', 'snippet': {'videoId': 'uuh1ydDwwrQ', 'textDisplay': 'Alexandre de Moraes recebe uma denuncia crime da Gazela saltitante contra o Bolsonaro pelo fato que o presidente Bolsonaro mandou retirar o ex presidente chinês da cúpula do PCC 😂😂😂', 'textOriginal': 'Alexandre de Moraes recebe uma denuncia crime da Gazela saltitante contra o Bolsonaro pelo fato que o presidente Bolsonaro mandou retirar o ex presidente chinês da cúpula do PCC 😂😂😂', 'authorDisplayName': 'Marcos Fernando Da Silva', 'authorProfileImageUrl': 'https://yt3.ggpht.com/ytc/AGIKgqMP2Ge6RQFYNiHDqzUbf6mQAYGgZBIIq5Dmq9tD2ns=s48-c-k-c0x00ffffff-no-rj', 'authorChannelUrl': 'http://www.youtube.com/channel/UClCXZD0JoeB6D7kYGx4Tkjw', 'authorChannelId': {'value': 'UClCXZD0JoeB6D7kYGx4Tkjw'}, 'canRate': True, 'viewerRating': 'none', 'likeCount': 0, 'publishedAt': '2022-10-23T00:31:33Z', 'updatedAt': '2022-10-23T00:31:33Z'}}, 'canReply': True, 'totalReplyCount': 0, 'isPublic': True}",,UClCXZD0JoeB6D7kYGx4Tkjw,2022-10-23T00:31:33Z,Alexandre de Moraes recebe uma denuncia crime da Gazela saltitante contra o Bolsonaro pelo fato que o presidente Bolsonaro mandou retirar o ex presidente chinês da cúpula do PCC 😂😂😂,QURTSl9pMlNjR2xlbGxRdVZpUmUtVjZ2OHRFcmdWY1ZhcjF5YmpoNW5CdlpsZERKYlFLWFdkcFJIb1RqdDdDdWRUbXI5dkdNYlkyYTV5WQ==,2023-06-08 15:04:29.388506
youtube#commentThread,oNE__QBl2OglIjj2XhqyH1THhs0,UgyGpbrcFshmwy_0GK14AaABAg,"{'videoId': 'uuh1ydDwwrQ', 'topLevelComment': {'kind': 'youtube#comment', 'etag': 'Vpr8l94tMSKHQOln9cCmiubPQHQ', 'id': 'UgyGpbrcFshmwy_0GK14AaABAg', 'snippet': {'videoId': 'uuh1ydDwwrQ', 'textDisplay': 'PARTIDO COMUNISTA TEM UMA GUERRA INTERNA POR POSER <br>MAFIA .. DO PCCH', 'textOriginal': 'PARTIDO COMUNISTA TEM UMA GUERRA INTERNA POR POSER \\nMAFIA .. DO PCCH', 'authorDisplayName': 'EMPRESAMENDER LTDA', 'authorProfileImageUrl': 'https://yt3.ggpht.com/vm7Bo6bLmWKLCrd7a42y_6BU93S_fefiqS7skRMyCzblkXgFgAUVsokx0RzBz5mmYj0MiOcW=s48-c-k-c0x00ffffff-no-rj', 'authorChannelUrl': 'http://www.youtube.com/channel/UCPoAtneE-XKT5YWARPcKTZw', 'authorChannelId': {'value': 'UCPoAtneE-XKT5YWARPcKTZw'}, 'canRate': True, 'viewerRating': 'none', 'likeCount': 0, 'publishedAt': '2022-10-23T00:30:59Z', 'updatedAt': '2022-10-23T00:30:59Z'}}, 'canReply': True, 'totalReplyCount': 0, 'isPublic': True}",,UCPoAtneE-XKT5YWARPcKTZw,2022-10-23T00:30:59Z,"PARTIDO COMUNISTA TEM UMA GUERRA INTERNA POR POSER 
MAFIA .. DO PCCH",QURTSl9pMlNjR2xlbGxRdVZpUmUtVjZ2OHRFcmdWY1ZhcjF5YmpoNW5CdlpsZERKYlFLWFdkcFJIb1RqdDdDdWRUbXI5dkdNYlkyYTV5WQ==,2023-06-08 15:04:29.388506
youtube#commentThread,Nl2lygoLe_9EMmNzX0t0NeBu97A,Ugw6rZyVhBcP_4hQBOJ4AaABAg,"{'videoId': 'uuh1ydDwwrQ', 'topLevelComment': {'kind': 'youtube#comment', 'etag': 'XJJ3GiDNcjWV5iwJ-IyXlHjBNmA', 'id': 'Ugw6rZyVhBcP_4hQBOJ4AaABAg', 'snippet': {'videoId': 'uuh1ydDwwrQ', 'textDisplay': 'E tem gente que não acredita na Operação STORM que está atuando em todo planeta terra. Aqui no Brasil também está acontecendo, só que silenciosamente, Han Han mal estar.', 'textOriginal': 'E tem gente que não acredita na Operação STORM que está atuando em todo planeta terra. Aqui no Brasil também está acontecendo, só que silenciosamente, Han Han mal estar.', 'authorDisplayName': 'Rosa Marlene dos Santos', 'authorProfileImageUrl': 'https://yt3.ggpht.com/ytc/AGIKgqNhlUPYDfuz2QwIFvmPqhTP3uEzSLZFELwFMn0mTFo=s48-c-k-c0x00ffffff-no-rj', 'authorChannelUrl': 'http://www.youtube.com/channel/UCCaZcjwuZZuQ9DmNkagLjBw', 'authorChannelId': {'value': 'UCCaZcjwuZZuQ9DmNkagLjBw'}, 'canRate': True, 'viewerRating': 'none', 'likeCount': 2, 'publishedAt': '2022-10-23T00:28:59Z', 'updatedAt': '2022-10-23T00:31:15Z'}}, 'canReply': True, 'totalReplyCount': 0, 'isPublic': True}",,UCCaZcjwuZZuQ9DmNkagLjBw,2022-10-23T00:28:59Z,"E tem gente que não acredita na Operação STORM que está atuando em todo planeta terra. Aqui no Brasil também está acontecendo, só que silenciosamente, Han Han mal estar.",QURTSl9pMlNjR2xlbGxRdVZpUmUtVjZ2OHRFcmdWY1ZhcjF5YmpoNW5CdlpsZERKYlFLWFdkcFJIb1RqdDdDdWRUbXI5dkdNYlkyYTV5WQ==,2023-06-08 15:04:29.388506
youtube#commentThread,iCTYMhI6d9rj36m_88l0qEXi-2I,UgxWMAk5J6981uF3HEt4AaABAg,"{'videoId': 'uuh1ydDwwrQ', 'topLevelComment': {'kind': 'youtube#comment', 'etag': '8ryhi6PzaH6PdTNf6I_5SHHhWCw', 'id': 'UgxWMAk5J6981uF3HEt4AaABAg', 'snippet': {'videoId': 'uuh1ydDwwrQ', 'textDisplay': 'Foi convidado para um passei, porque a conversa não era para ele, o q vcs acham a China e igual a Rússia, esse aí provavelmente  vai ser preso e morto por traição , o poblema tá  aqui no BRASIL  também, a ditadura tá as portas pra voltar, só nos cargos  políticos aqui tem mais de 6mil , e um presidente   q em  tudo parece Hugo chaves.', 'textOriginal': 'Foi convidado para um passei, porque a conversa não era para ele, o q vcs acham a China e igual a Rússia, esse aí provavelmente  vai ser preso e morto por traição , o poblema tá  aqui no BRASIL  também, a ditadura tá as portas pra voltar, só nos cargos  políticos aqui tem mais de 6mil , e um presidente   q em  tudo parece Hugo chaves.', 'authorDisplayName': 'Divino Silva', 'authorProfileImageUrl': 'https://yt3.ggpht.com/ytc/AGIKgqMcB4QWoKaVPBcy8LhZsrnuGLUdaEeRXXiTVw=s48-c-k-c0x00ffffff-no-rj', 'authorChannelUrl': 'http://www.youtube.com/channel/UCyuk_hxp0G_oJ6LsQ6pkIkQ', 'authorChannelId': {'value': 'UCyuk_hxp0G_oJ6LsQ6pkIkQ'}, 'canRate': True, 'viewerRating': 'none', 'likeCount': 0, 'publishedAt': '2022-10-23T00:28:10Z', 'updatedAt': '2022-10-23T00:28:10Z'}}, 'canReply': True, 'totalReplyCount': 0, 'isPublic': True}",,UCyuk_hxp0G_oJ6LsQ6pkIkQ,2022-10-23T00:28:10Z,"Foi convidado para um passei, porque a conversa não era para ele, o q vcs acham a China e igual a Rússia, esse aí provavelmente  vai ser preso e morto por traição , o poblema tá  aqui no BRASIL  também, a ditadura tá as portas pra voltar, só nos cargos  políticos aqui tem mais de 6mil , e um presidente   q em  tudo parece Hugo chaves.",QURTSl9pMlNjR2xlbGxRdVZpUmUtVjZ2OHRFcmdWY1ZhcjF5YmpoNW5CdlpsZERKYlFLWFdkcFJIb1RqdDdDdWRUbXI5dkdNYlkyYTV5WQ==,2023-06-08 15:04:29.388506
youtube#commentThread,eV6979MO3ubIMmjrxa4xiC94P0k,UgwA5i4tYFgIYV13dEJ4AaABAg,"{'videoId': 'uuh1ydDwwrQ', 'topLevelComment': {'kind': 'youtube#comment', 'etag': 'c1S9JMas2dqazW96xKQNrJvlpG0', 'id': 'UgwA5i4tYFgIYV13dEJ4AaABAg', 'snippet': {'videoId': 'uuh1ydDwwrQ', 'textDisplay': 'Pela liberdade real do povo de bem!! É 22!!!!!!!!!!!', 'textOriginal': 'Pela liberdade real do povo de bem!! É 22!!!!!!!!!!!', 'authorDisplayName': 'Douglas Costa', 'authorProfileImageUrl': 'https://yt3.ggpht.com/ytc/AGIKgqOBHdBaLBd7PpdcRNd_rSTIfoc46XMHi97i9w=s48-c-k-c0x00ffffff-no-rj', 'authorChannelUrl': 'http://www.youtube.com/channel/UC2PKYkT_vJ5drDSdM6Nf0cw', 'authorChannelId': {'value': 'UC2PKYkT_vJ5drDSdM6Nf0cw'}, 'canRate': True, 'viewerRating': 'none', 'likeCount': 5, 'publishedAt': '2022-10-23T00:27:09Z', 'updatedAt': '2022-10-23T00:27:09Z'}}, 'canReply': True, 'totalReplyCount': 0, 'isPublic': True}",,UC2PKYkT_vJ5drDSdM6Nf0cw,2022-10-23T00:27:09Z,Pela liberdade real do povo de bem!! É 22!!!!!!!!!!!,QURTSl9pMlNjR2xlbGxRdVZpUmUtVjZ2OHRFcmdWY1ZhcjF5YmpoNW5CdlpsZERKYlFLWFdkcFJIb1RqdDdDdWRUbXI5dkdNYlkyYTV5WQ==,2023-06-08 15:04:29.388506
youtube#commentThread,AWdBjcolQIUxut5q7cOyWgqPg_4,Ugy1OvPBJlF3zwAmvtZ4AaABAg,"{'videoId': 'uuh1ydDwwrQ', 'topLevelComment': {'kind': 'youtube#comment', 'etag': 'lWf5VGznr2FMg25ry2M_LioWltQ', 'id': 'Ugy1OvPBJlF3zwAmvtZ4AaABAg', 'snippet': {'videoId': 'uuh1ydDwwrQ', 'textDisplay': 'Censur@@@@@ explica...', 'textOriginal': 'Censur@@@@@ explica...', 'authorDisplayName': 'Douglas Costa', 'authorProfileImageUrl': 'https://yt3.ggpht.com/ytc/AGIKgqOBHdBaLBd7PpdcRNd_rSTIfoc46XMHi97i9w=s48-c-k-c0x00ffffff-no-rj', 'authorChannelUrl': 'http://www.youtube.com/channel/UC2PKYkT_vJ5drDSdM6Nf0cw', 'authorChannelId': {'value': 'UC2PKYkT_vJ5drDSdM6Nf0cw'}, 'canRate': True, 'viewerRating': 'none', 'likeCount': 1, 'publishedAt': '2022-10-23T00:26:36Z', 'updatedAt': '2022-10-23T00:26:36Z'}}, 'canReply': True, 'totalReplyCount': 0, 'isPublic': True}",,UC2PKYkT_vJ5drDSdM6Nf0cw,2022-10-23T00:26:36Z,Censur@@@@@ explica...,QURTSl9pMlNjR2xlbGxRdVZpUmUtVjZ2OHRFcmdWY1ZhcjF5YmpoNW5CdlpsZERKYlFLWFdkcFJIb1RqdDdDdWRUbXI5dkdNYlkyYTV5WQ==,2023-06-08 15:04:29.388506
youtube#commentThread,J5z3rHiX1Lbf5Lh2HOsVPHuKxYc,UgzCep5yYImplZp4d9F4AaABAg,"{'videoId': 'uuh1ydDwwrQ', 'topLevelComment': {'kind': 'youtube#comment', 'etag': 'YiCy9X6VeApiL8hGwSZQjy6VBmM', 'id': 'UgzCep5yYImplZp4d9F4AaABAg', 'snippet': {'videoId': 'uuh1ydDwwrQ', 'textDisplay': 'Foi jogado fora só isso o comunismo é falso em tudo', 'textOriginal': 'Foi jogado fora só isso o comunismo é falso em tudo', 'authorDisplayName': 'Luiz Carlos de Oliveira', 'authorProfileImageUrl': 'https://yt3.ggpht.com/ytc/AGIKgqMfgnQtgfiOfTRKuJvCT2uz7hEvdqWnz6CsbQ=s48-c-k-c0x00ffffff-no-rj', 'authorChannelUrl': 'http://www.youtube.com/channel/UCQv_fXUGFNDP_Mb9TUjfuHw', 'authorChannelId': {'value': 'UCQv_fXUGFNDP_Mb9TUjfuHw'}, 'canRate': True, 'viewerRating': 'none', 'likeCount': 0, 'publishedAt': '2022-10-23T00:25:41Z', 'updatedAt': '2022-10-23T00:25:41Z'}}, 'canReply': True, 'totalReplyCount': 0, 'isPublic': True}",,UCQv_fXUGFNDP_Mb9TUjfuHw,2022-10-23T00:25:41Z,Foi jogado fora só isso o comunismo é falso em tudo,QURTSl9pMlNjR2xlbGxRdVZpUmUtVjZ2OHRFcmdWY1ZhcjF5YmpoNW5CdlpsZERKYlFLWFdkcFJIb1RqdDdDdWRUbXI5dkdNYlkyYTV5WQ==,2023-06-08 15:04:29.388506
youtube#commentThread,_PLwmboUIf05WjtPXs3yEKuI-F0,UgyB987eeChwanRdOM54AaABAg,"{'videoId': 'uuh1ydDwwrQ', 'topLevelComment': {'kind': 'youtube#comment', 'etag': 'k76VllUoVzwAsujGHfVX4IcadPU', 'id': 'UgyB987eeChwanRdOM54AaABAg', 'snippet': {'videoId': 'uuh1ydDwwrQ', 'textDisplay': 'O que estará de um regime ditatorial?', 'textOriginal': 'O que estará de um regime ditatorial?', 'authorDisplayName': 'Antonio Araujo', 'authorProfileImageUrl': 'https://yt3.ggpht.com/-0A2K4vqym9kQWTtgRvmlz6ppuc_1Di-NKFOwZ5FAfLVSgO-2aMWVyk_mDub8W6VxIw17FQ7_WE=s48-c-k-c0x00ffffff-no-rj', 'authorChannelUrl': 'http://www.youtube.com/channel/UCtXcBWEkB0VqY96GtLiji2A', 'authorChannelId': {'value': 'UCtXcBWEkB0VqY96GtLiji2A'}, 'canRate': True, 'viewerRating': 'none', 'likeCount': 0, 'publishedAt': '2022-10-23T00:24:56Z', 'updatedAt': '2022-10-23T00:24:56Z'}}, 'canReply': True, 'totalReplyCount': 0, 'isPublic': True}",,UCtXcBWEkB0VqY96GtLiji2A,2022-10-23T00:24:56Z,O que estará de um regime ditatorial?,QURTSl9pMlNjR2xlbGxRdVZpUmUtVjZ2OHRFcmdWY1ZhcjF5YmpoNW5CdlpsZERKYlFLWFdkcFJIb1RqdDdDdWRUbXI5dkdNYlkyYTV5WQ==,2023-06-08 15:04:29.388506
youtube#commentThread,xKL3JY-0NO3q8U1-eRzs2A9TgWw,UgzAZreYJzaKl5yNM-V4AaABAg,"{'videoId': 'uuh1ydDwwrQ', 'topLevelComment': {'kind': 'youtube#comment', 'etag': 'P4DDsfWKcwYjW1Wnm_P_Yax1lVg', 'id': 'UgzAZreYJzaKl5yNM-V4AaABAg', 'snippet': {'videoId': 'uuh1ydDwwrQ', 'textDisplay': 'ISTO É A CHINA....TERRIVEL.', 'textOriginal': 'ISTO É A CHINA....TERRIVEL.', 'authorDisplayName': 'luiz carlos de moraes Carlos luiz', 'authorProfileImageUrl': 'https://yt3.ggpht.com/ytc/AGIKgqMTympwesm4msZtWTSzAYxY2-UI-wk8LpchkfAvvA=s48-c-k-c0x00ffffff-no-rj', 'authorChannelUrl': 'http://www.youtube.com/channel/UC3lQhcw9nFffkXwEd637o2A', 'authorChannelId': {'value': 'UC3lQhcw9nFffkXwEd637o2A'}, 'canRate': True, 'viewerRating': 'none', 'likeCount': 0, 'publishedAt': '2022-10-23T00:22:59Z', 'updatedAt': '2022-10-23T00:22:59Z'}}, 'canReply': True, 'totalReplyCount': 0, 'isPublic': True}",,UC3lQhcw9nFffkXwEd637o2A,2022-10-23T00:22:59Z,ISTO É A CHINA....TERRIVEL.,QURTSl9pMlNjR2xlbGxRdVZpUmUtVjZ2OHRFcmdWY1ZhcjF5YmpoNW5CdlpsZERKYlFLWFdkcFJIb1RqdDdDdWRUbXI5dkdNYlkyYTV5WQ==,2023-06-08 15:04:29.388506
youtube#commentThread,M-Bms4cpji2nKmQy5MsG8RlgiGw,Ugxa13pBmrARG9X_kDB4AaABAg,"{'videoId': 'uuh1ydDwwrQ', 'topLevelComment': {'kind': 'youtube#comment', 'etag': '9rcSXNmnhiHwswWL00yLIGbGGkg', 'id': 'Ugxa13pBmrARG9X_kDB4AaABAg', 'snippet': {'videoId': 'uuh1ydDwwrQ', 'textDisplay': 'Esse comentarista não entende de nada sobre o jogo político que está ocorrendo na China atualmente. Convidaram um cidadão sem noção do que fala. JP precisa selecionar melhor os seus convidados.', 'textOriginal': 'Esse comentarista não entende de nada sobre o jogo político que está ocorrendo na China atualmente. Convidaram um cidadão sem noção do que fala. JP precisa selecionar melhor os seus convidados.', 'authorDisplayName': 'Alex Lee', 'authorProfileImageUrl': 'https://yt3.ggpht.com/ytc/AGIKgqO-P3w9WwrFCjxHWYvY0KG5JS_V5cla0LUlQ-Bu6YCEHgx0iyHHsz9FIFqOUzBv=s48-c-k-c0x00ffffff-no-rj', 'authorChannelUrl': 'http://www.youtube.com/channel/UCkE6fq_jHcLhpRSunKP3cIw', 'authorChannelId': {'value': 'UCkE6fq_jHcLhpRSunKP3cIw'}, 'canRate': True, 'viewerRating': 'none', 'likeCount': 0, 'publishedAt': '2022-10-23T00:21:54Z', 'updatedAt': '2022-10-23T00:21:54Z'}}, 'canReply': True, 'totalReplyCount': 0, 'isPublic': True}",,UCkE6fq_jHcLhpRSunKP3cIw,2022-10-23T00:21:54Z,Esse comentarista não entende de nada sobre o jogo político que está ocorrendo na China atualmente. Convidaram um cidadão sem noção do que fala. JP precisa selecionar melhor os seus convidados.,QURTSl9pMlNjR2xlbGxRdVZpUmUtVjZ2OHRFcmdWY1ZhcjF5YmpoNW5CdlpsZERKYlFLWFdkcFJIb1RqdDdDdWRUbXI5dkdNYlkyYTV5WQ==,2023-06-08 15:04:29.388506
youtube#commentThread,MbJ-KEAfaBhB9HrzPZz1T9hz65M,Ugyvb7RL_E_TxN2rq4R4AaABAg,"{'videoId': 'uuh1ydDwwrQ', 'topLevelComment': {'kind': 'youtube#comment', 'etag': 'Qt84ZQuXdHAxii6nVytD7VscVxA', 'id': 'Ugyvb7RL_E_TxN2rq4R4AaABAg', 'snippet': {'videoId': 'uuh1ydDwwrQ', 'textDisplay': 'Perguntar pro funcionário do lobo. Kkkk', 'textOriginal': 'Perguntar pro funcionário do lobo. Kkkk', 'authorDisplayName': 'Sulani Sousa', 'authorProfileImageUrl': 'https://yt3.ggpht.com/ytc/AGIKgqNP72zAeZu5iMxNI8KAKCGS_vcE6pHumn_1Qnu_YQ=s48-c-k-c0x00ffffff-no-rj', 'authorChannelUrl': 'http://www.youtube.com/channel/UC750m9GUpnmCH39AUCT92PQ', 'authorChannelId': {'value': 'UC750m9GUpnmCH39AUCT92PQ'}, 'canRate': True, 'viewerRating': 'none', 'likeCount': 0, 'publishedAt': '2022-10-23T00:18:28Z', 'updatedAt': '2022-10-23T00:18:28Z'}}, 'canReply': True, 'totalReplyCount': 0, 'isPublic': True}",,UC750m9GUpnmCH39AUCT92PQ,2022-10-23T00:18:28Z,Perguntar pro funcionário do lobo. Kkkk,QURTSl9pMlNjR2xlbGxRdVZpUmUtVjZ2OHRFcmdWY1ZhcjF5YmpoNW5CdlpsZERKYlFLWFdkcFJIb1RqdDdDdWRUbXI5dkdNYlkyYTV5WQ==,2023-06-08 15:04:29.388506
youtube#commentThread,9fO2QPt1L9t8HdPefsaP-EQb1Bc,UgwK-eEW-FCVbJi5vZt4AaABAg,"{'videoId': 'uuh1ydDwwrQ', 'topLevelComment': {'kind': 'youtube#comment', 'etag': 'KF7C4xJQ2rIj-Wkt2v4_3SOJxuQ', 'id': 'UgwK-eEW-FCVbJi5vZt4AaABAg', 'snippet': {'videoId': 'uuh1ydDwwrQ', 'textDisplay': 'Já vilou comida de cachollo!', 'textOriginal': 'Já vilou comida de cachollo!', 'authorDisplayName': 'diegosel 00', 'authorProfileImageUrl': 'https://yt3.ggpht.com/ytc/AGIKgqMpp4pOvbSCmOWKeYEQ1y-d7OWM5FNK90OnXQ=s48-c-k-c0x00ffffff-no-rj', 'authorChannelUrl': 'http://www.youtube.com/channel/UCMyyBVH07sNJZ-ApRKPR_mQ', 'authorChannelId': {'value': 'UCMyyBVH07sNJZ-ApRKPR_mQ'}, 'canRate': True, 'viewerRating': 'none', 'likeCount': 0, 'publishedAt': '2022-10-23T00:13:04Z', 'updatedAt': '2022-10-23T00:13:19Z'}}, 'canReply': True, 'totalReplyCount': 0, 'isPublic': True}",,UCMyyBVH07sNJZ-ApRKPR_mQ,2022-10-23T00:13:04Z,Já vilou comida de cachollo!,QURTSl9pMlNjR2xlbGxRdVZpUmUtVjZ2OHRFcmdWY1ZhcjF5YmpoNW5CdlpsZERKYlFLWFdkcFJIb1RqdDdDdWRUbXI5dkdNYlkyYTV5WQ==,2023-06-08 15:04:29.388506
youtube#commentThread,qYuifIxePey8kiFXCTBfyTSO2AA,UgyYcpKOu7XCHTWsFZF4AaABAg,"{'videoId': 'uuh1ydDwwrQ', 'topLevelComment': {'kind': 'youtube#comment', 'etag': 'MNJyvxUjOboUijzECt_rudjzakI', 'id': 'UgyYcpKOu7XCHTWsFZF4AaABAg', 'snippet': {'videoId': 'uuh1ydDwwrQ', 'textDisplay': 'Que exemplo de democracia para o mundo hein! (Sic)', 'textOriginal': 'Que exemplo de democracia para o mundo hein! (Sic)', 'authorDisplayName': 'Renan Curvello Faria', 'authorProfileImageUrl': 'https://yt3.ggpht.com/ytc/AGIKgqPXu6k9v-gtHOkOgC-x1AE9pcy4JmSg47bR0XEL9w=s48-c-k-c0x00ffffff-no-rj', 'authorChannelUrl': 'http://www.youtube.com/channel/UCpVzvwVBpYiNjKgsjMO5dZQ', 'authorChannelId': {'value': 'UCpVzvwVBpYiNjKgsjMO5dZQ'}, 'canRate': True, 'viewerRating': 'none', 'likeCount': 4, 'publishedAt': '2022-10-23T00:06:51Z', 'updatedAt': '2022-10-23T00:07:10Z'}}, 'canReply': True, 'totalReplyCount': 0, 'isPublic': True}",,UCpVzvwVBpYiNjKgsjMO5dZQ,2022-10-23T00:06:51Z,Que exemplo de democracia para o mundo hein! (Sic),QURTSl9pMlNjR2xlbGxRdVZpUmUtVjZ2OHRFcmdWY1ZhcjF5YmpoNW5CdlpsZERKYlFLWFdkcFJIb1RqdDdDdWRUbXI5dkdNYlkyYTV5WQ==,2023-06-08 15:04:29.388506
youtube#commentThread,B_zf8w-6vRWLjt434P_-6e90DdE,UgwUkB8OY4fQyigsNTJ4AaABAg,"{'videoId': 'uuh1ydDwwrQ', 'topLevelComment': {'kind': 'youtube#comment', 'etag': 'dR5ggscCu0YyG8nJzGq5EdAIF5s', 'id': 'UgwUkB8OY4fQyigsNTJ4AaABAg', 'snippet': {'videoId': 'uuh1ydDwwrQ', 'textDisplay': 'Segundo 247 foi culpa do Bolsonaro', 'textOriginal': 'Segundo 247 foi culpa do Bolsonaro', 'authorDisplayName': 'volnei', 'authorProfileImageUrl': 'https://yt3.ggpht.com/zKOeECqJpD5m-_jWDY44IQ7vUHC2W5pZ555vIujH0Hw9Z_i6wIW9uwW7TAlIgGC5o78qkN0u=s48-c-k-c0x00ffffff-no-rj', 'authorChannelUrl': 'http://www.youtube.com/channel/UCqymomlNwIx5P42A276vHCw', 'authorChannelId': {'value': 'UCqymomlNwIx5P42A276vHCw'}, 'canRate': True, 'viewerRating': 'none', 'likeCount': 0, 'publishedAt': '2022-10-23T00:05:28Z', 'updatedAt': '2022-10-23T00:05:28Z'}}, 'canReply': True, 'totalReplyCount': 0, 'isPublic': True}",,UCqymomlNwIx5P42A276vHCw,2022-10-23T00:05:28Z,Segundo 247 foi culpa do Bolsonaro,QURTSl9pMlNjR2xlbGxRdVZpUmUtVjZ2OHRFcmdWY1ZhcjF5YmpoNW5CdlpsZERKYlFLWFdkcFJIb1RqdDdDdWRUbXI5dkdNYlkyYTV5WQ==,2023-06-08 15:04:29.388506
youtube#commentThread,Ox3LZ2E-FcydcJerdtY6QfYLgTg,UgwV13QUsnh-MvDu_QN4AaABAg,"{'videoId': 'uuh1ydDwwrQ', 'topLevelComment': {'kind': 'youtube#comment', 'etag': 'O8qDUuDJPEvfiUvutzCjCnaWfkY', 'id': 'UgwV13QUsnh-MvDu_QN4AaABAg', 'snippet': {'videoId': 'uuh1ydDwwrQ', 'textDisplay': 'São todos escravos de si próprio, aceitaram tem que aguentar, vamos evitar que venha a acontecer aqui,22 é soluçã', 'textOriginal': 'São todos escravos de si próprio, aceitaram tem que aguentar, vamos evitar que venha a acontecer aqui,22 é soluçã', 'authorDisplayName': 'Jorge Luiz Bueno', 'authorProfileImageUrl': 'https://yt3.ggpht.com/ytc/AGIKgqNtx26HVtYexxRVtisrWv26SO0FpvBsvRZ8JShrtbNO6341yCpm7NhcOXLmsZGH=s48-c-k-c0x00ffffff-no-rj', 'authorChannelUrl': 'http://www.youtube.com/channel/UCD0Csvyeuyfh8aLCdeQFVRg', 'authorChannelId': {'value': 'UCD0Csvyeuyfh8aLCdeQFVRg'}, 'canRate': True, 'viewerRating': 'none', 'likeCount': 0, 'publishedAt': '2022-10-23T00:04:33Z', 'updatedAt': '2022-10-23T00:04:33Z'}}, 'canReply': True, 'totalReplyCount': 0, 'isPublic': True}",,UCD0Csvyeuyfh8aLCdeQFVRg,2022-10-23T00:04:33Z,"São todos escravos de si próprio, aceitaram tem que aguentar, vamos evitar que venha a acontecer aqui,22 é soluçã",QURTSl9pMlNjR2xlbGxRdVZpUmUtVjZ2OHRFcmdWY1ZhcjF5YmpoNW5CdlpsZERKYlFLWFdkcFJIb1RqdDdDdWRUbXI5dkdNYlkyYTV5WQ==,2023-06-08 15:04:29.388506
youtube#commentThread,iWXLeKK7cy9PZynm4MFon6tcaSM,UgzMJ9OBMoaenEpU88d4AaABAg,"{'videoId': 'uuh1ydDwwrQ', 'topLevelComment': {'kind': 'youtube#comment', 'etag': 'clrk2NHj8vtQk11kleiOvB_V7Co', 'id': 'UgzMJ9OBMoaenEpU88d4AaABAg', 'snippet': {'videoId': 'uuh1ydDwwrQ', 'textDisplay': 'Voces trazem um especialista para replicar a noticia da BBC?!? Desse jeito eu assisto direto a BBC! Tragam algum brasileiro nacionalista <br>para comentar!!!!', 'textOriginal': 'Voces trazem um especialista para replicar a noticia da BBC?!? Desse jeito eu assisto direto a BBC! Tragam algum brasileiro nacionalista \\npara comentar!!!!', 'authorDisplayName': 'Emanuel Midlej', 'authorProfileImageUrl': 'https://yt3.ggpht.com/ytc/AGIKgqNnmYVwkfX9tfuVuHfh8YtnxEnxPXxr9YsrKRjcHw=s48-c-k-c0x00ffffff-no-rj', 'authorChannelUrl': 'http://www.youtube.com/channel/UCa5xD3Ppe2xqBrE2XGmfk6w', 'authorChannelId': {'value': 'UCa5xD3Ppe2xqBrE2XGmfk6w'}, 'canRate': True, 'viewerRating': 'none', 'likeCount': 1, 'publishedAt': '2022-10-23T00:02:06Z', 'updatedAt': '2022-10-23T00:02:06Z'}}, 'canReply': True, 'totalReplyCount': 0, 'isPublic': True}",,UCa5xD3Ppe2xqBrE2XGmfk6w,2022-10-23T00:02:06Z,"Voces trazem um especialista para replicar a noticia da BBC?!? Desse jeito eu assisto direto a BBC! Tragam algum brasileiro nacionalista 
para comentar!!!!",QURTSl9pMlNjR2xlbGxRdVZpUmUtVjZ2OHRFcmdWY1ZhcjF5YmpoNW5CdlpsZERKYlFLWFdkcFJIb1RqdDdDdWRUbXI5dkdNYlkyYTV5WQ==,2023-06-08 15:04:29.388506
youtube#commentThread,fN6-rtS-PSpq3ZG410rQC3optQg,UgxbICdWqvKAJiejh3p4AaABAg,"{'videoId': 'uuh1ydDwwrQ', 'topLevelComment': {'kind': 'youtube#comment', 'etag': 'ZhMG91uH9YUKY042d4-dj4pp3uI', 'id': 'UgxbICdWqvKAJiejh3p4AaABAg', 'snippet': {'videoId': 'uuh1ydDwwrQ', 'textDisplay': 'Está morto esse aí.', 'textOriginal': 'Está morto esse aí.', 'authorDisplayName': 'Mauricio Guimarães Filho', 'authorProfileImageUrl': 'https://yt3.ggpht.com/ytc/AGIKgqODmEjME03HwtK5TOfCyYNxUZefgyDqZ2YN6ySvimlcFyamAUQ_I3EkP2nLGFGV=s48-c-k-c0x00ffffff-no-rj', 'authorChannelUrl': 'http://www.youtube.com/channel/UCWh-XMXY4JoKhfIh02x8V0g', 'authorChannelId': {'value': 'UCWh-XMXY4JoKhfIh02x8V0g'}, 'canRate': True, 'viewerRating': 'none', 'likeCount': 0, 'publishedAt': '2022-10-23T00:01:06Z', 'updatedAt': '2022-10-23T00:01:06Z'}}, 'canReply': True, 'totalReplyCount': 0, 'isPublic': True}",,UCWh-XMXY4JoKhfIh02x8V0g,2022-10-23T00:01:06Z,Está morto esse aí.,QURTSl9pMlNjR2xlbGxRdVZpUmUtVjZ2OHRFcmdWY1ZhcjF5YmpoNW5CdlpsZERKYlFLWFdkcFJIb1RqdDdDdWRUbXI5dkdNYlkyYTV5WQ==,2023-06-08 15:04:29.388506
youtube#commentThread,JscobU3Sv05GCCBF_hEPrDxxQL8,UgyhuerQY3xezykwHz54AaABAg,"{'videoId': 'uuh1ydDwwrQ', 'topLevelComment': {'kind': 'youtube#comment', 'etag': '0XWXOapBFXFQ1B-Jj9C5GCS5AT4', 'id': 'UgyhuerQY3xezykwHz54AaABAg', 'snippet': {'videoId': 'uuh1ydDwwrQ', 'textDisplay': 'BolsonaroReeleito 22 🇧🇷🇧🇷🇧🇷🇧🇷', 'textOriginal': 'BolsonaroReeleito 22 🇧🇷🇧🇷🇧🇷🇧🇷', 'authorDisplayName': 'Maria Leal', 'authorProfileImageUrl': 'https://yt3.ggpht.com/ytc/AGIKgqMbJCwXSOnISuwk9b9IbQ-Zj9g5i5_swiMjiw=s48-c-k-c0x00ffffff-no-rj', 'authorChannelUrl': 'http://www.youtube.com/channel/UC3TfQ-40mTiK_69KASNULfA', 'authorChannelId': {'value': 'UC3TfQ-40mTiK_69KASNULfA'}, 'canRate': True, 'viewerRating': 'none', 'likeCount': 0, 'publishedAt': '2022-10-22T23:58:48Z', 'updatedAt': '2022-10-22T23:58:48Z'}}, 'canReply': True, 'totalReplyCount': 0, 'isPublic': True}",,UC3TfQ-40mTiK_69KASNULfA,2022-10-22T23:58:48Z,BolsonaroReeleito 22 🇧🇷🇧🇷🇧🇷🇧🇷,QURTSl9pMlNjR2xlbGxRdVZpUmUtVjZ2OHRFcmdWY1ZhcjF5YmpoNW5CdlpsZERKYlFLWFdkcFJIb1RqdDdDdWRUbXI5dkdNYlkyYTV5WQ==,2023-06-08 15:04:29.388506
youtube#commentThread,oh32IrdTlfKixf5SngiM-ntojPA,UgxvDvwSXZmuArfJt2t4AaABAg,"{'videoId': 'uuh1ydDwwrQ', 'topLevelComment': {'kind': 'youtube#comment', 'etag': 'M0VHudEDKnRPch72P4oQDOxjAXQ', 'id': 'UgxvDvwSXZmuArfJt2t4AaABAg', 'snippet': {'videoId': 'uuh1ydDwwrQ', 'textDisplay': 'PT nunca mais', 'textOriginal': 'PT nunca mais', 'authorDisplayName': 'Maria Leal', 'authorProfileImageUrl': 'https://yt3.ggpht.com/ytc/AGIKgqMbJCwXSOnISuwk9b9IbQ-Zj9g5i5_swiMjiw=s48-c-k-c0x00ffffff-no-rj', 'authorChannelUrl': 'http://www.youtube.com/channel/UC3TfQ-40mTiK_69KASNULfA', 'authorChannelId': {'value': 'UC3TfQ-40mTiK_69KASNULfA'}, 'canRate': True, 'viewerRating': 'none', 'likeCount': 0, 'publishedAt': '2022-10-22T23:58:18Z', 'updatedAt': '2022-10-22T23:58:18Z'}}, 'canReply': True, 'totalReplyCount': 0, 'isPublic': True}",,UC3TfQ-40mTiK_69KASNULfA,2022-10-22T23:58:18Z,PT nunca mais,QURTSl9pMlNjR2xlbGxRdVZpUmUtVjZ2OHRFcmdWY1ZhcjF5YmpoNW5CdlpsZERKYlFLWFdkcFJIb1RqdDdDdWRUbXI5dkdNYlkyYTV5WQ==,2023-06-08 15:04:29.388506
youtube#commentThread,mw34-vQrvbbXLdJKUwii3l5jE2Q,UgzfpbCLmSTe_sop0sx4AaABAg,"{'videoId': 'uuh1ydDwwrQ', 'topLevelComment': {'kind': 'youtube#comment', 'etag': 'S7gE6DjiACl4wU2D82Dn2Tu8nbc', 'id': 'UgzfpbCLmSTe_sop0sx4AaABAg', 'snippet': {'videoId': 'uuh1ydDwwrQ', 'textDisplay': 'o especialista esperando uma explicação legitima do governo kkkkkkkkkk. esse é tipo de jumento que fala', 'textOriginal': 'o especialista esperando uma explicação legitima do governo kkkkkkkkkk. esse é tipo de jumento que fala', 'authorDisplayName': 'Omar Júnior', 'authorProfileImageUrl': 'https://yt3.ggpht.com/ytc/AGIKgqPpViNQcpunv3MqN7NzuwTvaJHgK8EQKRzlt2vdUQ=s48-c-k-c0x00ffffff-no-rj', 'authorChannelUrl': 'http://www.youtube.com/channel/UCdbFkqVVvXdpxJJBIdcxm8g', 'authorChannelId': {'value': 'UCdbFkqVVvXdpxJJBIdcxm8g'}, 'canRate': True, 'viewerRating': 'none', 'likeCount': 0, 'publishedAt': '2022-10-22T23:57:09Z', 'updatedAt': '2022-10-22T23:57:09Z'}}, 'canReply': True, 'totalReplyCount': 0, 'isPublic': True}",,UCdbFkqVVvXdpxJJBIdcxm8g,2022-10-22T23:57:09Z,o especialista esperando uma explicação legitima do governo kkkkkkkkkk. esse é tipo de jumento que fala,QURTSl9pMnBTemZzbGJfY2NYbUIyQ04zeVRMZEdHdWhpSTlHZUJ1djgzRHRhOHdZTE9pUUJ0bHpvaHJZZUZyRjloV0JWcVV3aTRQN1ZkRQ==,2023-06-08 15:04:30.348246
youtube#commentThread,4MPTTEea-1swTLGf-Ruh7WgSlfQ,UgxDRZTPRtejK61yQ0J4AaABAg,"{'videoId': 'uuh1ydDwwrQ', 'topLevelComment': {'kind': 'youtube#comment', 'etag': 'vTi1HNim0llSL0RzyrF22VjTFFo', 'id': 'UgxDRZTPRtejK61yQ0J4AaABAg', 'snippet': {'videoId': 'uuh1ydDwwrQ', 'textDisplay': 'TUDO MUITO ARTIFICIAL <br>COISA DE DOENTE MENTAL COMUNISTA', 'textOriginal': 'TUDO MUITO ARTIFICIAL \\nCOISA DE DOENTE MENTAL COMUNISTA', 'authorDisplayName': 'PACIENTE PERSEVERANÇA', 'authorProfileImageUrl': 'https://yt3.ggpht.com/BC6x0Op-sA7s6P6ZqHmGxynxOwixUTxp_8UTTOQzqURIrKbgSdwep5QTB4El8ZJEHCnGCMo_8Q=s48-c-k-c0x00ffffff-no-rj', 'authorChannelUrl': 'http://www.youtube.com/channel/UCCf_e6LHHJDn7TcqYLnq4gQ', 'authorChannelId': {'value': 'UCCf_e6LHHJDn7TcqYLnq4gQ'}, 'canRate': True, 'viewerRating': 'none', 'likeCount': 0, 'publishedAt': '2022-10-22T23:56:43Z', 'updatedAt': '2022-10-22T23:56:43Z'}}, 'canReply': True, 'totalReplyCount': 0, 'isPublic': True}",,UCCf_e6LHHJDn7TcqYLnq4gQ,2022-10-22T23:56:43Z,"TUDO MUITO ARTIFICIAL 
COISA DE DOENTE MENTAL COMUNISTA",QURTSl9pMnBTemZzbGJfY2NYbUIyQ04zeVRMZEdHdWhpSTlHZUJ1djgzRHRhOHdZTE9pUUJ0bHpvaHJZZUZyRjloV0JWcVV3aTRQN1ZkRQ==,2023-06-08 15:04:30.348246
youtube#commentThread,Fv73mWoJ0EV1tKVVVFfVjyiYSDE,UgyHuGN_n_oAo8oth3J4AaABAg,"{'videoId': 'uuh1ydDwwrQ', 'topLevelComment': {'kind': 'youtube#comment', 'etag': 'Tq-tTWEoveax36TZEX-qu4hGAWk', 'id': 'UgyHuGN_n_oAo8oth3J4AaABAg', 'snippet': {'videoId': 'uuh1ydDwwrQ', 'textDisplay': 'Já sei,foi culpa do Bolsonaro kkkk', 'textOriginal': 'Já sei,foi culpa do Bolsonaro kkkk', 'authorDisplayName': 'Cleilson Silva', 'authorProfileImageUrl': 'https://yt3.ggpht.com/ytc/AGIKgqNMx7vXNWXvxredsxkqHT3Kldo3SvfiOBNQDdrzq8Qoj-NrJktgub7sdPgTXgxJ=s48-c-k-c0x00ffffff-no-rj', 'authorChannelUrl': 'http://www.youtube.com/channel/UCjco2-Vbtx1izZ-Q2189deQ', 'authorChannelId': {'value': 'UCjco2-Vbtx1izZ-Q2189deQ'}, 'canRate': True, 'viewerRating': 'none', 'likeCount': 0, 'publishedAt': '2022-10-22T23:54:06Z', 'updatedAt': '2022-10-22T23:54:06Z'}}, 'canReply': True, 'totalReplyCount': 0, 'isPublic': True}",,UCjco2-Vbtx1izZ-Q2189deQ,2022-10-22T23:54:06Z,"Já sei,foi culpa do Bolsonaro kkkk",QURTSl9pMnBTemZzbGJfY2NYbUIyQ04zeVRMZEdHdWhpSTlHZUJ1djgzRHRhOHdZTE9pUUJ0bHpvaHJZZUZyRjloV0JWcVV3aTRQN1ZkRQ==,2023-06-08 15:04:30.348246
youtube#commentThread,To5f_D5YcyTIZF73KIs4QdvaQ7k,UgxVbgzR6V0pj0g9X4t4AaABAg,"{'videoId': 'uuh1ydDwwrQ', 'topLevelComment': {'kind': 'youtube#comment', 'etag': 'eW9IE5kLYFhQ1WF2tKQtqIZoo7s', 'id': 'UgxVbgzR6V0pj0g9X4t4AaABAg', 'snippet': {'videoId': 'uuh1ydDwwrQ', 'textDisplay': 'Grande salão do povo ?????<br>Kkkkkkkkkkkkkkkkkkkkkkkk<br>Grande Salão do TOTALITARISMO <br>O PCC CHINÊS É UM PERIGO PARA O MUNDO', 'textOriginal': 'Grande salão do povo ?????\\nKkkkkkkkkkkkkkkkkkkkkkkk\\nGrande Salão do TOTALITARISMO \\nO PCC CHINÊS É UM PERIGO PARA O MUNDO', 'authorDisplayName': 'PACIENTE PERSEVERANÇA', 'authorProfileImageUrl': 'https://yt3.ggpht.com/BC6x0Op-sA7s6P6ZqHmGxynxOwixUTxp_8UTTOQzqURIrKbgSdwep5QTB4El8ZJEHCnGCMo_8Q=s48-c-k-c0x00ffffff-no-rj', 'authorChannelUrl': 'http://www.youtube.com/channel/UCCf_e6LHHJDn7TcqYLnq4gQ', 'authorChannelId': {'value': 'UCCf_e6LHHJDn7TcqYLnq4gQ'}, 'canRate': True, 'viewerRating': 'none', 'likeCount': 0, 'publishedAt': '2022-10-22T23:53:46Z', 'updatedAt': '2022-10-22T23:53:46Z'}}, 'canReply': True, 'totalReplyCount': 0, 'isPublic': True}",,UCCf_e6LHHJDn7TcqYLnq4gQ,2022-10-22T23:53:46Z,"Grande salão do povo ?????
Kkkkkkkkkkkkkkkkkkkkkkkk
Grande Salão do TOTALITARISMO 
O PCC CHINÊS É UM PERIGO PARA O MUNDO",QURTSl9pMnBTemZzbGJfY2NYbUIyQ04zeVRMZEdHdWhpSTlHZUJ1djgzRHRhOHdZTE9pUUJ0bHpvaHJZZUZyRjloV0JWcVV3aTRQN1ZkRQ==,2023-06-08 15:04:30.348246
youtube#commentThread,t4PiZacNKDdX-cE7SE5H3Id5NhI,UgxF0FEHcJHSiUlQuMd4AaABAg,"{'videoId': 'uuh1ydDwwrQ', 'topLevelComment': {'kind': 'youtube#comment', 'etag': 'u8DRWdLrE0uIbR17pqPP1TAOzSY', 'id': 'UgxF0FEHcJHSiUlQuMd4AaABAg', 'snippet': {'videoId': 'uuh1ydDwwrQ', 'textDisplay': 'ISSO É  O COMUNISMO. !!!', 'textOriginal': 'ISSO É  O COMUNISMO. !!!', 'authorDisplayName': 'Virginia_dupre Rabello', 'authorProfileImageUrl': 'https://yt3.ggpht.com/ytc/AGIKgqNBOOa4rZz6fkccGwKFaUEEE01XpN-6tSn2KA=s48-c-k-c0x00ffffff-no-rj', 'authorChannelUrl': 'http://www.youtube.com/channel/UCvmlP00LGvwpOZ2-q_WEPmQ', 'authorChannelId': {'value': 'UCvmlP00LGvwpOZ2-q_WEPmQ'}, 'canRate': True, 'viewerRating': 'none', 'likeCount': 0, 'publishedAt': '2022-10-22T23:52:44Z', 'updatedAt': '2022-10-22T23:52:44Z'}}, 'canReply': True, 'totalReplyCount': 0, 'isPublic': True}",,UCvmlP00LGvwpOZ2-q_WEPmQ,2022-10-22T23:52:44Z,ISSO É  O COMUNISMO. !!!,QURTSl9pMnBTemZzbGJfY2NYbUIyQ04zeVRMZEdHdWhpSTlHZUJ1djgzRHRhOHdZTE9pUUJ0bHpvaHJZZUZyRjloV0JWcVV3aTRQN1ZkRQ==,2023-06-08 15:04:30.348246
youtube#commentThread,mnYqJcNwc-YRHGp31YQoC_5_thY,UgxGAe7MQWzpE1QNyr14AaABAg,"{'videoId': 'uuh1ydDwwrQ', 'topLevelComment': {'kind': 'youtube#comment', 'etag': 'peA5t8RJWXNO9sxOKoWm3qp_6gI', 'id': 'UgxGAe7MQWzpE1QNyr14AaABAg', 'snippet': {'videoId': 'uuh1ydDwwrQ', 'textDisplay': 'Ja percebeu que os comunistas estão todos sumindo??<br><br>Que estranho..<br><br>Maduro perseguido.<br>Esse chinês aí<br>Lula não tô vendo nada faz uns tempos', 'textOriginal': 'Ja percebeu que os comunistas estão todos sumindo??\\n\\nQue estranho..\\n\\nMaduro perseguido.\\nEsse chinês aí\\nLula não tô vendo nada faz uns tempos', 'authorDisplayName': 'Sergio Moura', 'authorProfileImageUrl': 'https://yt3.ggpht.com/ytc/AGIKgqOewRO2edN0LFIiRQTCpHxKglVXXhu_tJOot_saEVk=s48-c-k-c0x00ffffff-no-rj', 'authorChannelUrl': 'http://www.youtube.com/channel/UCULxjUwLCehmoWnqvwqlofw', 'authorChannelId': {'value': 'UCULxjUwLCehmoWnqvwqlofw'}, 'canRate': True, 'viewerRating': 'none', 'likeCount': 0, 'publishedAt': '2022-10-22T23:52:24Z', 'updatedAt': '2022-10-22T23:52:24Z'}}, 'canReply': True, 'totalReplyCount': 0, 'isPublic': True}",,UCULxjUwLCehmoWnqvwqlofw,2022-10-22T23:52:24Z,"Ja percebeu que os comunistas estão todos sumindo??

Que estranho..

Maduro perseguido.
Esse chinês aí
Lula não tô vendo nada faz uns tempos",QURTSl9pMnBTemZzbGJfY2NYbUIyQ04zeVRMZEdHdWhpSTlHZUJ1djgzRHRhOHdZTE9pUUJ0bHpvaHJZZUZyRjloV0JWcVV3aTRQN1ZkRQ==,2023-06-08 15:04:30.348246
youtube#commentThread,HS8PHm7yWcOHjbzty7EEodwc_aw,UgxuTI-izl3ocV52hiR4AaABAg,"{'videoId': 'uuh1ydDwwrQ', 'topLevelComment': {'kind': 'youtube#comment', 'etag': 'ph_0BJK7PjfNpJRY1PFAc5rCFN0', 'id': 'UgxuTI-izl3ocV52hiR4AaABAg', 'snippet': {'videoId': 'uuh1ydDwwrQ', 'textDisplay': 'Sou compositor criador de vários temas do sertanejo roubado pela mídia e omitido pela justiça tenho direitos autorais <br>Obrigado', 'textOriginal': 'Sou compositor criador de vários temas do sertanejo roubado pela mídia e omitido pela justiça tenho direitos autorais \\nObrigado', 'authorDisplayName': 'COMPOSITOR FAZENDO ARTE', 'authorProfileImageUrl': 'https://yt3.ggpht.com/GooEpzAijV4YOL3rIk_t4gPzKFiRGxxZS9gFLblqEvpvoDM98LzAoCha6mB6Mok3nGIr6nV5L0M=s48-c-k-c0x00ffffff-no-rj', 'authorChannelUrl': 'http://www.youtube.com/channel/UC0Ew-YANd9GmiZSTzUZqzQQ', 'authorChannelId': {'value': 'UC0Ew-YANd9GmiZSTzUZqzQQ'}, 'canRate': True, 'viewerRating': 'none', 'likeCount': 0, 'publishedAt': '2022-10-22T23:43:14Z', 'updatedAt': '2022-10-22T23:43:14Z'}}, 'canReply': True, 'totalReplyCount': 0, 'isPublic': True}",,UC0Ew-YANd9GmiZSTzUZqzQQ,2022-10-22T23:43:14Z,"Sou compositor criador de vários temas do sertanejo roubado pela mídia e omitido pela justiça tenho direitos autorais 
Obrigado",QURTSl9pMnBTemZzbGJfY2NYbUIyQ04zeVRMZEdHdWhpSTlHZUJ1djgzRHRhOHdZTE9pUUJ0bHpvaHJZZUZyRjloV0JWcVV3aTRQN1ZkRQ==,2023-06-08 15:04:30.348246
youtube#commentThread,fSKU8RtbNMAL0XW1Q0vQf0nBINM,Ugz8ftwCQc0OdQNJUYN4AaABAg,"{'videoId': 'uuh1ydDwwrQ', 'topLevelComment': {'kind': 'youtube#comment', 'etag': '6yoYdJ3kx5gw-KzhgSNYoWyiLyg', 'id': 'Ugz8ftwCQc0OdQNJUYN4AaABAg', 'snippet': {'videoId': 'uuh1ydDwwrQ', 'textDisplay': 'Bolsonaro 22 com muito fé que vamoas vencer com boa margem de votos', 'textOriginal': 'Bolsonaro 22 com muito fé que vamoas vencer com boa margem de votos', 'authorDisplayName': 'Ecobahiarts', 'authorProfileImageUrl': 'https://yt3.ggpht.com/ytc/AGIKgqNDYoOzwQkodwC_HrsNVBCILO6zwM-sVbTcNo41KQ=s48-c-k-c0x00ffffff-no-rj', 'authorChannelUrl': 'http://www.youtube.com/channel/UCNkCBojse82rfmC3LcF3gZQ', 'authorChannelId': {'value': 'UCNkCBojse82rfmC3LcF3gZQ'}, 'canRate': True, 'viewerRating': 'none', 'likeCount': 0, 'publishedAt': '2022-10-22T23:41:35Z', 'updatedAt': '2022-10-22T23:41:35Z'}}, 'canReply': True, 'totalReplyCount': 0, 'isPublic': True}",,UCNkCBojse82rfmC3LcF3gZQ,2022-10-22T23:41:35Z,Bolsonaro 22 com muito fé que vamoas vencer com boa margem de votos,QURTSl9pMnBTemZzbGJfY2NYbUIyQ04zeVRMZEdHdWhpSTlHZUJ1djgzRHRhOHdZTE9pUUJ0bHpvaHJZZUZyRjloV0JWcVV3aTRQN1ZkRQ==,2023-06-08 15:04:30.348246
youtube#commentThread,3aD1mqM2_c5pcMdZqxpnk02OUkU,Ugx8rFuaIIE3QgB6IQh4AaABAg,"{'videoId': 'uuh1ydDwwrQ', 'topLevelComment': {'kind': 'youtube#comment', 'etag': 'WN35tGFBO-FBVv3n285Xre5jlyI', 'id': 'Ugx8rFuaIIE3QgB6IQh4AaABAg', 'snippet': {'videoId': 'uuh1ydDwwrQ', 'textDisplay': 'China: país sem liberdade de expressão', 'textOriginal': 'China: país sem liberdade de expressão', 'authorDisplayName': 'Gustavo Carvalho', 'authorProfileImageUrl': 'https://yt3.ggpht.com/ytc/AGIKgqM1bDi6OSFjAhb5irHHBS91UYElBb6NjbieLA=s48-c-k-c0x00ffffff-no-rj', 'authorChannelUrl': 'http://www.youtube.com/channel/UCaBe40rL_Zeo8KE7b9iB31Q', 'authorChannelId': {'value': 'UCaBe40rL_Zeo8KE7b9iB31Q'}, 'canRate': True, 'viewerRating': 'none', 'likeCount': 0, 'publishedAt': '2022-10-22T23:40:29Z', 'updatedAt': '2022-10-22T23:40:29Z'}}, 'canReply': True, 'totalReplyCount': 0, 'isPublic': True}",,UCaBe40rL_Zeo8KE7b9iB31Q,2022-10-22T23:40:29Z,China: país sem liberdade de expressão,QURTSl9pMnBTemZzbGJfY2NYbUIyQ04zeVRMZEdHdWhpSTlHZUJ1djgzRHRhOHdZTE9pUUJ0bHpvaHJZZUZyRjloV0JWcVV3aTRQN1ZkRQ==,2023-06-08 15:04:30.348246
youtube#commentThread,duQpPtxE45qfMgBy8mUxX2ecREA,Ugx4I6QYFBOtLNO1vNp4AaABAg,"{'videoId': 'uuh1ydDwwrQ', 'topLevelComment': {'kind': 'youtube#comment', 'etag': '2yqYZtWA6mhjbCQZXReMe6g_hIw', 'id': 'Ugx4I6QYFBOtLNO1vNp4AaABAg', 'snippet': {'videoId': 'uuh1ydDwwrQ', 'textDisplay': 'Era um ex presidente.', 'textOriginal': 'Era um ex presidente.', 'authorDisplayName': 'Jhony Silva', 'authorProfileImageUrl': 'https://yt3.ggpht.com/ytc/AGIKgqNBEl3ruZ6nATbYWuxmE1i3t6XWuMm9NQ2gHQqlGA=s48-c-k-c0x00ffffff-no-rj', 'authorChannelUrl': 'http://www.youtube.com/channel/UC6YQkV7X4A4hvDD4iRc2SdA', 'authorChannelId': {'value': 'UC6YQkV7X4A4hvDD4iRc2SdA'}, 'canRate': True, 'viewerRating': 'none', 'likeCount': 0, 'publishedAt': '2022-10-22T23:37:37Z', 'updatedAt': '2022-10-22T23:37:48Z'}}, 'canReply': True, 'totalReplyCount': 0, 'isPublic': True}",,UC6YQkV7X4A4hvDD4iRc2SdA,2022-10-22T23:37:37Z,Era um ex presidente.,QURTSl9pMnBTemZzbGJfY2NYbUIyQ04zeVRMZEdHdWhpSTlHZUJ1djgzRHRhOHdZTE9pUUJ0bHpvaHJZZUZyRjloV0JWcVV3aTRQN1ZkRQ==,2023-06-08 15:04:30.348246
youtube#commentThread,BlelEwCQXKQ0ZadxhVvenZfxo1c,UgyT8aS0c8H-4TM1kKF4AaABAg,"{'videoId': 'uuh1ydDwwrQ', 'topLevelComment': {'kind': 'youtube#comment', 'etag': 'OjEUsbPjSZsi2z8XfF7bIRVpLRw', 'id': 'UgyT8aS0c8H-4TM1kKF4AaABAg', 'snippet': {'videoId': 'uuh1ydDwwrQ', 'textDisplay': 'Comunistas sendo apenas COMUNISTAS!', 'textOriginal': 'Comunistas sendo apenas COMUNISTAS!', 'authorDisplayName': 'ElrisonSilva', 'authorProfileImageUrl': 'https://yt3.ggpht.com/ytc/AGIKgqP6Sgmx4LQn6AmDz4lu20VtQffoLI3NC4w9XdiWwyE=s48-c-k-c0x00ffffff-no-rj', 'authorChannelUrl': 'http://www.youtube.com/channel/UC18DY39_dEHjBkVsUtYhYkw', 'authorChannelId': {'value': 'UC18DY39_dEHjBkVsUtYhYkw'}, 'canRate': True, 'viewerRating': 'none', 'likeCount': 0, 'publishedAt': '2022-10-22T23:32:44Z', 'updatedAt': '2022-10-22T23:32:44Z'}}, 'canReply': True, 'totalReplyCount': 0, 'isPublic': True}",,UC18DY39_dEHjBkVsUtYhYkw,2022-10-22T23:32:44Z,Comunistas sendo apenas COMUNISTAS!,QURTSl9pMnBTemZzbGJfY2NYbUIyQ04zeVRMZEdHdWhpSTlHZUJ1djgzRHRhOHdZTE9pUUJ0bHpvaHJZZUZyRjloV0JWcVV3aTRQN1ZkRQ==,2023-06-08 15:04:30.348246
youtube#commentThread,JW7y3mKHYQudO3BJ0b5xPfcNzB4,UgzWntEReNc-5nKKnXl4AaABAg,"{'videoId': 'uuh1ydDwwrQ', 'topLevelComment': {'kind': 'youtube#comment', 'etag': 'taN2Dz4Vx5xRkN20G7O-JFJwR7o', 'id': 'UgzWntEReNc-5nKKnXl4AaABAg', 'snippet': {'videoId': 'uuh1ydDwwrQ', 'textDisplay': 'Comunismo é isso aí', 'textOriginal': 'Comunismo é isso aí', 'authorDisplayName': '†RDZ† Silver', 'authorProfileImageUrl': 'https://yt3.ggpht.com/3SrzyM0I7cQakjFfRmToXX87u9b-SjnRJFQjMkXz-5iks2PduJ8sTrQCv1m2zQkkhUk3n2YdZJY=s48-c-k-c0x00ffffff-no-rj', 'authorChannelUrl': 'http://www.youtube.com/channel/UC0FTC_ZeZ_vIxU-xtLYXaAQ', 'authorChannelId': {'value': 'UC0FTC_ZeZ_vIxU-xtLYXaAQ'}, 'canRate': True, 'viewerRating': 'none', 'likeCount': 0, 'publishedAt': '2022-10-22T23:28:26Z', 'updatedAt': '2022-10-22T23:28:26Z'}}, 'canReply': True, 'totalReplyCount': 0, 'isPublic': True}",,UC0FTC_ZeZ_vIxU-xtLYXaAQ,2022-10-22T23:28:26Z,Comunismo é isso aí,QURTSl9pMnBTemZzbGJfY2NYbUIyQ04zeVRMZEdHdWhpSTlHZUJ1djgzRHRhOHdZTE9pUUJ0bHpvaHJZZUZyRjloV0JWcVV3aTRQN1ZkRQ==,2023-06-08 15:04:30.348246
youtube#commentThread,mDq2JQipFB2lG8AW3DyVNxS4KRg,UgxIyxb7HZ9R2LDXtax4AaABAg,"{'videoId': 'uuh1ydDwwrQ', 'topLevelComment': {'kind': 'youtube#comment', 'etag': 'r-p5fARInQRYAVBX2xiqHZDthYc', 'id': 'UgxIyxb7HZ9R2LDXtax4AaABAg', 'snippet': {'videoId': 'uuh1ydDwwrQ', 'textDisplay': 'se perguntar pro lulla ele vai dizer que foi em defesa da democracia...', 'textOriginal': 'se perguntar pro lulla ele vai dizer que foi em defesa da democracia...', 'authorDisplayName': 'Nascimento', 'authorProfileImageUrl': 'https://yt3.ggpht.com/ytc/AGIKgqM63D2DY_-fs2wQMLakor6FnpdMa8u6qHnDGDQQ_g=s48-c-k-c0x00ffffff-no-rj', 'authorChannelUrl': 'http://www.youtube.com/channel/UCr778gsveH66gl4rlndTSTA', 'authorChannelId': {'value': 'UCr778gsveH66gl4rlndTSTA'}, 'canRate': True, 'viewerRating': 'none', 'likeCount': 0, 'publishedAt': '2022-10-22T23:27:47Z', 'updatedAt': '2022-10-22T23:27:47Z'}}, 'canReply': True, 'totalReplyCount': 0, 'isPublic': True}",,UCr778gsveH66gl4rlndTSTA,2022-10-22T23:27:47Z,se perguntar pro lulla ele vai dizer que foi em defesa da democracia...,QURTSl9pMnBTemZzbGJfY2NYbUIyQ04zeVRMZEdHdWhpSTlHZUJ1djgzRHRhOHdZTE9pUUJ0bHpvaHJZZUZyRjloV0JWcVV3aTRQN1ZkRQ==,2023-06-08 15:04:30.348246
youtube#commentThread,0f7gjmNcVh6Hsq9Ep6lp_0BkILo,UgzxkvLLgq54-rx6xbN4AaABAg,"{'videoId': 'uuh1ydDwwrQ', 'topLevelComment': {'kind': 'youtube#comment', 'etag': 'pNs_gD4cHPN4zcGhem5imwKeZoI', 'id': 'UgzxkvLLgq54-rx6xbN4AaABAg', 'snippet': {'videoId': 'uuh1ydDwwrQ', 'textDisplay': 'Quem mais m4tou comunista foram os próprios comunistas!', 'textOriginal': 'Quem mais m4tou comunista foram os próprios comunistas!', 'authorDisplayName': 'Lg Ks', 'authorProfileImageUrl': 'https://yt3.ggpht.com/ytc/AGIKgqMx_TliC4HqSdcOJZ1TYAF6C6729cVZV5njJw=s48-c-k-c0x00ffffff-no-rj', 'authorChannelUrl': 'http://www.youtube.com/channel/UClr6NIdQCB-txdLF7lAtc_g', 'authorChannelId': {'value': 'UClr6NIdQCB-txdLF7lAtc_g'}, 'canRate': True, 'viewerRating': 'none', 'likeCount': 0, 'publishedAt': '2022-10-22T23:27:45Z', 'updatedAt': '2022-10-22T23:27:45Z'}}, 'canReply': True, 'totalReplyCount': 0, 'isPublic': True}",,UClr6NIdQCB-txdLF7lAtc_g,2022-10-22T23:27:45Z,Quem mais m4tou comunista foram os próprios comunistas!,QURTSl9pMnBTemZzbGJfY2NYbUIyQ04zeVRMZEdHdWhpSTlHZUJ1djgzRHRhOHdZTE9pUUJ0bHpvaHJZZUZyRjloV0JWcVV3aTRQN1ZkRQ==,2023-06-08 15:04:30.348246
youtube#commentThread,7g4nrOYDC0iLRyLP5gUNBe2Kby4,Ugy-bohtep0IM6Mr9Cx4AaABAg,"{'videoId': 'uuh1ydDwwrQ', 'topLevelComment': {'kind': 'youtube#comment', 'etag': 'm8_ehD4aqwC9Cj1L48EX_XQ5YVg', 'id': 'Ugy-bohtep0IM6Mr9Cx4AaABAg', 'snippet': {'videoId': 'uuh1ydDwwrQ', 'textDisplay': 'Vamos descobrir? Kkkkk', 'textOriginal': 'Vamos descobrir? Kkkkk', 'authorDisplayName': 'thebranca1', 'authorProfileImageUrl': 'https://yt3.ggpht.com/ytc/AGIKgqNYmeuCJggnXjE_FwCwsrzZye5RPkU2qIEvFg=s48-c-k-c0x00ffffff-no-rj', 'authorChannelUrl': 'http://www.youtube.com/channel/UCqlEQIrSERpBBw2j4KitRxA', 'authorChannelId': {'value': 'UCqlEQIrSERpBBw2j4KitRxA'}, 'canRate': True, 'viewerRating': 'none', 'likeCount': 0, 'publishedAt': '2022-10-22T23:25:57Z', 'updatedAt': '2022-10-22T23:25:57Z'}}, 'canReply': True, 'totalReplyCount': 0, 'isPublic': True}",,UCqlEQIrSERpBBw2j4KitRxA,2022-10-22T23:25:57Z,Vamos descobrir? Kkkkk,QURTSl9pMnBTemZzbGJfY2NYbUIyQ04zeVRMZEdHdWhpSTlHZUJ1djgzRHRhOHdZTE9pUUJ0bHpvaHJZZUZyRjloV0JWcVV3aTRQN1ZkRQ==,2023-06-08 15:04:30.348246
youtube#commentThread,R4o9EKyTUE567J4H4UAjDduBwjE,UgwlZsldbuWTNv8pMNt4AaABAg,"{'videoId': 'uuh1ydDwwrQ', 'topLevelComment': {'kind': 'youtube#comment', 'etag': 'aMDIRmILOyGhS8Ol1QDZ_mb9UHc', 'id': 'UgwlZsldbuWTNv8pMNt4AaABAg', 'snippet': {'videoId': 'uuh1ydDwwrQ', 'textDisplay': 'Esse professor deve estar se borrando de medo ou deu uma resposta padronizada do Partido Chinês. Ele viu normalidade na retirada do ex-presidente???', 'textOriginal': 'Esse professor deve estar se borrando de medo ou deu uma resposta padronizada do Partido Chinês. Ele viu normalidade na retirada do ex-presidente???', 'authorDisplayName': 'Erlem Vieira', 'authorProfileImageUrl': 'https://yt3.ggpht.com/ytc/AGIKgqO1Gbd6Ow_MK6gvNkqP3YnGJ0leSpPzEv_xEw=s48-c-k-c0x00ffffff-no-rj', 'authorChannelUrl': 'http://www.youtube.com/channel/UCnnX5JwJzjc9aBPhzBA3OgA', 'authorChannelId': {'value': 'UCnnX5JwJzjc9aBPhzBA3OgA'}, 'canRate': True, 'viewerRating': 'none', 'likeCount': 0, 'publishedAt': '2022-10-22T23:25:36Z', 'updatedAt': '2022-10-22T23:25:36Z'}}, 'canReply': True, 'totalReplyCount': 0, 'isPublic': True}",,UCnnX5JwJzjc9aBPhzBA3OgA,2022-10-22T23:25:36Z,Esse professor deve estar se borrando de medo ou deu uma resposta padronizada do Partido Chinês. Ele viu normalidade na retirada do ex-presidente???,QURTSl9pMnBTemZzbGJfY2NYbUIyQ04zeVRMZEdHdWhpSTlHZUJ1djgzRHRhOHdZTE9pUUJ0bHpvaHJZZUZyRjloV0JWcVV3aTRQN1ZkRQ==,2023-06-08 15:04:30.348246
youtube#commentThread,us4hPP0lz7DI93fap7P2szV_qDA,Ugy-fZikNgWmx16jtrJ4AaABAg,"{'videoId': 'uuh1ydDwwrQ', 'topLevelComment': {'kind': 'youtube#comment', 'etag': 'w6HrCihfgZulHK7QVDlqDjoz_Vk', 'id': 'Ugy-fZikNgWmx16jtrJ4AaABAg', 'snippet': {'videoId': 'uuh1ydDwwrQ', 'textDisplay': 'Isso é ditadura , que Deus nos livre da ditadura , que Deus nos livre do comunismo', 'textOriginal': 'Isso é ditadura , que Deus nos livre da ditadura , que Deus nos livre do comunismo', 'authorDisplayName': 'Pedro Gomes de sousa', 'authorProfileImageUrl': 'https://yt3.ggpht.com/ytc/AGIKgqMwVreZsudYtrSGlxCkZ8rvzEI9s3wa2A-PaA=s48-c-k-c0x00ffffff-no-rj', 'authorChannelUrl': 'http://www.youtube.com/channel/UC6rjTMI144P4w2W4TIdEQog', 'authorChannelId': {'value': 'UC6rjTMI144P4w2W4TIdEQog'}, 'canRate': True, 'viewerRating': 'none', 'likeCount': 0, 'publishedAt': '2022-10-22T23:25:11Z', 'updatedAt': '2022-10-22T23:25:11Z'}}, 'canReply': True, 'totalReplyCount': 0, 'isPublic': True}",,UC6rjTMI144P4w2W4TIdEQog,2022-10-22T23:25:11Z,"Isso é ditadura , que Deus nos livre da ditadura , que Deus nos livre do comunismo",QURTSl9pMnBTemZzbGJfY2NYbUIyQ04zeVRMZEdHdWhpSTlHZUJ1djgzRHRhOHdZTE9pUUJ0bHpvaHJZZUZyRjloV0JWcVV3aTRQN1ZkRQ==,2023-06-08 15:04:30.348246
youtube#commentThread,hxXRCVUKfShyIxpkEt-caMQ1v1o,UgzYpWeeJUiQKGmliV94AaABAg,"{'videoId': 'uuh1ydDwwrQ', 'topLevelComment': {'kind': 'youtube#comment', 'etag': '_VY06_MFy0akiz0jB_kgUhMyz7s', 'id': 'UgzYpWeeJUiQKGmliV94AaABAg', 'snippet': {'videoId': 'uuh1ydDwwrQ', 'textDisplay': 'Quem conhece a aculturação chinesa pelo comunismo, não pode negar que na China não se pode chamar de &quot;normal&quot; tal atitude. O especialista parece indicar sua simpatia pelo regime comunista chinês: muito cuidadoso em sua opinião. A verdade é que o ex-presidente chinês não expressou mal-estar ou mesmo pediu para sair... ademais, o vídeo não nos deixa negar que ele foi realmente puxado. Esperem um sumiço discreto do ex-comandante do PCC.', 'textOriginal': 'Quem conhece a aculturação chinesa pelo comunismo, não pode negar que na China não se pode chamar de ""normal"" tal atitude. O especialista parece indicar sua simpatia pelo regime comunista chinês: muito cuidadoso em sua opinião. A verdade é que o ex-presidente chinês não expressou mal-estar ou mesmo pediu para sair... ademais, o vídeo não nos deixa negar que ele foi realmente puxado. Esperem um sumiço discreto do ex-comandante do PCC.', 'authorDisplayName': 'BarbosaG.Ximaru', 'authorProfileImageUrl': 'https://yt3.ggpht.com/ytc/AGIKgqN3AIQ3BTT8jGqynY0MDOkgO7PvqXNZdCvcC8470A=s48-c-k-c0x00ffffff-no-rj', 'authorChannelUrl': 'http://www.youtube.com/channel/UCLAclMHY72T06D79PbJEV0g', 'authorChannelId': {'value': 'UCLAclMHY72T06D79PbJEV0g'}, 'canRate': True, 'viewerRating': 'none', 'likeCount': 10, 'publishedAt': '2022-10-22T23:23:30Z', 'updatedAt': '2022-10-22T23:23:30Z'}}, 'canReply': True, 'totalReplyCount': 1, 'isPublic': True}","{'comments': [{'kind': 'youtube#comment', 'etag': 'N03NQR2ING9Qg3xekteEzGIf5kM', 'id': 'UgzYpWeeJUiQKGmliV94AaABAg.9hVhO-HTJE-9haSiJ2H_g3', 'snippet': {'videoId': 'uuh1ydDwwrQ', 'textDisplay': '😂😂', 'textOriginal': '😂😂', 'parentId': 'UgzYpWeeJUiQKGmliV94AaABAg', 'authorDisplayName': '𝗔 𝗠𝗢𝗥𝗧𝗘 𝗗𝗘 𝗬𝗔𝗛𝗪𝗘𝗛 𝗗𝗘𝗠𝗜𝗨𝗥𝗚𝗢𝗦', 'authorProfileImageUrl': 'https://yt3.ggpht.com/CXLdSOu2MjUhWNKtP4R6pkFZ3msHsXGOU4TplMzK5uAKTRA-_h-vJzam0infbJItDDXcH6IFFQ=s48-c-k-c0x00ffffff-no-rj', 'authorChannelUrl': 'http://www.youtube.com/channel/UCIjGcLaglEs6xZ0YvWUvfgw', 'authorChannelId': {'value': 'UCIjGcLaglEs6xZ0YvWUvfgw'}, 'canRate': True, 'viewerRating': 'none', 'likeCount': 0, 'publishedAt': '2022-10-25T05:02:03Z', 'updatedAt': '2022-10-25T05:02:03Z'}}]}",UCLAclMHY72T06D79PbJEV0g,2022-10-22T23:23:30Z,"Quem conhece a aculturação chinesa pelo comunismo, não pode negar que na China não se pode chamar de ""normal"" tal atitude. O especialista parece indicar sua simpatia pelo regime comunista chinês: muito cuidadoso em sua opinião. A verdade é que o ex-presidente chinês não expressou mal-estar ou mesmo pediu para sair... ademais, o vídeo não nos deixa negar que ele foi realmente puxado. Esperem um sumiço discreto do ex-comandante do PCC.",QURTSl9pMnBTemZzbGJfY2NYbUIyQ04zeVRMZEdHdWhpSTlHZUJ1djgzRHRhOHdZTE9pUUJ0bHpvaHJZZUZyRjloV0JWcVV3aTRQN1ZkRQ==,2023-06-08 15:04:30.348246
youtube#commentThread,J1_ox8Jtg7DOLGZ55tFO3kmrzMs,Ugw9k1dWmP733i3KOa94AaABAg,"{'videoId': 'uuh1ydDwwrQ', 'topLevelComment': {'kind': 'youtube#comment', 'etag': 'NbUoJWAVwjr1ms2KQGInkgD3OYM', 'id': 'Ugw9k1dWmP733i3KOa94AaABAg', 'snippet': {'videoId': 'uuh1ydDwwrQ', 'textDisplay': 'Não me surpreenderá se ele amanhecer morto.', 'textOriginal': 'Não me surpreenderá se ele amanhecer morto.', 'authorDisplayName': 'Sid Oliveira', 'authorProfileImageUrl': 'https://yt3.ggpht.com/ytc/AGIKgqPWRSVuEGsX2cgBejXABpyVVpzhQf1lhy5myJNWtQ=s48-c-k-c0x00ffffff-no-rj', 'authorChannelUrl': 'http://www.youtube.com/channel/UCUSDANR55zHsT1larF39l3Q', 'authorChannelId': {'value': 'UCUSDANR55zHsT1larF39l3Q'}, 'canRate': True, 'viewerRating': 'none', 'likeCount': 0, 'publishedAt': '2022-10-22T23:23:20Z', 'updatedAt': '2022-10-22T23:23:20Z'}}, 'canReply': True, 'totalReplyCount': 0, 'isPublic': True}",,UCUSDANR55zHsT1larF39l3Q,2022-10-22T23:23:20Z,Não me surpreenderá se ele amanhecer morto.,QURTSl9pMnBTemZzbGJfY2NYbUIyQ04zeVRMZEdHdWhpSTlHZUJ1djgzRHRhOHdZTE9pUUJ0bHpvaHJZZUZyRjloV0JWcVV3aTRQN1ZkRQ==,2023-06-08 15:04:30.348246
youtube#commentThread,BGghp18wlZylkJYXgTYV--a0kFQ,Ugytmu8yNMQH3uxSNaZ4AaABAg,"{'videoId': 'uuh1ydDwwrQ', 'topLevelComment': {'kind': 'youtube#comment', 'etag': 'fVo_vd5BDt01vNXYS_mNGN96c40', 'id': 'Ugytmu8yNMQH3uxSNaZ4AaABAg', 'snippet': {'videoId': 'uuh1ydDwwrQ', 'textDisplay': 'Que ele não estava se sentindo bem??? Qdo alguem não está se sentindo bem, a pessoa sai logo e de livre e espontânea vontade, afinal a saúde está em primeiro lugar, e a propia pessoa quer mesmo é sair. Pelo que vi ele estava resistindo um pouco. Vindo desse país, tudo é mto bizarro e não confiável e sem dúvida questionável.', 'textOriginal': 'Que ele não estava se sentindo bem??? Qdo alguem não está se sentindo bem, a pessoa sai logo e de livre e espontânea vontade, afinal a saúde está em primeiro lugar, e a propia pessoa quer mesmo é sair. Pelo que vi ele estava resistindo um pouco. Vindo desse país, tudo é mto bizarro e não confiável e sem dúvida questionável.', 'authorDisplayName': 'Diana de Alencar', 'authorProfileImageUrl': 'https://yt3.ggpht.com/ytc/AGIKgqMeI7DHGt6sz62lZtvgmihhTGpYjAwf3wbhJk299A=s48-c-k-c0x00ffffff-no-rj', 'authorChannelUrl': 'http://www.youtube.com/channel/UC1XxoBKYAMttCvDUmAHS7PQ', 'authorChannelId': {'value': 'UC1XxoBKYAMttCvDUmAHS7PQ'}, 'canRate': True, 'viewerRating': 'none', 'likeCount': 4, 'publishedAt': '2022-10-22T23:23:18Z', 'updatedAt': '2022-10-22T23:23:18Z'}}, 'canReply': True, 'totalReplyCount': 0, 'isPublic': True}",,UC1XxoBKYAMttCvDUmAHS7PQ,2022-10-22T23:23:18Z,"Que ele não estava se sentindo bem??? Qdo alguem não está se sentindo bem, a pessoa sai logo e de livre e espontânea vontade, afinal a saúde está em primeiro lugar, e a propia pessoa quer mesmo é sair. Pelo que vi ele estava resistindo um pouco. Vindo desse país, tudo é mto bizarro e não confiável e sem dúvida questionável.",QURTSl9pMnBTemZzbGJfY2NYbUIyQ04zeVRMZEdHdWhpSTlHZUJ1djgzRHRhOHdZTE9pUUJ0bHpvaHJZZUZyRjloV0JWcVV3aTRQN1ZkRQ==,2023-06-08 15:04:30.348246
youtube#commentThread,q4EmS_ugzoBxtASI18f9u0e_0RE,Ugz-rT5MRblBXWHo2w54AaABAg,"{'videoId': 'uuh1ydDwwrQ', 'topLevelComment': {'kind': 'youtube#comment', 'etag': 'N9GJLoFPK6NhQ_s7HFi_MQBG7as', 'id': 'Ugz-rT5MRblBXWHo2w54AaABAg', 'snippet': {'videoId': 'uuh1ydDwwrQ', 'textDisplay': 'O Lula falou q a China é um exemplo a ser copiado kkk', 'textOriginal': 'O Lula falou q a China é um exemplo a ser copiado kkk', 'authorDisplayName': 'Henrique Araujo', 'authorProfileImageUrl': 'https://yt3.ggpht.com/ytc/AGIKgqO4LBl_QbEhgWEVePbLgpTbBabxu503eXOp=s48-c-k-c0x00ffffff-no-rj', 'authorChannelUrl': 'http://www.youtube.com/channel/UChYk_7GJUxhndC_l3eCAVmg', 'authorChannelId': {'value': 'UChYk_7GJUxhndC_l3eCAVmg'}, 'canRate': True, 'viewerRating': 'none', 'likeCount': 0, 'publishedAt': '2022-10-22T23:22:13Z', 'updatedAt': '2022-10-22T23:22:13Z'}}, 'canReply': True, 'totalReplyCount': 0, 'isPublic': True}",,UChYk_7GJUxhndC_l3eCAVmg,2022-10-22T23:22:13Z,O Lula falou q a China é um exemplo a ser copiado kkk,QURTSl9pMnBTemZzbGJfY2NYbUIyQ04zeVRMZEdHdWhpSTlHZUJ1djgzRHRhOHdZTE9pUUJ0bHpvaHJZZUZyRjloV0JWcVV3aTRQN1ZkRQ==,2023-06-08 15:04:30.348246
youtube#commentThread,kpWDKuxC4seVwPjMhSjHhrI9VzA,Ugwz1ZetYxmydu8ZmY54AaABAg,"{'videoId': 'uuh1ydDwwrQ', 'topLevelComment': {'kind': 'youtube#comment', 'etag': 'F5mFE_WnSUhvpqXcb2GbEAw6VI8', 'id': 'Ugwz1ZetYxmydu8ZmY54AaABAg', 'snippet': {'videoId': 'uuh1ydDwwrQ', 'textDisplay': 'Ele, deve ter contrariado xi lulu, e sabe como é contrariar comunista.', 'textOriginal': 'Ele, deve ter contrariado xi lulu, e sabe como é contrariar comunista.', 'authorDisplayName': 'Gil Candido Rodrigues', 'authorProfileImageUrl': 'https://yt3.ggpht.com/AS1HBKtIO_Yf-E7RYVCt3mw3Ewq2uLs4JdBir0dphzJAEpD1kcQ7PQVnl5Z6_dnQ9dHb6YU2WQ=s48-c-k-c0x00ffffff-no-rj', 'authorChannelUrl': 'http://www.youtube.com/channel/UCF0hmfhFdDB_FjE9BUyRXMA', 'authorChannelId': {'value': 'UCF0hmfhFdDB_FjE9BUyRXMA'}, 'canRate': True, 'viewerRating': 'none', 'likeCount': 0, 'publishedAt': '2022-10-22T23:16:32Z', 'updatedAt': '2022-10-22T23:16:32Z'}}, 'canReply': True, 'totalReplyCount': 0, 'isPublic': True}",,UCF0hmfhFdDB_FjE9BUyRXMA,2022-10-22T23:16:32Z,"Ele, deve ter contrariado xi lulu, e sabe como é contrariar comunista.",QURTSl9pMnBTemZzbGJfY2NYbUIyQ04zeVRMZEdHdWhpSTlHZUJ1djgzRHRhOHdZTE9pUUJ0bHpvaHJZZUZyRjloV0JWcVV3aTRQN1ZkRQ==,2023-06-08 15:04:30.348246
youtube#commentThread,GW3eMfwbzwA2LsNFK_ojlIWbYTw,UgyqpLZGck4nsXtDyrt4AaABAg,"{'videoId': 'uuh1ydDwwrQ', 'topLevelComment': {'kind': 'youtube#comment', 'etag': 'BbsPc1sK0goWr798fp5kkq3K1Tk', 'id': 'UgyqpLZGck4nsXtDyrt4AaABAg', 'snippet': {'videoId': 'uuh1ydDwwrQ', 'textDisplay': 'Boa noite a todOs.  Fala sério!!! Esse comentarista é professor da universidade da China. Vocês acham mesmo que ele falaria a verdade??? É comunista também. Até o sorrisinho dele é fake.', 'textOriginal': 'Boa noite a todOs.  Fala sério!!! Esse comentarista é professor da universidade da China. Vocês acham mesmo que ele falaria a verdade??? É comunista também. Até o sorrisinho dele é fake.', 'authorDisplayName': 'Isaias Rosa', 'authorProfileImageUrl': 'https://yt3.ggpht.com/ytc/AGIKgqNckBK1mfdloE6t2ynRXpmfdvhZl0MbuiTZw7fnFw=s48-c-k-c0x00ffffff-no-rj', 'authorChannelUrl': 'http://www.youtube.com/channel/UCa7lTfLghiiROQzTDMCagMQ', 'authorChannelId': {'value': 'UCa7lTfLghiiROQzTDMCagMQ'}, 'canRate': True, 'viewerRating': 'none', 'likeCount': 0, 'publishedAt': '2022-10-22T23:15:46Z', 'updatedAt': '2022-10-22T23:16:44Z'}}, 'canReply': True, 'totalReplyCount': 0, 'isPublic': True}",,UCa7lTfLghiiROQzTDMCagMQ,2022-10-22T23:15:46Z,Boa noite a todOs.  Fala sério!!! Esse comentarista é professor da universidade da China. Vocês acham mesmo que ele falaria a verdade??? É comunista também. Até o sorrisinho dele é fake.,QURTSl9pMnBTemZzbGJfY2NYbUIyQ04zeVRMZEdHdWhpSTlHZUJ1djgzRHRhOHdZTE9pUUJ0bHpvaHJZZUZyRjloV0JWcVV3aTRQN1ZkRQ==,2023-06-08 15:04:30.348246
youtube#commentThread,R2KnI7LCJpqU_-ssoHoFxpKyyIo,UgyYGiYGR5INrcdnILZ4AaABAg,"{'videoId': 'uuh1ydDwwrQ', 'topLevelComment': {'kind': 'youtube#comment', 'etag': 'iMSd8WR64BwmQKW2-xn62xVTgHY', 'id': 'UgyYGiYGR5INrcdnILZ4AaABAg', 'snippet': {'videoId': 'uuh1ydDwwrQ', 'textDisplay': 'Eis a democracia socialista.', 'textOriginal': 'Eis a democracia socialista.', 'authorDisplayName': 'Tchau Marx', 'authorProfileImageUrl': 'https://yt3.ggpht.com/80KuXOp7BK05CJTQf8JGP9_YRvE513ZFUfAtXnwg8i5mOV-WesqnpRL_yJv0FkYncyUGQAJJ=s48-c-k-c0x00ffffff-no-rj', 'authorChannelUrl': 'http://www.youtube.com/channel/UCvUCJIY9gdYh18jXtrzRLVA', 'authorChannelId': {'value': 'UCvUCJIY9gdYh18jXtrzRLVA'}, 'canRate': True, 'viewerRating': 'none', 'likeCount': 0, 'publishedAt': '2022-10-22T23:15:30Z', 'updatedAt': '2022-10-22T23:15:30Z'}}, 'canReply': True, 'totalReplyCount': 0, 'isPublic': True}",,UCvUCJIY9gdYh18jXtrzRLVA,2022-10-22T23:15:30Z,Eis a democracia socialista.,QURTSl9pMnBTemZzbGJfY2NYbUIyQ04zeVRMZEdHdWhpSTlHZUJ1djgzRHRhOHdZTE9pUUJ0bHpvaHJZZUZyRjloV0JWcVV3aTRQN1ZkRQ==,2023-06-08 15:04:30.348246
youtube#commentThread,74H67iMQ3o0jrt0DlRIct5LlS6I,UgyYPxuaO_6uYS1uCvR4AaABAg,"{'videoId': 'uuh1ydDwwrQ', 'topLevelComment': {'kind': 'youtube#comment', 'etag': 'HLqP-gxoLkckKNlP9t-p-7lV_NQ', 'id': 'UgyYPxuaO_6uYS1uCvR4AaABAg', 'snippet': {'videoId': 'uuh1ydDwwrQ', 'textDisplay': 'Já sei 😉 descobriram que ele é apoiador de Bolsonaro 😬🤣', 'textOriginal': 'Já sei 😉 descobriram que ele é apoiador de Bolsonaro 😬🤣', 'authorDisplayName': 'Miry Mary', 'authorProfileImageUrl': 'https://yt3.ggpht.com/ytc/AGIKgqPBqdThAuCJdrlVa32vdw0eJ1k-r7euU97ONGVliuMUl58EjLGI_ddm7HJAGesk=s48-c-k-c0x00ffffff-no-rj', 'authorChannelUrl': 'http://www.youtube.com/channel/UC6GgUyTXjR1vvGnBlAZsqyQ', 'authorChannelId': {'value': 'UC6GgUyTXjR1vvGnBlAZsqyQ'}, 'canRate': True, 'viewerRating': 'none', 'likeCount': 0, 'publishedAt': '2022-10-22T23:14:53Z', 'updatedAt': '2022-10-22T23:14:53Z'}}, 'canReply': True, 'totalReplyCount': 0, 'isPublic': True}",,UC6GgUyTXjR1vvGnBlAZsqyQ,2022-10-22T23:14:53Z,Já sei 😉 descobriram que ele é apoiador de Bolsonaro 😬🤣,QURTSl9pMnBTemZzbGJfY2NYbUIyQ04zeVRMZEdHdWhpSTlHZUJ1djgzRHRhOHdZTE9pUUJ0bHpvaHJZZUZyRjloV0JWcVV3aTRQN1ZkRQ==,2023-06-08 15:04:30.348246
youtube#commentThread,GVlAKOdv5Tew5YhrVptUmikXPOU,UgwpA9RREz9cBNkJVNh4AaABAg,"{'videoId': 'uuh1ydDwwrQ', 'topLevelComment': {'kind': 'youtube#comment', 'etag': 'kuwkdzLpjTEQCS-Q3w_tVmWflas', 'id': 'UgwpA9RREz9cBNkJVNh4AaABAg', 'snippet': {'videoId': 'uuh1ydDwwrQ', 'textDisplay': 'O SENHORZINHO FOI APUNHALADO NAS COSTAS POR XIJINPING , O SATANÁS EM PESSOA.', 'textOriginal': 'O SENHORZINHO FOI APUNHALADO NAS COSTAS POR XIJINPING , O SATANÁS EM PESSOA.', 'authorDisplayName': 'REMASTER-PROJECT  ', 'authorProfileImageUrl': 'https://yt3.ggpht.com/A0Vn-mep3BT7TUFIHH-3-XPt2yGi465GfzA2v3_JNwupoAgbyv7VscnE5AXeOqT74wsmyyxHRA=s48-c-k-c0x00ffffff-no-rj', 'authorChannelUrl': 'http://www.youtube.com/channel/UCStUdT8QWPynG7NWgLHMhtw', 'authorChannelId': {'value': 'UCStUdT8QWPynG7NWgLHMhtw'}, 'canRate': True, 'viewerRating': 'none', 'likeCount': 0, 'publishedAt': '2022-10-22T23:14:21Z', 'updatedAt': '2022-10-22T23:14:21Z'}}, 'canReply': True, 'totalReplyCount': 0, 'isPublic': True}",,UCStUdT8QWPynG7NWgLHMhtw,2022-10-22T23:14:21Z,"O SENHORZINHO FOI APUNHALADO NAS COSTAS POR XIJINPING , O SATANÁS EM PESSOA.",QURTSl9pMnBTemZzbGJfY2NYbUIyQ04zeVRMZEdHdWhpSTlHZUJ1djgzRHRhOHdZTE9pUUJ0bHpvaHJZZUZyRjloV0JWcVV3aTRQN1ZkRQ==,2023-06-08 15:04:30.348246
youtube#commentThread,MotlE0dgKUSQXPHyyiWXTrWvGGI,UgwwEmMuxd8PcMH_7cF4AaABAg,"{'videoId': 'uuh1ydDwwrQ', 'topLevelComment': {'kind': 'youtube#comment', 'etag': 'Y6HnTKZYfFTu5prRQ7bZRtAGsTU', 'id': 'UgwwEmMuxd8PcMH_7cF4AaABAg', 'snippet': {'videoId': 'uuh1ydDwwrQ', 'textDisplay': 'Sera que vai ter o CPF cancelado ou vai ser colocado em alguma lugar pra refletir sobre algo?', 'textOriginal': 'Sera que vai ter o CPF cancelado ou vai ser colocado em alguma lugar pra refletir sobre algo?', 'authorDisplayName': 'Avanilda Melo', 'authorProfileImageUrl': 'https://yt3.ggpht.com/ytc/AGIKgqONnYK_mK04-QQHf7loB4lD7pwYPhfdybu82-eHtg=s48-c-k-c0x00ffffff-no-rj', 'authorChannelUrl': 'http://www.youtube.com/channel/UCkmaYwxjus4ibHKM74zDqHA', 'authorChannelId': {'value': 'UCkmaYwxjus4ibHKM74zDqHA'}, 'canRate': True, 'viewerRating': 'none', 'likeCount': 7, 'publishedAt': '2022-10-22T23:11:49Z', 'updatedAt': '2022-10-22T23:11:49Z'}}, 'canReply': True, 'totalReplyCount': 0, 'isPublic': True}",,UCkmaYwxjus4ibHKM74zDqHA,2022-10-22T23:11:49Z,Sera que vai ter o CPF cancelado ou vai ser colocado em alguma lugar pra refletir sobre algo?,QURTSl9pMnBTemZzbGJfY2NYbUIyQ04zeVRMZEdHdWhpSTlHZUJ1djgzRHRhOHdZTE9pUUJ0bHpvaHJZZUZyRjloV0JWcVV3aTRQN1ZkRQ==,2023-06-08 15:04:30.348246
youtube#commentThread,LyFCntR6vL898mFMzb3pauP3tIg,UgzcwB37TWp8UfWBqQ14AaABAg,"{'videoId': 'uuh1ydDwwrQ', 'topLevelComment': {'kind': 'youtube#comment', 'etag': 'AZuLmeCcX9GfVyNHeuN2bia_DJE', 'id': 'UgzcwB37TWp8UfWBqQ14AaABAg', 'snippet': {'videoId': 'uuh1ydDwwrQ', 'textDisplay': 'Segundo fontes seguras que tenho ele fez cocô na calça e fedeu geral, aí o chiginping acionou o botão de pânico.', 'textOriginal': 'Segundo fontes seguras que tenho ele fez cocô na calça e fedeu geral, aí o chiginping acionou o botão de pânico.', 'authorDisplayName': 'Jordane Pereira Neves', 'authorProfileImageUrl': 'https://yt3.ggpht.com/ytc/AGIKgqMenzAUwgN3hATWJrJi_H2EMlkJzsnazCBB3A=s48-c-k-c0x00ffffff-no-rj', 'authorChannelUrl': 'http://www.youtube.com/channel/UCj3ikbk3NRV0D-PLXnYY29Q', 'authorChannelId': {'value': 'UCj3ikbk3NRV0D-PLXnYY29Q'}, 'canRate': True, 'viewerRating': 'none', 'likeCount': 0, 'publishedAt': '2022-10-22T23:11:32Z', 'updatedAt': '2022-10-22T23:14:02Z'}}, 'canReply': True, 'totalReplyCount': 0, 'isPublic': True}",,UCj3ikbk3NRV0D-PLXnYY29Q,2022-10-22T23:11:32Z,"Segundo fontes seguras que tenho ele fez cocô na calça e fedeu geral, aí o chiginping acionou o botão de pânico.",QURTSl9pMnBTemZzbGJfY2NYbUIyQ04zeVRMZEdHdWhpSTlHZUJ1djgzRHRhOHdZTE9pUUJ0bHpvaHJZZUZyRjloV0JWcVV3aTRQN1ZkRQ==,2023-06-08 15:04:30.348246
youtube#commentThread,BgCihJov5Z9fYLN5qzGyVblIzD0,Ugy45xHRfUKygpL8Uet4AaABAg,"{'videoId': 'uuh1ydDwwrQ', 'topLevelComment': {'kind': 'youtube#comment', 'etag': 'nR2QhQ1mhDkjaNpTRPYoP9pFPQE', 'id': 'Ugy45xHRfUKygpL8Uet4AaABAg', 'snippet': {'videoId': 'uuh1ydDwwrQ', 'textDisplay': 'Tiraram o ex presidente na marra, é nítido, o professor não quer enxergar o óbvio, o atual não deixou nem o ex presidente levar um documento que estava sobre a mesa.', 'textOriginal': 'Tiraram o ex presidente na marra, é nítido, o professor não quer enxergar o óbvio, o atual não deixou nem o ex presidente levar um documento que estava sobre a mesa.', 'authorDisplayName': 'Anderson Fagundes', 'authorProfileImageUrl': 'https://yt3.ggpht.com/JN6IhqXaSc3ePjw7qu-V5gaQ50mlL03M0-H2ZYxXf3ouXMh0bBntRNd5ICTdbXxvUAjl4dw4HQ=s48-c-k-c0x00ffffff-no-rj', 'authorChannelUrl': 'http://www.youtube.com/channel/UCCS-z84f57eLodtwKjA6r4A', 'authorChannelId': {'value': 'UCCS-z84f57eLodtwKjA6r4A'}, 'canRate': True, 'viewerRating': 'none', 'likeCount': 0, 'publishedAt': '2022-10-22T23:11:32Z', 'updatedAt': '2022-10-22T23:11:32Z'}}, 'canReply': True, 'totalReplyCount': 0, 'isPublic': True}",,UCCS-z84f57eLodtwKjA6r4A,2022-10-22T23:11:32Z,"Tiraram o ex presidente na marra, é nítido, o professor não quer enxergar o óbvio, o atual não deixou nem o ex presidente levar um documento que estava sobre a mesa.",QURTSl9pMnBTemZzbGJfY2NYbUIyQ04zeVRMZEdHdWhpSTlHZUJ1djgzRHRhOHdZTE9pUUJ0bHpvaHJZZUZyRjloV0JWcVV3aTRQN1ZkRQ==,2023-06-08 15:04:30.348246
youtube#commentThread,Ya9H_MIthPjYdHRUaK-uYe9iUps,Ugx9GYzrflqTID472l54AaABAg,"{'videoId': 'uuh1ydDwwrQ', 'topLevelComment': {'kind': 'youtube#comment', 'etag': 'YADKNIf2AkPZSF_pbwFX_d9Xpac', 'id': 'Ugx9GYzrflqTID472l54AaABAg', 'snippet': {'videoId': 'uuh1ydDwwrQ', 'textDisplay': 'Kkkkk &quot;não parece nada fora do normal&quot; é ótimo! Vcs realmente acharam que um professor da Universidade da China iria falar algo diferente? O cara não é louco e é obviamente adestrado para falar. Em resumo: não acreditem nos seus olhos, mas esperem a versão oficial do grande irmão.', 'textOriginal': 'Kkkkk ""não parece nada fora do normal"" é ótimo! Vcs realmente acharam que um professor da Universidade da China iria falar algo diferente? O cara não é louco e é obviamente adestrado para falar. Em resumo: não acreditem nos seus olhos, mas esperem a versão oficial do grande irmão.', 'authorDisplayName': 'Marco Silva', 'authorProfileImageUrl': 'https://yt3.ggpht.com/ytc/AGIKgqNOs-igJ_72WbKNlQwGGF38eZrGY55eVJVPQA=s48-c-k-c0x00ffffff-no-rj', 'authorChannelUrl': 'http://www.youtube.com/channel/UC_KdSsf4otBHcag9ZumvYJg', 'authorChannelId': {'value': 'UC_KdSsf4otBHcag9ZumvYJg'}, 'canRate': True, 'viewerRating': 'none', 'likeCount': 70, 'publishedAt': '2022-10-22T23:11:09Z', 'updatedAt': '2022-10-22T23:11:09Z'}}, 'canReply': True, 'totalReplyCount': 6, 'isPublic': True}","{'comments': [{'kind': 'youtube#comment', 'etag': '5T2DobJCVxW36tjwOdHZ-lTa4DE', 'id': 'Ugx9GYzrflqTID472l54AaABAg.9hVfyX-Xd2T9hev1Rdhewu', 'snippet': {'videoId': 'uuh1ydDwwrQ', 'textDisplay': 'Verdade..  Xi está no poder só a 10 anos. É lindo isso.. Fala besteira ô mico amestrado.. A vala é logo ali.. Há até uma coreografia pra retirar um.. Digamos inimigo político, como? Se só tem um partido.. Rapaz, ditadura é ditadura e ninguém faz xixi ou cocô na foto do chefe.. Experimenta!', 'textOriginal': 'Verdade..  Xi está no poder só a 10 anos. É lindo isso.. Fala besteira ô mico amestrado.. A vala é logo ali.. Há até uma coreografia pra retirar um.. Digamos inimigo político, como? Se só tem um partido.. Rapaz, ditadura é ditadura e ninguém faz xixi ou cocô na foto do chefe.. Experimenta!', 'parentId': 'Ugx9GYzrflqTID472l54AaABAg', 'authorDisplayName': 'Clodeildes Lima', 'authorProfileImageUrl': 'https://yt3.ggpht.com/YZcDmI65-g5aEmmb-98WLWlnW9Msvt3r_xCTwJCruxqDEp404q1KCuimj8BrWa_RCJNbrYYN1A=s48-c-k-c0x00ffffff-no-rj', 'authorChannelUrl': 'http://www.youtube.com/channel/UCz4AJwOyuFT_PD7mj3zjK4w', 'authorChannelId': {'value': 'UCz4AJwOyuFT_PD7mj3zjK4w'}, 'canRate': True, 'viewerRating': 'none', 'likeCount': 1, 'publishedAt': '2022-10-26T22:35:10Z', 'updatedAt': '2022-10-26T22:40:56Z'}}, {'kind': 'youtube#comment', 'etag': 'VbWGTbPOlhArwuqFAYZqmykgHts', 'id': 'Ugx9GYzrflqTID472l54AaABAg.9hVfyX-Xd2T9hZuPSYLCtm', 'snippet': {'videoId': 'uuh1ydDwwrQ', 'textDisplay': 'No canal do Jaison Rosa, ele fez outras observações, inclusive não permitiram que o ex-presidente da China levasse uns papéis que estava com ele. O próprio atual ditador não permitiu. Jamais saberemos o motivo que o retiraram do local. Esse professor vem dizer que foi por causa de sua saúde? Que hipócrita!', 'textOriginal': 'No canal do Jaison Rosa, ele fez outras observações, inclusive não permitiram que o ex-presidente da China levasse uns papéis que estava com ele. O próprio atual ditador não permitiu. Jamais saberemos o motivo que o retiraram do local. Esse professor vem dizer que foi por causa de sua saúde? Que hipócrita!', 'parentId': 'Ugx9GYzrflqTID472l54AaABAg', 'authorDisplayName': 'Josely Assis Alves', 'authorProfileImageUrl': 'https://yt3.ggpht.com/ytc/AGIKgqNCRlFx9MFNoFb54ca8pfohLTNTAFuLIMPmfw=s48-c-k-c0x00ffffff-no-rj', 'authorChannelUrl': 'http://www.youtube.com/channel/UCmkGZrjHTzlGDjA4SCnE_ow', 'authorChannelId': {'value': 'UCmkGZrjHTzlGDjA4SCnE_ow'}, 'canRate': True, 'viewerRating': 'none', 'likeCount': 0, 'publishedAt': '2022-10-24T14:34:16Z', 'updatedAt': '2022-10-24T14:34:16Z'}}, {'kind': 'youtube#comment', 'etag': 'LcYra0EQBMAaBrJFKbXNEmBXPDI', 'id': 'Ugx9GYzrflqTID472l54AaABAg.9hVfyX-Xd2T9hZWKHbls44', 'snippet': {'videoId': 'uuh1ydDwwrQ', 'textDisplay': 'E nós sabemos exatamente como tiveram aumento no PIB deles 😢<br>Não tem como a emissora ouvir quem vive lá… muitos somem se falar demais.', 'textOriginal': 'E nós sabemos exatamente como tiveram aumento no PIB deles 😢\\nNão tem como a emissora ouvir quem vive lá… muitos somem se falar demais.', 'parentId': 'Ugx9GYzrflqTID472l54AaABAg', 'authorDisplayName': 'Little Brasil', 'authorProfileImageUrl': 'https://yt3.ggpht.com/ytc/AGIKgqO-14N7qc_QbwFQkqll4FiIjA1wYl69_k3RntHQ0w=s48-c-k-c0x00ffffff-no-rj', 'authorChannelUrl': 'http://www.youtube.com/channel/UCw4q4cQU8p5zTzvCGs_yMFw', 'authorChannelId': {'value': 'UCw4q4cQU8p5zTzvCGs_yMFw'}, 'canRate': True, 'viewerRating': 'none', 'likeCount': 4, 'publishedAt': '2022-10-24T10:55:06Z', 'updatedAt': '2022-10-24T10:55:06Z'}}, {'kind': 'youtube#comment', 'etag': 'wPYlcawUK7Z1W1tvBE4ek0-yyQY', 'id': 'Ugx9GYzrflqTID472l54AaABAg.9hVfyX-Xd2T9hZSGLSk_bS', 'snippet': {'videoId': 'uuh1ydDwwrQ', 'textDisplay': 'EXATO!😆', 'textOriginal': 'EXATO!😆', 'parentId': 'Ugx9GYzrflqTID472l54AaABAg', 'authorDisplayName': 'Maria', 'authorProfileImageUrl': 'https://yt3.ggpht.com/ytc/AGIKgqNsRycjQJuI-AlzuZ_7XfXeCi_4dcM-3W1GdYMkE-LqoC2U27ho0zZZ-7hrir56=s48-c-k-c0x00ffffff-no-rj', 'authorChannelUrl': 'http://www.youtube.com/channel/UCPrqMR3SwjDxm99RKyK8fCw', 'authorChannelId': {'value': 'UCPrqMR3SwjDxm99RKyK8fCw'}, 'canRate': True, 'viewerRating': 'none', 'likeCount': 3, 'publishedAt': '2022-10-24T10:19:37Z', 'updatedAt': '2022-10-24T10:19:37Z'}}, {'kind': 'youtube#comment', 'etag': '4aWYjqao_pkqiiMMSeoGEMLDoOQ', 'id': 'Ugx9GYzrflqTID472l54AaABAg.9hVfyX-Xd2T9hX50OUqd2g', 'snippet': {'videoId': 'uuh1ydDwwrQ', 'textDisplay': 'Esses caras são uns canalhas , a esta hora já deve estar morto , esse professor é um canalha', 'textOriginal': 'Esses caras são uns canalhas , a esta hora já deve estar morto , esse professor é um canalha', 'parentId': 'Ugx9GYzrflqTID472l54AaABAg', 'authorDisplayName': 'silvia eliana Silva Luz', 'authorProfileImageUrl': 'https://yt3.ggpht.com/ytc/AGIKgqMwQcqr9Q6bsxZ0EQtEBDggwuRDuEsVx3mNVQ=s48-c-k-c0x00ffffff-no-rj', 'authorChannelUrl': 'http://www.youtube.com/channel/UC1tLIeY6KPKlNpuce1rDtbA', 'authorChannelId': {'value': 'UC1tLIeY6KPKlNpuce1rDtbA'}, 'canRate': True, 'viewerRating': 'none', 'likeCount': 1, 'publishedAt': '2022-10-23T12:17:58Z', 'updatedAt': '2022-10-23T12:17:58Z'}}]}",UC_KdSsf4otBHcag9ZumvYJg,2022-10-22T23:11:09Z,"Kkkkk ""não parece nada fora do normal"" é ótimo! Vcs realmente acharam que um professor da Universidade da China iria falar algo diferente? O cara não é louco e é obviamente adestrado para falar. Em resumo: não acreditem nos seus olhos, mas esperem a versão oficial do grande irmão.",QURTSl9pMnBTemZzbGJfY2NYbUIyQ04zeVRMZEdHdWhpSTlHZUJ1djgzRHRhOHdZTE9pUUJ0bHpvaHJZZUZyRjloV0JWcVV3aTRQN1ZkRQ==,2023-06-08 15:04:30.348246
youtube#commentThread,-ShpoDs8fEM-ktnYoTYEcsOcD-g,UgwEXcCugTITlt35PFR4AaABAg,"{'videoId': 'uuh1ydDwwrQ', 'topLevelComment': {'kind': 'youtube#comment', 'etag': '_gR_MVy7xo2lsur3vmfDsgfBcms', 'id': 'UgwEXcCugTITlt35PFR4AaABAg', 'snippet': {'videoId': 'uuh1ydDwwrQ', 'textDisplay': 'Se perguntarem a este cara o que é campo de reeducação, ele vai dizer que é programa de reforço escolar, do lindo Partido Comunista.', 'textOriginal': 'Se perguntarem a este cara o que é campo de reeducação, ele vai dizer que é programa de reforço escolar, do lindo Partido Comunista.', 'authorDisplayName': 'Nelson Gomes', 'authorProfileImageUrl': 'https://yt3.ggpht.com/ytc/AGIKgqMnu-RAY5hh0FBBG_jNIgOD7jZBNRLe28Z4MwB3=s48-c-k-c0x00ffffff-no-rj', 'authorChannelUrl': 'http://www.youtube.com/channel/UCgwdrh6tqPdD2OKHMcwO3uA', 'authorChannelId': {'value': 'UCgwdrh6tqPdD2OKHMcwO3uA'}, 'canRate': True, 'viewerRating': 'none', 'likeCount': 0, 'publishedAt': '2022-10-22T23:10:23Z', 'updatedAt': '2022-10-22T23:10:23Z'}}, 'canReply': True, 'totalReplyCount': 0, 'isPublic': True}",,UCgwdrh6tqPdD2OKHMcwO3uA,2022-10-22T23:10:23Z,"Se perguntarem a este cara o que é campo de reeducação, ele vai dizer que é programa de reforço escolar, do lindo Partido Comunista.",QURTSl9pMnBTemZzbGJfY2NYbUIyQ04zeVRMZEdHdWhpSTlHZUJ1djgzRHRhOHdZTE9pUUJ0bHpvaHJZZUZyRjloV0JWcVV3aTRQN1ZkRQ==,2023-06-08 15:04:30.348246
youtube#commentThread,mqfv33dL5To0Xexvve7swX-49Ao,Ugyi32r2q4UNp6KrkoF4AaABAg,"{'videoId': 'uuh1ydDwwrQ', 'topLevelComment': {'kind': 'youtube#comment', 'etag': 'TPQuvhMTH_GUtcZ1TqcaJr10hTc', 'id': 'Ugyi32r2q4UNp6KrkoF4AaABAg', 'snippet': {'videoId': 'uuh1ydDwwrQ', 'textDisplay': 'O governo chinês sendo governo chinês', 'textOriginal': 'O governo chinês sendo governo chinês', 'authorDisplayName': 'Paulo Ricardo Almeida', 'authorProfileImageUrl': 'https://yt3.ggpht.com/ytc/AGIKgqN7s-fxm_Esugv63eAyMrTUAHCb_cDukpG5-yOQ=s48-c-k-c0x00ffffff-no-rj', 'authorChannelUrl': 'http://www.youtube.com/channel/UC3PLNAPWSFlKnWviMBkTeSA', 'authorChannelId': {'value': 'UC3PLNAPWSFlKnWviMBkTeSA'}, 'canRate': True, 'viewerRating': 'none', 'likeCount': 0, 'publishedAt': '2022-10-22T23:10:12Z', 'updatedAt': '2022-10-22T23:10:12Z'}}, 'canReply': True, 'totalReplyCount': 0, 'isPublic': True}",,UC3PLNAPWSFlKnWviMBkTeSA,2022-10-22T23:10:12Z,O governo chinês sendo governo chinês,QURTSl9pMnBTemZzbGJfY2NYbUIyQ04zeVRMZEdHdWhpSTlHZUJ1djgzRHRhOHdZTE9pUUJ0bHpvaHJZZUZyRjloV0JWcVV3aTRQN1ZkRQ==,2023-06-08 15:04:30.348246
youtube#commentThread,cRTdio_r7I_1_S3Ae-YR2CUAeNA,Ugw48OEnPock61yZhkB4AaABAg,"{'videoId': 'uuh1ydDwwrQ', 'topLevelComment': {'kind': 'youtube#comment', 'etag': '5GAEw6HXs9xWRYUgDAxzg63P_yI', 'id': 'Ugw48OEnPock61yZhkB4AaABAg', 'snippet': {'videoId': 'uuh1ydDwwrQ', 'textDisplay': 'VOCÊS CONVIDARAM ESSE PROFESSOR PARA FALAR MENTIRAS. VASSALO DOS AMARELOS.', 'textOriginal': 'VOCÊS CONVIDARAM ESSE PROFESSOR PARA FALAR MENTIRAS. VASSALO DOS AMARELOS.', 'authorDisplayName': 'Washington Santana', 'authorProfileImageUrl': 'https://yt3.ggpht.com/ytc/AGIKgqNzvfHrQfh-F-52fYuW72Aj8cOz4eHGfkUjZsgJ=s48-c-k-c0x00ffffff-no-rj', 'authorChannelUrl': 'http://www.youtube.com/channel/UCxxX0wBCj0R3J7QIMR2sYQw', 'authorChannelId': {'value': 'UCxxX0wBCj0R3J7QIMR2sYQw'}, 'canRate': True, 'viewerRating': 'none', 'likeCount': 0, 'publishedAt': '2022-10-22T23:08:39Z', 'updatedAt': '2022-10-22T23:08:39Z'}}, 'canReply': True, 'totalReplyCount': 0, 'isPublic': True}",,UCxxX0wBCj0R3J7QIMR2sYQw,2022-10-22T23:08:39Z,VOCÊS CONVIDARAM ESSE PROFESSOR PARA FALAR MENTIRAS. VASSALO DOS AMARELOS.,QURTSl9pMnBTemZzbGJfY2NYbUIyQ04zeVRMZEdHdWhpSTlHZUJ1djgzRHRhOHdZTE9pUUJ0bHpvaHJZZUZyRjloV0JWcVV3aTRQN1ZkRQ==,2023-06-08 15:04:30.348246
youtube#commentThread,CMAPad4JhzxZ3rUOIVnjL9WtVEc,UgymfDj7b1McJAt-sUd4AaABAg,"{'videoId': 'uuh1ydDwwrQ', 'topLevelComment': {'kind': 'youtube#comment', 'etag': '3_11Jhl1i_kjB9JcupIxaBnng88', 'id': 'UgymfDj7b1McJAt-sUd4AaABAg', 'snippet': {'videoId': 'uuh1ydDwwrQ', 'textDisplay': 'Provando do seu próprio veneno ,por contribuir para essa praga que é o regime comunismo no mundo ,e na china o qual ele com certeza Ama...,o mau caráter também envelhece ! Tá chegando a hora dessa velha raposa prestar contas a Deus pelos males que também  causou .', 'textOriginal': 'Provando do seu próprio veneno ,por contribuir para essa praga que é o regime comunismo no mundo ,e na china o qual ele com certeza Ama...,o mau caráter também envelhece ! Tá chegando a hora dessa velha raposa prestar contas a Deus pelos males que também  causou .', 'authorDisplayName': 'Carlos Costa', 'authorProfileImageUrl': 'https://yt3.ggpht.com/nzPbP3FChUOZrUwH9vaykiIM0IJt-ZBzV0kd2suJ9bVSnbMrsfCWhSeQnY7GrH0xOCkjWfbm=s48-c-k-c0x00ffffff-no-rj', 'authorChannelUrl': 'http://www.youtube.com/channel/UCTNaphC8AswgnziIWZLpHfQ', 'authorChannelId': {'value': 'UCTNaphC8AswgnziIWZLpHfQ'}, 'canRate': True, 'viewerRating': 'none', 'likeCount': 0, 'publishedAt': '2022-10-22T23:03:57Z', 'updatedAt': '2022-10-22T23:03:57Z'}}, 'canReply': True, 'totalReplyCount': 0, 'isPublic': True}",,UCTNaphC8AswgnziIWZLpHfQ,2022-10-22T23:03:57Z,"Provando do seu próprio veneno ,por contribuir para essa praga que é o regime comunismo no mundo ,e na china o qual ele com certeza Ama...,o mau caráter também envelhece ! Tá chegando a hora dessa velha raposa prestar contas a Deus pelos males que também  causou .",QURTSl9pMnBTemZzbGJfY2NYbUIyQ04zeVRMZEdHdWhpSTlHZUJ1djgzRHRhOHdZTE9pUUJ0bHpvaHJZZUZyRjloV0JWcVV3aTRQN1ZkRQ==,2023-06-08 15:04:30.348246
youtube#commentThread,m4UYxOWFCA2IKOsdwdl_-2eof94,UgwFuMvzqoifUUfqGXF4AaABAg,"{'videoId': 'uuh1ydDwwrQ', 'topLevelComment': {'kind': 'youtube#comment', 'etag': 'ircfSzDU65RbB3I6nUomPObJGrw', 'id': 'UgwFuMvzqoifUUfqGXF4AaABAg', 'snippet': {'videoId': 'uuh1ydDwwrQ', 'textDisplay': 'Esse especialista comentador é uma piada. O mensalão chinês faz milagres.', 'textOriginal': 'Esse especialista comentador é uma piada. O mensalão chinês faz milagres.', 'authorDisplayName': 'Antonio Jose Carapito', 'authorProfileImageUrl': 'https://yt3.ggpht.com/ytc/AGIKgqMtIQ4IYh2ynLcLxNeJBzbz2VWsntkH6rPczv5-=s48-c-k-c0x00ffffff-no-rj', 'authorChannelUrl': 'http://www.youtube.com/channel/UCI0bzjeHG-UFl3JdZCmT78g', 'authorChannelId': {'value': 'UCI0bzjeHG-UFl3JdZCmT78g'}, 'canRate': True, 'viewerRating': 'none', 'likeCount': 0, 'publishedAt': '2022-10-22T22:59:45Z', 'updatedAt': '2022-10-22T23:03:38Z'}}, 'canReply': True, 'totalReplyCount': 0, 'isPublic': True}",,UCI0bzjeHG-UFl3JdZCmT78g,2022-10-22T22:59:45Z,Esse especialista comentador é uma piada. O mensalão chinês faz milagres.,QURTSl9pMnBTemZzbGJfY2NYbUIyQ04zeVRMZEdHdWhpSTlHZUJ1djgzRHRhOHdZTE9pUUJ0bHpvaHJZZUZyRjloV0JWcVV3aTRQN1ZkRQ==,2023-06-08 15:04:30.348246
youtube#commentThread,xu5R6xae82-KFpsOU3j5tj5YV6Q,UgxKl7dtNmMIcoUzZEt4AaABAg,"{'videoId': 'uuh1ydDwwrQ', 'topLevelComment': {'kind': 'youtube#comment', 'etag': 'QB8gexEqfy2lqXzsaYHChocQ0Lw', 'id': 'UgxKl7dtNmMIcoUzZEt4AaABAg', 'snippet': {'videoId': 'uuh1ydDwwrQ', 'textDisplay': 'Só falta me dizer que esse Hu Jintao foi expulso por defender uma pauta conservadora! Não duvido nada de país comunista!', 'textOriginal': 'Só falta me dizer que esse Hu Jintao foi expulso por defender uma pauta conservadora! Não duvido nada de país comunista!', 'authorDisplayName': 'Pai & Filho Games', 'authorProfileImageUrl': 'https://yt3.ggpht.com/Igvh_Qn9F2BrgmJehuR4E80uxcXcOst_Yxrnevx2S5Op9_0-6bMqE8Lx-e9k59mosOAaKQdbpw=s48-c-k-c0x00ffffff-no-rj', 'authorChannelUrl': 'http://www.youtube.com/channel/UCQmioZZkzYzZPHyJ7LXvzxA', 'authorChannelId': {'value': 'UCQmioZZkzYzZPHyJ7LXvzxA'}, 'canRate': True, 'viewerRating': 'none', 'likeCount': 0, 'publishedAt': '2022-10-22T22:57:27Z', 'updatedAt': '2022-10-22T22:57:27Z'}}, 'canReply': True, 'totalReplyCount': 0, 'isPublic': True}",,UCQmioZZkzYzZPHyJ7LXvzxA,2022-10-22T22:57:27Z,Só falta me dizer que esse Hu Jintao foi expulso por defender uma pauta conservadora! Não duvido nada de país comunista!,QURTSl9pMnBTemZzbGJfY2NYbUIyQ04zeVRMZEdHdWhpSTlHZUJ1djgzRHRhOHdZTE9pUUJ0bHpvaHJZZUZyRjloV0JWcVV3aTRQN1ZkRQ==,2023-06-08 15:04:30.348246
youtube#commentThread,BioDwNmx0hYGqk1tyrmy_AirfyA,Ugyjpdbauz8ABClZ6CV4AaABAg,"{'videoId': 'uuh1ydDwwrQ', 'topLevelComment': {'kind': 'youtube#comment', 'etag': 'ou_2j3MMaDJPWP1c7fZ-B10uHLA', 'id': 'Ugyjpdbauz8ABClZ6CV4AaABAg', 'snippet': {'videoId': 'uuh1ydDwwrQ', 'textDisplay': 'Extrema esquerda censura os outros e a si mesmo. O nino da pan, Leonardo grandini, que estava com o terrorista Zé Dirceu semana passada, foi ameaçado pelo próprio partido.', 'textOriginal': 'Extrema esquerda censura os outros e a si mesmo. O nino da pan, Leonardo grandini, que estava com o terrorista Zé Dirceu semana passada, foi ameaçado pelo próprio partido.', 'authorDisplayName': 'Paulo Silveira', 'authorProfileImageUrl': 'https://yt3.ggpht.com/ytc/AGIKgqO-tvKUOjSSH1dx2bskmCJoWmWkzVc2eiBixurp9A=s48-c-k-c0x00ffffff-no-rj', 'authorChannelUrl': 'http://www.youtube.com/channel/UCQmbBUIL5nw3rLeA3IZ--_w', 'authorChannelId': {'value': 'UCQmbBUIL5nw3rLeA3IZ--_w'}, 'canRate': True, 'viewerRating': 'none', 'likeCount': 0, 'publishedAt': '2022-10-22T22:56:48Z', 'updatedAt': '2022-10-22T22:56:48Z'}}, 'canReply': True, 'totalReplyCount': 0, 'isPublic': True}",,UCQmbBUIL5nw3rLeA3IZ--_w,2022-10-22T22:56:48Z,"Extrema esquerda censura os outros e a si mesmo. O nino da pan, Leonardo grandini, que estava com o terrorista Zé Dirceu semana passada, foi ameaçado pelo próprio partido.",QURTSl9pMnBTemZzbGJfY2NYbUIyQ04zeVRMZEdHdWhpSTlHZUJ1djgzRHRhOHdZTE9pUUJ0bHpvaHJZZUZyRjloV0JWcVV3aTRQN1ZkRQ==,2023-06-08 15:04:30.348246
youtube#commentThread,vRYgvevXPk_0-5XR4obP9RVmKbM,UgzYiEyc_kQRDuaonjt4AaABAg,"{'videoId': 'uuh1ydDwwrQ', 'topLevelComment': {'kind': 'youtube#comment', 'etag': '4YEToW7LBPCI1rNNH7nQiLlOmPQ', 'id': 'UgzYiEyc_kQRDuaonjt4AaABAg', 'snippet': {'videoId': 'uuh1ydDwwrQ', 'textDisplay': 'Kkkkkkkkkkk! O Regime está cortando a cabeça dos contra o atual!', 'textOriginal': 'Kkkkkkkkkkk! O Regime está cortando a cabeça dos contra o atual!', 'authorDisplayName': 'Cesar de Castro Silva', 'authorProfileImageUrl': 'https://yt3.ggpht.com/ytc/AGIKgqN1hRUXG90A2voNizgyjkXUZ6W8waXmZyFPhw=s48-c-k-c0x00ffffff-no-rj', 'authorChannelUrl': 'http://www.youtube.com/channel/UC6V7cWhfwBtJGb-WI2PYwWw', 'authorChannelId': {'value': 'UC6V7cWhfwBtJGb-WI2PYwWw'}, 'canRate': True, 'viewerRating': 'none', 'likeCount': 0, 'publishedAt': '2022-10-22T22:56:24Z', 'updatedAt': '2022-10-22T22:56:24Z'}}, 'canReply': True, 'totalReplyCount': 0, 'isPublic': True}",,UC6V7cWhfwBtJGb-WI2PYwWw,2022-10-22T22:56:24Z,Kkkkkkkkkkk! O Regime está cortando a cabeça dos contra o atual!,QURTSl9pMnBTemZzbGJfY2NYbUIyQ04zeVRMZEdHdWhpSTlHZUJ1djgzRHRhOHdZTE9pUUJ0bHpvaHJZZUZyRjloV0JWcVV3aTRQN1ZkRQ==,2023-06-08 15:04:30.348246
youtube#commentThread,-ykgPJ7q70ukw5IbvS1SqG_Gbsg,UgzXVop_7tQhV56fC_94AaABAg,"{'videoId': 'uuh1ydDwwrQ', 'topLevelComment': {'kind': 'youtube#comment', 'etag': '_9SjY9i0f4d0Frv_3-hcHeM3bcU', 'id': 'UgzXVop_7tQhV56fC_94AaABAg', 'snippet': {'videoId': 'uuh1ydDwwrQ', 'textDisplay': 'quem disse que na China tem presidente, não acredito em nada que vem de uma ditadura comunista', 'textOriginal': 'quem disse que na China tem presidente, não acredito em nada que vem de uma ditadura comunista', 'authorDisplayName': 'Vaqueiro Sousa', 'authorProfileImageUrl': 'https://yt3.ggpht.com/ytc/AGIKgqO7MDNq4kxIRz957-yxwQS6e6_YtaUFYmlB4PUeoNxpDzN06C4De8IF3s5Kwxmr=s48-c-k-c0x00ffffff-no-rj', 'authorChannelUrl': 'http://www.youtube.com/channel/UCndIyQeAfAA5Cde0Mg4AKLQ', 'authorChannelId': {'value': 'UCndIyQeAfAA5Cde0Mg4AKLQ'}, 'canRate': True, 'viewerRating': 'none', 'likeCount': 0, 'publishedAt': '2022-10-22T22:54:16Z', 'updatedAt': '2022-10-22T22:54:16Z'}}, 'canReply': True, 'totalReplyCount': 0, 'isPublic': True}",,UCndIyQeAfAA5Cde0Mg4AKLQ,2022-10-22T22:54:16Z,"quem disse que na China tem presidente, não acredito em nada que vem de uma ditadura comunista",QURTSl9pMnBTemZzbGJfY2NYbUIyQ04zeVRMZEdHdWhpSTlHZUJ1djgzRHRhOHdZTE9pUUJ0bHpvaHJZZUZyRjloV0JWcVV3aTRQN1ZkRQ==,2023-06-08 15:04:30.348246
youtube#commentThread,S304w8iWRB9nQ7OR4t2Rfi-ldZ0,UgyJUKUTokGgWRY10SZ4AaABAg,"{'videoId': 'uuh1ydDwwrQ', 'topLevelComment': {'kind': 'youtube#comment', 'etag': 'c3HI2Ic9zm51XfBuL0OeGRT0Iqs', 'id': 'UgyJUKUTokGgWRY10SZ4AaABAg', 'snippet': {'videoId': 'uuh1ydDwwrQ', 'textDisplay': 'Ainda tem gente que acredito nas informações enviadas da China???? Só débil metal pra acreditar!!!!! &quot;&quot;LIBERDADE &quot;&quot;&quot; o povo não sabe e nunca sentiu na pele o que é!!!!', 'textOriginal': 'Ainda tem gente que acredito nas informações enviadas da China???? Só débil metal pra acreditar!!!!! """"LIBERDADE """""" o povo não sabe e nunca sentiu na pele o que é!!!!', 'authorDisplayName': 'Lourdes Ferrari', 'authorProfileImageUrl': 'https://yt3.ggpht.com/ytc/AGIKgqOBYQE6ToC_h5c3qg9OJ2PdELalJcLr4md9OkKgU6uzc8-x2iapHNv-fR1B5eDv=s48-c-k-c0x00ffffff-no-rj', 'authorChannelUrl': 'http://www.youtube.com/channel/UCDc0pI_-nmKxAfmO3o4PEWw', 'authorChannelId': {'value': 'UCDc0pI_-nmKxAfmO3o4PEWw'}, 'canRate': True, 'viewerRating': 'none', 'likeCount': 0, 'publishedAt': '2022-10-22T22:53:13Z', 'updatedAt': '2022-10-22T22:53:13Z'}}, 'canReply': True, 'totalReplyCount': 0, 'isPublic': True}",,UCDc0pI_-nmKxAfmO3o4PEWw,2022-10-22T22:53:13Z,"Ainda tem gente que acredito nas informações enviadas da China???? Só débil metal pra acreditar!!!!! """"LIBERDADE """""" o povo não sabe e nunca sentiu na pele o que é!!!!",QURTSl9pMnBTemZzbGJfY2NYbUIyQ04zeVRMZEdHdWhpSTlHZUJ1djgzRHRhOHdZTE9pUUJ0bHpvaHJZZUZyRjloV0JWcVV3aTRQN1ZkRQ==,2023-06-08 15:04:30.348246
youtube#commentThread,pulgTqAVdvl2N1ZSrgTfN0KseVw,Ugzfarna_ny2NF3WtgB4AaABAg,"{'videoId': 'uuh1ydDwwrQ', 'topLevelComment': {'kind': 'youtube#comment', 'etag': 'gi3tpwgicVLmbBgYnKW90ukjNQo', 'id': 'Ugzfarna_ny2NF3WtgB4AaABAg', 'snippet': {'videoId': 'uuh1ydDwwrQ', 'textDisplay': 'Esse professor arruma resposta para justificar de forma positiva tudo que esse partido faz. Eu não vi nada de normal ali.', 'textOriginal': 'Esse professor arruma resposta para justificar de forma positiva tudo que esse partido faz. Eu não vi nada de normal ali.', 'authorDisplayName': 'Fabrício J Silva', 'authorProfileImageUrl': 'https://yt3.ggpht.com/D0hcaT7WyysceXwFjrCuYcp84TMRCRe-ygjaPgfoUw3OL5lTI_9gdiq9y19xkhKcxsRbYKWUJQ=s48-c-k-c0x00ffffff-no-rj', 'authorChannelUrl': 'http://www.youtube.com/channel/UC3i_8AcMng-WcnY7iJ6OFqQ', 'authorChannelId': {'value': 'UC3i_8AcMng-WcnY7iJ6OFqQ'}, 'canRate': True, 'viewerRating': 'none', 'likeCount': 6, 'publishedAt': '2022-10-22T22:51:03Z', 'updatedAt': '2022-10-22T22:51:03Z'}}, 'canReply': True, 'totalReplyCount': 0, 'isPublic': True}",,UC3i_8AcMng-WcnY7iJ6OFqQ,2022-10-22T22:51:03Z,Esse professor arruma resposta para justificar de forma positiva tudo que esse partido faz. Eu não vi nada de normal ali.,QURTSl9pMnBTemZzbGJfY2NYbUIyQ04zeVRMZEdHdWhpSTlHZUJ1djgzRHRhOHdZTE9pUUJ0bHpvaHJZZUZyRjloV0JWcVV3aTRQN1ZkRQ==,2023-06-08 15:04:30.348246
youtube#commentThread,p-QKDcaA7CgUgB8ASsYGiM6j_FY,Ugy0SDgUNtr2L6x0Ovx4AaABAg,"{'videoId': 'uuh1ydDwwrQ', 'topLevelComment': {'kind': 'youtube#comment', 'etag': 'aSwloTYFo3qMuelUT4PbPUsth1Y', 'id': 'Ugy0SDgUNtr2L6x0Ovx4AaABAg', 'snippet': {'videoId': 'uuh1ydDwwrQ', 'textDisplay': 'E regime ditatorial explica alguma coisa?', 'textOriginal': 'E regime ditatorial explica alguma coisa?', 'authorDisplayName': 'Sete Estrelas 🌟', 'authorProfileImageUrl': 'https://yt3.ggpht.com/QxXgOkCRP5wU_SBn3Y1LzlRMgosFGo5uYpZuDH-RZ7M2Yvf_C4pLTg4nbVte8bRLy6G3an8NbAs=s48-c-k-c0x00ffffff-no-rj', 'authorChannelUrl': 'http://www.youtube.com/channel/UCVD0zxIpRyrAJe-HIB2-OEw', 'authorChannelId': {'value': 'UCVD0zxIpRyrAJe-HIB2-OEw'}, 'canRate': True, 'viewerRating': 'none', 'likeCount': 0, 'publishedAt': '2022-10-22T22:47:40Z', 'updatedAt': '2022-10-22T22:47:40Z'}}, 'canReply': True, 'totalReplyCount': 0, 'isPublic': True}",,UCVD0zxIpRyrAJe-HIB2-OEw,2022-10-22T22:47:40Z,E regime ditatorial explica alguma coisa?,QURTSl9pMnBTemZzbGJfY2NYbUIyQ04zeVRMZEdHdWhpSTlHZUJ1djgzRHRhOHdZTE9pUUJ0bHpvaHJZZUZyRjloV0JWcVV3aTRQN1ZkRQ==,2023-06-08 15:04:30.348246
youtube#commentThread,NMcHlsaNDPely_g--Pc9mMlbdRk,Ugz5L5WlaWkFThiWJol4AaABAg,"{'videoId': 'uuh1ydDwwrQ', 'topLevelComment': {'kind': 'youtube#comment', 'etag': 'vqemiUORzT2Ll_VpcO4huQQ6YCw', 'id': 'Ugz5L5WlaWkFThiWJol4AaABAg', 'snippet': {'videoId': 'uuh1ydDwwrQ', 'textDisplay': 'Esse Xim goling é muito loko hahahah', 'textOriginal': 'Esse Xim goling é muito loko hahahah', 'authorDisplayName': 'BC', 'authorProfileImageUrl': 'https://yt3.ggpht.com/EfZyjOq3sjBcR2wGPn2O6nnvomfwu6nFHEihHjdqmto93GPp1kCt-Hv4HueWwKiUa-ZJWECiAXs=s48-c-k-c0x00ffffff-no-rj', 'authorChannelUrl': 'http://www.youtube.com/channel/UCVBzFo_VJ36mtbfEm-NCRXA', 'authorChannelId': {'value': 'UCVBzFo_VJ36mtbfEm-NCRXA'}, 'canRate': True, 'viewerRating': 'none', 'likeCount': 1, 'publishedAt': '2022-10-22T22:47:21Z', 'updatedAt': '2022-10-22T22:47:21Z'}}, 'canReply': True, 'totalReplyCount': 0, 'isPublic': True}",,UCVBzFo_VJ36mtbfEm-NCRXA,2022-10-22T22:47:21Z,Esse Xim goling é muito loko hahahah,QURTSl9pMnBTemZzbGJfY2NYbUIyQ04zeVRMZEdHdWhpSTlHZUJ1djgzRHRhOHdZTE9pUUJ0bHpvaHJZZUZyRjloV0JWcVV3aTRQN1ZkRQ==,2023-06-08 15:04:30.348246
youtube#commentThread,mmZAgDQ1tqcmdUpvAuWt1p1PgXM,UgzGi8S35yLfDWBXhh94AaABAg,"{'videoId': 'uuh1ydDwwrQ', 'topLevelComment': {'kind': 'youtube#comment', 'etag': 'CbUW3KWFjppOU94AnFmpTTjgKPE', 'id': 'UgzGi8S35yLfDWBXhh94AaABAg', 'snippet': {'videoId': 'uuh1ydDwwrQ', 'textDisplay': 'Todos de cabeça baixa, o único de cabeça erguida é xi, isso significa submissão.', 'textOriginal': 'Todos de cabeça baixa, o único de cabeça erguida é xi, isso significa submissão.', 'authorDisplayName': 'Paulo D`Alkmin', 'authorProfileImageUrl': 'https://yt3.ggpht.com/ytc/AGIKgqPvSdlFsq-ax6Li5sB2s7vKCIK0ckv0FlB_emFDaA=s48-c-k-c0x00ffffff-no-rj', 'authorChannelUrl': 'http://www.youtube.com/channel/UCC3WHwK3-6hOg4w-FfTE-ZA', 'authorChannelId': {'value': 'UCC3WHwK3-6hOg4w-FfTE-ZA'}, 'canRate': True, 'viewerRating': 'none', 'likeCount': 0, 'publishedAt': '2022-10-22T22:46:33Z', 'updatedAt': '2022-10-22T22:46:33Z'}}, 'canReply': True, 'totalReplyCount': 0, 'isPublic': True}",,UCC3WHwK3-6hOg4w-FfTE-ZA,2022-10-22T22:46:33Z,"Todos de cabeça baixa, o único de cabeça erguida é xi, isso significa submissão.",QURTSl9pMnBTemZzbGJfY2NYbUIyQ04zeVRMZEdHdWhpSTlHZUJ1djgzRHRhOHdZTE9pUUJ0bHpvaHJZZUZyRjloV0JWcVV3aTRQN1ZkRQ==,2023-06-08 15:04:30.348246
youtube#commentThread,r64YfNIXUasDBC1KwXCnCsSIdkg,UgxYi5D2IHFE9FwcMwx4AaABAg,"{'videoId': 'uuh1ydDwwrQ', 'topLevelComment': {'kind': 'youtube#comment', 'etag': 'cF81B_uQ1KIUoUjjNILDeOyEA6A', 'id': 'UgxYi5D2IHFE9FwcMwx4AaABAg', 'snippet': {'videoId': 'uuh1ydDwwrQ', 'textDisplay': 'Meu Deus que final daram a ele', 'textOriginal': 'Meu Deus que final daram a ele', 'authorDisplayName': 'Silvania Fernandes', 'authorProfileImageUrl': 'https://yt3.ggpht.com/ytc/AGIKgqPcu-aXZXkHRcww2Iix9Ct6scbTa_mGMBTVRQ=s48-c-k-c0x00ffffff-no-rj', 'authorChannelUrl': 'http://www.youtube.com/channel/UCq1KiFiNFG8-7KVxadKb_BA', 'authorChannelId': {'value': 'UCq1KiFiNFG8-7KVxadKb_BA'}, 'canRate': True, 'viewerRating': 'none', 'likeCount': 0, 'publishedAt': '2022-10-22T22:45:20Z', 'updatedAt': '2022-10-22T22:45:20Z'}}, 'canReply': True, 'totalReplyCount': 0, 'isPublic': True}",,UCq1KiFiNFG8-7KVxadKb_BA,2022-10-22T22:45:20Z,Meu Deus que final daram a ele,QURTSl9pMnBTemZzbGJfY2NYbUIyQ04zeVRMZEdHdWhpSTlHZUJ1djgzRHRhOHdZTE9pUUJ0bHpvaHJZZUZyRjloV0JWcVV3aTRQN1ZkRQ==,2023-06-08 15:04:30.348246
youtube#commentThread,MGvQT0yTvqz3F80bVHJm4sl-zAo,UgyQLEF0Z7FTPuNndcR4AaABAg,"{'videoId': 'uuh1ydDwwrQ', 'topLevelComment': {'kind': 'youtube#comment', 'etag': 'DKVGu5P8c7eEggPQnBpb9azZnqM', 'id': 'UgyQLEF0Z7FTPuNndcR4AaABAg', 'snippet': {'videoId': 'uuh1ydDwwrQ', 'textDisplay': 'O Lula ladrão comunista vagabundo deve saber responder porque o amigo dele saiu do regime o vagabundo.', 'textOriginal': 'O Lula ladrão comunista vagabundo deve saber responder porque o amigo dele saiu do regime o vagabundo.', 'authorDisplayName': 'FELIZ FUTURO', 'authorProfileImageUrl': 'https://yt3.ggpht.com/GW_ojCRRi8zANyzeDGfTDO3o2Pmt2Kwft78O8gfzMF2w2KCCWMlu8J_eUghHxAA0WGqAqJ4-S6w=s48-c-k-c0x00ffffff-no-rj', 'authorChannelUrl': 'http://www.youtube.com/channel/UC9NzVlfdSRX1tI7F7WArwxA', 'authorChannelId': {'value': 'UC9NzVlfdSRX1tI7F7WArwxA'}, 'canRate': True, 'viewerRating': 'none', 'likeCount': 0, 'publishedAt': '2022-10-22T22:44:50Z', 'updatedAt': '2022-10-22T22:44:50Z'}}, 'canReply': True, 'totalReplyCount': 0, 'isPublic': True}",,UC9NzVlfdSRX1tI7F7WArwxA,2022-10-22T22:44:50Z,O Lula ladrão comunista vagabundo deve saber responder porque o amigo dele saiu do regime o vagabundo.,QURTSl9pMnBTemZzbGJfY2NYbUIyQ04zeVRMZEdHdWhpSTlHZUJ1djgzRHRhOHdZTE9pUUJ0bHpvaHJZZUZyRjloV0JWcVV3aTRQN1ZkRQ==,2023-06-08 15:04:30.348246
youtube#commentThread,Rw1NQCg_4MRZafTb9-9xJBhZc6k,UgxqZYZ4kCSqAMNH6tx4AaABAg,"{'videoId': 'uuh1ydDwwrQ', 'topLevelComment': {'kind': 'youtube#comment', 'etag': 'rh9FeqfXhpgefNxU5CEJVbzugco', 'id': 'UgxqZYZ4kCSqAMNH6tx4AaABAg', 'snippet': {'videoId': 'uuh1ydDwwrQ', 'textDisplay': 'Para que isso não aconteça no Brasil temos que ir de 22.', 'textOriginal': 'Para que isso não aconteça no Brasil temos que ir de 22.', 'authorDisplayName': 'Gilmar Ribas', 'authorProfileImageUrl': 'https://yt3.ggpht.com/ytc/AGIKgqPCniXF75FMPzaRFbK2PGQ8tAbf4fnpH-BSyw=s48-c-k-c0x00ffffff-no-rj', 'authorChannelUrl': 'http://www.youtube.com/channel/UC6WiRzXHQ2ygWnN_0RyH-Uw', 'authorChannelId': {'value': 'UC6WiRzXHQ2ygWnN_0RyH-Uw'}, 'canRate': True, 'viewerRating': 'none', 'likeCount': 13, 'publishedAt': '2022-10-22T22:44:17Z', 'updatedAt': '2022-10-22T22:44:17Z'}}, 'canReply': True, 'totalReplyCount': 0, 'isPublic': True}",,UC6WiRzXHQ2ygWnN_0RyH-Uw,2022-10-22T22:44:17Z,Para que isso não aconteça no Brasil temos que ir de 22.,QURTSl9pMnBTemZzbGJfY2NYbUIyQ04zeVRMZEdHdWhpSTlHZUJ1djgzRHRhOHdZTE9pUUJ0bHpvaHJZZUZyRjloV0JWcVV3aTRQN1ZkRQ==,2023-06-08 15:04:30.348246
youtube#commentThread,dpCDsNQC7fLNKt9d1InAhlx3Efo,UgzARwJTSCzzF5S_nRl4AaABAg,"{'videoId': 'uuh1ydDwwrQ', 'topLevelComment': {'kind': 'youtube#comment', 'etag': 'JDD-UxH-8X2izHV0ZILjLg2y5Ok', 'id': 'UgzARwJTSCzzF5S_nRl4AaABAg', 'snippet': {'videoId': 'uuh1ydDwwrQ', 'textDisplay': 'Isso chama - se expurgo, precisaremos nos acostumar com este termo se o lula ganhar a eleição.', 'textOriginal': 'Isso chama - se expurgo, precisaremos nos acostumar com este termo se o lula ganhar a eleição.', 'authorDisplayName': 'Paulo D`Alkmin', 'authorProfileImageUrl': 'https://yt3.ggpht.com/ytc/AGIKgqPvSdlFsq-ax6Li5sB2s7vKCIK0ckv0FlB_emFDaA=s48-c-k-c0x00ffffff-no-rj', 'authorChannelUrl': 'http://www.youtube.com/channel/UCC3WHwK3-6hOg4w-FfTE-ZA', 'authorChannelId': {'value': 'UCC3WHwK3-6hOg4w-FfTE-ZA'}, 'canRate': True, 'viewerRating': 'none', 'likeCount': 0, 'publishedAt': '2022-10-22T22:42:33Z', 'updatedAt': '2022-10-22T22:42:33Z'}}, 'canReply': True, 'totalReplyCount': 0, 'isPublic': True}",,UCC3WHwK3-6hOg4w-FfTE-ZA,2022-10-22T22:42:33Z,"Isso chama - se expurgo, precisaremos nos acostumar com este termo se o lula ganhar a eleição.",QURTSl9pMnBTemZzbGJfY2NYbUIyQ04zeVRMZEdHdWhpSTlHZUJ1djgzRHRhOHdZTE9pUUJ0bHpvaHJZZUZyRjloV0JWcVV3aTRQN1ZkRQ==,2023-06-08 15:04:30.348246
youtube#commentThread,dCo01Q_IQwxRg4xt0f89AbuWG3o,UgwcmtpIaHlNaNlMSRB4AaABAg,"{'videoId': 'uuh1ydDwwrQ', 'topLevelComment': {'kind': 'youtube#comment', 'etag': '0mVCznFHoPpdZsshHuZYCcyPGsc', 'id': 'UgwcmtpIaHlNaNlMSRB4AaABAg', 'snippet': {'videoId': 'uuh1ydDwwrQ', 'textDisplay': 'Coitado, não gostaria de estar na pele dele.', 'textOriginal': 'Coitado, não gostaria de estar na pele dele.', 'authorDisplayName': 'Paulo D`Alkmin', 'authorProfileImageUrl': 'https://yt3.ggpht.com/ytc/AGIKgqPvSdlFsq-ax6Li5sB2s7vKCIK0ckv0FlB_emFDaA=s48-c-k-c0x00ffffff-no-rj', 'authorChannelUrl': 'http://www.youtube.com/channel/UCC3WHwK3-6hOg4w-FfTE-ZA', 'authorChannelId': {'value': 'UCC3WHwK3-6hOg4w-FfTE-ZA'}, 'canRate': True, 'viewerRating': 'none', 'likeCount': 0, 'publishedAt': '2022-10-22T22:40:20Z', 'updatedAt': '2022-10-22T22:40:20Z'}}, 'canReply': True, 'totalReplyCount': 0, 'isPublic': True}",,UCC3WHwK3-6hOg4w-FfTE-ZA,2022-10-22T22:40:20Z,"Coitado, não gostaria de estar na pele dele.",QURTSl9pMnBTemZzbGJfY2NYbUIyQ04zeVRMZEdHdWhpSTlHZUJ1djgzRHRhOHdZTE9pUUJ0bHpvaHJZZUZyRjloV0JWcVV3aTRQN1ZkRQ==,2023-06-08 15:04:30.348246
youtube#commentThread,nH7LuvjTSmFOUSskIMuZMtcO_Rk,UgwwfjMC0hr2ZEabnn14AaABAg,"{'videoId': 'uuh1ydDwwrQ', 'topLevelComment': {'kind': 'youtube#comment', 'etag': 'mYJIgXuPU0jp1xmvEPGV3PiU1WU', 'id': 'UgwwfjMC0hr2ZEabnn14AaABAg', 'snippet': {'videoId': 'uuh1ydDwwrQ', 'textDisplay': 'Ele não foi convidado a retirar-se, ele foi &quot;retirado&quot; por dois seguranças, daqueles que &quot;gentilmente&quot; convidam o sujeito a se retirar do ambiente.', 'textOriginal': 'Ele não foi convidado a retirar-se, ele foi ""retirado"" por dois seguranças, daqueles que ""gentilmente"" convidam o sujeito a se retirar do ambiente.', 'authorDisplayName': 'Graça Goes', 'authorProfileImageUrl': 'https://yt3.ggpht.com/ytc/AGIKgqND8ErniofG-j6f5qRHdboih-kddv2g7B9DNqwfLb2tklIIHcLDu2nYY0LpQZWa=s48-c-k-c0x00ffffff-no-rj', 'authorChannelUrl': 'http://www.youtube.com/channel/UC0MRXuZiLqaQJDKSTnFUjTg', 'authorChannelId': {'value': 'UC0MRXuZiLqaQJDKSTnFUjTg'}, 'canRate': True, 'viewerRating': 'none', 'likeCount': 136, 'publishedAt': '2022-10-22T22:39:22Z', 'updatedAt': '2022-10-22T22:39:22Z'}}, 'canReply': True, 'totalReplyCount': 11, 'isPublic': True}","{'comments': [{'kind': 'youtube#comment', 'etag': 'JyKSu4soim-z4U-m5vWq3D_Spkw', 'id': 'UgwwfjMC0hr2ZEabnn14AaABAg.9hVcKjstgps9i-8EW12-7h', 'snippet': {'videoId': 'uuh1ydDwwrQ', 'textDisplay': '<a href=""https://youtu.be/gMq2vv5u8yo"">https://youtu.be/gMq2vv5u8yo</a>', 'textOriginal': 'https://youtu.be/gMq2vv5u8yo', 'parentId': 'UgwwfjMC0hr2ZEabnn14AaABAg', 'authorDisplayName': 'Eder Martins', 'authorProfileImageUrl': 'https://yt3.ggpht.com/ytc/AGIKgqPtQEbUm8rY0k39VrYQVIvRVjmm8otKK_v8S_tbHA=s48-c-k-c0x00ffffff-no-rj', 'authorChannelUrl': 'http://www.youtube.com/channel/UCFhKQzA0nDsuD60hbnTQgEg', 'authorChannelId': {'value': 'UCFhKQzA0nDsuD60hbnTQgEg'}, 'canRate': True, 'viewerRating': 'none', 'likeCount': 0, 'publishedAt': '2022-11-04T04:23:20Z', 'updatedAt': '2022-11-04T04:23:20Z'}}, {'kind': 'youtube#comment', 'etag': 'KesbUjmo2ysM63pSRyGNmmGTTCw', 'id': 'UgwwfjMC0hr2ZEabnn14AaABAg.9hVcKjstgps9hs_kBvV3Ks', 'snippet': {'videoId': 'uuh1ydDwwrQ', 'textDisplay': 'O comportamento comuna é tão fascista…', 'textOriginal': 'O comportamento comuna é tão fascista…', 'parentId': 'UgwwfjMC0hr2ZEabnn14AaABAg', 'authorDisplayName': 'c a t h e a d', 'authorProfileImageUrl': 'https://yt3.ggpht.com/js-kOApp7IlI1jXDsIwj-IPrSBC0j8rCUXW6gFGys6Rq8P4HsK36nRMhkDdFsRnb-1m1pZNXyQ=s48-c-k-c0x00ffffff-no-rj', 'authorChannelUrl': 'http://www.youtube.com/channel/UC-AhxQX4wEr6cuoXsAKxhEQ', 'authorChannelId': {'value': 'UC-AhxQX4wEr6cuoXsAKxhEQ'}, 'canRate': True, 'viewerRating': 'none', 'likeCount': 1, 'publishedAt': '2022-11-01T05:58:32Z', 'updatedAt': '2022-11-01T05:58:32Z'}}, {'kind': 'youtube#comment', 'etag': 'oecXKLe9_O1cXDT73ohJILBWQ0k', 'id': 'UgwwfjMC0hr2ZEabnn14AaABAg.9hVcKjstgps9hgXsh918VO', 'snippet': {'videoId': 'uuh1ydDwwrQ', 'textDisplay': '@Marcos Vinicius Pereira Nunes kkk agr foi bom', 'textOriginal': '@Marcos Vinicius Pereira Nunes kkk agr foi bom', 'parentId': 'UgwwfjMC0hr2ZEabnn14AaABAg', 'authorDisplayName': 'Thiago Guerreiro Santos', 'authorProfileImageUrl': 'https://yt3.ggpht.com/ytc/AGIKgqMM2-R9e9APHkOawwu0Kl4vEVJo_ZoWqHmGMdmZBQ=s48-c-k-c0x00ffffff-no-rj', 'authorChannelUrl': 'http://www.youtube.com/channel/UC_XHq5cnzN9NlSMfk5_-0-w', 'authorChannelId': {'value': 'UC_XHq5cnzN9NlSMfk5_-0-w'}, 'canRate': True, 'viewerRating': 'none', 'likeCount': 0, 'publishedAt': '2022-10-27T13:42:36Z', 'updatedAt': '2022-10-27T13:42:36Z'}}, {'kind': 'youtube#comment', 'etag': '8tr6uflQoprVD4V6r8ZlaBwU0RA', 'id': 'UgwwfjMC0hr2ZEabnn14AaABAg.9hVcKjstgps9hgXgbbEvd2', 'snippet': {'videoId': 'uuh1ydDwwrQ', 'textDisplay': '@Thiago Guerreiro Santos menine identificado 😂😂', 'textOriginal': '@Thiago Guerreiro Santos menine identificado 😂😂', 'parentId': 'UgwwfjMC0hr2ZEabnn14AaABAg', 'authorDisplayName': 'Marcos Vinicius Pereira Nunes', 'authorProfileImageUrl': 'https://yt3.ggpht.com/ytc/AGIKgqNwHoLaYtbTSkmI9J-sh4U5dPQkQmIEhb5Tiw=s48-c-k-c0x00ffffff-no-rj', 'authorChannelUrl': 'http://www.youtube.com/channel/UCflqUWsGgx5XT8Agk0VPyVQ', 'authorChannelId': {'value': 'UCflqUWsGgx5XT8Agk0VPyVQ'}, 'canRate': True, 'viewerRating': 'none', 'likeCount': 3, 'publishedAt': '2022-10-27T13:40:57Z', 'updatedAt': '2022-10-27T13:40:57Z'}}, {'kind': 'youtube#comment', 'etag': 'bYwk0FsgUASWpKfHpiTXoqSEXBg', 'id': 'UgwwfjMC0hr2ZEabnn14AaABAg.9hVcKjstgps9hgXZLqTVeI', 'snippet': {'videoId': 'uuh1ydDwwrQ', 'textDisplay': '@Thiago Guerreiro Santos passando pano p comunista. Deve ser petista kkkkk', 'textOriginal': '@Thiago Guerreiro Santos passando pano p comunista. Deve ser petista kkkkk', 'parentId': 'UgwwfjMC0hr2ZEabnn14AaABAg', 'authorDisplayName': 'Marcos Vinicius Pereira Nunes', 'authorProfileImageUrl': 'https://yt3.ggpht.com/ytc/AGIKgqNwHoLaYtbTSkmI9J-sh4U5dPQkQmIEhb5Tiw=s48-c-k-c0x00ffffff-no-rj', 'authorChannelUrl': 'http://www.youtube.com/channel/UCflqUWsGgx5XT8Agk0VPyVQ', 'authorChannelId': {'value': 'UCflqUWsGgx5XT8Agk0VPyVQ'}, 'canRate': True, 'viewerRating': 'none', 'likeCount': 5, 'publishedAt': '2022-10-27T13:39:49Z', 'updatedAt': '2022-10-27T13:39:49Z'}}]}",UC0MRXuZiLqaQJDKSTnFUjTg,2022-10-22T22:39:22Z,"Ele não foi convidado a retirar-se, ele foi ""retirado"" por dois seguranças, daqueles que ""gentilmente"" convidam o sujeito a se retirar do ambiente.",QURTSl9pMnBTemZzbGJfY2NYbUIyQ04zeVRMZEdHdWhpSTlHZUJ1djgzRHRhOHdZTE9pUUJ0bHpvaHJZZUZyRjloV0JWcVV3aTRQN1ZkRQ==,2023-06-08 15:04:30.348246
youtube#commentThread,TUMypl_bZsQJdvfdUhZH12CAO7c,UgzsZFHwr9gkWfTznuF4AaABAg,"{'videoId': 'uuh1ydDwwrQ', 'topLevelComment': {'kind': 'youtube#comment', 'etag': '0pnLnB0GYlR3TMx5Jn3l0CE3OXU', 'id': 'UgzsZFHwr9gkWfTznuF4AaABAg', 'snippet': {'videoId': 'uuh1ydDwwrQ', 'textDisplay': 'COMUNISTA NUNCA FALA A VERDADE', 'textOriginal': 'COMUNISTA NUNCA FALA A VERDADE', 'authorDisplayName': 'RAI', 'authorProfileImageUrl': 'https://yt3.ggpht.com/ytc/AGIKgqNgHug59_vGwsMQsHWH1cz3sQuFAcZ8W9wELg=s48-c-k-c0x00ffffff-no-rj', 'authorChannelUrl': 'http://www.youtube.com/channel/UCFsUQbiGUN-jPD99Q4IrkgQ', 'authorChannelId': {'value': 'UCFsUQbiGUN-jPD99Q4IrkgQ'}, 'canRate': True, 'viewerRating': 'none', 'likeCount': 0, 'publishedAt': '2022-10-22T22:39:10Z', 'updatedAt': '2022-10-22T22:39:10Z'}}, 'canReply': True, 'totalReplyCount': 0, 'isPublic': True}",,UCFsUQbiGUN-jPD99Q4IrkgQ,2022-10-22T22:39:10Z,COMUNISTA NUNCA FALA A VERDADE,QURTSl9pMnBTemZzbGJfY2NYbUIyQ04zeVRMZEdHdWhpSTlHZUJ1djgzRHRhOHdZTE9pUUJ0bHpvaHJZZUZyRjloV0JWcVV3aTRQN1ZkRQ==,2023-06-08 15:04:30.348246
youtube#commentThread,qA_v9XkKDdcwyDqX7oAo4jOdagg,UgzFjhX3WlMgEVxrxXt4AaABAg,"{'videoId': 'uuh1ydDwwrQ', 'topLevelComment': {'kind': 'youtube#comment', 'etag': '2tUhrnsjwGzH9DcxIowj_Jqh6P0', 'id': 'UgzFjhX3WlMgEVxrxXt4AaABAg', 'snippet': {'videoId': 'uuh1ydDwwrQ', 'textDisplay': 'Maior inimigo de um comunista é outro comunista', 'textOriginal': 'Maior inimigo de um comunista é outro comunista', 'authorDisplayName': 'vinicius nascimento', 'authorProfileImageUrl': 'https://yt3.ggpht.com/ytc/AGIKgqMBjuwSRGlZsknAi6iUbtVtWefWNewKdQ7W1gS0ww=s48-c-k-c0x00ffffff-no-rj', 'authorChannelUrl': 'http://www.youtube.com/channel/UCTR6m3NH4-5MgSEGslJLBoA', 'authorChannelId': {'value': 'UCTR6m3NH4-5MgSEGslJLBoA'}, 'canRate': True, 'viewerRating': 'none', 'likeCount': 0, 'publishedAt': '2022-10-22T22:38:41Z', 'updatedAt': '2022-10-22T22:38:41Z'}}, 'canReply': True, 'totalReplyCount': 0, 'isPublic': True}",,UCTR6m3NH4-5MgSEGslJLBoA,2022-10-22T22:38:41Z,Maior inimigo de um comunista é outro comunista,QURTSl9pMnBTemZzbGJfY2NYbUIyQ04zeVRMZEdHdWhpSTlHZUJ1djgzRHRhOHdZTE9pUUJ0bHpvaHJZZUZyRjloV0JWcVV3aTRQN1ZkRQ==,2023-06-08 15:04:30.348246
youtube#commentThread,0bcyukN6_KkWn62jSr08In9zLcs,UgwfDTCt1C2X9g3S2r94AaABAg,"{'videoId': 'uuh1ydDwwrQ', 'topLevelComment': {'kind': 'youtube#comment', 'etag': 'T_rwuu94ysOS_8r8Sh5xQKMKIZ8', 'id': 'UgwfDTCt1C2X9g3S2r94AaABAg', 'snippet': {'videoId': 'uuh1ydDwwrQ', 'textDisplay': 'Um monte de robô manipulado. Mentes escravizadas.', 'textOriginal': 'Um monte de robô manipulado. Mentes escravizadas.', 'authorDisplayName': 'Dilma Santana', 'authorProfileImageUrl': 'https://yt3.ggpht.com/ytc/AGIKgqPkUefnFIPy3SIjvvomaE9mJuaqV8ePdGWZYne9Bg=s48-c-k-c0x00ffffff-no-rj', 'authorChannelUrl': 'http://www.youtube.com/channel/UCDYPKVI50roMys-nDeWY3TQ', 'authorChannelId': {'value': 'UCDYPKVI50roMys-nDeWY3TQ'}, 'canRate': True, 'viewerRating': 'none', 'likeCount': 0, 'publishedAt': '2022-10-22T22:38:41Z', 'updatedAt': '2022-10-22T22:38:41Z'}}, 'canReply': True, 'totalReplyCount': 0, 'isPublic': True}",,UCDYPKVI50roMys-nDeWY3TQ,2022-10-22T22:38:41Z,Um monte de robô manipulado. Mentes escravizadas.,QURTSl9pMnBTemZzbGJfY2NYbUIyQ04zeVRMZEdHdWhpSTlHZUJ1djgzRHRhOHdZTE9pUUJ0bHpvaHJZZUZyRjloV0JWcVV3aTRQN1ZkRQ==,2023-06-08 15:04:30.348246
youtube#commentThread,qNlHPQEDWt8RkZ_7v7pUFUnLUpk,UgxEHCpNbIXkDKIZ4Ix4AaABAg,"{'videoId': 'uuh1ydDwwrQ', 'topLevelComment': {'kind': 'youtube#comment', 'etag': 'R3p1M0ZeT5QSvPRea1BObTEvSeA', 'id': 'UgxEHCpNbIXkDKIZ4Ix4AaABAg', 'snippet': {'videoId': 'uuh1ydDwwrQ', 'textDisplay': 'Partido das TREVAS/ Morra comunismo.', 'textOriginal': 'Partido das TREVAS/ Morra comunismo.', 'authorDisplayName': 'Dilma Santana', 'authorProfileImageUrl': 'https://yt3.ggpht.com/ytc/AGIKgqPkUefnFIPy3SIjvvomaE9mJuaqV8ePdGWZYne9Bg=s48-c-k-c0x00ffffff-no-rj', 'authorChannelUrl': 'http://www.youtube.com/channel/UCDYPKVI50roMys-nDeWY3TQ', 'authorChannelId': {'value': 'UCDYPKVI50roMys-nDeWY3TQ'}, 'canRate': True, 'viewerRating': 'none', 'likeCount': 0, 'publishedAt': '2022-10-22T22:37:53Z', 'updatedAt': '2022-10-22T22:37:53Z'}}, 'canReply': True, 'totalReplyCount': 0, 'isPublic': True}",,UCDYPKVI50roMys-nDeWY3TQ,2022-10-22T22:37:53Z,Partido das TREVAS/ Morra comunismo.,QURTSl9pMnBTemZzbGJfY2NYbUIyQ04zeVRMZEdHdWhpSTlHZUJ1djgzRHRhOHdZTE9pUUJ0bHpvaHJZZUZyRjloV0JWcVV3aTRQN1ZkRQ==,2023-06-08 15:04:30.348246
youtube#commentThread,RoW8ArD9Ys_cJ8P0ElVrbIV2EDM,UgxktkUgk9UZPwcj1IB4AaABAg,"{'videoId': 'uuh1ydDwwrQ', 'topLevelComment': {'kind': 'youtube#comment', 'etag': '8G9q3TA8vV4bh3xg_VUBxGFsa-U', 'id': 'UgxktkUgk9UZPwcj1IB4AaABAg', 'snippet': {'videoId': 'uuh1ydDwwrQ', 'textDisplay': 'O que eu destaco é que estão todos de máscara menos os dirigentes genocidas 😉😉😉 quero ver idiotas chamarem eles disso lá na democrática china 😂😂😂😂', 'textOriginal': 'O que eu destaco é que estão todos de máscara menos os dirigentes genocidas 😉😉😉 quero ver idiotas chamarem eles disso lá na democrática china 😂😂😂😂', 'authorDisplayName': 'Valtair', 'authorProfileImageUrl': 'https://yt3.ggpht.com/ytc/AGIKgqNPhRDa0twH9KK6ERovwkoPOlIB1q95uSSwpL0YdLnZllstoZcGIdmAN6b1M-kf=s48-c-k-c0x00ffffff-no-rj', 'authorChannelUrl': 'http://www.youtube.com/channel/UCYk_GA5APgGM0UH2w0h_kMQ', 'authorChannelId': {'value': 'UCYk_GA5APgGM0UH2w0h_kMQ'}, 'canRate': True, 'viewerRating': 'none', 'likeCount': 0, 'publishedAt': '2022-10-22T22:37:51Z', 'updatedAt': '2022-10-22T22:38:09Z'}}, 'canReply': True, 'totalReplyCount': 0, 'isPublic': True}",,UCYk_GA5APgGM0UH2w0h_kMQ,2022-10-22T22:37:51Z,O que eu destaco é que estão todos de máscara menos os dirigentes genocidas 😉😉😉 quero ver idiotas chamarem eles disso lá na democrática china 😂😂😂😂,QURTSl9pMnBTemZzbGJfY2NYbUIyQ04zeVRMZEdHdWhpSTlHZUJ1djgzRHRhOHdZTE9pUUJ0bHpvaHJZZUZyRjloV0JWcVV3aTRQN1ZkRQ==,2023-06-08 15:04:30.348246
youtube#commentThread,0YT04_EPiqlRCzNjxsPW1e5twrM,UgzN-QJ3do_p7Q_wCTp4AaABAg,"{'videoId': 'uuh1ydDwwrQ', 'topLevelComment': {'kind': 'youtube#comment', 'etag': 'EsG3_mCUPzFi2W8aqNPCYdnc2pg', 'id': 'UgzN-QJ3do_p7Q_wCTp4AaABAg', 'snippet': {'videoId': 'uuh1ydDwwrQ', 'textDisplay': 'A democracia da tranca na porta !!! Depois de se instalar não entra ninguém nem saí!!!!', 'textOriginal': 'A democracia da tranca na porta !!! Depois de se instalar não entra ninguém nem saí!!!!', 'authorDisplayName': 'Arlindo Vila Chã', 'authorProfileImageUrl': 'https://yt3.ggpht.com/ytc/AGIKgqNQK3kqK8sB_-1VOwqJD4dFLYq398m9yoNMQA=s48-c-k-c0x00ffffff-no-rj', 'authorChannelUrl': 'http://www.youtube.com/channel/UCYli-Ca0r0oBQ7aKXX24rNQ', 'authorChannelId': {'value': 'UCYli-Ca0r0oBQ7aKXX24rNQ'}, 'canRate': True, 'viewerRating': 'none', 'likeCount': 0, 'publishedAt': '2022-10-22T22:36:56Z', 'updatedAt': '2022-10-22T22:36:56Z'}}, 'canReply': True, 'totalReplyCount': 0, 'isPublic': True}",,UCYli-Ca0r0oBQ7aKXX24rNQ,2022-10-22T22:36:56Z,A democracia da tranca na porta !!! Depois de se instalar não entra ninguém nem saí!!!!,QURTSl9pMnBTemZzbGJfY2NYbUIyQ04zeVRMZEdHdWhpSTlHZUJ1djgzRHRhOHdZTE9pUUJ0bHpvaHJZZUZyRjloV0JWcVV3aTRQN1ZkRQ==,2023-06-08 15:04:30.348246
youtube#commentThread,CnRF0oWKpWiBhMwwthbRYsCVRBI,UgyUCBoCJ73o_F9nxjB4AaABAg,"{'videoId': 'uuh1ydDwwrQ', 'topLevelComment': {'kind': 'youtube#comment', 'etag': 'PqR9J0Dp4kONwsLm-XizUW2OJ3Q', 'id': 'UgyUCBoCJ73o_F9nxjB4AaABAg', 'snippet': {'videoId': 'uuh1ydDwwrQ', 'textDisplay': 'Bolsonaro 22', 'textOriginal': 'Bolsonaro 22', 'authorDisplayName': 'Rafael Oliveira', 'authorProfileImageUrl': 'https://yt3.ggpht.com/ytc/AGIKgqOT9gx3N1ZEyU43qpSZdPEExZwze7b_c4ZZzXVbkg=s48-c-k-c0x00ffffff-no-rj', 'authorChannelUrl': 'http://www.youtube.com/channel/UCYlqTM1Q808OwFXszzVx7nA', 'authorChannelId': {'value': 'UCYlqTM1Q808OwFXszzVx7nA'}, 'canRate': True, 'viewerRating': 'none', 'likeCount': 1, 'publishedAt': '2022-10-22T22:36:25Z', 'updatedAt': '2022-10-22T22:36:25Z'}}, 'canReply': True, 'totalReplyCount': 0, 'isPublic': True}",,UCYlqTM1Q808OwFXszzVx7nA,2022-10-22T22:36:25Z,Bolsonaro 22,QURTSl9pMnBTemZzbGJfY2NYbUIyQ04zeVRMZEdHdWhpSTlHZUJ1djgzRHRhOHdZTE9pUUJ0bHpvaHJZZUZyRjloV0JWcVV3aTRQN1ZkRQ==,2023-06-08 15:04:30.348246
youtube#commentThread,nCMTMH5W6G4rGuIiZxpFI5OTdCw,UgwHzc8W8sIBGb0O-C54AaABAg,"{'videoId': 'uuh1ydDwwrQ', 'topLevelComment': {'kind': 'youtube#comment', 'etag': 'v1tKQgEWKdX4J8iN9oLt9MF-nbs', 'id': 'UgwHzc8W8sIBGb0O-C54AaABAg', 'snippet': {'videoId': 'uuh1ydDwwrQ', 'textDisplay': 'Nossa, se fizerem o mesmo aqui no Brasil, Brasília ficará vazia.', 'textOriginal': 'Nossa, se fizerem o mesmo aqui no Brasil, Brasília ficará vazia.', 'authorDisplayName': 'André Simpson', 'authorProfileImageUrl': 'https://yt3.ggpht.com/ytc/AGIKgqP6po6D10DQLDSWikZ5zrDFmcIOVaDlHT1ZhuDu2Q=s48-c-k-c0x00ffffff-no-rj', 'authorChannelUrl': 'http://www.youtube.com/channel/UCWaQxJ_lnN1iaewKjR_mWkg', 'authorChannelId': {'value': 'UCWaQxJ_lnN1iaewKjR_mWkg'}, 'canRate': True, 'viewerRating': 'none', 'likeCount': 4, 'publishedAt': '2022-10-22T22:36:20Z', 'updatedAt': '2022-10-22T22:36:20Z'}}, 'canReply': True, 'totalReplyCount': 0, 'isPublic': True}",,UCWaQxJ_lnN1iaewKjR_mWkg,2022-10-22T22:36:20Z,"Nossa, se fizerem o mesmo aqui no Brasil, Brasília ficará vazia.",QURTSl9pMnBTemZzbGJfY2NYbUIyQ04zeVRMZEdHdWhpSTlHZUJ1djgzRHRhOHdZTE9pUUJ0bHpvaHJZZUZyRjloV0JWcVV3aTRQN1ZkRQ==,2023-06-08 15:04:30.348246
youtube#commentThread,MLHY9G_JomKiTbOVlQg6CJZcn-A,UgwofHRenakRzFKL_kt4AaABAg,"{'videoId': 'uuh1ydDwwrQ', 'topLevelComment': {'kind': 'youtube#comment', 'etag': 'PYTr5XGj8T8sA5sFm5T7zIjAqR4', 'id': 'UgwofHRenakRzFKL_kt4AaABAg', 'snippet': {'videoId': 'uuh1ydDwwrQ', 'textDisplay': 'Não explicou, nem vai explicar...', 'textOriginal': 'Não explicou, nem vai explicar...', 'authorDisplayName': 'AK Reichert', 'authorProfileImageUrl': 'https://yt3.ggpht.com/ytc/AGIKgqMWimUDSj0QH9BKTzcYKp5gnOyS7_KVKC5aryBE67C1I28Y6duIU0MQo9hyylLD=s48-c-k-c0x00ffffff-no-rj', 'authorChannelUrl': 'http://www.youtube.com/channel/UCskZyghwHUJgmQgwm4i22Yg', 'authorChannelId': {'value': 'UCskZyghwHUJgmQgwm4i22Yg'}, 'canRate': True, 'viewerRating': 'none', 'likeCount': 1, 'publishedAt': '2022-10-22T22:35:33Z', 'updatedAt': '2022-10-22T22:35:33Z'}}, 'canReply': True, 'totalReplyCount': 0, 'isPublic': True}",,UCskZyghwHUJgmQgwm4i22Yg,2022-10-22T22:35:33Z,"Não explicou, nem vai explicar...",QURTSl9pMnBTemZzbGJfY2NYbUIyQ04zeVRMZEdHdWhpSTlHZUJ1djgzRHRhOHdZTE9pUUJ0bHpvaHJZZUZyRjloV0JWcVV3aTRQN1ZkRQ==,2023-06-08 15:04:30.348246
youtube#commentThread,zJ4togNXvHtRck0SHSlHs_M3aC4,UgzLB5fRneZuRRkPiSd4AaABAg,"{'videoId': 'uuh1ydDwwrQ', 'topLevelComment': {'kind': 'youtube#comment', 'etag': '638bRtMhWSbVoyMxFnqDBBYWOYY', 'id': 'UgzLB5fRneZuRRkPiSd4AaABAg', 'snippet': {'videoId': 'uuh1ydDwwrQ', 'textDisplay': 'É covid. O cara foi covidado a sair.', 'textOriginal': 'É covid. O cara foi covidado a sair.', 'authorDisplayName': 'Antonio Iremar becio', 'authorProfileImageUrl': 'https://yt3.ggpht.com/ytc/AGIKgqNlEDBgpVCzzR0zU0pOgY8sQKOjzb2CtfqJPg=s48-c-k-c0x00ffffff-no-rj', 'authorChannelUrl': 'http://www.youtube.com/channel/UCSHV2eUsjnF_hqvcf-qseaw', 'authorChannelId': {'value': 'UCSHV2eUsjnF_hqvcf-qseaw'}, 'canRate': True, 'viewerRating': 'none', 'likeCount': 1, 'publishedAt': '2022-10-22T22:35:22Z', 'updatedAt': '2022-10-22T22:35:22Z'}}, 'canReply': True, 'totalReplyCount': 1, 'isPublic': True}","{'comments': [{'kind': 'youtube#comment', 'etag': 'QK6bD4aUdN_ZIsubxL5e9Z6JolE', 'id': 'UgzLB5fRneZuRRkPiSd4AaABAg.9hVbsUnvIVD9hVccJ7_Qqb', 'snippet': {'videoId': 'uuh1ydDwwrQ', 'textDisplay': '😀', 'textOriginal': '😀', 'parentId': 'UgzLB5fRneZuRRkPiSd4AaABAg', 'authorDisplayName': 'GLM M', 'authorProfileImageUrl': 'https://yt3.ggpht.com/ytc/AGIKgqOxqcGYufcUxK3XR3dSL1-zldnPMIn_HWFSWA=s48-c-k-c0x00ffffff-no-rj', 'authorChannelUrl': 'http://www.youtube.com/channel/UC9F1W5-fH1ML8u6clhY32FQ', 'authorChannelId': {'value': 'UC9F1W5-fH1ML8u6clhY32FQ'}, 'canRate': True, 'viewerRating': 'none', 'likeCount': 0, 'publishedAt': '2022-10-22T22:41:54Z', 'updatedAt': '2022-10-22T22:41:54Z'}}]}",UCSHV2eUsjnF_hqvcf-qseaw,2022-10-22T22:35:22Z,É covid. O cara foi covidado a sair.,QURTSl9pMnBTemZzbGJfY2NYbUIyQ04zeVRMZEdHdWhpSTlHZUJ1djgzRHRhOHdZTE9pUUJ0bHpvaHJZZUZyRjloV0JWcVV3aTRQN1ZkRQ==,2023-06-08 15:04:30.348246
youtube#commentThread,nPdNySOK6pG9VicIA9y7uZQLrFg,UgyER2LXDPz15mN4h4B4AaABAg,"{'videoId': 'uuh1ydDwwrQ', 'topLevelComment': {'kind': 'youtube#comment', 'etag': 'a69yx2B7RpooA4d24BsQB1jrGPM', 'id': 'UgyER2LXDPz15mN4h4B4AaABAg', 'snippet': {'videoId': 'uuh1ydDwwrQ', 'textDisplay': 'Aqui temos o Xi Jin moraes.', 'textOriginal': 'Aqui temos o Xi Jin moraes.', 'authorDisplayName': 'milton rodrigues', 'authorProfileImageUrl': 'https://yt3.ggpht.com/ytc/AGIKgqNDyKXcq1HWruFNOXSPad_jI04BdNOROf5jYA=s48-c-k-c0x00ffffff-no-rj', 'authorChannelUrl': 'http://www.youtube.com/channel/UCvlzfjyQeKKiMMCVrUFr53Q', 'authorChannelId': {'value': 'UCvlzfjyQeKKiMMCVrUFr53Q'}, 'canRate': True, 'viewerRating': 'none', 'likeCount': 1, 'publishedAt': '2022-10-22T22:34:31Z', 'updatedAt': '2022-10-22T22:34:31Z'}}, 'canReply': True, 'totalReplyCount': 0, 'isPublic': True}",,UCvlzfjyQeKKiMMCVrUFr53Q,2022-10-22T22:34:31Z,Aqui temos o Xi Jin moraes.,QURTSl9pMnBTemZzbGJfY2NYbUIyQ04zeVRMZEdHdWhpSTlHZUJ1djgzRHRhOHdZTE9pUUJ0bHpvaHJZZUZyRjloV0JWcVV3aTRQN1ZkRQ==,2023-06-08 15:04:30.348246
youtube#commentThread,eQABSNoF_S3AESGYI8k72QjY0Kg,UgyNI6WPgIayGwe1Xcl4AaABAg,"{'videoId': 'uuh1ydDwwrQ', 'topLevelComment': {'kind': 'youtube#comment', 'etag': 'Dt_vcAKso7e1-I4LISudDVlkrkg', 'id': 'UgyNI6WPgIayGwe1Xcl4AaABAg', 'snippet': {'videoId': 'uuh1ydDwwrQ', 'textDisplay': 'Desconfio que Hu Jintao vai fazer uma viagem só de ida🤔😏...coisas de  🐉🐲.', 'textOriginal': 'Desconfio que Hu Jintao vai fazer uma viagem só de ida🤔😏...coisas de  🐉🐲.', 'authorDisplayName': 'Graça Goes', 'authorProfileImageUrl': 'https://yt3.ggpht.com/ytc/AGIKgqND8ErniofG-j6f5qRHdboih-kddv2g7B9DNqwfLb2tklIIHcLDu2nYY0LpQZWa=s48-c-k-c0x00ffffff-no-rj', 'authorChannelUrl': 'http://www.youtube.com/channel/UC0MRXuZiLqaQJDKSTnFUjTg', 'authorChannelId': {'value': 'UC0MRXuZiLqaQJDKSTnFUjTg'}, 'canRate': True, 'viewerRating': 'none', 'likeCount': 1, 'publishedAt': '2022-10-22T22:33:53Z', 'updatedAt': '2022-10-22T22:33:53Z'}}, 'canReply': True, 'totalReplyCount': 0, 'isPublic': True}",,UC0MRXuZiLqaQJDKSTnFUjTg,2022-10-22T22:33:53Z,Desconfio que Hu Jintao vai fazer uma viagem só de ida🤔😏...coisas de  🐉🐲.,QURTSl9pMnBTemZzbGJfY2NYbUIyQ04zeVRMZEdHdWhpSTlHZUJ1djgzRHRhOHdZTE9pUUJ0bHpvaHJZZUZyRjloV0JWcVV3aTRQN1ZkRQ==,2023-06-08 15:04:30.348246
youtube#commentThread,ytQflSHRykH2uMHE5pWxiTtJupw,Ugx3IO275hSmKS8TThF4AaABAg,"{'videoId': 'uuh1ydDwwrQ', 'topLevelComment': {'kind': 'youtube#comment', 'etag': '24iSftu5-98meAmiMqh_xFePKDg', 'id': 'Ugx3IO275hSmKS8TThF4AaABAg', 'snippet': {'videoId': 'uuh1ydDwwrQ', 'textDisplay': 'Ninguém que estava no evento fala nada , capaz de dizerem que nem perceberam !!! Hipocritas do medo ! <br>Eu não uso produto chinês se possível ! <br>Desenvolvi até asco das pastelarias e restaurantes chineses pelo que a China é pra mim .', 'textOriginal': 'Ninguém que estava no evento fala nada , capaz de dizerem que nem perceberam !!! Hipocritas do medo ! \\nEu não uso produto chinês se possível ! \\nDesenvolvi até asco das pastelarias e restaurantes chineses pelo que a China é pra mim .', 'authorDisplayName': 'Jaime Serra', 'authorProfileImageUrl': 'https://yt3.ggpht.com/ytc/AGIKgqN4VO_V4ENn48lnQQ6EJIU8SbIkyhk_jCuqWPQ=s48-c-k-c0x00ffffff-no-rj', 'authorChannelUrl': 'http://www.youtube.com/channel/UCENwMsz9t47cLvXa0cNqUzg', 'authorChannelId': {'value': 'UCENwMsz9t47cLvXa0cNqUzg'}, 'canRate': True, 'viewerRating': 'none', 'likeCount': 0, 'publishedAt': '2022-10-22T22:32:58Z', 'updatedAt': '2022-10-22T22:32:58Z'}}, 'canReply': True, 'totalReplyCount': 0, 'isPublic': True}",,UCENwMsz9t47cLvXa0cNqUzg,2022-10-22T22:32:58Z,"Ninguém que estava no evento fala nada , capaz de dizerem que nem perceberam !!! Hipocritas do medo ! 
Eu não uso produto chinês se possível ! 
Desenvolvi até asco das pastelarias e restaurantes chineses pelo que a China é pra mim .",QURTSl9pMnBTemZzbGJfY2NYbUIyQ04zeVRMZEdHdWhpSTlHZUJ1djgzRHRhOHdZTE9pUUJ0bHpvaHJZZUZyRjloV0JWcVV3aTRQN1ZkRQ==,2023-06-08 15:04:30.348246
youtube#commentThread,VrtFDgipAy7DipezOvAzUfQbuC0,UgwfXd-fMQChTbrIEuB4AaABAg,"{'videoId': 'uuh1ydDwwrQ', 'topLevelComment': {'kind': 'youtube#comment', 'etag': '7O30Fse8cSidryokZk9g0_R7Ehc', 'id': 'UgwfXd-fMQChTbrIEuB4AaABAg', 'snippet': {'videoId': 'uuh1ydDwwrQ', 'textDisplay': 'Devem ter envenenado como de costume', 'textOriginal': 'Devem ter envenenado como de costume', 'authorDisplayName': 'Mauriceia da Rocha Cavalcanti', 'authorProfileImageUrl': 'https://yt3.ggpht.com/ytc/AGIKgqPC3c1B1Y8kTNj43WN807T3Az9KPyyUShlQ4zju25M=s48-c-k-c0x00ffffff-no-rj', 'authorChannelUrl': 'http://www.youtube.com/channel/UCQdt_b8kO3PGzGfKFSc_2qQ', 'authorChannelId': {'value': 'UCQdt_b8kO3PGzGfKFSc_2qQ'}, 'canRate': True, 'viewerRating': 'none', 'likeCount': 0, 'publishedAt': '2022-10-22T22:28:21Z', 'updatedAt': '2022-10-22T22:28:21Z'}}, 'canReply': True, 'totalReplyCount': 0, 'isPublic': True}",,UCQdt_b8kO3PGzGfKFSc_2qQ,2022-10-22T22:28:21Z,Devem ter envenenado como de costume,QURTSl9pMnBTemZzbGJfY2NYbUIyQ04zeVRMZEdHdWhpSTlHZUJ1djgzRHRhOHdZTE9pUUJ0bHpvaHJZZUZyRjloV0JWcVV3aTRQN1ZkRQ==,2023-06-08 15:04:30.348246
youtube#commentThread,gPmk9H2JX54RYG4TWm0Xr_ZhpWQ,UgzW2N-jBrtzkNSYz1V4AaABAg,"{'videoId': 'uuh1ydDwwrQ', 'topLevelComment': {'kind': 'youtube#comment', 'etag': 'iiqx5pWIec-HQ5rhrqpSvQ6Qr6U', 'id': 'UgzW2N-jBrtzkNSYz1V4AaABAg', 'snippet': {'videoId': 'uuh1ydDwwrQ', 'textDisplay': 'É desse regime que 9 dedos defende para implantar no Brasil,Deus livres td mal🙌', 'textOriginal': 'É desse regime que 9 dedos defende para implantar no Brasil,Deus livres td mal🙌', 'authorDisplayName': 'canal diversos com joel rocha', 'authorProfileImageUrl': 'https://yt3.ggpht.com/ytc/AGIKgqMWmpwUtOkZHvSDBh_YLtFjy2j-IUM9VPiD9gQkwg4=s48-c-k-c0x00ffffff-no-rj', 'authorChannelUrl': 'http://www.youtube.com/channel/UClyjmhb-Q2-EiHpr5_gXOTQ', 'authorChannelId': {'value': 'UClyjmhb-Q2-EiHpr5_gXOTQ'}, 'canRate': True, 'viewerRating': 'none', 'likeCount': 0, 'publishedAt': '2022-10-22T22:26:38Z', 'updatedAt': '2022-10-22T22:26:38Z'}}, 'canReply': True, 'totalReplyCount': 0, 'isPublic': True}",,UClyjmhb-Q2-EiHpr5_gXOTQ,2022-10-22T22:26:38Z,"É desse regime que 9 dedos defende para implantar no Brasil,Deus livres td mal🙌",QURTSl9pMnBTemZzbGJfY2NYbUIyQ04zeVRMZEdHdWhpSTlHZUJ1djgzRHRhOHdZTE9pUUJ0bHpvaHJZZUZyRjloV0JWcVV3aTRQN1ZkRQ==,2023-06-08 15:04:30.348246
youtube#commentThread,DpwaQDc9Qkwuq-bjzmbEPq5Gkes,UgynCHvjV4JgLiG3dnt4AaABAg,"{'videoId': 'uuh1ydDwwrQ', 'topLevelComment': {'kind': 'youtube#comment', 'etag': '8twtmOHTxitfNjPYkF3TwU3Vc-4', 'id': 'UgynCHvjV4JgLiG3dnt4AaABAg', 'snippet': {'videoId': 'uuh1ydDwwrQ', 'textDisplay': '👉🇧🇷👈😁👍', 'textOriginal': '👉🇧🇷👈😁👍', 'authorDisplayName': 'Beatriz Freitas', 'authorProfileImageUrl': 'https://yt3.ggpht.com/ytc/AGIKgqNeep-_xhMkzp42RgvG2oykPN2n03B8KgfqFGVg=s48-c-k-c0x00ffffff-no-rj', 'authorChannelUrl': 'http://www.youtube.com/channel/UC19XnLApSmpUFDz42Lo1EPg', 'authorChannelId': {'value': 'UC19XnLApSmpUFDz42Lo1EPg'}, 'canRate': True, 'viewerRating': 'none', 'likeCount': 1, 'publishedAt': '2022-10-22T22:24:54Z', 'updatedAt': '2022-10-22T22:24:54Z'}}, 'canReply': True, 'totalReplyCount': 0, 'isPublic': True}",,UC19XnLApSmpUFDz42Lo1EPg,2022-10-22T22:24:54Z,👉🇧🇷👈😁👍,QURTSl9pMnBTemZzbGJfY2NYbUIyQ04zeVRMZEdHdWhpSTlHZUJ1djgzRHRhOHdZTE9pUUJ0bHpvaHJZZUZyRjloV0JWcVV3aTRQN1ZkRQ==,2023-06-08 15:04:30.348246
youtube#commentThread,EoYPQ0gZz0C_-gtNiUL6_tmxBMg,UgyAQRjiEFTdvcVRjpB4AaABAg,"{'videoId': 'uuh1ydDwwrQ', 'topLevelComment': {'kind': 'youtube#comment', 'etag': 'pMCjqvnd1WqDzVnsSqcRWrUm8TU', 'id': 'UgyAQRjiEFTdvcVRjpB4AaABAg', 'snippet': {'videoId': 'uuh1ydDwwrQ', 'textDisplay': 'Sério que chamaram esse &quot;professor&quot; para falar uma coisa dessas?', 'textOriginal': 'Sério que chamaram esse ""professor"" para falar uma coisa dessas?', 'authorDisplayName': 'Marcelo', 'authorProfileImageUrl': 'https://yt3.ggpht.com/ytc/AGIKgqNbv4IzIR5vop4DwE-hnLQJbDUK85gDbK5I4l7eI0RHLeqh6DdXku5wJJ4OSyaH=s48-c-k-c0x00ffffff-no-rj', 'authorChannelUrl': 'http://www.youtube.com/channel/UCRe5G_O5N1uHk7pmitbFxQw', 'authorChannelId': {'value': 'UCRe5G_O5N1uHk7pmitbFxQw'}, 'canRate': True, 'viewerRating': 'none', 'likeCount': 0, 'publishedAt': '2022-10-22T22:20:53Z', 'updatedAt': '2022-10-22T22:20:53Z'}}, 'canReply': True, 'totalReplyCount': 0, 'isPublic': True}",,UCRe5G_O5N1uHk7pmitbFxQw,2022-10-22T22:20:53Z,"Sério que chamaram esse ""professor"" para falar uma coisa dessas?",QURTSl9pMnBTemZzbGJfY2NYbUIyQ04zeVRMZEdHdWhpSTlHZUJ1djgzRHRhOHdZTE9pUUJ0bHpvaHJZZUZyRjloV0JWcVV3aTRQN1ZkRQ==,2023-06-08 15:04:30.348246
youtube#commentThread,8lZEsDb0XXQ2v8Sj4RQgHH9MlRk,Ugy6n6hS-VlooM4CXyx4AaABAg,"{'videoId': 'uuh1ydDwwrQ', 'topLevelComment': {'kind': 'youtube#comment', 'etag': 'OyHV_IG1kNqoeWjN_2o-aDAkpc0', 'id': 'Ugy6n6hS-VlooM4CXyx4AaABAg', 'snippet': {'videoId': 'uuh1ydDwwrQ', 'textDisplay': 'Pelo conjunto da obra, problema de saúde.    Amanhã cairá da escada...', 'textOriginal': 'Pelo conjunto da obra, problema de saúde.    Amanhã cairá da escada...', 'authorDisplayName': 'Αλέξανδρος, γιατρός', 'authorProfileImageUrl': 'https://yt3.ggpht.com/ytc/AGIKgqPbpEqVm1D_MCFHOVUGluTBgx2bFBCKJFj7LOIF=s48-c-k-c0x00ffffff-no-rj', 'authorChannelUrl': 'http://www.youtube.com/channel/UC5cTLfwpIYCBhihXD_O7n6g', 'authorChannelId': {'value': 'UC5cTLfwpIYCBhihXD_O7n6g'}, 'canRate': True, 'viewerRating': 'none', 'likeCount': 2, 'publishedAt': '2022-10-22T22:17:52Z', 'updatedAt': '2022-10-22T22:17:52Z'}}, 'canReply': True, 'totalReplyCount': 0, 'isPublic': True}",,UC5cTLfwpIYCBhihXD_O7n6g,2022-10-22T22:17:52Z,"Pelo conjunto da obra, problema de saúde.    Amanhã cairá da escada...",QURTSl9pMnBTemZzbGJfY2NYbUIyQ04zeVRMZEdHdWhpSTlHZUJ1djgzRHRhOHdZTE9pUUJ0bHpvaHJZZUZyRjloV0JWcVV3aTRQN1ZkRQ==,2023-06-08 15:04:30.348246
youtube#commentThread,xw92FTYPBeDCv2XKcyBv18-J8fs,UgzJZRcyPvEjGZYomKR4AaABAg,"{'videoId': 'uuh1ydDwwrQ', 'topLevelComment': {'kind': 'youtube#comment', 'etag': '8ctbL1Xuz5GS2aJs_lCvsDADglc', 'id': 'UgzJZRcyPvEjGZYomKR4AaABAg', 'snippet': {'videoId': 'uuh1ydDwwrQ', 'textDisplay': 'Onde será que levaram o homem. Todos calados com medo e igual aqui todos com medo.', 'textOriginal': 'Onde será que levaram o homem. Todos calados com medo e igual aqui todos com medo.', 'authorDisplayName': 'Clara Rezende', 'authorProfileImageUrl': 'https://yt3.ggpht.com/ytc/AGIKgqPaa2AjuO6HuLgddNBTW7d3XbQR-Wk_LBX2aw=s48-c-k-c0x00ffffff-no-rj', 'authorChannelUrl': 'http://www.youtube.com/channel/UCAFmbz_xzjueyUtWWb1LoFg', 'authorChannelId': {'value': 'UCAFmbz_xzjueyUtWWb1LoFg'}, 'canRate': True, 'viewerRating': 'none', 'likeCount': 2, 'publishedAt': '2022-10-22T22:15:10Z', 'updatedAt': '2022-10-22T22:15:10Z'}}, 'canReply': True, 'totalReplyCount': 0, 'isPublic': True}",,UCAFmbz_xzjueyUtWWb1LoFg,2022-10-22T22:15:10Z,Onde será que levaram o homem. Todos calados com medo e igual aqui todos com medo.,QURTSl9pMnBTemZzbGJfY2NYbUIyQ04zeVRMZEdHdWhpSTlHZUJ1djgzRHRhOHdZTE9pUUJ0bHpvaHJZZUZyRjloV0JWcVV3aTRQN1ZkRQ==,2023-06-08 15:04:30.348246
youtube#commentThread,ZB_ezJuzqX_6BJ9hbKRg2WjAaPA,UgwB2LpGSCdUoTzcBPV4AaABAg,"{'videoId': 'uuh1ydDwwrQ', 'topLevelComment': {'kind': 'youtube#comment', 'etag': 'xYd9jR5wdLC6k7dCYWdvx1emS5w', 'id': 'UgwB2LpGSCdUoTzcBPV4AaABAg', 'snippet': {'videoId': 'uuh1ydDwwrQ', 'textDisplay': 'O Lula agora foi longe de mais, pediu para o STF retirar ex presidente chinês', 'textOriginal': 'O Lula agora foi longe de mais, pediu para o STF retirar ex presidente chinês', 'authorDisplayName': 'Renato Vit', 'authorProfileImageUrl': 'https://yt3.ggpht.com/ytc/AGIKgqPwZBZGjriMlUE5OiwWBlu9nvb7UWjSPN-tJ-nS=s48-c-k-c0x00ffffff-no-rj', 'authorChannelUrl': 'http://www.youtube.com/channel/UCadPGKJqP7npdtbkhrTjKQw', 'authorChannelId': {'value': 'UCadPGKJqP7npdtbkhrTjKQw'}, 'canRate': True, 'viewerRating': 'none', 'likeCount': 0, 'publishedAt': '2022-10-22T22:10:45Z', 'updatedAt': '2022-10-22T22:10:45Z'}}, 'canReply': True, 'totalReplyCount': 0, 'isPublic': True}",,UCadPGKJqP7npdtbkhrTjKQw,2022-10-22T22:10:45Z,"O Lula agora foi longe de mais, pediu para o STF retirar ex presidente chinês",QURTSl9pMnBTemZzbGJfY2NYbUIyQ04zeVRMZEdHdWhpSTlHZUJ1djgzRHRhOHdZTE9pUUJ0bHpvaHJZZUZyRjloV0JWcVV3aTRQN1ZkRQ==,2023-06-08 15:04:30.348246
youtube#commentThread,46hcmgjbYwAvWX3kLoagF3PGiQ4,UgwNUzw7AAH-dk6iAjt4AaABAg,"{'videoId': 'uuh1ydDwwrQ', 'topLevelComment': {'kind': 'youtube#comment', 'etag': 'RDaATwO6pOFsI4lTiVRNj8TxvwI', 'id': 'UgwNUzw7AAH-dk6iAjt4AaABAg', 'snippet': {'videoId': 'uuh1ydDwwrQ', 'textDisplay': 'Ele foi tirado porque tava apoiando o bolsonaro', 'textOriginal': 'Ele foi tirado porque tava apoiando o bolsonaro', 'authorDisplayName': 'canal : consultoria bolsa família', 'authorProfileImageUrl': 'https://yt3.ggpht.com/W3kTr--BNt7ouey5L_bklRd8yEz2D6erGQiDNQCDrS7C2A8bBUAWkZ5LHsN0J5SLSv_F6eRBxYk=s48-c-k-c0x00ffffff-no-rj', 'authorChannelUrl': 'http://www.youtube.com/channel/UC1hjgqYxbnV_GtcfcBwSxjA', 'authorChannelId': {'value': 'UC1hjgqYxbnV_GtcfcBwSxjA'}, 'canRate': True, 'viewerRating': 'none', 'likeCount': 0, 'publishedAt': '2022-10-22T22:09:53Z', 'updatedAt': '2022-10-22T22:09:53Z'}}, 'canReply': True, 'totalReplyCount': 0, 'isPublic': True}",,UC1hjgqYxbnV_GtcfcBwSxjA,2022-10-22T22:09:53Z,Ele foi tirado porque tava apoiando o bolsonaro,QURTSl9pMnBTemZzbGJfY2NYbUIyQ04zeVRMZEdHdWhpSTlHZUJ1djgzRHRhOHdZTE9pUUJ0bHpvaHJZZUZyRjloV0JWcVV3aTRQN1ZkRQ==,2023-06-08 15:04:30.348246
youtube#commentThread,qG9luwE4mEXijxZZUeaoLRivaQA,UgxtR7n3XhSmNHOd8Tt4AaABAg,"{'videoId': 'uuh1ydDwwrQ', 'topLevelComment': {'kind': 'youtube#comment', 'etag': '4OecmrcKsHg2WYoM9wBngAyt6Zk', 'id': 'UgxtR7n3XhSmNHOd8Tt4AaABAg', 'snippet': {'videoId': 'uuh1ydDwwrQ', 'textDisplay': 'Esse professor é péssimo em percepção quando diz que o chines foi retirado por problema de saúde. Quando olhamos os presentes vemos que nenhum comunista presente realçou nenhuma ação de preocupação com saúde do líder retirado. O homem se recusou a sair do local, e isso é notório.', 'textOriginal': 'Esse professor é péssimo em percepção quando diz que o chines foi retirado por problema de saúde. Quando olhamos os presentes vemos que nenhum comunista presente realçou nenhuma ação de preocupação com saúde do líder retirado. O homem se recusou a sair do local, e isso é notório.', 'authorDisplayName': 'Saulo Moura de Farias', 'authorProfileImageUrl': 'https://yt3.ggpht.com/ytc/AGIKgqOGfcBULVLKkLPrq3ACIcXG4RJxBM8JvN4qil_IkA=s48-c-k-c0x00ffffff-no-rj', 'authorChannelUrl': 'http://www.youtube.com/channel/UCAlO66VUxMqVSeRceill5gA', 'authorChannelId': {'value': 'UCAlO66VUxMqVSeRceill5gA'}, 'canRate': True, 'viewerRating': 'none', 'likeCount': 0, 'publishedAt': '2022-10-22T22:08:50Z', 'updatedAt': '2022-10-22T22:08:50Z'}}, 'canReply': True, 'totalReplyCount': 0, 'isPublic': True}",,UCAlO66VUxMqVSeRceill5gA,2022-10-22T22:08:50Z,"Esse professor é péssimo em percepção quando diz que o chines foi retirado por problema de saúde. Quando olhamos os presentes vemos que nenhum comunista presente realçou nenhuma ação de preocupação com saúde do líder retirado. O homem se recusou a sair do local, e isso é notório.",QURTSl9pMnBTemZzbGJfY2NYbUIyQ04zeVRMZEdHdWhpSTlHZUJ1djgzRHRhOHdZTE9pUUJ0bHpvaHJZZUZyRjloV0JWcVV3aTRQN1ZkRQ==,2023-06-08 15:04:30.348246
youtube#commentThread,kU9mpEfd3-Kl2BPbshoNPR-31t4,UgyjU0fQ-HNBrzSZN0F4AaABAg,"{'videoId': 'uuh1ydDwwrQ', 'topLevelComment': {'kind': 'youtube#comment', 'etag': 'TCKjl_gPFk3EE9uSxaXKTT5Rt98', 'id': 'UgyjU0fQ-HNBrzSZN0F4AaABAg', 'snippet': {'videoId': 'uuh1ydDwwrQ', 'textDisplay': 'Tiraram porque é vendido pro ocidente. Traíra tem que ser humilhado publicamente.', 'textOriginal': 'Tiraram porque é vendido pro ocidente. Traíra tem que ser humilhado publicamente.', 'authorDisplayName': 'Dc. Carlos Vandir', 'authorProfileImageUrl': 'https://yt3.ggpht.com/AgRiSqSigpbiaOOK0Ub9aa7d2Sp3G-jUejZktt3MUmJ_F5g6IuF7ZHAiGJThBN2_UszyTc0IJrk=s48-c-k-c0x00ffffff-no-rj', 'authorChannelUrl': 'http://www.youtube.com/channel/UCcEycmPbIeSmG6tdquOqsUg', 'authorChannelId': {'value': 'UCcEycmPbIeSmG6tdquOqsUg'}, 'canRate': True, 'viewerRating': 'none', 'likeCount': 0, 'publishedAt': '2022-10-22T22:08:04Z', 'updatedAt': '2022-10-22T22:08:04Z'}}, 'canReply': True, 'totalReplyCount': 0, 'isPublic': True}",,UCcEycmPbIeSmG6tdquOqsUg,2022-10-22T22:08:04Z,Tiraram porque é vendido pro ocidente. Traíra tem que ser humilhado publicamente.,QURTSl9pMnBTemZzbGJfY2NYbUIyQ04zeVRMZEdHdWhpSTlHZUJ1djgzRHRhOHdZTE9pUUJ0bHpvaHJZZUZyRjloV0JWcVV3aTRQN1ZkRQ==,2023-06-08 15:04:30.348246
youtube#commentThread,U3HB7lewJT-CpACukZxDyJkYiLQ,UgylG-D9EnDxc4ZfoB14AaABAg,"{'videoId': 'uuh1ydDwwrQ', 'topLevelComment': {'kind': 'youtube#comment', 'etag': 'L5nKIgG6OjRN5kCvRqS5XJ68ErU', 'id': 'UgylG-D9EnDxc4ZfoB14AaABAg', 'snippet': {'videoId': 'uuh1ydDwwrQ', 'textDisplay': 'Kkkkkkkkk esse comentarista deve ser do partido, ele apoia a ditadura chinesa e russa. É claro que a essa hora o senhor expulso já foi para algum centro de &quot;reeducação&quot;.', 'textOriginal': 'Kkkkkkkkk esse comentarista deve ser do partido, ele apoia a ditadura chinesa e russa. É claro que a essa hora o senhor expulso já foi para algum centro de ""reeducação"".', 'authorDisplayName': 'alberto benevenuto', 'authorProfileImageUrl': 'https://yt3.ggpht.com/ATZzr4HzAWB0MK8bu4ho-4Qz8VNIL6hRGpjMBMAy-ALgj5mePDIZUIlr-Id7TwZg-UHq10C2iKg=s48-c-k-c0x00ffffff-no-rj', 'authorChannelUrl': 'http://www.youtube.com/channel/UC4otgjmfaD47j8s0oWIMQcA', 'authorChannelId': {'value': 'UC4otgjmfaD47j8s0oWIMQcA'}, 'canRate': True, 'viewerRating': 'none', 'likeCount': 0, 'publishedAt': '2022-10-22T22:05:17Z', 'updatedAt': '2022-10-22T22:05:17Z'}}, 'canReply': True, 'totalReplyCount': 0, 'isPublic': True}",,UC4otgjmfaD47j8s0oWIMQcA,2022-10-22T22:05:17Z,"Kkkkkkkkk esse comentarista deve ser do partido, ele apoia a ditadura chinesa e russa. É claro que a essa hora o senhor expulso já foi para algum centro de ""reeducação"".",QURTSl9pMnBTemZzbGJfY2NYbUIyQ04zeVRMZEdHdWhpSTlHZUJ1djgzRHRhOHdZTE9pUUJ0bHpvaHJZZUZyRjloV0JWcVV3aTRQN1ZkRQ==,2023-06-08 15:04:30.348246
youtube#commentThread,yjtbUF4WJGqW9fHRt-bIijhnEvk,Ugyzsdk1eDXCzjMz-xF4AaABAg,"{'videoId': 'uuh1ydDwwrQ', 'topLevelComment': {'kind': 'youtube#comment', 'etag': '_PwJ84lQYECXx4SVHiBJjdFOnz0', 'id': 'Ugyzsdk1eDXCzjMz-xF4AaABAg', 'snippet': {'videoId': 'uuh1ydDwwrQ', 'textDisplay': 'Tanta besteira', 'textOriginal': 'Tanta besteira', 'authorDisplayName': 'Carlos Santos', 'authorProfileImageUrl': 'https://yt3.ggpht.com/ytc/AGIKgqOHxQ7-OrdG1hdgLD1zbEsABxmAXFEH_m3Z8A=s48-c-k-c0x00ffffff-no-rj', 'authorChannelUrl': 'http://www.youtube.com/channel/UCPrCg9SBGj_DJ1_aZvAQ9SA', 'authorChannelId': {'value': 'UCPrCg9SBGj_DJ1_aZvAQ9SA'}, 'canRate': True, 'viewerRating': 'none', 'likeCount': 0, 'publishedAt': '2022-10-22T22:05:01Z', 'updatedAt': '2022-10-22T22:05:01Z'}}, 'canReply': True, 'totalReplyCount': 0, 'isPublic': True}",,UCPrCg9SBGj_DJ1_aZvAQ9SA,2022-10-22T22:05:01Z,Tanta besteira,QURTSl9pMnBTemZzbGJfY2NYbUIyQ04zeVRMZEdHdWhpSTlHZUJ1djgzRHRhOHdZTE9pUUJ0bHpvaHJZZUZyRjloV0JWcVV3aTRQN1ZkRQ==,2023-06-08 15:04:30.348246
youtube#commentThread,zmMOrHrFgJWAKOVz3cy0INyGW-U,Ugwr4bsUEkyzxDh-48J4AaABAg,"{'videoId': 'uuh1ydDwwrQ', 'topLevelComment': {'kind': 'youtube#comment', 'etag': 'aGeGz_fi9Vpe6y2lJYFCuKsaX-0', 'id': 'Ugwr4bsUEkyzxDh-48J4AaABAg', 'snippet': {'videoId': 'uuh1ydDwwrQ', 'textDisplay': 'Credo misericordia e partido Das trevas', 'textOriginal': 'Credo misericordia e partido Das trevas', 'authorDisplayName': 'Eliety claudia Da Silva', 'authorProfileImageUrl': 'https://yt3.ggpht.com/ytc/AGIKgqMZPp-uYBT2mE-vBWJ8bUWKe99Wz7As625oeKGnrg=s48-c-k-c0x00ffffff-no-rj', 'authorChannelUrl': 'http://www.youtube.com/channel/UC3Q4W4YnaCJFhCUY7yTc4gw', 'authorChannelId': {'value': 'UC3Q4W4YnaCJFhCUY7yTc4gw'}, 'canRate': True, 'viewerRating': 'none', 'likeCount': 0, 'publishedAt': '2022-10-22T22:04:42Z', 'updatedAt': '2022-10-22T22:04:42Z'}}, 'canReply': True, 'totalReplyCount': 0, 'isPublic': True}",,UC3Q4W4YnaCJFhCUY7yTc4gw,2022-10-22T22:04:42Z,Credo misericordia e partido Das trevas,QURTSl9pMnBTemZzbGJfY2NYbUIyQ04zeVRMZEdHdWhpSTlHZUJ1djgzRHRhOHdZTE9pUUJ0bHpvaHJZZUZyRjloV0JWcVV3aTRQN1ZkRQ==,2023-06-08 15:04:30.348246
youtube#commentThread,kj3U4grLiIf78qRWT2O_1vMSde0,UgxNjCBISoK2ayeo1lF4AaABAg,"{'videoId': 'uuh1ydDwwrQ', 'topLevelComment': {'kind': 'youtube#comment', 'etag': 'gIw4dBT-cI3yUQaVzxF07wOPNcU', 'id': 'UgxNjCBISoK2ayeo1lF4AaABAg', 'snippet': {'videoId': 'uuh1ydDwwrQ', 'textDisplay': 'Deus nus livre do comunismo olha so eles parece Robot tem muito medo do líder deles 😔 Nao queremos comunismo no Brasil 🇧🇷🇧🇷🇧🇷🇧🇷🇧🇷🇧🇷🇧🇷🇧🇷🇧🇷🇧🇷 22', 'textOriginal': 'Deus nus livre do comunismo olha so eles parece Robot tem muito medo do líder deles 😔 Nao queremos comunismo no Brasil 🇧🇷🇧🇷🇧🇷🇧🇷🇧🇷🇧🇷🇧🇷🇧🇷🇧🇷🇧🇷 22', 'authorDisplayName': 'Eliety claudia Da Silva', 'authorProfileImageUrl': 'https://yt3.ggpht.com/ytc/AGIKgqMZPp-uYBT2mE-vBWJ8bUWKe99Wz7As625oeKGnrg=s48-c-k-c0x00ffffff-no-rj', 'authorChannelUrl': 'http://www.youtube.com/channel/UC3Q4W4YnaCJFhCUY7yTc4gw', 'authorChannelId': {'value': 'UC3Q4W4YnaCJFhCUY7yTc4gw'}, 'canRate': True, 'viewerRating': 'none', 'likeCount': 0, 'publishedAt': '2022-10-22T22:04:04Z', 'updatedAt': '2022-10-22T22:04:04Z'}}, 'canReply': True, 'totalReplyCount': 0, 'isPublic': True}",,UC3Q4W4YnaCJFhCUY7yTc4gw,2022-10-22T22:04:04Z,Deus nus livre do comunismo olha so eles parece Robot tem muito medo do líder deles 😔 Nao queremos comunismo no Brasil 🇧🇷🇧🇷🇧🇷🇧🇷🇧🇷🇧🇷🇧🇷🇧🇷🇧🇷🇧🇷 22,QURTSl9pMnBTemZzbGJfY2NYbUIyQ04zeVRMZEdHdWhpSTlHZUJ1djgzRHRhOHdZTE9pUUJ0bHpvaHJZZUZyRjloV0JWcVV3aTRQN1ZkRQ==,2023-06-08 15:04:30.348246
youtube#commentThread,gA501Ck-F1QETsiV4Qypu8AhCxo,Ugw4MGIVCD1-MjIG-AZ4AaABAg,"{'videoId': 'uuh1ydDwwrQ', 'topLevelComment': {'kind': 'youtube#comment', 'etag': 'HT-alErVlVgfgu5M8g7wT4eFMbk', 'id': 'Ugw4MGIVCD1-MjIG-AZ4AaABAg', 'snippet': {'videoId': 'uuh1ydDwwrQ', 'textDisplay': 'A pergunta é:  existe suprema corte (STF) na China ?  Algum ministro teria  peito pra interferir nas medidas do presidente Chinês??', 'textOriginal': 'A pergunta é:  existe suprema corte (STF) na China ?  Algum ministro teria  peito pra interferir nas medidas do presidente Chinês??', 'authorDisplayName': 'Salvo pela graça!', 'authorProfileImageUrl': 'https://yt3.ggpht.com/Qd36Zhh0cEjRD6hRcMJ_uubjkRqJ5mUKdfeDRtMxEpZMLNvi6KCeo4KX2EBnC0vCN_ndtsEzqNI=s48-c-k-c0x00ffffff-no-rj', 'authorChannelUrl': 'http://www.youtube.com/channel/UCucTPGc8EEgCDrFUsLR-4XA', 'authorChannelId': {'value': 'UCucTPGc8EEgCDrFUsLR-4XA'}, 'canRate': True, 'viewerRating': 'none', 'likeCount': 0, 'publishedAt': '2022-10-22T22:03:03Z', 'updatedAt': '2022-10-22T22:03:03Z'}}, 'canReply': True, 'totalReplyCount': 0, 'isPublic': True}",,UCucTPGc8EEgCDrFUsLR-4XA,2022-10-22T22:03:03Z,A pergunta é:  existe suprema corte (STF) na China ?  Algum ministro teria  peito pra interferir nas medidas do presidente Chinês??,QURTSl9pMnBTemZzbGJfY2NYbUIyQ04zeVRMZEdHdWhpSTlHZUJ1djgzRHRhOHdZTE9pUUJ0bHpvaHJZZUZyRjloV0JWcVV3aTRQN1ZkRQ==,2023-06-08 15:04:30.348246
youtube#commentThread,N3yQLW_mYtxZj36Oo542BK605Tw,UgwwYEBAHKT7uAbQ_xt4AaABAg,"{'videoId': 'uuh1ydDwwrQ', 'topLevelComment': {'kind': 'youtube#comment', 'etag': 'n3xvriLz8b-beOyRHNMGaYr1b5A', 'id': 'UgwwYEBAHKT7uAbQ_xt4AaABAg', 'snippet': {'videoId': 'uuh1ydDwwrQ', 'textDisplay': 'Que Deus livre a China desse Comunismo<br><br>CENSURA  NÃO 🙏🏼🇧🇷  JOVEM  PAN', 'textOriginal': 'Que Deus livre a China desse Comunismo\\n\\nCENSURA  NÃO 🙏🏼🇧🇷  JOVEM  PAN', 'authorDisplayName': 'Adriana Silva', 'authorProfileImageUrl': 'https://yt3.ggpht.com/ytc/AGIKgqNasL5tpxfia3BaSW9CNvQP7hncqfopO11-bnPcmeXW8hgM2sLSucsaf--noEpp=s48-c-k-c0x00ffffff-no-rj', 'authorChannelUrl': 'http://www.youtube.com/channel/UC7vC6zivKZlyB6coxv_MExA', 'authorChannelId': {'value': 'UC7vC6zivKZlyB6coxv_MExA'}, 'canRate': True, 'viewerRating': 'none', 'likeCount': 0, 'publishedAt': '2022-10-22T22:02:20Z', 'updatedAt': '2022-10-22T22:05:39Z'}}, 'canReply': True, 'totalReplyCount': 0, 'isPublic': True}",,UC7vC6zivKZlyB6coxv_MExA,2022-10-22T22:02:20Z,"Que Deus livre a China desse Comunismo

CENSURA  NÃO 🙏🏼🇧🇷  JOVEM  PAN",QURTSl9pMnBTemZzbGJfY2NYbUIyQ04zeVRMZEdHdWhpSTlHZUJ1djgzRHRhOHdZTE9pUUJ0bHpvaHJZZUZyRjloV0JWcVV3aTRQN1ZkRQ==,2023-06-08 15:04:30.348246
youtube#commentThread,aUvbb1_DxCOnoVJKIms5GSY4670,UgzQxrCI8vcpimlNInl4AaABAg,"{'videoId': 'uuh1ydDwwrQ', 'topLevelComment': {'kind': 'youtube#comment', 'etag': '01Kzf_-EGIEU0OZsMUSi954-BY4', 'id': 'UgzQxrCI8vcpimlNInl4AaABAg', 'snippet': {'videoId': 'uuh1ydDwwrQ', 'textDisplay': 'O cara foi retirado a força.', 'textOriginal': 'O cara foi retirado a força.', 'authorDisplayName': 'cris mota', 'authorProfileImageUrl': 'https://yt3.ggpht.com/ytc/AGIKgqPJqf2nnXbsM2v4QSyQaVOkk6m7ORTjzNS9NaGw=s48-c-k-c0x00ffffff-no-rj', 'authorChannelUrl': 'http://www.youtube.com/channel/UCx6fA7ISofd5bkucWSdk7Pw', 'authorChannelId': {'value': 'UCx6fA7ISofd5bkucWSdk7Pw'}, 'canRate': True, 'viewerRating': 'none', 'likeCount': 1, 'publishedAt': '2022-10-22T22:01:35Z', 'updatedAt': '2022-10-22T22:01:35Z'}}, 'canReply': True, 'totalReplyCount': 0, 'isPublic': True}",,UCx6fA7ISofd5bkucWSdk7Pw,2022-10-22T22:01:35Z,O cara foi retirado a força.,QURTSl9pMnBTemZzbGJfY2NYbUIyQ04zeVRMZEdHdWhpSTlHZUJ1djgzRHRhOHdZTE9pUUJ0bHpvaHJZZUZyRjloV0JWcVV3aTRQN1ZkRQ==,2023-06-08 15:04:30.348246
youtube#commentThread,qlJMX6Kj0BiJB_qYGoONBl3YPq0,UgwAGLc7EwqWMlyUg0J4AaABAg,"{'videoId': 'uuh1ydDwwrQ', 'topLevelComment': {'kind': 'youtube#comment', 'etag': '0ysH6Ivs3q6lM8ZlLl74JAQcXns', 'id': 'UgwAGLc7EwqWMlyUg0J4AaABAg', 'snippet': {'videoId': 'uuh1ydDwwrQ', 'textDisplay': 'Cadê Xandão pra ajudar o homem', 'textOriginal': 'Cadê Xandão pra ajudar o homem', 'authorDisplayName': 'Gabriel Marinho', 'authorProfileImageUrl': 'https://yt3.ggpht.com/ytc/AGIKgqNh1ypMT0n6CmpnVGBgLqUUmHqrGuWfMfF-WI7tVcH6eLYREAgq-GDNgugrEZEM=s48-c-k-c0x00ffffff-no-rj', 'authorChannelUrl': 'http://www.youtube.com/channel/UCJhq5ojoT2fxAwqRKNCKFvA', 'authorChannelId': {'value': 'UCJhq5ojoT2fxAwqRKNCKFvA'}, 'canRate': True, 'viewerRating': 'none', 'likeCount': 1, 'publishedAt': '2022-10-22T21:59:59Z', 'updatedAt': '2022-10-22T21:59:59Z'}}, 'canReply': True, 'totalReplyCount': 0, 'isPublic': True}",,UCJhq5ojoT2fxAwqRKNCKFvA,2022-10-22T21:59:59Z,Cadê Xandão pra ajudar o homem,QURTSl9pMnBTemZzbGJfY2NYbUIyQ04zeVRMZEdHdWhpSTlHZUJ1djgzRHRhOHdZTE9pUUJ0bHpvaHJZZUZyRjloV0JWcVV3aTRQN1ZkRQ==,2023-06-08 15:04:30.348246
youtube#commentThread,QIse7B5-2VAMMD3cK03oZcoEmnk,Ugz_Gn5iIaAX9k5wDBt4AaABAg,"{'videoId': 'uuh1ydDwwrQ', 'topLevelComment': {'kind': 'youtube#comment', 'etag': 'zXHT1A1SRVyWyWdSy14Bs44ElU8', 'id': 'Ugz_Gn5iIaAX9k5wDBt4AaABAg', 'snippet': {'videoId': 'uuh1ydDwwrQ', 'textDisplay': 'Quanta hipocresia o Hu Jintao foi arrancado da cadeira a força a questão é o motivo talvés ele peidou perto do Xi....!!!!!', 'textOriginal': 'Quanta hipocresia o Hu Jintao foi arrancado da cadeira a força a questão é o motivo talvés ele peidou perto do Xi....!!!!!', 'authorDisplayName': 'Neo_ Expectre', 'authorProfileImageUrl': 'https://yt3.ggpht.com/aaRDdTOch5axQHoe3xIkS0tKCxNQFN9U0ehuxws3_Rdyz1fEAPbO6JKe7_GptugEA-ZgPW20_Q=s48-c-k-c0x00ffffff-no-rj', 'authorChannelUrl': 'http://www.youtube.com/channel/UC7HVlzASBf6ucY_-MqEUpsg', 'authorChannelId': {'value': 'UC7HVlzASBf6ucY_-MqEUpsg'}, 'canRate': True, 'viewerRating': 'none', 'likeCount': 1, 'publishedAt': '2022-10-22T21:59:22Z', 'updatedAt': '2022-10-22T21:59:22Z'}}, 'canReply': True, 'totalReplyCount': 0, 'isPublic': True}",,UC7HVlzASBf6ucY_-MqEUpsg,2022-10-22T21:59:22Z,Quanta hipocresia o Hu Jintao foi arrancado da cadeira a força a questão é o motivo talvés ele peidou perto do Xi....!!!!!,QURTSl9pMnBTemZzbGJfY2NYbUIyQ04zeVRMZEdHdWhpSTlHZUJ1djgzRHRhOHdZTE9pUUJ0bHpvaHJZZUZyRjloV0JWcVV3aTRQN1ZkRQ==,2023-06-08 15:04:30.348246
youtube#commentThread,roCHkXL9NFQfIt-eRvfxZK_JG1s,UgzjIG_rh0Bl9_il-3p4AaABAg,"{'videoId': 'uuh1ydDwwrQ', 'topLevelComment': {'kind': 'youtube#comment', 'etag': 'FOqDnCK6J2MQrvN13mI2ynVLCMg', 'id': 'UgzjIG_rh0Bl9_il-3p4AaABAg', 'snippet': {'videoId': 'uuh1ydDwwrQ', 'textDisplay': 'Vão dizer que foi um mal estar que ele teve.', 'textOriginal': 'Vão dizer que foi um mal estar que ele teve.', 'authorDisplayName': 'Pb. JOHN', 'authorProfileImageUrl': 'https://yt3.ggpht.com/AUR4DyknSwA2u1XV3OpICxxAufsWxpHck8rxQ17JF4pE2uj_ufm6uKMKCwSnCM796HaVVLy538Y=s48-c-k-c0x00ffffff-no-rj', 'authorChannelUrl': 'http://www.youtube.com/channel/UCIkyPritgdBzKbNNtjjJ85g', 'authorChannelId': {'value': 'UCIkyPritgdBzKbNNtjjJ85g'}, 'canRate': True, 'viewerRating': 'none', 'likeCount': 2, 'publishedAt': '2022-10-22T21:58:35Z', 'updatedAt': '2022-10-22T21:58:35Z'}}, 'canReply': True, 'totalReplyCount': 0, 'isPublic': True}",,UCIkyPritgdBzKbNNtjjJ85g,2022-10-22T21:58:35Z,Vão dizer que foi um mal estar que ele teve.,QURTSl9pMnBTemZzbGJfY2NYbUIyQ04zeVRMZEdHdWhpSTlHZUJ1djgzRHRhOHdZTE9pUUJ0bHpvaHJZZUZyRjloV0JWcVV3aTRQN1ZkRQ==,2023-06-08 15:04:30.348246
youtube#commentThread,P0gmuxQVHKSqImFnxF7mZlZtTrE,Ugz5j_k7YizB64OJeTh4AaABAg,"{'videoId': 'uuh1ydDwwrQ', 'topLevelComment': {'kind': 'youtube#comment', 'etag': '2YO-IlNmVlxMl1YihDbN36AMyGM', 'id': 'Ugz5j_k7YizB64OJeTh4AaABAg', 'snippet': {'videoId': 'uuh1ydDwwrQ', 'textDisplay': 'Ele estava com a cara cheia de saquê. Simples', 'textOriginal': 'Ele estava com a cara cheia de saquê. Simples', 'authorDisplayName': 'jason batista', 'authorProfileImageUrl': 'https://yt3.ggpht.com/ytc/AGIKgqPqS6bX0ugugn5MVJvQlHP3D-8wLJEhegCaJQ=s48-c-k-c0x00ffffff-no-rj', 'authorChannelUrl': 'http://www.youtube.com/channel/UC4ak73PIHqsHKI40LvvR7Tg', 'authorChannelId': {'value': 'UC4ak73PIHqsHKI40LvvR7Tg'}, 'canRate': True, 'viewerRating': 'none', 'likeCount': 1, 'publishedAt': '2022-10-22T21:57:33Z', 'updatedAt': '2022-10-22T21:57:33Z'}}, 'canReply': True, 'totalReplyCount': 0, 'isPublic': True}",,UC4ak73PIHqsHKI40LvvR7Tg,2022-10-22T21:57:33Z,Ele estava com a cara cheia de saquê. Simples,QURTSl9pMnBTemZzbGJfY2NYbUIyQ04zeVRMZEdHdWhpSTlHZUJ1djgzRHRhOHdZTE9pUUJ0bHpvaHJZZUZyRjloV0JWcVV3aTRQN1ZkRQ==,2023-06-08 15:04:30.348246
youtube#commentThread,juHGEDklxWCWh-m_R5zgV_pcJt8,Ugz_bGFsBSBL0dWZy0V4AaABAg,"{'videoId': 'uuh1ydDwwrQ', 'topLevelComment': {'kind': 'youtube#comment', 'etag': 'FToVViOTbs_zfrPCn1FcQMrgnBQ', 'id': 'Ugz_bGFsBSBL0dWZy0V4AaABAg', 'snippet': {'videoId': 'uuh1ydDwwrQ', 'textDisplay': '#22', 'textOriginal': '#22', 'authorDisplayName': 'MD ELETRICKS oficial', 'authorProfileImageUrl': 'https://yt3.ggpht.com/ytc/AGIKgqMBf6XxHfv6bBDge4A8obiGdnIlRDZSSVRgRFndlA=s48-c-k-c0x00ffffff-no-rj', 'authorChannelUrl': 'http://www.youtube.com/channel/UC59sIW_oFGac3BGb4C3uxuQ', 'authorChannelId': {'value': 'UC59sIW_oFGac3BGb4C3uxuQ'}, 'canRate': True, 'viewerRating': 'none', 'likeCount': 2, 'publishedAt': '2022-10-22T21:57:22Z', 'updatedAt': '2022-10-22T21:57:22Z'}}, 'canReply': True, 'totalReplyCount': 0, 'isPublic': True}",,UC59sIW_oFGac3BGb4C3uxuQ,2022-10-22T21:57:22Z,#22,QURTSl9pMnBTemZzbGJfY2NYbUIyQ04zeVRMZEdHdWhpSTlHZUJ1djgzRHRhOHdZTE9pUUJ0bHpvaHJZZUZyRjloV0JWcVV3aTRQN1ZkRQ==,2023-06-08 15:04:30.348246
youtube#commentThread,R2uWAuqbkHA_-UvpNMlShEEWZ0s,Ugx543bNpQf_5v0aOt54AaABAg,"{'videoId': 'uuh1ydDwwrQ', 'topLevelComment': {'kind': 'youtube#comment', 'etag': 'AS4ouhU37vmvejh-MZ0XKHZZ5YM', 'id': 'Ugx543bNpQf_5v0aOt54AaABAg', 'snippet': {'videoId': 'uuh1ydDwwrQ', 'textDisplay': 'Saudade dos tempos em que o termo professor não era sinônimo de agente educacional comunista.', 'textOriginal': 'Saudade dos tempos em que o termo professor não era sinônimo de agente educacional comunista.', 'authorDisplayName': 'A R', 'authorProfileImageUrl': 'https://yt3.ggpht.com/ytc/AGIKgqOxepObKzzVnrOTgDvsbS2et9rWbaZ86XpP7KqE=s48-c-k-c0x00ffffff-no-rj', 'authorChannelUrl': 'http://www.youtube.com/channel/UCvo78D4-d1jANkpHelHWAug', 'authorChannelId': {'value': 'UCvo78D4-d1jANkpHelHWAug'}, 'canRate': True, 'viewerRating': 'none', 'likeCount': 262, 'publishedAt': '2022-10-22T21:56:06Z', 'updatedAt': '2022-10-22T21:56:06Z'}}, 'canReply': True, 'totalReplyCount': 15, 'isPublic': True}","{'comments': [{'kind': 'youtube#comment', 'etag': 'cjT6gFziEinVjUpiFZwtkyKSQ9E', 'id': 'Ugx543bNpQf_5v0aOt54AaABAg.9hVYNoGnQRM9hh9vqyUxSn', 'snippet': {'videoId': 'uuh1ydDwwrQ', 'textDisplay': 'Só têm maluco nessa porta, nosso país é um hospício!', 'textOriginal': 'Só têm maluco nessa porta, nosso país é um hospício!', 'parentId': 'Ugx543bNpQf_5v0aOt54AaABAg', 'authorDisplayName': 'Thiago Guerreiro Santos', 'authorProfileImageUrl': 'https://yt3.ggpht.com/ytc/AGIKgqMM2-R9e9APHkOawwu0Kl4vEVJo_ZoWqHmGMdmZBQ=s48-c-k-c0x00ffffff-no-rj', 'authorChannelUrl': 'http://www.youtube.com/channel/UC_XHq5cnzN9NlSMfk5_-0-w', 'authorChannelId': {'value': 'UC_XHq5cnzN9NlSMfk5_-0-w'}, 'canRate': True, 'viewerRating': 'none', 'likeCount': 0, 'publishedAt': '2022-10-27T19:32:33Z', 'updatedAt': '2022-10-27T19:32:33Z'}}, {'kind': 'youtube#comment', 'etag': 'WynFbQrY-uLgwCsnE1sbgE4YS6I', 'id': 'Ugx543bNpQf_5v0aOt54AaABAg.9hVYNoGnQRM9hgnYHyz9Mz', 'snippet': {'videoId': 'uuh1ydDwwrQ', 'textDisplay': 'CHAMARAM UM CARA DO PCC PRA EXPLICAR???😅', 'textOriginal': 'CHAMARAM UM CARA DO PCC PRA EXPLICAR???😅', 'parentId': 'Ugx543bNpQf_5v0aOt54AaABAg', 'authorDisplayName': 'Luiz', 'authorProfileImageUrl': 'https://yt3.ggpht.com/he6n8u83cCCtrX-55qfwVgOY3UAuHj5hqhyXgEsuuQn3z13Nb_OPAmU_ZvCWjZX4g9rmw8cBPQ=s48-c-k-c0x00ffffff-no-rj', 'authorChannelUrl': 'http://www.youtube.com/channel/UCoGq_643DhWQzGsc1YuVFug', 'authorChannelId': {'value': 'UCoGq_643DhWQzGsc1YuVFug'}, 'canRate': True, 'viewerRating': 'none', 'likeCount': 1, 'publishedAt': '2022-10-27T16:08:13Z', 'updatedAt': '2022-10-27T16:08:13Z'}}, {'kind': 'youtube#comment', 'etag': '4ITZF-9degjOKuzsLfwzjFSx6Ig', 'id': 'Ugx543bNpQf_5v0aOt54AaABAg.9hVYNoGnQRM9hcY6DRqJz2', 'snippet': {'videoId': 'uuh1ydDwwrQ', 'textDisplay': 'caosGGx Verdade.', 'textOriginal': 'caosGGx Verdade.', 'parentId': 'Ugx543bNpQf_5v0aOt54AaABAg', 'authorDisplayName': 'Maria Helena', 'authorProfileImageUrl': 'https://yt3.ggpht.com/ytc/AGIKgqPJJ97wUlNx4d3iaxM-Dgic1tgyy_XcWhH7bA=s48-c-k-c0x00ffffff-no-rj', 'authorChannelUrl': 'http://www.youtube.com/channel/UC904ckBUNMsluJiouFYi44Q', 'authorChannelId': {'value': 'UC904ckBUNMsluJiouFYi44Q'}, 'canRate': True, 'viewerRating': 'none', 'likeCount': 0, 'publishedAt': '2022-10-26T00:27:37Z', 'updatedAt': '2022-10-26T00:27:37Z'}}, {'kind': 'youtube#comment', 'etag': 'jlmqzW65dMP8hhu2E0FLJoKoSYA', 'id': 'Ugx543bNpQf_5v0aOt54AaABAg.9hVYNoGnQRM9hcXtn6FwIC', 'snippet': {'videoId': 'uuh1ydDwwrQ', 'textDisplay': 'caosGGx É verdade.', 'textOriginal': 'caosGGx É verdade.', 'parentId': 'Ugx543bNpQf_5v0aOt54AaABAg', 'authorDisplayName': 'Maria Helena', 'authorProfileImageUrl': 'https://yt3.ggpht.com/ytc/AGIKgqPJJ97wUlNx4d3iaxM-Dgic1tgyy_XcWhH7bA=s48-c-k-c0x00ffffff-no-rj', 'authorChannelUrl': 'http://www.youtube.com/channel/UC904ckBUNMsluJiouFYi44Q', 'authorChannelId': {'value': 'UC904ckBUNMsluJiouFYi44Q'}, 'canRate': True, 'viewerRating': 'none', 'likeCount': 1, 'publishedAt': '2022-10-26T00:25:47Z', 'updatedAt': '2022-10-26T00:25:47Z'}}, {'kind': 'youtube#comment', 'etag': 'YpYSoOL51v8vT5ejasANhv3yChg', 'id': 'Ugx543bNpQf_5v0aOt54AaABAg.9hVYNoGnQRM9hc02TKU7v0', 'snippet': {'videoId': 'uuh1ydDwwrQ', 'textDisplay': 'Percebi qual é a desse &quot;professor&quot;. Alguém percebeu que o Hu estava passando mal, menos ele.', 'textOriginal': 'Percebi qual é a desse ""professor"". Alguém percebeu que o Hu estava passando mal, menos ele.', 'parentId': 'Ugx543bNpQf_5v0aOt54AaABAg', 'authorDisplayName': 'José Elias Costa', 'authorProfileImageUrl': 'https://yt3.ggpht.com/ytc/AGIKgqNx6LfL2bQ90NLAxHUNkDfoxHSkWhevF9-0qEoi4A=s48-c-k-c0x00ffffff-no-rj', 'authorChannelUrl': 'http://www.youtube.com/channel/UCMLisoRVdTaDR0ZMxJWm6Sw', 'authorChannelId': {'value': 'UCMLisoRVdTaDR0ZMxJWm6Sw'}, 'canRate': True, 'viewerRating': 'none', 'likeCount': 3, 'publishedAt': '2022-10-25T19:30:01Z', 'updatedAt': '2022-10-25T19:30:01Z'}}]}",UCvo78D4-d1jANkpHelHWAug,2022-10-22T21:56:06Z,Saudade dos tempos em que o termo professor não era sinônimo de agente educacional comunista.,QURTSl9pMnBTemZzbGJfY2NYbUIyQ04zeVRMZEdHdWhpSTlHZUJ1djgzRHRhOHdZTE9pUUJ0bHpvaHJZZUZyRjloV0JWcVV3aTRQN1ZkRQ==,2023-06-08 15:04:30.348246
youtube#commentThread,R_3XXClsZ2dY7ZQ46kKb4gR9_sw,Ugwuhoeob8HZckr1P1h4AaABAg,"{'videoId': 'uuh1ydDwwrQ', 'topLevelComment': {'kind': 'youtube#comment', 'etag': 'ZdlLixXRBYWTK69sh7oUsWBgwF8', 'id': 'Ugwuhoeob8HZckr1P1h4AaABAg', 'snippet': {'videoId': 'uuh1ydDwwrQ', 'textDisplay': 'Vai explicar mentindo', 'textOriginal': 'Vai explicar mentindo', 'authorDisplayName': 'JOSIAS LIMA', 'authorProfileImageUrl': 'https://yt3.ggpht.com/ytc/AGIKgqNr6lMkR-iDvCxdefwXdiM0Bb5lu-vX61Iuyw=s48-c-k-c0x00ffffff-no-rj', 'authorChannelUrl': 'http://www.youtube.com/channel/UCePGommOnYrW3Efbhxalsbw', 'authorChannelId': {'value': 'UCePGommOnYrW3Efbhxalsbw'}, 'canRate': True, 'viewerRating': 'none', 'likeCount': 0, 'publishedAt': '2022-10-22T21:55:47Z', 'updatedAt': '2022-10-22T21:55:47Z'}}, 'canReply': True, 'totalReplyCount': 0, 'isPublic': True}",,UCePGommOnYrW3Efbhxalsbw,2022-10-22T21:55:47Z,Vai explicar mentindo,QURTSl9pMnBTemZzbGJfY2NYbUIyQ04zeVRMZEdHdWhpSTlHZUJ1djgzRHRhOHdZTE9pUUJ0bHpvaHJZZUZyRjloV0JWcVV3aTRQN1ZkRQ==,2023-06-08 15:04:30.348246
youtube#commentThread,vo9g0pnoupi_9SHN7bKbsHO_uGo,UgxlvTtOw0ED0ZRpntJ4AaABAg,"{'videoId': 'uuh1ydDwwrQ', 'topLevelComment': {'kind': 'youtube#comment', 'etag': 'R0dcH-nO8l5s6TTtoeB7PuIMJkk', 'id': 'UgxlvTtOw0ED0ZRpntJ4AaABAg', 'snippet': {'videoId': 'uuh1ydDwwrQ', 'textDisplay': 'Quem o loola pode explicar aos modus operandi deles.', 'textOriginal': 'Quem o loola pode explicar aos modus operandi deles.', 'authorDisplayName': 'Matias Santos', 'authorProfileImageUrl': 'https://yt3.ggpht.com/ytc/AGIKgqNxUH8wzzlm5-lkMWLNVJC1_IVhXeBBaRkbwg=s48-c-k-c0x00ffffff-no-rj', 'authorChannelUrl': 'http://www.youtube.com/channel/UCKMoVNVt69Vf_YMYhT8M7wQ', 'authorChannelId': {'value': 'UCKMoVNVt69Vf_YMYhT8M7wQ'}, 'canRate': True, 'viewerRating': 'none', 'likeCount': 1, 'publishedAt': '2022-10-22T21:55:32Z', 'updatedAt': '2022-10-22T21:55:32Z'}}, 'canReply': True, 'totalReplyCount': 0, 'isPublic': True}",,UCKMoVNVt69Vf_YMYhT8M7wQ,2022-10-22T21:55:32Z,Quem o loola pode explicar aos modus operandi deles.,QURTSl9pMnBTemZzbGJfY2NYbUIyQ04zeVRMZEdHdWhpSTlHZUJ1djgzRHRhOHdZTE9pUUJ0bHpvaHJZZUZyRjloV0JWcVV3aTRQN1ZkRQ==,2023-06-08 15:04:30.348246
youtube#commentThread,sKZB4eDwYmE9QCPXRpX8QuHPfRs,UgytH6ODHomdm9WBjcB4AaABAg,"{'videoId': 'uuh1ydDwwrQ', 'topLevelComment': {'kind': 'youtube#comment', 'etag': '3Kjlu4jFGQtyBSLX6vsIx_AGeIY', 'id': 'UgytH6ODHomdm9WBjcB4AaABAg', 'snippet': {'videoId': 'uuh1ydDwwrQ', 'textDisplay': 'LULA QUER FAZER ISSO TAMBEM AQUI JUNTO COM BANDIDOS DO STF E STE, MAS O BRASIL VENCERA ESSES BANDIDOS....', 'textOriginal': 'LULA QUER FAZER ISSO TAMBEM AQUI JUNTO COM BANDIDOS DO STF E STE, MAS O BRASIL VENCERA ESSES BANDIDOS....', 'authorDisplayName': 'Edilson Nascimento', 'authorProfileImageUrl': 'https://yt3.ggpht.com/ytc/AGIKgqOGb-iY9sFS7x4USOoq_250a00IyxvIChpEukwKoL7LP8se6soiqDWeaFhbX4SQ=s48-c-k-c0x00ffffff-no-rj', 'authorChannelUrl': 'http://www.youtube.com/channel/UC10jQv9DxgNKZQ8D5_ZQI5A', 'authorChannelId': {'value': 'UC10jQv9DxgNKZQ8D5_ZQI5A'}, 'canRate': True, 'viewerRating': 'none', 'likeCount': 0, 'publishedAt': '2022-10-22T21:55:11Z', 'updatedAt': '2022-10-22T21:55:11Z'}}, 'canReply': True, 'totalReplyCount': 0, 'isPublic': True}",,UC10jQv9DxgNKZQ8D5_ZQI5A,2022-10-22T21:55:11Z,"LULA QUER FAZER ISSO TAMBEM AQUI JUNTO COM BANDIDOS DO STF E STE, MAS O BRASIL VENCERA ESSES BANDIDOS....",QURTSl9pMnBTemZzbGJfY2NYbUIyQ04zeVRMZEdHdWhpSTlHZUJ1djgzRHRhOHdZTE9pUUJ0bHpvaHJZZUZyRjloV0JWcVV3aTRQN1ZkRQ==,2023-06-08 15:04:30.348246
youtube#commentThread,ivzOrk0Punlpa2peY7FseCqAUf4,Ugy3QzuG-rFcR9Ta3uJ4AaABAg,"{'videoId': 'uuh1ydDwwrQ', 'topLevelComment': {'kind': 'youtube#comment', 'etag': 'TbQTY4U6855-xk341WuqRWhVxwY', 'id': 'Ugy3QzuG-rFcR9Ta3uJ4AaABAg', 'snippet': {'videoId': 'uuh1ydDwwrQ', 'textDisplay': 'Provavelmente já mandou matar', 'textOriginal': 'Provavelmente já mandou matar', 'authorDisplayName': 'JOSIAS LIMA', 'authorProfileImageUrl': 'https://yt3.ggpht.com/ytc/AGIKgqNr6lMkR-iDvCxdefwXdiM0Bb5lu-vX61Iuyw=s48-c-k-c0x00ffffff-no-rj', 'authorChannelUrl': 'http://www.youtube.com/channel/UCePGommOnYrW3Efbhxalsbw', 'authorChannelId': {'value': 'UCePGommOnYrW3Efbhxalsbw'}, 'canRate': True, 'viewerRating': 'none', 'likeCount': 0, 'publishedAt': '2022-10-22T21:54:56Z', 'updatedAt': '2022-10-22T21:54:56Z'}}, 'canReply': True, 'totalReplyCount': 0, 'isPublic': True}",,UCePGommOnYrW3Efbhxalsbw,2022-10-22T21:54:56Z,Provavelmente já mandou matar,QURTSl9pMnBTemZzbGJfY2NYbUIyQ04zeVRMZEdHdWhpSTlHZUJ1djgzRHRhOHdZTE9pUUJ0bHpvaHJZZUZyRjloV0JWcVV3aTRQN1ZkRQ==,2023-06-08 15:04:30.348246
youtube#commentThread,OkVJlFav1E_fzJWvB0l9frdrZZk,UgymgYdqmqDupfMNo2R4AaABAg,"{'videoId': 'uuh1ydDwwrQ', 'topLevelComment': {'kind': 'youtube#comment', 'etag': 'QSXiQPWQWIyAgSfRMxnGtuHVwyA', 'id': 'UgymgYdqmqDupfMNo2R4AaABAg', 'snippet': {'videoId': 'uuh1ydDwwrQ', 'textDisplay': 'Régimen????? Quienes son ustedes para decir régimen???? JP?????? 😡😡😡😡🤮', 'textOriginal': 'Régimen????? Quienes son ustedes para decir régimen???? JP?????? 😡😡😡😡🤮', 'authorDisplayName': 'Carmelo Chambi calle', 'authorProfileImageUrl': 'https://yt3.ggpht.com/ytc/AGIKgqNcUyElOH3L0M0l5hP8Dlq9WCh2EX3eO37atHR99g=s48-c-k-c0x00ffffff-no-rj', 'authorChannelUrl': 'http://www.youtube.com/channel/UC79MFt9dQy9dKqE0ZAV07zA', 'authorChannelId': {'value': 'UC79MFt9dQy9dKqE0ZAV07zA'}, 'canRate': True, 'viewerRating': 'none', 'likeCount': 0, 'publishedAt': '2022-10-22T21:51:03Z', 'updatedAt': '2022-10-22T21:51:03Z'}}, 'canReply': True, 'totalReplyCount': 0, 'isPublic': True}",,UC79MFt9dQy9dKqE0ZAV07zA,2022-10-22T21:51:03Z,Régimen????? Quienes son ustedes para decir régimen???? JP?????? 😡😡😡😡🤮,QURTSl9pMnBTemZzbGJfY2NYbUIyQ04zeVRMZEdHdWhpSTlHZUJ1djgzRHRhOHdZTE9pUUJ0bHpvaHJZZUZyRjloV0JWcVV3aTRQN1ZkRQ==,2023-06-08 15:04:30.348246
youtube#commentThread,k6AsXkms918k_FY68E5jyhRnZqU,Ugw2ST-ATrtN850l02x4AaABAg,"{'videoId': 'uuh1ydDwwrQ', 'topLevelComment': {'kind': 'youtube#comment', 'etag': 'MoYViEKaMW-0DZdt2_h2wpDju28', 'id': 'Ugw2ST-ATrtN850l02x4AaABAg', 'snippet': {'videoId': 'uuh1ydDwwrQ', 'textDisplay': 'É simples, comunista não tem amigos', 'textOriginal': 'É simples, comunista não tem amigos', 'authorDisplayName': 'Antonio Carlos Seiler', 'authorProfileImageUrl': 'https://yt3.ggpht.com/ytc/AGIKgqOSMVYJxvNsZqvD2k7I05c5pIGK6Jcm2mb0jQ8xQg=s48-c-k-c0x00ffffff-no-rj', 'authorChannelUrl': 'http://www.youtube.com/channel/UCh-XiqUax3tN2E_zfxwfPnQ', 'authorChannelId': {'value': 'UCh-XiqUax3tN2E_zfxwfPnQ'}, 'canRate': True, 'viewerRating': 'none', 'likeCount': 0, 'publishedAt': '2022-10-22T21:50:03Z', 'updatedAt': '2022-10-22T21:50:03Z'}}, 'canReply': True, 'totalReplyCount': 0, 'isPublic': True}",,UCh-XiqUax3tN2E_zfxwfPnQ,2022-10-22T21:50:03Z,"É simples, comunista não tem amigos",QURTSl9pMnBTemZzbGJfY2NYbUIyQ04zeVRMZEdHdWhpSTlHZUJ1djgzRHRhOHdZTE9pUUJ0bHpvaHJZZUZyRjloV0JWcVV3aTRQN1ZkRQ==,2023-06-08 15:04:30.348246
youtube#commentThread,MBubGOndbenmYwyHqxqe03fRjL4,UgyZXhBt94AqRHJuel54AaABAg,"{'videoId': 'uuh1ydDwwrQ', 'topLevelComment': {'kind': 'youtube#comment', 'etag': '2k7SZhg2zMAUHuq4vjxfA_pVRcg', 'id': 'UgyZXhBt94AqRHJuel54AaABAg', 'snippet': {'videoId': 'uuh1ydDwwrQ', 'textDisplay': 'Essa é uma grande MENTIRA e não COLA.KKKKKKKKKKKKKKKKKKKKK.', 'textOriginal': 'Essa é uma grande MENTIRA e não COLA.KKKKKKKKKKKKKKKKKKKKK.', 'authorDisplayName': 'momentos curioso', 'authorProfileImageUrl': 'https://yt3.ggpht.com/ytc/AGIKgqObjxG7OA84gcnQ6dGrfW3rXcbZ_c8e5mKD=s48-c-k-c0x00ffffff-no-rj', 'authorChannelUrl': 'http://www.youtube.com/channel/UC1RqyaQ_oCj4FAwp3MxAfyw', 'authorChannelId': {'value': 'UC1RqyaQ_oCj4FAwp3MxAfyw'}, 'canRate': True, 'viewerRating': 'none', 'likeCount': 0, 'publishedAt': '2022-10-22T21:48:21Z', 'updatedAt': '2022-10-22T21:48:21Z'}}, 'canReply': True, 'totalReplyCount': 0, 'isPublic': True}",,UC1RqyaQ_oCj4FAwp3MxAfyw,2022-10-22T21:48:21Z,Essa é uma grande MENTIRA e não COLA.KKKKKKKKKKKKKKKKKKKKK.,QURTSl9pMnBTemZzbGJfY2NYbUIyQ04zeVRMZEdHdWhpSTlHZUJ1djgzRHRhOHdZTE9pUUJ0bHpvaHJZZUZyRjloV0JWcVV3aTRQN1ZkRQ==,2023-06-08 15:04:30.348246
youtube#commentThread,k4zTJ7CiN6ljYqaSRKnq7onqLxs,UgyUF02uX3sz-4puI-t4AaABAg,"{'videoId': 'uuh1ydDwwrQ', 'topLevelComment': {'kind': 'youtube#comment', 'etag': '2jqhtADwXuN0jMu-IwQexgZbCG8', 'id': 'UgyUF02uX3sz-4puI-t4AaABAg', 'snippet': {'videoId': 'uuh1ydDwwrQ', 'textDisplay': 'China e PT tudo a vêr.', 'textOriginal': 'China e PT tudo a vêr.', 'authorDisplayName': 'momentos curioso', 'authorProfileImageUrl': 'https://yt3.ggpht.com/ytc/AGIKgqObjxG7OA84gcnQ6dGrfW3rXcbZ_c8e5mKD=s48-c-k-c0x00ffffff-no-rj', 'authorChannelUrl': 'http://www.youtube.com/channel/UC1RqyaQ_oCj4FAwp3MxAfyw', 'authorChannelId': {'value': 'UC1RqyaQ_oCj4FAwp3MxAfyw'}, 'canRate': True, 'viewerRating': 'none', 'likeCount': 0, 'publishedAt': '2022-10-22T21:46:09Z', 'updatedAt': '2022-10-22T21:46:09Z'}}, 'canReply': True, 'totalReplyCount': 0, 'isPublic': True}",,UC1RqyaQ_oCj4FAwp3MxAfyw,2022-10-22T21:46:09Z,China e PT tudo a vêr.,QURTSl9pMnBTemZzbGJfY2NYbUIyQ04zeVRMZEdHdWhpSTlHZUJ1djgzRHRhOHdZTE9pUUJ0bHpvaHJZZUZyRjloV0JWcVV3aTRQN1ZkRQ==,2023-06-08 15:04:30.348246
youtube#commentThread,Ydorc5vUqSPuTHuuazlAr8ynIYg,UgwYM8wEStisC0k0gch4AaABAg,"{'videoId': 'uuh1ydDwwrQ', 'topLevelComment': {'kind': 'youtube#comment', 'etag': '-WgvnbLNjpsMzdXHmmAh9aF98ss', 'id': 'UgwYM8wEStisC0k0gch4AaABAg', 'snippet': {'videoId': 'uuh1ydDwwrQ', 'textDisplay': 'Normal daqui uns dias vamos fazer igual no Brasil se alguém criticar o lula paz e amor', 'textOriginal': 'Normal daqui uns dias vamos fazer igual no Brasil se alguém criticar o lula paz e amor', 'authorDisplayName': 'Gilberto Antonio', 'authorProfileImageUrl': 'https://yt3.ggpht.com/ytc/AGIKgqNAt_IjpXihu2Rx3Wo8eCFrt0uUNYzaRxTsIlen0A=s48-c-k-c0x00ffffff-no-rj', 'authorChannelUrl': 'http://www.youtube.com/channel/UCPtJW6QD3Fry84-CKvJzYwQ', 'authorChannelId': {'value': 'UCPtJW6QD3Fry84-CKvJzYwQ'}, 'canRate': True, 'viewerRating': 'none', 'likeCount': 0, 'publishedAt': '2022-10-22T21:45:49Z', 'updatedAt': '2022-10-22T21:45:49Z'}}, 'canReply': True, 'totalReplyCount': 0, 'isPublic': True}",,UCPtJW6QD3Fry84-CKvJzYwQ,2022-10-22T21:45:49Z,Normal daqui uns dias vamos fazer igual no Brasil se alguém criticar o lula paz e amor,QURTSl9pMnBTemZzbGJfY2NYbUIyQ04zeVRMZEdHdWhpSTlHZUJ1djgzRHRhOHdZTE9pUUJ0bHpvaHJZZUZyRjloV0JWcVV3aTRQN1ZkRQ==,2023-06-08 15:04:30.348246
youtube#commentThread,P2x6W3TIy2O28_naVWnubVS39Vk,Ugw2ecbmPDbvc2kfYll4AaABAg,"{'videoId': 'uuh1ydDwwrQ', 'topLevelComment': {'kind': 'youtube#comment', 'etag': 'hqqdZRzSMj_MGdpqTHrqAl_biBc', 'id': 'Ugw2ecbmPDbvc2kfYll4AaABAg', 'snippet': {'videoId': 'uuh1ydDwwrQ', 'textDisplay': 'Cagou e  não deu pra correr', 'textOriginal': 'Cagou e  não deu pra correr', 'authorDisplayName': 'Antônio Jose Barbosa', 'authorProfileImageUrl': 'https://yt3.ggpht.com/ytc/AGIKgqPc7rDsHJ7ORCE6U2tpdo33AGPMQUN_SGKhnpBGEzsw54z4gBhgDaOzIx1WJ-zs=s48-c-k-c0x00ffffff-no-rj', 'authorChannelUrl': 'http://www.youtube.com/channel/UCI-RwNTeIrvL37fO-OyWz0A', 'authorChannelId': {'value': 'UCI-RwNTeIrvL37fO-OyWz0A'}, 'canRate': True, 'viewerRating': 'none', 'likeCount': 0, 'publishedAt': '2022-10-22T21:45:45Z', 'updatedAt': '2022-10-22T21:45:45Z'}}, 'canReply': True, 'totalReplyCount': 0, 'isPublic': True}",,UCI-RwNTeIrvL37fO-OyWz0A,2022-10-22T21:45:45Z,Cagou e  não deu pra correr,QURTSl9pMnBTemZzbGJfY2NYbUIyQ04zeVRMZEdHdWhpSTlHZUJ1djgzRHRhOHdZTE9pUUJ0bHpvaHJZZUZyRjloV0JWcVV3aTRQN1ZkRQ==,2023-06-08 15:04:30.348246
youtube#commentThread,DmmGlB0bIKjhQJatSARSMToRAgM,Ugw5ATtnms467SCEysB4AaABAg,"{'videoId': 'uuh1ydDwwrQ', 'topLevelComment': {'kind': 'youtube#comment', 'etag': 'IKtElcN6GVZO4o5ASNRpd_Fm7s0', 'id': 'Ugw5ATtnms467SCEysB4AaABAg', 'snippet': {'videoId': 'uuh1ydDwwrQ', 'textDisplay': 'Quem é este professor &quot;especialista&quot; que trata este assunto seríssimo com um sorriso digno de um bobo alegre, de um retardado mental que não tem idéia da importância do fato ocorrido ?', 'textOriginal': 'Quem é este professor ""especialista"" que trata este assunto seríssimo com um sorriso digno de um bobo alegre, de um retardado mental que não tem idéia da importância do fato ocorrido ?', 'authorDisplayName': 'eusromanowski', 'authorProfileImageUrl': 'https://yt3.ggpht.com/ytc/AGIKgqM_Ta1SjGXy53UROeFUg83mEpz4IC6GeOjJpg=s48-c-k-c0x00ffffff-no-rj', 'authorChannelUrl': 'http://www.youtube.com/channel/UCfKx3Wo3ghNuxLEoS974Z6Q', 'authorChannelId': {'value': 'UCfKx3Wo3ghNuxLEoS974Z6Q'}, 'canRate': True, 'viewerRating': 'none', 'likeCount': 1, 'publishedAt': '2022-10-22T21:45:09Z', 'updatedAt': '2022-10-22T21:45:31Z'}}, 'canReply': True, 'totalReplyCount': 0, 'isPublic': True}",,UCfKx3Wo3ghNuxLEoS974Z6Q,2022-10-22T21:45:09Z,"Quem é este professor ""especialista"" que trata este assunto seríssimo com um sorriso digno de um bobo alegre, de um retardado mental que não tem idéia da importância do fato ocorrido ?",QURTSl9pMnBTemZzbGJfY2NYbUIyQ04zeVRMZEdHdWhpSTlHZUJ1djgzRHRhOHdZTE9pUUJ0bHpvaHJZZUZyRjloV0JWcVV3aTRQN1ZkRQ==,2023-06-08 15:04:30.348246
youtube#commentThread,3lG013PdURsbn6h16NqarQbuNQY,UgwjrXedVFkvFSsmiSB4AaABAg,"{'videoId': 'uuh1ydDwwrQ', 'topLevelComment': {'kind': 'youtube#comment', 'etag': 'V_TnA2vGJmuq38vh7HA0buhWCVE', 'id': 'UgwjrXedVFkvFSsmiSB4AaABAg', 'snippet': {'videoId': 'uuh1ydDwwrQ', 'textDisplay': 'Bplsonaro no poder  mulher na submissão', 'textOriginal': 'Bplsonaro no poder  mulher na submissão', 'authorDisplayName': 'Alex Silva', 'authorProfileImageUrl': 'https://yt3.ggpht.com/ytc/AGIKgqNasL5tpxfia3BaSW9CNvQP7hncqfopO11-bnPcmeXW8hgM2sLSucsaf--noEpp=s48-c-k-c0x00ffffff-no-rj', 'authorChannelUrl': 'http://www.youtube.com/channel/UCqDyyVaZwAGD0K4SUcdOisQ', 'authorChannelId': {'value': 'UCqDyyVaZwAGD0K4SUcdOisQ'}, 'canRate': True, 'viewerRating': 'none', 'likeCount': 0, 'publishedAt': '2022-10-22T21:44:02Z', 'updatedAt': '2022-10-22T21:44:02Z'}}, 'canReply': True, 'totalReplyCount': 0, 'isPublic': True}",,UCqDyyVaZwAGD0K4SUcdOisQ,2022-10-22T21:44:02Z,Bplsonaro no poder  mulher na submissão,QURTSl9pMnBTemZzbGJfY2NYbUIyQ04zeVRMZEdHdWhpSTlHZUJ1djgzRHRhOHdZTE9pUUJ0bHpvaHJZZUZyRjloV0JWcVV3aTRQN1ZkRQ==,2023-06-08 15:04:30.348246
youtube#commentThread,lFi3NCFFrdtmtuqQD-zOhr35j_g,UgxN2TNtNhlbS2UBCZl4AaABAg,"{'videoId': 'uuh1ydDwwrQ', 'topLevelComment': {'kind': 'youtube#comment', 'etag': 'MGiIFz-J9JDRdULpqNprMDlvSpU', 'id': 'UgxN2TNtNhlbS2UBCZl4AaABAg', 'snippet': {'videoId': 'uuh1ydDwwrQ', 'textDisplay': 'Ele está nitidamente sedado', 'textOriginal': 'Ele está nitidamente sedado', 'authorDisplayName': 'jason batista', 'authorProfileImageUrl': 'https://yt3.ggpht.com/ytc/AGIKgqPqS6bX0ugugn5MVJvQlHP3D-8wLJEhegCaJQ=s48-c-k-c0x00ffffff-no-rj', 'authorChannelUrl': 'http://www.youtube.com/channel/UC4ak73PIHqsHKI40LvvR7Tg', 'authorChannelId': {'value': 'UC4ak73PIHqsHKI40LvvR7Tg'}, 'canRate': True, 'viewerRating': 'none', 'likeCount': 0, 'publishedAt': '2022-10-22T21:43:45Z', 'updatedAt': '2022-10-22T21:43:45Z'}}, 'canReply': True, 'totalReplyCount': 0, 'isPublic': True}",,UC4ak73PIHqsHKI40LvvR7Tg,2022-10-22T21:43:45Z,Ele está nitidamente sedado,QURTSl9pMnBTemZzbGJfY2NYbUIyQ04zeVRMZEdHdWhpSTlHZUJ1djgzRHRhOHdZTE9pUUJ0bHpvaHJZZUZyRjloV0JWcVV3aTRQN1ZkRQ==,2023-06-08 15:04:30.348246
youtube#commentThread,AzA6YDUQFlkR01yHxTHY0O93T4o,UgyWBM1R2LVdumNfxKJ4AaABAg,"{'videoId': 'uuh1ydDwwrQ', 'topLevelComment': {'kind': 'youtube#comment', 'etag': 'ytQogbzVruONPonHtNDlQuKyLxE', 'id': 'UgyWBM1R2LVdumNfxKJ4AaABAg', 'snippet': {'videoId': 'uuh1ydDwwrQ', 'textDisplay': 'Os crentes não querem  pagar iptu', 'textOriginal': 'Os crentes não querem  pagar iptu', 'authorDisplayName': 'Alex Silva', 'authorProfileImageUrl': 'https://yt3.ggpht.com/ytc/AGIKgqNasL5tpxfia3BaSW9CNvQP7hncqfopO11-bnPcmeXW8hgM2sLSucsaf--noEpp=s48-c-k-c0x00ffffff-no-rj', 'authorChannelUrl': 'http://www.youtube.com/channel/UCqDyyVaZwAGD0K4SUcdOisQ', 'authorChannelId': {'value': 'UCqDyyVaZwAGD0K4SUcdOisQ'}, 'canRate': True, 'viewerRating': 'none', 'likeCount': 0, 'publishedAt': '2022-10-22T21:43:34Z', 'updatedAt': '2022-10-22T21:43:34Z'}}, 'canReply': True, 'totalReplyCount': 0, 'isPublic': True}",,UCqDyyVaZwAGD0K4SUcdOisQ,2022-10-22T21:43:34Z,Os crentes não querem  pagar iptu,QURTSl9pMnBTemZzbGJfY2NYbUIyQ04zeVRMZEdHdWhpSTlHZUJ1djgzRHRhOHdZTE9pUUJ0bHpvaHJZZUZyRjloV0JWcVV3aTRQN1ZkRQ==,2023-06-08 15:04:30.348246
youtube#commentThread,4xCYjMGFUhAPCAyzq-SIA6GKZZQ,UgzmTNVEwEUQOEzppMR4AaABAg,"{'videoId': 'uuh1ydDwwrQ', 'topLevelComment': {'kind': 'youtube#comment', 'etag': 'TEQA8qFgvDgWTv9d9Fi2pGlzX1Q', 'id': 'UgzmTNVEwEUQOEzppMR4AaABAg', 'snippet': {'videoId': 'uuh1ydDwwrQ', 'textDisplay': 'É uma tristeza ver como a imprensa põe  lenha na fogueira falando o que mais convém para vender noticias.<br>O ex-presidente apenas se sentiu mal disposto......nada mais levando em conta a idade.<br>O governo chinês esclareceu a situação momentos a seguir mas a imprensa já estava a vender veneno.', 'textOriginal': 'É uma tristeza ver como a imprensa põe  lenha na fogueira falando o que mais convém para vender noticias.\\nO ex-presidente apenas se sentiu mal disposto......nada mais levando em conta a idade.\\nO governo chinês esclareceu a situação momentos a seguir mas a imprensa já estava a vender veneno.', 'authorDisplayName': 'leonel inacio', 'authorProfileImageUrl': 'https://yt3.ggpht.com/ytc/AGIKgqOoSGHoL2MiurxYLHL8A0AI9PMJKLHwCYc3hMqJ=s48-c-k-c0x00ffffff-no-rj', 'authorChannelUrl': 'http://www.youtube.com/channel/UCGVeVTYeNAAgtTykGHHiBGg', 'authorChannelId': {'value': 'UCGVeVTYeNAAgtTykGHHiBGg'}, 'canRate': True, 'viewerRating': 'none', 'likeCount': 1, 'publishedAt': '2022-10-22T21:43:28Z', 'updatedAt': '2022-10-22T21:44:27Z'}}, 'canReply': True, 'totalReplyCount': 0, 'isPublic': True}",,UCGVeVTYeNAAgtTykGHHiBGg,2022-10-22T21:43:28Z,"É uma tristeza ver como a imprensa põe  lenha na fogueira falando o que mais convém para vender noticias.
O ex-presidente apenas se sentiu mal disposto......nada mais levando em conta a idade.
O governo chinês esclareceu a situação momentos a seguir mas a imprensa já estava a vender veneno.",QURTSl9pM1I0Y1I5MkU4U1BEQ293S01wVi1NbHpKVkJnbld2ZFFGZjhkc3RCaXR2WTlSb2R0cmdxVktBU010cE9mQ3ZCWFgxOU4zS0tqWQ==,2023-06-08 15:04:31.190544
youtube#commentThread,a4PfsyxSnbUhv9GG_HROW6JtA2w,UgylIFIYMYraYYD18-l4AaABAg,"{'videoId': 'uuh1ydDwwrQ', 'topLevelComment': {'kind': 'youtube#comment', 'etag': 'kYm7Ko4yxGg9tiktx2CADhEF1eY', 'id': 'UgylIFIYMYraYYD18-l4AaABAg', 'snippet': {'videoId': 'uuh1ydDwwrQ', 'textDisplay': 'Bolsonaro engana evangelicos', 'textOriginal': 'Bolsonaro engana evangelicos', 'authorDisplayName': 'Alex Silva', 'authorProfileImageUrl': 'https://yt3.ggpht.com/ytc/AGIKgqNasL5tpxfia3BaSW9CNvQP7hncqfopO11-bnPcmeXW8hgM2sLSucsaf--noEpp=s48-c-k-c0x00ffffff-no-rj', 'authorChannelUrl': 'http://www.youtube.com/channel/UCqDyyVaZwAGD0K4SUcdOisQ', 'authorChannelId': {'value': 'UCqDyyVaZwAGD0K4SUcdOisQ'}, 'canRate': True, 'viewerRating': 'none', 'likeCount': 0, 'publishedAt': '2022-10-22T21:43:09Z', 'updatedAt': '2022-10-22T21:43:09Z'}}, 'canReply': True, 'totalReplyCount': 0, 'isPublic': True}",,UCqDyyVaZwAGD0K4SUcdOisQ,2022-10-22T21:43:09Z,Bolsonaro engana evangelicos,QURTSl9pM1I0Y1I5MkU4U1BEQ293S01wVi1NbHpKVkJnbld2ZFFGZjhkc3RCaXR2WTlSb2R0cmdxVktBU010cE9mQ3ZCWFgxOU4zS0tqWQ==,2023-06-08 15:04:31.190544
youtube#commentThread,vBYid6m9At2azTlWWpJNTMxz1gc,UgzNnHnZQrY_mlDeD9x4AaABAg,"{'videoId': 'uuh1ydDwwrQ', 'topLevelComment': {'kind': 'youtube#comment', 'etag': 'vTio_ejI6wu0FdKpA8vvNjTmk1E', 'id': 'UgzNnHnZQrY_mlDeD9x4AaABAg', 'snippet': {'videoId': 'uuh1ydDwwrQ', 'textDisplay': 'No comunismo sacrificasse um mão ✋ para salvar o braço.... 👀 Vivo no velhinho porque pode sumir ☠️', 'textOriginal': 'No comunismo sacrificasse um mão ✋ para salvar o braço.... 👀 Vivo no velhinho porque pode sumir ☠️', 'authorDisplayName': 'Fabricio Leite', 'authorProfileImageUrl': 'https://yt3.ggpht.com/ytc/AGIKgqMNI7UO_DOXaID4dBZbUggunu_kxLgQZfBBDibdkg=s48-c-k-c0x00ffffff-no-rj', 'authorChannelUrl': 'http://www.youtube.com/channel/UCKeXu2yX-4-vr9JqnysSv1w', 'authorChannelId': {'value': 'UCKeXu2yX-4-vr9JqnysSv1w'}, 'canRate': True, 'viewerRating': 'none', 'likeCount': 1, 'publishedAt': '2022-10-22T21:43:07Z', 'updatedAt': '2022-10-22T21:43:07Z'}}, 'canReply': True, 'totalReplyCount': 0, 'isPublic': True}",,UCKeXu2yX-4-vr9JqnysSv1w,2022-10-22T21:43:07Z,No comunismo sacrificasse um mão ✋ para salvar o braço.... 👀 Vivo no velhinho porque pode sumir ☠️,QURTSl9pM1I0Y1I5MkU4U1BEQ293S01wVi1NbHpKVkJnbld2ZFFGZjhkc3RCaXR2WTlSb2R0cmdxVktBU010cE9mQ3ZCWFgxOU4zS0tqWQ==,2023-06-08 15:04:31.190544
youtube#commentThread,ovj-QxlHwo8GR9Ioonm07bezmNg,UgwwoD7m8Z-zVEplpAJ4AaABAg,"{'videoId': 'uuh1ydDwwrQ', 'topLevelComment': {'kind': 'youtube#comment', 'etag': 'mvkYH3UVM17pzTredifzvkRWlrw', 'id': 'UgwwoD7m8Z-zVEplpAJ4AaABAg', 'snippet': {'videoId': 'uuh1ydDwwrQ', 'textDisplay': 'O homem relutou em sair. No Sistema Comunista não existem amigos...', 'textOriginal': 'O homem relutou em sair. No Sistema Comunista não existem amigos...', 'authorDisplayName': 'Maria Ramos', 'authorProfileImageUrl': 'https://yt3.ggpht.com/ytc/AGIKgqNhXiJCXMfJgMEAQo9oKBVFBN_KZIbnAYxVRQ=s48-c-k-c0x00ffffff-no-rj', 'authorChannelUrl': 'http://www.youtube.com/channel/UCfY0L-WtPTf_3RggFPghk6w', 'authorChannelId': {'value': 'UCfY0L-WtPTf_3RggFPghk6w'}, 'canRate': True, 'viewerRating': 'none', 'likeCount': 0, 'publishedAt': '2022-10-22T21:42:40Z', 'updatedAt': '2022-10-22T21:42:40Z'}}, 'canReply': True, 'totalReplyCount': 0, 'isPublic': True}",,UCfY0L-WtPTf_3RggFPghk6w,2022-10-22T21:42:40Z,O homem relutou em sair. No Sistema Comunista não existem amigos...,QURTSl9pM1I0Y1I5MkU4U1BEQ293S01wVi1NbHpKVkJnbld2ZFFGZjhkc3RCaXR2WTlSb2R0cmdxVktBU010cE9mQ3ZCWFgxOU4zS0tqWQ==,2023-06-08 15:04:31.190544
youtube#commentThread,b6feLFXSP_-BFfyWvMlXwXUa3Dk,UgzWcaaocJuVY3dyqbZ4AaABAg,"{'videoId': 'uuh1ydDwwrQ', 'topLevelComment': {'kind': 'youtube#comment', 'etag': '6YbliVZCyNOtwQaF2RsXVyhiALs', 'id': 'UgzWcaaocJuVY3dyqbZ4AaABAg', 'snippet': {'videoId': 'uuh1ydDwwrQ', 'textDisplay': 'Boldonaro pedófilo', 'textOriginal': 'Boldonaro pedófilo', 'authorDisplayName': 'Alex Silva', 'authorProfileImageUrl': 'https://yt3.ggpht.com/ytc/AGIKgqNasL5tpxfia3BaSW9CNvQP7hncqfopO11-bnPcmeXW8hgM2sLSucsaf--noEpp=s48-c-k-c0x00ffffff-no-rj', 'authorChannelUrl': 'http://www.youtube.com/channel/UCqDyyVaZwAGD0K4SUcdOisQ', 'authorChannelId': {'value': 'UCqDyyVaZwAGD0K4SUcdOisQ'}, 'canRate': True, 'viewerRating': 'none', 'likeCount': 0, 'publishedAt': '2022-10-22T21:42:36Z', 'updatedAt': '2022-10-22T21:42:36Z'}}, 'canReply': True, 'totalReplyCount': 0, 'isPublic': True}",,UCqDyyVaZwAGD0K4SUcdOisQ,2022-10-22T21:42:36Z,Boldonaro pedófilo,QURTSl9pM1I0Y1I5MkU4U1BEQ293S01wVi1NbHpKVkJnbld2ZFFGZjhkc3RCaXR2WTlSb2R0cmdxVktBU010cE9mQ3ZCWFgxOU4zS0tqWQ==,2023-06-08 15:04:31.190544
youtube#commentThread,HjXWL6vxVrW2-6rPbLGmCYOhh9I,UgzY6rgsV6Lv6DBh3OR4AaABAg,"{'videoId': 'uuh1ydDwwrQ', 'topLevelComment': {'kind': 'youtube#comment', 'etag': 'ptPfZVxPBKrhirtisjJgroxtsik', 'id': 'UgzY6rgsV6Lv6DBh3OR4AaABAg', 'snippet': {'videoId': 'uuh1ydDwwrQ', 'textDisplay': 'Todo pais comunista são tiranos e autoritarios', 'textOriginal': 'Todo pais comunista são tiranos e autoritarios', 'authorDisplayName': 'Claudson Werneck', 'authorProfileImageUrl': 'https://yt3.ggpht.com/ytc/AGIKgqNk466tG29QFFfNMFff_l4-pusG5tR56YK8sUFLiA=s48-c-k-c0x00ffffff-no-rj', 'authorChannelUrl': 'http://www.youtube.com/channel/UC3JQxOPVq1udNagXZtuH1OA', 'authorChannelId': {'value': 'UC3JQxOPVq1udNagXZtuH1OA'}, 'canRate': True, 'viewerRating': 'none', 'likeCount': 0, 'publishedAt': '2022-10-22T21:42:32Z', 'updatedAt': '2022-10-22T21:42:32Z'}}, 'canReply': True, 'totalReplyCount': 0, 'isPublic': True}",,UC3JQxOPVq1udNagXZtuH1OA,2022-10-22T21:42:32Z,Todo pais comunista são tiranos e autoritarios,QURTSl9pM1I0Y1I5MkU4U1BEQ293S01wVi1NbHpKVkJnbld2ZFFGZjhkc3RCaXR2WTlSb2R0cmdxVktBU010cE9mQ3ZCWFgxOU4zS0tqWQ==,2023-06-08 15:04:31.190544
youtube#commentThread,s_Ksn6iToV5oew8vqXWxd87f0wg,Ugw078J63nplXA9tgT14AaABAg,"{'videoId': 'uuh1ydDwwrQ', 'topLevelComment': {'kind': 'youtube#comment', 'etag': '62MAoJNCfUSo_IRyXvPpmPb7sKY', 'id': 'Ugw078J63nplXA9tgT14AaABAg', 'snippet': {'videoId': 'uuh1ydDwwrQ', 'textDisplay': 'Deve ter ido tomar um remédio... Daqueles que vc fica preso...', 'textOriginal': 'Deve ter ido tomar um remédio... Daqueles que vc fica preso...', 'authorDisplayName': 'IPEC_404', 'authorProfileImageUrl': 'https://yt3.ggpht.com/8CSeZHpJ9BPnNiq9QHIjzuYIr1UNzJkWEoEo9J1BbjUvNVkBt1XFmXe9PoMk5fUUBUtcBQ1iIA=s48-c-k-c0x00ffffff-no-rj', 'authorChannelUrl': 'http://www.youtube.com/channel/UCz6oQSf1k9VVKrHW3jNunmQ', 'authorChannelId': {'value': 'UCz6oQSf1k9VVKrHW3jNunmQ'}, 'canRate': True, 'viewerRating': 'none', 'likeCount': 1, 'publishedAt': '2022-10-22T21:41:48Z', 'updatedAt': '2022-10-22T21:41:48Z'}}, 'canReply': True, 'totalReplyCount': 0, 'isPublic': True}",,UCz6oQSf1k9VVKrHW3jNunmQ,2022-10-22T21:41:48Z,Deve ter ido tomar um remédio... Daqueles que vc fica preso...,QURTSl9pM1I0Y1I5MkU4U1BEQ293S01wVi1NbHpKVkJnbld2ZFFGZjhkc3RCaXR2WTlSb2R0cmdxVktBU010cE9mQ3ZCWFgxOU4zS0tqWQ==,2023-06-08 15:04:31.190544
youtube#commentThread,61cuRAj6EQ2-ecSUeBeNwxXMaqg,UgzgTBXnFa6nhGwbb2x4AaABAg,"{'videoId': 'uuh1ydDwwrQ', 'topLevelComment': {'kind': 'youtube#comment', 'etag': 'CU3VqdyrfTZOeVBSu4qcpX_NTCc', 'id': 'UgzgTBXnFa6nhGwbb2x4AaABAg', 'snippet': {'videoId': 'uuh1ydDwwrQ', 'textDisplay': 'Comentarista de  besta tá na cara que não é problema de saude', 'textOriginal': 'Comentarista de  besta tá na cara que não é problema de saude', 'authorDisplayName': 'Alex Silva', 'authorProfileImageUrl': 'https://yt3.ggpht.com/ytc/AGIKgqNasL5tpxfia3BaSW9CNvQP7hncqfopO11-bnPcmeXW8hgM2sLSucsaf--noEpp=s48-c-k-c0x00ffffff-no-rj', 'authorChannelUrl': 'http://www.youtube.com/channel/UCqDyyVaZwAGD0K4SUcdOisQ', 'authorChannelId': {'value': 'UCqDyyVaZwAGD0K4SUcdOisQ'}, 'canRate': True, 'viewerRating': 'none', 'likeCount': 0, 'publishedAt': '2022-10-22T21:39:38Z', 'updatedAt': '2022-10-22T21:39:38Z'}}, 'canReply': True, 'totalReplyCount': 0, 'isPublic': True}",,UCqDyyVaZwAGD0K4SUcdOisQ,2022-10-22T21:39:38Z,Comentarista de  besta tá na cara que não é problema de saude,QURTSl9pM1I0Y1I5MkU4U1BEQ293S01wVi1NbHpKVkJnbld2ZFFGZjhkc3RCaXR2WTlSb2R0cmdxVktBU010cE9mQ3ZCWFgxOU4zS0tqWQ==,2023-06-08 15:04:31.190544
youtube#commentThread,N60ZHz6FxXTNTq38NnpIuqmlpiw,UgyPfetHQn3KD1Mb7UN4AaABAg,"{'videoId': 'uuh1ydDwwrQ', 'topLevelComment': {'kind': 'youtube#comment', 'etag': 'ZWCeam5YAyFYC5XrUXazTfy_D1s', 'id': 'UgyPfetHQn3KD1Mb7UN4AaABAg', 'snippet': {'videoId': 'uuh1ydDwwrQ', 'textDisplay': 'Chinês é TD safado', 'textOriginal': 'Chinês é TD safado', 'authorDisplayName': 'Canal do  DH7', 'authorProfileImageUrl': 'https://yt3.ggpht.com/9KojpZiFXodEU3dUWUM9O2Sll7AE4M4F4fHFD-AVrlb45uMJFtJzUI2bkFu69s50wejyneXtMA=s48-c-k-c0x00ffffff-no-rj', 'authorChannelUrl': 'http://www.youtube.com/channel/UC_ubLTKqYuG8w_AON-oYT4g', 'authorChannelId': {'value': 'UC_ubLTKqYuG8w_AON-oYT4g'}, 'canRate': True, 'viewerRating': 'none', 'likeCount': 0, 'publishedAt': '2022-10-22T21:36:34Z', 'updatedAt': '2022-10-22T21:36:34Z'}}, 'canReply': True, 'totalReplyCount': 0, 'isPublic': True}",,UC_ubLTKqYuG8w_AON-oYT4g,2022-10-22T21:36:34Z,Chinês é TD safado,QURTSl9pM1I0Y1I5MkU4U1BEQ293S01wVi1NbHpKVkJnbld2ZFFGZjhkc3RCaXR2WTlSb2R0cmdxVktBU010cE9mQ3ZCWFgxOU4zS0tqWQ==,2023-06-08 15:04:31.190544
youtube#commentThread,p2TYOeslnvcnArL_hC-mA_EQ6TU,UgzSjNHvUWWxu2uL6FV4AaABAg,"{'videoId': 'uuh1ydDwwrQ', 'topLevelComment': {'kind': 'youtube#comment', 'etag': 'WRp3NxHSc0i2kdmLH5TRRoPRaOg', 'id': 'UgzSjNHvUWWxu2uL6FV4AaABAg', 'snippet': {'videoId': 'uuh1ydDwwrQ', 'textDisplay': 'Parecem robôs!', 'textOriginal': 'Parecem robôs!', 'authorDisplayName': 'Andréia Rabelo', 'authorProfileImageUrl': 'https://yt3.ggpht.com/ytc/AGIKgqPUYWbnR5Ql7ZxPfJLtlSdwMs1RDagyc_AXAeXM5MIu2l86Iczy3MYWPKEaH3Iw=s48-c-k-c0x00ffffff-no-rj', 'authorChannelUrl': 'http://www.youtube.com/channel/UCcYNZocVg8hmnl0bFoTUqNw', 'authorChannelId': {'value': 'UCcYNZocVg8hmnl0bFoTUqNw'}, 'canRate': True, 'viewerRating': 'none', 'likeCount': 0, 'publishedAt': '2022-10-22T21:36:12Z', 'updatedAt': '2022-10-22T21:36:12Z'}}, 'canReply': True, 'totalReplyCount': 0, 'isPublic': True}",,UCcYNZocVg8hmnl0bFoTUqNw,2022-10-22T21:36:12Z,Parecem robôs!,QURTSl9pM1I0Y1I5MkU4U1BEQ293S01wVi1NbHpKVkJnbld2ZFFGZjhkc3RCaXR2WTlSb2R0cmdxVktBU010cE9mQ3ZCWFgxOU4zS0tqWQ==,2023-06-08 15:04:31.190544
youtube#commentThread,uXa-89g19zEq8Bt1xyJuHuEwaqs,Ugy2fjWoYFX1YuUotS94AaABAg,"{'videoId': 'uuh1ydDwwrQ', 'topLevelComment': {'kind': 'youtube#comment', 'etag': 'EfcvQd770HfaPLh7cGYcY8Xw1S0', 'id': 'Ugy2fjWoYFX1YuUotS94AaABAg', 'snippet': {'videoId': 'uuh1ydDwwrQ', 'textDisplay': 'Rip', 'textOriginal': 'Rip', 'authorDisplayName': 'Rafael Sousa (rafasilvasousa)', 'authorProfileImageUrl': 'https://yt3.ggpht.com/ytc/AGIKgqOIJ8Yl_x5mbPR45sVTHm-YqaUVT6mQDN4AqtZKqYY=s48-c-k-c0x00ffffff-no-rj', 'authorChannelUrl': 'http://www.youtube.com/channel/UCiv2y7Wbz2ElAaK6tipM1vQ', 'authorChannelId': {'value': 'UCiv2y7Wbz2ElAaK6tipM1vQ'}, 'canRate': True, 'viewerRating': 'none', 'likeCount': 0, 'publishedAt': '2022-10-22T21:35:18Z', 'updatedAt': '2022-10-22T21:35:18Z'}}, 'canReply': True, 'totalReplyCount': 0, 'isPublic': True}",,UCiv2y7Wbz2ElAaK6tipM1vQ,2022-10-22T21:35:18Z,Rip,QURTSl9pM1I0Y1I5MkU4U1BEQ293S01wVi1NbHpKVkJnbld2ZFFGZjhkc3RCaXR2WTlSb2R0cmdxVktBU010cE9mQ3ZCWFgxOU4zS0tqWQ==,2023-06-08 15:04:31.190544
youtube#commentThread,Nf9J_9kof2JygQGL1zd7viaWsAk,UgypU2_lEw3t3YHp2fN4AaABAg,"{'videoId': 'uuh1ydDwwrQ', 'topLevelComment': {'kind': 'youtube#comment', 'etag': 'mgTdP_rHqSdpWLcbeU2NkGsC0Jw', 'id': 'UgypU2_lEw3t3YHp2fN4AaABAg', 'snippet': {'videoId': 'uuh1ydDwwrQ', 'textDisplay': 'deve ter soltado  um pum', 'textOriginal': 'deve ter soltado  um pum', 'authorDisplayName': 'saulo costa', 'authorProfileImageUrl': 'https://yt3.ggpht.com/ytc/AGIKgqMkd1WFGarVRMVcA7A5GqLY7n7EgZy5GG-o7w=s48-c-k-c0x00ffffff-no-rj', 'authorChannelUrl': 'http://www.youtube.com/channel/UChZtQESVWu2mkMlmxgMMJ6A', 'authorChannelId': {'value': 'UChZtQESVWu2mkMlmxgMMJ6A'}, 'canRate': True, 'viewerRating': 'none', 'likeCount': 0, 'publishedAt': '2022-10-22T21:32:30Z', 'updatedAt': '2022-10-22T21:32:30Z'}}, 'canReply': True, 'totalReplyCount': 0, 'isPublic': True}",,UChZtQESVWu2mkMlmxgMMJ6A,2022-10-22T21:32:30Z,deve ter soltado  um pum,QURTSl9pM1I0Y1I5MkU4U1BEQ293S01wVi1NbHpKVkJnbld2ZFFGZjhkc3RCaXR2WTlSb2R0cmdxVktBU010cE9mQ3ZCWFgxOU4zS0tqWQ==,2023-06-08 15:04:31.190544
youtube#commentThread,Hkgh1-QhphAfhrek1AHEhe4r6MU,Ugx3nW5i1yCWQvAKuK94AaABAg,"{'videoId': 'uuh1ydDwwrQ', 'topLevelComment': {'kind': 'youtube#comment', 'etag': 'LKvsyOSmJQfP-JLsPvG_T3yV-XM', 'id': 'Ugx3nW5i1yCWQvAKuK94AaABAg', 'snippet': {'videoId': 'uuh1ydDwwrQ', 'textDisplay': 'Democracia demais', 'textOriginal': 'Democracia demais', 'authorDisplayName': 'claudio cesar', 'authorProfileImageUrl': 'https://yt3.ggpht.com/ytc/AGIKgqNyN_xFJEQ9dn6UyO0hBwIYH36uLF_EJQl_DIUTUJE=s48-c-k-c0x00ffffff-no-rj', 'authorChannelUrl': 'http://www.youtube.com/channel/UCzKVAOrYqSHOM4TroXEEoHw', 'authorChannelId': {'value': 'UCzKVAOrYqSHOM4TroXEEoHw'}, 'canRate': True, 'viewerRating': 'none', 'likeCount': 0, 'publishedAt': '2022-10-22T21:32:01Z', 'updatedAt': '2022-10-22T21:32:01Z'}}, 'canReply': True, 'totalReplyCount': 0, 'isPublic': True}",,UCzKVAOrYqSHOM4TroXEEoHw,2022-10-22T21:32:01Z,Democracia demais,QURTSl9pM1I0Y1I5MkU4U1BEQ293S01wVi1NbHpKVkJnbld2ZFFGZjhkc3RCaXR2WTlSb2R0cmdxVktBU010cE9mQ3ZCWFgxOU4zS0tqWQ==,2023-06-08 15:04:31.190544
youtube#commentThread,A_MaxveXrToJ1DFVM4nsRQmGUTQ,UgwoSfU4Py_f3diNUBZ4AaABAg,"{'videoId': 'uuh1ydDwwrQ', 'topLevelComment': {'kind': 'youtube#comment', 'etag': 'kZsu2QGSLFyUF7euGnjSzIsn_vU', 'id': 'UgwoSfU4Py_f3diNUBZ4AaABAg', 'snippet': {'videoId': 'uuh1ydDwwrQ', 'textDisplay': 'Não parece nada fora do normal?????', 'textOriginal': 'Não parece nada fora do normal?????', 'authorDisplayName': 'Sergio Ponce', 'authorProfileImageUrl': 'https://yt3.ggpht.com/ytc/AGIKgqOwSXRS-gKWOiodk58S_-B_hjxVb54u3Wb7KkLw=s48-c-k-c0x00ffffff-no-rj', 'authorChannelUrl': 'http://www.youtube.com/channel/UCfJzE3fcPQYqRdmqnf1mvKQ', 'authorChannelId': {'value': 'UCfJzE3fcPQYqRdmqnf1mvKQ'}, 'canRate': True, 'viewerRating': 'none', 'likeCount': 0, 'publishedAt': '2022-10-22T21:31:43Z', 'updatedAt': '2022-10-22T21:31:43Z'}}, 'canReply': True, 'totalReplyCount': 0, 'isPublic': True}",,UCfJzE3fcPQYqRdmqnf1mvKQ,2022-10-22T21:31:43Z,Não parece nada fora do normal?????,QURTSl9pM1I0Y1I5MkU4U1BEQ293S01wVi1NbHpKVkJnbld2ZFFGZjhkc3RCaXR2WTlSb2R0cmdxVktBU010cE9mQ3ZCWFgxOU4zS0tqWQ==,2023-06-08 15:04:31.190544
youtube#commentThread,vdQLA7k9mo1kLBXqJIIpZgHw1Bw,Ugz5GWb9LCK53lPDIyh4AaABAg,"{'videoId': 'uuh1ydDwwrQ', 'topLevelComment': {'kind': 'youtube#comment', 'etag': 'lzHsDAc4E-_ywmyaL-bOr_AIIvQ', 'id': 'Ugz5GWb9LCK53lPDIyh4AaABAg', 'snippet': {'videoId': 'uuh1ydDwwrQ', 'textDisplay': 'Com Xi não tem mi mi mi, tem que sair e ponto final. Diferente de outros lugares onde o chefe da nação é fraco dando margem para muitos darem pitacos...', 'textOriginal': 'Com Xi não tem mi mi mi, tem que sair e ponto final. Diferente de outros lugares onde o chefe da nação é fraco dando margem para muitos darem pitacos...', 'authorDisplayName': 'Fernando Heitich', 'authorProfileImageUrl': 'https://yt3.ggpht.com/ytc/AGIKgqMmPu3tiNf9DYj3XLz97OvbQ-5oHLNvqC5LajGXDRc=s48-c-k-c0x00ffffff-no-rj', 'authorChannelUrl': 'http://www.youtube.com/channel/UCJuf-dAH5uz-60_cdnhOI5w', 'authorChannelId': {'value': 'UCJuf-dAH5uz-60_cdnhOI5w'}, 'canRate': True, 'viewerRating': 'none', 'likeCount': 0, 'publishedAt': '2022-10-22T21:29:36Z', 'updatedAt': '2022-10-22T21:29:36Z'}}, 'canReply': True, 'totalReplyCount': 0, 'isPublic': True}",,UCJuf-dAH5uz-60_cdnhOI5w,2022-10-22T21:29:36Z,"Com Xi não tem mi mi mi, tem que sair e ponto final. Diferente de outros lugares onde o chefe da nação é fraco dando margem para muitos darem pitacos...",QURTSl9pM1I0Y1I5MkU4U1BEQ293S01wVi1NbHpKVkJnbld2ZFFGZjhkc3RCaXR2WTlSb2R0cmdxVktBU010cE9mQ3ZCWFgxOU4zS0tqWQ==,2023-06-08 15:04:31.190544
youtube#commentThread,A4vU5ZtdYePTqF4Qx2_r_bI-8oc,Ugz17lrouVCvynOEYfh4AaABAg,"{'videoId': 'uuh1ydDwwrQ', 'topLevelComment': {'kind': 'youtube#comment', 'etag': '7qtkYEJYKv_iHdgmWiqmDJHEo3k', 'id': 'Ugz17lrouVCvynOEYfh4AaABAg', 'snippet': {'videoId': 'uuh1ydDwwrQ', 'textDisplay': 'Sentiu-se mal???!!!!SEI 🤔🤔🤢😬\\U0001fae3', 'textOriginal': 'Sentiu-se mal???!!!!SEI 🤔🤔🤢😬\\U0001fae3', 'authorDisplayName': 'iara lopes', 'authorProfileImageUrl': 'https://yt3.ggpht.com/ytc/AGIKgqP_M7xwyGI_tm-ibrJVJaYBtYoNh3cN3NXr6QK0=s48-c-k-c0x00ffffff-no-rj', 'authorChannelUrl': 'http://www.youtube.com/channel/UCxUi1oUvccbEz24XPD74W-g', 'authorChannelId': {'value': 'UCxUi1oUvccbEz24XPD74W-g'}, 'canRate': True, 'viewerRating': 'none', 'likeCount': 3, 'publishedAt': '2022-10-22T21:29:04Z', 'updatedAt': '2022-10-22T21:29:04Z'}}, 'canReply': True, 'totalReplyCount': 0, 'isPublic': True}",,UCxUi1oUvccbEz24XPD74W-g,2022-10-22T21:29:04Z,Sentiu-se mal???!!!!SEI 🤔🤔🤢😬🫣,QURTSl9pM1I0Y1I5MkU4U1BEQ293S01wVi1NbHpKVkJnbld2ZFFGZjhkc3RCaXR2WTlSb2R0cmdxVktBU010cE9mQ3ZCWFgxOU4zS0tqWQ==,2023-06-08 15:04:31.190544
youtube#commentThread,eRWZzT4QJb3NLp5_tcVdAb-uF9E,Ugy5fTFWPBgVCpHT5ER4AaABAg,"{'videoId': 'uuh1ydDwwrQ', 'topLevelComment': {'kind': 'youtube#comment', 'etag': 'k0feEHcgR74LTBXX6xqt_S1mGTQ', 'id': 'Ugy5fTFWPBgVCpHT5ER4AaABAg', 'snippet': {'videoId': 'uuh1ydDwwrQ', 'textDisplay': 'Eita, virou churrasquinho', 'textOriginal': 'Eita, virou churrasquinho', 'authorDisplayName': 'Anderson msouza', 'authorProfileImageUrl': 'https://yt3.ggpht.com/ytc/AGIKgqPEclljAmszFs74zlZ_u6izByGzu-87DZ3P2DT856oKmSZzCq5mN3uTdjPcyvYi=s48-c-k-c0x00ffffff-no-rj', 'authorChannelUrl': 'http://www.youtube.com/channel/UCj3fXH0nPb031AtE4nuZHjA', 'authorChannelId': {'value': 'UCj3fXH0nPb031AtE4nuZHjA'}, 'canRate': True, 'viewerRating': 'none', 'likeCount': 0, 'publishedAt': '2022-10-22T21:28:03Z', 'updatedAt': '2022-10-22T21:28:03Z'}}, 'canReply': True, 'totalReplyCount': 0, 'isPublic': True}",,UCj3fXH0nPb031AtE4nuZHjA,2022-10-22T21:28:03Z,"Eita, virou churrasquinho",QURTSl9pM1I0Y1I5MkU4U1BEQ293S01wVi1NbHpKVkJnbld2ZFFGZjhkc3RCaXR2WTlSb2R0cmdxVktBU010cE9mQ3ZCWFgxOU4zS0tqWQ==,2023-06-08 15:04:31.190544
youtube#commentThread,6Fwh9pkr3VvVbOvGOnCYJEI8LU0,Ugz1eU0BAgtWRkGsu-t4AaABAg,"{'videoId': 'uuh1ydDwwrQ', 'topLevelComment': {'kind': 'youtube#comment', 'etag': 'DJWRHSJcRGwZ5toen9N3pswmXig', 'id': 'Ugz1eU0BAgtWRkGsu-t4AaABAg', 'snippet': {'videoId': 'uuh1ydDwwrQ', 'textDisplay': 'Aham , o partido cumnista so tirou pq estava com &quot; mal estar&quot;', 'textOriginal': 'Aham , o partido cumnista so tirou pq estava com "" mal estar""', 'authorDisplayName': 'Basilio Assis', 'authorProfileImageUrl': 'https://yt3.ggpht.com/ytc/AGIKgqMpVNZdIJhnNRWi5FvqPkIVGq-DUVQGPX_qFjEGpA=s48-c-k-c0x00ffffff-no-rj', 'authorChannelUrl': 'http://www.youtube.com/channel/UCDIHNmHWWtCISQ1ljMyqS2g', 'authorChannelId': {'value': 'UCDIHNmHWWtCISQ1ljMyqS2g'}, 'canRate': True, 'viewerRating': 'none', 'likeCount': 0, 'publishedAt': '2022-10-22T21:27:39Z', 'updatedAt': '2022-10-22T21:27:39Z'}}, 'canReply': True, 'totalReplyCount': 0, 'isPublic': True}",,UCDIHNmHWWtCISQ1ljMyqS2g,2022-10-22T21:27:39Z,"Aham , o partido cumnista so tirou pq estava com "" mal estar""",QURTSl9pM1I0Y1I5MkU4U1BEQ293S01wVi1NbHpKVkJnbld2ZFFGZjhkc3RCaXR2WTlSb2R0cmdxVktBU010cE9mQ3ZCWFgxOU4zS0tqWQ==,2023-06-08 15:04:31.190544
youtube#commentThread,2mJy9C1L8tVkhFPhLFAUzioq28M,UgxOFweNMhW4XsgdUR94AaABAg,"{'videoId': 'uuh1ydDwwrQ', 'topLevelComment': {'kind': 'youtube#comment', 'etag': 't7Suztx3jW9vUGPJC7SjZNj7_2Y', 'id': 'UgxOFweNMhW4XsgdUR94AaABAg', 'snippet': {'videoId': 'uuh1ydDwwrQ', 'textDisplay': 'Como lá eh uma democracia, xixi Ping pong vai suicida lo', 'textOriginal': 'Como lá eh uma democracia, xixi Ping pong vai suicida lo', 'authorDisplayName': 'Miguel Mig', 'authorProfileImageUrl': 'https://yt3.ggpht.com/ytc/AGIKgqNu9EPR1P1VFpMZqKnMvxKp_GdgEtM72c_UUKmY=s48-c-k-c0x00ffffff-no-rj', 'authorChannelUrl': 'http://www.youtube.com/channel/UCvWGxWan82jnpOiPMRyJWsA', 'authorChannelId': {'value': 'UCvWGxWan82jnpOiPMRyJWsA'}, 'canRate': True, 'viewerRating': 'none', 'likeCount': 0, 'publishedAt': '2022-10-22T21:27:25Z', 'updatedAt': '2022-10-22T21:27:25Z'}}, 'canReply': True, 'totalReplyCount': 0, 'isPublic': True}",,UCvWGxWan82jnpOiPMRyJWsA,2022-10-22T21:27:25Z,"Como lá eh uma democracia, xixi Ping pong vai suicida lo",QURTSl9pM1I0Y1I5MkU4U1BEQ293S01wVi1NbHpKVkJnbld2ZFFGZjhkc3RCaXR2WTlSb2R0cmdxVktBU010cE9mQ3ZCWFgxOU4zS0tqWQ==,2023-06-08 15:04:31.190544
youtube#commentThread,WD5iCD0PDC8ukYJOjDNOuNMtHK4,UgzscGYPiIUAMngSVlt4AaABAg,"{'videoId': 'uuh1ydDwwrQ', 'topLevelComment': {'kind': 'youtube#comment', 'etag': 'hs2CY3sSwEU0KVF_nf-buKSP5No', 'id': 'UgzscGYPiIUAMngSVlt4AaABAg', 'snippet': {'videoId': 'uuh1ydDwwrQ', 'textDisplay': 'E assim  que funciona  esse  grande  show.  Ninguém  sabe a realidade  do fato, mas nega o fato da ditadura<br>Ser o óbvio....', 'textOriginal': 'E assim  que funciona  esse  grande  show.  Ninguém  sabe a realidade  do fato, mas nega o fato da ditadura\\nSer o óbvio....', 'authorDisplayName': 'Chip_net Brasil', 'authorProfileImageUrl': 'https://yt3.ggpht.com/ytc/AGIKgqNrBaNO75R2IyFH7zL7KZc0yQ3a7iESlhJMXxufE_4WoiZ4zMHWwxAHMnVZpb9v=s48-c-k-c0x00ffffff-no-rj', 'authorChannelUrl': 'http://www.youtube.com/channel/UCrysaHRSBXhLIWrYrolxEVg', 'authorChannelId': {'value': 'UCrysaHRSBXhLIWrYrolxEVg'}, 'canRate': True, 'viewerRating': 'none', 'likeCount': 0, 'publishedAt': '2022-10-22T21:27:21Z', 'updatedAt': '2022-10-22T21:27:21Z'}}, 'canReply': True, 'totalReplyCount': 0, 'isPublic': True}",,UCrysaHRSBXhLIWrYrolxEVg,2022-10-22T21:27:21Z,"E assim  que funciona  esse  grande  show.  Ninguém  sabe a realidade  do fato, mas nega o fato da ditadura
Ser o óbvio....",QURTSl9pM1I0Y1I5MkU4U1BEQ293S01wVi1NbHpKVkJnbld2ZFFGZjhkc3RCaXR2WTlSb2R0cmdxVktBU010cE9mQ3ZCWFgxOU4zS0tqWQ==,2023-06-08 15:04:31.190544
youtube#commentThread,tqxVAz-Lc1ay_bCqjxFjdITgGhE,Ugy0hXL-OSsABI0Dz694AaABAg,"{'videoId': 'uuh1ydDwwrQ', 'topLevelComment': {'kind': 'youtube#comment', 'etag': '59OtsXGH7s9WgNdXhNDQqvN-7Ug', 'id': 'Ugy0hXL-OSsABI0Dz694AaABAg', 'snippet': {'videoId': 'uuh1ydDwwrQ', 'textDisplay': '<a href=""http://www.youtube.com/results?search_query=%23i"">#I</a>❤JP', 'textOriginal': '#I❤JP', 'authorDisplayName': 'Claudia Prieto', 'authorProfileImageUrl': 'https://yt3.ggpht.com/ytc/AGIKgqM29CSveh11IPIN7Au1KcQtXpDWcr1kqUcYp6gE=s48-c-k-c0x00ffffff-no-rj', 'authorChannelUrl': 'http://www.youtube.com/channel/UC9NfHnCQkhBcNm0MDe27V7Q', 'authorChannelId': {'value': 'UC9NfHnCQkhBcNm0MDe27V7Q'}, 'canRate': True, 'viewerRating': 'none', 'likeCount': 0, 'publishedAt': '2022-10-22T21:26:26Z', 'updatedAt': '2022-10-22T21:26:26Z'}}, 'canReply': True, 'totalReplyCount': 0, 'isPublic': True}",,UC9NfHnCQkhBcNm0MDe27V7Q,2022-10-22T21:26:26Z,#I❤JP,QURTSl9pM1I0Y1I5MkU4U1BEQ293S01wVi1NbHpKVkJnbld2ZFFGZjhkc3RCaXR2WTlSb2R0cmdxVktBU010cE9mQ3ZCWFgxOU4zS0tqWQ==,2023-06-08 15:04:31.190544
youtube#commentThread,Ms_YJuBkctF8qG6FyfbXTyec3io,UgwCecfD8Z7jSQOEAGV4AaABAg,"{'videoId': 'uuh1ydDwwrQ', 'topLevelComment': {'kind': 'youtube#comment', 'etag': 'tTGBSIEywjg4uH_tLqb4ocfBUSE', 'id': 'UgwCecfD8Z7jSQOEAGV4AaABAg', 'snippet': {'videoId': 'uuh1ydDwwrQ', 'textDisplay': 'ASSIM É O COMUNISMO : SE VC FALAR  O CONTRÁRIO VC É PUNIDO . VCS VÃO PAGAR PRA VÊ  ?', 'textOriginal': 'ASSIM É O COMUNISMO : SE VC FALAR  O CONTRÁRIO VC É PUNIDO . VCS VÃO PAGAR PRA VÊ  ?', 'authorDisplayName': 'Jonas Pessanha', 'authorProfileImageUrl': 'https://yt3.ggpht.com/ytc/AGIKgqNBAgD6eomNQvDB4yiIQq52BoW2jzsG0L0vLO0I=s48-c-k-c0x00ffffff-no-rj', 'authorChannelUrl': 'http://www.youtube.com/channel/UCX-SRcQRjcwH2sbhlBW27jw', 'authorChannelId': {'value': 'UCX-SRcQRjcwH2sbhlBW27jw'}, 'canRate': True, 'viewerRating': 'none', 'likeCount': 0, 'publishedAt': '2022-10-22T21:25:52Z', 'updatedAt': '2022-10-22T21:25:52Z'}}, 'canReply': True, 'totalReplyCount': 0, 'isPublic': True}",,UCX-SRcQRjcwH2sbhlBW27jw,2022-10-22T21:25:52Z,ASSIM É O COMUNISMO : SE VC FALAR  O CONTRÁRIO VC É PUNIDO . VCS VÃO PAGAR PRA VÊ  ?,QURTSl9pM1I0Y1I5MkU4U1BEQ293S01wVi1NbHpKVkJnbld2ZFFGZjhkc3RCaXR2WTlSb2R0cmdxVktBU010cE9mQ3ZCWFgxOU4zS0tqWQ==,2023-06-08 15:04:31.190544
youtube#commentThread,gDLUFPOPwJLLzVD-JNadAK4mJMk,Ugw7Tv91PA8bl8m8Fa94AaABAg,"{'videoId': 'uuh1ydDwwrQ', 'topLevelComment': {'kind': 'youtube#comment', 'etag': 'pWbQByRJBUMTBU_Xhlel9o2-Tcs', 'id': 'Ugw7Tv91PA8bl8m8Fa94AaABAg', 'snippet': {'videoId': 'uuh1ydDwwrQ', 'textDisplay': 'Ele vai ser preso.', 'textOriginal': 'Ele vai ser preso.', 'authorDisplayName': 'Janete Brasil', 'authorProfileImageUrl': 'https://yt3.ggpht.com/ytc/AGIKgqO6T4bAc7t0Ou_UssuJyq1Lxzb8eusU91e7mSjp4w=s48-c-k-c0x00ffffff-no-rj', 'authorChannelUrl': 'http://www.youtube.com/channel/UCRk0j_B_0f4GZn4raZDBSDQ', 'authorChannelId': {'value': 'UCRk0j_B_0f4GZn4raZDBSDQ'}, 'canRate': True, 'viewerRating': 'none', 'likeCount': 0, 'publishedAt': '2022-10-22T21:24:45Z', 'updatedAt': '2022-10-22T21:24:45Z'}}, 'canReply': True, 'totalReplyCount': 0, 'isPublic': True}",,UCRk0j_B_0f4GZn4raZDBSDQ,2022-10-22T21:24:45Z,Ele vai ser preso.,QURTSl9pM1I0Y1I5MkU4U1BEQ293S01wVi1NbHpKVkJnbld2ZFFGZjhkc3RCaXR2WTlSb2R0cmdxVktBU010cE9mQ3ZCWFgxOU4zS0tqWQ==,2023-06-08 15:04:31.190544
youtube#commentThread,dqu7Z8K6yfUzcwKr2v2MOWaUeZQ,UgzOq3N4eR2q1Lg0Pex4AaABAg,"{'videoId': 'uuh1ydDwwrQ', 'topLevelComment': {'kind': 'youtube#comment', 'etag': 'U1cWUM2MFOUQ_gnRq7OGeBeAnE8', 'id': 'UgzOq3N4eR2q1Lg0Pex4AaABAg', 'snippet': {'videoId': 'uuh1ydDwwrQ', 'textDisplay': 'Acabou o Comunismo.', 'textOriginal': 'Acabou o Comunismo.', 'authorDisplayName': 'Janete Brasil', 'authorProfileImageUrl': 'https://yt3.ggpht.com/ytc/AGIKgqO6T4bAc7t0Ou_UssuJyq1Lxzb8eusU91e7mSjp4w=s48-c-k-c0x00ffffff-no-rj', 'authorChannelUrl': 'http://www.youtube.com/channel/UCRk0j_B_0f4GZn4raZDBSDQ', 'authorChannelId': {'value': 'UCRk0j_B_0f4GZn4raZDBSDQ'}, 'canRate': True, 'viewerRating': 'none', 'likeCount': 0, 'publishedAt': '2022-10-22T21:23:57Z', 'updatedAt': '2022-10-22T21:23:57Z'}}, 'canReply': True, 'totalReplyCount': 0, 'isPublic': True}",,UCRk0j_B_0f4GZn4raZDBSDQ,2022-10-22T21:23:57Z,Acabou o Comunismo.,QURTSl9pM1I0Y1I5MkU4U1BEQ293S01wVi1NbHpKVkJnbld2ZFFGZjhkc3RCaXR2WTlSb2R0cmdxVktBU010cE9mQ3ZCWFgxOU4zS0tqWQ==,2023-06-08 15:04:31.190544
youtube#commentThread,c_W4b3CW2o6P_odLI_avxhlJSq8,Ugy2_6RRx94f_tXUszJ4AaABAg,"{'videoId': 'uuh1ydDwwrQ', 'topLevelComment': {'kind': 'youtube#comment', 'etag': 'eG_m9e6IQ07zXLE-E3o6LCWjjc0', 'id': 'Ugy2_6RRx94f_tXUszJ4AaABAg', 'snippet': {'videoId': 'uuh1ydDwwrQ', 'textDisplay': 'Xandao viu WhatsApp dele,', 'textOriginal': 'Xandao viu WhatsApp dele,', 'authorDisplayName': 'sthur lm', 'authorProfileImageUrl': 'https://yt3.ggpht.com/ytc/AGIKgqNxqDx8owHbOiKpvc7zf1wNCAbQ4_gDL5PKug=s48-c-k-c0x00ffffff-no-rj', 'authorChannelUrl': 'http://www.youtube.com/channel/UCO3Mhx_8cKgOWgO2PLo96nA', 'authorChannelId': {'value': 'UCO3Mhx_8cKgOWgO2PLo96nA'}, 'canRate': True, 'viewerRating': 'none', 'likeCount': 0, 'publishedAt': '2022-10-22T21:23:51Z', 'updatedAt': '2022-10-22T21:23:51Z'}}, 'canReply': True, 'totalReplyCount': 0, 'isPublic': True}",,UCO3Mhx_8cKgOWgO2PLo96nA,2022-10-22T21:23:51Z,"Xandao viu WhatsApp dele,",QURTSl9pM1I0Y1I5MkU4U1BEQ293S01wVi1NbHpKVkJnbld2ZFFGZjhkc3RCaXR2WTlSb2R0cmdxVktBU010cE9mQ3ZCWFgxOU4zS0tqWQ==,2023-06-08 15:04:31.190544
youtube#commentThread,vKFuosmWxsSwSc0LqvPkE6uZRuU,UgxtxXN0wWicc2byoLF4AaABAg,"{'videoId': 'uuh1ydDwwrQ', 'topLevelComment': {'kind': 'youtube#comment', 'etag': '8aGI0p8Qxyg7y3HXdAUx0_N0O2Y', 'id': 'UgxtxXN0wWicc2byoLF4AaABAg', 'snippet': {'videoId': 'uuh1ydDwwrQ', 'textDisplay': 'Huhu! A luz venceu ❤️', 'textOriginal': 'Huhu! A luz venceu ❤️', 'authorDisplayName': 'Janete Brasil', 'authorProfileImageUrl': 'https://yt3.ggpht.com/ytc/AGIKgqO6T4bAc7t0Ou_UssuJyq1Lxzb8eusU91e7mSjp4w=s48-c-k-c0x00ffffff-no-rj', 'authorChannelUrl': 'http://www.youtube.com/channel/UCRk0j_B_0f4GZn4raZDBSDQ', 'authorChannelId': {'value': 'UCRk0j_B_0f4GZn4raZDBSDQ'}, 'canRate': True, 'viewerRating': 'none', 'likeCount': 2, 'publishedAt': '2022-10-22T21:23:08Z', 'updatedAt': '2022-10-22T21:23:08Z'}}, 'canReply': True, 'totalReplyCount': 0, 'isPublic': True}",,UCRk0j_B_0f4GZn4raZDBSDQ,2022-10-22T21:23:08Z,Huhu! A luz venceu ❤️,QURTSl9pM1I0Y1I5MkU4U1BEQ293S01wVi1NbHpKVkJnbld2ZFFGZjhkc3RCaXR2WTlSb2R0cmdxVktBU010cE9mQ3ZCWFgxOU4zS0tqWQ==,2023-06-08 15:04:31.190544
youtube#commentThread,yftzLjCkO3gm5ftw0G8PCEnf1wE,UgzO-Bp0dEEetY7Fe_54AaABAg,"{'videoId': 'uuh1ydDwwrQ', 'topLevelComment': {'kind': 'youtube#comment', 'etag': 'iYXk0OncRKjEAOy4QLLqt6ITBmA', 'id': 'UgzO-Bp0dEEetY7Fe_54AaABAg', 'snippet': {'videoId': 'uuh1ydDwwrQ', 'textDisplay': 'Isto é matéria de fazer este trama todo...ah não !!! aprenda a trabalhar...<br>K bobagem !!', 'textOriginal': 'Isto é matéria de fazer este trama todo...ah não !!! aprenda a trabalhar...\\nK bobagem !!', 'authorDisplayName': 'celso ferreira da silva ferreira da silva', 'authorProfileImageUrl': 'https://yt3.ggpht.com/bwgFNBTlJTH6rJolUVNL9jF4OMxkjyAuUnLnOgbbbf_yj7pbB8iMML1TlKHIaERvFxKNK5zZgA=s48-c-k-c0x00ffffff-no-rj', 'authorChannelUrl': 'http://www.youtube.com/channel/UCoGkERWEM6CcaJsvW-hvOpA', 'authorChannelId': {'value': 'UCoGkERWEM6CcaJsvW-hvOpA'}, 'canRate': True, 'viewerRating': 'none', 'likeCount': 0, 'publishedAt': '2022-10-22T21:22:57Z', 'updatedAt': '2022-10-22T21:24:21Z'}}, 'canReply': True, 'totalReplyCount': 0, 'isPublic': True}",,UCoGkERWEM6CcaJsvW-hvOpA,2022-10-22T21:22:57Z,"Isto é matéria de fazer este trama todo...ah não !!! aprenda a trabalhar...
K bobagem !!",QURTSl9pM1I0Y1I5MkU4U1BEQ293S01wVi1NbHpKVkJnbld2ZFFGZjhkc3RCaXR2WTlSb2R0cmdxVktBU010cE9mQ3ZCWFgxOU4zS0tqWQ==,2023-06-08 15:04:31.190544
youtube#commentThread,xDc0NHW_oIuFkt9LhhVghk98Dik,Ugz4YW_ICUHj_na0w-p4AaABAg,"{'videoId': 'uuh1ydDwwrQ', 'topLevelComment': {'kind': 'youtube#comment', 'etag': 'fekvK0Jx_Z7mKfbN2Vh5L3nfz6I', 'id': 'Ugz4YW_ICUHj_na0w-p4AaABAg', 'snippet': {'videoId': 'uuh1ydDwwrQ', 'textDisplay': 'Não sei não. Mas acho que ele, vai morreeeeeerrrrrrrrrrrrrrr  !!!!!!', 'textOriginal': 'Não sei não. Mas acho que ele, vai morreeeeeerrrrrrrrrrrrrrr  !!!!!!', 'authorDisplayName': 'Félix Leonardo', 'authorProfileImageUrl': 'https://yt3.ggpht.com/ytc/AGIKgqOB_C_tAxtOKJGENnaotYPUAPvrQfBuPvtFY1-FQw=s48-c-k-c0x00ffffff-no-rj', 'authorChannelUrl': 'http://www.youtube.com/channel/UCcaB-eO3VlAnsOrOfqY5cVg', 'authorChannelId': {'value': 'UCcaB-eO3VlAnsOrOfqY5cVg'}, 'canRate': True, 'viewerRating': 'none', 'likeCount': 0, 'publishedAt': '2022-10-22T21:20:01Z', 'updatedAt': '2022-10-22T21:20:01Z'}}, 'canReply': True, 'totalReplyCount': 0, 'isPublic': True}",,UCcaB-eO3VlAnsOrOfqY5cVg,2022-10-22T21:20:01Z,"Não sei não. Mas acho que ele, vai morreeeeeerrrrrrrrrrrrrrr  !!!!!!",QURTSl9pM1I0Y1I5MkU4U1BEQ293S01wVi1NbHpKVkJnbld2ZFFGZjhkc3RCaXR2WTlSb2R0cmdxVktBU010cE9mQ3ZCWFgxOU4zS0tqWQ==,2023-06-08 15:04:31.190544
youtube#commentThread,dB9Hj2edXiWea78AV6qx112Dseg,UgyRCUD907pV9r_ccHx4AaABAg,"{'videoId': 'uuh1ydDwwrQ', 'topLevelComment': {'kind': 'youtube#comment', 'etag': 'DunyBLdZFR2CXTbI68MON-pGFBw', 'id': 'UgyRCUD907pV9r_ccHx4AaABAg', 'snippet': {'videoId': 'uuh1ydDwwrQ', 'textDisplay': 'Impressionante como os &quot;especialistas&quot; brigam com as imagens e fatos!', 'textOriginal': 'Impressionante como os ""especialistas"" brigam com as imagens e fatos!', 'authorDisplayName': 'Paulo Maia', 'authorProfileImageUrl': 'https://yt3.ggpht.com/ytc/AGIKgqPL4xqpdal20jvVmnHMF_xAN-A1LMWpDlo5Zw=s48-c-k-c0x00ffffff-no-rj', 'authorChannelUrl': 'http://www.youtube.com/channel/UCatm01Ty-4EOnscn_oqabOw', 'authorChannelId': {'value': 'UCatm01Ty-4EOnscn_oqabOw'}, 'canRate': True, 'viewerRating': 'none', 'likeCount': 19, 'publishedAt': '2022-10-22T21:19:08Z', 'updatedAt': '2022-10-22T21:19:08Z'}}, 'canReply': True, 'totalReplyCount': 5, 'isPublic': True}","{'comments': [{'kind': 'youtube#comment', 'etag': '46GGhs0J0XhlZJaYn8T_3nyA_-Y', 'id': 'UgyRCUD907pV9r_ccHx4AaABAg.9hVU934Jaus9hckn-njZwf', 'snippet': {'videoId': 'uuh1ydDwwrQ', 'textDisplay': 'Querem saber a verdade sobre a China, conheçam o canal NTD em Português no YouTube', 'textOriginal': 'Querem saber a verdade sobre a China, conheçam o canal NTD em Português no YouTube', 'parentId': 'UgyRCUD907pV9r_ccHx4AaABAg', 'authorDisplayName': 'Seleção de vídeos', 'authorProfileImageUrl': 'https://yt3.ggpht.com/ytc/AGIKgqPVyKUCgxD78LlUREMnViw1uIgj1QMqV750oQ0YICD05uIrtf5jk1xR5d9XGzT-=s48-c-k-c0x00ffffff-no-rj', 'authorChannelUrl': 'http://www.youtube.com/channel/UChpf_AlXSzHGqtHu32L2gSQ', 'authorChannelId': {'value': 'UChpf_AlXSzHGqtHu32L2gSQ'}, 'canRate': True, 'viewerRating': 'none', 'likeCount': 0, 'publishedAt': '2022-10-26T02:27:12Z', 'updatedAt': '2022-10-26T02:27:12Z'}}, {'kind': 'youtube#comment', 'etag': '2eCs_R6KpEslLQRbx7lFftNGyhU', 'id': 'UgyRCUD907pV9r_ccHx4AaABAg.9hVU934Jaus9hXc-UJezuj', 'snippet': {'videoId': 'uuh1ydDwwrQ', 'textDisplay': 'Uma mentira repetida várias vezes se torna verdade...', 'textOriginal': 'Uma mentira repetida várias vezes se torna verdade...', 'parentId': 'UgyRCUD907pV9r_ccHx4AaABAg', 'authorDisplayName': 'Paulo Maia', 'authorProfileImageUrl': 'https://yt3.ggpht.com/ytc/AGIKgqPL4xqpdal20jvVmnHMF_xAN-A1LMWpDlo5Zw=s48-c-k-c0x00ffffff-no-rj', 'authorChannelUrl': 'http://www.youtube.com/channel/UCatm01Ty-4EOnscn_oqabOw', 'authorChannelId': {'value': 'UCatm01Ty-4EOnscn_oqabOw'}, 'canRate': True, 'viewerRating': 'none', 'likeCount': 1, 'publishedAt': '2022-10-23T17:14:57Z', 'updatedAt': '2022-10-23T17:14:57Z'}}, {'kind': 'youtube#comment', 'etag': 'MHljLhqvFQXKtIaLmQ7ZIe3IzQA', 'id': 'UgyRCUD907pV9r_ccHx4AaABAg.9hVU934Jaus9hWLmPvNY8L', 'snippet': {'videoId': 'uuh1ydDwwrQ', 'textDisplay': '@Núbia Machado se os caras fazem isso (tentam distorcer) com a imagem na nossa cara imagina com as coisas que não sabemos se aconteceram ou não é fica só a palavra deles?', 'textOriginal': '@Núbia Machado se os caras fazem isso (tentam distorcer) com a imagem na nossa cara imagina com as coisas que não sabemos se aconteceram ou não é fica só a palavra deles?', 'parentId': 'UgyRCUD907pV9r_ccHx4AaABAg', 'authorDisplayName': 'Marcos Vinicius Pereira Nunes', 'authorProfileImageUrl': 'https://yt3.ggpht.com/ytc/AGIKgqNwHoLaYtbTSkmI9J-sh4U5dPQkQmIEhb5Tiw=s48-c-k-c0x00ffffff-no-rj', 'authorChannelUrl': 'http://www.youtube.com/channel/UCflqUWsGgx5XT8Agk0VPyVQ', 'authorChannelId': {'value': 'UCflqUWsGgx5XT8Agk0VPyVQ'}, 'canRate': True, 'viewerRating': 'none', 'likeCount': 2, 'publishedAt': '2022-10-23T05:25:14Z', 'updatedAt': '2022-10-23T05:25:14Z'}}, {'kind': 'youtube#comment', 'etag': 'J-ENdohH0hmaNww-AHrYVc2rnDQ', 'id': 'UgyRCUD907pV9r_ccHx4AaABAg.9hVU934Jaus9hVl7zg82u0', 'snippet': {'videoId': 'uuh1ydDwwrQ', 'textDisplay': 'Aqui no STE disseram que Xandao tava brincando, com gesto de degola', 'textOriginal': 'Aqui no STE disseram que Xandao tava brincando, com gesto de degola', 'parentId': 'UgyRCUD907pV9r_ccHx4AaABAg', 'authorDisplayName': 'Felipe Barreto', 'authorProfileImageUrl': 'https://yt3.ggpht.com/ytc/AGIKgqPX2WzLnCqs7ysAaRaSIQZ9_GdSFNz31RlgyiKV1g=s48-c-k-c0x00ffffff-no-rj', 'authorChannelUrl': 'http://www.youtube.com/channel/UC0Jdhep8GxbAlRNfeZ7QUlQ', 'authorChannelId': {'value': 'UC0Jdhep8GxbAlRNfeZ7QUlQ'}, 'canRate': True, 'viewerRating': 'none', 'likeCount': 1, 'publishedAt': '2022-10-22T23:56:16Z', 'updatedAt': '2022-10-22T23:56:16Z'}}, {'kind': 'youtube#comment', 'etag': '-5geWE5Icd4rqk7W3_-jhvPLiAg', 'id': 'UgyRCUD907pV9r_ccHx4AaABAg.9hVU934Jaus9hVZJ1XZ-cO', 'snippet': {'videoId': 'uuh1ydDwwrQ', 'textDisplay': 'Exatamente... O cara tenta &quot;reescrever&quot; o vídeo na nossa cara, na cabeça dele não temos a capacidade de interpretar um vídeo por isso ele ignora a realidade para criar uma narrativa. Fica óbvio vendo todo o vídeo que o senhor foi tirado a força (expulso). Relativizou o acontecido e debochou da nossa inteligência.', 'textOriginal': 'Exatamente... O cara tenta ""reescrever"" o vídeo na nossa cara, na cabeça dele não temos a capacidade de interpretar um vídeo por isso ele ignora a realidade para criar uma narrativa. Fica óbvio vendo todo o vídeo que o senhor foi tirado a força (expulso). Relativizou o acontecido e debochou da nossa inteligência.', 'parentId': 'UgyRCUD907pV9r_ccHx4AaABAg', 'authorDisplayName': 'Núbia Machado', 'authorProfileImageUrl': 'https://yt3.ggpht.com/ytc/AGIKgqORJ6E8sTqEkryVe7siPQ8IyuRNigtTOKyWCA=s48-c-k-c0x00ffffff-no-rj', 'authorChannelUrl': 'http://www.youtube.com/channel/UCZnTxhMZYt9BtNNw-0CDz0w', 'authorChannelId': {'value': 'UCZnTxhMZYt9BtNNw-0CDz0w'}, 'canRate': True, 'viewerRating': 'none', 'likeCount': 4, 'publishedAt': '2022-10-22T22:04:11Z', 'updatedAt': '2022-10-22T22:05:15Z'}}]}",UCatm01Ty-4EOnscn_oqabOw,2022-10-22T21:19:08Z,"Impressionante como os ""especialistas"" brigam com as imagens e fatos!",QURTSl9pM1I0Y1I5MkU4U1BEQ293S01wVi1NbHpKVkJnbld2ZFFGZjhkc3RCaXR2WTlSb2R0cmdxVktBU010cE9mQ3ZCWFgxOU4zS0tqWQ==,2023-06-08 15:04:31.190544
youtube#commentThread,mPYNf4Z8os914BW5Cq3yrpK1hrc,Ugzj2RX_ePfzq4RSlaF4AaABAg,"{'videoId': 'uuh1ydDwwrQ', 'topLevelComment': {'kind': 'youtube#comment', 'etag': 'gKWP25uoJXnAbE_JaBD3ONOexto', 'id': 'Ugzj2RX_ePfzq4RSlaF4AaABAg', 'snippet': {'videoId': 'uuh1ydDwwrQ', 'textDisplay': '_  Quando criança,ouvia meus irmãos que faziam faculdade dizendo que dentro de alguns anos,a china ia tentar liderar o mundo. Pois aconteceu: trinta e poucos anos depois,a china não lidera como pretendia, mais praticamente colocou o mundo na desgraça e ficou muito bem na foto. Teve o maior PIB em plena pandemia. Querem tomar Taiwan sim, e tem o povo Yuguri escravizados por não concordar com o comunismo. Detalhe: Tenho certeza que o corona vírus,foi feito em laboratório propositalmente.', 'textOriginal': '_  Quando criança,ouvia meus irmãos que faziam faculdade dizendo que dentro de alguns anos,a china ia tentar liderar o mundo. Pois aconteceu: trinta e poucos anos depois,a china não lidera como pretendia, mais praticamente colocou o mundo na desgraça e ficou muito bem na foto. Teve o maior PIB em plena pandemia. Querem tomar Taiwan sim, e tem o povo Yuguri escravizados por não concordar com o comunismo. Detalhe: Tenho certeza que o corona vírus,foi feito em laboratório propositalmente.', 'authorDisplayName': 'Ivanilde Ferreira', 'authorProfileImageUrl': 'https://yt3.ggpht.com/ytc/AGIKgqOR76lSMsCsxdRs7VsXa2FKy67RwnPNz0NU_g=s48-c-k-c0x00ffffff-no-rj', 'authorChannelUrl': 'http://www.youtube.com/channel/UCTejrSPWa1Hr2QZ4XdgSwlA', 'authorChannelId': {'value': 'UCTejrSPWa1Hr2QZ4XdgSwlA'}, 'canRate': True, 'viewerRating': 'none', 'likeCount': 0, 'publishedAt': '2022-10-22T21:17:27Z', 'updatedAt': '2022-10-22T21:17:27Z'}}, 'canReply': True, 'totalReplyCount': 0, 'isPublic': True}",,UCTejrSPWa1Hr2QZ4XdgSwlA,2022-10-22T21:17:27Z,"_  Quando criança,ouvia meus irmãos que faziam faculdade dizendo que dentro de alguns anos,a china ia tentar liderar o mundo. Pois aconteceu: trinta e poucos anos depois,a china não lidera como pretendia, mais praticamente colocou o mundo na desgraça e ficou muito bem na foto. Teve o maior PIB em plena pandemia. Querem tomar Taiwan sim, e tem o povo Yuguri escravizados por não concordar com o comunismo. Detalhe: Tenho certeza que o corona vírus,foi feito em laboratório propositalmente.",QURTSl9pM1I0Y1I5MkU4U1BEQ293S01wVi1NbHpKVkJnbld2ZFFGZjhkc3RCaXR2WTlSb2R0cmdxVktBU010cE9mQ3ZCWFgxOU4zS0tqWQ==,2023-06-08 15:04:31.190544
youtube#commentThread,WWK46JOSVUf9Q7z6qPYG3jySM_o,UgzJLe--a-oaBAK_hxV4AaABAg,"{'videoId': 'uuh1ydDwwrQ', 'topLevelComment': {'kind': 'youtube#comment', 'etag': 'ZvP2WwBiTwVQiq5KmYH1Q3d10Eo', 'id': 'UgzJLe--a-oaBAK_hxV4AaABAg', 'snippet': {'videoId': 'uuh1ydDwwrQ', 'textDisplay': 'Fera comendo fera.... nenhum comunista presta...o cão xi tin pin fez isto para consolidar o seu poder dentro da vigésima convenção da gang comunista, uma demonstração de força removendo um dos principais adversários político que planejava a sua derrocada, até para os padrões comunistas a tirania do cão xi ti pin passou dos limites...mas o mal irá prevalecer questão de tempo, a terceira guerra mundial irá começar na Ásia ou Europa??....', 'textOriginal': 'Fera comendo fera.... nenhum comunista presta...o cão xi tin pin fez isto para consolidar o seu poder dentro da vigésima convenção da gang comunista, uma demonstração de força removendo um dos principais adversários político que planejava a sua derrocada, até para os padrões comunistas a tirania do cão xi ti pin passou dos limites...mas o mal irá prevalecer questão de tempo, a terceira guerra mundial irá começar na Ásia ou Europa??....', 'authorDisplayName': 'liu2030 chang', 'authorProfileImageUrl': 'https://yt3.ggpht.com/ytc/AGIKgqPsjFPFztRa_D_bGZvhfam1GwfxT4SdJF8LSw=s48-c-k-c0x00ffffff-no-rj', 'authorChannelUrl': 'http://www.youtube.com/channel/UC0VgMbUz1AdoeLYZznqwgXg', 'authorChannelId': {'value': 'UC0VgMbUz1AdoeLYZznqwgXg'}, 'canRate': True, 'viewerRating': 'none', 'likeCount': 0, 'publishedAt': '2022-10-22T21:16:53Z', 'updatedAt': '2022-10-22T21:16:53Z'}}, 'canReply': True, 'totalReplyCount': 0, 'isPublic': True}",,UC0VgMbUz1AdoeLYZznqwgXg,2022-10-22T21:16:53Z,"Fera comendo fera.... nenhum comunista presta...o cão xi tin pin fez isto para consolidar o seu poder dentro da vigésima convenção da gang comunista, uma demonstração de força removendo um dos principais adversários político que planejava a sua derrocada, até para os padrões comunistas a tirania do cão xi ti pin passou dos limites...mas o mal irá prevalecer questão de tempo, a terceira guerra mundial irá começar na Ásia ou Europa??....",QURTSl9pM1I0Y1I5MkU4U1BEQ293S01wVi1NbHpKVkJnbld2ZFFGZjhkc3RCaXR2WTlSb2R0cmdxVktBU010cE9mQ3ZCWFgxOU4zS0tqWQ==,2023-06-08 15:04:31.190544
youtube#commentThread,jlRkveYes0i7yQQigly-OfWf8tI,UgxCBrrkHClZxEna_Gp4AaABAg,"{'videoId': 'uuh1ydDwwrQ', 'topLevelComment': {'kind': 'youtube#comment', 'etag': 'zUER6fNitbE1bZcpqr4vhywlPYc', 'id': 'UgxCBrrkHClZxEna_Gp4AaABAg', 'snippet': {'videoId': 'uuh1ydDwwrQ', 'textDisplay': 'Meu Deus, como o mundo anda conturbado.', 'textOriginal': 'Meu Deus, como o mundo anda conturbado.', 'authorDisplayName': 'Celso Silva', 'authorProfileImageUrl': 'https://yt3.ggpht.com/ytc/AGIKgqOqPRyle1MLLUA8tJIgBAJWEqFC9r83hLKSjA=s48-c-k-c0x00ffffff-no-rj', 'authorChannelUrl': 'http://www.youtube.com/channel/UCtXc6d0WxryWONVQyxFW47w', 'authorChannelId': {'value': 'UCtXc6d0WxryWONVQyxFW47w'}, 'canRate': True, 'viewerRating': 'none', 'likeCount': 0, 'publishedAt': '2022-10-22T21:16:21Z', 'updatedAt': '2022-10-22T21:16:21Z'}}, 'canReply': True, 'totalReplyCount': 0, 'isPublic': True}",,UCtXc6d0WxryWONVQyxFW47w,2022-10-22T21:16:21Z,"Meu Deus, como o mundo anda conturbado.",QURTSl9pM1I0Y1I5MkU4U1BEQ293S01wVi1NbHpKVkJnbld2ZFFGZjhkc3RCaXR2WTlSb2R0cmdxVktBU010cE9mQ3ZCWFgxOU4zS0tqWQ==,2023-06-08 15:04:31.190544
youtube#commentThread,D3J7rm-qIRwukt07BefGJYS65EQ,Ugx8I_eofMTpxMV2X3J4AaABAg,"{'videoId': 'uuh1ydDwwrQ', 'topLevelComment': {'kind': 'youtube#comment', 'etag': 'P_5KNS6jE4TH90MxmCyAhKepQC0', 'id': 'Ugx8I_eofMTpxMV2X3J4AaABAg', 'snippet': {'videoId': 'uuh1ydDwwrQ', 'textDisplay': 'e nunca mais foi visto...', 'textOriginal': 'e nunca mais foi visto...', 'authorDisplayName': 'Rômulo Ruan', 'authorProfileImageUrl': 'https://yt3.ggpht.com/ytc/AGIKgqP2YOHLIljlvdvYpPROeMJDqKJ9dpKo2t5vdAp0=s48-c-k-c0x00ffffff-no-rj', 'authorChannelUrl': 'http://www.youtube.com/channel/UCu6AHUhl-RcNckha_c1h4Nw', 'authorChannelId': {'value': 'UCu6AHUhl-RcNckha_c1h4Nw'}, 'canRate': True, 'viewerRating': 'none', 'likeCount': 1, 'publishedAt': '2022-10-22T21:14:34Z', 'updatedAt': '2022-10-22T21:14:34Z'}}, 'canReply': True, 'totalReplyCount': 0, 'isPublic': True}",,UCu6AHUhl-RcNckha_c1h4Nw,2022-10-22T21:14:34Z,e nunca mais foi visto...,QURTSl9pM1I0Y1I5MkU4U1BEQ293S01wVi1NbHpKVkJnbld2ZFFGZjhkc3RCaXR2WTlSb2R0cmdxVktBU010cE9mQ3ZCWFgxOU4zS0tqWQ==,2023-06-08 15:04:31.190544
youtube#commentThread,pdIn4CYWJrLiS3w1jyVZOPeBE-c,UgyiF8EK_iImm7foY8V4AaABAg,"{'videoId': 'uuh1ydDwwrQ', 'topLevelComment': {'kind': 'youtube#comment', 'etag': 'TpAEj5vd1sGTJaaIg-xOhOSNsNA', 'id': 'UgyiF8EK_iImm7foY8V4AaABAg', 'snippet': {'videoId': 'uuh1ydDwwrQ', 'textDisplay': 'Acho que é culpa do presidente bolssonaro.', 'textOriginal': 'Acho que é culpa do presidente bolssonaro.', 'authorDisplayName': 'Ana Souza', 'authorProfileImageUrl': 'https://yt3.ggpht.com/ytc/AGIKgqO722L_bFI47P4QVQGgQQ-e0DbX-WgEl0aHtQaYO9uNaM7V0ObgZSGxvMbPI7l_=s48-c-k-c0x00ffffff-no-rj', 'authorChannelUrl': 'http://www.youtube.com/channel/UCjfEDhFRCJFmpGA-ypEcfkg', 'authorChannelId': {'value': 'UCjfEDhFRCJFmpGA-ypEcfkg'}, 'canRate': True, 'viewerRating': 'none', 'likeCount': 0, 'publishedAt': '2022-10-22T21:13:37Z', 'updatedAt': '2022-10-22T21:13:37Z'}}, 'canReply': True, 'totalReplyCount': 0, 'isPublic': True}",,UCjfEDhFRCJFmpGA-ypEcfkg,2022-10-22T21:13:37Z,Acho que é culpa do presidente bolssonaro.,QURTSl9pM1I0Y1I5MkU4U1BEQ293S01wVi1NbHpKVkJnbld2ZFFGZjhkc3RCaXR2WTlSb2R0cmdxVktBU010cE9mQ3ZCWFgxOU4zS0tqWQ==,2023-06-08 15:04:31.190544
youtube#commentThread,aBz1Ai-nxIeiAGFNGxnxDYqW4fU,UgyEIY2E1ugscJDBXoh4AaABAg,"{'videoId': 'uuh1ydDwwrQ', 'topLevelComment': {'kind': 'youtube#comment', 'etag': 'z8oSnBwExJ4xiJq1lOnW9IO0WlU', 'id': 'UgyEIY2E1ugscJDBXoh4AaABAg', 'snippet': {'videoId': 'uuh1ydDwwrQ', 'textDisplay': 'Nossa! Esse cara é um canhoto disfarçado de professor. <br>Será que ele sabe das <b>ilhas artificiais</b> que foram construídas próximo à Tai Wan e principalmente do Japão amedrontando Filipinas, Austrália e Nova Zelândia dentre outros???<br>Acho que alguém precisa ensinar.', 'textOriginal': 'Nossa! Esse cara é um canhoto disfarçado de professor. \\nSerá que ele sabe das *ilhas artificiais* que foram construídas próximo à Tai Wan e principalmente do Japão amedrontando Filipinas, Austrália e Nova Zelândia dentre outros???\\nAcho que alguém precisa ensinar.', 'authorDisplayName': 'Sergio Bellucci', 'authorProfileImageUrl': 'https://yt3.ggpht.com/ytc/AGIKgqNFGubw2B9enyosxrhAaUBzEATST56GXGmeEJv4rA=s48-c-k-c0x00ffffff-no-rj', 'authorChannelUrl': 'http://www.youtube.com/channel/UCEzsIDHTkv2WAxCGkcG-m_w', 'authorChannelId': {'value': 'UCEzsIDHTkv2WAxCGkcG-m_w'}, 'canRate': True, 'viewerRating': 'none', 'likeCount': 0, 'publishedAt': '2022-10-22T21:13:19Z', 'updatedAt': '2022-10-22T21:13:19Z'}}, 'canReply': True, 'totalReplyCount': 0, 'isPublic': True}",,UCEzsIDHTkv2WAxCGkcG-m_w,2022-10-22T21:13:19Z,"Nossa! Esse cara é um canhoto disfarçado de professor. 
Será que ele sabe das *ilhas artificiais* que foram construídas próximo à Tai Wan e principalmente do Japão amedrontando Filipinas, Austrália e Nova Zelândia dentre outros???
Acho que alguém precisa ensinar.",QURTSl9pM1I0Y1I5MkU4U1BEQ293S01wVi1NbHpKVkJnbld2ZFFGZjhkc3RCaXR2WTlSb2R0cmdxVktBU010cE9mQ3ZCWFgxOU4zS0tqWQ==,2023-06-08 15:04:31.190544
youtube#commentThread,Y8VaMaHBQOW2p9W7XAV5maG89rQ,UgxnKre0KwVicZxrNZ54AaABAg,"{'videoId': 'uuh1ydDwwrQ', 'topLevelComment': {'kind': 'youtube#comment', 'etag': 'fLPfI3eQ3qpO-SfOXcfc5uCftik', 'id': 'UgxnKre0KwVicZxrNZ54AaABAg', 'snippet': {'videoId': 'uuh1ydDwwrQ', 'textDisplay': 'Incrível ver um Professor Brasileiros defendendo um partido Ditador.  Triste, e será que o tal Professor acredita que o Haway está sendo tratado igual a Hong Kong?', 'textOriginal': 'Incrível ver um Professor Brasileiros defendendo um partido Ditador.  Triste, e será que o tal Professor acredita que o Haway está sendo tratado igual a Hong Kong?', 'authorDisplayName': 'junqueirarino', 'authorProfileImageUrl': 'https://yt3.ggpht.com/ytc/AGIKgqMOMHFZqcU_fhSL3CNQrAUWz_tYaJt6nklvuw=s48-c-k-c0x00ffffff-no-rj', 'authorChannelUrl': 'http://www.youtube.com/channel/UCL1R9h02smV2J3RJjLHRGEA', 'authorChannelId': {'value': 'UCL1R9h02smV2J3RJjLHRGEA'}, 'canRate': True, 'viewerRating': 'none', 'likeCount': 2, 'publishedAt': '2022-10-22T21:12:14Z', 'updatedAt': '2022-10-22T21:12:14Z'}}, 'canReply': True, 'totalReplyCount': 1, 'isPublic': True}","{'comments': [{'kind': 'youtube#comment', 'etag': 'd1ZiXUK3Mr1F_hhktw5mMfB8ds4', 'id': 'UgxnKre0KwVicZxrNZ54AaABAg.9hVTMaD6SS19hWMUbKC9BD', 'snippet': {'videoId': 'uuh1ydDwwrQ', 'textDisplay': 'Incrível seria ver um professor que não é de esquerda. No mais, outro dia normal na educação brasileira.', 'textOriginal': 'Incrível seria ver um professor que não é de esquerda. No mais, outro dia normal na educação brasileira.', 'parentId': 'UgxnKre0KwVicZxrNZ54AaABAg', 'authorDisplayName': 'Marcos Vinicius Pereira Nunes', 'authorProfileImageUrl': 'https://yt3.ggpht.com/ytc/AGIKgqNwHoLaYtbTSkmI9J-sh4U5dPQkQmIEhb5Tiw=s48-c-k-c0x00ffffff-no-rj', 'authorChannelUrl': 'http://www.youtube.com/channel/UCflqUWsGgx5XT8Agk0VPyVQ', 'authorChannelId': {'value': 'UCflqUWsGgx5XT8Agk0VPyVQ'}, 'canRate': True, 'viewerRating': 'none', 'likeCount': 1, 'publishedAt': '2022-10-23T05:31:24Z', 'updatedAt': '2022-10-23T05:31:24Z'}}]}",UCL1R9h02smV2J3RJjLHRGEA,2022-10-22T21:12:14Z,"Incrível ver um Professor Brasileiros defendendo um partido Ditador.  Triste, e será que o tal Professor acredita que o Haway está sendo tratado igual a Hong Kong?",QURTSl9pM1I0Y1I5MkU4U1BEQ293S01wVi1NbHpKVkJnbld2ZFFGZjhkc3RCaXR2WTlSb2R0cmdxVktBU010cE9mQ3ZCWFgxOU4zS0tqWQ==,2023-06-08 15:04:31.190544
youtube#commentThread,xQmvxoEBKg3mtYJf5sCFoV5Wyk0,Ugx8w6clw3AosQvyf1N4AaABAg,"{'videoId': 'uuh1ydDwwrQ', 'topLevelComment': {'kind': 'youtube#comment', 'etag': 'QPqfjOSFzIf18VIBttfCArzVN5g', 'id': 'Ugx8w6clw3AosQvyf1N4AaABAg', 'snippet': {'videoId': 'uuh1ydDwwrQ', 'textDisplay': 'Na China o poder maior não é o partido comunista, mas a KGB chinesa.', 'textOriginal': 'Na China o poder maior não é o partido comunista, mas a KGB chinesa.', 'authorDisplayName': 'Francisco Gonçalves - Teólogo', 'authorProfileImageUrl': 'https://yt3.ggpht.com/ytc/AGIKgqOCeNZG8SPtWceuMtFf7zK6jkgs1knGEKwNVqrNnWU=s48-c-k-c0x00ffffff-no-rj', 'authorChannelUrl': 'http://www.youtube.com/channel/UCWNWsyYdUiqYeOr69Z8VQag', 'authorChannelId': {'value': 'UCWNWsyYdUiqYeOr69Z8VQag'}, 'canRate': True, 'viewerRating': 'none', 'likeCount': 0, 'publishedAt': '2022-10-22T21:11:55Z', 'updatedAt': '2022-10-22T21:11:55Z'}}, 'canReply': True, 'totalReplyCount': 0, 'isPublic': True}",,UCWNWsyYdUiqYeOr69Z8VQag,2022-10-22T21:11:55Z,"Na China o poder maior não é o partido comunista, mas a KGB chinesa.",QURTSl9pM1I0Y1I5MkU4U1BEQ293S01wVi1NbHpKVkJnbld2ZFFGZjhkc3RCaXR2WTlSb2R0cmdxVktBU010cE9mQ3ZCWFgxOU4zS0tqWQ==,2023-06-08 15:04:31.190544
youtube#commentThread,o2w-2fSu0cCEArW-kHyZuwW68Dc,UgyWOzr6nhyV_7WAF2B4AaABAg,"{'videoId': 'uuh1ydDwwrQ', 'topLevelComment': {'kind': 'youtube#comment', 'etag': '5kS7flWQdAVXxc5xwOV4CtESvck', 'id': 'UgyWOzr6nhyV_7WAF2B4AaABAg', 'snippet': {'videoId': 'uuh1ydDwwrQ', 'textDisplay': 'Nunca mais foi visto o ex presidente da China.', 'textOriginal': 'Nunca mais foi visto o ex presidente da China.', 'authorDisplayName': 'Rubem Lourenço Gomes', 'authorProfileImageUrl': 'https://yt3.ggpht.com/ytc/AGIKgqMHSFhULdW_vTjtZjtbOkwdpdtTKew_s3KYL1SuHDo=s48-c-k-c0x00ffffff-no-rj', 'authorChannelUrl': 'http://www.youtube.com/channel/UCk9jcg-gkqAaDpSlKfm79wA', 'authorChannelId': {'value': 'UCk9jcg-gkqAaDpSlKfm79wA'}, 'canRate': True, 'viewerRating': 'none', 'likeCount': 1, 'publishedAt': '2022-10-22T21:11:29Z', 'updatedAt': '2022-10-22T21:11:29Z'}}, 'canReply': True, 'totalReplyCount': 0, 'isPublic': True}",,UCk9jcg-gkqAaDpSlKfm79wA,2022-10-22T21:11:29Z,Nunca mais foi visto o ex presidente da China.,QURTSl9pM1I0Y1I5MkU4U1BEQ293S01wVi1NbHpKVkJnbld2ZFFGZjhkc3RCaXR2WTlSb2R0cmdxVktBU010cE9mQ3ZCWFgxOU4zS0tqWQ==,2023-06-08 15:04:31.190544
youtube#commentThread,qp47zGi8mpmPsrVSCqiEnzXKzUc,UgwhPSXq0dnkmzpWx7h4AaABAg,"{'videoId': 'uuh1ydDwwrQ', 'topLevelComment': {'kind': 'youtube#comment', 'etag': '3cfWIv9wGa_-VJCQZ_gcBCsWX44', 'id': 'UgwhPSXq0dnkmzpWx7h4AaABAg', 'snippet': {'videoId': 'uuh1ydDwwrQ', 'textDisplay': 'Chinge ling Xandão preocupado c a democracia da china fez isso.', 'textOriginal': 'Chinge ling Xandão preocupado c a democracia da china fez isso.', 'authorDisplayName': 'Eulalito Vendramini filho', 'authorProfileImageUrl': 'https://yt3.ggpht.com/G0Aq3e9oSq718ma53Z20FqGXk2MPxue3bNDMp2kwRvc3b_Z4kUgMgOklDqHMy9XEhNa-Y1DULA=s48-c-k-c0x00ffffff-no-rj', 'authorChannelUrl': 'http://www.youtube.com/channel/UCwIBH-Tmrwcpk2k5JLI7FeQ', 'authorChannelId': {'value': 'UCwIBH-Tmrwcpk2k5JLI7FeQ'}, 'canRate': True, 'viewerRating': 'none', 'likeCount': 0, 'publishedAt': '2022-10-22T21:10:56Z', 'updatedAt': '2022-10-22T21:10:56Z'}}, 'canReply': True, 'totalReplyCount': 0, 'isPublic': True}",,UCwIBH-Tmrwcpk2k5JLI7FeQ,2022-10-22T21:10:56Z,Chinge ling Xandão preocupado c a democracia da china fez isso.,QURTSl9pM1I0Y1I5MkU4U1BEQ293S01wVi1NbHpKVkJnbld2ZFFGZjhkc3RCaXR2WTlSb2R0cmdxVktBU010cE9mQ3ZCWFgxOU4zS0tqWQ==,2023-06-08 15:04:31.190544
youtube#commentThread,O4tiRfTIR9KW8-988z9UpgeGWOc,UgxpUM-BY6ajil26MHZ4AaABAg,"{'videoId': 'uuh1ydDwwrQ', 'topLevelComment': {'kind': 'youtube#comment', 'etag': '6UnDGs1FngaLlEhkpBJ4yPhuQE4', 'id': 'UgxpUM-BY6ajil26MHZ4AaABAg', 'snippet': {'videoId': 'uuh1ydDwwrQ', 'textDisplay': 'Ninguém saberá de nada. É a China, imprensa fala aquilo que o governo comunista quer. Ponto final.', 'textOriginal': 'Ninguém saberá de nada. É a China, imprensa fala aquilo que o governo comunista quer. Ponto final.', 'authorDisplayName': 'rony santos', 'authorProfileImageUrl': 'https://yt3.ggpht.com/ytc/AGIKgqN8oc6sdPBMt9IAvKnQfWz2VqIlivl9EZIjGg=s48-c-k-c0x00ffffff-no-rj', 'authorChannelUrl': 'http://www.youtube.com/channel/UCo05mcYNpx5UFWLpu_2WW8w', 'authorChannelId': {'value': 'UCo05mcYNpx5UFWLpu_2WW8w'}, 'canRate': True, 'viewerRating': 'none', 'likeCount': 0, 'publishedAt': '2022-10-22T21:08:49Z', 'updatedAt': '2022-10-22T21:08:49Z'}}, 'canReply': True, 'totalReplyCount': 0, 'isPublic': True}",,UCo05mcYNpx5UFWLpu_2WW8w,2022-10-22T21:08:49Z,"Ninguém saberá de nada. É a China, imprensa fala aquilo que o governo comunista quer. Ponto final.",QURTSl9pM1I0Y1I5MkU4U1BEQ293S01wVi1NbHpKVkJnbld2ZFFGZjhkc3RCaXR2WTlSb2R0cmdxVktBU010cE9mQ3ZCWFgxOU4zS0tqWQ==,2023-06-08 15:04:31.190544
youtube#commentThread,TKk8dGrV40EOn8LgTQJ7BXE2xik,UgwLYnwwtjzHksi5hVJ4AaABAg,"{'videoId': 'uuh1ydDwwrQ', 'topLevelComment': {'kind': 'youtube#comment', 'etag': 'ZCVn9t-Chow4Wnh7IFw-mrMMyUk', 'id': 'UgwLYnwwtjzHksi5hVJ4AaABAg', 'snippet': {'videoId': 'uuh1ydDwwrQ', 'textDisplay': 'Foi Xandão que fez uma ligação e só falou tira ele que eu não fui com a cara kkkkk. Triste! É rir pra não chorar', 'textOriginal': 'Foi Xandão que fez uma ligação e só falou tira ele que eu não fui com a cara kkkkk. Triste! É rir pra não chorar', 'authorDisplayName': 'Laura', 'authorProfileImageUrl': 'https://yt3.ggpht.com/ytc/AGIKgqPBHFKveHMDNMIRzhNHwsht5RI1cDHZUSdINfawFAv1-hs1EpyztAFTt4bcWHRB=s48-c-k-c0x00ffffff-no-rj', 'authorChannelUrl': 'http://www.youtube.com/channel/UC3CTneZTL8IIQlnXgkJeIyA', 'authorChannelId': {'value': 'UC3CTneZTL8IIQlnXgkJeIyA'}, 'canRate': True, 'viewerRating': 'none', 'likeCount': 11, 'publishedAt': '2022-10-22T21:06:15Z', 'updatedAt': '2022-10-22T21:06:15Z'}}, 'canReply': True, 'totalReplyCount': 0, 'isPublic': True}",,UC3CTneZTL8IIQlnXgkJeIyA,2022-10-22T21:06:15Z,Foi Xandão que fez uma ligação e só falou tira ele que eu não fui com a cara kkkkk. Triste! É rir pra não chorar,QURTSl9pM1I0Y1I5MkU4U1BEQ293S01wVi1NbHpKVkJnbld2ZFFGZjhkc3RCaXR2WTlSb2R0cmdxVktBU010cE9mQ3ZCWFgxOU4zS0tqWQ==,2023-06-08 15:04:31.190544
youtube#commentThread,Tc2ivGLEz4JF4dtktFJpmajLEiU,UgwbhGSyFDHTFUbnrJB4AaABAg,"{'videoId': 'uuh1ydDwwrQ', 'topLevelComment': {'kind': 'youtube#comment', 'etag': 'HK8PwL6gmC-u-Kl8xXkAEB4DARo', 'id': 'UgwbhGSyFDHTFUbnrJB4AaABAg', 'snippet': {'videoId': 'uuh1ydDwwrQ', 'textDisplay': 'Não foi retirado, foi convidado a  se Retirar 😁😁', 'textOriginal': 'Não foi retirado, foi convidado a  se Retirar 😁😁', 'authorDisplayName': 'Brazilian Daniel', 'authorProfileImageUrl': 'https://yt3.ggpht.com/2t-aPehBSG65Khkyo9NqBoX2G43JR0N1-5_3hbSKbjQ8qZ6kvsRpy6M6CqmP50O4roXw0XUU=s48-c-k-c0x00ffffff-no-rj', 'authorChannelUrl': 'http://www.youtube.com/channel/UCd089vjAf_BNn0FPVp6O8Lw', 'authorChannelId': {'value': 'UCd089vjAf_BNn0FPVp6O8Lw'}, 'canRate': True, 'viewerRating': 'none', 'likeCount': 4, 'publishedAt': '2022-10-22T21:06:09Z', 'updatedAt': '2022-10-25T14:05:48Z'}}, 'canReply': True, 'totalReplyCount': 0, 'isPublic': True}",,UCd089vjAf_BNn0FPVp6O8Lw,2022-10-22T21:06:09Z,"Não foi retirado, foi convidado a  se Retirar 😁😁",QURTSl9pM1I0Y1I5MkU4U1BEQ293S01wVi1NbHpKVkJnbld2ZFFGZjhkc3RCaXR2WTlSb2R0cmdxVktBU010cE9mQ3ZCWFgxOU4zS0tqWQ==,2023-06-08 15:04:31.190544
youtube#commentThread,L4yt87AI8JXt1M4ID_qZpzz51yc,UgxEEGH63SYdEcHBV_d4AaABAg,"{'videoId': 'uuh1ydDwwrQ', 'topLevelComment': {'kind': 'youtube#comment', 'etag': 'fLKSq7NsVD-QIY8BRT_cT1KD-Lc', 'id': 'UgxEEGH63SYdEcHBV_d4AaABAg', 'snippet': {'videoId': 'uuh1ydDwwrQ', 'textDisplay': 'Xixi aprendeu comigo.', 'textOriginal': 'Xixi aprendeu comigo.', 'authorDisplayName': 'Adolf Putin', 'authorProfileImageUrl': 'https://yt3.ggpht.com/AfQU7o4pbZZcR-ji0bIbRe2rnya-zufczuH280udqK5mPCKRvYwyq3fKAVbCALsUsIMxIhkN9Q=s48-c-k-c0x00ffffff-no-rj', 'authorChannelUrl': 'http://www.youtube.com/channel/UCPbjU-rK0zrm_1jdaeVPuYg', 'authorChannelId': {'value': 'UCPbjU-rK0zrm_1jdaeVPuYg'}, 'canRate': True, 'viewerRating': 'none', 'likeCount': 0, 'publishedAt': '2022-10-22T21:04:15Z', 'updatedAt': '2022-10-22T21:04:15Z'}}, 'canReply': True, 'totalReplyCount': 0, 'isPublic': True}",,UCPbjU-rK0zrm_1jdaeVPuYg,2022-10-22T21:04:15Z,Xixi aprendeu comigo.,QURTSl9pM1I0Y1I5MkU4U1BEQ293S01wVi1NbHpKVkJnbld2ZFFGZjhkc3RCaXR2WTlSb2R0cmdxVktBU010cE9mQ3ZCWFgxOU4zS0tqWQ==,2023-06-08 15:04:31.190544
youtube#commentThread,EuyMsn9gIeDpsrxMCSGO-Zo1JtY,UgzUNNMaqL3krVr7Q0x4AaABAg,"{'videoId': 'uuh1ydDwwrQ', 'topLevelComment': {'kind': 'youtube#comment', 'etag': 'DNlNZOzaLSzMuj5B6t9kK_XUYmg', 'id': 'UgzUNNMaqL3krVr7Q0x4AaABAg', 'snippet': {'videoId': 'uuh1ydDwwrQ', 'textDisplay': 'LULA NÃO FAZ ASFALTO PARA CAMIONEIROS E FAZ MANSÃO DE 6 MILHÕES DE REAIS PELA LEI JUANE', 'textOriginal': 'LULA NÃO FAZ ASFALTO PARA CAMIONEIROS E FAZ MANSÃO DE 6 MILHÕES DE REAIS PELA LEI JUANE', 'authorDisplayName': 'JOI', 'authorProfileImageUrl': 'https://yt3.ggpht.com/C3fipElVeyCtRcLtfJLen-t8x1mA01elKzWLWFwXrxWlVqpldAEMILnKp2AKdnMFk0J3eJtydw=s48-c-k-c0x00ffffff-no-rj', 'authorChannelUrl': 'http://www.youtube.com/channel/UC8K3FXTYR7k4lNX-CPhhACQ', 'authorChannelId': {'value': 'UC8K3FXTYR7k4lNX-CPhhACQ'}, 'canRate': True, 'viewerRating': 'none', 'likeCount': 0, 'publishedAt': '2022-10-22T21:03:18Z', 'updatedAt': '2022-10-22T21:03:18Z'}}, 'canReply': True, 'totalReplyCount': 0, 'isPublic': True}",,UC8K3FXTYR7k4lNX-CPhhACQ,2022-10-22T21:03:18Z,LULA NÃO FAZ ASFALTO PARA CAMIONEIROS E FAZ MANSÃO DE 6 MILHÕES DE REAIS PELA LEI JUANE,QURTSl9pM1I0Y1I5MkU4U1BEQ293S01wVi1NbHpKVkJnbld2ZFFGZjhkc3RCaXR2WTlSb2R0cmdxVktBU010cE9mQ3ZCWFgxOU4zS0tqWQ==,2023-06-08 15:04:31.190544
youtube#commentThread,l1BYjQoRqR92oxyHm6Ijp-bMO2I,Ugw4F5wwHekygQ_NRkd4AaABAg,"{'videoId': 'uuh1ydDwwrQ', 'topLevelComment': {'kind': 'youtube#comment', 'etag': 'zflIpSYW2rGQz-oyASfg9m1omAI', 'id': 'Ugw4F5wwHekygQ_NRkd4AaABAg', 'snippet': {'videoId': 'uuh1ydDwwrQ', 'textDisplay': 'SERÁ SE VOCÊS NÃO MERECEM ESSA PUNIÇÃO  ??<br>ACREDITO QUE PELAS INFLUÊNCIAS JURÍDICAS DE VOCÊS, AINDA ESTÃO PECANDO  ???', 'textOriginal': 'SERÁ SE VOCÊS NÃO MERECEM ESSA PUNIÇÃO  ??\\nACREDITO QUE PELAS INFLUÊNCIAS JURÍDICAS DE VOCÊS, AINDA ESTÃO PECANDO  ???', 'authorDisplayName': 'Marcos Garcia', 'authorProfileImageUrl': 'https://yt3.ggpht.com/Im6rbVsZEQnIBcm2J1fMdG4nHZvzb0IEkf1Fx_JoUE28BwgCz8ilXE99GD0X6Q_aZB-fZMy45w=s48-c-k-c0x00ffffff-no-rj', 'authorChannelUrl': 'http://www.youtube.com/channel/UCQF9JF4WM6hJzBPnFoHc4GA', 'authorChannelId': {'value': 'UCQF9JF4WM6hJzBPnFoHc4GA'}, 'canRate': True, 'viewerRating': 'none', 'likeCount': 0, 'publishedAt': '2022-10-22T21:02:16Z', 'updatedAt': '2022-10-22T21:02:16Z'}}, 'canReply': True, 'totalReplyCount': 0, 'isPublic': True}",,UCQF9JF4WM6hJzBPnFoHc4GA,2022-10-22T21:02:16Z,"SERÁ SE VOCÊS NÃO MERECEM ESSA PUNIÇÃO  ??
ACREDITO QUE PELAS INFLUÊNCIAS JURÍDICAS DE VOCÊS, AINDA ESTÃO PECANDO  ???",QURTSl9pM1I0Y1I5MkU4U1BEQ293S01wVi1NbHpKVkJnbld2ZFFGZjhkc3RCaXR2WTlSb2R0cmdxVktBU010cE9mQ3ZCWFgxOU4zS0tqWQ==,2023-06-08 15:04:31.190544
youtube#commentThread,-CAX-URC6pFrSFSGKcrKykz8lIg,Ugy44U82mFIJgxzc16x4AaABAg,"{'videoId': 'uuh1ydDwwrQ', 'topLevelComment': {'kind': 'youtube#comment', 'etag': 'pCw7A4BxjZ1R9jH6Hs8n6FRyyjc', 'id': 'Ugy44U82mFIJgxzc16x4AaABAg', 'snippet': {'videoId': 'uuh1ydDwwrQ', 'textDisplay': 'Taiwan nunca foi provincial da China seu m.', 'textOriginal': 'Taiwan nunca foi provincial da China seu m.', 'authorDisplayName': 'Antonio Cenzi', 'authorProfileImageUrl': 'https://yt3.ggpht.com/ytc/AGIKgqPZImkt2UUfS3hhK8LX8Qopc0scs2xqAumshG7i2w=s48-c-k-c0x00ffffff-no-rj', 'authorChannelUrl': 'http://www.youtube.com/channel/UC9PC8ue-IKYO71rgX5lPCeQ', 'authorChannelId': {'value': 'UC9PC8ue-IKYO71rgX5lPCeQ'}, 'canRate': True, 'viewerRating': 'none', 'likeCount': 0, 'publishedAt': '2022-10-22T21:01:09Z', 'updatedAt': '2022-10-22T21:01:09Z'}}, 'canReply': True, 'totalReplyCount': 0, 'isPublic': True}",,UC9PC8ue-IKYO71rgX5lPCeQ,2022-10-22T21:01:09Z,Taiwan nunca foi provincial da China seu m.,QURTSl9pM1I0Y1I5MkU4U1BEQ293S01wVi1NbHpKVkJnbld2ZFFGZjhkc3RCaXR2WTlSb2R0cmdxVktBU010cE9mQ3ZCWFgxOU4zS0tqWQ==,2023-06-08 15:04:31.190544
youtube#commentThread,L-Z87hrbVnEiQ34TrE9TmH1-uoA,UgxqHQ7eq4Uh-ugNCLd4AaABAg,"{'videoId': 'uuh1ydDwwrQ', 'topLevelComment': {'kind': 'youtube#comment', 'etag': 'z-8grCV4HXytwpiCOB7TBuY3WDo', 'id': 'UgxqHQ7eq4Uh-ugNCLd4AaABAg', 'snippet': {'videoId': 'uuh1ydDwwrQ', 'textDisplay': '<a href=""http://www.youtube.com/results?search_query=%23fora"">#fora</a> censura da jovem pan', 'textOriginal': '#fora censura da jovem pan', 'authorDisplayName': 'Adsumus', 'authorProfileImageUrl': 'https://yt3.ggpht.com/ytc/AGIKgqP4kLqdwv9Tt5yiPPpoWW3q4AhiE4nkfuM9Lgj9ZHU=s48-c-k-c0x00ffffff-no-rj', 'authorChannelUrl': 'http://www.youtube.com/channel/UCQ4TJmlqHC95gxsfx21S71Q', 'authorChannelId': {'value': 'UCQ4TJmlqHC95gxsfx21S71Q'}, 'canRate': True, 'viewerRating': 'none', 'likeCount': 0, 'publishedAt': '2022-10-22T21:00:49Z', 'updatedAt': '2022-10-22T21:00:49Z'}}, 'canReply': True, 'totalReplyCount': 0, 'isPublic': True}",,UCQ4TJmlqHC95gxsfx21S71Q,2022-10-22T21:00:49Z,#fora censura da jovem pan,QURTSl9pM1I0Y1I5MkU4U1BEQ293S01wVi1NbHpKVkJnbld2ZFFGZjhkc3RCaXR2WTlSb2R0cmdxVktBU010cE9mQ3ZCWFgxOU4zS0tqWQ==,2023-06-08 15:04:31.190544
youtube#commentThread,9_J9qXldzLnjk-xSy8b_jzvdNwc,Ugys60_aAqUd0qKKkB94AaABAg,"{'videoId': 'uuh1ydDwwrQ', 'topLevelComment': {'kind': 'youtube#comment', 'etag': 'tSdjGMRH0dyhprWjJGzFk9nV5SE', 'id': 'Ugys60_aAqUd0qKKkB94AaABAg', 'snippet': {'videoId': 'uuh1ydDwwrQ', 'textDisplay': 'Esse célebre professor, com notório saber, deve ser comunista kkkkkkkkkkk', 'textOriginal': 'Esse célebre professor, com notório saber, deve ser comunista kkkkkkkkkkk', 'authorDisplayName': 'Look Five', 'authorProfileImageUrl': 'https://yt3.ggpht.com/ytc/AGIKgqPR5yyV8vdZGVghP8TDhZ9Q7TB1ladqdcuHzA=s48-c-k-c0x00ffffff-no-rj', 'authorChannelUrl': 'http://www.youtube.com/channel/UCQUyRPxOKYqouZMOBJoDp_g', 'authorChannelId': {'value': 'UCQUyRPxOKYqouZMOBJoDp_g'}, 'canRate': True, 'viewerRating': 'none', 'likeCount': 0, 'publishedAt': '2022-10-22T21:00:37Z', 'updatedAt': '2022-10-22T21:00:37Z'}}, 'canReply': True, 'totalReplyCount': 0, 'isPublic': True}",,UCQUyRPxOKYqouZMOBJoDp_g,2022-10-22T21:00:37Z,"Esse célebre professor, com notório saber, deve ser comunista kkkkkkkkkkk",QURTSl9pM1I0Y1I5MkU4U1BEQ293S01wVi1NbHpKVkJnbld2ZFFGZjhkc3RCaXR2WTlSb2R0cmdxVktBU010cE9mQ3ZCWFgxOU4zS0tqWQ==,2023-06-08 15:04:31.190544
youtube#commentThread,i2bjur3azb7G2vOWC8Iy6Wn2Bfc,UgxZ60iLY0qMgUAHMAB4AaABAg,"{'videoId': 'uuh1ydDwwrQ', 'topLevelComment': {'kind': 'youtube#comment', 'etag': 'wbyn5CnjIcSVk_je3drBd1P7Qv0', 'id': 'UgxZ60iLY0qMgUAHMAB4AaABAg', 'snippet': {'videoId': 'uuh1ydDwwrQ', 'textDisplay': 'Interessante como as teorias conspiratórias  estão  se concretizando...', 'textOriginal': 'Interessante como as teorias conspiratórias  estão  se concretizando...', 'authorDisplayName': 'monica mestieri mundell', 'authorProfileImageUrl': 'https://yt3.ggpht.com/ytc/AGIKgqOF2uDDnpggq6ZT79bsjvQsgHkuzR--z2sWkw=s48-c-k-c0x00ffffff-no-rj', 'authorChannelUrl': 'http://www.youtube.com/channel/UCY1Gd3mpeg7t3IOPAEcZI1Q', 'authorChannelId': {'value': 'UCY1Gd3mpeg7t3IOPAEcZI1Q'}, 'canRate': True, 'viewerRating': 'none', 'likeCount': 10, 'publishedAt': '2022-10-22T20:58:29Z', 'updatedAt': '2022-10-22T20:58:29Z'}}, 'canReply': True, 'totalReplyCount': 0, 'isPublic': True}",,UCY1Gd3mpeg7t3IOPAEcZI1Q,2022-10-22T20:58:29Z,Interessante como as teorias conspiratórias  estão  se concretizando...,QURTSl9pM1I0Y1I5MkU4U1BEQ293S01wVi1NbHpKVkJnbld2ZFFGZjhkc3RCaXR2WTlSb2R0cmdxVktBU010cE9mQ3ZCWFgxOU4zS0tqWQ==,2023-06-08 15:04:31.190544
youtube#commentThread,jTCh6gJ78mzQmNIv_zI5vkyIXrs,UgwyHrdlwy8KqI8HroZ4AaABAg,"{'videoId': 'uuh1ydDwwrQ', 'topLevelComment': {'kind': 'youtube#comment', 'etag': 'roSI-hfDBJtJabDypCNDCXZ_dPY', 'id': 'UgwyHrdlwy8KqI8HroZ4AaABAg', 'snippet': {'videoId': 'uuh1ydDwwrQ', 'textDisplay': 'Como disse o sábio Vampeta: &quot;... fingem que pagam e eu finjo do jogo.&quot;', 'textOriginal': 'Como disse o sábio Vampeta: ""... fingem que pagam e eu finjo do jogo.""', 'authorDisplayName': 'Jocélio de Carvalho', 'authorProfileImageUrl': 'https://yt3.ggpht.com/ytc/AGIKgqM8Uly9Vpy9imdWlmN6R__1cIjO6xA7YJ54YUgb=s48-c-k-c0x00ffffff-no-rj', 'authorChannelUrl': 'http://www.youtube.com/channel/UC9i94hasnE9b25jXXzKsWZg', 'authorChannelId': {'value': 'UC9i94hasnE9b25jXXzKsWZg'}, 'canRate': True, 'viewerRating': 'none', 'likeCount': 8, 'publishedAt': '2022-10-22T20:57:33Z', 'updatedAt': '2022-10-22T20:57:33Z'}}, 'canReply': True, 'totalReplyCount': 0, 'isPublic': True}",,UC9i94hasnE9b25jXXzKsWZg,2022-10-22T20:57:33Z,"Como disse o sábio Vampeta: ""... fingem que pagam e eu finjo do jogo.""",QURTSl9pM1I0Y1I5MkU4U1BEQ293S01wVi1NbHpKVkJnbld2ZFFGZjhkc3RCaXR2WTlSb2R0cmdxVktBU010cE9mQ3ZCWFgxOU4zS0tqWQ==,2023-06-08 15:04:31.190544
youtube#commentThread,aT68HmksA-V65lC2-JreKpqfo6s,UgxgnO_vqTXKwgt4axV4AaABAg,"{'videoId': 'uuh1ydDwwrQ', 'topLevelComment': {'kind': 'youtube#comment', 'etag': '_4Y3r5KdUXuFuc0iPlNbE37fhX4', 'id': 'UgxgnO_vqTXKwgt4axV4AaABAg', 'snippet': {'videoId': 'uuh1ydDwwrQ', 'textDisplay': 'ora, era apenas uma saida democrática, igual aqui, onde a Carmem Bruxa decretou.', 'textOriginal': 'ora, era apenas uma saida democrática, igual aqui, onde a Carmem Bruxa decretou.', 'authorDisplayName': 'Wilson Meira', 'authorProfileImageUrl': 'https://yt3.ggpht.com/ytc/AGIKgqMlTdiEueIt_Jy96XUvQmfWl-YeW_YFw5h28g=s48-c-k-c0x00ffffff-no-rj', 'authorChannelUrl': 'http://www.youtube.com/channel/UCU7WKJNFkaTRKbL0f5xXsUw', 'authorChannelId': {'value': 'UCU7WKJNFkaTRKbL0f5xXsUw'}, 'canRate': True, 'viewerRating': 'none', 'likeCount': 1, 'publishedAt': '2022-10-22T20:55:49Z', 'updatedAt': '2022-10-22T20:55:49Z'}}, 'canReply': True, 'totalReplyCount': 0, 'isPublic': True}",,UCU7WKJNFkaTRKbL0f5xXsUw,2022-10-22T20:55:49Z,"ora, era apenas uma saida democrática, igual aqui, onde a Carmem Bruxa decretou.",QURTSl9pM1I0Y1I5MkU4U1BEQ293S01wVi1NbHpKVkJnbld2ZFFGZjhkc3RCaXR2WTlSb2R0cmdxVktBU010cE9mQ3ZCWFgxOU4zS0tqWQ==,2023-06-08 15:04:31.190544
youtube#commentThread,3IgGtt8jUqgyfDU_bv_VXCxMXYw,Ugzx3D-7LfMQdzxIb8d4AaABAg,"{'videoId': 'uuh1ydDwwrQ', 'topLevelComment': {'kind': 'youtube#comment', 'etag': 'N6xBSA-jevrWC04kLxBYfPbbw7I', 'id': 'Ugzx3D-7LfMQdzxIb8d4AaABAg', 'snippet': {'videoId': 'uuh1ydDwwrQ', 'textDisplay': 'MAÁGINA! Não foi nada de mais...<br>Só foi passear ali no muro..', 'textOriginal': 'MAÁGINA! Não foi nada de mais...\\nSó foi passear ali no muro..', 'authorDisplayName': 'Sergio Bellucci', 'authorProfileImageUrl': 'https://yt3.ggpht.com/ytc/AGIKgqNFGubw2B9enyosxrhAaUBzEATST56GXGmeEJv4rA=s48-c-k-c0x00ffffff-no-rj', 'authorChannelUrl': 'http://www.youtube.com/channel/UCEzsIDHTkv2WAxCGkcG-m_w', 'authorChannelId': {'value': 'UCEzsIDHTkv2WAxCGkcG-m_w'}, 'canRate': True, 'viewerRating': 'none', 'likeCount': 5, 'publishedAt': '2022-10-22T20:54:59Z', 'updatedAt': '2022-10-22T20:54:59Z'}}, 'canReply': True, 'totalReplyCount': 0, 'isPublic': True}",,UCEzsIDHTkv2WAxCGkcG-m_w,2022-10-22T20:54:59Z,"MAÁGINA! Não foi nada de mais...
Só foi passear ali no muro..",QURTSl9pM1I0Y1I5MkU4U1BEQ293S01wVi1NbHpKVkJnbld2ZFFGZjhkc3RCaXR2WTlSb2R0cmdxVktBU010cE9mQ3ZCWFgxOU4zS0tqWQ==,2023-06-08 15:04:31.190544
youtube#commentThread,s2sd7UGjAKYZQcn9dwx-OVXOUPc,UgylWHAS7L3PV9fuICd4AaABAg,"{'videoId': 'uuh1ydDwwrQ', 'topLevelComment': {'kind': 'youtube#comment', 'etag': 'PN0tibV9t0M3grx3qV7w4lpE-dI', 'id': 'UgylWHAS7L3PV9fuICd4AaABAg', 'snippet': {'videoId': 'uuh1ydDwwrQ', 'textDisplay': 'Esse  ja  era  falou  alguma  coisa  a  mais  esse  professor  devia  o  subestituir', 'textOriginal': 'Esse  ja  era  falou  alguma  coisa  a  mais  esse  professor  devia  o  subestituir', 'authorDisplayName': 'Dinis Linhares', 'authorProfileImageUrl': 'https://yt3.ggpht.com/ytc/AGIKgqNc-U6b8XgYkr61BupI0z06pf4WSH3oWFnoLw=s48-c-k-c0x00ffffff-no-rj', 'authorChannelUrl': 'http://www.youtube.com/channel/UC0miR9-xg4mU49ZPADuuwrg', 'authorChannelId': {'value': 'UC0miR9-xg4mU49ZPADuuwrg'}, 'canRate': True, 'viewerRating': 'none', 'likeCount': 0, 'publishedAt': '2022-10-22T20:52:01Z', 'updatedAt': '2022-10-22T20:52:01Z'}}, 'canReply': True, 'totalReplyCount': 0, 'isPublic': True}",,UC0miR9-xg4mU49ZPADuuwrg,2022-10-22T20:52:01Z,Esse  ja  era  falou  alguma  coisa  a  mais  esse  professor  devia  o  subestituir,QURTSl9pM1I0Y1I5MkU4U1BEQ293S01wVi1NbHpKVkJnbld2ZFFGZjhkc3RCaXR2WTlSb2R0cmdxVktBU010cE9mQ3ZCWFgxOU4zS0tqWQ==,2023-06-08 15:04:31.190544
youtube#commentThread,fOuj8XDDGTRYWDzYfg66vFpM_qs,UgyT6CpIgAK6W9u9FZd4AaABAg,"{'videoId': 'uuh1ydDwwrQ', 'topLevelComment': {'kind': 'youtube#comment', 'etag': 'T4DgFRbTBPLSaKOegKfXTiaPLPQ', 'id': 'UgyT6CpIgAK6W9u9FZd4AaABAg', 'snippet': {'videoId': 'uuh1ydDwwrQ', 'textDisplay': 'Lembrei dos justiçamentos aqui nos anos de chumbo.', 'textOriginal': 'Lembrei dos justiçamentos aqui nos anos de chumbo.', 'authorDisplayName': 'Odair Oliveira', 'authorProfileImageUrl': 'https://yt3.ggpht.com/ytc/AGIKgqNMI4QjXpPjPj9JF2gDmH59ZLaY7kfzHmjGVHCGlg=s48-c-k-c0x00ffffff-no-rj', 'authorChannelUrl': 'http://www.youtube.com/channel/UCiMhA2yr3Alb0eBKQaIl-pA', 'authorChannelId': {'value': 'UCiMhA2yr3Alb0eBKQaIl-pA'}, 'canRate': True, 'viewerRating': 'none', 'likeCount': 1, 'publishedAt': '2022-10-22T20:50:14Z', 'updatedAt': '2022-10-22T20:50:14Z'}}, 'canReply': True, 'totalReplyCount': 0, 'isPublic': True}",,UCiMhA2yr3Alb0eBKQaIl-pA,2022-10-22T20:50:14Z,Lembrei dos justiçamentos aqui nos anos de chumbo.,QURTSl9pM1I0Y1I5MkU4U1BEQ293S01wVi1NbHpKVkJnbld2ZFFGZjhkc3RCaXR2WTlSb2R0cmdxVktBU010cE9mQ3ZCWFgxOU4zS0tqWQ==,2023-06-08 15:04:31.190544
youtube#commentThread,2wSJuJwjOZeWaNaqROpOP8UVUM8,UgwI2wzfelvW3ckg1A14AaABAg,"{'videoId': 'uuh1ydDwwrQ', 'topLevelComment': {'kind': 'youtube#comment', 'etag': 'pYqIanE6R8sRal6KHnkrqDqwXWM', 'id': 'UgwI2wzfelvW3ckg1A14AaABAg', 'snippet': {'videoId': 'uuh1ydDwwrQ', 'textDisplay': 'Reza a lenda que ele nunca mais foi visto kkk', 'textOriginal': 'Reza a lenda que ele nunca mais foi visto kkk', 'authorDisplayName': 'MOUNTAIN BIKE PROJETOS', 'authorProfileImageUrl': 'https://yt3.ggpht.com/nmOOmjUTyecjteT1Vn2waX2CAwnGf59XPaMQRm2GqseWnssFtYRtVvXmx-81dHYxKMuPUMYL-Zo=s48-c-k-c0x00ffffff-no-rj', 'authorChannelUrl': 'http://www.youtube.com/channel/UCCAxPz2VAPmjqV0CWWYO8jA', 'authorChannelId': {'value': 'UCCAxPz2VAPmjqV0CWWYO8jA'}, 'canRate': True, 'viewerRating': 'none', 'likeCount': 3, 'publishedAt': '2022-10-22T20:49:37Z', 'updatedAt': '2022-10-22T20:49:37Z'}}, 'canReply': True, 'totalReplyCount': 0, 'isPublic': True}",,UCCAxPz2VAPmjqV0CWWYO8jA,2022-10-22T20:49:37Z,Reza a lenda que ele nunca mais foi visto kkk,QURTSl9pM1I0Y1I5MkU4U1BEQ293S01wVi1NbHpKVkJnbld2ZFFGZjhkc3RCaXR2WTlSb2R0cmdxVktBU010cE9mQ3ZCWFgxOU4zS0tqWQ==,2023-06-08 15:04:31.190544
youtube#commentThread,rsxoUuxA3StIMzLmq1CMHOklG90,UgxdQ0Jz4boh3ieGVyV4AaABAg,"{'videoId': 'uuh1ydDwwrQ', 'topLevelComment': {'kind': 'youtube#comment', 'etag': 'xFDmxoUe-xCUE_M1zlIaQpRSBfI', 'id': 'UgxdQ0Jz4boh3ieGVyV4AaABAg', 'snippet': {'videoId': 'uuh1ydDwwrQ', 'textDisplay': 'Não tem nada de teoria da conspiração em enviar mensagens geopoliticas ao público do poder dos outros países. Mensagem: estou poderoso no poder e fazendo os expurgos como vários dos meus antecessores já fizeram. (As pessoas que tinham contato com vocês aqui serão afastadas....)', 'textOriginal': 'Não tem nada de teoria da conspiração em enviar mensagens geopoliticas ao público do poder dos outros países. Mensagem: estou poderoso no poder e fazendo os expurgos como vários dos meus antecessores já fizeram. (As pessoas que tinham contato com vocês aqui serão afastadas....)', 'authorDisplayName': 'DF', 'authorProfileImageUrl': 'https://yt3.ggpht.com/ytc/AGIKgqNrlhF4fbsZwS3wPgOvsEN_-DBKP-C2bYs5l9ku4g=s48-c-k-c0x00ffffff-no-rj', 'authorChannelUrl': 'http://www.youtube.com/channel/UCRlFo8CSxlwIyEhdJ20F-Tw', 'authorChannelId': {'value': 'UCRlFo8CSxlwIyEhdJ20F-Tw'}, 'canRate': True, 'viewerRating': 'none', 'likeCount': 0, 'publishedAt': '2022-10-22T20:48:08Z', 'updatedAt': '2022-10-22T20:48:08Z'}}, 'canReply': True, 'totalReplyCount': 0, 'isPublic': True}",,UCRlFo8CSxlwIyEhdJ20F-Tw,2022-10-22T20:48:08Z,Não tem nada de teoria da conspiração em enviar mensagens geopoliticas ao público do poder dos outros países. Mensagem: estou poderoso no poder e fazendo os expurgos como vários dos meus antecessores já fizeram. (As pessoas que tinham contato com vocês aqui serão afastadas....),QURTSl9pM1I0Y1I5MkU4U1BEQ293S01wVi1NbHpKVkJnbld2ZFFGZjhkc3RCaXR2WTlSb2R0cmdxVktBU010cE9mQ3ZCWFgxOU4zS0tqWQ==,2023-06-08 15:04:31.190544
youtube#commentThread,QZAeRh5bmXzBPZQNmRljR3Ah0cQ,UgyUT5BESiF2Czy81qZ4AaABAg,"{'videoId': 'uuh1ydDwwrQ', 'topLevelComment': {'kind': 'youtube#comment', 'etag': '_MzzZ50MU1U01wmcZrGH118Lt4U', 'id': 'UgyUT5BESiF2Czy81qZ4AaABAg', 'snippet': {'videoId': 'uuh1ydDwwrQ', 'textDisplay': 'EXPURGO. Vai prá vala rasa.', 'textOriginal': 'EXPURGO. Vai prá vala rasa.', 'authorDisplayName': 'ROCKINRIOFSA', 'authorProfileImageUrl': 'https://yt3.ggpht.com/ytc/AGIKgqMQ1fC4J5AHdDUWw66nueiVbU66Fm-IEd74jQ=s48-c-k-c0x00ffffff-no-rj', 'authorChannelUrl': 'http://www.youtube.com/channel/UC3MTEs1yqxxOYB0o-GFz3Sg', 'authorChannelId': {'value': 'UC3MTEs1yqxxOYB0o-GFz3Sg'}, 'canRate': True, 'viewerRating': 'none', 'likeCount': 0, 'publishedAt': '2022-10-22T20:47:34Z', 'updatedAt': '2022-10-22T20:47:34Z'}}, 'canReply': True, 'totalReplyCount': 0, 'isPublic': True}",,UC3MTEs1yqxxOYB0o-GFz3Sg,2022-10-22T20:47:34Z,EXPURGO. Vai prá vala rasa.,QURTSl9pM1I0Y1I5MkU4U1BEQ293S01wVi1NbHpKVkJnbld2ZFFGZjhkc3RCaXR2WTlSb2R0cmdxVktBU010cE9mQ3ZCWFgxOU4zS0tqWQ==,2023-06-08 15:04:31.190544
youtube#commentThread,xB8DocXk1qM5fzdAl_yotnosryE,UgzjBgkd0IWpBGOq9Bh4AaABAg,"{'videoId': 'uuh1ydDwwrQ', 'topLevelComment': {'kind': 'youtube#comment', 'etag': 'jNnrLcUSQL1qDTMdFppriVyTDmc', 'id': 'UgzjBgkd0IWpBGOq9Bh4AaABAg', 'snippet': {'videoId': 'uuh1ydDwwrQ', 'textDisplay': 'China ficou fechada para o mundo durante 2 semanas. O embate era Ping soberanista/BRICS/destruição do dólar sem lastro contra o PCC/globalista/URSAL, que comprou meia S.Paulo do calcinha apertada. Ping ganhou e, junto a Putin, Bolsonaro, Índia e Turquia (a lista vai crescer rapidamente) aproveitar a fraqueza do gagá Bidê para, juntos, transferirem o eixo do poder mundial para o Oriente. Não sabia, professor? ACORDE PRA CUSPIR!', 'textOriginal': 'China ficou fechada para o mundo durante 2 semanas. O embate era Ping soberanista/BRICS/destruição do dólar sem lastro contra o PCC/globalista/URSAL, que comprou meia S.Paulo do calcinha apertada. Ping ganhou e, junto a Putin, Bolsonaro, Índia e Turquia (a lista vai crescer rapidamente) aproveitar a fraqueza do gagá Bidê para, juntos, transferirem o eixo do poder mundial para o Oriente. Não sabia, professor? ACORDE PRA CUSPIR!', 'authorDisplayName': 'Bachvermeer', 'authorProfileImageUrl': 'https://yt3.ggpht.com/ytc/AGIKgqMR7kN_JVOlBU8T5AswJqVsTNo-78f1hDQn4L3erYWm0yyek71sgMuPFbyXdbC9=s48-c-k-c0x00ffffff-no-rj', 'authorChannelUrl': 'http://www.youtube.com/channel/UCz_p2KMUCP_0vFScAkmQeAQ', 'authorChannelId': {'value': 'UCz_p2KMUCP_0vFScAkmQeAQ'}, 'canRate': True, 'viewerRating': 'none', 'likeCount': 0, 'publishedAt': '2022-10-22T20:47:00Z', 'updatedAt': '2022-10-22T20:47:00Z'}}, 'canReply': True, 'totalReplyCount': 0, 'isPublic': True}",,UCz_p2KMUCP_0vFScAkmQeAQ,2022-10-22T20:47:00Z,"China ficou fechada para o mundo durante 2 semanas. O embate era Ping soberanista/BRICS/destruição do dólar sem lastro contra o PCC/globalista/URSAL, que comprou meia S.Paulo do calcinha apertada. Ping ganhou e, junto a Putin, Bolsonaro, Índia e Turquia (a lista vai crescer rapidamente) aproveitar a fraqueza do gagá Bidê para, juntos, transferirem o eixo do poder mundial para o Oriente. Não sabia, professor? ACORDE PRA CUSPIR!",QURTSl9pM1I0Y1I5MkU4U1BEQ293S01wVi1NbHpKVkJnbld2ZFFGZjhkc3RCaXR2WTlSb2R0cmdxVktBU010cE9mQ3ZCWFgxOU4zS0tqWQ==,2023-06-08 15:04:31.190544
youtube#commentThread,jAkfCtiuPsEo5Wojfhn-pIbonwU,UgxiITWUM8sfUvf1oAx4AaABAg,"{'videoId': 'uuh1ydDwwrQ', 'topLevelComment': {'kind': 'youtube#comment', 'etag': '9l9srCVuRMXK0Ck7p9v0na-N9vY', 'id': 'UgxiITWUM8sfUvf1oAx4AaABAg', 'snippet': {'videoId': 'uuh1ydDwwrQ', 'textDisplay': 'A CHINA É UMA DEMOCRACIA DEVE ESTAR TUDO BEM 😃', 'textOriginal': 'A CHINA É UMA DEMOCRACIA DEVE ESTAR TUDO BEM 😃', 'authorDisplayName': 'MOISÉS FERREIRA', 'authorProfileImageUrl': 'https://yt3.ggpht.com/ytc/AGIKgqOlafYImZiXBXIGk4zyTkEToF59opE1lypTDZ0O=s48-c-k-c0x00ffffff-no-rj', 'authorChannelUrl': 'http://www.youtube.com/channel/UCEbRrjp-BxGWWwlsIQM86MA', 'authorChannelId': {'value': 'UCEbRrjp-BxGWWwlsIQM86MA'}, 'canRate': True, 'viewerRating': 'none', 'likeCount': 1, 'publishedAt': '2022-10-22T20:46:50Z', 'updatedAt': '2022-10-22T20:46:50Z'}}, 'canReply': True, 'totalReplyCount': 0, 'isPublic': True}",,UCEbRrjp-BxGWWwlsIQM86MA,2022-10-22T20:46:50Z,A CHINA É UMA DEMOCRACIA DEVE ESTAR TUDO BEM 😃,QURTSl9pM1I0Y1I5MkU4U1BEQ293S01wVi1NbHpKVkJnbld2ZFFGZjhkc3RCaXR2WTlSb2R0cmdxVktBU010cE9mQ3ZCWFgxOU4zS0tqWQ==,2023-06-08 15:04:31.190544
youtube#commentThread,lqDSTrhYFfW1ha4mqMKiUFOiXgg,UgxBoItv9RmZFIcm3wB4AaABAg,"{'videoId': 'uuh1ydDwwrQ', 'topLevelComment': {'kind': 'youtube#comment', 'etag': 'svvfCsZsPb_Y-Pg5vnWXir_V2PY', 'id': 'UgxBoItv9RmZFIcm3wB4AaABAg', 'snippet': {'videoId': 'uuh1ydDwwrQ', 'textDisplay': 'A China tem sua soberania. <br>Não fica dando pitaco nas questões do Brasil. Não fica levando a democracia pelo mundo. Tem sua política, sua cultura, são de fato conservadores e tradicionalistas. Não são palhaços que fingem ser conservadores como há tantos aqui no Brasil.', 'textOriginal': 'A China tem sua soberania. \\nNão fica dando pitaco nas questões do Brasil. Não fica levando a democracia pelo mundo. Tem sua política, sua cultura, são de fato conservadores e tradicionalistas. Não são palhaços que fingem ser conservadores como há tantos aqui no Brasil.', 'authorDisplayName': 'Kaique Cruz', 'authorProfileImageUrl': 'https://yt3.ggpht.com/ytc/AGIKgqNlYsi8oa35gx5XbcKAUQKzdUCxq7DFcwsz8SLpCA=s48-c-k-c0x00ffffff-no-rj', 'authorChannelUrl': 'http://www.youtube.com/channel/UCpmbMREVFY3MnzPK7L7a-WA', 'authorChannelId': {'value': 'UCpmbMREVFY3MnzPK7L7a-WA'}, 'canRate': True, 'viewerRating': 'none', 'likeCount': 0, 'publishedAt': '2022-10-22T20:46:38Z', 'updatedAt': '2022-10-22T20:46:38Z'}}, 'canReply': True, 'totalReplyCount': 6, 'isPublic': True}","{'comments': [{'kind': 'youtube#comment', 'etag': '3mEwVVz1SwSSBUfAaElrmdrAH4I', 'id': 'UgxBoItv9RmZFIcm3wB4AaABAg.9hVQR1AT7Mp9hY8Xq6vHzr', 'snippet': {'videoId': 'uuh1ydDwwrQ', 'textDisplay': '@Lúcia Cruz Rodrigues <br>Maravilhosa explicação Lúcia.', 'textOriginal': '@Lúcia Cruz Rodrigues \\nMaravilhosa explicação Lúcia.', 'parentId': 'UgxBoItv9RmZFIcm3wB4AaABAg', 'authorDisplayName': 'Kaique Cruz', 'authorProfileImageUrl': 'https://yt3.ggpht.com/ytc/AGIKgqNlYsi8oa35gx5XbcKAUQKzdUCxq7DFcwsz8SLpCA=s48-c-k-c0x00ffffff-no-rj', 'authorChannelUrl': 'http://www.youtube.com/channel/UCpmbMREVFY3MnzPK7L7a-WA', 'authorChannelId': {'value': 'UCpmbMREVFY3MnzPK7L7a-WA'}, 'canRate': True, 'viewerRating': 'none', 'likeCount': 0, 'publishedAt': '2022-10-23T22:08:00Z', 'updatedAt': '2022-10-23T22:08:00Z'}}, {'kind': 'youtube#comment', 'etag': 'SB7kLeaXweufHz44PJE56rs18G4', 'id': 'UgxBoItv9RmZFIcm3wB4AaABAg.9hVQR1AT7Mp9hY88BmRP-G', 'snippet': {'videoId': 'uuh1ydDwwrQ', 'textDisplay': '@Kaique Cruz vc disse SIM: não fica levando a democracia...acontece que a China não ê  uma democracia,  e sim uma ditadura comunista!! Abriu as portas do comércio,  é  claro, como que iam sustentar 2 bilhões de pessoas com o comércio fechado?? Mas são comunistas nos ideais, são contra qualquer tipo de religião e o Estado ê  totalitário...igual o que o ex presidiário deseja fazer aqui..', 'textOriginal': '@Kaique Cruz vc disse SIM: não fica levando a democracia...acontece que a China não ê  uma democracia,  e sim uma ditadura comunista!! Abriu as portas do comércio,  é  claro, como que iam sustentar 2 bilhões de pessoas com o comércio fechado?? Mas são comunistas nos ideais, são contra qualquer tipo de religião e o Estado ê  totalitário...igual o que o ex presidiário deseja fazer aqui..', 'parentId': 'UgxBoItv9RmZFIcm3wB4AaABAg', 'authorDisplayName': 'Lúcia Cruz Rodrigues', 'authorProfileImageUrl': 'https://yt3.ggpht.com/ytc/AGIKgqOyHlMMZAdTW47_suNnb6y1SnIov29-TEgjGGhgHw=s48-c-k-c0x00ffffff-no-rj', 'authorChannelUrl': 'http://www.youtube.com/channel/UCG_Jct19Ew3cIiheXnP80kA', 'authorChannelId': {'value': 'UCG_Jct19Ew3cIiheXnP80kA'}, 'canRate': True, 'viewerRating': 'none', 'likeCount': 0, 'publishedAt': '2022-10-23T22:04:30Z', 'updatedAt': '2022-10-23T22:04:30Z'}}, {'kind': 'youtube#comment', 'etag': 'og94RJGxYDO9v1NDPNKO7sbDcAU', 'id': 'UgxBoItv9RmZFIcm3wB4AaABAg.9hVQR1AT7Mp9hWnbI1AuAi', 'snippet': {'videoId': 'uuh1ydDwwrQ', 'textDisplay': 'Vdd  Kaique...Existe uma desconsideração com a Cultura Chinesa, que é  propagada, talvez intencionalmente, por uma Mídia que está sendo desmascarada...Precisamos reavaliar nossa Opinião sobre a China. São nossos principais clientes e não andam &quot;invadindo&quot; outras Nações a título de implantarem uma Democracia, o q se tem mostrado apenas desculpa para aumentar os seus domínios! Precisamos reaprender a interpretar TODAS  as notícias q nos chegam...', 'textOriginal': 'Vdd  Kaique...Existe uma desconsideração com a Cultura Chinesa, que é  propagada, talvez intencionalmente, por uma Mídia que está sendo desmascarada...Precisamos reavaliar nossa Opinião sobre a China. São nossos principais clientes e não andam ""invadindo"" outras Nações a título de implantarem uma Democracia, o q se tem mostrado apenas desculpa para aumentar os seus domínios! Precisamos reaprender a interpretar TODAS  as notícias q nos chegam...', 'parentId': 'UgxBoItv9RmZFIcm3wB4AaABAg', 'authorDisplayName': 'Maria luisa Fernandes lima', 'authorProfileImageUrl': 'https://yt3.ggpht.com/ytc/AGIKgqP_LORF4m7CKXs-xYtWs-_YPrgfWquGenapZA=s48-c-k-c0x00ffffff-no-rj', 'authorChannelUrl': 'http://www.youtube.com/channel/UC06QWyUhKD809Y2VcphITaw', 'authorChannelId': {'value': 'UC06QWyUhKD809Y2VcphITaw'}, 'canRate': True, 'viewerRating': 'none', 'likeCount': 0, 'publishedAt': '2022-10-23T09:37:07Z', 'updatedAt': '2022-10-23T09:37:07Z'}}, {'kind': 'youtube#comment', 'etag': 'SsevVYM-mQST0F37leN5BQJpOPg', 'id': 'UgxBoItv9RmZFIcm3wB4AaABAg.9hVQR1AT7Mp9hWk0eZzGT0', 'snippet': {'videoId': 'uuh1ydDwwrQ', 'textDisplay': '@Marcos Vinicius Pereira Nunes e onde eu disse que ela não influencia ninguém ? <br>Isso que dá não ler direito kkkkkkkk', 'textOriginal': '@Marcos Vinicius Pereira Nunes e onde eu disse que ela não influencia ninguém ? \\nIsso que dá não ler direito kkkkkkkk', 'parentId': 'UgxBoItv9RmZFIcm3wB4AaABAg', 'authorDisplayName': 'Kaique Cruz', 'authorProfileImageUrl': 'https://yt3.ggpht.com/ytc/AGIKgqNlYsi8oa35gx5XbcKAUQKzdUCxq7DFcwsz8SLpCA=s48-c-k-c0x00ffffff-no-rj', 'authorChannelUrl': 'http://www.youtube.com/channel/UCpmbMREVFY3MnzPK7L7a-WA', 'authorChannelId': {'value': 'UCpmbMREVFY3MnzPK7L7a-WA'}, 'canRate': True, 'viewerRating': 'none', 'likeCount': 0, 'publishedAt': '2022-10-23T09:05:46Z', 'updatedAt': '2022-10-23T09:05:46Z'}}, {'kind': 'youtube#comment', 'etag': 'Y30LeL4G0oDvw_jHagN8bDcHqsU', 'id': 'UgxBoItv9RmZFIcm3wB4AaABAg.9hVQR1AT7Mp9hWMNky-T4G', 'snippet': {'videoId': 'uuh1ydDwwrQ', 'textDisplay': 'Se ela se preocupa apenas com ela e não influencia ninguém pq defende a Coreia do Norte?', 'textOriginal': 'Se ela se preocupa apenas com ela e não influencia ninguém pq defende a Coreia do Norte?', 'parentId': 'UgxBoItv9RmZFIcm3wB4AaABAg', 'authorDisplayName': 'Marcos Vinicius Pereira Nunes', 'authorProfileImageUrl': 'https://yt3.ggpht.com/ytc/AGIKgqNwHoLaYtbTSkmI9J-sh4U5dPQkQmIEhb5Tiw=s48-c-k-c0x00ffffff-no-rj', 'authorChannelUrl': 'http://www.youtube.com/channel/UCflqUWsGgx5XT8Agk0VPyVQ', 'authorChannelId': {'value': 'UCflqUWsGgx5XT8Agk0VPyVQ'}, 'canRate': True, 'viewerRating': 'none', 'likeCount': 2, 'publishedAt': '2022-10-23T05:30:28Z', 'updatedAt': '2022-10-23T05:30:28Z'}}]}",UCpmbMREVFY3MnzPK7L7a-WA,2022-10-22T20:46:38Z,"A China tem sua soberania. 
Não fica dando pitaco nas questões do Brasil. Não fica levando a democracia pelo mundo. Tem sua política, sua cultura, são de fato conservadores e tradicionalistas. Não são palhaços que fingem ser conservadores como há tantos aqui no Brasil.",QURTSl9pM1I0Y1I5MkU4U1BEQ293S01wVi1NbHpKVkJnbld2ZFFGZjhkc3RCaXR2WTlSb2R0cmdxVktBU010cE9mQ3ZCWFgxOU4zS0tqWQ==,2023-06-08 15:04:31.190544
youtube#commentThread,obDa8Kop5-BVUbBqDHruk0iHgxQ,UgyVAvpznH6i8IzE5KV4AaABAg,"{'videoId': 'uuh1ydDwwrQ', 'topLevelComment': {'kind': 'youtube#comment', 'etag': 'aWuvZzUL7kuuB1hTONiJgvFatZc', 'id': 'UgyVAvpznH6i8IzE5KV4AaABAg', 'snippet': {'videoId': 'uuh1ydDwwrQ', 'textDisplay': 'PT chinês é isso... Brasil que se cuide.', 'textOriginal': 'PT chinês é isso... Brasil que se cuide.', 'authorDisplayName': 'Ana Luiza', 'authorProfileImageUrl': 'https://yt3.ggpht.com/ytc/AGIKgqORz3uo4pu4p3V2l2Av5Zvz7kEPQhpTB4mM8OXeNg=s48-c-k-c0x00ffffff-no-rj', 'authorChannelUrl': 'http://www.youtube.com/channel/UC73Bi9FPAzl3wfsCIsxyJ3A', 'authorChannelId': {'value': 'UC73Bi9FPAzl3wfsCIsxyJ3A'}, 'canRate': True, 'viewerRating': 'none', 'likeCount': 0, 'publishedAt': '2022-10-22T20:45:30Z', 'updatedAt': '2022-10-22T20:45:30Z'}}, 'canReply': True, 'totalReplyCount': 0, 'isPublic': True}",,UC73Bi9FPAzl3wfsCIsxyJ3A,2022-10-22T20:45:30Z,PT chinês é isso... Brasil que se cuide.,QURTSl9pM1I0Y1I5MkU4U1BEQ293S01wVi1NbHpKVkJnbld2ZFFGZjhkc3RCaXR2WTlSb2R0cmdxVktBU010cE9mQ3ZCWFgxOU4zS0tqWQ==,2023-06-08 15:04:31.190544
youtube#commentThread,QmpePxA-aA9zMxVXLFapk8eWBpA,UgyyDvUN2n4Vzkz8mHN4AaABAg,"{'videoId': 'uuh1ydDwwrQ', 'topLevelComment': {'kind': 'youtube#comment', 'etag': 'jY0X8RPdI_0xraVP99hCroGqoB8', 'id': 'UgyyDvUN2n4Vzkz8mHN4AaABAg', 'snippet': {'videoId': 'uuh1ydDwwrQ', 'textDisplay': 'Será que vai ser preso? Sei lá,sei não...', 'textOriginal': 'Será que vai ser preso? Sei lá,sei não...', 'authorDisplayName': 'Feliciano Senna', 'authorProfileImageUrl': 'https://yt3.ggpht.com/ytc/AGIKgqNQ_9f6FJm5MRcNSAu65N5AqBC20-zCdNPPww=s48-c-k-c0x00ffffff-no-rj', 'authorChannelUrl': 'http://www.youtube.com/channel/UCIczdgOWgfwL3XBPVEespfg', 'authorChannelId': {'value': 'UCIczdgOWgfwL3XBPVEespfg'}, 'canRate': True, 'viewerRating': 'none', 'likeCount': 0, 'publishedAt': '2022-10-22T20:43:56Z', 'updatedAt': '2022-10-22T20:43:56Z'}}, 'canReply': True, 'totalReplyCount': 0, 'isPublic': True}",,UCIczdgOWgfwL3XBPVEespfg,2022-10-22T20:43:56Z,"Será que vai ser preso? Sei lá,sei não...",QURTSl9pM1I0Y1I5MkU4U1BEQ293S01wVi1NbHpKVkJnbld2ZFFGZjhkc3RCaXR2WTlSb2R0cmdxVktBU010cE9mQ3ZCWFgxOU4zS0tqWQ==,2023-06-08 15:04:31.190544
youtube#commentThread,QN2aZhwliHz-Um3R4IHfEabpgTg,UgyALt2_yF3kbZCCNQx4AaABAg,"{'videoId': 'uuh1ydDwwrQ', 'topLevelComment': {'kind': 'youtube#comment', 'etag': 'mj7MCBTWmeN2zZKAyFvmIK-1BCY', 'id': 'UgyALt2_yF3kbZCCNQx4AaABAg', 'snippet': {'videoId': 'uuh1ydDwwrQ', 'textDisplay': 'Esses analistas, no geral, aprofundam muito pouco os assuntos. Só estudar a história e a resposta está ali. Na China há brigas de facções políticas e os grupos vencedores que continuam no poder. É sempre a mesma coisa. Vejam também canais como Arte da Guerra, Cmte. Robinson Farinazzo.', 'textOriginal': 'Esses analistas, no geral, aprofundam muito pouco os assuntos. Só estudar a história e a resposta está ali. Na China há brigas de facções políticas e os grupos vencedores que continuam no poder. É sempre a mesma coisa. Vejam também canais como Arte da Guerra, Cmte. Robinson Farinazzo.', 'authorDisplayName': 'DF', 'authorProfileImageUrl': 'https://yt3.ggpht.com/ytc/AGIKgqNrlhF4fbsZwS3wPgOvsEN_-DBKP-C2bYs5l9ku4g=s48-c-k-c0x00ffffff-no-rj', 'authorChannelUrl': 'http://www.youtube.com/channel/UCRlFo8CSxlwIyEhdJ20F-Tw', 'authorChannelId': {'value': 'UCRlFo8CSxlwIyEhdJ20F-Tw'}, 'canRate': True, 'viewerRating': 'none', 'likeCount': 3, 'publishedAt': '2022-10-22T20:43:27Z', 'updatedAt': '2022-10-22T20:43:27Z'}}, 'canReply': True, 'totalReplyCount': 2, 'isPublic': True}","{'comments': [{'kind': 'youtube#comment', 'etag': 'gzeaioZyedcsfj0PHOP1UxU7__I', 'id': 'UgyALt2_yF3kbZCCNQx4AaABAg.9hVQ3hlu4M79hVuHa3zCPI', 'snippet': {'videoId': 'uuh1ydDwwrQ', 'textDisplay': 'Os EUA está caindo, mas não está no bico do urubu, assim como a China está subindo, mas está longe da vanguarda. provavelmente será a China a desbancar os EUA, mas até isso acontecer muita água vai passar debaixo dessa ponte . Problema do Farinazzo é q se o assunto for EUA X China o cara fica emocionado. A economia americana ainda tem muito fôlego e a musculatura militar ainda está muito a frente em tecnologia. Ele falou da indústria de semicondutores, mas é sabido que Taiwan tem um nível de especialização nesse seguimento em torno de 30 anos a frente de qualquer outro país, então não será logo ali na esquina que a China vai deixar de depender disso. A situação é bem mais complexa.', 'textOriginal': 'Os EUA está caindo, mas não está no bico do urubu, assim como a China está subindo, mas está longe da vanguarda. provavelmente será a China a desbancar os EUA, mas até isso acontecer muita água vai passar debaixo dessa ponte . Problema do Farinazzo é q se o assunto for EUA X China o cara fica emocionado. A economia americana ainda tem muito fôlego e a musculatura militar ainda está muito a frente em tecnologia. Ele falou da indústria de semicondutores, mas é sabido que Taiwan tem um nível de especialização nesse seguimento em torno de 30 anos a frente de qualquer outro país, então não será logo ali na esquina que a China vai deixar de depender disso. A situação é bem mais complexa.', 'parentId': 'UgyALt2_yF3kbZCCNQx4AaABAg', 'authorDisplayName': 'F Souza', 'authorProfileImageUrl': 'https://yt3.ggpht.com/ytc/AGIKgqMUP3TtX8aTPOTctiRKcqn8XH-ulJtjqT28hRKq5w=s48-c-k-c0x00ffffff-no-rj', 'authorChannelUrl': 'http://www.youtube.com/channel/UCV_62VWFsrDT15vVH2luVeg', 'authorChannelId': {'value': 'UCV_62VWFsrDT15vVH2luVeg'}, 'canRate': True, 'viewerRating': 'none', 'likeCount': 2, 'publishedAt': '2022-10-23T01:16:13Z', 'updatedAt': '2022-10-23T01:16:13Z'}}, {'kind': 'youtube#comment', 'etag': 'WE2tyF8EFaFXWg2N7rbsB5ztNxc', 'id': 'UgyALt2_yF3kbZCCNQx4AaABAg.9hVQ3hlu4M79hVtEr2Y_r-', 'snippet': {'videoId': 'uuh1ydDwwrQ', 'textDisplay': 'Farinazzo é um ótimo analista militar, mas quando se trata de geopolítica, o ódio q ele tem pelos americanos cega tudo. Eu tbm não gosto do imperialismo Yankee, é tão perigoso quanto a influência chinesa, mas já tá com uns 10 anos que o cara diz que o império americano agora vai ruir. Todo mundo sabe q um dia todos caem, isso é um fato, mas não é assim da noite para o dia. Hj ele já andava dizendo pra gente se preparar pro novo mundo chinês hahahaha. Desse jeito do farinazzo eu tbm prevejo que o sol irá desaparecer. Kkkkkkkkkk', 'textOriginal': 'Farinazzo é um ótimo analista militar, mas quando se trata de geopolítica, o ódio q ele tem pelos americanos cega tudo. Eu tbm não gosto do imperialismo Yankee, é tão perigoso quanto a influência chinesa, mas já tá com uns 10 anos que o cara diz que o império americano agora vai ruir. Todo mundo sabe q um dia todos caem, isso é um fato, mas não é assim da noite para o dia. Hj ele já andava dizendo pra gente se preparar pro novo mundo chinês hahahaha. Desse jeito do farinazzo eu tbm prevejo que o sol irá desaparecer. Kkkkkkkkkk', 'parentId': 'UgyALt2_yF3kbZCCNQx4AaABAg', 'authorDisplayName': 'F Souza', 'authorProfileImageUrl': 'https://yt3.ggpht.com/ytc/AGIKgqMUP3TtX8aTPOTctiRKcqn8XH-ulJtjqT28hRKq5w=s48-c-k-c0x00ffffff-no-rj', 'authorChannelUrl': 'http://www.youtube.com/channel/UCV_62VWFsrDT15vVH2luVeg', 'authorChannelId': {'value': 'UCV_62VWFsrDT15vVH2luVeg'}, 'canRate': True, 'viewerRating': 'none', 'likeCount': 2, 'publishedAt': '2022-10-23T01:07:07Z', 'updatedAt': '2022-10-23T01:07:07Z'}}]}",UCRlFo8CSxlwIyEhdJ20F-Tw,2022-10-22T20:43:27Z,"Esses analistas, no geral, aprofundam muito pouco os assuntos. Só estudar a história e a resposta está ali. Na China há brigas de facções políticas e os grupos vencedores que continuam no poder. É sempre a mesma coisa. Vejam também canais como Arte da Guerra, Cmte. Robinson Farinazzo.",QURTSl9pM1I0Y1I5MkU4U1BEQ293S01wVi1NbHpKVkJnbld2ZFFGZjhkc3RCaXR2WTlSb2R0cmdxVktBU010cE9mQ3ZCWFgxOU4zS0tqWQ==,2023-06-08 15:04:31.190544
youtube#commentThread,pBFekp-tu2KkMlQ-VIZoxMMLbM4,UgzgvlnQU0wGgQNj8Ip4AaABAg,"{'videoId': 'uuh1ydDwwrQ', 'topLevelComment': {'kind': 'youtube#comment', 'etag': 'WzwopH4NglIK0PoasWFza65xy-k', 'id': 'UgzgvlnQU0wGgQNj8Ip4AaABAg', 'snippet': {'videoId': 'uuh1ydDwwrQ', 'textDisplay': 'Acho que ele tava sem inglesso.', 'textOriginal': 'Acho que ele tava sem inglesso.', 'authorDisplayName': 'Paulo Gomes', 'authorProfileImageUrl': 'https://yt3.ggpht.com/64R1Q40i-EWhoArc_xJ0C_Ckvdzy3n3UFtbA7aCuqsUz-2CMznOSWQh5D7H2talshEO5YAwDBQ=s48-c-k-c0x00ffffff-no-rj', 'authorChannelUrl': 'http://www.youtube.com/channel/UCpWeJD3-M8LSTagTcXz9cCw', 'authorChannelId': {'value': 'UCpWeJD3-M8LSTagTcXz9cCw'}, 'canRate': True, 'viewerRating': 'none', 'likeCount': 1, 'publishedAt': '2022-10-22T20:43:11Z', 'updatedAt': '2022-10-22T20:43:11Z'}}, 'canReply': True, 'totalReplyCount': 0, 'isPublic': True}",,UCpWeJD3-M8LSTagTcXz9cCw,2022-10-22T20:43:11Z,Acho que ele tava sem inglesso.,QURTSl9pM1I0Y1I5MkU4U1BEQ293S01wVi1NbHpKVkJnbld2ZFFGZjhkc3RCaXR2WTlSb2R0cmdxVktBU010cE9mQ3ZCWFgxOU4zS0tqWQ==,2023-06-08 15:04:31.190544
youtube#commentThread,2ZsRcLqEKZxs-muCt4dRALZM1m4,UgwgNaH-3LBOCSsIi7l4AaABAg,"{'videoId': 'uuh1ydDwwrQ', 'topLevelComment': {'kind': 'youtube#comment', 'etag': 'NNQqMBJS5dilybuNzwbLpXwI8ak', 'id': 'UgwgNaH-3LBOCSsIi7l4AaABAg', 'snippet': {'videoId': 'uuh1ydDwwrQ', 'textDisplay': 'Lula é ladrão ladrão ladrão ladrão ladrão', 'textOriginal': 'Lula é ladrão ladrão ladrão ladrão ladrão', 'authorDisplayName': 'jose Nacimento Xavier', 'authorProfileImageUrl': 'https://yt3.ggpht.com/ytc/AGIKgqOwPnteAN-j8osb7dvepWJ34vVcV6DpQzeL3A=s48-c-k-c0x00ffffff-no-rj', 'authorChannelUrl': 'http://www.youtube.com/channel/UCqQxzhi0e1KZ_bXgFAQZ1Cw', 'authorChannelId': {'value': 'UCqQxzhi0e1KZ_bXgFAQZ1Cw'}, 'canRate': True, 'viewerRating': 'none', 'likeCount': 0, 'publishedAt': '2022-10-22T20:42:00Z', 'updatedAt': '2022-10-22T20:42:00Z'}}, 'canReply': True, 'totalReplyCount': 0, 'isPublic': True}",,UCqQxzhi0e1KZ_bXgFAQZ1Cw,2022-10-22T20:42:00Z,Lula é ladrão ladrão ladrão ladrão ladrão,QURTSl9pM1I0Y1I5MkU4U1BEQ293S01wVi1NbHpKVkJnbld2ZFFGZjhkc3RCaXR2WTlSb2R0cmdxVktBU010cE9mQ3ZCWFgxOU4zS0tqWQ==,2023-06-08 15:04:31.190544
youtube#commentThread,MqoaYCPAkIvW4rgZfEZD1aoT2cI,Ugyd4mZRYR_lbC96oSd4AaABAg,"{'videoId': 'uuh1ydDwwrQ', 'topLevelComment': {'kind': 'youtube#comment', 'etag': '-beY8iiJ7bim25pCHFzhZ8eiIIo', 'id': 'Ugyd4mZRYR_lbC96oSd4AaABAg', 'snippet': {'videoId': 'uuh1ydDwwrQ', 'textDisplay': 'EU ESTOU COM O STF POR UM FIU E COM O LULADRAO LOGO ELES ROLAM', 'textOriginal': 'EU ESTOU COM O STF POR UM FIU E COM O LULADRAO LOGO ELES ROLAM', 'authorDisplayName': 'Olivio paliosa', 'authorProfileImageUrl': 'https://yt3.ggpht.com/ytc/AGIKgqPy5np6hMXZrCPPSXMf2PRyhhbS9t_68ERAOfCPSpdud2M777AewQywXAzSAt_Q=s48-c-k-c0x00ffffff-no-rj', 'authorChannelUrl': 'http://www.youtube.com/channel/UCAvX-hBb8VX_fyEnTfo_ieg', 'authorChannelId': {'value': 'UCAvX-hBb8VX_fyEnTfo_ieg'}, 'canRate': True, 'viewerRating': 'none', 'likeCount': 0, 'publishedAt': '2022-10-22T20:41:52Z', 'updatedAt': '2022-10-22T20:41:52Z'}}, 'canReply': True, 'totalReplyCount': 0, 'isPublic': True}",,UCAvX-hBb8VX_fyEnTfo_ieg,2022-10-22T20:41:52Z,EU ESTOU COM O STF POR UM FIU E COM O LULADRAO LOGO ELES ROLAM,QURTSl9pM1I0Y1I5MkU4U1BEQ293S01wVi1NbHpKVkJnbld2ZFFGZjhkc3RCaXR2WTlSb2R0cmdxVktBU010cE9mQ3ZCWFgxOU4zS0tqWQ==,2023-06-08 15:04:31.190544
youtube#commentThread,EYxpZDGoWer8fqqO0TrdtKylnI4,UgwbfatLoYxEWX5UQfl4AaABAg,"{'videoId': 'uuh1ydDwwrQ', 'topLevelComment': {'kind': 'youtube#comment', 'etag': '3dRFCteDb3Ioxyf4jlMkw1rAo1w', 'id': 'UgwbfatLoYxEWX5UQfl4AaABAg', 'snippet': {'videoId': 'uuh1ydDwwrQ', 'textDisplay': 'Abaixo a censura!!! Viva a liberdade!!!', 'textOriginal': 'Abaixo a censura!!! Viva a liberdade!!!', 'authorDisplayName': 'h martinelli', 'authorProfileImageUrl': 'https://yt3.ggpht.com/ytc/AGIKgqNOGESd5t_0T1xREauP7kjF_1a2eAktVhocAnC1OSw=s48-c-k-c0x00ffffff-no-rj', 'authorChannelUrl': 'http://www.youtube.com/channel/UC4MIjI-kl9_5tK-TZru_MLg', 'authorChannelId': {'value': 'UC4MIjI-kl9_5tK-TZru_MLg'}, 'canRate': True, 'viewerRating': 'none', 'likeCount': 0, 'publishedAt': '2022-10-22T20:40:59Z', 'updatedAt': '2022-10-22T20:40:59Z'}}, 'canReply': True, 'totalReplyCount': 0, 'isPublic': True}",,UC4MIjI-kl9_5tK-TZru_MLg,2022-10-22T20:40:59Z,Abaixo a censura!!! Viva a liberdade!!!,QURTSl9pM1I0Y1I5MkU4U1BEQ293S01wVi1NbHpKVkJnbld2ZFFGZjhkc3RCaXR2WTlSb2R0cmdxVktBU010cE9mQ3ZCWFgxOU4zS0tqWQ==,2023-06-08 15:04:31.190544
youtube#commentThread,mkcZ1EZiVTD7_a-Nm-z8LphzEoo,UgwogdbZAYohTd5Ng5Z4AaABAg,"{'videoId': 'uuh1ydDwwrQ', 'topLevelComment': {'kind': 'youtube#comment', 'etag': 'Rr_tw-b8IAD4zA1e3UhQ4AsC1U8', 'id': 'UgwogdbZAYohTd5Ng5Z4AaABAg', 'snippet': {'videoId': 'uuh1ydDwwrQ', 'textDisplay': 'Chegou a hora dele no comunismo é assim ninguém está livre', 'textOriginal': 'Chegou a hora dele no comunismo é assim ninguém está livre', 'authorDisplayName': 'marcelo mazzaro', 'authorProfileImageUrl': 'https://yt3.ggpht.com/ytc/AGIKgqOzi3KzyNuhlTCX9tVmyA-Xyhi7hnabT9cy-g=s48-c-k-c0x00ffffff-no-rj', 'authorChannelUrl': 'http://www.youtube.com/channel/UCDLhnx1iOmxnv6imS7isIqQ', 'authorChannelId': {'value': 'UCDLhnx1iOmxnv6imS7isIqQ'}, 'canRate': True, 'viewerRating': 'none', 'likeCount': 0, 'publishedAt': '2022-10-22T20:40:56Z', 'updatedAt': '2022-10-22T20:40:56Z'}}, 'canReply': True, 'totalReplyCount': 0, 'isPublic': True}",,UCDLhnx1iOmxnv6imS7isIqQ,2022-10-22T20:40:56Z,Chegou a hora dele no comunismo é assim ninguém está livre,QURTSl9pM1I0Y1I5MkU4U1BEQ293S01wVi1NbHpKVkJnbld2ZFFGZjhkc3RCaXR2WTlSb2R0cmdxVktBU010cE9mQ3ZCWFgxOU4zS0tqWQ==,2023-06-08 15:04:31.190544
youtube#commentThread,H-PX7wk-z3NmZtAa9WPkbJ706qQ,Ugy3u1I9KUipLke0Nzd4AaABAg,"{'videoId': 'uuh1ydDwwrQ', 'topLevelComment': {'kind': 'youtube#comment', 'etag': 'EVrABR57WtGK3AZBsFkWAqAleMM', 'id': 'Ugy3u1I9KUipLke0Nzd4AaABAg', 'snippet': {'videoId': 'uuh1ydDwwrQ', 'textDisplay': 'Xandao mandou retira-lo', 'textOriginal': 'Xandao mandou retira-lo', 'authorDisplayName': 'Moises Nagabushi', 'authorProfileImageUrl': 'https://yt3.ggpht.com/ytc/AGIKgqPnBe4ZfP3bU3uy4Nxdg3naq_lUE-LiotDuWg=s48-c-k-c0x00ffffff-no-rj', 'authorChannelUrl': 'http://www.youtube.com/channel/UCaF6Xu3aacoFRO6YM-Rnz-A', 'authorChannelId': {'value': 'UCaF6Xu3aacoFRO6YM-Rnz-A'}, 'canRate': True, 'viewerRating': 'none', 'likeCount': 0, 'publishedAt': '2022-10-22T20:40:50Z', 'updatedAt': '2022-10-22T20:40:50Z'}}, 'canReply': True, 'totalReplyCount': 0, 'isPublic': True}",,UCaF6Xu3aacoFRO6YM-Rnz-A,2022-10-22T20:40:50Z,Xandao mandou retira-lo,QURTSl9pM1I0Y1I5MkU4U1BEQ293S01wVi1NbHpKVkJnbld2ZFFGZjhkc3RCaXR2WTlSb2R0cmdxVktBU010cE9mQ3ZCWFgxOU4zS0tqWQ==,2023-06-08 15:04:31.190544
youtube#commentThread,3jvdRt0I46dzE_8rtd01j_S3RZk,UgyQkPZzD-jBB0Llr7h4AaABAg,"{'videoId': 'uuh1ydDwwrQ', 'topLevelComment': {'kind': 'youtube#comment', 'etag': 'lXeMiZLb7DonXJI3c6yzeJafE3E', 'id': 'UgyQkPZzD-jBB0Llr7h4AaABAg', 'snippet': {'videoId': 'uuh1ydDwwrQ', 'textDisplay': 'BOLSONARO 22', 'textOriginal': 'BOLSONARO 22', 'authorDisplayName': 'Guilherme Butti', 'authorProfileImageUrl': 'https://yt3.ggpht.com/ytc/AGIKgqNCmD7aKiCxEwGydeO0kloMcReh2LKuUdq9ZA92YA=s48-c-k-c0x00ffffff-no-rj', 'authorChannelUrl': 'http://www.youtube.com/channel/UCB-h--9jBTf0_XI5XTGvelQ', 'authorChannelId': {'value': 'UCB-h--9jBTf0_XI5XTGvelQ'}, 'canRate': True, 'viewerRating': 'none', 'likeCount': 0, 'publishedAt': '2022-10-22T20:40:48Z', 'updatedAt': '2022-10-22T20:40:48Z'}}, 'canReply': True, 'totalReplyCount': 0, 'isPublic': True}",,UCB-h--9jBTf0_XI5XTGvelQ,2022-10-22T20:40:48Z,BOLSONARO 22,QURTSl9pM1I0Y1I5MkU4U1BEQ293S01wVi1NbHpKVkJnbld2ZFFGZjhkc3RCaXR2WTlSb2R0cmdxVktBU010cE9mQ3ZCWFgxOU4zS0tqWQ==,2023-06-08 15:04:31.190544
youtube#commentThread,lUu1c1Hrj_kOwpmr5VrXNXBls2E,UgxLAPYNW0GME0HBVg94AaABAg,"{'videoId': 'uuh1ydDwwrQ', 'topLevelComment': {'kind': 'youtube#comment', 'etag': 'S28y-cmTfU2cBKimZXGP7MYlOPE', 'id': 'UgxLAPYNW0GME0HBVg94AaABAg', 'snippet': {'videoId': 'uuh1ydDwwrQ', 'textDisplay': 'Mal súbito é história pra inglês ver.......a China é um país com 02 sistemas de governo.......estão devastando o mundo.', 'textOriginal': 'Mal súbito é história pra inglês ver.......a China é um país com 02 sistemas de governo.......estão devastando o mundo.', 'authorDisplayName': 'Guilherme Butti', 'authorProfileImageUrl': 'https://yt3.ggpht.com/ytc/AGIKgqNCmD7aKiCxEwGydeO0kloMcReh2LKuUdq9ZA92YA=s48-c-k-c0x00ffffff-no-rj', 'authorChannelUrl': 'http://www.youtube.com/channel/UCB-h--9jBTf0_XI5XTGvelQ', 'authorChannelId': {'value': 'UCB-h--9jBTf0_XI5XTGvelQ'}, 'canRate': True, 'viewerRating': 'none', 'likeCount': 0, 'publishedAt': '2022-10-22T20:39:57Z', 'updatedAt': '2022-10-22T20:39:57Z'}}, 'canReply': True, 'totalReplyCount': 0, 'isPublic': True}",,UCB-h--9jBTf0_XI5XTGvelQ,2022-10-22T20:39:57Z,Mal súbito é história pra inglês ver.......a China é um país com 02 sistemas de governo.......estão devastando o mundo.,QURTSl9pM1I0Y1I5MkU4U1BEQ293S01wVi1NbHpKVkJnbld2ZFFGZjhkc3RCaXR2WTlSb2R0cmdxVktBU010cE9mQ3ZCWFgxOU4zS0tqWQ==,2023-06-08 15:04:31.190544
youtube#commentThread,udD46dycAvVtb80nYH9CD4ymLTk,UgwZk-Mmf29d3q2qafN4AaABAg,"{'videoId': 'uuh1ydDwwrQ', 'topLevelComment': {'kind': 'youtube#comment', 'etag': 'kcqZfBcs_e4CU_BUE32x4HdKn9w', 'id': 'UgwZk-Mmf29d3q2qafN4AaABAg', 'snippet': {'videoId': 'uuh1ydDwwrQ', 'textDisplay': 'Esse sujeito vai ser morto ou fuzilado. Alguém aí tem alguma dúvida? O PCC chinês não tem escrúpulos mata, coage...', 'textOriginal': 'Esse sujeito vai ser morto ou fuzilado. Alguém aí tem alguma dúvida? O PCC chinês não tem escrúpulos mata, coage...', 'authorDisplayName': 'Nilson Evangelista', 'authorProfileImageUrl': 'https://yt3.ggpht.com/rs9i5mW3Oan_9gM17NTGtSBF5N998LCDmrjlg9Ri3EL0SrCIuYo-IQ7UWufmgXSvoDh0Kbq-rQ=s48-c-k-c0x00ffffff-no-rj', 'authorChannelUrl': 'http://www.youtube.com/channel/UC3EDXRlbaDirqTY9V7dbjfw', 'authorChannelId': {'value': 'UC3EDXRlbaDirqTY9V7dbjfw'}, 'canRate': True, 'viewerRating': 'none', 'likeCount': 0, 'publishedAt': '2022-10-22T20:39:55Z', 'updatedAt': '2022-10-22T20:39:55Z'}}, 'canReply': True, 'totalReplyCount': 0, 'isPublic': True}",,UC3EDXRlbaDirqTY9V7dbjfw,2022-10-22T20:39:55Z,"Esse sujeito vai ser morto ou fuzilado. Alguém aí tem alguma dúvida? O PCC chinês não tem escrúpulos mata, coage...",QURTSl9pM1I0Y1I5MkU4U1BEQ293S01wVi1NbHpKVkJnbld2ZFFGZjhkc3RCaXR2WTlSb2R0cmdxVktBU010cE9mQ3ZCWFgxOU4zS0tqWQ==,2023-06-08 15:04:31.190544
youtube#commentThread,DzbaDspdUL1dQMld7m1VkjTKo7o,UgwXzFQQsq96Ue6_yh14AaABAg,"{'videoId': 'uuh1ydDwwrQ', 'topLevelComment': {'kind': 'youtube#comment', 'etag': 'takRHKsrdA0CstiyXOPu7j1cXFU', 'id': 'UgwXzFQQsq96Ue6_yh14AaABAg', 'snippet': {'videoId': 'uuh1ydDwwrQ', 'textDisplay': 'Xandão que mandou prender porque disseram que ele apoia Bolsonaro. Urgente. Bora p live do Neymar c o mito', 'textOriginal': 'Xandão que mandou prender porque disseram que ele apoia Bolsonaro. Urgente. Bora p live do Neymar c o mito', 'authorDisplayName': 'Silvio Godoy', 'authorProfileImageUrl': 'https://yt3.ggpht.com/ytc/AGIKgqNi91h5XyUW1lvAkCmDghROccMETYv2HvTMwA=s48-c-k-c0x00ffffff-no-rj', 'authorChannelUrl': 'http://www.youtube.com/channel/UCE7EhJJd58QDX6_bM0_5eUg', 'authorChannelId': {'value': 'UCE7EhJJd58QDX6_bM0_5eUg'}, 'canRate': True, 'viewerRating': 'none', 'likeCount': 6, 'publishedAt': '2022-10-22T20:35:28Z', 'updatedAt': '2022-10-22T20:35:28Z'}}, 'canReply': True, 'totalReplyCount': 0, 'isPublic': True}",,UCE7EhJJd58QDX6_bM0_5eUg,2022-10-22T20:35:28Z,Xandão que mandou prender porque disseram que ele apoia Bolsonaro. Urgente. Bora p live do Neymar c o mito,QURTSl9pM1I0Y1I5MkU4U1BEQ293S01wVi1NbHpKVkJnbld2ZFFGZjhkc3RCaXR2WTlSb2R0cmdxVktBU010cE9mQ3ZCWFgxOU4zS0tqWQ==,2023-06-08 15:04:31.190544
youtube#commentThread,JFl9SuNsE3gxFt-c3OHBEdvD74c,UgxsHlKpyISHDgI6wGh4AaABAg,"{'videoId': 'uuh1ydDwwrQ', 'topLevelComment': {'kind': 'youtube#comment', 'etag': 'AkpN1Q00ixuDMktKJYinKCBqVd8', 'id': 'UgxsHlKpyISHDgI6wGh4AaABAg', 'snippet': {'videoId': 'uuh1ydDwwrQ', 'textDisplay': '😎<br>👉👉 #22 Mito 🇧🇷<br>💚 Bolsonaro 💚', 'textOriginal': '😎\\n👉👉 #22 Mito 🇧🇷\\n💚 Bolsonaro 💚', 'authorDisplayName': 'Salvem o Brasil 🇧🇷', 'authorProfileImageUrl': 'https://yt3.ggpht.com/9gGAoI4lSdRujYo6nuarvSFtcjr5740UoK1tywPPM74t-5SnOK9oDVvoDPL8LKU5EDIyUQ011A=s48-c-k-c0x00ffffff-no-rj', 'authorChannelUrl': 'http://www.youtube.com/channel/UCZebXE3KmB5PlRru6HOZ6Mg', 'authorChannelId': {'value': 'UCZebXE3KmB5PlRru6HOZ6Mg'}, 'canRate': True, 'viewerRating': 'none', 'likeCount': 0, 'publishedAt': '2022-10-22T20:33:55Z', 'updatedAt': '2022-10-22T20:33:55Z'}}, 'canReply': True, 'totalReplyCount': 0, 'isPublic': True}",,UCZebXE3KmB5PlRru6HOZ6Mg,2022-10-22T20:33:55Z,"😎
👉👉 #22 Mito 🇧🇷
💚 Bolsonaro 💚",QURTSl9pM1I0Y1I5MkU4U1BEQ293S01wVi1NbHpKVkJnbld2ZFFGZjhkc3RCaXR2WTlSb2R0cmdxVktBU010cE9mQ3ZCWFgxOU4zS0tqWQ==,2023-06-08 15:04:31.190544
youtube#commentThread,rRhQsflr75Bu5rLO2Ucvjv8ru-k,UgxGyMGZj47l98zayWN4AaABAg,"{'videoId': 'uuh1ydDwwrQ', 'topLevelComment': {'kind': 'youtube#comment', 'etag': 'T9ciJZekTMD8Jwvgw2zrZSEKzNY', 'id': 'UgxGyMGZj47l98zayWN4AaABAg', 'snippet': {'videoId': 'uuh1ydDwwrQ', 'textDisplay': 'Abaixo o STF o Brasil merece respeito 💚🇧🇷', 'textOriginal': 'Abaixo o STF o Brasil merece respeito 💚🇧🇷', 'authorDisplayName': 'Salvem o Brasil 🇧🇷', 'authorProfileImageUrl': 'https://yt3.ggpht.com/9gGAoI4lSdRujYo6nuarvSFtcjr5740UoK1tywPPM74t-5SnOK9oDVvoDPL8LKU5EDIyUQ011A=s48-c-k-c0x00ffffff-no-rj', 'authorChannelUrl': 'http://www.youtube.com/channel/UCZebXE3KmB5PlRru6HOZ6Mg', 'authorChannelId': {'value': 'UCZebXE3KmB5PlRru6HOZ6Mg'}, 'canRate': True, 'viewerRating': 'none', 'likeCount': 48, 'publishedAt': '2022-10-22T20:33:14Z', 'updatedAt': '2022-10-22T20:33:14Z'}}, 'canReply': True, 'totalReplyCount': 0, 'isPublic': True}",,UCZebXE3KmB5PlRru6HOZ6Mg,2022-10-22T20:33:14Z,Abaixo o STF o Brasil merece respeito 💚🇧🇷,QURTSl9pM1I0Y1I5MkU4U1BEQ293S01wVi1NbHpKVkJnbld2ZFFGZjhkc3RCaXR2WTlSb2R0cmdxVktBU010cE9mQ3ZCWFgxOU4zS0tqWQ==,2023-06-08 15:04:31.190544
youtube#commentThread,vVBco3syCjCYhOthu76YdTCnuHw,Ugw1D55an2E7IZHi1fR4AaABAg,"{'videoId': 'uuh1ydDwwrQ', 'topLevelComment': {'kind': 'youtube#comment', 'etag': '3CQkRbyYcKJVydXQLh6Xfmx31Ik', 'id': 'Ugw1D55an2E7IZHi1fR4AaABAg', 'snippet': {'videoId': 'uuh1ydDwwrQ', 'textDisplay': 'Isso é uma coisa quê acontece no Brasil se não concorda com o PT o Supremo tribunal Federal percegue só quê na China é o Governo da China por quê lá na China é ditadura más no Brasil aditadura e do STF', 'textOriginal': 'Isso é uma coisa quê acontece no Brasil se não concorda com o PT o Supremo tribunal Federal percegue só quê na China é o Governo da China por quê lá na China é ditadura más no Brasil aditadura e do STF', 'authorDisplayName': 'Orivaldo Nazário da Silva', 'authorProfileImageUrl': 'https://yt3.ggpht.com/ytc/AGIKgqO4_qtqYNYv_Qdpw5hQb931-Bug7v2OecblHeu9_RLIyNC01lptIMh1Uq-RUtuc=s48-c-k-c0x00ffffff-no-rj', 'authorChannelUrl': 'http://www.youtube.com/channel/UCNNOG7NQN1Ekt8k6kQWCZsQ', 'authorChannelId': {'value': 'UCNNOG7NQN1Ekt8k6kQWCZsQ'}, 'canRate': True, 'viewerRating': 'none', 'likeCount': 0, 'publishedAt': '2022-10-22T20:33:10Z', 'updatedAt': '2022-10-22T20:35:28Z'}}, 'canReply': True, 'totalReplyCount': 0, 'isPublic': True}",,UCNNOG7NQN1Ekt8k6kQWCZsQ,2022-10-22T20:33:10Z,Isso é uma coisa quê acontece no Brasil se não concorda com o PT o Supremo tribunal Federal percegue só quê na China é o Governo da China por quê lá na China é ditadura más no Brasil aditadura e do STF,QURTSl9pM1I0Y1I5MkU4U1BEQ293S01wVi1NbHpKVkJnbld2ZFFGZjhkc3RCaXR2WTlSb2R0cmdxVktBU010cE9mQ3ZCWFgxOU4zS0tqWQ==,2023-06-08 15:04:31.190544
youtube#commentThread,UGUV_6ucLt-OG8x0Osxau3GaCu8,Ugw7hM9KmyLsue8EYoN4AaABAg,"{'videoId': 'uuh1ydDwwrQ', 'topLevelComment': {'kind': 'youtube#comment', 'etag': 'nO1uEoh8iyo5Lu3j_G6d_S3T7Ss', 'id': 'Ugw7hM9KmyLsue8EYoN4AaABAg', 'snippet': {'videoId': 'uuh1ydDwwrQ', 'textDisplay': 'STF  vai  culpar  Bolsonaro  .kkk', 'textOriginal': 'STF  vai  culpar  Bolsonaro  .kkk', 'authorDisplayName': 'Marcos Paiva', 'authorProfileImageUrl': 'https://yt3.ggpht.com/ytc/AGIKgqO7R8JMluQGXDezrew4a1D55_-lNg9eFJia5g=s48-c-k-c0x00ffffff-no-rj', 'authorChannelUrl': 'http://www.youtube.com/channel/UCkH8EGTwew71nqVxjOadq_g', 'authorChannelId': {'value': 'UCkH8EGTwew71nqVxjOadq_g'}, 'canRate': True, 'viewerRating': 'none', 'likeCount': 1, 'publishedAt': '2022-10-22T20:31:38Z', 'updatedAt': '2022-10-22T20:31:38Z'}}, 'canReply': True, 'totalReplyCount': 0, 'isPublic': True}",,UCkH8EGTwew71nqVxjOadq_g,2022-10-22T20:31:38Z,STF  vai  culpar  Bolsonaro  .kkk,QURTSl9pM1I0Y1I5MkU4U1BEQ293S01wVi1NbHpKVkJnbld2ZFFGZjhkc3RCaXR2WTlSb2R0cmdxVktBU010cE9mQ3ZCWFgxOU4zS0tqWQ==,2023-06-08 15:04:31.190544
youtube#commentThread,Ql9L1RMJKBXU_ymAuQ0Z6KBzGXE,UgwRja_J854TGzHahid4AaABAg,"{'videoId': 'uuh1ydDwwrQ', 'topLevelComment': {'kind': 'youtube#comment', 'etag': '0KQAF2VZ05n-yeYnvVOw8YhOVpQ', 'id': 'UgwRja_J854TGzHahid4AaABAg', 'snippet': {'videoId': 'uuh1ydDwwrQ', 'textDisplay': 'Esse sujeito posa como especialista, mas é um advogado do PCC. Ridícula a situação!', 'textOriginal': 'Esse sujeito posa como especialista, mas é um advogado do PCC. Ridícula a situação!', 'authorDisplayName': 'O SJ', 'authorProfileImageUrl': 'https://yt3.ggpht.com/ytc/AGIKgqOdBSMiJGRpu3AMgXlm6uvkFjT_fRgimPxJc_PS=s48-c-k-c0x00ffffff-no-rj', 'authorChannelUrl': 'http://www.youtube.com/channel/UCawuj9J9ztXisygAvIV5ztg', 'authorChannelId': {'value': 'UCawuj9J9ztXisygAvIV5ztg'}, 'canRate': True, 'viewerRating': 'none', 'likeCount': 0, 'publishedAt': '2022-10-22T20:30:51Z', 'updatedAt': '2022-10-22T20:30:51Z'}}, 'canReply': True, 'totalReplyCount': 0, 'isPublic': True}",,UCawuj9J9ztXisygAvIV5ztg,2022-10-22T20:30:51Z,"Esse sujeito posa como especialista, mas é um advogado do PCC. Ridícula a situação!",QURTSl9pM1I0Y1I5MkU4U1BEQ293S01wVi1NbHpKVkJnbld2ZFFGZjhkc3RCaXR2WTlSb2R0cmdxVktBU010cE9mQ3ZCWFgxOU4zS0tqWQ==,2023-06-08 15:04:31.190544
youtube#commentThread,YH0Taz8YrDTNCt0qtjknTY4xqvo,UgwY-kz8egPj0O2odUV4AaABAg,"{'videoId': 'uuh1ydDwwrQ', 'topLevelComment': {'kind': 'youtube#comment', 'etag': 'kHQ2OW9pogizgGVReIr34AV1gMU', 'id': 'UgwY-kz8egPj0O2odUV4AaABAg', 'snippet': {'videoId': 'uuh1ydDwwrQ', 'textDisplay': 'Estava com gases!', 'textOriginal': 'Estava com gases!', 'authorDisplayName': 'claudio cesar becker', 'authorProfileImageUrl': 'https://yt3.ggpht.com/ytc/AGIKgqNvQ_LTvlmqDGSZdhbLKdC9VMsIOOK3umCOwA=s48-c-k-c0x00ffffff-no-rj', 'authorChannelUrl': 'http://www.youtube.com/channel/UCziiOOPFhJXmFt0WGAKrxVA', 'authorChannelId': {'value': 'UCziiOOPFhJXmFt0WGAKrxVA'}, 'canRate': True, 'viewerRating': 'none', 'likeCount': 0, 'publishedAt': '2022-10-22T20:30:50Z', 'updatedAt': '2022-10-22T20:30:50Z'}}, 'canReply': True, 'totalReplyCount': 0, 'isPublic': True}",,UCziiOOPFhJXmFt0WGAKrxVA,2022-10-22T20:30:50Z,Estava com gases!,QURTSl9pM1I0Y1I5MkU4U1BEQ293S01wVi1NbHpKVkJnbld2ZFFGZjhkc3RCaXR2WTlSb2R0cmdxVktBU010cE9mQ3ZCWFgxOU4zS0tqWQ==,2023-06-08 15:04:31.190544
youtube#commentThread,0WVE5A3HautGGR0n9KTtWM2mP3U,UgzDHnV2RQ4IN6Ulxzl4AaABAg,"{'videoId': 'uuh1ydDwwrQ', 'topLevelComment': {'kind': 'youtube#comment', 'etag': '98VI7zKbEtMEWlGBLwRHLmBg9oE', 'id': 'UgzDHnV2RQ4IN6Ulxzl4AaABAg', 'snippet': {'videoId': 'uuh1ydDwwrQ', 'textDisplay': 'Por que  a mídia ñ  denúncia  a ditadura na China  a mão  de obra escrava   e  mortes  da população  , contra o comunismo  tudo  é  leviano agora contra Tramp  contra Putin  pôde  tudo  ñ  existe leviandade hipócritas.', 'textOriginal': 'Por que  a mídia ñ  denúncia  a ditadura na China  a mão  de obra escrava   e  mortes  da população  , contra o comunismo  tudo  é  leviano agora contra Tramp  contra Putin  pôde  tudo  ñ  existe leviandade hipócritas.', 'authorDisplayName': 'Marcos Paiva', 'authorProfileImageUrl': 'https://yt3.ggpht.com/ytc/AGIKgqO7R8JMluQGXDezrew4a1D55_-lNg9eFJia5g=s48-c-k-c0x00ffffff-no-rj', 'authorChannelUrl': 'http://www.youtube.com/channel/UCkH8EGTwew71nqVxjOadq_g', 'authorChannelId': {'value': 'UCkH8EGTwew71nqVxjOadq_g'}, 'canRate': True, 'viewerRating': 'none', 'likeCount': 1, 'publishedAt': '2022-10-22T20:30:37Z', 'updatedAt': '2022-10-22T20:30:37Z'}}, 'canReply': True, 'totalReplyCount': 0, 'isPublic': True}",,UCkH8EGTwew71nqVxjOadq_g,2022-10-22T20:30:37Z,"Por que  a mídia ñ  denúncia  a ditadura na China  a mão  de obra escrava   e  mortes  da população  , contra o comunismo  tudo  é  leviano agora contra Tramp  contra Putin  pôde  tudo  ñ  existe leviandade hipócritas.",QURTSl9pM1I0Y1I5MkU4U1BEQ293S01wVi1NbHpKVkJnbld2ZFFGZjhkc3RCaXR2WTlSb2R0cmdxVktBU010cE9mQ3ZCWFgxOU4zS0tqWQ==,2023-06-08 15:04:31.190544
youtube#commentThread,KK4lwysVDp3FKT-URVdHf2Kt_c0,UgxBSBFqX4dAT20NDhR4AaABAg,"{'videoId': 'uuh1ydDwwrQ', 'topLevelComment': {'kind': 'youtube#comment', 'etag': 'cY8jsEFpo163RsKuyU1FHNQEzQE', 'id': 'UgxBSBFqX4dAT20NDhR4AaABAg', 'snippet': {'videoId': 'uuh1ydDwwrQ', 'textDisplay': 'Foi preso em prisão domiciliar, ja saiu a notícia no jornal da china', 'textOriginal': 'Foi preso em prisão domiciliar, ja saiu a notícia no jornal da china', 'authorDisplayName': 'né', 'authorProfileImageUrl': 'https://yt3.ggpht.com/ytc/AGIKgqMWWc0l8nvJE36D7dLUPVU6Yryhb2k7P7DBZtL-Lkg-3p2GXI6ZUXe5Mh4MkYkpVVw=s48-c-k-c0x00ffffff-no-rj', 'authorChannelUrl': 'http://www.youtube.com/channel/UCU7E4iVWGG-THpAGhjRUc3Q', 'authorChannelId': {'value': 'UCU7E4iVWGG-THpAGhjRUc3Q'}, 'canRate': True, 'viewerRating': 'none', 'likeCount': 8, 'publishedAt': '2022-10-22T20:29:22Z', 'updatedAt': '2022-10-22T20:29:22Z'}}, 'canReply': True, 'totalReplyCount': 0, 'isPublic': True}",,UCU7E4iVWGG-THpAGhjRUc3Q,2022-10-22T20:29:22Z,"Foi preso em prisão domiciliar, ja saiu a notícia no jornal da china",QURTSl9pM1I0Y1I5MkU4U1BEQ293S01wVi1NbHpKVkJnbld2ZFFGZjhkc3RCaXR2WTlSb2R0cmdxVktBU010cE9mQ3ZCWFgxOU4zS0tqWQ==,2023-06-08 15:04:31.190544
youtube#commentThread,c-tHsoagniw-ulOCI3AIckTACCo,UgwZktCY7xH7SQlDRuV4AaABAg,"{'videoId': 'uuh1ydDwwrQ', 'topLevelComment': {'kind': 'youtube#comment', 'etag': 'kR68CtgRigf8bDDhxSnFzMHCNrc', 'id': 'UgwZktCY7xH7SQlDRuV4AaABAg', 'snippet': {'videoId': 'uuh1ydDwwrQ', 'textDisplay': 'O estranho é que todos usam focinheira, exceto a Nomenklatura…', 'textOriginal': 'O estranho é que todos usam focinheira, exceto a Nomenklatura…', 'authorDisplayName': 'Jorge Santos', 'authorProfileImageUrl': 'https://yt3.ggpht.com/ytc/AGIKgqOWGeHnAKIsfJ8xjeI_bKrRvjY8FWBBcNW1MQ=s48-c-k-c0x00ffffff-no-rj', 'authorChannelUrl': 'http://www.youtube.com/channel/UC8eb91Nb5veguqWntbpexnw', 'authorChannelId': {'value': 'UC8eb91Nb5veguqWntbpexnw'}, 'canRate': True, 'viewerRating': 'none', 'likeCount': 0, 'publishedAt': '2022-10-22T20:28:04Z', 'updatedAt': '2022-10-22T20:28:04Z'}}, 'canReply': True, 'totalReplyCount': 0, 'isPublic': True}",,UC8eb91Nb5veguqWntbpexnw,2022-10-22T20:28:04Z,"O estranho é que todos usam focinheira, exceto a Nomenklatura…",QURTSl9pM1I0Y1I5MkU4U1BEQ293S01wVi1NbHpKVkJnbld2ZFFGZjhkc3RCaXR2WTlSb2R0cmdxVktBU010cE9mQ3ZCWFgxOU4zS0tqWQ==,2023-06-08 15:04:31.190544
youtube#commentThread,rEMhMMVy_Q3Bx3p0IbJrdKaTN5M,UgwW6CNO1hnTnnSV24Z4AaABAg,"{'videoId': 'uuh1ydDwwrQ', 'topLevelComment': {'kind': 'youtube#comment', 'etag': '9v0ktHTj2Y3mcEhmviPhkpy-1P0', 'id': 'UgwW6CNO1hnTnnSV24Z4AaABAg', 'snippet': {'videoId': 'uuh1ydDwwrQ', 'textDisplay': 'A China tá ferrada e até quem está dentro do regime está querendo pular fora. <a href=""http://www.youtube.com/results?search_query=%23fechadocombolsonaro"">#fechadocombolsonaro</a>', 'textOriginal': 'A China tá ferrada e até quem está dentro do regime está querendo pular fora. #fechadocombolsonaro', 'authorDisplayName': 'PHENIX FLOWERS', 'authorProfileImageUrl': 'https://yt3.ggpht.com/t3HsFG2HIFBhciV8aBQyarPdjwM51fYsk0pxT4Ai76kwnQCmIYm3hhcSJdDy5stBgoCLGNjkjA=s48-c-k-c0x00ffffff-no-rj', 'authorChannelUrl': 'http://www.youtube.com/channel/UCzUsZAkcv_lZxJe3rfB0How', 'authorChannelId': {'value': 'UCzUsZAkcv_lZxJe3rfB0How'}, 'canRate': True, 'viewerRating': 'none', 'likeCount': 0, 'publishedAt': '2022-10-22T20:27:44Z', 'updatedAt': '2022-10-22T20:27:44Z'}}, 'canReply': True, 'totalReplyCount': 0, 'isPublic': True}",,UCzUsZAkcv_lZxJe3rfB0How,2022-10-22T20:27:44Z,A China tá ferrada e até quem está dentro do regime está querendo pular fora. #fechadocombolsonaro,QURTSl9pM1I0Y1I5MkU4U1BEQ293S01wVi1NbHpKVkJnbld2ZFFGZjhkc3RCaXR2WTlSb2R0cmdxVktBU010cE9mQ3ZCWFgxOU4zS0tqWQ==,2023-06-08 15:04:31.190544
youtube#commentThread,Z_vKmnZo4e8BwPP7DE_kUGMDDqg,UgwKMBPyulfdozz1crl4AaABAg,"{'videoId': 'uuh1ydDwwrQ', 'topLevelComment': {'kind': 'youtube#comment', 'etag': 'GaoX187oc_0uFasUaq8fecD_hCs', 'id': 'UgwKMBPyulfdozz1crl4AaABAg', 'snippet': {'videoId': 'uuh1ydDwwrQ', 'textDisplay': 'Pelo nosso liberdade vote 22.', 'textOriginal': 'Pelo nosso liberdade vote 22.', 'authorDisplayName': 'elizeu gonçalves', 'authorProfileImageUrl': 'https://yt3.ggpht.com/ytc/AGIKgqNFAH6a1NJ4hgS8uvne8Gix8OyAKZ0sXJDKqg=s48-c-k-c0x00ffffff-no-rj', 'authorChannelUrl': 'http://www.youtube.com/channel/UCN1na0uMELSqr8pnLsWVckg', 'authorChannelId': {'value': 'UCN1na0uMELSqr8pnLsWVckg'}, 'canRate': True, 'viewerRating': 'none', 'likeCount': 0, 'publishedAt': '2022-10-22T20:27:26Z', 'updatedAt': '2022-10-22T20:27:26Z'}}, 'canReply': True, 'totalReplyCount': 0, 'isPublic': True}",,UCN1na0uMELSqr8pnLsWVckg,2022-10-22T20:27:26Z,Pelo nosso liberdade vote 22.,QURTSl9pM1I0Y1I5MkU4U1BEQ293S01wVi1NbHpKVkJnbld2ZFFGZjhkc3RCaXR2WTlSb2R0cmdxVktBU010cE9mQ3ZCWFgxOU4zS0tqWQ==,2023-06-08 15:04:31.190544
youtube#commentThread,QxWRIjqI_kxoHioHt6FQYPHl5LM,Ugw3_U7pqP_tMCseG6F4AaABAg,"{'videoId': 'uuh1ydDwwrQ', 'topLevelComment': {'kind': 'youtube#comment', 'etag': 'sFaoy4xwAy8zQ6eDAIV34sTOxfM', 'id': 'Ugw3_U7pqP_tMCseG6F4AaABAg', 'snippet': {'videoId': 'uuh1ydDwwrQ', 'textDisplay': 'Esse presidente chinês um vagabundo ...', 'textOriginal': 'Esse presidente chinês um vagabundo ...', 'authorDisplayName': 'jony felix', 'authorProfileImageUrl': 'https://yt3.ggpht.com/ytc/AGIKgqPRe2g98orVwRwBd9qoMPdQcZXFiV2RZwWMhRuLNHVgnxdpcSlhcXLaV0ge6aUN=s48-c-k-c0x00ffffff-no-rj', 'authorChannelUrl': 'http://www.youtube.com/channel/UCp7NVbI6x12bFbeYjUtXvEA', 'authorChannelId': {'value': 'UCp7NVbI6x12bFbeYjUtXvEA'}, 'canRate': True, 'viewerRating': 'none', 'likeCount': 0, 'publishedAt': '2022-10-22T20:26:22Z', 'updatedAt': '2022-10-22T20:26:22Z'}}, 'canReply': True, 'totalReplyCount': 0, 'isPublic': True}",,UCp7NVbI6x12bFbeYjUtXvEA,2022-10-22T20:26:22Z,Esse presidente chinês um vagabundo ...,QURTSl9pM1I0Y1I5MkU4U1BEQ293S01wVi1NbHpKVkJnbld2ZFFGZjhkc3RCaXR2WTlSb2R0cmdxVktBU010cE9mQ3ZCWFgxOU4zS0tqWQ==,2023-06-08 15:04:31.190544
youtube#commentThread,zKQwE9iHpX9irLktJNS7_uJVqxU,UgyO8KrDYqi530HAV3F4AaABAg,"{'videoId': 'uuh1ydDwwrQ', 'topLevelComment': {'kind': 'youtube#comment', 'etag': 'nczhtLW_tyfF5TLWP9iBlbhEPrE', 'id': 'UgyO8KrDYqi530HAV3F4AaABAg', 'snippet': {'videoId': 'uuh1ydDwwrQ', 'textDisplay': 'Não foi nada. Ele passou mal e estamos levando ele ali p tomar um remedinho. Ops: ele morreu!!!', 'textOriginal': 'Não foi nada. Ele passou mal e estamos levando ele ali p tomar um remedinho. Ops: ele morreu!!!', 'authorDisplayName': 'Guilherme Tanure', 'authorProfileImageUrl': 'https://yt3.ggpht.com/ytc/AGIKgqNScfLgh4_vNQXcF5AVqp7kRTcIH2wBDZD2TA=s48-c-k-c0x00ffffff-no-rj', 'authorChannelUrl': 'http://www.youtube.com/channel/UCuD1WNqVPX-SsOqKptP3NRA', 'authorChannelId': {'value': 'UCuD1WNqVPX-SsOqKptP3NRA'}, 'canRate': True, 'viewerRating': 'none', 'likeCount': 3, 'publishedAt': '2022-10-22T20:24:01Z', 'updatedAt': '2022-10-22T20:24:01Z'}}, 'canReply': True, 'totalReplyCount': 1, 'isPublic': True}","{'comments': [{'kind': 'youtube#comment', 'etag': '2X15YXPogUHNpQKa46yrc12MLKM', 'id': 'UgyO8KrDYqi530HAV3F4AaABAg.9hVNqORnMy39hWMhDmPbai', 'snippet': {'videoId': 'uuh1ydDwwrQ', 'textDisplay': 'Foi coisa de minutos depois. Estava tão mal que não aguentou chegar a enfermaria.', 'textOriginal': 'Foi coisa de minutos depois. Estava tão mal que não aguentou chegar a enfermaria.', 'parentId': 'UgyO8KrDYqi530HAV3F4AaABAg', 'authorDisplayName': 'Marcos Vinicius Pereira Nunes', 'authorProfileImageUrl': 'https://yt3.ggpht.com/ytc/AGIKgqNwHoLaYtbTSkmI9J-sh4U5dPQkQmIEhb5Tiw=s48-c-k-c0x00ffffff-no-rj', 'authorChannelUrl': 'http://www.youtube.com/channel/UCflqUWsGgx5XT8Agk0VPyVQ', 'authorChannelId': {'value': 'UCflqUWsGgx5XT8Agk0VPyVQ'}, 'canRate': True, 'viewerRating': 'none', 'likeCount': 0, 'publishedAt': '2022-10-23T05:33:16Z', 'updatedAt': '2022-10-23T05:33:16Z'}}]}",UCuD1WNqVPX-SsOqKptP3NRA,2022-10-22T20:24:01Z,Não foi nada. Ele passou mal e estamos levando ele ali p tomar um remedinho. Ops: ele morreu!!!,QURTSl9pM1I0Y1I5MkU4U1BEQ293S01wVi1NbHpKVkJnbld2ZFFGZjhkc3RCaXR2WTlSb2R0cmdxVktBU010cE9mQ3ZCWFgxOU4zS0tqWQ==,2023-06-08 15:04:31.190544
youtube#commentThread,UHfkCqAxzcm-sqJ_1y7gb-GMRMI,UgwlkcRW6cBC-Gbcatt4AaABAg,"{'videoId': 'uuh1ydDwwrQ', 'topLevelComment': {'kind': 'youtube#comment', 'etag': 'S-wmM0XDmTIjpxaNjzeQQfBO6kA', 'id': 'UgwlkcRW6cBC-Gbcatt4AaABAg', 'snippet': {'videoId': 'uuh1ydDwwrQ', 'textDisplay': 'Kkk... É a democracia, a democracia chinesa, aquela democracia igual a do $TF, em que não é admitida pensamento diferente do permitido. Ele deve ter sido convencido(sem violência, é claro) a apoiar o 10º mandato do Xi. Se não apoiar, vai pegar covid, e a família vai receber só as cinzas... Kkk...', 'textOriginal': 'Kkk... É a democracia, a democracia chinesa, aquela democracia igual a do $TF, em que não é admitida pensamento diferente do permitido. Ele deve ter sido convencido(sem violência, é claro) a apoiar o 10º mandato do Xi. Se não apoiar, vai pegar covid, e a família vai receber só as cinzas... Kkk...', 'authorDisplayName': 'Rosenildo Da Silva', 'authorProfileImageUrl': 'https://yt3.ggpht.com/ytc/AGIKgqP-Mdq1C4ItcgUuI8ySic5uNm9BzFq0PABTxQ=s48-c-k-c0x00ffffff-no-rj', 'authorChannelUrl': 'http://www.youtube.com/channel/UCEi7v9G_XkYVpOzeYGS5hqw', 'authorChannelId': {'value': 'UCEi7v9G_XkYVpOzeYGS5hqw'}, 'canRate': True, 'viewerRating': 'none', 'likeCount': 0, 'publishedAt': '2022-10-22T20:23:38Z', 'updatedAt': '2022-10-22T20:23:38Z'}}, 'canReply': True, 'totalReplyCount': 0, 'isPublic': True}",,UCEi7v9G_XkYVpOzeYGS5hqw,2022-10-22T20:23:38Z,"Kkk... É a democracia, a democracia chinesa, aquela democracia igual a do $TF, em que não é admitida pensamento diferente do permitido. Ele deve ter sido convencido(sem violência, é claro) a apoiar o 10º mandato do Xi. Se não apoiar, vai pegar covid, e a família vai receber só as cinzas... Kkk...",QURTSl9pM1I0Y1I5MkU4U1BEQ293S01wVi1NbHpKVkJnbld2ZFFGZjhkc3RCaXR2WTlSb2R0cmdxVktBU010cE9mQ3ZCWFgxOU4zS0tqWQ==,2023-06-08 15:04:31.190544
youtube#commentThread,_Mb2vxOySCLP5nKhIiRFIkRZlaQ,Ugzx9_lJkeFAw3agsZt4AaABAg,"{'videoId': 'uuh1ydDwwrQ', 'topLevelComment': {'kind': 'youtube#comment', 'etag': 'Up1HYiq_NxScddJfLLgKNYzg_2A', 'id': 'Ugzx9_lJkeFAw3agsZt4AaABAg', 'snippet': {'videoId': 'uuh1ydDwwrQ', 'textDisplay': 'Esse comentarista é louco? Quem não está vendo a imagem!', 'textOriginal': 'Esse comentarista é louco? Quem não está vendo a imagem!', 'authorDisplayName': 'João Matos da Silva', 'authorProfileImageUrl': 'https://yt3.ggpht.com/ytc/AGIKgqOAD-2lnMKG2j0RI_LX1sEV0l4xh7Nd2kbk6g=s48-c-k-c0x00ffffff-no-rj', 'authorChannelUrl': 'http://www.youtube.com/channel/UCd27J83Tv_IwkFZU9XG-F0A', 'authorChannelId': {'value': 'UCd27J83Tv_IwkFZU9XG-F0A'}, 'canRate': True, 'viewerRating': 'none', 'likeCount': 0, 'publishedAt': '2022-10-22T20:22:50Z', 'updatedAt': '2022-10-22T20:22:50Z'}}, 'canReply': True, 'totalReplyCount': 0, 'isPublic': True}",,UCd27J83Tv_IwkFZU9XG-F0A,2022-10-22T20:22:50Z,Esse comentarista é louco? Quem não está vendo a imagem!,QURTSl9pM1I0Y1I5MkU4U1BEQ293S01wVi1NbHpKVkJnbld2ZFFGZjhkc3RCaXR2WTlSb2R0cmdxVktBU010cE9mQ3ZCWFgxOU4zS0tqWQ==,2023-06-08 15:04:31.190544
youtube#commentThread,vAbEbSfU4-1tkLPcqgjfDxb0a24,UgxqmAxhuZwLPeli_nZ4AaABAg,"{'videoId': 'uuh1ydDwwrQ', 'topLevelComment': {'kind': 'youtube#comment', 'etag': 'qwDMyQCJqCiEk8ndPKN5JHv63Rw', 'id': 'UgxqmAxhuZwLPeli_nZ4AaABAg', 'snippet': {'videoId': 'uuh1ydDwwrQ', 'textDisplay': '🇧🇷👍💯💪', 'textOriginal': '🇧🇷👍💯💪', 'authorDisplayName': 'Lauro Mendes Manzoni', 'authorProfileImageUrl': 'https://yt3.ggpht.com/ytc/AGIKgqPSKHcw831umZfeCK7seKLDh9trjki9yqSESA=s48-c-k-c0x00ffffff-no-rj', 'authorChannelUrl': 'http://www.youtube.com/channel/UCp2TiOMUX1FjoVCOdztQHoQ', 'authorChannelId': {'value': 'UCp2TiOMUX1FjoVCOdztQHoQ'}, 'canRate': True, 'viewerRating': 'none', 'likeCount': 0, 'publishedAt': '2022-10-22T20:22:23Z', 'updatedAt': '2022-10-22T20:22:23Z'}}, 'canReply': True, 'totalReplyCount': 0, 'isPublic': True}",,UCp2TiOMUX1FjoVCOdztQHoQ,2022-10-22T20:22:23Z,🇧🇷👍💯💪,QURTSl9pM1I0Y1I5MkU4U1BEQ293S01wVi1NbHpKVkJnbld2ZFFGZjhkc3RCaXR2WTlSb2R0cmdxVktBU010cE9mQ3ZCWFgxOU4zS0tqWQ==,2023-06-08 15:04:31.190544
youtube#commentThread,iqWRgb3qErFu9Pnd_kng6JNtPUg,UgzcI_CWaOXSTXuNWJp4AaABAg,"{'videoId': 'uuh1ydDwwrQ', 'topLevelComment': {'kind': 'youtube#comment', 'etag': 'l8uB9PAO7CogkGq9tDXqbdktWjw', 'id': 'UgzcI_CWaOXSTXuNWJp4AaABAg', 'snippet': {'videoId': 'uuh1ydDwwrQ', 'textDisplay': 'Democracia comunista, não há comparação a melhor do mundo', 'textOriginal': 'Democracia comunista, não há comparação a melhor do mundo', 'authorDisplayName': 'Éa Máfia', 'authorProfileImageUrl': 'https://yt3.ggpht.com/m6ksHkRMDByXwgK4k6OBrZvbtCPIwV16hqSo7BuRVCKSGs7nkZ7DrXgy4faL4J_BRSMTzSUs=s48-c-k-c0x00ffffff-no-rj', 'authorChannelUrl': 'http://www.youtube.com/channel/UC2FgqrBk-q1-_iNWAPdis8Q', 'authorChannelId': {'value': 'UC2FgqrBk-q1-_iNWAPdis8Q'}, 'canRate': True, 'viewerRating': 'none', 'likeCount': 0, 'publishedAt': '2022-10-22T20:21:59Z', 'updatedAt': '2022-10-22T20:21:59Z'}}, 'canReply': True, 'totalReplyCount': 0, 'isPublic': True}",,UC2FgqrBk-q1-_iNWAPdis8Q,2022-10-22T20:21:59Z,"Democracia comunista, não há comparação a melhor do mundo",QURTSl9pM1I0Y1I5MkU4U1BEQ293S01wVi1NbHpKVkJnbld2ZFFGZjhkc3RCaXR2WTlSb2R0cmdxVktBU010cE9mQ3ZCWFgxOU4zS0tqWQ==,2023-06-08 15:04:31.190544
youtube#commentThread,BBawqvAl59f0BVAoqIXKNs6GsF4,UgxWjFXuaUZfWr-bh3B4AaABAg,"{'videoId': 'uuh1ydDwwrQ', 'topLevelComment': {'kind': 'youtube#comment', 'etag': '3RLAyOcgNd0L4xZ1GRYA9-ebtLA', 'id': 'UgxWjFXuaUZfWr-bh3B4AaABAg', 'snippet': {'videoId': 'uuh1ydDwwrQ', 'textDisplay': 'Reporter mto melhor q o convidado..<br>Estranho ..mto estranho...vindo de um pais comunista q sabemos como fazem  ..como agem..<br>👏🏻👏🏻reporter da bancada...percebeu algo estranho enqto convidado quis cobrir o sol com a peneira...🤦🏻\\u200d♀️', 'textOriginal': 'Reporter mto melhor q o convidado..\\nEstranho ..mto estranho...vindo de um pais comunista q sabemos como fazem  ..como agem..\\n👏🏻👏🏻reporter da bancada...percebeu algo estranho enqto convidado quis cobrir o sol com a peneira...🤦🏻\\u200d♀️', 'authorDisplayName': 'Jade Santos', 'authorProfileImageUrl': 'https://yt3.ggpht.com/ytc/AGIKgqNYmr1L9XLtycEEx0leluaHydxJXFZK7RTFqQ=s48-c-k-c0x00ffffff-no-rj', 'authorChannelUrl': 'http://www.youtube.com/channel/UCrkg77VZUhNj3KCo4L6KklQ', 'authorChannelId': {'value': 'UCrkg77VZUhNj3KCo4L6KklQ'}, 'canRate': True, 'viewerRating': 'none', 'likeCount': 0, 'publishedAt': '2022-10-22T20:21:20Z', 'updatedAt': '2022-10-22T20:21:20Z'}}, 'canReply': True, 'totalReplyCount': 0, 'isPublic': True}",,UCrkg77VZUhNj3KCo4L6KklQ,2022-10-22T20:21:20Z,"Reporter mto melhor q o convidado..
Estranho ..mto estranho...vindo de um pais comunista q sabemos como fazem  ..como agem..
👏🏻👏🏻reporter da bancada...percebeu algo estranho enqto convidado quis cobrir o sol com a peneira...🤦🏻‍♀️",QURTSl9pM1I0Y1I5MkU4U1BEQ293S01wVi1NbHpKVkJnbld2ZFFGZjhkc3RCaXR2WTlSb2R0cmdxVktBU010cE9mQ3ZCWFgxOU4zS0tqWQ==,2023-06-08 15:04:31.190544
youtube#commentThread,BH606VbK1mHdD7u1VhsQVCyyHl4,UgwkEzJnalrq3DhRNjB4AaABAg,"{'videoId': 'uuh1ydDwwrQ', 'topLevelComment': {'kind': 'youtube#comment', 'etag': 'pD3WHK_-UaubJpTcW8kIiTlZBV8', 'id': 'UgwkEzJnalrq3DhRNjB4AaABAg', 'snippet': {'videoId': 'uuh1ydDwwrQ', 'textDisplay': 'Estamos sabendo que tem gente de olho no Brasil.<br>E A China pode conseguir atravez de politicos que lesao a Patria , pessoas <br>q so vive de falcatruas e quer estar no podet pra entregar o nosso Brasil pra China comunista fragelo humano.<br>Mas Deus é Dono de tudo, vai nos proteger desses ladroes estao seguindo as leis do sata.<br>Por isso rezemos todo dia.<br>Bolsonaro é que intrrompeu isso e vai continuar, por mais um tempinho.<br>Gratidao Presidente Bolsonaro e sua equipe.', 'textOriginal': 'Estamos sabendo que tem gente de olho no Brasil.\\nE A China pode conseguir atravez de politicos que lesao a Patria , pessoas \\nq so vive de falcatruas e quer estar no podet pra entregar o nosso Brasil pra China comunista fragelo humano.\\nMas Deus é Dono de tudo, vai nos proteger desses ladroes estao seguindo as leis do sata.\\nPor isso rezemos todo dia.\\nBolsonaro é que intrrompeu isso e vai continuar, por mais um tempinho.\\nGratidao Presidente Bolsonaro e sua equipe.', 'authorDisplayName': 'anete', 'authorProfileImageUrl': 'https://yt3.ggpht.com/ytc/AGIKgqOu9b9nTSG8MZzxMGavS3of5FJI8W-eR6rhoNCeuTZA1DDUYT-T839YFkyyjq1y=s48-c-k-c0x00ffffff-no-rj', 'authorChannelUrl': 'http://www.youtube.com/channel/UCafmLZmlAmPoG_Pkujbrd2A', 'authorChannelId': {'value': 'UCafmLZmlAmPoG_Pkujbrd2A'}, 'canRate': True, 'viewerRating': 'none', 'likeCount': 0, 'publishedAt': '2022-10-22T20:21:03Z', 'updatedAt': '2022-10-22T20:21:03Z'}}, 'canReply': True, 'totalReplyCount': 0, 'isPublic': True}",,UCafmLZmlAmPoG_Pkujbrd2A,2022-10-22T20:21:03Z,"Estamos sabendo que tem gente de olho no Brasil.
E A China pode conseguir atravez de politicos que lesao a Patria , pessoas 
q so vive de falcatruas e quer estar no podet pra entregar o nosso Brasil pra China comunista fragelo humano.
Mas Deus é Dono de tudo, vai nos proteger desses ladroes estao seguindo as leis do sata.
Por isso rezemos todo dia.
Bolsonaro é que intrrompeu isso e vai continuar, por mais um tempinho.
Gratidao Presidente Bolsonaro e sua equipe.",QURTSl9pM1I0Y1I5MkU4U1BEQ293S01wVi1NbHpKVkJnbld2ZFFGZjhkc3RCaXR2WTlSb2R0cmdxVktBU010cE9mQ3ZCWFgxOU4zS0tqWQ==,2023-06-08 15:04:31.190544
youtube#commentThread,wdk0YHZEnBegr3Lx9asoPeu7l94,UgyfA1n-m0uv03tVwht4AaABAg,"{'videoId': 'uuh1ydDwwrQ', 'topLevelComment': {'kind': 'youtube#comment', 'etag': 'HTntqvksH_enH_D2N4666gRe0VM', 'id': 'UgyfA1n-m0uv03tVwht4AaABAg', 'snippet': {'videoId': 'uuh1ydDwwrQ', 'textDisplay': 'ESSA É A DEMOCRACIA QUE O LULA E O PARTIDO DAS TREVAS (PT) QUER SE ESPELHAR!<br>POVO OBEDIENTE, CENSURADO, VIGIADO E SUCESSIVOS MANDATOS NO PODER, ALÉM DE MUITA, MUITA CORRUPÇÃO E ROUBO!<br>ESSE É O GOVERNO QUE O LULA E O PARTIDO DAS TREVAS (PT) SONHARAM, MAS QUE RUIU EM 2016, E QUER QUE VOLTE NOVAMENTE EM 2023.<br>LULA, O PARTIDO DAS TREVAS (PT) E ESSA ESQUERDA MALDITA QUEREM VOLTAR À CENA DO CRIME NOVAMENTE...', 'textOriginal': 'ESSA É A DEMOCRACIA QUE O LULA E O PARTIDO DAS TREVAS (PT) QUER SE ESPELHAR!\\nPOVO OBEDIENTE, CENSURADO, VIGIADO E SUCESSIVOS MANDATOS NO PODER, ALÉM DE MUITA, MUITA CORRUPÇÃO E ROUBO!\\nESSE É O GOVERNO QUE O LULA E O PARTIDO DAS TREVAS (PT) SONHARAM, MAS QUE RUIU EM 2016, E QUER QUE VOLTE NOVAMENTE EM 2023.\\nLULA, O PARTIDO DAS TREVAS (PT) E ESSA ESQUERDA MALDITA QUEREM VOLTAR À CENA DO CRIME NOVAMENTE...', 'authorDisplayName': 'Alessandro', 'authorProfileImageUrl': 'https://yt3.ggpht.com/ytc/AGIKgqPyUNiIdhH9vJV4offrS5Da6Rnlnv0v6j_QqcOOfw=s48-c-k-c0x00ffffff-no-rj', 'authorChannelUrl': 'http://www.youtube.com/channel/UChcdJSqMRy160lDsVh49-Kg', 'authorChannelId': {'value': 'UChcdJSqMRy160lDsVh49-Kg'}, 'canRate': True, 'viewerRating': 'none', 'likeCount': 0, 'publishedAt': '2022-10-22T20:20:56Z', 'updatedAt': '2022-10-22T20:20:56Z'}}, 'canReply': True, 'totalReplyCount': 0, 'isPublic': True}",,UChcdJSqMRy160lDsVh49-Kg,2022-10-22T20:20:56Z,"ESSA É A DEMOCRACIA QUE O LULA E O PARTIDO DAS TREVAS (PT) QUER SE ESPELHAR!
POVO OBEDIENTE, CENSURADO, VIGIADO E SUCESSIVOS MANDATOS NO PODER, ALÉM DE MUITA, MUITA CORRUPÇÃO E ROUBO!
ESSE É O GOVERNO QUE O LULA E O PARTIDO DAS TREVAS (PT) SONHARAM, MAS QUE RUIU EM 2016, E QUER QUE VOLTE NOVAMENTE EM 2023.
LULA, O PARTIDO DAS TREVAS (PT) E ESSA ESQUERDA MALDITA QUEREM VOLTAR À CENA DO CRIME NOVAMENTE...",QURTSl9pM1I0Y1I5MkU4U1BEQ293S01wVi1NbHpKVkJnbld2ZFFGZjhkc3RCaXR2WTlSb2R0cmdxVktBU010cE9mQ3ZCWFgxOU4zS0tqWQ==,2023-06-08 15:04:31.190544
youtube#commentThread,vqitR5d_tQJBTTDdolIwAzlG4c4,UgzloZpi8XoNbS0Ger54AaABAg,"{'videoId': 'uuh1ydDwwrQ', 'topLevelComment': {'kind': 'youtube#comment', 'etag': 'lTdpzRMPjxqPAb2D2oZ3ZGbx-wA', 'id': 'UgzloZpi8XoNbS0Ger54AaABAg', 'snippet': {'videoId': 'uuh1ydDwwrQ', 'textDisplay': 'Será que foi culpa do Bolsonaro ?', 'textOriginal': 'Será que foi culpa do Bolsonaro ?', 'authorDisplayName': 'Michael S.', 'authorProfileImageUrl': 'https://yt3.ggpht.com/UwqmXfSJhDepgUfj-q-EzASQjLGQtgGQf-FLn8YEN8vg8r1tCUl1vqck0KCQuB6sLG5nBuZD=s48-c-k-c0x00ffffff-no-rj', 'authorChannelUrl': 'http://www.youtube.com/channel/UCXOgHqoGA2GH51CiCIADkwg', 'authorChannelId': {'value': 'UCXOgHqoGA2GH51CiCIADkwg'}, 'canRate': True, 'viewerRating': 'none', 'likeCount': 0, 'publishedAt': '2022-10-22T20:19:49Z', 'updatedAt': '2022-10-22T20:19:49Z'}}, 'canReply': True, 'totalReplyCount': 0, 'isPublic': True}",,UCXOgHqoGA2GH51CiCIADkwg,2022-10-22T20:19:49Z,Será que foi culpa do Bolsonaro ?,QURTSl9pM1I0Y1I5MkU4U1BEQ293S01wVi1NbHpKVkJnbld2ZFFGZjhkc3RCaXR2WTlSb2R0cmdxVktBU010cE9mQ3ZCWFgxOU4zS0tqWQ==,2023-06-08 15:04:31.190544
youtube#commentThread,tZb4wTMDyCypYZ8gyslksVEEqLs,UgzGxhJAjH9Uijr3Rd14AaABAg,"{'videoId': 'uuh1ydDwwrQ', 'topLevelComment': {'kind': 'youtube#comment', 'etag': 'j9Ut4OiuG_CrJCKFPNQ69dhAO4Y', 'id': 'UgzGxhJAjH9Uijr3Rd14AaABAg', 'snippet': {'videoId': 'uuh1ydDwwrQ', 'textDisplay': 'Este ai pelo jeito daqui uma semana vai se encontrado morto e dirão que foi suicídio.<br>E o professor ta passando pano para os comunas nos comentário', 'textOriginal': 'Este ai pelo jeito daqui uma semana vai se encontrado morto e dirão que foi suicídio.\\nE o professor ta passando pano para os comunas nos comentário', 'authorDisplayName': 'Altair Sanches', 'authorProfileImageUrl': 'https://yt3.ggpht.com/ytc/AGIKgqMi5X-eoBASI6Y17EMLr8yzNbmOJ0MIKtW5G3Iaz-Q=s48-c-k-c0x00ffffff-no-rj', 'authorChannelUrl': 'http://www.youtube.com/channel/UC5-rrc5MFD625KKSemVIixA', 'authorChannelId': {'value': 'UC5-rrc5MFD625KKSemVIixA'}, 'canRate': True, 'viewerRating': 'none', 'likeCount': 0, 'publishedAt': '2022-10-22T20:19:46Z', 'updatedAt': '2022-10-22T20:22:59Z'}}, 'canReply': True, 'totalReplyCount': 0, 'isPublic': True}",,UC5-rrc5MFD625KKSemVIixA,2022-10-22T20:19:46Z,"Este ai pelo jeito daqui uma semana vai se encontrado morto e dirão que foi suicídio.
E o professor ta passando pano para os comunas nos comentário",QURTSl9pM1I0Y1I5MkU4U1BEQ293S01wVi1NbHpKVkJnbld2ZFFGZjhkc3RCaXR2WTlSb2R0cmdxVktBU010cE9mQ3ZCWFgxOU4zS0tqWQ==,2023-06-08 15:04:31.190544
youtube#commentThread,6dVHsE-lkZhefA5v5M83nVsYLEM,Ugzi2RGUTn0Fb-9vc-N4AaABAg,"{'videoId': 'uuh1ydDwwrQ', 'topLevelComment': {'kind': 'youtube#comment', 'etag': 'ghx1JNJemVMFjmJMbNTb83jPnrY', 'id': 'Ugzi2RGUTn0Fb-9vc-N4AaABAg', 'snippet': {'videoId': 'uuh1ydDwwrQ', 'textDisplay': 'O Alexandre de Moraes mandou retirar ele', 'textOriginal': 'O Alexandre de Moraes mandou retirar ele', 'authorDisplayName': 'Maria luzanira martins de melo', 'authorProfileImageUrl': 'https://yt3.ggpht.com/6daa7cRs0034vTOY7Ao9J4FeG7p2TDX6IgRaPdddjKa-ntu5LTjAr_fCd2rMekReudtjMC19=s48-c-k-c0x00ffffff-no-rj', 'authorChannelUrl': 'http://www.youtube.com/channel/UCOmARtNKslOyBAD_x0Rv1wQ', 'authorChannelId': {'value': 'UCOmARtNKslOyBAD_x0Rv1wQ'}, 'canRate': True, 'viewerRating': 'none', 'likeCount': 0, 'publishedAt': '2022-10-22T20:19:26Z', 'updatedAt': '2022-10-22T20:19:26Z'}}, 'canReply': True, 'totalReplyCount': 0, 'isPublic': True}",,UCOmARtNKslOyBAD_x0Rv1wQ,2022-10-22T20:19:26Z,O Alexandre de Moraes mandou retirar ele,QURTSl9pM1I0Y1I5MkU4U1BEQ293S01wVi1NbHpKVkJnbld2ZFFGZjhkc3RCaXR2WTlSb2R0cmdxVktBU010cE9mQ3ZCWFgxOU4zS0tqWQ==,2023-06-08 15:04:31.190544
youtube#commentThread,7eTx_uGi07frnHMphrXc-FK7Ndg,UgzATJS-4OcCbM_B5DJ4AaABAg,"{'videoId': 'uuh1ydDwwrQ', 'topLevelComment': {'kind': 'youtube#comment', 'etag': 'uIFHB4YH_KNUdAYnJ983PcKl-kM', 'id': 'UgzATJS-4OcCbM_B5DJ4AaABAg', 'snippet': {'videoId': 'uuh1ydDwwrQ', 'textDisplay': 'Não estava se sentindo bem justifica ser retirado claramente a força do ambiente? Fora o visível constrangimento..com certeza foi essa a causa podem confiar! 👍🏻👏🏻👏🏻', 'textOriginal': 'Não estava se sentindo bem justifica ser retirado claramente a força do ambiente? Fora o visível constrangimento..com certeza foi essa a causa podem confiar! 👍🏻👏🏻👏🏻', 'authorDisplayName': 'José Luís', 'authorProfileImageUrl': 'https://yt3.ggpht.com/ytc/AGIKgqNtx26HVtYexxRVtisrWv26SO0FpvBsvRZ8JShrtbNO6341yCpm7NhcOXLmsZGH=s48-c-k-c0x00ffffff-no-rj', 'authorChannelUrl': 'http://www.youtube.com/channel/UC2Y7Bhj2Ren2LB251kwJWUQ', 'authorChannelId': {'value': 'UC2Y7Bhj2Ren2LB251kwJWUQ'}, 'canRate': True, 'viewerRating': 'none', 'likeCount': 21, 'publishedAt': '2022-10-22T20:16:16Z', 'updatedAt': '2022-10-22T20:16:16Z'}}, 'canReply': True, 'totalReplyCount': 0, 'isPublic': True}",,UC2Y7Bhj2Ren2LB251kwJWUQ,2022-10-22T20:16:16Z,Não estava se sentindo bem justifica ser retirado claramente a força do ambiente? Fora o visível constrangimento..com certeza foi essa a causa podem confiar! 👍🏻👏🏻👏🏻,QURTSl9pM1I0Y1I5MkU4U1BEQ293S01wVi1NbHpKVkJnbld2ZFFGZjhkc3RCaXR2WTlSb2R0cmdxVktBU010cE9mQ3ZCWFgxOU4zS0tqWQ==,2023-06-08 15:04:31.190544
youtube#commentThread,68CT8zH3dhDLyZBVadfVfED5BQA,Ugy6ITZDThGXQcok5wp4AaABAg,"{'videoId': 'uuh1ydDwwrQ', 'topLevelComment': {'kind': 'youtube#comment', 'etag': 'HqMFKd7FOVppJytjK_eDEiCFrjk', 'id': 'Ugy6ITZDThGXQcok5wp4AaABAg', 'snippet': {'videoId': 'uuh1ydDwwrQ', 'textDisplay': 'PROFESSORES CUMUNISTAS DEFENDEM AS CAGADAS DOS CUMUNISTAS ATÉ NÃO SENDO CHINÊS', 'textOriginal': 'PROFESSORES CUMUNISTAS DEFENDEM AS CAGADAS DOS CUMUNISTAS ATÉ NÃO SENDO CHINÊS', 'authorDisplayName': 'Odair Melo azedo', 'authorProfileImageUrl': 'https://yt3.ggpht.com/ytc/AGIKgqMrmdyABtts_7MXO0krWL29N9naG0K1lKee3TBvC8-n0hqntU-ddjKG4S5GISBj=s48-c-k-c0x00ffffff-no-rj', 'authorChannelUrl': 'http://www.youtube.com/channel/UCfYsXGNEI8P7yZGw7ZFcudA', 'authorChannelId': {'value': 'UCfYsXGNEI8P7yZGw7ZFcudA'}, 'canRate': True, 'viewerRating': 'none', 'likeCount': 0, 'publishedAt': '2022-10-22T20:15:58Z', 'updatedAt': '2022-10-22T20:15:58Z'}}, 'canReply': True, 'totalReplyCount': 0, 'isPublic': True}",,UCfYsXGNEI8P7yZGw7ZFcudA,2022-10-22T20:15:58Z,PROFESSORES CUMUNISTAS DEFENDEM AS CAGADAS DOS CUMUNISTAS ATÉ NÃO SENDO CHINÊS,QURTSl9pM1I0Y1I5MkU4U1BEQ293S01wVi1NbHpKVkJnbld2ZFFGZjhkc3RCaXR2WTlSb2R0cmdxVktBU010cE9mQ3ZCWFgxOU4zS0tqWQ==,2023-06-08 15:04:31.190544
youtube#commentThread,jSvlM1N0jhkDEgJ5I8kg3sOeko4,Ugzj8mBmObynjimriB54AaABAg,"{'videoId': 'uuh1ydDwwrQ', 'topLevelComment': {'kind': 'youtube#comment', 'etag': 'JTgS_TCe_QUndO2u9L0N11gbB38', 'id': 'Ugzj8mBmObynjimriB54AaABAg', 'snippet': {'videoId': 'uuh1ydDwwrQ', 'textDisplay': 'este comentarista esta vendo outro vídeo, não e possível que esteja comentando o vídeo da jovem Pan. É nítido que ele é retirado.', 'textOriginal': 'este comentarista esta vendo outro vídeo, não e possível que esteja comentando o vídeo da jovem Pan. É nítido que ele é retirado.', 'authorDisplayName': 'TALMIDIMYESHUA', 'authorProfileImageUrl': 'https://yt3.ggpht.com/fheOGG7Zr_0EbNqJg0MQmnpt-uwh4hQ3benMwBX1X53XzEfAJGlJee0oByb8P88Yj84QkwFF=s48-c-k-c0x00ffffff-no-rj', 'authorChannelUrl': 'http://www.youtube.com/channel/UCk0BfVyQlvxr2TEVZs_12IA', 'authorChannelId': {'value': 'UCk0BfVyQlvxr2TEVZs_12IA'}, 'canRate': True, 'viewerRating': 'none', 'likeCount': 0, 'publishedAt': '2022-10-22T20:15:56Z', 'updatedAt': '2022-10-22T20:15:56Z'}}, 'canReply': True, 'totalReplyCount': 1, 'isPublic': True}","{'comments': [{'kind': 'youtube#comment', 'etag': 'Sts6vosa3y_kK8pIOi24dPUhqEU', 'id': 'Ugzj8mBmObynjimriB54AaABAg.9hVMvCFQRas9hVY0iqrpSR', 'snippet': {'videoId': 'uuh1ydDwwrQ', 'textDisplay': 'Vai virar biscoito . Nunca como comida chinesa', 'textOriginal': 'Vai virar biscoito . Nunca como comida chinesa', 'parentId': 'Ugzj8mBmObynjimriB54AaABAg', 'authorDisplayName': 'jason batista', 'authorProfileImageUrl': 'https://yt3.ggpht.com/ytc/AGIKgqPqS6bX0ugugn5MVJvQlHP3D-8wLJEhegCaJQ=s48-c-k-c0x00ffffff-no-rj', 'authorChannelUrl': 'http://www.youtube.com/channel/UC4ak73PIHqsHKI40LvvR7Tg', 'authorChannelId': {'value': 'UC4ak73PIHqsHKI40LvvR7Tg'}, 'canRate': True, 'viewerRating': 'none', 'likeCount': 0, 'publishedAt': '2022-10-22T21:52:57Z', 'updatedAt': '2022-10-22T21:52:57Z'}}]}",UCk0BfVyQlvxr2TEVZs_12IA,2022-10-22T20:15:56Z,"este comentarista esta vendo outro vídeo, não e possível que esteja comentando o vídeo da jovem Pan. É nítido que ele é retirado.",QURTSl9pM1I0Y1I5MkU4U1BEQ293S01wVi1NbHpKVkJnbld2ZFFGZjhkc3RCaXR2WTlSb2R0cmdxVktBU010cE9mQ3ZCWFgxOU4zS0tqWQ==,2023-06-08 15:04:31.190544
youtube#commentThread,4D1o05jPFdjiucauEDRGwk0-XA8,UgxVSjb_uXWHQxsiEVB4AaABAg,"{'videoId': 'uuh1ydDwwrQ', 'topLevelComment': {'kind': 'youtube#comment', 'etag': 'fg4J6aIXK6Veq213D3V05Zc8ux8', 'id': 'UgxVSjb_uXWHQxsiEVB4AaABAg', 'snippet': {'videoId': 'uuh1ydDwwrQ', 'textDisplay': '&quot; Brasil acima de tudo, Deus acima de todos &quot;.', 'textOriginal': '"" Brasil acima de tudo, Deus acima de todos "".', 'authorDisplayName': 'Lusmar Tenorio', 'authorProfileImageUrl': 'https://yt3.ggpht.com/ytc/AGIKgqNBYZVdnH-Jn4OM8UHJD6FUVg-5W0rEEJjyVQgxfgKR0P_l1-aOeCpAC_Uyzi9k=s48-c-k-c0x00ffffff-no-rj', 'authorChannelUrl': 'http://www.youtube.com/channel/UCNjmS18rAQn1Ah8oECncRRA', 'authorChannelId': {'value': 'UCNjmS18rAQn1Ah8oECncRRA'}, 'canRate': True, 'viewerRating': 'none', 'likeCount': 3, 'publishedAt': '2022-10-22T20:15:43Z', 'updatedAt': '2022-10-22T20:15:43Z'}}, 'canReply': True, 'totalReplyCount': 0, 'isPublic': True}",,UCNjmS18rAQn1Ah8oECncRRA,2022-10-22T20:15:43Z,""" Brasil acima de tudo, Deus acima de todos "".",QURTSl9pM1I0Y1I5MkU4U1BEQ293S01wVi1NbHpKVkJnbld2ZFFGZjhkc3RCaXR2WTlSb2R0cmdxVktBU010cE9mQ3ZCWFgxOU4zS0tqWQ==,2023-06-08 15:04:31.190544
youtube#commentThread,kgiv04p36L0gQMNgquDhHzJ-AA4,UgyMp3GLZwu3RvUhX_l4AaABAg,"{'videoId': 'uuh1ydDwwrQ', 'topLevelComment': {'kind': 'youtube#comment', 'etag': 'U8tLyur4aIfIa76yrrdHuoPsVcI', 'id': 'UgyMp3GLZwu3RvUhX_l4AaABAg', 'snippet': {'videoId': 'uuh1ydDwwrQ', 'textDisplay': 'Realmente, essa &quot;democracia&quot; chinesa é uma grande ironia. Destaco que não vemos nenhuma feminista esquerdista reclamando sobre discriminação e machismo, por serem pouquíssimas mulheres na liderança do Partido Comunista Chinês. Muito estranha essa &quot;democracia do pensamento único &quot;, que é a ditadura chinesa, sem igualdade, sem pluralidade.', 'textOriginal': 'Realmente, essa ""democracia"" chinesa é uma grande ironia. Destaco que não vemos nenhuma feminista esquerdista reclamando sobre discriminação e machismo, por serem pouquíssimas mulheres na liderança do Partido Comunista Chinês. Muito estranha essa ""democracia do pensamento único "", que é a ditadura chinesa, sem igualdade, sem pluralidade.', 'authorDisplayName': 'Clodomiro Marchetti', 'authorProfileImageUrl': 'https://yt3.ggpht.com/ytc/AGIKgqPXF6aHFK9tUmks8eT8QHeFNW4jVUfYj9D1RwdxpQ=s48-c-k-c0x00ffffff-no-rj', 'authorChannelUrl': 'http://www.youtube.com/channel/UCTb2p-BJWzlzTtgJaXAYcHg', 'authorChannelId': {'value': 'UCTb2p-BJWzlzTtgJaXAYcHg'}, 'canRate': True, 'viewerRating': 'none', 'likeCount': 0, 'publishedAt': '2022-10-22T20:15:01Z', 'updatedAt': '2022-10-22T20:15:01Z'}}, 'canReply': True, 'totalReplyCount': 0, 'isPublic': True}",,UCTb2p-BJWzlzTtgJaXAYcHg,2022-10-22T20:15:01Z,"Realmente, essa ""democracia"" chinesa é uma grande ironia. Destaco que não vemos nenhuma feminista esquerdista reclamando sobre discriminação e machismo, por serem pouquíssimas mulheres na liderança do Partido Comunista Chinês. Muito estranha essa ""democracia do pensamento único "", que é a ditadura chinesa, sem igualdade, sem pluralidade.",QURTSl9pM0Q1UHhUTXVYZ2ktbVJBbDJkbWVsLWxXMmlyOUxMRExtLUJYcHFaTmc1ZHQxS0R2Z0FlRl9JazRmRWU5aF9vX3dNcTJ2MkdkQQ==,2023-06-08 15:04:32.156352
youtube#commentThread,Zs66NUyq16ib6SLa3KJ1rbN7HXk,Ugy446LSGeQKYkdrTwh4AaABAg,"{'videoId': 'uuh1ydDwwrQ', 'topLevelComment': {'kind': 'youtube#comment', 'etag': '5Cy2_q6YiM91Z0QpTeHVxjypboI', 'id': 'Ugy446LSGeQKYkdrTwh4AaABAg', 'snippet': {'videoId': 'uuh1ydDwwrQ', 'textDisplay': 'Assim funciona a &quot;excelente liberade&quot; Comunista! Interessante como esses &quot;especialistas&quot; muito bem pagos para defender o indefensável na mídia.', 'textOriginal': 'Assim funciona a ""excelente liberade"" Comunista! Interessante como esses ""especialistas"" muito bem pagos para defender o indefensável na mídia.', 'authorDisplayName': 'Erique Chaves', 'authorProfileImageUrl': 'https://yt3.ggpht.com/ytc/AGIKgqMorRiwK7OozliJCuy0Uv_KGNoYGkA4ftJ5scQuc7N10FGCEbKbBj81JYYQrYUk=s48-c-k-c0x00ffffff-no-rj', 'authorChannelUrl': 'http://www.youtube.com/channel/UCG0kOySxuAqU1Fbl6fiUbOw', 'authorChannelId': {'value': 'UCG0kOySxuAqU1Fbl6fiUbOw'}, 'canRate': True, 'viewerRating': 'none', 'likeCount': 0, 'publishedAt': '2022-10-22T20:14:28Z', 'updatedAt': '2022-10-22T20:14:28Z'}}, 'canReply': True, 'totalReplyCount': 0, 'isPublic': True}",,UCG0kOySxuAqU1Fbl6fiUbOw,2022-10-22T20:14:28Z,"Assim funciona a ""excelente liberade"" Comunista! Interessante como esses ""especialistas"" muito bem pagos para defender o indefensável na mídia.",QURTSl9pM0Q1UHhUTXVYZ2ktbVJBbDJkbWVsLWxXMmlyOUxMRExtLUJYcHFaTmc1ZHQxS0R2Z0FlRl9JazRmRWU5aF9vX3dNcTJ2MkdkQQ==,2023-06-08 15:04:32.156352
youtube#commentThread,x6kggPJaznjEqTsJrMdJpKh6SLE,UgypnH0pbcJXgNa-DUJ4AaABAg,"{'videoId': 'uuh1ydDwwrQ', 'topLevelComment': {'kind': 'youtube#comment', 'etag': 'dIgZJ1Kdnk7N-RhfgH3CkYQRdKI', 'id': 'UgypnH0pbcJXgNa-DUJ4AaABAg', 'snippet': {'videoId': 'uuh1ydDwwrQ', 'textDisplay': '“Democracia chinesa” e o professor é da diplomacia chinesa?', 'textOriginal': '“Democracia chinesa” e o professor é da diplomacia chinesa?', 'authorDisplayName': 'Luciano Zakir Jorge', 'authorProfileImageUrl': 'https://yt3.ggpht.com/ytc/AGIKgqPopbTX2i2YYsLvyAkLcI9oUbxMmRMag5m3Kw=s48-c-k-c0x00ffffff-no-rj', 'authorChannelUrl': 'http://www.youtube.com/channel/UCQL5Dny9SW8Sg_Na4lV5Wtw', 'authorChannelId': {'value': 'UCQL5Dny9SW8Sg_Na4lV5Wtw'}, 'canRate': True, 'viewerRating': 'none', 'likeCount': 7, 'publishedAt': '2022-10-22T20:13:59Z', 'updatedAt': '2022-10-22T20:13:59Z'}}, 'canReply': True, 'totalReplyCount': 0, 'isPublic': True}",,UCQL5Dny9SW8Sg_Na4lV5Wtw,2022-10-22T20:13:59Z,“Democracia chinesa” e o professor é da diplomacia chinesa?,QURTSl9pM0Q1UHhUTXVYZ2ktbVJBbDJkbWVsLWxXMmlyOUxMRExtLUJYcHFaTmc1ZHQxS0R2Z0FlRl9JazRmRWU5aF9vX3dNcTJ2MkdkQQ==,2023-06-08 15:04:32.156352
youtube#commentThread,w7Ox7XiNnhfJ_rN0RXel9ZmBePw,UgxHmhKufW_Gy1SOwZp4AaABAg,"{'videoId': 'uuh1ydDwwrQ', 'topLevelComment': {'kind': 'youtube#comment', 'etag': 'jawBiSctuC0uXIDD9akbpoPQPgg', 'id': 'UgxHmhKufW_Gy1SOwZp4AaABAg', 'snippet': {'videoId': 'uuh1ydDwwrQ', 'textDisplay': 'É sempre assim, uma breve conferência que vai levá-lo para um campo de trabalho forçado.', 'textOriginal': 'É sempre assim, uma breve conferência que vai levá-lo para um campo de trabalho forçado.', 'authorDisplayName': 'Fernando Aguilar', 'authorProfileImageUrl': 'https://yt3.ggpht.com/ytc/AGIKgqNp6vz9x1DL8aD3qt_gXxYq9LIxDJmWIDRgpg1t=s48-c-k-c0x00ffffff-no-rj', 'authorChannelUrl': 'http://www.youtube.com/channel/UCg7gqeIgsES3Z0JUJ5JhVTQ', 'authorChannelId': {'value': 'UCg7gqeIgsES3Z0JUJ5JhVTQ'}, 'canRate': True, 'viewerRating': 'none', 'likeCount': 10, 'publishedAt': '2022-10-22T20:13:44Z', 'updatedAt': '2022-10-22T20:13:44Z'}}, 'canReply': True, 'totalReplyCount': 0, 'isPublic': True}",,UCg7gqeIgsES3Z0JUJ5JhVTQ,2022-10-22T20:13:44Z,"É sempre assim, uma breve conferência que vai levá-lo para um campo de trabalho forçado.",QURTSl9pM0Q1UHhUTXVYZ2ktbVJBbDJkbWVsLWxXMmlyOUxMRExtLUJYcHFaTmc1ZHQxS0R2Z0FlRl9JazRmRWU5aF9vX3dNcTJ2MkdkQQ==,2023-06-08 15:04:32.156352
youtube#commentThread,cxudt7pysRkRxiG1VFlRLyN2a2s,UgzILv1F5o-xNJ4m2QF4AaABAg,"{'videoId': 'uuh1ydDwwrQ', 'topLevelComment': {'kind': 'youtube#comment', 'etag': 'sdRweFH5e92Q6jPzpMGoH1xEcqw', 'id': 'UgzILv1F5o-xNJ4m2QF4AaABAg', 'snippet': {'videoId': 'uuh1ydDwwrQ', 'textDisplay': 'Mentira taiwan é independente sim, tem Presidente e tem veredito popular', 'textOriginal': 'Mentira taiwan é independente sim, tem Presidente e tem veredito popular', 'authorDisplayName': 'Krysmam Coelho', 'authorProfileImageUrl': 'https://yt3.ggpht.com/ytc/AGIKgqNmvflqyyUodmi7aaCMUQVlC8UrTJmGqma6OA=s48-c-k-c0x00ffffff-no-rj', 'authorChannelUrl': 'http://www.youtube.com/channel/UC7zXZ0NqLJ_9qiLrtQ-nf2Q', 'authorChannelId': {'value': 'UC7zXZ0NqLJ_9qiLrtQ-nf2Q'}, 'canRate': True, 'viewerRating': 'none', 'likeCount': 0, 'publishedAt': '2022-10-22T20:13:03Z', 'updatedAt': '2022-10-22T20:13:03Z'}}, 'canReply': True, 'totalReplyCount': 0, 'isPublic': True}",,UC7zXZ0NqLJ_9qiLrtQ-nf2Q,2022-10-22T20:13:03Z,"Mentira taiwan é independente sim, tem Presidente e tem veredito popular",QURTSl9pM0Q1UHhUTXVYZ2ktbVJBbDJkbWVsLWxXMmlyOUxMRExtLUJYcHFaTmc1ZHQxS0R2Z0FlRl9JazRmRWU5aF9vX3dNcTJ2MkdkQQ==,2023-06-08 15:04:32.156352
youtube#commentThread,ipcQ_WLfBFK4eJMjNG2sL6bZ9yM,Ugxigg2cj3eeVxv1TDh4AaABAg,"{'videoId': 'uuh1ydDwwrQ', 'topLevelComment': {'kind': 'youtube#comment', 'etag': 'ICO1h-vAv8CjMJLViJbozRKrezM', 'id': 'Ugxigg2cj3eeVxv1TDh4AaABAg', 'snippet': {'videoId': 'uuh1ydDwwrQ', 'textDisplay': '&quot; Nada fora do normal &quot; diz o professor consultor chinês. De fato, nada fora do normal na CHINA.', 'textOriginal': '"" Nada fora do normal "" diz o professor consultor chinês. De fato, nada fora do normal na CHINA.', 'authorDisplayName': 'PascoaI Andreta', 'authorProfileImageUrl': 'https://yt3.ggpht.com/ytc/AGIKgqNv1sUbYyKjGVR6qg1BrmeAYZQyUwcVbY7Jdw=s48-c-k-c0x00ffffff-no-rj', 'authorChannelUrl': 'http://www.youtube.com/channel/UCbQQemwMhaYUZYb7jnGxVoA', 'authorChannelId': {'value': 'UCbQQemwMhaYUZYb7jnGxVoA'}, 'canRate': True, 'viewerRating': 'none', 'likeCount': 22, 'publishedAt': '2022-10-22T20:12:23Z', 'updatedAt': '2022-10-22T20:13:25Z'}}, 'canReply': True, 'totalReplyCount': 7, 'isPublic': True}","{'comments': [{'kind': 'youtube#comment', 'etag': 'xMVpzlJMBwHUebilaO8AI7TRq7k', 'id': 'Ugxigg2cj3eeVxv1TDh4AaABAg.9hVMW93HIe_9hgrafE0Htk', 'snippet': {'videoId': 'uuh1ydDwwrQ', 'textDisplay': '@Luiz e a nossa democracia é linda, né? Podemos falar o que queremos enquanto nada muda a nosso favor. Que incrível modelo!', 'textOriginal': '@Luiz e a nossa democracia é linda, né? Podemos falar o que queremos enquanto nada muda a nosso favor. Que incrível modelo!', 'parentId': 'Ugxigg2cj3eeVxv1TDh4AaABAg', 'authorDisplayName': 'Ferreira', 'authorProfileImageUrl': 'https://yt3.ggpht.com/ytc/AGIKgqOrDdLXSGbtfFm5ZKR1Pm4oZM774r5Ssu2D3A=s48-c-k-c0x00ffffff-no-rj', 'authorChannelUrl': 'http://www.youtube.com/channel/UCIEha7BoEo_gwmDjtacxkGQ', 'authorChannelId': {'value': 'UCIEha7BoEo_gwmDjtacxkGQ'}, 'canRate': True, 'viewerRating': 'none', 'likeCount': 0, 'publishedAt': '2022-10-27T16:43:38Z', 'updatedAt': '2022-10-27T16:43:38Z'}}, {'kind': 'youtube#comment', 'etag': '7jYNnFVtBS3aqwF4_v0syZhrA1U', 'id': 'Ugxigg2cj3eeVxv1TDh4AaABAg.9hVMW93HIe_9hgrVqTwR2X', 'snippet': {'videoId': 'uuh1ydDwwrQ', 'textDisplay': '@Luiz isso é o que tu acha, esse senhor é exaltado na China. Ele foi acompanhado por ser idoso, sabe-se lá o porquê dele ter saído.', 'textOriginal': '@Luiz isso é o que tu acha, esse senhor é exaltado na China. Ele foi acompanhado por ser idoso, sabe-se lá o porquê dele ter saído.', 'parentId': 'Ugxigg2cj3eeVxv1TDh4AaABAg', 'authorDisplayName': 'Ferreira', 'authorProfileImageUrl': 'https://yt3.ggpht.com/ytc/AGIKgqOrDdLXSGbtfFm5ZKR1Pm4oZM774r5Ssu2D3A=s48-c-k-c0x00ffffff-no-rj', 'authorChannelUrl': 'http://www.youtube.com/channel/UCIEha7BoEo_gwmDjtacxkGQ', 'authorChannelId': {'value': 'UCIEha7BoEo_gwmDjtacxkGQ'}, 'canRate': True, 'viewerRating': 'none', 'likeCount': 0, 'publishedAt': '2022-10-27T16:42:50Z', 'updatedAt': '2022-10-27T16:42:50Z'}}, {'kind': 'youtube#comment', 'etag': 'TstBwsAJjzAgzTjqt_OeU5gFPK4', 'id': 'Ugxigg2cj3eeVxv1TDh4AaABAg.9hVMW93HIe_9hgp-KScUZj', 'snippet': {'videoId': 'uuh1ydDwwrQ', 'textDisplay': '@Ferreira é, a china é uma democracia....kkk<br><br>vimos um expurgo AO VIVO...igual ao que Saddam fez em 1979 no congresso iraquiano...foi a mesma coisa.. tem imagens no YT do Saddam fazendo igual', 'textOriginal': '@Ferreira é, a china é uma democracia....kkk\\n\\nvimos um expurgo AO VIVO...igual ao que Saddam fez em 1979 no congresso iraquiano...foi a mesma coisa.. tem imagens no YT do Saddam fazendo igual', 'parentId': 'Ugxigg2cj3eeVxv1TDh4AaABAg', 'authorDisplayName': 'Luiz', 'authorProfileImageUrl': 'https://yt3.ggpht.com/he6n8u83cCCtrX-55qfwVgOY3UAuHj5hqhyXgEsuuQn3z13Nb_OPAmU_ZvCWjZX4g9rmw8cBPQ=s48-c-k-c0x00ffffff-no-rj', 'authorChannelUrl': 'http://www.youtube.com/channel/UCoGq_643DhWQzGsc1YuVFug', 'authorChannelId': {'value': 'UCoGq_643DhWQzGsc1YuVFug'}, 'canRate': True, 'viewerRating': 'none', 'likeCount': 0, 'publishedAt': '2022-10-27T16:20:56Z', 'updatedAt': '2022-10-27T16:21:37Z'}}, {'kind': 'youtube#comment', 'etag': 'bk9WRK23Ez4kEqZhI5YLhlyoO_4', 'id': 'Ugxigg2cj3eeVxv1TDh4AaABAg.9hVMW93HIe_9hWLYXL77DP', 'snippet': {'videoId': 'uuh1ydDwwrQ', 'textDisplay': '@Ferreira concordo. Super normal mundo a fora parlamentares serem retirados por seguranças, acontece o tempo todo.', 'textOriginal': '@Ferreira concordo. Super normal mundo a fora parlamentares serem retirados por seguranças, acontece o tempo todo.', 'parentId': 'Ugxigg2cj3eeVxv1TDh4AaABAg', 'authorDisplayName': 'Marcos Vinicius Pereira Nunes', 'authorProfileImageUrl': 'https://yt3.ggpht.com/ytc/AGIKgqNwHoLaYtbTSkmI9J-sh4U5dPQkQmIEhb5Tiw=s48-c-k-c0x00ffffff-no-rj', 'authorChannelUrl': 'http://www.youtube.com/channel/UCflqUWsGgx5XT8Agk0VPyVQ', 'authorChannelId': {'value': 'UCflqUWsGgx5XT8Agk0VPyVQ'}, 'canRate': True, 'viewerRating': 'none', 'likeCount': 2, 'publishedAt': '2022-10-23T05:23:12Z', 'updatedAt': '2022-10-23T05:23:12Z'}}, {'kind': 'youtube#comment', 'etag': 'ahrOK9BNNte0f-FAgy1O96EjdFo', 'id': 'Ugxigg2cj3eeVxv1TDh4AaABAg.9hVMW93HIe_9hVNu3ur569', 'snippet': {'videoId': 'uuh1ydDwwrQ', 'textDisplay': '@Ferreira ten razão, estou sendo preconceituoso com a naior DEMOCRACIA do planeta...', 'textOriginal': '@Ferreira ten razão, estou sendo preconceituoso com a naior DEMOCRACIA do planeta...', 'parentId': 'Ugxigg2cj3eeVxv1TDh4AaABAg', 'authorDisplayName': 'PascoaI Andreta', 'authorProfileImageUrl': 'https://yt3.ggpht.com/ytc/AGIKgqNv1sUbYyKjGVR6qg1BrmeAYZQyUwcVbY7Jdw=s48-c-k-c0x00ffffff-no-rj', 'authorChannelUrl': 'http://www.youtube.com/channel/UCbQQemwMhaYUZYb7jnGxVoA', 'authorChannelId': {'value': 'UCbQQemwMhaYUZYb7jnGxVoA'}, 'canRate': True, 'viewerRating': 'none', 'likeCount': 1, 'publishedAt': '2022-10-22T20:24:31Z', 'updatedAt': '2022-10-22T20:24:31Z'}}]}",UCbQQemwMhaYUZYb7jnGxVoA,2022-10-22T20:12:23Z,""" Nada fora do normal "" diz o professor consultor chinês. De fato, nada fora do normal na CHINA.",QURTSl9pM0Q1UHhUTXVYZ2ktbVJBbDJkbWVsLWxXMmlyOUxMRExtLUJYcHFaTmc1ZHQxS0R2Z0FlRl9JazRmRWU5aF9vX3dNcTJ2MkdkQQ==,2023-06-08 15:04:32.156352
youtube#commentThread,UepNM75uAUj95oMX4sUZSXWKeyM,UgwB35kg1Uyss5iWvTp4AaABAg,"{'videoId': 'uuh1ydDwwrQ', 'topLevelComment': {'kind': 'youtube#comment', 'etag': 'mvY0zblMbUcyHbbeJnUJZfCE0gs', 'id': 'UgwB35kg1Uyss5iWvTp4AaABAg', 'snippet': {'videoId': 'uuh1ydDwwrQ', 'textDisplay': 'Senas como estas serão comuns aqui, caso o larápio ganhe.', 'textOriginal': 'Senas como estas serão comuns aqui, caso o larápio ganhe.', 'authorDisplayName': 'Wellington MPacheco', 'authorProfileImageUrl': 'https://yt3.ggpht.com/qofVJ9-TPKz9Lm1wG0mNC5PFIeZHr9F8icBHJVOCx_UGgerkA2FeACUIMquKdnV25E2SHDoD=s48-c-k-c0x00ffffff-no-rj', 'authorChannelUrl': 'http://www.youtube.com/channel/UCysgX3hIV_5NGnOspP9Ig8g', 'authorChannelId': {'value': 'UCysgX3hIV_5NGnOspP9Ig8g'}, 'canRate': True, 'viewerRating': 'none', 'likeCount': 7, 'publishedAt': '2022-10-22T20:11:51Z', 'updatedAt': '2022-10-22T20:11:51Z'}}, 'canReply': True, 'totalReplyCount': 0, 'isPublic': True}",,UCysgX3hIV_5NGnOspP9Ig8g,2022-10-22T20:11:51Z,"Senas como estas serão comuns aqui, caso o larápio ganhe.",QURTSl9pM0Q1UHhUTXVYZ2ktbVJBbDJkbWVsLWxXMmlyOUxMRExtLUJYcHFaTmc1ZHQxS0R2Z0FlRl9JazRmRWU5aF9vX3dNcTJ2MkdkQQ==,2023-06-08 15:04:32.156352
youtube#commentThread,DJVfDT7k2AbEXt4ELX190C3UqHA,UgxaBn80RVHD28TzzvB4AaABAg,"{'videoId': 'uuh1ydDwwrQ', 'topLevelComment': {'kind': 'youtube#comment', 'etag': 'IKbZrZXFlcLs6IcamH3Hk7Lstiw', 'id': 'UgxaBn80RVHD28TzzvB4AaABAg', 'snippet': {'videoId': 'uuh1ydDwwrQ', 'textDisplay': 'Olha aí a Democracia vermelhinha como é...', 'textOriginal': 'Olha aí a Democracia vermelhinha como é...', 'authorDisplayName': 'Jaguatirica Imediata', 'authorProfileImageUrl': 'https://yt3.ggpht.com/ytc/AGIKgqPzwQdMH-8vj5yPWwEmUMVYea_9B2Zm4uua0gXlt3X8tjBQPvRK_YaSeKjf9XHw=s48-c-k-c0x00ffffff-no-rj', 'authorChannelUrl': 'http://www.youtube.com/channel/UCA-feUIyb5zpL2twMrqqkRg', 'authorChannelId': {'value': 'UCA-feUIyb5zpL2twMrqqkRg'}, 'canRate': True, 'viewerRating': 'none', 'likeCount': 5, 'publishedAt': '2022-10-22T20:11:50Z', 'updatedAt': '2022-10-22T20:11:50Z'}}, 'canReply': True, 'totalReplyCount': 0, 'isPublic': True}",,UCA-feUIyb5zpL2twMrqqkRg,2022-10-22T20:11:50Z,Olha aí a Democracia vermelhinha como é...,QURTSl9pM0Q1UHhUTXVYZ2ktbVJBbDJkbWVsLWxXMmlyOUxMRExtLUJYcHFaTmc1ZHQxS0R2Z0FlRl9JazRmRWU5aF9vX3dNcTJ2MkdkQQ==,2023-06-08 15:04:32.156352
youtube#commentThread,8v1O89Wq4B3c1ll11P90NhrgV1U,Ugzv2w1UGixdumtfjzp4AaABAg,"{'videoId': 'uuh1ydDwwrQ', 'topLevelComment': {'kind': 'youtube#comment', 'etag': 'ikIyXKenzmNQ74OCxPbChPE-bsU', 'id': 'Ugzv2w1UGixdumtfjzp4AaABAg', 'snippet': {'videoId': 'uuh1ydDwwrQ', 'textDisplay': 'gostei desta forma de governo , eles vão chamar o stf dé lá kkkkkk.. viva china , viva chi..<a href=""about:invalid#zCSafez""></a>', 'textOriginal': 'gostei desta forma de governo , eles vão chamar o stf dé lá kkkkkk.. viva china , viva chi..', 'authorDisplayName': 'omar r. da silva', 'authorProfileImageUrl': 'https://yt3.ggpht.com/ytc/AGIKgqNXTXZ0SguWw3tnGoaxq3k0NH4GEgtPpTjdUw=s48-c-k-c0x00ffffff-no-rj', 'authorChannelUrl': 'http://www.youtube.com/channel/UCm34xx1YC6kzHu4gHLIQAcA', 'authorChannelId': {'value': 'UCm34xx1YC6kzHu4gHLIQAcA'}, 'canRate': True, 'viewerRating': 'none', 'likeCount': 0, 'publishedAt': '2022-10-22T20:11:02Z', 'updatedAt': '2022-10-22T20:11:02Z'}}, 'canReply': True, 'totalReplyCount': 0, 'isPublic': True}",,UCm34xx1YC6kzHu4gHLIQAcA,2022-10-22T20:11:02Z,"gostei desta forma de governo , eles vão chamar o stf dé lá kkkkkk.. viva china , viva chi..",QURTSl9pM0Q1UHhUTXVYZ2ktbVJBbDJkbWVsLWxXMmlyOUxMRExtLUJYcHFaTmc1ZHQxS0R2Z0FlRl9JazRmRWU5aF9vX3dNcTJ2MkdkQQ==,2023-06-08 15:04:32.156352
youtube#commentThread,pQmjvnIf48Lgk-nZa9gAT76fq8M,Ugxjk4IS_l6rOMcMyCV4AaABAg,"{'videoId': 'uuh1ydDwwrQ', 'topLevelComment': {'kind': 'youtube#comment', 'etag': '2kGASpWDhT2wnkPMaFGh3GIzy90', 'id': 'Ugxjk4IS_l6rOMcMyCV4AaABAg', 'snippet': {'videoId': 'uuh1ydDwwrQ', 'textDisplay': 'Sem dúvidas. Foi execrado em público para servir de exemplo. Nunca mais o veram vivo. O prof. Ficou na moita kkkk', 'textOriginal': 'Sem dúvidas. Foi execrado em público para servir de exemplo. Nunca mais o veram vivo. O prof. Ficou na moita kkkk', 'authorDisplayName': 'Wellington MPacheco', 'authorProfileImageUrl': 'https://yt3.ggpht.com/qofVJ9-TPKz9Lm1wG0mNC5PFIeZHr9F8icBHJVOCx_UGgerkA2FeACUIMquKdnV25E2SHDoD=s48-c-k-c0x00ffffff-no-rj', 'authorChannelUrl': 'http://www.youtube.com/channel/UCysgX3hIV_5NGnOspP9Ig8g', 'authorChannelId': {'value': 'UCysgX3hIV_5NGnOspP9Ig8g'}, 'canRate': True, 'viewerRating': 'none', 'likeCount': 1, 'publishedAt': '2022-10-22T20:10:21Z', 'updatedAt': '2022-10-22T20:10:51Z'}}, 'canReply': True, 'totalReplyCount': 1, 'isPublic': True}","{'comments': [{'kind': 'youtube#comment', 'etag': '8btUmkrA2I3tWez4mPvi88fTeQ4', 'id': 'Ugxjk4IS_l6rOMcMyCV4AaABAg.9hVMHJmjw7L9hVOlJtWnUg', 'snippet': {'videoId': 'uuh1ydDwwrQ', 'textDisplay': 'Vão suicidá-lo em algum tempo...assim que ele assinar...porque fez isso...', 'textOriginal': 'Vão suicidá-lo em algum tempo...assim que ele assinar...porque fez isso...', 'parentId': 'Ugxjk4IS_l6rOMcMyCV4AaABAg', 'authorDisplayName': 'Tiburcio Nascimento', 'authorProfileImageUrl': 'https://yt3.ggpht.com/ytc/AGIKgqPYJ16XbloZp1nRif2q9UiINjE9b3aLcJFllVpYZmGF8L32gAvFuJ_fm0H5T6oa=s48-c-k-c0x00ffffff-no-rj', 'authorChannelUrl': 'http://www.youtube.com/channel/UCOpVT2WBtvOTmNgRgNreY3Q', 'authorChannelId': {'value': 'UCOpVT2WBtvOTmNgRgNreY3Q'}, 'canRate': True, 'viewerRating': 'none', 'likeCount': 0, 'publishedAt': '2022-10-22T20:32:04Z', 'updatedAt': '2022-10-22T20:32:04Z'}}]}",UCysgX3hIV_5NGnOspP9Ig8g,2022-10-22T20:10:21Z,Sem dúvidas. Foi execrado em público para servir de exemplo. Nunca mais o veram vivo. O prof. Ficou na moita kkkk,QURTSl9pM0Q1UHhUTXVYZ2ktbVJBbDJkbWVsLWxXMmlyOUxMRExtLUJYcHFaTmc1ZHQxS0R2Z0FlRl9JazRmRWU5aF9vX3dNcTJ2MkdkQQ==,2023-06-08 15:04:32.156352
youtube#commentThread,xt570Dd5VmC5c4ZRWFynTkoQHVU,UgywFxvNLXzWjJhQaN14AaABAg,"{'videoId': 'uuh1ydDwwrQ', 'topLevelComment': {'kind': 'youtube#comment', 'etag': '4Gxcuaxeofu4QLreRuQHK1bB7wc', 'id': 'UgywFxvNLXzWjJhQaN14AaABAg', 'snippet': {'videoId': 'uuh1ydDwwrQ', 'textDisplay': 'Jorge Soros avisou', 'textOriginal': 'Jorge Soros avisou', 'authorDisplayName': 'Bruno Ferrreira', 'authorProfileImageUrl': 'https://yt3.ggpht.com/ytc/AGIKgqN-iiuZkZCMku5LyUeajJixZLWWJhfr008yerazQXHY0DHDm58oKi4Hz3hEY2Rr=s48-c-k-c0x00ffffff-no-rj', 'authorChannelUrl': 'http://www.youtube.com/channel/UC3gG27aJleY7dK7dxchN9PA', 'authorChannelId': {'value': 'UC3gG27aJleY7dK7dxchN9PA'}, 'canRate': True, 'viewerRating': 'none', 'likeCount': 0, 'publishedAt': '2022-10-22T20:10:00Z', 'updatedAt': '2022-10-22T20:10:00Z'}}, 'canReply': True, 'totalReplyCount': 0, 'isPublic': True}",,UC3gG27aJleY7dK7dxchN9PA,2022-10-22T20:10:00Z,Jorge Soros avisou,QURTSl9pM0Q1UHhUTXVYZ2ktbVJBbDJkbWVsLWxXMmlyOUxMRExtLUJYcHFaTmc1ZHQxS0R2Z0FlRl9JazRmRWU5aF9vX3dNcTJ2MkdkQQ==,2023-06-08 15:04:32.156352
youtube#commentThread,mLcIHHc9A_YBP5nuTWXYFaeMU4g,UgxXGqmXBKbW691XS554AaABAg,"{'videoId': 'uuh1ydDwwrQ', 'topLevelComment': {'kind': 'youtube#comment', 'etag': 'jZkH-9EFjGE_su-rqqqxclgVhEs', 'id': 'UgxXGqmXBKbW691XS554AaABAg', 'snippet': {'videoId': 'uuh1ydDwwrQ', 'textDisplay': 'Qualquer semelhança com o futuro do Brasil com nine, é mera coincidência.', 'textOriginal': 'Qualquer semelhança com o futuro do Brasil com nine, é mera coincidência.', 'authorDisplayName': 'Guns&Roses', 'authorProfileImageUrl': 'https://yt3.ggpht.com/ytc/AGIKgqM9YobL72G7-UbaxapF2fIBsT9jnNXRDvn6_MxgY6mo3avc6ebMQo9qOUP3A05l=s48-c-k-c0x00ffffff-no-rj', 'authorChannelUrl': 'http://www.youtube.com/channel/UCHkKF3RIxQk_yrLmX214lYQ', 'authorChannelId': {'value': 'UCHkKF3RIxQk_yrLmX214lYQ'}, 'canRate': True, 'viewerRating': 'none', 'likeCount': 95, 'publishedAt': '2022-10-22T20:08:44Z', 'updatedAt': '2022-10-22T20:08:44Z'}}, 'canReply': True, 'totalReplyCount': 10, 'isPublic': True}","{'comments': [{'kind': 'youtube#comment', 'etag': 'rphq_55bxWAPcJkjhreFBLG2-lk', 'id': 'UgxXGqmXBKbW691XS554AaABAg.9hVM5UQvYlN9hiKDWbxctO', 'snippet': {'videoId': 'uuh1ydDwwrQ', 'textDisplay': '&quot;O pior inimigo de um comunista é um comunista que pensa diferente&quot;.  Professor Hélder Mavenda', 'textOriginal': '""O pior inimigo de um comunista é um comunista que pensa diferente"".  Professor Hélder Mavenda', 'parentId': 'UgxXGqmXBKbW691XS554AaABAg', 'authorDisplayName': 'Floedno Xcola', 'authorProfileImageUrl': 'https://yt3.ggpht.com/ytc/AGIKgqNtmYO2hYW7_u1ThvXCv3yRm3AeUF07AnUQTw=s48-c-k-c0x00ffffff-no-rj', 'authorChannelUrl': 'http://www.youtube.com/channel/UCzExdzEgqmbN3qGbAQLukKQ', 'authorChannelId': {'value': 'UCzExdzEgqmbN3qGbAQLukKQ'}, 'canRate': True, 'viewerRating': 'none', 'likeCount': 0, 'publishedAt': '2022-10-28T06:21:43Z', 'updatedAt': '2022-10-28T06:21:43Z'}}, {'kind': 'youtube#comment', 'etag': 's8glK2SiklHQDYhizWFlNx2uLXM', 'id': 'UgxXGqmXBKbW691XS554AaABAg.9hVM5UQvYlN9hgI4sc448d', 'snippet': {'videoId': 'uuh1ydDwwrQ', 'textDisplay': 'Chines ta comendo mais carne que o brasileiro', 'textOriginal': 'Chines ta comendo mais carne que o brasileiro', 'parentId': 'UgxXGqmXBKbW691XS554AaABAg', 'authorDisplayName': 'J', 'authorProfileImageUrl': 'https://yt3.ggpht.com/ytc/AGIKgqOQjRhWe3lT2MoFKuMN4VMNFnRdT8W1Fbudp8ZndY2XeZFZYt_BLh1fIIOPq3s6=s48-c-k-c0x00ffffff-no-rj', 'authorChannelUrl': 'http://www.youtube.com/channel/UCpo_Zbarxj_JCTTJX_RZH6w', 'authorChannelId': {'value': 'UCpo_Zbarxj_JCTTJX_RZH6w'}, 'canRate': True, 'viewerRating': 'none', 'likeCount': 0, 'publishedAt': '2022-10-27T11:24:35Z', 'updatedAt': '2022-10-27T11:24:35Z'}}, {'kind': 'youtube#comment', 'etag': '_b_KnbgulBoVHRIhkFow7DTRm4g', 'id': 'UgxXGqmXBKbW691XS554AaABAg.9hVM5UQvYlN9hc8-nOTTwM', 'snippet': {'videoId': 'uuh1ydDwwrQ', 'textDisplay': '@Lipe Boussada Caraí kkkkkkkkkkkkkkkkk', 'textOriginal': '@Lipe Boussada Caraí kkkkkkkkkkkkkkkkk', 'parentId': 'UgxXGqmXBKbW691XS554AaABAg', 'authorDisplayName': 'carioca patriota', 'authorProfileImageUrl': 'https://yt3.ggpht.com/R572efuOnEL9HtxXP582jRafP7cXblBnfkmNYg96a-CVVLXX7s9w06km-FKcvvHC_NMpdiGxPQ=s48-c-k-c0x00ffffff-no-rj', 'authorChannelUrl': 'http://www.youtube.com/channel/UCVdrsa0fRZbnLABgxrSdbCw', 'authorChannelId': {'value': 'UCVdrsa0fRZbnLABgxrSdbCw'}, 'canRate': True, 'viewerRating': 'none', 'likeCount': 0, 'publishedAt': '2022-10-25T20:39:33Z', 'updatedAt': '2022-10-25T20:39:33Z'}}, {'kind': 'youtube#comment', 'etag': 'k-KRmfxFzFtZBzsbpdeH4W-DIb0', 'id': 'UgxXGqmXBKbW691XS554AaABAg.9hVM5UQvYlN9hc6xgOvgiM', 'snippet': {'videoId': 'uuh1ydDwwrQ', 'textDisplay': '@𝗔 𝗠𝗢𝗥𝗧𝗘 𝗗𝗘 𝗬𝗔𝗛𝗪𝗘𝗛 𝗗𝗘𝗠𝗜𝗨𝗥𝗚𝗢𝗦 Alexandre de Moraes fazendo escola,kkkkkkkkkkk', 'textOriginal': '@𝗔 𝗠𝗢𝗥𝗧𝗘 𝗗𝗘 𝗬𝗔𝗛𝗪𝗘𝗛 𝗗𝗘𝗠𝗜𝗨𝗥𝗚𝗢𝗦 Alexandre de Moraes fazendo escola,kkkkkkkkkkk', 'parentId': 'UgxXGqmXBKbW691XS554AaABAg', 'authorDisplayName': 'Guns&Roses', 'authorProfileImageUrl': 'https://yt3.ggpht.com/ytc/AGIKgqM9YobL72G7-UbaxapF2fIBsT9jnNXRDvn6_MxgY6mo3avc6ebMQo9qOUP3A05l=s48-c-k-c0x00ffffff-no-rj', 'authorChannelUrl': 'http://www.youtube.com/channel/UCHkKF3RIxQk_yrLmX214lYQ', 'authorChannelId': {'value': 'UCHkKF3RIxQk_yrLmX214lYQ'}, 'canRate': True, 'viewerRating': 'none', 'likeCount': 0, 'publishedAt': '2022-10-25T20:30:23Z', 'updatedAt': '2022-10-25T20:30:23Z'}}, {'kind': 'youtube#comment', 'etag': 'hz-tQ8sXIoaBnje470Ge0smqiTc', 'id': 'UgxXGqmXBKbW691XS554AaABAg.9hVM5UQvYlN9harpGiH8k0', 'snippet': {'videoId': 'uuh1ydDwwrQ', 'textDisplay': '@𝗔 𝗠𝗢𝗥𝗧𝗘 𝗗𝗘 𝗬𝗔𝗛𝗪𝗘𝗛 𝗗𝗘𝗠𝗜𝗨𝗥𝗚𝗢𝗦 Ele está certíssimo', 'textOriginal': '@𝗔 𝗠𝗢𝗥𝗧𝗘 𝗗𝗘 𝗬𝗔𝗛𝗪𝗘𝗛 𝗗𝗘𝗠𝗜𝗨𝗥𝗚𝗢𝗦 Ele está certíssimo', 'parentId': 'UgxXGqmXBKbW691XS554AaABAg', 'authorDisplayName': 'Jamille Rodrigues', 'authorProfileImageUrl': 'https://yt3.ggpht.com/ytc/AGIKgqNoEzKmIu9X49K4cvmINe_UPJyND3j7BSTY-I9vm1w=s48-c-k-c0x00ffffff-no-rj', 'authorChannelUrl': 'http://www.youtube.com/channel/UCyPWJ28cBRDeMgVhnzPwTEg', 'authorChannelId': {'value': 'UCyPWJ28cBRDeMgVhnzPwTEg'}, 'canRate': True, 'viewerRating': 'none', 'likeCount': 0, 'publishedAt': '2022-10-25T08:50:11Z', 'updatedAt': '2022-10-25T08:50:11Z'}}]}",UCHkKF3RIxQk_yrLmX214lYQ,2022-10-22T20:08:44Z,"Qualquer semelhança com o futuro do Brasil com nine, é mera coincidência.",QURTSl9pM0Q1UHhUTXVYZ2ktbVJBbDJkbWVsLWxXMmlyOUxMRExtLUJYcHFaTmc1ZHQxS0R2Z0FlRl9JazRmRWU5aF9vX3dNcTJ2MkdkQQ==,2023-06-08 15:04:32.156352
youtube#commentThread,PokkknXGadINkRRMicNmYLlHkzM,UgxJTUTRkZNr35t4m-t4AaABAg,"{'videoId': 'uuh1ydDwwrQ', 'topLevelComment': {'kind': 'youtube#comment', 'etag': '7ANkShooom3_RsNNDMkWJWE3PTk', 'id': 'UgxJTUTRkZNr35t4m-t4AaABAg', 'snippet': {'videoId': 'uuh1ydDwwrQ', 'textDisplay': 'Lá é sinistro mesmo até o pensamento eles controlam', 'textOriginal': 'Lá é sinistro mesmo até o pensamento eles controlam', 'authorDisplayName': 'Melina Mendes dos reis', 'authorProfileImageUrl': 'https://yt3.ggpht.com/ytc/AGIKgqMMrK3XYUUXsSxQaEYoDCfg_D3SDPACd1WxzDXrSbrpUuT04IxWA5AIqItFud_V=s48-c-k-c0x00ffffff-no-rj', 'authorChannelUrl': 'http://www.youtube.com/channel/UCdNhzry5F-oQlhrR5RK2Dxw', 'authorChannelId': {'value': 'UCdNhzry5F-oQlhrR5RK2Dxw'}, 'canRate': True, 'viewerRating': 'none', 'likeCount': 10, 'publishedAt': '2022-10-22T20:08:38Z', 'updatedAt': '2022-10-22T20:08:38Z'}}, 'canReply': True, 'totalReplyCount': 2, 'isPublic': True}","{'comments': [{'kind': 'youtube#comment', 'etag': 'CyRuWrnTRicxpUpng8KPUeMnprg', 'id': 'UgxJTUTRkZNr35t4m-t4AaABAg.9hVM4iFxhNb9hcl8Y2P5lc', 'snippet': {'videoId': 'uuh1ydDwwrQ', 'textDisplay': 'Querem saber a verdade sobre a China, conheçam o canal NTD em Português no YouTube', 'textOriginal': 'Querem saber a verdade sobre a China, conheçam o canal NTD em Português no YouTube', 'parentId': 'UgxJTUTRkZNr35t4m-t4AaABAg', 'authorDisplayName': 'Seleção de vídeos', 'authorProfileImageUrl': 'https://yt3.ggpht.com/ytc/AGIKgqPVyKUCgxD78LlUREMnViw1uIgj1QMqV750oQ0YICD05uIrtf5jk1xR5d9XGzT-=s48-c-k-c0x00ffffff-no-rj', 'authorChannelUrl': 'http://www.youtube.com/channel/UChpf_AlXSzHGqtHu32L2gSQ', 'authorChannelId': {'value': 'UChpf_AlXSzHGqtHu32L2gSQ'}, 'canRate': True, 'viewerRating': 'none', 'likeCount': 0, 'publishedAt': '2022-10-26T02:30:16Z', 'updatedAt': '2022-10-26T02:30:16Z'}}, {'kind': 'youtube#comment', 'etag': '5eIQ4uk03gU-dm7H4IPjwwLqSUI', 'id': 'UgxJTUTRkZNr35t4m-t4AaABAg.9hVM4iFxhNb9hVNQK7YgA3', 'snippet': {'videoId': 'uuh1ydDwwrQ', 'textDisplay': 'Identificam qualquer um, mesmo disfarçado e em multidão...aparelhos por tudo..', 'textOriginal': 'Identificam qualquer um, mesmo disfarçado e em multidão...aparelhos por tudo..', 'parentId': 'UgxJTUTRkZNr35t4m-t4AaABAg', 'authorDisplayName': 'Tiburcio Nascimento', 'authorProfileImageUrl': 'https://yt3.ggpht.com/ytc/AGIKgqPYJ16XbloZp1nRif2q9UiINjE9b3aLcJFllVpYZmGF8L32gAvFuJ_fm0H5T6oa=s48-c-k-c0x00ffffff-no-rj', 'authorChannelUrl': 'http://www.youtube.com/channel/UCOpVT2WBtvOTmNgRgNreY3Q', 'authorChannelId': {'value': 'UCOpVT2WBtvOTmNgRgNreY3Q'}, 'canRate': True, 'viewerRating': 'none', 'likeCount': 3, 'publishedAt': '2022-10-22T20:20:19Z', 'updatedAt': '2022-10-22T20:20:19Z'}}]}",UCdNhzry5F-oQlhrR5RK2Dxw,2022-10-22T20:08:38Z,Lá é sinistro mesmo até o pensamento eles controlam,QURTSl9pM0Q1UHhUTXVYZ2ktbVJBbDJkbWVsLWxXMmlyOUxMRExtLUJYcHFaTmc1ZHQxS0R2Z0FlRl9JazRmRWU5aF9vX3dNcTJ2MkdkQQ==,2023-06-08 15:04:32.156352
youtube#commentThread,2jnuYBEMI0Tx-rH4nyOGIKNVBvk,Ugx85vVookRA6wa7AuV4AaABAg,"{'videoId': 'uuh1ydDwwrQ', 'topLevelComment': {'kind': 'youtube#comment', 'etag': 'pTZIryFk2plfGnhDfMgXjT425T8', 'id': 'Ugx85vVookRA6wa7AuV4AaABAg', 'snippet': {'videoId': 'uuh1ydDwwrQ', 'textDisplay': 'Conclamo os ativistas de direitos humanos a fazerem uma grande manifestação de repudio, e as big techs a cancelarem as contas do Partido Comunista Chines. Não vai acontecer não é?', 'textOriginal': 'Conclamo os ativistas de direitos humanos a fazerem uma grande manifestação de repudio, e as big techs a cancelarem as contas do Partido Comunista Chines. Não vai acontecer não é?', 'authorDisplayName': 'Robinson Rodrigues Betini', 'authorProfileImageUrl': 'https://yt3.ggpht.com/ytc/AGIKgqO-d_pQm7cKpJEHQNTB01LkX8rC2uZnVMx6nw=s48-c-k-c0x00ffffff-no-rj', 'authorChannelUrl': 'http://www.youtube.com/channel/UC5Y4Zt2fgPr1TzXTLiFg_hQ', 'authorChannelId': {'value': 'UC5Y4Zt2fgPr1TzXTLiFg_hQ'}, 'canRate': True, 'viewerRating': 'none', 'likeCount': 0, 'publishedAt': '2022-10-22T20:08:35Z', 'updatedAt': '2022-10-22T20:08:35Z'}}, 'canReply': True, 'totalReplyCount': 0, 'isPublic': True}",,UC5Y4Zt2fgPr1TzXTLiFg_hQ,2022-10-22T20:08:35Z,"Conclamo os ativistas de direitos humanos a fazerem uma grande manifestação de repudio, e as big techs a cancelarem as contas do Partido Comunista Chines. Não vai acontecer não é?",QURTSl9pM0Q1UHhUTXVYZ2ktbVJBbDJkbWVsLWxXMmlyOUxMRExtLUJYcHFaTmc1ZHQxS0R2Z0FlRl9JazRmRWU5aF9vX3dNcTJ2MkdkQQ==,2023-06-08 15:04:32.156352
youtube#commentThread,dVCBj2Pok09mRMNyzfosKrWmYCU,Ugw9jN2NGXfBTrAAegF4AaABAg,"{'videoId': 'uuh1ydDwwrQ', 'topLevelComment': {'kind': 'youtube#comment', 'etag': 'UauE8XejfLF8S3tzerqH90kAUAc', 'id': 'Ugw9jN2NGXfBTrAAegF4AaABAg', 'snippet': {'videoId': 'uuh1ydDwwrQ', 'textDisplay': 'Acho que o vovô vai ser &quot;Reeducado&quot;,😅😅😅😅', 'textOriginal': 'Acho que o vovô vai ser ""Reeducado"",😅😅😅😅', 'authorDisplayName': 'maior 18anos', 'authorProfileImageUrl': 'https://yt3.ggpht.com/ytc/AGIKgqNSus2MSmH8tJC5I44o4wKDH2cBW5tR1DYnqQ=s48-c-k-c0x00ffffff-no-rj', 'authorChannelUrl': 'http://www.youtube.com/channel/UC8GaHuwDzAeavOfPIbus-Ag', 'authorChannelId': {'value': 'UC8GaHuwDzAeavOfPIbus-Ag'}, 'canRate': True, 'viewerRating': 'none', 'likeCount': 16, 'publishedAt': '2022-10-22T20:08:19Z', 'updatedAt': '2022-10-22T20:08:19Z'}}, 'canReply': True, 'totalReplyCount': 0, 'isPublic': True}",,UC8GaHuwDzAeavOfPIbus-Ag,2022-10-22T20:08:19Z,"Acho que o vovô vai ser ""Reeducado"",😅😅😅😅",QURTSl9pM0Q1UHhUTXVYZ2ktbVJBbDJkbWVsLWxXMmlyOUxMRExtLUJYcHFaTmc1ZHQxS0R2Z0FlRl9JazRmRWU5aF9vX3dNcTJ2MkdkQQ==,2023-06-08 15:04:32.156352
youtube#commentThread,aCJQdON4vypiZvrIqMoTY6FTxec,UgxMxbI3A8vT8BEHRYZ4AaABAg,"{'videoId': 'uuh1ydDwwrQ', 'topLevelComment': {'kind': 'youtube#comment', 'etag': 'APAMUOLRA3uwyVDGbf9heyJVRP4', 'id': 'UgxMxbI3A8vT8BEHRYZ4AaABAg', 'snippet': {'videoId': 'uuh1ydDwwrQ', 'textDisplay': 'Nada como um comunista pra meter medo em outro comunista 😂', 'textOriginal': 'Nada como um comunista pra meter medo em outro comunista 😂', 'authorDisplayName': 'Jacira Silveira', 'authorProfileImageUrl': 'https://yt3.ggpht.com/ytc/AGIKgqO0C8aJAVxEEGHZ5gM8ZFY1Mc0gtmVf5LjHCg=s48-c-k-c0x00ffffff-no-rj', 'authorChannelUrl': 'http://www.youtube.com/channel/UCC-ZIdVIXwfSjmY5m4y3kfg', 'authorChannelId': {'value': 'UCC-ZIdVIXwfSjmY5m4y3kfg'}, 'canRate': True, 'viewerRating': 'none', 'likeCount': 0, 'publishedAt': '2022-10-22T20:06:04Z', 'updatedAt': '2022-10-22T20:06:04Z'}}, 'canReply': True, 'totalReplyCount': 0, 'isPublic': True}",,UCC-ZIdVIXwfSjmY5m4y3kfg,2022-10-22T20:06:04Z,Nada como um comunista pra meter medo em outro comunista 😂,QURTSl9pM0Q1UHhUTXVYZ2ktbVJBbDJkbWVsLWxXMmlyOUxMRExtLUJYcHFaTmc1ZHQxS0R2Z0FlRl9JazRmRWU5aF9vX3dNcTJ2MkdkQQ==,2023-06-08 15:04:32.156352
youtube#commentThread,_o0WnW_4ML4nfo4SX89Y5dV0Cco,Ugz22F8Kwspjrup3DjF4AaABAg,"{'videoId': 'uuh1ydDwwrQ', 'topLevelComment': {'kind': 'youtube#comment', 'etag': 'EicjW-iamwfkh76VVuoIC-CepjI', 'id': 'Ugz22F8Kwspjrup3DjF4AaABAg', 'snippet': {'videoId': 'uuh1ydDwwrQ', 'textDisplay': 'Foi evaporado igual no livro 1984', 'textOriginal': 'Foi evaporado igual no livro 1984', 'authorDisplayName': 'Rogério Andrade', 'authorProfileImageUrl': 'https://yt3.ggpht.com/ytc/AGIKgqPjaKQEBXNfBAQ33H7dUyQXQCrRaxDcR50aCoikew=s48-c-k-c0x00ffffff-no-rj', 'authorChannelUrl': 'http://www.youtube.com/channel/UC99qY4JwhGQsktXm7EMZOkg', 'authorChannelId': {'value': 'UC99qY4JwhGQsktXm7EMZOkg'}, 'canRate': True, 'viewerRating': 'none', 'likeCount': 3, 'publishedAt': '2022-10-22T20:05:47Z', 'updatedAt': '2022-10-22T20:05:47Z'}}, 'canReply': True, 'totalReplyCount': 0, 'isPublic': True}",,UC99qY4JwhGQsktXm7EMZOkg,2022-10-22T20:05:47Z,Foi evaporado igual no livro 1984,QURTSl9pM0Q1UHhUTXVYZ2ktbVJBbDJkbWVsLWxXMmlyOUxMRExtLUJYcHFaTmc1ZHQxS0R2Z0FlRl9JazRmRWU5aF9vX3dNcTJ2MkdkQQ==,2023-06-08 15:04:32.156352
youtube#commentThread,bMjgsCWrfYj6qRflBdw7c96KS_Y,UgzYyw1zx_MMx8JVco54AaABAg,"{'videoId': 'uuh1ydDwwrQ', 'topLevelComment': {'kind': 'youtube#comment', 'etag': 'n7W53-k5E5p7EozcwTC7saXW01M', 'id': 'UgzYyw1zx_MMx8JVco54AaABAg', 'snippet': {'videoId': 'uuh1ydDwwrQ', 'textDisplay': 'Concordo que especular não seria responsável. Mas três coisas ficaram evidente: i) veio como surpesa para muita gente ao redor; ii) Hu Jintao não estava a fim de se retirar e houve momentos em que parecia que removeriam ele a força física; e iii) ao sair, procurou conversar com Xi, que não quis saber. Consequentemente, acho razoavel concluir que Hu Jintao está fora do grupo de poder na China e resta somente a questão se ele sobreviverá o processo movido contra ele. vale lembrar que as relações com a ocidente eram muito mais afaveis durante a época dele, então isso não deveria ser bom sinal para a gente. Ainda bem que o Bolsonaro está trilhando um caminho de neutralidade e boas relações com todas (enquanto Lula está na lama junto ao crime organizado e disposto a vender sua alma para quem paga mais - que escolha difícil o Brasil enfrenta no final deste mês... quem oferece o melhor futuro para os brasileiros?).', 'textOriginal': 'Concordo que especular não seria responsável. Mas três coisas ficaram evidente: i) veio como surpesa para muita gente ao redor; ii) Hu Jintao não estava a fim de se retirar e houve momentos em que parecia que removeriam ele a força física; e iii) ao sair, procurou conversar com Xi, que não quis saber. Consequentemente, acho razoavel concluir que Hu Jintao está fora do grupo de poder na China e resta somente a questão se ele sobreviverá o processo movido contra ele. vale lembrar que as relações com a ocidente eram muito mais afaveis durante a época dele, então isso não deveria ser bom sinal para a gente. Ainda bem que o Bolsonaro está trilhando um caminho de neutralidade e boas relações com todas (enquanto Lula está na lama junto ao crime organizado e disposto a vender sua alma para quem paga mais - que escolha difícil o Brasil enfrenta no final deste mês... quem oferece o melhor futuro para os brasileiros?).', 'authorDisplayName': 'BLR Brazil', 'authorProfileImageUrl': 'https://yt3.ggpht.com/ytc/AGIKgqONBJVT_yjW3-8CVe3p0p6XRN39O5a2pn9NZA=s48-c-k-c0x00ffffff-no-rj', 'authorChannelUrl': 'http://www.youtube.com/channel/UCBI2RF0cmFAbLC8JF9Dt0rA', 'authorChannelId': {'value': 'UCBI2RF0cmFAbLC8JF9Dt0rA'}, 'canRate': True, 'viewerRating': 'none', 'likeCount': 25, 'publishedAt': '2022-10-22T20:05:44Z', 'updatedAt': '2022-10-22T20:05:44Z'}}, 'canReply': True, 'totalReplyCount': 14, 'isPublic': True}","{'comments': [{'kind': 'youtube#comment', 'etag': '2x6XCSz5KEDYn7F7SAVcHOx1fY0', 'id': 'UgzYyw1zx_MMx8JVco54AaABAg.9hVLkTKpMDr9h_5PwGuMG7', 'snippet': {'videoId': 'uuh1ydDwwrQ', 'textDisplay': '@Felipe : a humanidade experimentou a anarquia durante a Idade Média - era a lei dos mais fortes. Espero que evoluimos bastante desde aquilo (embora tem dias em que fico questionando).', 'textOriginal': '@Felipe : a humanidade experimentou a anarquia durante a Idade Média - era a lei dos mais fortes. Espero que evoluimos bastante desde aquilo (embora tem dias em que fico questionando).', 'parentId': 'UgzYyw1zx_MMx8JVco54AaABAg', 'authorDisplayName': 'BLR Brazil', 'authorProfileImageUrl': 'https://yt3.ggpht.com/ytc/AGIKgqONBJVT_yjW3-8CVe3p0p6XRN39O5a2pn9NZA=s48-c-k-c0x00ffffff-no-rj', 'authorChannelUrl': 'http://www.youtube.com/channel/UCBI2RF0cmFAbLC8JF9Dt0rA', 'authorChannelId': {'value': 'UCBI2RF0cmFAbLC8JF9Dt0rA'}, 'canRate': True, 'viewerRating': 'none', 'likeCount': 0, 'publishedAt': '2022-10-24T16:19:11Z', 'updatedAt': '2022-10-24T16:19:11Z'}}, {'kind': 'youtube#comment', 'etag': 'k73vz9q52GUf5uPAScMj_iW6jtk', 'id': 'UgzYyw1zx_MMx8JVco54AaABAg.9hVLkTKpMDr9h_1PgpnuX0', 'snippet': {'videoId': 'uuh1ydDwwrQ', 'textDisplay': '@BLR Brazil tu falou de um modo que fez parecer que anarquia seria algo tão ruim quanto totalitarismo, não vejo bem assim, mas entendo seu ponto quanto ao resto.', 'textOriginal': '@BLR Brazil tu falou de um modo que fez parecer que anarquia seria algo tão ruim quanto totalitarismo, não vejo bem assim, mas entendo seu ponto quanto ao resto.', 'parentId': 'UgzYyw1zx_MMx8JVco54AaABAg', 'authorDisplayName': 'Felipe', 'authorProfileImageUrl': 'https://yt3.ggpht.com/ytc/AGIKgqM8bD2P29lm1mQ_G8VjgUSyuHiWz8pXqrUJ6w=s48-c-k-c0x00ffffff-no-rj', 'authorChannelUrl': 'http://www.youtube.com/channel/UC5CKmPdGBdWbCzXAXWEDupw', 'authorChannelId': {'value': 'UC5CKmPdGBdWbCzXAXWEDupw'}, 'canRate': True, 'viewerRating': 'none', 'likeCount': 0, 'publishedAt': '2022-10-24T15:44:12Z', 'updatedAt': '2022-10-24T15:44:12Z'}}, {'kind': 'youtube#comment', 'etag': 'GoaOMVZBSAIPfTZFurNmLUpl0ew', 'id': 'UgzYyw1zx_MMx8JVco54AaABAg.9hVLkTKpMDr9hZvBVonn7F', 'snippet': {'videoId': 'uuh1ydDwwrQ', 'textDisplay': '\\u200b@Felipe : isso exige uma resposta bem longo e ponderado, que nem tenho tempo para fazer agora. Mas entendo seus anxeios. Em termos simples, é procurar aquele balanço saudável entre os extremos da anarquia de cada um por si e a repressão do totalitarismo. E liberdade por se (e a própria democracia) é uma bagunça que exige muito sabedoria e paciência para administrar. Qualidades que parecem raros nos dias de hoje.', 'textOriginal': '\\u200b@Felipe : isso exige uma resposta bem longo e ponderado, que nem tenho tempo para fazer agora. Mas entendo seus anxeios. Em termos simples, é procurar aquele balanço saudável entre os extremos da anarquia de cada um por si e a repressão do totalitarismo. E liberdade por se (e a própria democracia) é uma bagunça que exige muito sabedoria e paciência para administrar. Qualidades que parecem raros nos dias de hoje.', 'parentId': 'UgzYyw1zx_MMx8JVco54AaABAg', 'authorDisplayName': 'BLR Brazil', 'authorProfileImageUrl': 'https://yt3.ggpht.com/ytc/AGIKgqONBJVT_yjW3-8CVe3p0p6XRN39O5a2pn9NZA=s48-c-k-c0x00ffffff-no-rj', 'authorChannelUrl': 'http://www.youtube.com/channel/UCBI2RF0cmFAbLC8JF9Dt0rA', 'authorChannelId': {'value': 'UCBI2RF0cmFAbLC8JF9Dt0rA'}, 'canRate': True, 'viewerRating': 'none', 'likeCount': 0, 'publishedAt': '2022-10-24T14:41:06Z', 'updatedAt': '2022-10-24T14:41:06Z'}}, {'kind': 'youtube#comment', 'etag': 'o4WsKAeguxMfsBy3VKj4S5ZxxEE', 'id': 'UgzYyw1zx_MMx8JVco54AaABAg.9hVLkTKpMDr9hZJXAxNp2G', 'snippet': {'videoId': 'uuh1ydDwwrQ', 'textDisplay': '@BLR Brazil assim, pra mim não precisa o estado intervir no &quot;social&quot; as pessoas por conta própria já resolvem isso, pior coisa é quando o estado acha que pode resolver algo, um exemplo de que não precisa de estado regulando praticamente nada, é só pensar em um comercio, se não tivessem leis de trabalho, ou de abastecimento, ou de qualquer outra forma de controle, um comercio em que oferecer um serviço melhor,  com preço justo e funcionários satisfeitos vai prosperar mais que um comercio que venda produtos ruins, trate maus os funcionários e não atenda bem aos clientes, é simplesmente escolha, melhor modo de &quot;ajudar o social&quot; é deixar cada individuo conseguis fazer as coisas por conta própria, ainda existiria caridade e seria mais fácil de chegar as pessoas que precisam, bem mais fácil que dar dinheiro para o estado e torcer pra ele usa bem o dinheiro, o individuo é a menor minoria, só tu sabe o que é bom, o que é importante e o que é de valor pra ti, não um burocrata engravatado em Brasília cheio das melhores intenções, por mais santo que o engravatado fosse, ele ainda não teria como saber o que tu precisa ou quer.', 'textOriginal': '@BLR Brazil assim, pra mim não precisa o estado intervir no ""social"" as pessoas por conta própria já resolvem isso, pior coisa é quando o estado acha que pode resolver algo, um exemplo de que não precisa de estado regulando praticamente nada, é só pensar em um comercio, se não tivessem leis de trabalho, ou de abastecimento, ou de qualquer outra forma de controle, um comercio em que oferecer um serviço melhor,  com preço justo e funcionários satisfeitos vai prosperar mais que um comercio que venda produtos ruins, trate maus os funcionários e não atenda bem aos clientes, é simplesmente escolha, melhor modo de ""ajudar o social"" é deixar cada individuo conseguis fazer as coisas por conta própria, ainda existiria caridade e seria mais fácil de chegar as pessoas que precisam, bem mais fácil que dar dinheiro para o estado e torcer pra ele usa bem o dinheiro, o individuo é a menor minoria, só tu sabe o que é bom, o que é importante e o que é de valor pra ti, não um burocrata engravatado em Brasília cheio das melhores intenções, por mais santo que o engravatado fosse, ele ainda não teria como saber o que tu precisa ou quer.', 'parentId': 'UgzYyw1zx_MMx8JVco54AaABAg', 'authorDisplayName': 'Felipe', 'authorProfileImageUrl': 'https://yt3.ggpht.com/ytc/AGIKgqM8bD2P29lm1mQ_G8VjgUSyuHiWz8pXqrUJ6w=s48-c-k-c0x00ffffff-no-rj', 'authorChannelUrl': 'http://www.youtube.com/channel/UC5CKmPdGBdWbCzXAXWEDupw', 'authorChannelId': {'value': 'UC5CKmPdGBdWbCzXAXWEDupw'}, 'canRate': True, 'viewerRating': 'none', 'likeCount': 0, 'publishedAt': '2022-10-24T09:03:16Z', 'updatedAt': '2022-10-24T09:03:16Z'}}, {'kind': 'youtube#comment', 'etag': '7v_7W0J3H2wz-FGn9_2P7G7Twlk', 'id': 'UgzYyw1zx_MMx8JVco54AaABAg.9hVLkTKpMDr9hYb8g7X0cW', 'snippet': {'videoId': 'uuh1ydDwwrQ', 'textDisplay': '@Felipe : não pode esquecer que todos os indivíduos façam parte de uma sociedade, feito por comunidades, e todas as cidadãos precisam trabalhar para o bem estar saudável da comunidade e da sociedade do que faz parte. Pois nada funciona sem a colaboração de todas. Não existe mais indivíduo independente que tudo pode sem depender dos outros - nem os 0,01% mais ricos. O mundo está tão interligado que ninguem faz nada sem afetar os outros. Por isso o crime organizado e a omissão (ou até conivencia) dos representantes oficiais deixou nossa sociedade em estado tão fragilizado. <br>E somente um dos candidatos nos oferece uma saída para um futuro melhor (enquanto o outro é chefe do crime organizado e ameaça sério ao bem estar do país e da América Latina. A decisão é tão claro e abstenção e voto nulo é abdicar a responsabilidade como cidadão. Se um dos candidatos vence, teriamos a liberdade de cobrar resultas e influenciar a linha tomada. Se o outro vence, não haverá mais liberdade no Brasil, que será a caminho ao totalitarismo - como temos amostra mesmo antes da eleição, com as ações do STF e TSE!', 'textOriginal': '@Felipe : não pode esquecer que todos os indivíduos façam parte de uma sociedade, feito por comunidades, e todas as cidadãos precisam trabalhar para o bem estar saudável da comunidade e da sociedade do que faz parte. Pois nada funciona sem a colaboração de todas. Não existe mais indivíduo independente que tudo pode sem depender dos outros - nem os 0,01% mais ricos. O mundo está tão interligado que ninguem faz nada sem afetar os outros. Por isso o crime organizado e a omissão (ou até conivencia) dos representantes oficiais deixou nossa sociedade em estado tão fragilizado. \\nE somente um dos candidatos nos oferece uma saída para um futuro melhor (enquanto o outro é chefe do crime organizado e ameaça sério ao bem estar do país e da América Latina. A decisão é tão claro e abstenção e voto nulo é abdicar a responsabilidade como cidadão. Se um dos candidatos vence, teriamos a liberdade de cobrar resultas e influenciar a linha tomada. Se o outro vence, não haverá mais liberdade no Brasil, que será a caminho ao totalitarismo - como temos amostra mesmo antes da eleição, com as ações do STF e TSE!', 'parentId': 'UgzYyw1zx_MMx8JVco54AaABAg', 'authorDisplayName': 'BLR Brazil', 'authorProfileImageUrl': 'https://yt3.ggpht.com/ytc/AGIKgqONBJVT_yjW3-8CVe3p0p6XRN39O5a2pn9NZA=s48-c-k-c0x00ffffff-no-rj', 'authorChannelUrl': 'http://www.youtube.com/channel/UCBI2RF0cmFAbLC8JF9Dt0rA', 'authorChannelId': {'value': 'UCBI2RF0cmFAbLC8JF9Dt0rA'}, 'canRate': True, 'viewerRating': 'none', 'likeCount': 0, 'publishedAt': '2022-10-24T02:26:42Z', 'updatedAt': '2022-10-24T02:26:42Z'}}]}",UCBI2RF0cmFAbLC8JF9Dt0rA,2022-10-22T20:05:44Z,"Concordo que especular não seria responsável. Mas três coisas ficaram evidente: i) veio como surpesa para muita gente ao redor; ii) Hu Jintao não estava a fim de se retirar e houve momentos em que parecia que removeriam ele a força física; e iii) ao sair, procurou conversar com Xi, que não quis saber. Consequentemente, acho razoavel concluir que Hu Jintao está fora do grupo de poder na China e resta somente a questão se ele sobreviverá o processo movido contra ele. vale lembrar que as relações com a ocidente eram muito mais afaveis durante a época dele, então isso não deveria ser bom sinal para a gente. Ainda bem que o Bolsonaro está trilhando um caminho de neutralidade e boas relações com todas (enquanto Lula está na lama junto ao crime organizado e disposto a vender sua alma para quem paga mais - que escolha difícil o Brasil enfrenta no final deste mês... quem oferece o melhor futuro para os brasileiros?).",QURTSl9pM0Q1UHhUTXVYZ2ktbVJBbDJkbWVsLWxXMmlyOUxMRExtLUJYcHFaTmc1ZHQxS0R2Z0FlRl9JazRmRWU5aF9vX3dNcTJ2MkdkQQ==,2023-06-08 15:04:32.156352
youtube#commentThread,wP0-E3ZaN5nYMwOAFiINXSXXo_Y,UgyxDB4yZwvcHC0ojMF4AaABAg,"{'videoId': 'uuh1ydDwwrQ', 'topLevelComment': {'kind': 'youtube#comment', 'etag': '1ZQ7neBCuyfZGNLuNdm_e6O6p58', 'id': 'UgyxDB4yZwvcHC0ojMF4AaABAg', 'snippet': {'videoId': 'uuh1ydDwwrQ', 'textDisplay': 'Coitadinha da china, tá sofrendo com a recessão mundial que ela mesmo foi o responsável........', 'textOriginal': 'Coitadinha da china, tá sofrendo com a recessão mundial que ela mesmo foi o responsável........', 'authorDisplayName': 'AH F', 'authorProfileImageUrl': 'https://yt3.ggpht.com/ytc/AGIKgqO4fDw68Hd5Qo1AVXm_02xXMBxdPB25ZjDcwU6jhQ=s48-c-k-c0x00ffffff-no-rj', 'authorChannelUrl': 'http://www.youtube.com/channel/UCI2gD1MWITuQELMAzHsfC_Q', 'authorChannelId': {'value': 'UCI2gD1MWITuQELMAzHsfC_Q'}, 'canRate': True, 'viewerRating': 'none', 'likeCount': 0, 'publishedAt': '2022-10-22T20:05:33Z', 'updatedAt': '2022-10-22T20:05:33Z'}}, 'canReply': True, 'totalReplyCount': 0, 'isPublic': True}",,UCI2gD1MWITuQELMAzHsfC_Q,2022-10-22T20:05:33Z,"Coitadinha da china, tá sofrendo com a recessão mundial que ela mesmo foi o responsável........",QURTSl9pM0Q1UHhUTXVYZ2ktbVJBbDJkbWVsLWxXMmlyOUxMRExtLUJYcHFaTmc1ZHQxS0R2Z0FlRl9JazRmRWU5aF9vX3dNcTJ2MkdkQQ==,2023-06-08 15:04:32.156352
youtube#commentThread,n3nuSQPgNb1v6cURhnlIHy69yFQ,UgxXlL7J-7pkY29qkkF4AaABAg,"{'videoId': 'uuh1ydDwwrQ', 'topLevelComment': {'kind': 'youtube#comment', 'etag': 'YuBGSye6kxQKK-kLzk33pk_hSAU', 'id': 'UgxXlL7J-7pkY29qkkF4AaABAg', 'snippet': {'videoId': 'uuh1ydDwwrQ', 'textDisplay': 'Xandão dedurou o chinês, porque ele assistia live do Bolsonaro pedindo a liberdade.', 'textOriginal': 'Xandão dedurou o chinês, porque ele assistia live do Bolsonaro pedindo a liberdade.', 'authorDisplayName': 'Santos manutenção em geral', 'authorProfileImageUrl': 'https://yt3.ggpht.com/cPSHgi0Up88lEzf7LlYPNkS5XjxemYWy1nmZwO8E2qVd7HV0KZJDRT8PDBVPVb95bRyUoA21RA=s48-c-k-c0x00ffffff-no-rj', 'authorChannelUrl': 'http://www.youtube.com/channel/UC-2Vut8-2jtJK9ojKwE0Mdg', 'authorChannelId': {'value': 'UC-2Vut8-2jtJK9ojKwE0Mdg'}, 'canRate': True, 'viewerRating': 'none', 'likeCount': 59, 'publishedAt': '2022-10-22T20:05:05Z', 'updatedAt': '2022-10-22T20:05:05Z'}}, 'canReply': True, 'totalReplyCount': 3, 'isPublic': True}","{'comments': [{'kind': 'youtube#comment', 'etag': '6qNYRg8guY2Ni6U-MAZJMIska7Y', 'id': 'UgxXlL7J-7pkY29qkkF4AaABAg.9hVLfiVEoos9hZmQeYmsob', 'snippet': {'videoId': 'uuh1ydDwwrQ', 'textDisplay': 'Liberal que defende democrcia para comunista tem que se fud3r mesmo', 'textOriginal': 'Liberal que defende democrcia para comunista tem que se fud3r mesmo', 'parentId': 'UgxXlL7J-7pkY29qkkF4AaABAg', 'authorDisplayName': 'aaa 22', 'authorProfileImageUrl': 'https://yt3.ggpht.com/ytc/AGIKgqPzq7rNlyl-YNPwFhTlMoAxlXhlOAjbVAxEgQPH=s48-c-k-c0x00ffffff-no-rj', 'authorChannelUrl': 'http://www.youtube.com/channel/UCrNZCH09O0gOWaRgOReZZcg', 'authorChannelId': {'value': 'UCrNZCH09O0gOWaRgOReZZcg'}, 'canRate': True, 'viewerRating': 'none', 'likeCount': 0, 'publishedAt': '2022-10-24T13:24:31Z', 'updatedAt': '2022-10-24T13:24:31Z'}}, {'kind': 'youtube#comment', 'etag': 'Aw-S5c_-fIw-nd98zfYv6Tt4Scc', 'id': 'UgxXlL7J-7pkY29qkkF4AaABAg.9hVLfiVEoos9hWmj1Ah94j', 'snippet': {'videoId': 'uuh1ydDwwrQ', 'textDisplay': 'Hu Jintao deixou escapar um queimante, daqueles que fez Xi Jinping travar em apineia por 5 minutos, ele não aguentou e acionou o alarme  embaixo da mesa com o joelho para que os seguranças o levassem com brevidade, antes que escapasse um segundo.', 'textOriginal': 'Hu Jintao deixou escapar um queimante, daqueles que fez Xi Jinping travar em apineia por 5 minutos, ele não aguentou e acionou o alarme  embaixo da mesa com o joelho para que os seguranças o levassem com brevidade, antes que escapasse um segundo.', 'parentId': 'UgxXlL7J-7pkY29qkkF4AaABAg', 'authorDisplayName': 'canal vivoh', 'authorProfileImageUrl': 'https://yt3.ggpht.com/ytc/AGIKgqNPUsPIq7EViIxzrDV_OTYTLdSKhHZeSrj_XocdCw=s48-c-k-c0x00ffffff-no-rj', 'authorChannelUrl': 'http://www.youtube.com/channel/UC0VtDX_M_qtCxlEk_PYfGBg', 'authorChannelId': {'value': 'UC0VtDX_M_qtCxlEk_PYfGBg'}, 'canRate': True, 'viewerRating': 'none', 'likeCount': 0, 'publishedAt': '2022-10-23T09:29:26Z', 'updatedAt': '2022-10-23T09:35:16Z'}}, {'kind': 'youtube#comment', 'etag': 'GQOUoF8t7JhzBKo00U8BdKafUcg', 'id': 'UgxXlL7J-7pkY29qkkF4AaABAg.9hVLfiVEoos9hVStBhN-yI', 'snippet': {'videoId': 'uuh1ydDwwrQ', 'textDisplay': 'Kkkkkk', 'textOriginal': 'Kkkkkk', 'parentId': 'UgxXlL7J-7pkY29qkkF4AaABAg', 'authorDisplayName': 'Uma foto muito massa', 'authorProfileImageUrl': 'https://yt3.ggpht.com/KVGc_fyFmKgfhDA4a6BpWcXAzaMPHZc7MmZucAIqCwwpvDVFLjdKRMTg21T1GIUP9s_r1UZucRc=s48-c-k-c0x00ffffff-no-rj', 'authorChannelUrl': 'http://www.youtube.com/channel/UC8p1OZH0Y6bs-juAU4v9ncQ', 'authorChannelId': {'value': 'UC8p1OZH0Y6bs-juAU4v9ncQ'}, 'canRate': True, 'viewerRating': 'none', 'likeCount': 1, 'publishedAt': '2022-10-22T21:08:05Z', 'updatedAt': '2022-10-22T21:08:05Z'}}]}",UC-2Vut8-2jtJK9ojKwE0Mdg,2022-10-22T20:05:05Z,"Xandão dedurou o chinês, porque ele assistia live do Bolsonaro pedindo a liberdade.",QURTSl9pM0Q1UHhUTXVYZ2ktbVJBbDJkbWVsLWxXMmlyOUxMRExtLUJYcHFaTmc1ZHQxS0R2Z0FlRl9JazRmRWU5aF9vX3dNcTJ2MkdkQQ==,2023-06-08 15:04:32.156352
youtube#commentThread,s2tdV09msqiVCD5wbGKsRF7vPpo,UgwsZZx4Yr0NPg0FrEt4AaABAg,"{'videoId': 'uuh1ydDwwrQ', 'topLevelComment': {'kind': 'youtube#comment', 'etag': 'kuxtvLaJjE9BSdaTuHl1lYhdyXQ', 'id': 'UgwsZZx4Yr0NPg0FrEt4AaABAg', 'snippet': {'videoId': 'uuh1ydDwwrQ', 'textDisplay': 'Que  comentarista chapa branca, este deve  estar na lista de recebiveis do partido', 'textOriginal': 'Que  comentarista chapa branca, este deve  estar na lista de recebiveis do partido', 'authorDisplayName': 'marçal machado', 'authorProfileImageUrl': 'https://yt3.ggpht.com/ytc/AGIKgqMJel4JLuXCwqZa1i6vrOB4Bly7vUtzM60tGQ=s48-c-k-c0x00ffffff-no-rj', 'authorChannelUrl': 'http://www.youtube.com/channel/UCNehCycAb6HEOgRXcY0GYlA', 'authorChannelId': {'value': 'UCNehCycAb6HEOgRXcY0GYlA'}, 'canRate': True, 'viewerRating': 'none', 'likeCount': 0, 'publishedAt': '2022-10-22T20:04:08Z', 'updatedAt': '2022-10-22T20:04:08Z'}}, 'canReply': True, 'totalReplyCount': 0, 'isPublic': True}",,UCNehCycAb6HEOgRXcY0GYlA,2022-10-22T20:04:08Z,"Que  comentarista chapa branca, este deve  estar na lista de recebiveis do partido",QURTSl9pM0Q1UHhUTXVYZ2ktbVJBbDJkbWVsLWxXMmlyOUxMRExtLUJYcHFaTmc1ZHQxS0R2Z0FlRl9JazRmRWU5aF9vX3dNcTJ2MkdkQQ==,2023-06-08 15:04:32.156352
youtube#commentThread,S7STliTF3j2UoXE_kcNxixs29ho,Ugya0ASrdqGS45QcwiZ4AaABAg,"{'videoId': 'uuh1ydDwwrQ', 'topLevelComment': {'kind': 'youtube#comment', 'etag': 'eQJGUOAdDClp17G1dlcsFt1XTVk', 'id': 'Ugya0ASrdqGS45QcwiZ4AaABAg', 'snippet': {'videoId': 'uuh1ydDwwrQ', 'textDisplay': 'Isso não é democracia, também não é a.casa.da.mae Joana em que vivemos na terra brasilis.', 'textOriginal': 'Isso não é democracia, também não é a.casa.da.mae Joana em que vivemos na terra brasilis.', 'authorDisplayName': 'Joanir Almeida', 'authorProfileImageUrl': 'https://yt3.ggpht.com/ytc/AGIKgqPLRrsgGd2GA4X_GIP09BIlOImnCkmVBYqWgA=s48-c-k-c0x00ffffff-no-rj', 'authorChannelUrl': 'http://www.youtube.com/channel/UCCsAONlhZYE9IUHtOvC1isg', 'authorChannelId': {'value': 'UCCsAONlhZYE9IUHtOvC1isg'}, 'canRate': True, 'viewerRating': 'none', 'likeCount': 0, 'publishedAt': '2022-10-22T20:03:52Z', 'updatedAt': '2022-10-22T20:03:52Z'}}, 'canReply': True, 'totalReplyCount': 0, 'isPublic': True}",,UCCsAONlhZYE9IUHtOvC1isg,2022-10-22T20:03:52Z,"Isso não é democracia, também não é a.casa.da.mae Joana em que vivemos na terra brasilis.",QURTSl9pM0Q1UHhUTXVYZ2ktbVJBbDJkbWVsLWxXMmlyOUxMRExtLUJYcHFaTmc1ZHQxS0R2Z0FlRl9JazRmRWU5aF9vX3dNcTJ2MkdkQQ==,2023-06-08 15:04:32.156352
youtube#commentThread,amT4_oA2WZpthjAHcidlO73nXrQ,UgyC-xf-LMXytPf9Vkp4AaABAg,"{'videoId': 'uuh1ydDwwrQ', 'topLevelComment': {'kind': 'youtube#comment', 'etag': 'mm3aPfEpGaTWugnHlFQfzkeY0Q4', 'id': 'UgyC-xf-LMXytPf9Vkp4AaABAg', 'snippet': {'videoId': 'uuh1ydDwwrQ', 'textDisplay': 'Fala sério, era a mulher dele lá fora esperando!', 'textOriginal': 'Fala sério, era a mulher dele lá fora esperando!', 'authorDisplayName': 'Marcos Vinicios', 'authorProfileImageUrl': 'https://yt3.ggpht.com/ytc/AGIKgqMDIXLC-hdQk5irXtIWwpClHOEOSUtwY8oSUY77Rk8=s48-c-k-c0x00ffffff-no-rj', 'authorChannelUrl': 'http://www.youtube.com/channel/UCzkTU9rqqCmAmo0DHgP9ZPg', 'authorChannelId': {'value': 'UCzkTU9rqqCmAmo0DHgP9ZPg'}, 'canRate': True, 'viewerRating': 'none', 'likeCount': 0, 'publishedAt': '2022-10-22T20:03:51Z', 'updatedAt': '2022-10-22T20:03:51Z'}}, 'canReply': True, 'totalReplyCount': 1, 'isPublic': True}","{'comments': [{'kind': 'youtube#comment', 'etag': 'SahwWc_YQ0agywkkndj_pDbIZxQ', 'id': 'UgyC-xf-LMXytPf9Vkp4AaABAg.9hVLXhCaaWR9hVOXqX0C7j', 'snippet': {'videoId': 'uuh1ydDwwrQ', 'textDisplay': 'Descobriu a outra e ia armar um barraco no congresso do partido.  Pensam que é só aqui???', 'textOriginal': 'Descobriu a outra e ia armar um barraco no congresso do partido.  Pensam que é só aqui???', 'parentId': 'UgyC-xf-LMXytPf9Vkp4AaABAg', 'authorDisplayName': 'Tiburcio Nascimento', 'authorProfileImageUrl': 'https://yt3.ggpht.com/ytc/AGIKgqPYJ16XbloZp1nRif2q9UiINjE9b3aLcJFllVpYZmGF8L32gAvFuJ_fm0H5T6oa=s48-c-k-c0x00ffffff-no-rj', 'authorChannelUrl': 'http://www.youtube.com/channel/UCOpVT2WBtvOTmNgRgNreY3Q', 'authorChannelId': {'value': 'UCOpVT2WBtvOTmNgRgNreY3Q'}, 'canRate': True, 'viewerRating': 'none', 'likeCount': 0, 'publishedAt': '2022-10-22T20:30:05Z', 'updatedAt': '2022-10-22T20:30:05Z'}}]}",UCzkTU9rqqCmAmo0DHgP9ZPg,2022-10-22T20:03:51Z,"Fala sério, era a mulher dele lá fora esperando!",QURTSl9pM0Q1UHhUTXVYZ2ktbVJBbDJkbWVsLWxXMmlyOUxMRExtLUJYcHFaTmc1ZHQxS0R2Z0FlRl9JazRmRWU5aF9vX3dNcTJ2MkdkQQ==,2023-06-08 15:04:32.156352
youtube#commentThread,kRBr2oozGaGolR3QZskH-ukuDAk,Ugwc3SdTRTP4Vn2D8GN4AaABAg,"{'videoId': 'uuh1ydDwwrQ', 'topLevelComment': {'kind': 'youtube#comment', 'etag': 'o5Px3b2MjgxgHiiCqSzyq_cIAtE', 'id': 'Ugwc3SdTRTP4Vn2D8GN4AaABAg', 'snippet': {'videoId': 'uuh1ydDwwrQ', 'textDisplay': 'Esse regime q o lula quer para o Brasil, se peidar fora do pinico é censura e cadeia.', 'textOriginal': 'Esse regime q o lula quer para o Brasil, se peidar fora do pinico é censura e cadeia.', 'authorDisplayName': 'Santos manutenção em geral', 'authorProfileImageUrl': 'https://yt3.ggpht.com/cPSHgi0Up88lEzf7LlYPNkS5XjxemYWy1nmZwO8E2qVd7HV0KZJDRT8PDBVPVb95bRyUoA21RA=s48-c-k-c0x00ffffff-no-rj', 'authorChannelUrl': 'http://www.youtube.com/channel/UC-2Vut8-2jtJK9ojKwE0Mdg', 'authorChannelId': {'value': 'UC-2Vut8-2jtJK9ojKwE0Mdg'}, 'canRate': True, 'viewerRating': 'none', 'likeCount': 0, 'publishedAt': '2022-10-22T20:03:25Z', 'updatedAt': '2022-10-22T20:03:25Z'}}, 'canReply': True, 'totalReplyCount': 0, 'isPublic': True}",,UC-2Vut8-2jtJK9ojKwE0Mdg,2022-10-22T20:03:25Z,"Esse regime q o lula quer para o Brasil, se peidar fora do pinico é censura e cadeia.",QURTSl9pM0Q1UHhUTXVYZ2ktbVJBbDJkbWVsLWxXMmlyOUxMRExtLUJYcHFaTmc1ZHQxS0R2Z0FlRl9JazRmRWU5aF9vX3dNcTJ2MkdkQQ==,2023-06-08 15:04:32.156352
youtube#commentThread,nTBnpd5bVgvblbbpZk_156iriJQ,UgzT3shoVDNpGxhFFp54AaABAg,"{'videoId': 'uuh1ydDwwrQ', 'topLevelComment': {'kind': 'youtube#comment', 'etag': 'eqIzdCLnQPdMe8SlTo2wLWiWTzg', 'id': 'UgzT3shoVDNpGxhFFp54AaABAg', 'snippet': {'videoId': 'uuh1ydDwwrQ', 'textDisplay': 'Ditadura é assim !<br>Provavelmente ele contra a reeleição pela 3 vez !', 'textOriginal': 'Ditadura é assim !\\nProvavelmente ele contra a reeleição pela 3 vez !', 'authorDisplayName': 'Hermann Köhler', 'authorProfileImageUrl': 'https://yt3.ggpht.com/ytc/AGIKgqMEM-OAt5OjMYxYGKyuBGSgTlG5yxeB5P4ESg=s48-c-k-c0x00ffffff-no-rj', 'authorChannelUrl': 'http://www.youtube.com/channel/UCIDObna09ecrHXOgf3JrWAg', 'authorChannelId': {'value': 'UCIDObna09ecrHXOgf3JrWAg'}, 'canRate': True, 'viewerRating': 'none', 'likeCount': 0, 'publishedAt': '2022-10-22T20:03:13Z', 'updatedAt': '2022-10-22T20:03:13Z'}}, 'canReply': True, 'totalReplyCount': 0, 'isPublic': True}",,UCIDObna09ecrHXOgf3JrWAg,2022-10-22T20:03:13Z,"Ditadura é assim !
Provavelmente ele contra a reeleição pela 3 vez !",QURTSl9pM0Q1UHhUTXVYZ2ktbVJBbDJkbWVsLWxXMmlyOUxMRExtLUJYcHFaTmc1ZHQxS0R2Z0FlRl9JazRmRWU5aF9vX3dNcTJ2MkdkQQ==,2023-06-08 15:04:32.156352
youtube#commentThread,-3IGPCLqQ12plpx6h9teUWdehC8,Ugzsf56IRcraQ-yVp394AaABAg,"{'videoId': 'uuh1ydDwwrQ', 'topLevelComment': {'kind': 'youtube#comment', 'etag': 'yrys0QM7Kod7meoGHnn4TPIAjAU', 'id': 'Ugzsf56IRcraQ-yVp394AaABAg', 'snippet': {'videoId': 'uuh1ydDwwrQ', 'textDisplay': 'Esse analista está acreditando no que o LÍDER do PCCh está dizendo, pelo jeito não entende nada de China, só aquilo que o Xi deixa que ele saiba.', 'textOriginal': 'Esse analista está acreditando no que o LÍDER do PCCh está dizendo, pelo jeito não entende nada de China, só aquilo que o Xi deixa que ele saiba.', 'authorDisplayName': 'Eliane Dorgam', 'authorProfileImageUrl': 'https://yt3.ggpht.com/ytc/AGIKgqN0N4s3usDHzdBxrVwTqJvot6gBi9Y9nRu62SBt=s48-c-k-c0x00ffffff-no-rj', 'authorChannelUrl': 'http://www.youtube.com/channel/UCH-ZCNula9DLwJUxKmZiapg', 'authorChannelId': {'value': 'UCH-ZCNula9DLwJUxKmZiapg'}, 'canRate': True, 'viewerRating': 'none', 'likeCount': 0, 'publishedAt': '2022-10-22T20:03:06Z', 'updatedAt': '2022-10-22T20:03:06Z'}}, 'canReply': True, 'totalReplyCount': 0, 'isPublic': True}",,UCH-ZCNula9DLwJUxKmZiapg,2022-10-22T20:03:06Z,"Esse analista está acreditando no que o LÍDER do PCCh está dizendo, pelo jeito não entende nada de China, só aquilo que o Xi deixa que ele saiba.",QURTSl9pM0Q1UHhUTXVYZ2ktbVJBbDJkbWVsLWxXMmlyOUxMRExtLUJYcHFaTmc1ZHQxS0R2Z0FlRl9JazRmRWU5aF9vX3dNcTJ2MkdkQQ==,2023-06-08 15:04:32.156352
youtube#commentThread,BimBWPYu5fQpcp5wJyyxKDxhVEE,UgzSz8owxo7cLnpOaH94AaABAg,"{'videoId': 'uuh1ydDwwrQ', 'topLevelComment': {'kind': 'youtube#comment', 'etag': 'f5033fxLRanqfDXIJsM6xBtoT8c', 'id': 'UgzSz8owxo7cLnpOaH94AaABAg', 'snippet': {'videoId': 'uuh1ydDwwrQ', 'textDisplay': 'O entrevistado fala muito mais como um chinês do que como um especialista.', 'textOriginal': 'O entrevistado fala muito mais como um chinês do que como um especialista.', 'authorDisplayName': 'ALESSANDRO JUSTINO BRANCO SANTANA', 'authorProfileImageUrl': 'https://yt3.ggpht.com/ytc/AGIKgqPu1keEe63Cbf03xqEwFvZzpvI_mtVqWXt9k3espws=s48-c-k-c0x00ffffff-no-rj', 'authorChannelUrl': 'http://www.youtube.com/channel/UCBPM9lxZOWqAkDVqc8fOQjQ', 'authorChannelId': {'value': 'UCBPM9lxZOWqAkDVqc8fOQjQ'}, 'canRate': True, 'viewerRating': 'none', 'likeCount': 50, 'publishedAt': '2022-10-22T20:02:53Z', 'updatedAt': '2022-10-22T20:02:53Z'}}, 'canReply': True, 'totalReplyCount': 4, 'isPublic': True}","{'comments': [{'kind': 'youtube#comment', 'etag': '2T2_4-HS_JBQ4rxqSqL9kyz_RH0', 'id': 'UgzSz8owxo7cLnpOaH94AaABAg.9hVLQZyOLdb9hv5fXfmwW4', 'snippet': {'videoId': 'uuh1ydDwwrQ', 'textDisplay': 'logico, maluco ta falando da China, ce acha que não tão ouvindo a conversa dele no grampo vai ele fala que o cara foi tirado de la a força que automaticamente 5 chines entra na live pela janela kkkkkkkkkkkkkkkkkkkkkkkkkkkkkkkkkk', 'textOriginal': 'logico, maluco ta falando da China, ce acha que não tão ouvindo a conversa dele no grampo vai ele fala que o cara foi tirado de la a força que automaticamente 5 chines entra na live pela janela kkkkkkkkkkkkkkkkkkkkkkkkkkkkkkkkkk', 'parentId': 'UgzSz8owxo7cLnpOaH94AaABAg', 'authorDisplayName': 'PirataHatake', 'authorProfileImageUrl': 'https://yt3.ggpht.com/ytc/AGIKgqOA3pFG82t2UMGo4F_lAdbBJVvUwxq7qTHh_YMxJ2WgaQEnOYfMe_AUZL04YeVG=s48-c-k-c0x00ffffff-no-rj', 'authorChannelUrl': 'http://www.youtube.com/channel/UCT8PjJWdsm7QrjBaxv44k5w', 'authorChannelId': {'value': 'UCT8PjJWdsm7QrjBaxv44k5w'}, 'canRate': True, 'viewerRating': 'none', 'likeCount': 0, 'publishedAt': '2022-11-02T05:24:44Z', 'updatedAt': '2022-11-02T05:24:44Z'}}, {'kind': 'youtube#comment', 'etag': 'Vr0Z9Uj4pdTrtMzGGm-ygxDnic8', 'id': 'UgzSz8owxo7cLnpOaH94AaABAg.9hVLQZyOLdb9hYabUm-g7-', 'snippet': {'videoId': 'uuh1ydDwwrQ', 'textDisplay': 'E ainda sorrindo com a maior naturalidade...', 'textOriginal': 'E ainda sorrindo com a maior naturalidade...', 'parentId': 'UgzSz8owxo7cLnpOaH94AaABAg', 'authorDisplayName': 'Carlos Santos', 'authorProfileImageUrl': 'https://yt3.ggpht.com/ytc/AGIKgqMfeinT5MbBffoo0eetZKqXGLsIkp34--YswMlZsQ=s48-c-k-c0x00ffffff-no-rj', 'authorChannelUrl': 'http://www.youtube.com/channel/UCQfttFudBss4VLluaBJi5Wg', 'authorChannelId': {'value': 'UCQfttFudBss4VLluaBJi5Wg'}, 'canRate': True, 'viewerRating': 'none', 'likeCount': 0, 'publishedAt': '2022-10-24T02:22:02Z', 'updatedAt': '2022-10-24T02:22:02Z'}}, {'kind': 'youtube#comment', 'etag': 'qokMKuOyTaz5kkoXLwVjocA-UfE', 'id': 'UgzSz8owxo7cLnpOaH94AaABAg.9hVLQZyOLdb9hYaajEbCFw', 'snippet': {'videoId': 'uuh1ydDwwrQ', 'textDisplay': 'E ainda sorrindo com a maior naturalidade...', 'textOriginal': 'E ainda sorrindo com a maior naturalidade...', 'parentId': 'UgzSz8owxo7cLnpOaH94AaABAg', 'authorDisplayName': 'Carlos Santos', 'authorProfileImageUrl': 'https://yt3.ggpht.com/ytc/AGIKgqMfeinT5MbBffoo0eetZKqXGLsIkp34--YswMlZsQ=s48-c-k-c0x00ffffff-no-rj', 'authorChannelUrl': 'http://www.youtube.com/channel/UCQfttFudBss4VLluaBJi5Wg', 'authorChannelId': {'value': 'UCQfttFudBss4VLluaBJi5Wg'}, 'canRate': True, 'viewerRating': 'none', 'likeCount': 0, 'publishedAt': '2022-10-24T02:21:56Z', 'updatedAt': '2022-10-24T02:21:56Z'}}, {'kind': 'youtube#comment', 'etag': 'uk4pBARblO6kDIeMcAt-SPRwq68', 'id': 'UgzSz8owxo7cLnpOaH94AaABAg.9hVLQZyOLdb9hVN-FLiGot', 'snippet': {'videoId': 'uuh1ydDwwrQ', 'textDisplay': 'É que ele não falou o que tu ACHA que é verdade', 'textOriginal': 'É que ele não falou o que tu ACHA que é verdade', 'parentId': 'UgzSz8owxo7cLnpOaH94AaABAg', 'authorDisplayName': 'Ferreira', 'authorProfileImageUrl': 'https://yt3.ggpht.com/ytc/AGIKgqOrDdLXSGbtfFm5ZKR1Pm4oZM774r5Ssu2D3A=s48-c-k-c0x00ffffff-no-rj', 'authorChannelUrl': 'http://www.youtube.com/channel/UCIEha7BoEo_gwmDjtacxkGQ', 'authorChannelId': {'value': 'UCIEha7BoEo_gwmDjtacxkGQ'}, 'canRate': True, 'viewerRating': 'none', 'likeCount': 0, 'publishedAt': '2022-10-22T20:16:37Z', 'updatedAt': '2022-10-22T20:16:37Z'}}]}",UCBPM9lxZOWqAkDVqc8fOQjQ,2022-10-22T20:02:53Z,O entrevistado fala muito mais como um chinês do que como um especialista.,QURTSl9pM0Q1UHhUTXVYZ2ktbVJBbDJkbWVsLWxXMmlyOUxMRExtLUJYcHFaTmc1ZHQxS0R2Z0FlRl9JazRmRWU5aF9vX3dNcTJ2MkdkQQ==,2023-06-08 15:04:32.156352
youtube#commentThread,-uUmZGlbRgdiySL6BgCuBUslpms,UgymgBKkSKPMItdiSnN4AaABAg,"{'videoId': 'uuh1ydDwwrQ', 'topLevelComment': {'kind': 'youtube#comment', 'etag': 'blrMWt11xAm1w6nugBrlzTWo9sk', 'id': 'UgymgBKkSKPMItdiSnN4AaABAg', 'snippet': {'videoId': 'uuh1ydDwwrQ', 'textDisplay': 'Claramente foi uma &quot; retirada &quot; forçada, ...', 'textOriginal': 'Claramente foi uma "" retirada "" forçada, ...', 'authorDisplayName': 'Péricles Calafange', 'authorProfileImageUrl': 'https://yt3.ggpht.com/ytc/AGIKgqNITK8LTuMUYXj-ZYRRf4GyPPd4CMgUBrwpPeiJ=s48-c-k-c0x00ffffff-no-rj', 'authorChannelUrl': 'http://www.youtube.com/channel/UCokTnT-62xOwNXfA1XcclqQ', 'authorChannelId': {'value': 'UCokTnT-62xOwNXfA1XcclqQ'}, 'canRate': True, 'viewerRating': 'none', 'likeCount': 1, 'publishedAt': '2022-10-22T20:01:49Z', 'updatedAt': '2022-10-22T20:01:49Z'}}, 'canReply': True, 'totalReplyCount': 0, 'isPublic': True}",,UCokTnT-62xOwNXfA1XcclqQ,2022-10-22T20:01:49Z,"Claramente foi uma "" retirada "" forçada, ...",QURTSl9pM0Q1UHhUTXVYZ2ktbVJBbDJkbWVsLWxXMmlyOUxMRExtLUJYcHFaTmc1ZHQxS0R2Z0FlRl9JazRmRWU5aF9vX3dNcTJ2MkdkQQ==,2023-06-08 15:04:32.156352
youtube#commentThread,ET3xI0_QtxdEXlT1aq8jM1j2-go,UgySw3WqE4gWU7F69Xd4AaABAg,"{'videoId': 'uuh1ydDwwrQ', 'topLevelComment': {'kind': 'youtube#comment', 'etag': 'tkkYkaERTtzjFWwTda_WGjwdefc', 'id': 'UgySw3WqE4gWU7F69Xd4AaABAg', 'snippet': {'videoId': 'uuh1ydDwwrQ', 'textDisplay': 'Que professorzinho cara de pau, mentiroso 😡', 'textOriginal': 'Que professorzinho cara de pau, mentiroso 😡', 'authorDisplayName': 'Alexandre GOMES BARBOSA', 'authorProfileImageUrl': 'https://yt3.ggpht.com/ytc/AGIKgqO9l9NteN7cwACSvhu_BbQxrg6PghpDFJp-fA=s48-c-k-c0x00ffffff-no-rj', 'authorChannelUrl': 'http://www.youtube.com/channel/UCicMMFFUzWStW00BHiWVXzg', 'authorChannelId': {'value': 'UCicMMFFUzWStW00BHiWVXzg'}, 'canRate': True, 'viewerRating': 'none', 'likeCount': 0, 'publishedAt': '2022-10-22T20:01:45Z', 'updatedAt': '2022-10-22T20:01:45Z'}}, 'canReply': True, 'totalReplyCount': 0, 'isPublic': True}",,UCicMMFFUzWStW00BHiWVXzg,2022-10-22T20:01:45Z,"Que professorzinho cara de pau, mentiroso 😡",QURTSl9pM0Q1UHhUTXVYZ2ktbVJBbDJkbWVsLWxXMmlyOUxMRExtLUJYcHFaTmc1ZHQxS0R2Z0FlRl9JazRmRWU5aF9vX3dNcTJ2MkdkQQ==,2023-06-08 15:04:32.156352
youtube#commentThread,o7qn1-iWj3CdFY_JIIit69Jul8U,UgwIvHaZvqeyH0vuIjZ4AaABAg,"{'videoId': 'uuh1ydDwwrQ', 'topLevelComment': {'kind': 'youtube#comment', 'etag': '2lhQsxxcLKL86n4_biIf9M_rjCU', 'id': 'UgwIvHaZvqeyH0vuIjZ4AaABAg', 'snippet': {'videoId': 'uuh1ydDwwrQ', 'textDisplay': 'Não sei se esse rapaz sabe a verdade,mas sei que : se ele mora na china ele tem que ser burro pra dizer algo contra o partido chinês', 'textOriginal': 'Não sei se esse rapaz sabe a verdade,mas sei que : se ele mora na china ele tem que ser burro pra dizer algo contra o partido chinês', 'authorDisplayName': 'Edelton5652 Gomes', 'authorProfileImageUrl': 'https://yt3.ggpht.com/ytc/AGIKgqOFlMjI5nOKisJmhKtuPwilBIRWUogbkhoZlQ=s48-c-k-c0x00ffffff-no-rj', 'authorChannelUrl': 'http://www.youtube.com/channel/UCBm_qsvCXO2uul2Fg1LphFw', 'authorChannelId': {'value': 'UCBm_qsvCXO2uul2Fg1LphFw'}, 'canRate': True, 'viewerRating': 'none', 'likeCount': 0, 'publishedAt': '2022-10-22T20:01:05Z', 'updatedAt': '2022-10-22T20:01:05Z'}}, 'canReply': True, 'totalReplyCount': 0, 'isPublic': True}",,UCBm_qsvCXO2uul2Fg1LphFw,2022-10-22T20:01:05Z,"Não sei se esse rapaz sabe a verdade,mas sei que : se ele mora na china ele tem que ser burro pra dizer algo contra o partido chinês",QURTSl9pM0Q1UHhUTXVYZ2ktbVJBbDJkbWVsLWxXMmlyOUxMRExtLUJYcHFaTmc1ZHQxS0R2Z0FlRl9JazRmRWU5aF9vX3dNcTJ2MkdkQQ==,2023-06-08 15:04:32.156352
youtube#commentThread,LzFs6SPBIigBreZYUwCCh9lhIUw,UgzBESa1HLGZDAKumOJ4AaABAg,"{'videoId': 'uuh1ydDwwrQ', 'topLevelComment': {'kind': 'youtube#comment', 'etag': 'Q3_wtGcZYqsaR8eoCblMSqiKhEg', 'id': 'UgzBESa1HLGZDAKumOJ4AaABAg', 'snippet': {'videoId': 'uuh1ydDwwrQ', 'textDisplay': 'E confia no partido comunista ,eles mentem', 'textOriginal': 'E confia no partido comunista ,eles mentem', 'authorDisplayName': 'Marcos Paulo', 'authorProfileImageUrl': 'https://yt3.ggpht.com/ytc/AGIKgqMdemq-93eJJygYdVBk2Yh-fiGBoVSMLZxbPw=s48-c-k-c0x00ffffff-no-rj', 'authorChannelUrl': 'http://www.youtube.com/channel/UCPTqrORnK8aWF0kLHSKMRwg', 'authorChannelId': {'value': 'UCPTqrORnK8aWF0kLHSKMRwg'}, 'canRate': True, 'viewerRating': 'none', 'likeCount': 0, 'publishedAt': '2022-10-22T20:00:54Z', 'updatedAt': '2022-10-22T20:00:54Z'}}, 'canReply': True, 'totalReplyCount': 0, 'isPublic': True}",,UCPTqrORnK8aWF0kLHSKMRwg,2022-10-22T20:00:54Z,"E confia no partido comunista ,eles mentem",QURTSl9pM0Q1UHhUTXVYZ2ktbVJBbDJkbWVsLWxXMmlyOUxMRExtLUJYcHFaTmc1ZHQxS0R2Z0FlRl9JazRmRWU5aF9vX3dNcTJ2MkdkQQ==,2023-06-08 15:04:32.156352
youtube#commentThread,8YYwPvcazrjNuO2imQKsz_1ly3k,Ugxi8FnyZl7ntqqrlIB4AaABAg,"{'videoId': 'uuh1ydDwwrQ', 'topLevelComment': {'kind': 'youtube#comment', 'etag': 'XJ--h8F3x_iqCwW1-7oj8d7t_HA', 'id': 'Ugxi8FnyZl7ntqqrlIB4AaABAg', 'snippet': {'videoId': 'uuh1ydDwwrQ', 'textDisplay': 'Cadê os apoiadores do luladrão apoiando essa atitude pra qual se tornarão recorrentes se luladrão chegar ao poder!!! Canalhas!!', 'textOriginal': 'Cadê os apoiadores do luladrão apoiando essa atitude pra qual se tornarão recorrentes se luladrão chegar ao poder!!! Canalhas!!', 'authorDisplayName': 'Rodolfo kato kato', 'authorProfileImageUrl': 'https://yt3.ggpht.com/ytc/AGIKgqO_mc2E12ln0084UyD1_z15e-9jRBlnAYNu-g=s48-c-k-c0x00ffffff-no-rj', 'authorChannelUrl': 'http://www.youtube.com/channel/UCaCGRKKeG1bakGDOmRbrR1w', 'authorChannelId': {'value': 'UCaCGRKKeG1bakGDOmRbrR1w'}, 'canRate': True, 'viewerRating': 'none', 'likeCount': 0, 'publishedAt': '2022-10-22T20:00:50Z', 'updatedAt': '2022-10-22T20:00:50Z'}}, 'canReply': True, 'totalReplyCount': 0, 'isPublic': True}",,UCaCGRKKeG1bakGDOmRbrR1w,2022-10-22T20:00:50Z,Cadê os apoiadores do luladrão apoiando essa atitude pra qual se tornarão recorrentes se luladrão chegar ao poder!!! Canalhas!!,QURTSl9pM0Q1UHhUTXVYZ2ktbVJBbDJkbWVsLWxXMmlyOUxMRExtLUJYcHFaTmc1ZHQxS0R2Z0FlRl9JazRmRWU5aF9vX3dNcTJ2MkdkQQ==,2023-06-08 15:04:32.156352
youtube#commentThread,4fAKvWacOddQDCGMkJLinzWf6Fc,Ugxf_l_ZwExmsnQ40nl4AaABAg,"{'videoId': 'uuh1ydDwwrQ', 'topLevelComment': {'kind': 'youtube#comment', 'etag': 'Kpg3odwxjFcLqT31AnA9K-C0XYE', 'id': 'Ugxf_l_ZwExmsnQ40nl4AaABAg', 'snippet': {'videoId': 'uuh1ydDwwrQ', 'textDisplay': 'Nunca confie em comunistas. Sapo não anda junto com cobra.', 'textOriginal': 'Nunca confie em comunistas. Sapo não anda junto com cobra.', 'authorDisplayName': 'Marcos', 'authorProfileImageUrl': 'https://yt3.ggpht.com/ytc/AGIKgqOd5czpTAgbNAIaf90nNy5pfrSDjuRjkmdEL1vpEtXyHN1WDWMBOKeo6YGPPC6-=s48-c-k-c0x00ffffff-no-rj', 'authorChannelUrl': 'http://www.youtube.com/channel/UCqOzjE_AU2U5Y_ztauOWudA', 'authorChannelId': {'value': 'UCqOzjE_AU2U5Y_ztauOWudA'}, 'canRate': True, 'viewerRating': 'none', 'likeCount': 0, 'publishedAt': '2022-10-22T20:00:38Z', 'updatedAt': '2022-10-22T20:00:38Z'}}, 'canReply': True, 'totalReplyCount': 0, 'isPublic': True}",,UCqOzjE_AU2U5Y_ztauOWudA,2022-10-22T20:00:38Z,Nunca confie em comunistas. Sapo não anda junto com cobra.,QURTSl9pM0Q1UHhUTXVYZ2ktbVJBbDJkbWVsLWxXMmlyOUxMRExtLUJYcHFaTmc1ZHQxS0R2Z0FlRl9JazRmRWU5aF9vX3dNcTJ2MkdkQQ==,2023-06-08 15:04:32.156352
youtube#commentThread,4vyrCqcwWjxHs0Jp6NTfSGxvQvM,UgynK_yyBZojpZfbTKh4AaABAg,"{'videoId': 'uuh1ydDwwrQ', 'topLevelComment': {'kind': 'youtube#comment', 'etag': 'lj4gk4TWh6_WxtuktnOjd46Hiu0', 'id': 'UgynK_yyBZojpZfbTKh4AaABAg', 'snippet': {'videoId': 'uuh1ydDwwrQ', 'textDisplay': 'O vice não estava contente com o terceiro mandato.', 'textOriginal': 'O vice não estava contente com o terceiro mandato.', 'authorDisplayName': 'Marcos Paulo', 'authorProfileImageUrl': 'https://yt3.ggpht.com/ytc/AGIKgqMdemq-93eJJygYdVBk2Yh-fiGBoVSMLZxbPw=s48-c-k-c0x00ffffff-no-rj', 'authorChannelUrl': 'http://www.youtube.com/channel/UCPTqrORnK8aWF0kLHSKMRwg', 'authorChannelId': {'value': 'UCPTqrORnK8aWF0kLHSKMRwg'}, 'canRate': True, 'viewerRating': 'none', 'likeCount': 0, 'publishedAt': '2022-10-22T20:00:26Z', 'updatedAt': '2022-10-22T20:00:26Z'}}, 'canReply': True, 'totalReplyCount': 0, 'isPublic': True}",,UCPTqrORnK8aWF0kLHSKMRwg,2022-10-22T20:00:26Z,O vice não estava contente com o terceiro mandato.,QURTSl9pM0Q1UHhUTXVYZ2ktbVJBbDJkbWVsLWxXMmlyOUxMRExtLUJYcHFaTmc1ZHQxS0R2Z0FlRl9JazRmRWU5aF9vX3dNcTJ2MkdkQQ==,2023-06-08 15:04:32.156352
youtube#commentThread,af-QLKPyvnxVnbncgzhRdgdkc8E,UgxoP37dnmdq8Kw1KF94AaABAg,"{'videoId': 'uuh1ydDwwrQ', 'topLevelComment': {'kind': 'youtube#comment', 'etag': '3wmk3zbwq0cFpjz6QRUN3jZP5hc', 'id': 'UgxoP37dnmdq8Kw1KF94AaABAg', 'snippet': {'videoId': 'uuh1ydDwwrQ', 'textDisplay': 'Cadeia aos traidores comunistas', 'textOriginal': 'Cadeia aos traidores comunistas', 'authorDisplayName': 'Daniel Pereira Costa', 'authorProfileImageUrl': 'https://yt3.ggpht.com/ytc/AGIKgqNVl65aktPns6-BuIUzfVOPjorvpijMpyWcUQ=s48-c-k-c0x00ffffff-no-rj', 'authorChannelUrl': 'http://www.youtube.com/channel/UCKnv1JJNTzHYwIx25iQVDBQ', 'authorChannelId': {'value': 'UCKnv1JJNTzHYwIx25iQVDBQ'}, 'canRate': True, 'viewerRating': 'none', 'likeCount': 0, 'publishedAt': '2022-10-22T20:00:11Z', 'updatedAt': '2022-10-22T20:00:11Z'}}, 'canReply': True, 'totalReplyCount': 0, 'isPublic': True}",,UCKnv1JJNTzHYwIx25iQVDBQ,2022-10-22T20:00:11Z,Cadeia aos traidores comunistas,QURTSl9pM0Q1UHhUTXVYZ2ktbVJBbDJkbWVsLWxXMmlyOUxMRExtLUJYcHFaTmc1ZHQxS0R2Z0FlRl9JazRmRWU5aF9vX3dNcTJ2MkdkQQ==,2023-06-08 15:04:32.156352
youtube#commentThread,RkoMxeGbo0dNzCcEmQXqrmvlkVc,UgyQgHwDnMEysVL-99J4AaABAg,"{'videoId': 'uuh1ydDwwrQ', 'topLevelComment': {'kind': 'youtube#comment', 'etag': 'pIAJStA4XIWbUmjqimMuPu3jGbk', 'id': 'UgyQgHwDnMEysVL-99J4AaABAg', 'snippet': {'videoId': 'uuh1ydDwwrQ', 'textDisplay': 'Esse comunismo diabólico só traz fome e miséria pra terra.', 'textOriginal': 'Esse comunismo diabólico só traz fome e miséria pra terra.', 'authorDisplayName': 'Viniciu pereira.', 'authorProfileImageUrl': 'https://yt3.ggpht.com/jgnXGcrqprEfcQvKXO-0pbflJOrnM3rVEH1aoR1eRkqdOpA5Z1iENiZInaPo29yJwjCw1K_G=s48-c-k-c0x00ffffff-no-rj', 'authorChannelUrl': 'http://www.youtube.com/channel/UCsPmNLbGk0GUifWCi4vwaDQ', 'authorChannelId': {'value': 'UCsPmNLbGk0GUifWCi4vwaDQ'}, 'canRate': True, 'viewerRating': 'none', 'likeCount': 0, 'publishedAt': '2022-10-22T20:00:09Z', 'updatedAt': '2022-10-22T20:00:09Z'}}, 'canReply': True, 'totalReplyCount': 0, 'isPublic': True}",,UCsPmNLbGk0GUifWCi4vwaDQ,2022-10-22T20:00:09Z,Esse comunismo diabólico só traz fome e miséria pra terra.,QURTSl9pM0Q1UHhUTXVYZ2ktbVJBbDJkbWVsLWxXMmlyOUxMRExtLUJYcHFaTmc1ZHQxS0R2Z0FlRl9JazRmRWU5aF9vX3dNcTJ2MkdkQQ==,2023-06-08 15:04:32.156352
youtube#commentThread,m4lFdXJMRlDa4aa68xYUtrIUCbQ,UgybFCUQZv0tt2VNTx94AaABAg,"{'videoId': 'uuh1ydDwwrQ', 'topLevelComment': {'kind': 'youtube#comment', 'etag': '-FtqbqVzLB5wbyJd0p0cTzTjSVM', 'id': 'UgybFCUQZv0tt2VNTx94AaABAg', 'snippet': {'videoId': 'uuh1ydDwwrQ', 'textDisplay': 'China não dá satisfação...AGE...', 'textOriginal': 'China não dá satisfação...AGE...', 'authorDisplayName': 'Marli Caribe', 'authorProfileImageUrl': 'https://yt3.ggpht.com/ytc/AGIKgqPc3jFUX_ifldX78w_vR7Rjtb_EjmtT9NkLHA=s48-c-k-c0x00ffffff-no-rj', 'authorChannelUrl': 'http://www.youtube.com/channel/UCNWPX7wizNcdTNRxBR4B8Ew', 'authorChannelId': {'value': 'UCNWPX7wizNcdTNRxBR4B8Ew'}, 'canRate': True, 'viewerRating': 'none', 'likeCount': 0, 'publishedAt': '2022-10-22T20:00:04Z', 'updatedAt': '2022-10-22T20:00:04Z'}}, 'canReply': True, 'totalReplyCount': 0, 'isPublic': True}",,UCNWPX7wizNcdTNRxBR4B8Ew,2022-10-22T20:00:04Z,China não dá satisfação...AGE...,QURTSl9pM0Q1UHhUTXVYZ2ktbVJBbDJkbWVsLWxXMmlyOUxMRExtLUJYcHFaTmc1ZHQxS0R2Z0FlRl9JazRmRWU5aF9vX3dNcTJ2MkdkQQ==,2023-06-08 15:04:32.156352
youtube#commentThread,S-NAzQlWiD62fRrvmAVcF_z-Rqk,Ugz23AtQDXlOFC_IjVN4AaABAg,"{'videoId': 'uuh1ydDwwrQ', 'topLevelComment': {'kind': 'youtube#comment', 'etag': '87qHDRp2fW9ZIJAJ4crHt1REEVM', 'id': 'Ugz23AtQDXlOFC_IjVN4AaABAg', 'snippet': {'videoId': 'uuh1ydDwwrQ', 'textDisplay': 'Menos um demônio. Já foi preso.<br>Aqui no Brasil vai ser igual.<br>A limpeza da terra vai ser feita. Estamos na transição planetária, e muitos já tem informações privilegiadas e estão informando que teremos prisões em massa.<br>agora é só aguardar as prisões no Brasil. 🇧🇷', 'textOriginal': 'Menos um demônio. Já foi preso.\\nAqui no Brasil vai ser igual.\\nA limpeza da terra vai ser feita. Estamos na transição planetária, e muitos já tem informações privilegiadas e estão informando que teremos prisões em massa.\\nagora é só aguardar as prisões no Brasil. 🇧🇷', 'authorDisplayName': 'Maria Goretti Teixeira', 'authorProfileImageUrl': 'https://yt3.ggpht.com/ytc/AGIKgqOj91tmNKDi-e7XeNqGrz3nGSsko0ic5k1WlU0CYA=s48-c-k-c0x00ffffff-no-rj', 'authorChannelUrl': 'http://www.youtube.com/channel/UCwE96BwmwO9hZUxEhNVdtiQ', 'authorChannelId': {'value': 'UCwE96BwmwO9hZUxEhNVdtiQ'}, 'canRate': True, 'viewerRating': 'none', 'likeCount': 0, 'publishedAt': '2022-10-22T20:00:03Z', 'updatedAt': '2022-10-22T20:00:03Z'}}, 'canReply': True, 'totalReplyCount': 0, 'isPublic': True}",,UCwE96BwmwO9hZUxEhNVdtiQ,2022-10-22T20:00:03Z,"Menos um demônio. Já foi preso.
Aqui no Brasil vai ser igual.
A limpeza da terra vai ser feita. Estamos na transição planetária, e muitos já tem informações privilegiadas e estão informando que teremos prisões em massa.
agora é só aguardar as prisões no Brasil. 🇧🇷",QURTSl9pM0Q1UHhUTXVYZ2ktbVJBbDJkbWVsLWxXMmlyOUxMRExtLUJYcHFaTmc1ZHQxS0R2Z0FlRl9JazRmRWU5aF9vX3dNcTJ2MkdkQQ==,2023-06-08 15:04:32.156352
youtube#commentThread,PlJWzzYFN3v9jOVzMlVL5gXOANs,UgyNm0Y2RK2nTtpuJ7h4AaABAg,"{'videoId': 'uuh1ydDwwrQ', 'topLevelComment': {'kind': 'youtube#comment', 'etag': '2u3TcOx6mog1fp9PLWbt7t9zuFE', 'id': 'UgyNm0Y2RK2nTtpuJ7h4AaABAg', 'snippet': {'videoId': 'uuh1ydDwwrQ', 'textDisplay': '<a href=""http://www.youtube.com/results?search_query=%23censuran%C3%A3o"">#CENSURANÃO</a>  <a href=""http://www.youtube.com/results?search_query=%23jovempan"">#JOVEMPAN</a>', 'textOriginal': '#CENSURANÃO  #JOVEMPAN', 'authorDisplayName': 'Vera Teofilo', 'authorProfileImageUrl': 'https://yt3.ggpht.com/ytc/AGIKgqOYDPRVDc4u9EJM9SZDQGnREOtpCN-FPwykmg=s48-c-k-c0x00ffffff-no-rj', 'authorChannelUrl': 'http://www.youtube.com/channel/UC1jdFjfUTiQd0J0oxdUZULQ', 'authorChannelId': {'value': 'UC1jdFjfUTiQd0J0oxdUZULQ'}, 'canRate': True, 'viewerRating': 'none', 'likeCount': 1, 'publishedAt': '2022-10-22T19:59:57Z', 'updatedAt': '2022-10-22T19:59:57Z'}}, 'canReply': True, 'totalReplyCount': 0, 'isPublic': True}",,UC1jdFjfUTiQd0J0oxdUZULQ,2022-10-22T19:59:57Z,#CENSURANÃO  #JOVEMPAN,QURTSl9pM0Q1UHhUTXVYZ2ktbVJBbDJkbWVsLWxXMmlyOUxMRExtLUJYcHFaTmc1ZHQxS0R2Z0FlRl9JazRmRWU5aF9vX3dNcTJ2MkdkQQ==,2023-06-08 15:04:32.156352
youtube#commentThread,Ek9VTieETvbFO1ytXWyGtYzHgO0,Ugz09wskj5xwpoPYNvl4AaABAg,"{'videoId': 'uuh1ydDwwrQ', 'topLevelComment': {'kind': 'youtube#comment', 'etag': 'DjDhKUf7KY0jTPwuPZh0B_wVCAg', 'id': 'Ugz09wskj5xwpoPYNvl4AaABAg', 'snippet': {'videoId': 'uuh1ydDwwrQ', 'textDisplay': 'Isso é um recado aos lideres chineses que por ventura pensarem em sacanear o xijimpim', 'textOriginal': 'Isso é um recado aos lideres chineses que por ventura pensarem em sacanear o xijimpim', 'authorDisplayName': 'Daniel Pereira Costa', 'authorProfileImageUrl': 'https://yt3.ggpht.com/ytc/AGIKgqNVl65aktPns6-BuIUzfVOPjorvpijMpyWcUQ=s48-c-k-c0x00ffffff-no-rj', 'authorChannelUrl': 'http://www.youtube.com/channel/UCKnv1JJNTzHYwIx25iQVDBQ', 'authorChannelId': {'value': 'UCKnv1JJNTzHYwIx25iQVDBQ'}, 'canRate': True, 'viewerRating': 'none', 'likeCount': 5, 'publishedAt': '2022-10-22T19:59:33Z', 'updatedAt': '2022-10-22T19:59:33Z'}}, 'canReply': True, 'totalReplyCount': 0, 'isPublic': True}",,UCKnv1JJNTzHYwIx25iQVDBQ,2022-10-22T19:59:33Z,Isso é um recado aos lideres chineses que por ventura pensarem em sacanear o xijimpim,QURTSl9pM0Q1UHhUTXVYZ2ktbVJBbDJkbWVsLWxXMmlyOUxMRExtLUJYcHFaTmc1ZHQxS0R2Z0FlRl9JazRmRWU5aF9vX3dNcTJ2MkdkQQ==,2023-06-08 15:04:32.156352
youtube#commentThread,Bk1Y6XyAVAe9eHh0bl6J5iRxaOU,UgxY7JjN5kMCgocgHTd4AaABAg,"{'videoId': 'uuh1ydDwwrQ', 'topLevelComment': {'kind': 'youtube#comment', 'etag': 'AHfHk40msKeB61baycVQhNjnkg4', 'id': 'UgxY7JjN5kMCgocgHTd4AaABAg', 'snippet': {'videoId': 'uuh1ydDwwrQ', 'textDisplay': 'Vixe ,ou foi preso ou vai ser fuzilado', 'textOriginal': 'Vixe ,ou foi preso ou vai ser fuzilado', 'authorDisplayName': 'Marcos Paulo', 'authorProfileImageUrl': 'https://yt3.ggpht.com/ytc/AGIKgqMdemq-93eJJygYdVBk2Yh-fiGBoVSMLZxbPw=s48-c-k-c0x00ffffff-no-rj', 'authorChannelUrl': 'http://www.youtube.com/channel/UCPTqrORnK8aWF0kLHSKMRwg', 'authorChannelId': {'value': 'UCPTqrORnK8aWF0kLHSKMRwg'}, 'canRate': True, 'viewerRating': 'none', 'likeCount': 2, 'publishedAt': '2022-10-22T19:59:28Z', 'updatedAt': '2022-10-22T19:59:28Z'}}, 'canReply': True, 'totalReplyCount': 0, 'isPublic': True}",,UCPTqrORnK8aWF0kLHSKMRwg,2022-10-22T19:59:28Z,"Vixe ,ou foi preso ou vai ser fuzilado",QURTSl9pM0Q1UHhUTXVYZ2ktbVJBbDJkbWVsLWxXMmlyOUxMRExtLUJYcHFaTmc1ZHQxS0R2Z0FlRl9JazRmRWU5aF9vX3dNcTJ2MkdkQQ==,2023-06-08 15:04:32.156352
youtube#commentThread,9jwjkWXW2wfaeFlaR5I1iinSqKQ,UgzJlbn05hWgy10Vw514AaABAg,"{'videoId': 'uuh1ydDwwrQ', 'topLevelComment': {'kind': 'youtube#comment', 'etag': '50kHH82fPE_VSsTmJb_bXvv-PGU', 'id': 'UgzJlbn05hWgy10Vw514AaABAg', 'snippet': {'videoId': 'uuh1ydDwwrQ', 'textDisplay': 'Num entregam o osso de jeito nenhum, cuidado povo vote certo 22', 'textOriginal': 'Num entregam o osso de jeito nenhum, cuidado povo vote certo 22', 'authorDisplayName': 'Wanda Oliveira', 'authorProfileImageUrl': 'https://yt3.ggpht.com/ytc/AGIKgqNARvwzryZhBwnYZgzpDhJrJGzhTHgLZsSdhA=s48-c-k-c0x00ffffff-no-rj', 'authorChannelUrl': 'http://www.youtube.com/channel/UCVujbFcMqH9AYdiWQVaAiTA', 'authorChannelId': {'value': 'UCVujbFcMqH9AYdiWQVaAiTA'}, 'canRate': True, 'viewerRating': 'none', 'likeCount': 2, 'publishedAt': '2022-10-22T19:58:32Z', 'updatedAt': '2022-10-22T19:58:32Z'}}, 'canReply': True, 'totalReplyCount': 0, 'isPublic': True}",,UCVujbFcMqH9AYdiWQVaAiTA,2022-10-22T19:58:32Z,"Num entregam o osso de jeito nenhum, cuidado povo vote certo 22",QURTSl9pM0Q1UHhUTXVYZ2ktbVJBbDJkbWVsLWxXMmlyOUxMRExtLUJYcHFaTmc1ZHQxS0R2Z0FlRl9JazRmRWU5aF9vX3dNcTJ2MkdkQQ==,2023-06-08 15:04:32.156352
youtube#commentThread,1BVb_6M1GvpRDmZr0gqQFYKKYwY,Ugz99-nZYZi2pizDE1t4AaABAg,"{'videoId': 'uuh1ydDwwrQ', 'topLevelComment': {'kind': 'youtube#comment', 'etag': 'e7kiUJTXsBcOTj_BBYqOsvnA854', 'id': 'Ugz99-nZYZi2pizDE1t4AaABAg', 'snippet': {'videoId': 'uuh1ydDwwrQ', 'textDisplay': 'Ele foi fazer uma inspeção nas baterias anti aereas da china', 'textOriginal': 'Ele foi fazer uma inspeção nas baterias anti aereas da china', 'authorDisplayName': 'G', 'authorProfileImageUrl': 'https://yt3.ggpht.com/yk_tL0zKrm_mS0kxDDrfU_SSPkP-6UaqyfEdoVLHHtsqHXDt-fy4WWNsu0t8mHLSQ93SNfoTBBg=s48-c-k-c0x00ffffff-no-rj', 'authorChannelUrl': 'http://www.youtube.com/channel/UCM0eUkyRnWVmyaeXKPC83oQ', 'authorChannelId': {'value': 'UCM0eUkyRnWVmyaeXKPC83oQ'}, 'canRate': True, 'viewerRating': 'none', 'likeCount': 1, 'publishedAt': '2022-10-22T19:57:54Z', 'updatedAt': '2022-10-22T19:57:54Z'}}, 'canReply': True, 'totalReplyCount': 0, 'isPublic': True}",,UCM0eUkyRnWVmyaeXKPC83oQ,2022-10-22T19:57:54Z,Ele foi fazer uma inspeção nas baterias anti aereas da china,QURTSl9pM0Q1UHhUTXVYZ2ktbVJBbDJkbWVsLWxXMmlyOUxMRExtLUJYcHFaTmc1ZHQxS0R2Z0FlRl9JazRmRWU5aF9vX3dNcTJ2MkdkQQ==,2023-06-08 15:04:32.156352
youtube#commentThread,Mj1zvmpvOn5-Pvb8EnPYz0_lnD4,Ugw-cjuAweU2clXiP9l4AaABAg,"{'videoId': 'uuh1ydDwwrQ', 'topLevelComment': {'kind': 'youtube#comment', 'etag': 'Htvh2c_g5W5aDAW_PivHNfo4b_E', 'id': 'Ugw-cjuAweU2clXiP9l4AaABAg', 'snippet': {'videoId': 'uuh1ydDwwrQ', 'textDisplay': 'Uma dessas coreografias está no figurino. Atrás todos de máscara enquanto a bancada da frente, sem máscara. Não tentem entender!!', 'textOriginal': 'Uma dessas coreografias está no figurino. Atrás todos de máscara enquanto a bancada da frente, sem máscara. Não tentem entender!!', 'authorDisplayName': 'Afinados Com a Música - Mirian Silveira', 'authorProfileImageUrl': 'https://yt3.ggpht.com/ytc/AGIKgqNBnHrz6YCowkGkq5x28jpJ7SDMH8i7nDrbCVmxlA=s48-c-k-c0x00ffffff-no-rj', 'authorChannelUrl': 'http://www.youtube.com/channel/UClaM5whilnBJSMAtVC5YAJw', 'authorChannelId': {'value': 'UClaM5whilnBJSMAtVC5YAJw'}, 'canRate': True, 'viewerRating': 'none', 'likeCount': 0, 'publishedAt': '2022-10-22T19:57:53Z', 'updatedAt': '2022-10-22T19:57:53Z'}}, 'canReply': True, 'totalReplyCount': 0, 'isPublic': True}",,UClaM5whilnBJSMAtVC5YAJw,2022-10-22T19:57:53Z,"Uma dessas coreografias está no figurino. Atrás todos de máscara enquanto a bancada da frente, sem máscara. Não tentem entender!!",QURTSl9pM0Q1UHhUTXVYZ2ktbVJBbDJkbWVsLWxXMmlyOUxMRExtLUJYcHFaTmc1ZHQxS0R2Z0FlRl9JazRmRWU5aF9vX3dNcTJ2MkdkQQ==,2023-06-08 15:04:32.156352
youtube#commentThread,Rc1DsfWbZBx8EK0AcYD59eAwIcs,UgxNCcS7rgLvJFZ2w7R4AaABAg,"{'videoId': 'uuh1ydDwwrQ', 'topLevelComment': {'kind': 'youtube#comment', 'etag': 'VON1fVwirNs4h9N009TihtXNTQY', 'id': 'UgxNCcS7rgLvJFZ2w7R4AaABAg', 'snippet': {'videoId': 'uuh1ydDwwrQ', 'textDisplay': 'Esse governo CHINÊS É um MALDITO DO INFERNO....o povo tem culpa por tudo isso...o Brasil vai pro buraco também si o LULA LADRÃO GANHA', 'textOriginal': 'Esse governo CHINÊS É um MALDITO DO INFERNO....o povo tem culpa por tudo isso...o Brasil vai pro buraco também si o LULA LADRÃO GANHA', 'authorDisplayName': 'Juliano Luz', 'authorProfileImageUrl': 'https://yt3.ggpht.com/ytc/AGIKgqOWSjwz_jZ87eKk4ypz69tIX6ltZzI6Xmem7Q=s48-c-k-c0x00ffffff-no-rj', 'authorChannelUrl': 'http://www.youtube.com/channel/UC05uE_9cy-eTSEVIidBD-wg', 'authorChannelId': {'value': 'UC05uE_9cy-eTSEVIidBD-wg'}, 'canRate': True, 'viewerRating': 'none', 'likeCount': 0, 'publishedAt': '2022-10-22T19:57:49Z', 'updatedAt': '2022-10-22T19:57:49Z'}}, 'canReply': True, 'totalReplyCount': 0, 'isPublic': True}",,UC05uE_9cy-eTSEVIidBD-wg,2022-10-22T19:57:49Z,Esse governo CHINÊS É um MALDITO DO INFERNO....o povo tem culpa por tudo isso...o Brasil vai pro buraco também si o LULA LADRÃO GANHA,QURTSl9pM0Q1UHhUTXVYZ2ktbVJBbDJkbWVsLWxXMmlyOUxMRExtLUJYcHFaTmc1ZHQxS0R2Z0FlRl9JazRmRWU5aF9vX3dNcTJ2MkdkQQ==,2023-06-08 15:04:32.156352
youtube#commentThread,rDuss3WUpffW5Mi_6kjnmP6zhYg,Ugw8ZMA8hrwSSD10Ift4AaABAg,"{'videoId': 'uuh1ydDwwrQ', 'topLevelComment': {'kind': 'youtube#comment', 'etag': 'hQTXtswJdK7cbXYnM0b1GfxM-yA', 'id': 'Ugw8ZMA8hrwSSD10Ift4AaABAg', 'snippet': {'videoId': 'uuh1ydDwwrQ', 'textDisplay': 'BRASIL PEDE SOCORRO. ACORDE POVO BRASILEIRO. É ESSE REGIME QUE ALGUNS QUEREM PARA O BRASIL.', 'textOriginal': 'BRASIL PEDE SOCORRO. ACORDE POVO BRASILEIRO. É ESSE REGIME QUE ALGUNS QUEREM PARA O BRASIL.', 'authorDisplayName': 'CRISTIANE MEINKING Guimarães', 'authorProfileImageUrl': 'https://yt3.ggpht.com/ytc/AGIKgqNIaHzsmjwD-z-eWY6Wo2LMWi1cCcj2AC7A9kWKOA=s48-c-k-c0x00ffffff-no-rj', 'authorChannelUrl': 'http://www.youtube.com/channel/UCx1IavQnxzo1k49KySi65gQ', 'authorChannelId': {'value': 'UCx1IavQnxzo1k49KySi65gQ'}, 'canRate': True, 'viewerRating': 'none', 'likeCount': 60, 'publishedAt': '2022-10-22T19:57:42Z', 'updatedAt': '2022-10-22T19:57:42Z'}}, 'canReply': True, 'totalReplyCount': 3, 'isPublic': True}","{'comments': [{'kind': 'youtube#comment', 'etag': 'uu9eOYhkF0lWkh2n-KxGLiVpFJU', 'id': 'Ugw8ZMA8hrwSSD10Ift4AaABAg.9hVKpheFyFe9hcSVtpo5_u', 'snippet': {'videoId': 'uuh1ydDwwrQ', 'textDisplay': 'No caso eu quero 🚩⭐🤞🏻', 'textOriginal': 'No caso eu quero 🚩⭐🤞🏻', 'parentId': 'Ugw8ZMA8hrwSSD10Ift4AaABAg', 'authorDisplayName': 'anyone', 'authorProfileImageUrl': 'https://yt3.ggpht.com/eXZc5zuhanJby58_FyuQNOxlttxg3N8tgm-nG_fUsJnPrdadJLnIHiZM5NjSE3Mmg9zYovMKxw=s48-c-k-c0x00ffffff-no-rj', 'authorChannelUrl': 'http://www.youtube.com/channel/UCFSQNMKwfDcrkknBDoauS-Q', 'authorChannelId': {'value': 'UCFSQNMKwfDcrkknBDoauS-Q'}, 'canRate': True, 'viewerRating': 'none', 'likeCount': 0, 'publishedAt': '2022-10-25T23:38:42Z', 'updatedAt': '2022-10-25T23:38:42Z'}}, {'kind': 'youtube#comment', 'etag': 'EoIBG2-iMucpJndgWQh5XTmYEz4', 'id': 'Ugw8ZMA8hrwSSD10Ift4AaABAg.9hVKpheFyFe9haSY4ZFzLM', 'snippet': {'videoId': 'uuh1ydDwwrQ', 'textDisplay': 'Oloco a véa doidona', 'textOriginal': 'Oloco a véa doidona', 'parentId': 'Ugw8ZMA8hrwSSD10Ift4AaABAg', 'authorDisplayName': '𝗔 𝗠𝗢𝗥𝗧𝗘 𝗗𝗘 𝗬𝗔𝗛𝗪𝗘𝗛 𝗗𝗘𝗠𝗜𝗨𝗥𝗚𝗢𝗦', 'authorProfileImageUrl': 'https://yt3.ggpht.com/CXLdSOu2MjUhWNKtP4R6pkFZ3msHsXGOU4TplMzK5uAKTRA-_h-vJzam0infbJItDDXcH6IFFQ=s48-c-k-c0x00ffffff-no-rj', 'authorChannelUrl': 'http://www.youtube.com/channel/UCIjGcLaglEs6xZ0YvWUvfgw', 'authorChannelId': {'value': 'UCIjGcLaglEs6xZ0YvWUvfgw'}, 'canRate': True, 'viewerRating': 'none', 'likeCount': 1, 'publishedAt': '2022-10-25T05:00:31Z', 'updatedAt': '2022-10-25T05:00:31Z'}}, {'kind': 'youtube#comment', 'etag': 'b4xSsK6saBPDTxMjATQBnEoykw0', 'id': 'Ugw8ZMA8hrwSSD10Ift4AaABAg.9hVKpheFyFe9hVMtdDM05j', 'snippet': {'videoId': 'uuh1ydDwwrQ', 'textDisplay': 'O senado que acorde..a bola de cristal já mostrou o que os aguarda,,,', 'textOriginal': 'O senado que acorde..a bola de cristal já mostrou o que os aguarda,,,', 'parentId': 'Ugw8ZMA8hrwSSD10Ift4AaABAg', 'authorDisplayName': 'Tiburcio Nascimento', 'authorProfileImageUrl': 'https://yt3.ggpht.com/ytc/AGIKgqPYJ16XbloZp1nRif2q9UiINjE9b3aLcJFllVpYZmGF8L32gAvFuJ_fm0H5T6oa=s48-c-k-c0x00ffffff-no-rj', 'authorChannelUrl': 'http://www.youtube.com/channel/UCOpVT2WBtvOTmNgRgNreY3Q', 'authorChannelId': {'value': 'UCOpVT2WBtvOTmNgRgNreY3Q'}, 'canRate': True, 'viewerRating': 'none', 'likeCount': 0, 'publishedAt': '2022-10-22T20:15:43Z', 'updatedAt': '2022-10-22T20:15:43Z'}}]}",UCx1IavQnxzo1k49KySi65gQ,2022-10-22T19:57:42Z,BRASIL PEDE SOCORRO. ACORDE POVO BRASILEIRO. É ESSE REGIME QUE ALGUNS QUEREM PARA O BRASIL.,QURTSl9pM0Q1UHhUTXVYZ2ktbVJBbDJkbWVsLWxXMmlyOUxMRExtLUJYcHFaTmc1ZHQxS0R2Z0FlRl9JazRmRWU5aF9vX3dNcTJ2MkdkQQ==,2023-06-08 15:04:32.156352
youtube#commentThread,EiO54WfCGA_SHfw0hIEu9cp8Poc,UgyNe_HTfmVmrWeJLzZ4AaABAg,"{'videoId': 'uuh1ydDwwrQ', 'topLevelComment': {'kind': 'youtube#comment', 'etag': 'kNjUwLmmhGbby8Sk03QdpDhlDI0', 'id': 'UgyNe_HTfmVmrWeJLzZ4AaABAg', 'snippet': {'videoId': 'uuh1ydDwwrQ', 'textDisplay': 'Ele só foi retirado democraticamente...', 'textOriginal': 'Ele só foi retirado democraticamente...', 'authorDisplayName': 'GPC 2014', 'authorProfileImageUrl': 'https://yt3.ggpht.com/ytc/AGIKgqPdiwB27744PDhNFhGAbcyPKCWJrMRoGy9yww=s48-c-k-c0x00ffffff-no-rj', 'authorChannelUrl': 'http://www.youtube.com/channel/UCehbfACKArYbRVUCmY8BjqQ', 'authorChannelId': {'value': 'UCehbfACKArYbRVUCmY8BjqQ'}, 'canRate': True, 'viewerRating': 'none', 'likeCount': 0, 'publishedAt': '2022-10-22T19:57:32Z', 'updatedAt': '2022-10-22T19:57:32Z'}}, 'canReply': True, 'totalReplyCount': 0, 'isPublic': True}",,UCehbfACKArYbRVUCmY8BjqQ,2022-10-22T19:57:32Z,Ele só foi retirado democraticamente...,QURTSl9pM0Q1UHhUTXVYZ2ktbVJBbDJkbWVsLWxXMmlyOUxMRExtLUJYcHFaTmc1ZHQxS0R2Z0FlRl9JazRmRWU5aF9vX3dNcTJ2MkdkQQ==,2023-06-08 15:04:32.156352
youtube#commentThread,S079UHMpHwi5gGbB8f734SRqUWU,UgwD3SRDc47qcHpYNfp4AaABAg,"{'videoId': 'uuh1ydDwwrQ', 'topLevelComment': {'kind': 'youtube#comment', 'etag': '2Q9Expxm9oQhbrfTvLhiQ7g-pDc', 'id': 'UgwD3SRDc47qcHpYNfp4AaABAg', 'snippet': {'videoId': 'uuh1ydDwwrQ', 'textDisplay': 'As palavras do professor é um afago aos ouvidos do governo autoritário da China', 'textOriginal': 'As palavras do professor é um afago aos ouvidos do governo autoritário da China', 'authorDisplayName': 'Dagnaldo Ferreira', 'authorProfileImageUrl': 'https://yt3.ggpht.com/ytc/AGIKgqNIDPFyzShCOJX3VUEDb15Bz010Kw3oc49fYn0B3MQ=s48-c-k-c0x00ffffff-no-rj', 'authorChannelUrl': 'http://www.youtube.com/channel/UCEixtmC1ybr0xgs-eXIgVOg', 'authorChannelId': {'value': 'UCEixtmC1ybr0xgs-eXIgVOg'}, 'canRate': True, 'viewerRating': 'none', 'likeCount': 0, 'publishedAt': '2022-10-22T19:57:18Z', 'updatedAt': '2022-10-22T19:57:18Z'}}, 'canReply': True, 'totalReplyCount': 0, 'isPublic': True}",,UCEixtmC1ybr0xgs-eXIgVOg,2022-10-22T19:57:18Z,As palavras do professor é um afago aos ouvidos do governo autoritário da China,QURTSl9pM0Q1UHhUTXVYZ2ktbVJBbDJkbWVsLWxXMmlyOUxMRExtLUJYcHFaTmc1ZHQxS0R2Z0FlRl9JazRmRWU5aF9vX3dNcTJ2MkdkQQ==,2023-06-08 15:04:32.156352
youtube#commentThread,JYj-2skBwshttOStOMgF4-tZYVk,UgypMNEezvztWrQz-6J4AaABAg,"{'videoId': 'uuh1ydDwwrQ', 'topLevelComment': {'kind': 'youtube#comment', 'etag': 'nXG7vjkdXp8Y0q1XmJUpBkO6RRA', 'id': 'UgypMNEezvztWrQz-6J4AaABAg', 'snippet': {'videoId': 'uuh1ydDwwrQ', 'textDisplay': 'Para o povo acordou ele foi retirado sim', 'textOriginal': 'Para o povo acordou ele foi retirado sim', 'authorDisplayName': 'Wanda Oliveira', 'authorProfileImageUrl': 'https://yt3.ggpht.com/ytc/AGIKgqNARvwzryZhBwnYZgzpDhJrJGzhTHgLZsSdhA=s48-c-k-c0x00ffffff-no-rj', 'authorChannelUrl': 'http://www.youtube.com/channel/UCVujbFcMqH9AYdiWQVaAiTA', 'authorChannelId': {'value': 'UCVujbFcMqH9AYdiWQVaAiTA'}, 'canRate': True, 'viewerRating': 'none', 'likeCount': 0, 'publishedAt': '2022-10-22T19:57:00Z', 'updatedAt': '2022-10-22T19:57:00Z'}}, 'canReply': True, 'totalReplyCount': 0, 'isPublic': True}",,UCVujbFcMqH9AYdiWQVaAiTA,2022-10-22T19:57:00Z,Para o povo acordou ele foi retirado sim,QURTSl9pM0Q1UHhUTXVYZ2ktbVJBbDJkbWVsLWxXMmlyOUxMRExtLUJYcHFaTmc1ZHQxS0R2Z0FlRl9JazRmRWU5aF9vX3dNcTJ2MkdkQQ==,2023-06-08 15:04:32.156352
youtube#commentThread,C4GtagqycvVZxb4I3I4_6oqVG7E,UgyxSLu_Dz6P2FrvBhF4AaABAg,"{'videoId': 'uuh1ydDwwrQ', 'topLevelComment': {'kind': 'youtube#comment', 'etag': 'Cwsc0GMAaQxirThXTj7thJa9yt8', 'id': 'UgyxSLu_Dz6P2FrvBhF4AaABAg', 'snippet': {'videoId': 'uuh1ydDwwrQ', 'textDisplay': 'Chiiii...vai morrer', 'textOriginal': 'Chiiii...vai morrer', 'authorDisplayName': 'Célia Valeretto', 'authorProfileImageUrl': 'https://yt3.ggpht.com/ytc/AGIKgqNOR91bKKJ84pBqie5uc0cedGcrB8w3EaFj=s48-c-k-c0x00ffffff-no-rj', 'authorChannelUrl': 'http://www.youtube.com/channel/UCxVzjLawHbUgJ-FCHxbu3fg', 'authorChannelId': {'value': 'UCxVzjLawHbUgJ-FCHxbu3fg'}, 'canRate': True, 'viewerRating': 'none', 'likeCount': 0, 'publishedAt': '2022-10-22T19:56:37Z', 'updatedAt': '2022-10-22T19:56:37Z'}}, 'canReply': True, 'totalReplyCount': 0, 'isPublic': True}",,UCxVzjLawHbUgJ-FCHxbu3fg,2022-10-22T19:56:37Z,Chiiii...vai morrer,QURTSl9pM0Q1UHhUTXVYZ2ktbVJBbDJkbWVsLWxXMmlyOUxMRExtLUJYcHFaTmc1ZHQxS0R2Z0FlRl9JazRmRWU5aF9vX3dNcTJ2MkdkQQ==,2023-06-08 15:04:32.156352
youtube#commentThread,B-shmDyvh-CQfbMFjl2oor1xk9k,UgyiW5XJ8CffVsrLKg94AaABAg,"{'videoId': 'uuh1ydDwwrQ', 'topLevelComment': {'kind': 'youtube#comment', 'etag': '83KDTbYN8ehMohDN9TiQVE5FWJI', 'id': 'UgyiW5XJ8CffVsrLKg94AaABAg', 'snippet': {'videoId': 'uuh1ydDwwrQ', 'textDisplay': 'Piada kkkk', 'textOriginal': 'Piada kkkk', 'authorDisplayName': 'Wanda Oliveira', 'authorProfileImageUrl': 'https://yt3.ggpht.com/ytc/AGIKgqNARvwzryZhBwnYZgzpDhJrJGzhTHgLZsSdhA=s48-c-k-c0x00ffffff-no-rj', 'authorChannelUrl': 'http://www.youtube.com/channel/UCVujbFcMqH9AYdiWQVaAiTA', 'authorChannelId': {'value': 'UCVujbFcMqH9AYdiWQVaAiTA'}, 'canRate': True, 'viewerRating': 'none', 'likeCount': 0, 'publishedAt': '2022-10-22T19:56:26Z', 'updatedAt': '2022-10-22T19:56:26Z'}}, 'canReply': True, 'totalReplyCount': 0, 'isPublic': True}",,UCVujbFcMqH9AYdiWQVaAiTA,2022-10-22T19:56:26Z,Piada kkkk,QURTSl9pM0Q1UHhUTXVYZ2ktbVJBbDJkbWVsLWxXMmlyOUxMRExtLUJYcHFaTmc1ZHQxS0R2Z0FlRl9JazRmRWU5aF9vX3dNcTJ2MkdkQQ==,2023-06-08 15:04:32.156352
youtube#commentThread,cfSCzhWoNTv6ZhAy28G58ofzLpw,UgzSU5Qz5cfapzD6olh4AaABAg,"{'videoId': 'uuh1ydDwwrQ', 'topLevelComment': {'kind': 'youtube#comment', 'etag': '2MHAJR7NGL67mNXKKfx_-X669q0', 'id': 'UgzSU5Qz5cfapzD6olh4AaABAg', 'snippet': {'videoId': 'uuh1ydDwwrQ', 'textDisplay': 'Essa chinelada comunista golpista vão morrer na cadeia', 'textOriginal': 'Essa chinelada comunista golpista vão morrer na cadeia', 'authorDisplayName': 'Daniel Pereira Costa', 'authorProfileImageUrl': 'https://yt3.ggpht.com/ytc/AGIKgqNVl65aktPns6-BuIUzfVOPjorvpijMpyWcUQ=s48-c-k-c0x00ffffff-no-rj', 'authorChannelUrl': 'http://www.youtube.com/channel/UCKnv1JJNTzHYwIx25iQVDBQ', 'authorChannelId': {'value': 'UCKnv1JJNTzHYwIx25iQVDBQ'}, 'canRate': True, 'viewerRating': 'none', 'likeCount': 0, 'publishedAt': '2022-10-22T19:56:20Z', 'updatedAt': '2022-10-22T19:56:20Z'}}, 'canReply': True, 'totalReplyCount': 0, 'isPublic': True}",,UCKnv1JJNTzHYwIx25iQVDBQ,2022-10-22T19:56:20Z,Essa chinelada comunista golpista vão morrer na cadeia,QURTSl9pM0Q1UHhUTXVYZ2ktbVJBbDJkbWVsLWxXMmlyOUxMRExtLUJYcHFaTmc1ZHQxS0R2Z0FlRl9JazRmRWU5aF9vX3dNcTJ2MkdkQQ==,2023-06-08 15:04:32.156352
youtube#commentThread,NFPgCW8fRmqbbD-aPy7DfhJc4b0,UgxRQPX-P6eultWkKl14AaABAg,"{'videoId': 'uuh1ydDwwrQ', 'topLevelComment': {'kind': 'youtube#comment', 'etag': 'thLw07Be2I6a2maXZ05Q8-Qq2rY', 'id': 'UgxRQPX-P6eultWkKl14AaABAg', 'snippet': {'videoId': 'uuh1ydDwwrQ', 'textDisplay': 'Tiraram o ex presidente, caramba. Bolsonaro 22', 'textOriginal': 'Tiraram o ex presidente, caramba. Bolsonaro 22', 'authorDisplayName': 'Márcio R. Santos', 'authorProfileImageUrl': 'https://yt3.ggpht.com/ytc/AGIKgqNwiF2xrTcVkx5AjBy_dPI_y67iKAfmDmAsK0JU7klPwWFiW-MLLHBcKVCcbcWg=s48-c-k-c0x00ffffff-no-rj', 'authorChannelUrl': 'http://www.youtube.com/channel/UCc-7T5KUKzLVuTBuDklqXsA', 'authorChannelId': {'value': 'UCc-7T5KUKzLVuTBuDklqXsA'}, 'canRate': True, 'viewerRating': 'none', 'likeCount': 0, 'publishedAt': '2022-10-22T19:55:51Z', 'updatedAt': '2022-10-22T19:55:51Z'}}, 'canReply': True, 'totalReplyCount': 0, 'isPublic': True}",,UCc-7T5KUKzLVuTBuDklqXsA,2022-10-22T19:55:51Z,"Tiraram o ex presidente, caramba. Bolsonaro 22",QURTSl9pM0Q1UHhUTXVYZ2ktbVJBbDJkbWVsLWxXMmlyOUxMRExtLUJYcHFaTmc1ZHQxS0R2Z0FlRl9JazRmRWU5aF9vX3dNcTJ2MkdkQQ==,2023-06-08 15:04:32.156352
youtube#commentThread,6Yl_JlzJ44bS26SOHnHE5zOO5yw,Ugyfc_rBW-YmaUQ7JBR4AaABAg,"{'videoId': 'uuh1ydDwwrQ', 'topLevelComment': {'kind': 'youtube#comment', 'etag': '_x0erH29nlz_oqDYrD1Tjx9MEhk', 'id': 'Ugyfc_rBW-YmaUQ7JBR4AaABAg', 'snippet': {'videoId': 'uuh1ydDwwrQ', 'textDisplay': 'Olha o xandäo aí gente 🥚🙄', 'textOriginal': 'Olha o xandäo aí gente 🥚🙄', 'authorDisplayName': 'Rejane Candido', 'authorProfileImageUrl': 'https://yt3.ggpht.com/ytc/AGIKgqNcTl8k3E4kBWvTu2bfFexbTwi3PwFGiOGauIVD=s48-c-k-c0x00ffffff-no-rj', 'authorChannelUrl': 'http://www.youtube.com/channel/UCRuVLRCY72jfJE8E8IsmzHQ', 'authorChannelId': {'value': 'UCRuVLRCY72jfJE8E8IsmzHQ'}, 'canRate': True, 'viewerRating': 'none', 'likeCount': 0, 'publishedAt': '2022-10-22T19:55:35Z', 'updatedAt': '2022-10-22T19:55:35Z'}}, 'canReply': True, 'totalReplyCount': 0, 'isPublic': True}",,UCRuVLRCY72jfJE8E8IsmzHQ,2022-10-22T19:55:35Z,Olha o xandäo aí gente 🥚🙄,QURTSl9pM0Q1UHhUTXVYZ2ktbVJBbDJkbWVsLWxXMmlyOUxMRExtLUJYcHFaTmc1ZHQxS0R2Z0FlRl9JazRmRWU5aF9vX3dNcTJ2MkdkQQ==,2023-06-08 15:04:32.156352
youtube#commentThread,Szij49FZt9lePDwdbsSmn8bnvcQ,UgwuJItJHDg9I1iMeqh4AaABAg,"{'videoId': 'uuh1ydDwwrQ', 'topLevelComment': {'kind': 'youtube#comment', 'etag': 'PKe_Hab4NQhMBKuGj4swMsyUeGU', 'id': 'UgwuJItJHDg9I1iMeqh4AaABAg', 'snippet': {'videoId': 'uuh1ydDwwrQ', 'textDisplay': 'Cadeia pra esses comunistas conspiradores', 'textOriginal': 'Cadeia pra esses comunistas conspiradores', 'authorDisplayName': 'Daniel Pereira Costa', 'authorProfileImageUrl': 'https://yt3.ggpht.com/ytc/AGIKgqNVl65aktPns6-BuIUzfVOPjorvpijMpyWcUQ=s48-c-k-c0x00ffffff-no-rj', 'authorChannelUrl': 'http://www.youtube.com/channel/UCKnv1JJNTzHYwIx25iQVDBQ', 'authorChannelId': {'value': 'UCKnv1JJNTzHYwIx25iQVDBQ'}, 'canRate': True, 'viewerRating': 'none', 'likeCount': 0, 'publishedAt': '2022-10-22T19:55:32Z', 'updatedAt': '2022-10-22T19:55:32Z'}}, 'canReply': True, 'totalReplyCount': 0, 'isPublic': True}",,UCKnv1JJNTzHYwIx25iQVDBQ,2022-10-22T19:55:32Z,Cadeia pra esses comunistas conspiradores,QURTSl9pM0Q1UHhUTXVYZ2ktbVJBbDJkbWVsLWxXMmlyOUxMRExtLUJYcHFaTmc1ZHQxS0R2Z0FlRl9JazRmRWU5aF9vX3dNcTJ2MkdkQQ==,2023-06-08 15:04:32.156352
youtube#commentThread,SlaUkTxzHAtPs6D_UETvXwzocsw,UgwnProkyJu-2eKRxp94AaABAg,"{'videoId': 'uuh1ydDwwrQ', 'topLevelComment': {'kind': 'youtube#comment', 'etag': 'AeYW-jcQGm8f3lDJEi0wZnP0MJY', 'id': 'UgwnProkyJu-2eKRxp94AaABAg', 'snippet': {'videoId': 'uuh1ydDwwrQ', 'textDisplay': '😅😅😅😅😅😅', 'textOriginal': '😅😅😅😅😅😅', 'authorDisplayName': 'Maria Sacramento', 'authorProfileImageUrl': 'https://yt3.ggpht.com/ytc/AGIKgqNzKjnRwCaM8H7wpAmA7aL81rRfC0Q1zCwyFe5wQw=s48-c-k-c0x00ffffff-no-rj', 'authorChannelUrl': 'http://www.youtube.com/channel/UCWRtvkC9wjN8VKwaTKzDPWQ', 'authorChannelId': {'value': 'UCWRtvkC9wjN8VKwaTKzDPWQ'}, 'canRate': True, 'viewerRating': 'none', 'likeCount': 0, 'publishedAt': '2022-10-22T19:54:18Z', 'updatedAt': '2022-10-22T19:54:18Z'}}, 'canReply': True, 'totalReplyCount': 0, 'isPublic': True}",,UCWRtvkC9wjN8VKwaTKzDPWQ,2022-10-22T19:54:18Z,😅😅😅😅😅😅,QURTSl9pM0Q1UHhUTXVYZ2ktbVJBbDJkbWVsLWxXMmlyOUxMRExtLUJYcHFaTmc1ZHQxS0R2Z0FlRl9JazRmRWU5aF9vX3dNcTJ2MkdkQQ==,2023-06-08 15:04:32.156352
youtube#commentThread,cSiuAE60OeJ79Rcn91cjGSOnbqw,UgyQrk4-PaWyn4SqJ_94AaABAg,"{'videoId': 'uuh1ydDwwrQ', 'topLevelComment': {'kind': 'youtube#comment', 'etag': 'JutZf9FAMjmAPnCb-s-jbeSonxk', 'id': 'UgyQrk4-PaWyn4SqJ_94AaABAg', 'snippet': {'videoId': 'uuh1ydDwwrQ', 'textDisplay': 'Se sentindo mal??¿???? Conversa fiada!!!!!!!!!', 'textOriginal': 'Se sentindo mal??¿???? Conversa fiada!!!!!!!!!', 'authorDisplayName': 'Ronaldo Felix', 'authorProfileImageUrl': 'https://yt3.ggpht.com/ytc/AGIKgqPOHLIwqd-bvFuJ_oBVKXbEyt_iv_QIPLYhjw=s48-c-k-c0x00ffffff-no-rj', 'authorChannelUrl': 'http://www.youtube.com/channel/UCdBBaFgPEozggKeDWDQjY-g', 'authorChannelId': {'value': 'UCdBBaFgPEozggKeDWDQjY-g'}, 'canRate': True, 'viewerRating': 'none', 'likeCount': 0, 'publishedAt': '2022-10-22T19:54:08Z', 'updatedAt': '2022-10-22T19:54:08Z'}}, 'canReply': True, 'totalReplyCount': 0, 'isPublic': True}",,UCdBBaFgPEozggKeDWDQjY-g,2022-10-22T19:54:08Z,Se sentindo mal??¿???? Conversa fiada!!!!!!!!!,QURTSl9pM0Q1UHhUTXVYZ2ktbVJBbDJkbWVsLWxXMmlyOUxMRExtLUJYcHFaTmc1ZHQxS0R2Z0FlRl9JazRmRWU5aF9vX3dNcTJ2MkdkQQ==,2023-06-08 15:04:32.156352
youtube#commentThread,7_xoV2jCUGcRJOX1bW5nbYrIVA4,UgzEQOvX6XhYwTfusOx4AaABAg,"{'videoId': 'uuh1ydDwwrQ', 'topLevelComment': {'kind': 'youtube#comment', 'etag': 'gZInXQ0YwQTs4BBtco7KXMHrHQU', 'id': 'UgzEQOvX6XhYwTfusOx4AaABAg', 'snippet': {'videoId': 'uuh1ydDwwrQ', 'textDisplay': '<a href=""http://www.youtube.com/results?search_query=%23meu"">#MEU</a> VOTO NÃO SERÁ CENSURADO!<br>BRASIL/BOLSONARO 22', 'textOriginal': '#MEU VOTO NÃO SERÁ CENSURADO!\\nBRASIL/BOLSONARO 22', 'authorDisplayName': 'beto hil', 'authorProfileImageUrl': 'https://yt3.ggpht.com/ytc/AGIKgqOVQvWbxFeXK_IitEJAFOGNCxBDYdRymGlT3Ap5=s48-c-k-c0x00ffffff-no-rj', 'authorChannelUrl': 'http://www.youtube.com/channel/UC1e71jQI7q8VqIKTGLpbdGw', 'authorChannelId': {'value': 'UC1e71jQI7q8VqIKTGLpbdGw'}, 'canRate': True, 'viewerRating': 'none', 'likeCount': 9, 'publishedAt': '2022-10-22T19:53:38Z', 'updatedAt': '2022-10-22T19:54:13Z'}}, 'canReply': True, 'totalReplyCount': 0, 'isPublic': True}",,UC1e71jQI7q8VqIKTGLpbdGw,2022-10-22T19:53:38Z,"#MEU VOTO NÃO SERÁ CENSURADO!
BRASIL/BOLSONARO 22",QURTSl9pM0Q1UHhUTXVYZ2ktbVJBbDJkbWVsLWxXMmlyOUxMRExtLUJYcHFaTmc1ZHQxS0R2Z0FlRl9JazRmRWU5aF9vX3dNcTJ2MkdkQQ==,2023-06-08 15:04:32.156352
youtube#commentThread,p2mBMrnaQrTpLonEdnQZgBTL37A,Ugyi6LLf4PX4r6qbxh54AaABAg,"{'videoId': 'uuh1ydDwwrQ', 'topLevelComment': {'kind': 'youtube#comment', 'etag': '4e2FOJ1YprMnj0bV4ncXlyCDBrQ', 'id': 'Ugyi6LLf4PX4r6qbxh54AaABAg', 'snippet': {'videoId': 'uuh1ydDwwrQ', 'textDisplay': '# i am yong pan', 'textOriginal': '# i am yong pan', 'authorDisplayName': 'José Carlos Oliveira', 'authorProfileImageUrl': 'https://yt3.ggpht.com/ytc/AGIKgqP5lr4rm1AI2LpUgBdNAs1hpUfsHmpdaICCBQ=s48-c-k-c0x00ffffff-no-rj', 'authorChannelUrl': 'http://www.youtube.com/channel/UC9jzIV609j9zkcL_kTo9mOQ', 'authorChannelId': {'value': 'UC9jzIV609j9zkcL_kTo9mOQ'}, 'canRate': True, 'viewerRating': 'none', 'likeCount': 0, 'publishedAt': '2022-10-22T19:53:28Z', 'updatedAt': '2022-10-22T19:53:28Z'}}, 'canReply': True, 'totalReplyCount': 0, 'isPublic': True}",,UC9jzIV609j9zkcL_kTo9mOQ,2022-10-22T19:53:28Z,# i am yong pan,QURTSl9pM0Q1UHhUTXVYZ2ktbVJBbDJkbWVsLWxXMmlyOUxMRExtLUJYcHFaTmc1ZHQxS0R2Z0FlRl9JazRmRWU5aF9vX3dNcTJ2MkdkQQ==,2023-06-08 15:04:32.156352
youtube#commentThread,O3DEjGBgdsFjZQwmD3eX9MAKFlM,UgwoedFaS-rh32dBkfB4AaABAg,"{'videoId': 'uuh1ydDwwrQ', 'topLevelComment': {'kind': 'youtube#comment', 'etag': '7AcVnSY34tLzmUoqtf6mGhIFcdY', 'id': 'UgwoedFaS-rh32dBkfB4AaABAg', 'snippet': {'videoId': 'uuh1ydDwwrQ', 'textDisplay': 'BOLSONARO 22 NO DIA 30 E TARCISIO 10 PARA GOVERNADOR', 'textOriginal': 'BOLSONARO 22 NO DIA 30 E TARCISIO 10 PARA GOVERNADOR', 'authorDisplayName': 'Evelyn Bartholo Calvert', 'authorProfileImageUrl': 'https://yt3.ggpht.com/ytc/AGIKgqNQigxV4Hh_BHJZL4CofxZSMNczcshXTBeRhw=s48-c-k-c0x00ffffff-no-rj', 'authorChannelUrl': 'http://www.youtube.com/channel/UCyT7JnQc_ztdcyd7ANj7v1w', 'authorChannelId': {'value': 'UCyT7JnQc_ztdcyd7ANj7v1w'}, 'canRate': True, 'viewerRating': 'none', 'likeCount': 0, 'publishedAt': '2022-10-22T19:53:28Z', 'updatedAt': '2022-10-22T19:53:28Z'}}, 'canReply': True, 'totalReplyCount': 0, 'isPublic': True}",,UCyT7JnQc_ztdcyd7ANj7v1w,2022-10-22T19:53:28Z,BOLSONARO 22 NO DIA 30 E TARCISIO 10 PARA GOVERNADOR,QURTSl9pM0Q1UHhUTXVYZ2ktbVJBbDJkbWVsLWxXMmlyOUxMRExtLUJYcHFaTmc1ZHQxS0R2Z0FlRl9JazRmRWU5aF9vX3dNcTJ2MkdkQQ==,2023-06-08 15:04:32.156352
youtube#commentThread,hZLOyG3L5ci_2_tIDIw7M2grWE0,Ugycak2R69r0DkzPJYN4AaABAg,"{'videoId': 'uuh1ydDwwrQ', 'topLevelComment': {'kind': 'youtube#comment', 'etag': 'uPDJDwGrAW57Bp-dabrYArJsoSg', 'id': 'Ugycak2R69r0DkzPJYN4AaABAg', 'snippet': {'videoId': 'uuh1ydDwwrQ', 'textDisplay': 'Esse comentarista desconsiderou que Taiwan é a continuidade do Estado Chinês que havia antes da Revolução Comunista Chinesa que veio empurrando a capital em direção ao litoral, até se posicionarem definitivamente na Ilha de Taiwan, onde os revolucionários comunistas nunca chegaram.<br>Porisso, o direito dos taiwaneses é maior.', 'textOriginal': 'Esse comentarista desconsiderou que Taiwan é a continuidade do Estado Chinês que havia antes da Revolução Comunista Chinesa que veio empurrando a capital em direção ao litoral, até se posicionarem definitivamente na Ilha de Taiwan, onde os revolucionários comunistas nunca chegaram.\\nPorisso, o direito dos taiwaneses é maior.', 'authorDisplayName': 'De Faria De Faria', 'authorProfileImageUrl': 'https://yt3.ggpht.com/ytc/AGIKgqMceGKqZgjbjclrVRzGBV39mYR3f7RD5fz6=s48-c-k-c0x00ffffff-no-rj', 'authorChannelUrl': 'http://www.youtube.com/channel/UCOkkO_aUy2FAgdJ2pY5eT8w', 'authorChannelId': {'value': 'UCOkkO_aUy2FAgdJ2pY5eT8w'}, 'canRate': True, 'viewerRating': 'none', 'likeCount': 0, 'publishedAt': '2022-10-22T19:53:21Z', 'updatedAt': '2022-10-22T19:53:21Z'}}, 'canReply': True, 'totalReplyCount': 0, 'isPublic': True}",,UCOkkO_aUy2FAgdJ2pY5eT8w,2022-10-22T19:53:21Z,"Esse comentarista desconsiderou que Taiwan é a continuidade do Estado Chinês que havia antes da Revolução Comunista Chinesa que veio empurrando a capital em direção ao litoral, até se posicionarem definitivamente na Ilha de Taiwan, onde os revolucionários comunistas nunca chegaram.
Porisso, o direito dos taiwaneses é maior.",QURTSl9pM0Q1UHhUTXVYZ2ktbVJBbDJkbWVsLWxXMmlyOUxMRExtLUJYcHFaTmc1ZHQxS0R2Z0FlRl9JazRmRWU5aF9vX3dNcTJ2MkdkQQ==,2023-06-08 15:04:32.156352
youtube#commentThread,C4v8eMKTXDibRH1Cm8Bh86Ie6Lw,UgxyDigC19XE-7cddfV4AaABAg,"{'videoId': 'uuh1ydDwwrQ', 'topLevelComment': {'kind': 'youtube#comment', 'etag': '6M9reSmbDpoFD1ilhey2b5TYlx4', 'id': 'UgxyDigC19XE-7cddfV4AaABAg', 'snippet': {'videoId': 'uuh1ydDwwrQ', 'textDisplay': 'A máscara é só conversa de pressão sobre a população.', 'textOriginal': 'A máscara é só conversa de pressão sobre a população.', 'authorDisplayName': 'Elwyn Araújo', 'authorProfileImageUrl': 'https://yt3.ggpht.com/ytc/AGIKgqOx6CWKNgfUNiyPZO3ZRYs32ZkbmRdz6P3wPCc8=s48-c-k-c0x00ffffff-no-rj', 'authorChannelUrl': 'http://www.youtube.com/channel/UC7s66VrNbD1ktlf2H8cs2kg', 'authorChannelId': {'value': 'UC7s66VrNbD1ktlf2H8cs2kg'}, 'canRate': True, 'viewerRating': 'none', 'likeCount': 1, 'publishedAt': '2022-10-22T19:53:15Z', 'updatedAt': '2022-10-22T19:53:15Z'}}, 'canReply': True, 'totalReplyCount': 0, 'isPublic': True}",,UC7s66VrNbD1ktlf2H8cs2kg,2022-10-22T19:53:15Z,A máscara é só conversa de pressão sobre a população.,QURTSl9pM0Q1UHhUTXVYZ2ktbVJBbDJkbWVsLWxXMmlyOUxMRExtLUJYcHFaTmc1ZHQxS0R2Z0FlRl9JazRmRWU5aF9vX3dNcTJ2MkdkQQ==,2023-06-08 15:04:32.156352
youtube#commentThread,bXo4lkVKOtSJj_PzLcp5MPTKGIQ,UgyVoIwgEEB23Siuw-Z4AaABAg,"{'videoId': 'uuh1ydDwwrQ', 'topLevelComment': {'kind': 'youtube#comment', 'etag': 'mgIF6Zvh-vabq7CXhjkqPL9TH8M', 'id': 'UgyVoIwgEEB23Siuw-Z4AaABAg', 'snippet': {'videoId': 'uuh1ydDwwrQ', 'textDisplay': '☠☠☠☠☠', 'textOriginal': '☠☠☠☠☠', 'authorDisplayName': 'amanda santos', 'authorProfileImageUrl': 'https://yt3.ggpht.com/_DRCyZteoTQaGi1lZwrmv5Dsxso5eVngKyQDiJAjQlq-W_-UTrwg2NCqT6SpWX2n8uJHhk91=s48-c-k-c0x00ffffff-no-rj', 'authorChannelUrl': 'http://www.youtube.com/channel/UCCjcTanp_Phq5ddKeVjH3eA', 'authorChannelId': {'value': 'UCCjcTanp_Phq5ddKeVjH3eA'}, 'canRate': True, 'viewerRating': 'none', 'likeCount': 0, 'publishedAt': '2022-10-22T19:52:26Z', 'updatedAt': '2022-10-22T19:52:26Z'}}, 'canReply': True, 'totalReplyCount': 0, 'isPublic': True}",,UCCjcTanp_Phq5ddKeVjH3eA,2022-10-22T19:52:26Z,☠☠☠☠☠,QURTSl9pM0Q1UHhUTXVYZ2ktbVJBbDJkbWVsLWxXMmlyOUxMRExtLUJYcHFaTmc1ZHQxS0R2Z0FlRl9JazRmRWU5aF9vX3dNcTJ2MkdkQQ==,2023-06-08 15:04:32.156352
youtube#commentThread,p-GkiZDpx6Q4COElOKHfQaPHjkM,Ugz_HNh9zN0HVI8j6E14AaABAg,"{'videoId': 'uuh1ydDwwrQ', 'topLevelComment': {'kind': 'youtube#comment', 'etag': 'LWo6yQWBJ3VedTSrcqj7x7YUivE', 'id': 'Ugz_HNh9zN0HVI8j6E14AaABAg', 'snippet': {'videoId': 'uuh1ydDwwrQ', 'textDisplay': 'O intuito é tirar horário do Bolsonaro', 'textOriginal': 'O intuito é tirar horário do Bolsonaro', 'authorDisplayName': 'Maria Helena Lopes', 'authorProfileImageUrl': 'https://yt3.ggpht.com/ytc/AGIKgqOxwb8RdZFniSm1eGiq9RahXY_KvhjgGDoEcYe04bA=s48-c-k-c0x00ffffff-no-rj', 'authorChannelUrl': 'http://www.youtube.com/channel/UCMI5eDsk76MNCoYrrxzHjww', 'authorChannelId': {'value': 'UCMI5eDsk76MNCoYrrxzHjww'}, 'canRate': True, 'viewerRating': 'none', 'likeCount': 1, 'publishedAt': '2022-10-22T19:52:06Z', 'updatedAt': '2022-10-22T19:52:06Z'}}, 'canReply': True, 'totalReplyCount': 0, 'isPublic': True}",,UCMI5eDsk76MNCoYrrxzHjww,2022-10-22T19:52:06Z,O intuito é tirar horário do Bolsonaro,QURTSl9pM0Q1UHhUTXVYZ2ktbVJBbDJkbWVsLWxXMmlyOUxMRExtLUJYcHFaTmc1ZHQxS0R2Z0FlRl9JazRmRWU5aF9vX3dNcTJ2MkdkQQ==,2023-06-08 15:04:32.156352
youtube#commentThread,gilsgjHz2Tx-XV7tjuwErmtI04o,UgwmM2LrWeFmYdQfi0J4AaABAg,"{'videoId': 'uuh1ydDwwrQ', 'topLevelComment': {'kind': 'youtube#comment', 'etag': 'dqE4JUULQbFFvxDz86kuJiSa9dk', 'id': 'UgwmM2LrWeFmYdQfi0J4AaABAg', 'snippet': {'videoId': 'uuh1ydDwwrQ', 'textDisplay': 'JA MORREU', 'textOriginal': 'JA MORREU', 'authorDisplayName': 'Evelyn Bartholo Calvert', 'authorProfileImageUrl': 'https://yt3.ggpht.com/ytc/AGIKgqNQigxV4Hh_BHJZL4CofxZSMNczcshXTBeRhw=s48-c-k-c0x00ffffff-no-rj', 'authorChannelUrl': 'http://www.youtube.com/channel/UCyT7JnQc_ztdcyd7ANj7v1w', 'authorChannelId': {'value': 'UCyT7JnQc_ztdcyd7ANj7v1w'}, 'canRate': True, 'viewerRating': 'none', 'likeCount': 0, 'publishedAt': '2022-10-22T19:52:04Z', 'updatedAt': '2022-10-22T19:52:04Z'}}, 'canReply': True, 'totalReplyCount': 0, 'isPublic': True}",,UCyT7JnQc_ztdcyd7ANj7v1w,2022-10-22T19:52:04Z,JA MORREU,QURTSl9pM0Q1UHhUTXVYZ2ktbVJBbDJkbWVsLWxXMmlyOUxMRExtLUJYcHFaTmc1ZHQxS0R2Z0FlRl9JazRmRWU5aF9vX3dNcTJ2MkdkQQ==,2023-06-08 15:04:32.156352
youtube#commentThread,TzUF9TnFWC-wfEbCPb1H2jtAVKY,UgxaXNU7SQmk4H3NiBl4AaABAg,"{'videoId': 'uuh1ydDwwrQ', 'topLevelComment': {'kind': 'youtube#comment', 'etag': 'myVn-gzWFPsteL6Nw7vKCqqZm1g', 'id': 'UgxaXNU7SQmk4H3NiBl4AaABAg', 'snippet': {'videoId': 'uuh1ydDwwrQ', 'textDisplay': 'O Brasil não pode virar uma ditadura,  povo brasileiro pense antes de votar!!!', 'textOriginal': 'O Brasil não pode virar uma ditadura,  povo brasileiro pense antes de votar!!!', 'authorDisplayName': 'Kliper Castilho Refrigeração', 'authorProfileImageUrl': 'https://yt3.ggpht.com/d558D0dC10V-hp42b5i9yFu-l6TM-K6-ORh7pSrEyIVwj3hn1B0468xo5GKWO-7gNDPTMbpJ4A=s48-c-k-c0x00ffffff-no-rj', 'authorChannelUrl': 'http://www.youtube.com/channel/UCmgzEIwpophItH4itrNQP-g', 'authorChannelId': {'value': 'UCmgzEIwpophItH4itrNQP-g'}, 'canRate': True, 'viewerRating': 'none', 'likeCount': 0, 'publishedAt': '2022-10-22T19:51:19Z', 'updatedAt': '2022-10-22T19:51:19Z'}}, 'canReply': True, 'totalReplyCount': 0, 'isPublic': True}",,UCmgzEIwpophItH4itrNQP-g,2022-10-22T19:51:19Z,"O Brasil não pode virar uma ditadura,  povo brasileiro pense antes de votar!!!",QURTSl9pM0Q1UHhUTXVYZ2ktbVJBbDJkbWVsLWxXMmlyOUxMRExtLUJYcHFaTmc1ZHQxS0R2Z0FlRl9JazRmRWU5aF9vX3dNcTJ2MkdkQQ==,2023-06-08 15:04:32.156352
youtube#commentThread,6xGknXxfDxH2btxfLV6Sq3BQRJ8,Ugz8LYCtG2CJHAtNYtR4AaABAg,"{'videoId': 'uuh1ydDwwrQ', 'topLevelComment': {'kind': 'youtube#comment', 'etag': 'uCwy1gvHH1JwIVt_x2xk7XTU0SI', 'id': 'Ugz8LYCtG2CJHAtNYtR4AaABAg', 'snippet': {'videoId': 'uuh1ydDwwrQ', 'textDisplay': '<a href=""http://www.youtube.com/results?search_query=%23%C3%A9bolsonaro22"">#ÉBolsonaro22</a>', 'textOriginal': '#ÉBolsonaro22', 'authorDisplayName': 'Carminha de Carmópolis', 'authorProfileImageUrl': 'https://yt3.ggpht.com/ytc/AGIKgqP-sJ_fp82x0oaFayUKUbTScJMs4TLpIyAtL7AsIps=s48-c-k-c0x00ffffff-no-rj', 'authorChannelUrl': 'http://www.youtube.com/channel/UCDil_7M5l9BwJ1xfNpMyG6Q', 'authorChannelId': {'value': 'UCDil_7M5l9BwJ1xfNpMyG6Q'}, 'canRate': True, 'viewerRating': 'none', 'likeCount': 0, 'publishedAt': '2022-10-22T19:51:02Z', 'updatedAt': '2022-10-22T19:51:02Z'}}, 'canReply': True, 'totalReplyCount': 0, 'isPublic': True}",,UCDil_7M5l9BwJ1xfNpMyG6Q,2022-10-22T19:51:02Z,#ÉBolsonaro22,QURTSl9pM0Q1UHhUTXVYZ2ktbVJBbDJkbWVsLWxXMmlyOUxMRExtLUJYcHFaTmc1ZHQxS0R2Z0FlRl9JazRmRWU5aF9vX3dNcTJ2MkdkQQ==,2023-06-08 15:04:32.156352
youtube#commentThread,IDTiqvkn80ZcTZ-IjuO2rebrvBo,UgwiyNPFDTgGHZ7j9l94AaABAg,"{'videoId': 'uuh1ydDwwrQ', 'topLevelComment': {'kind': 'youtube#comment', 'etag': 'QOPZ6fWYbYbXPqHaoO6vReA40mI', 'id': 'UgwiyNPFDTgGHZ7j9l94AaABAg', 'snippet': {'videoId': 'uuh1ydDwwrQ', 'textDisplay': 'Foi comprar cigarro e nunca mais voltou', 'textOriginal': 'Foi comprar cigarro e nunca mais voltou', 'authorDisplayName': 'Daniel Lopes', 'authorProfileImageUrl': 'https://yt3.ggpht.com/ytc/AGIKgqN62KC5rFcOHAUTV4ol4-b5HvaS5fj4OsPeSw=s48-c-k-c0x00ffffff-no-rj', 'authorChannelUrl': 'http://www.youtube.com/channel/UCjzztbT1x-Vp0qcH6BVMhag', 'authorChannelId': {'value': 'UCjzztbT1x-Vp0qcH6BVMhag'}, 'canRate': True, 'viewerRating': 'none', 'likeCount': 5, 'publishedAt': '2022-10-22T19:50:48Z', 'updatedAt': '2022-10-22T19:50:48Z'}}, 'canReply': True, 'totalReplyCount': 0, 'isPublic': True}",,UCjzztbT1x-Vp0qcH6BVMhag,2022-10-22T19:50:48Z,Foi comprar cigarro e nunca mais voltou,QURTSl9pM0Q1UHhUTXVYZ2ktbVJBbDJkbWVsLWxXMmlyOUxMRExtLUJYcHFaTmc1ZHQxS0R2Z0FlRl9JazRmRWU5aF9vX3dNcTJ2MkdkQQ==,2023-06-08 15:04:32.156352
youtube#commentThread,Rs_hIE0VVHm97_v5W8u2Q52rv9U,UgwHe_MgW6r4Lq8wSix4AaABAg,"{'videoId': 'uuh1ydDwwrQ', 'topLevelComment': {'kind': 'youtube#comment', 'etag': 'rH44bHIceN_lghOb39SxgBehBj0', 'id': 'UgwHe_MgW6r4Lq8wSix4AaABAg', 'snippet': {'videoId': 'uuh1ydDwwrQ', 'textDisplay': 'Será que ele está provando do próprio veneno kkkk,💛💙💚🇧🇷 Bolsonaro 22', 'textOriginal': 'Será que ele está provando do próprio veneno kkkk,💛💙💚🇧🇷 Bolsonaro 22', 'authorDisplayName': 'Marcia Benini', 'authorProfileImageUrl': 'https://yt3.ggpht.com/ytc/AGIKgqP0leauz17BKczRGlZSPFNae_7cQZuNAuIWKA=s48-c-k-c0x00ffffff-no-rj', 'authorChannelUrl': 'http://www.youtube.com/channel/UCEYeRmhBalAqqybMJ4LEXWA', 'authorChannelId': {'value': 'UCEYeRmhBalAqqybMJ4LEXWA'}, 'canRate': True, 'viewerRating': 'none', 'likeCount': 0, 'publishedAt': '2022-10-22T19:50:41Z', 'updatedAt': '2022-10-22T19:50:41Z'}}, 'canReply': True, 'totalReplyCount': 0, 'isPublic': True}",,UCEYeRmhBalAqqybMJ4LEXWA,2022-10-22T19:50:41Z,"Será que ele está provando do próprio veneno kkkk,💛💙💚🇧🇷 Bolsonaro 22",QURTSl9pM0Q1UHhUTXVYZ2ktbVJBbDJkbWVsLWxXMmlyOUxMRExtLUJYcHFaTmc1ZHQxS0R2Z0FlRl9JazRmRWU5aF9vX3dNcTJ2MkdkQQ==,2023-06-08 15:04:32.156352
youtube#commentThread,mL2xAOtssL7p0CLvoCeJlrAvrNg,UgxDsA1Kbmjd_ceah_94AaABAg,"{'videoId': 'uuh1ydDwwrQ', 'topLevelComment': {'kind': 'youtube#comment', 'etag': 'TKeqArLOieu4yRsDCs_tPkaEG2w', 'id': 'UgxDsA1Kbmjd_ceah_94AaABAg', 'snippet': {'videoId': 'uuh1ydDwwrQ', 'textDisplay': 'Pode falar , aqui também só tem um Brasil1111111', 'textOriginal': 'Pode falar , aqui também só tem um Brasil1111111', 'authorDisplayName': 'Oficina Facil', 'authorProfileImageUrl': 'https://yt3.ggpht.com/ytc/AGIKgqOQClQWjk2aDB-MDzUh2m7U57OWxMKp37FS2659FVw=s48-c-k-c0x00ffffff-no-rj', 'authorChannelUrl': 'http://www.youtube.com/channel/UCbv94E0QAMx4L5qG6AmZ30A', 'authorChannelId': {'value': 'UCbv94E0QAMx4L5qG6AmZ30A'}, 'canRate': True, 'viewerRating': 'none', 'likeCount': 0, 'publishedAt': '2022-10-22T19:50:39Z', 'updatedAt': '2022-10-22T19:50:39Z'}}, 'canReply': True, 'totalReplyCount': 0, 'isPublic': True}",,UCbv94E0QAMx4L5qG6AmZ30A,2022-10-22T19:50:39Z,"Pode falar , aqui também só tem um Brasil1111111",QURTSl9pM0Q1UHhUTXVYZ2ktbVJBbDJkbWVsLWxXMmlyOUxMRExtLUJYcHFaTmc1ZHQxS0R2Z0FlRl9JazRmRWU5aF9vX3dNcTJ2MkdkQQ==,2023-06-08 15:04:32.156352
youtube#commentThread,5wKMPO78ZAL3-egXwvnnCNigYQE,UgzIltbprLIgyS4zsrN4AaABAg,"{'videoId': 'uuh1ydDwwrQ', 'topLevelComment': {'kind': 'youtube#comment', 'etag': 'W0r-wjZdzSE0_EzjeA1HGD8R1HI', 'id': 'UgzIltbprLIgyS4zsrN4AaABAg', 'snippet': {'videoId': 'uuh1ydDwwrQ', 'textDisplay': '<a href=""http://www.youtube.com/results?search_query=%23censura"">#censura</a> não a jovem Pan.', 'textOriginal': '#censura não a jovem Pan.', 'authorDisplayName': 'Marta Goncalves', 'authorProfileImageUrl': 'https://yt3.ggpht.com/ytc/AGIKgqNVAR0YIAKlKhBCg-uCGn6Nbs6FH9Q8Y1FgDw=s48-c-k-c0x00ffffff-no-rj', 'authorChannelUrl': 'http://www.youtube.com/channel/UCWO-kg3hoYyx9t-b_KKLi6w', 'authorChannelId': {'value': 'UCWO-kg3hoYyx9t-b_KKLi6w'}, 'canRate': True, 'viewerRating': 'none', 'likeCount': 0, 'publishedAt': '2022-10-22T19:50:35Z', 'updatedAt': '2022-10-22T19:50:35Z'}}, 'canReply': True, 'totalReplyCount': 0, 'isPublic': True}",,UCWO-kg3hoYyx9t-b_KKLi6w,2022-10-22T19:50:35Z,#censura não a jovem Pan.,QURTSl9pM0Q1UHhUTXVYZ2ktbVJBbDJkbWVsLWxXMmlyOUxMRExtLUJYcHFaTmc1ZHQxS0R2Z0FlRl9JazRmRWU5aF9vX3dNcTJ2MkdkQQ==,2023-06-08 15:04:32.156352
youtube#commentThread,aKMEQhw68wf2-fiFvTxGLoHdMBc,UgxCVfunmES-4h-FZoR4AaABAg,"{'videoId': 'uuh1ydDwwrQ', 'topLevelComment': {'kind': 'youtube#comment', 'etag': 'NKz1jS6lImoILFCWD1XH9yKojPo', 'id': 'UgxCVfunmES-4h-FZoR4AaABAg', 'snippet': {'videoId': 'uuh1ydDwwrQ', 'textDisplay': 'Acho que vai ser executado!', 'textOriginal': 'Acho que vai ser executado!', 'authorDisplayName': 'Agnaldo Rodrigues', 'authorProfileImageUrl': 'https://yt3.ggpht.com/ytc/AGIKgqMMZytADPlPy9a9Bc7R3WXW6K96vFhozZCK_E7Muw=s48-c-k-c0x00ffffff-no-rj', 'authorChannelUrl': 'http://www.youtube.com/channel/UCvZgMYeaWK6mPCt35D4JOvQ', 'authorChannelId': {'value': 'UCvZgMYeaWK6mPCt35D4JOvQ'}, 'canRate': True, 'viewerRating': 'none', 'likeCount': 3, 'publishedAt': '2022-10-22T19:50:24Z', 'updatedAt': '2022-10-22T19:50:24Z'}}, 'canReply': True, 'totalReplyCount': 1, 'isPublic': True}","{'comments': [{'kind': 'youtube#comment', 'etag': 'RN4pRv0F4htMnH4yi6DOXYoIKaw', 'id': 'UgxCVfunmES-4h-FZoR4AaABAg.9hVK-AZmfGo9hVND0mrr6T', 'snippet': {'videoId': 'uuh1ydDwwrQ', 'textDisplay': 'Isso é pra  pião do partido, camponês pobre...', 'textOriginal': 'Isso é pra  pião do partido, camponês pobre...', 'parentId': 'UgxCVfunmES-4h-FZoR4AaABAg', 'authorDisplayName': 'Tiburcio Nascimento', 'authorProfileImageUrl': 'https://yt3.ggpht.com/ytc/AGIKgqPYJ16XbloZp1nRif2q9UiINjE9b3aLcJFllVpYZmGF8L32gAvFuJ_fm0H5T6oa=s48-c-k-c0x00ffffff-no-rj', 'authorChannelUrl': 'http://www.youtube.com/channel/UCOpVT2WBtvOTmNgRgNreY3Q', 'authorChannelId': {'value': 'UCOpVT2WBtvOTmNgRgNreY3Q'}, 'canRate': True, 'viewerRating': 'none', 'likeCount': 0, 'publishedAt': '2022-10-22T20:18:30Z', 'updatedAt': '2022-10-22T20:18:30Z'}}]}",UCvZgMYeaWK6mPCt35D4JOvQ,2022-10-22T19:50:24Z,Acho que vai ser executado!,QURTSl9pM0Q1UHhUTXVYZ2ktbVJBbDJkbWVsLWxXMmlyOUxMRExtLUJYcHFaTmc1ZHQxS0R2Z0FlRl9JazRmRWU5aF9vX3dNcTJ2MkdkQQ==,2023-06-08 15:04:32.156352
youtube#commentThread,dXie6VbgU34S_yaKYAWBXk-T8mk,UgzNmdOhPew4oZd1p0R4AaABAg,"{'videoId': 'uuh1ydDwwrQ', 'topLevelComment': {'kind': 'youtube#comment', 'etag': 'N_l835DtoJTVhSv1wxyBkedWR0s', 'id': 'UgzNmdOhPew4oZd1p0R4AaABAg', 'snippet': {'videoId': 'uuh1ydDwwrQ', 'textDisplay': 'Kkkkkkkkkkkkkkkk retirada educada né kkkkkkkk eu doente não iria ao encontro', 'textOriginal': 'Kkkkkkkkkkkkkkkk retirada educada né kkkkkkkk eu doente não iria ao encontro', 'authorDisplayName': 'Elwyn Araújo', 'authorProfileImageUrl': 'https://yt3.ggpht.com/ytc/AGIKgqOx6CWKNgfUNiyPZO3ZRYs32ZkbmRdz6P3wPCc8=s48-c-k-c0x00ffffff-no-rj', 'authorChannelUrl': 'http://www.youtube.com/channel/UC7s66VrNbD1ktlf2H8cs2kg', 'authorChannelId': {'value': 'UC7s66VrNbD1ktlf2H8cs2kg'}, 'canRate': True, 'viewerRating': 'none', 'likeCount': 5, 'publishedAt': '2022-10-22T19:50:21Z', 'updatedAt': '2022-10-22T19:50:21Z'}}, 'canReply': True, 'totalReplyCount': 0, 'isPublic': True}",,UC7s66VrNbD1ktlf2H8cs2kg,2022-10-22T19:50:21Z,Kkkkkkkkkkkkkkkk retirada educada né kkkkkkkk eu doente não iria ao encontro,QURTSl9pM0Q1UHhUTXVYZ2ktbVJBbDJkbWVsLWxXMmlyOUxMRExtLUJYcHFaTmc1ZHQxS0R2Z0FlRl9JazRmRWU5aF9vX3dNcTJ2MkdkQQ==,2023-06-08 15:04:32.156352
youtube#commentThread,j8GXGKxswocaBa0mYQ2g1t0iPIQ,UgyqnAF1hqphdccqR8Z4AaABAg,"{'videoId': 'uuh1ydDwwrQ', 'topLevelComment': {'kind': 'youtube#comment', 'etag': 'gdlVoeFiHvPMfI5xD9ThQvDVrxI', 'id': 'UgyqnAF1hqphdccqR8Z4AaABAg', 'snippet': {'videoId': 'uuh1ydDwwrQ', 'textDisplay': 'Esse regime de governo é o sonho do PT mas não vai ter não 🤪🤪🤪🤪🤪', 'textOriginal': 'Esse regime de governo é o sonho do PT mas não vai ter não 🤪🤪🤪🤪🤪', 'authorDisplayName': 'Lu,silva', 'authorProfileImageUrl': 'https://yt3.ggpht.com/Oh9-EDkt8n3UumMK-7HYs4Cz0t2s8Ui65MCkK-_TK7yOSyI3jCuMtM0n9OApILerTfjbjEXJ=s48-c-k-c0x00ffffff-no-rj', 'authorChannelUrl': 'http://www.youtube.com/channel/UC1ha1RCq56_t9vYHqVvXewQ', 'authorChannelId': {'value': 'UC1ha1RCq56_t9vYHqVvXewQ'}, 'canRate': True, 'viewerRating': 'none', 'likeCount': 0, 'publishedAt': '2022-10-22T19:50:20Z', 'updatedAt': '2022-10-22T19:50:20Z'}}, 'canReply': True, 'totalReplyCount': 0, 'isPublic': True}",,UC1ha1RCq56_t9vYHqVvXewQ,2022-10-22T19:50:20Z,Esse regime de governo é o sonho do PT mas não vai ter não 🤪🤪🤪🤪🤪,QURTSl9pM0Q1UHhUTXVYZ2ktbVJBbDJkbWVsLWxXMmlyOUxMRExtLUJYcHFaTmc1ZHQxS0R2Z0FlRl9JazRmRWU5aF9vX3dNcTJ2MkdkQQ==,2023-06-08 15:04:32.156352
youtube#commentThread,thRowjYyn37sZySnf9b7jzy47oI,Ugw8nxDHgHS0p92uvmN4AaABAg,"{'videoId': 'uuh1ydDwwrQ', 'topLevelComment': {'kind': 'youtube#comment', 'etag': 'qO4s1F-m4mMnSBzzH1dEo9izC-0', 'id': 'Ugw8nxDHgHS0p92uvmN4AaABAg', 'snippet': {'videoId': 'uuh1ydDwwrQ', 'textDisplay': 'Está claro que a um probleminha e não e de saúde! Mas o professor e da universidade chinesa! Ou seja temos que acreditar e um comunista.', 'textOriginal': 'Está claro que a um probleminha e não e de saúde! Mas o professor e da universidade chinesa! Ou seja temos que acreditar e um comunista.', 'authorDisplayName': 'Evandro Oliveira', 'authorProfileImageUrl': 'https://yt3.ggpht.com/YTACJw_N3MNQQJtUwbnuYrIGMiZiAC728TxYXC_-XCac-ez_mqoEREgH52ZXD455rJqkfI2R=s48-c-k-c0x00ffffff-no-rj', 'authorChannelUrl': 'http://www.youtube.com/channel/UCIWSsqkpKrl4QsjA-J_X12w', 'authorChannelId': {'value': 'UCIWSsqkpKrl4QsjA-J_X12w'}, 'canRate': True, 'viewerRating': 'none', 'likeCount': 0, 'publishedAt': '2022-10-22T19:50:16Z', 'updatedAt': '2022-10-22T19:50:16Z'}}, 'canReply': True, 'totalReplyCount': 0, 'isPublic': True}",,UCIWSsqkpKrl4QsjA-J_X12w,2022-10-22T19:50:16Z,Está claro que a um probleminha e não e de saúde! Mas o professor e da universidade chinesa! Ou seja temos que acreditar e um comunista.,QURTSl9pM0Q1UHhUTXVYZ2ktbVJBbDJkbWVsLWxXMmlyOUxMRExtLUJYcHFaTmc1ZHQxS0R2Z0FlRl9JazRmRWU5aF9vX3dNcTJ2MkdkQQ==,2023-06-08 15:04:32.156352
youtube#commentThread,yzyaEL8aKjPrSErI4rhgre_Hufo,UgwLy7j1XKyb94eoGWB4AaABAg,"{'videoId': 'uuh1ydDwwrQ', 'topLevelComment': {'kind': 'youtube#comment', 'etag': 'LWxlUVakvZ0CrNSbiGeB5Lfh9g8', 'id': 'UgwLy7j1XKyb94eoGWB4AaABAg', 'snippet': {'videoId': 'uuh1ydDwwrQ', 'textDisplay': 'MEU DEUS GUARDA O NOSO BRASIL-OOOOOOOO OVIO E 2 2 BOLSONARO 🗽 PARA NÁO ACONTECER COMO A VENEZUELA AGENTINA COLOBIA ÁFRICA CUBA  E OLHA A CHINA Q FEZ COM O AMIGO D CHIGI-PIM E DITADURA MALIGUINA OUIVIO E 2 2 BOLSONARO OK))()', 'textOriginal': 'MEU DEUS GUARDA O NOSO BRASIL-OOOOOOOO OVIO E 2 2 BOLSONARO 🗽 PARA NÁO ACONTECER COMO A VENEZUELA AGENTINA COLOBIA ÁFRICA CUBA  E OLHA A CHINA Q FEZ COM O AMIGO D CHIGI-PIM E DITADURA MALIGUINA OUIVIO E 2 2 BOLSONARO OK))()', 'authorDisplayName': 'Erasmo Menezes', 'authorProfileImageUrl': 'https://yt3.ggpht.com/ytc/AGIKgqOGb-iY9sFS7x4USOoq_250a00IyxvIChpEukwKoL7LP8se6soiqDWeaFhbX4SQ=s48-c-k-c0x00ffffff-no-rj', 'authorChannelUrl': 'http://www.youtube.com/channel/UCE_KhbK6NBl2wOyHVLYmBSQ', 'authorChannelId': {'value': 'UCE_KhbK6NBl2wOyHVLYmBSQ'}, 'canRate': True, 'viewerRating': 'none', 'likeCount': 0, 'publishedAt': '2022-10-22T19:49:55Z', 'updatedAt': '2022-10-22T19:49:55Z'}}, 'canReply': True, 'totalReplyCount': 0, 'isPublic': True}",,UCE_KhbK6NBl2wOyHVLYmBSQ,2022-10-22T19:49:55Z,MEU DEUS GUARDA O NOSO BRASIL-OOOOOOOO OVIO E 2 2 BOLSONARO 🗽 PARA NÁO ACONTECER COMO A VENEZUELA AGENTINA COLOBIA ÁFRICA CUBA  E OLHA A CHINA Q FEZ COM O AMIGO D CHIGI-PIM E DITADURA MALIGUINA OUIVIO E 2 2 BOLSONARO OK))(),QURTSl9pM0Q1UHhUTXVYZ2ktbVJBbDJkbWVsLWxXMmlyOUxMRExtLUJYcHFaTmc1ZHQxS0R2Z0FlRl9JazRmRWU5aF9vX3dNcTJ2MkdkQQ==,2023-06-08 15:04:32.156352
youtube#commentThread,W7TLHx9tvn3-xasbyWyo0omqAqQ,Ugx0xUvI3d3yPIWchU14AaABAg,"{'videoId': 'uuh1ydDwwrQ', 'topLevelComment': {'kind': 'youtube#comment', 'etag': 'EcPvKWNm3znaDkPc-pASesLKB1Y', 'id': 'Ugx0xUvI3d3yPIWchU14AaABAg', 'snippet': {'videoId': 'uuh1ydDwwrQ', 'textDisplay': 'Tava passando mal nada foi tirado na marra deve ter pisado no pé do líder 😅😅😅😅🤣', 'textOriginal': 'Tava passando mal nada foi tirado na marra deve ter pisado no pé do líder 😅😅😅😅🤣', 'authorDisplayName': 'Lu,silva', 'authorProfileImageUrl': 'https://yt3.ggpht.com/Oh9-EDkt8n3UumMK-7HYs4Cz0t2s8Ui65MCkK-_TK7yOSyI3jCuMtM0n9OApILerTfjbjEXJ=s48-c-k-c0x00ffffff-no-rj', 'authorChannelUrl': 'http://www.youtube.com/channel/UC1ha1RCq56_t9vYHqVvXewQ', 'authorChannelId': {'value': 'UC1ha1RCq56_t9vYHqVvXewQ'}, 'canRate': True, 'viewerRating': 'none', 'likeCount': 8, 'publishedAt': '2022-10-22T19:49:39Z', 'updatedAt': '2022-10-22T19:49:39Z'}}, 'canReply': True, 'totalReplyCount': 0, 'isPublic': True}",,UC1ha1RCq56_t9vYHqVvXewQ,2022-10-22T19:49:39Z,Tava passando mal nada foi tirado na marra deve ter pisado no pé do líder 😅😅😅😅🤣,QURTSl9pM0Q1UHhUTXVYZ2ktbVJBbDJkbWVsLWxXMmlyOUxMRExtLUJYcHFaTmc1ZHQxS0R2Z0FlRl9JazRmRWU5aF9vX3dNcTJ2MkdkQQ==,2023-06-08 15:04:32.156352
youtube#commentThread,8tyllpWXmgQk42eSkcVdw_zKNcs,UgzXN446qGP3KzT641x4AaABAg,"{'videoId': 'uuh1ydDwwrQ', 'topLevelComment': {'kind': 'youtube#comment', 'etag': 'ODfIV2_Ud3kMHgsDVaIIyVuS1Wo', 'id': 'UgzXN446qGP3KzT641x4AaABAg', 'snippet': {'videoId': 'uuh1ydDwwrQ', 'textDisplay': '<b>Eis que o seu crédito social fica negativo:</b>', 'textOriginal': '*Eis que o seu crédito social fica negativo:*', 'authorDisplayName': 'éErmirosemH', 'authorProfileImageUrl': 'https://yt3.ggpht.com/ytc/AGIKgqOtIjKaZFWa5CZ9QSukpSrNG6mx4MHi6vOI614xTw=s48-c-k-c0x00ffffff-no-rj', 'authorChannelUrl': 'http://www.youtube.com/channel/UChRjpKozJQvAB_gM2UrLgqA', 'authorChannelId': {'value': 'UChRjpKozJQvAB_gM2UrLgqA'}, 'canRate': True, 'viewerRating': 'none', 'likeCount': 18, 'publishedAt': '2022-10-22T19:48:53Z', 'updatedAt': '2022-10-22T19:48:53Z'}}, 'canReply': True, 'totalReplyCount': 2, 'isPublic': True}","{'comments': [{'kind': 'youtube#comment', 'etag': 'D1i0hzvfUcs5DyGqu4IdTJiK6Yk', 'id': 'UgzXN446qGP3KzT641x4AaABAg.9hVJp0DZNZH9hclDUV5lUN', 'snippet': {'videoId': 'uuh1ydDwwrQ', 'textDisplay': 'EXATAMENTE', 'textOriginal': 'EXATAMENTE', 'parentId': 'UgzXN446qGP3KzT641x4AaABAg', 'authorDisplayName': 'Seleção de vídeos', 'authorProfileImageUrl': 'https://yt3.ggpht.com/ytc/AGIKgqPVyKUCgxD78LlUREMnViw1uIgj1QMqV750oQ0YICD05uIrtf5jk1xR5d9XGzT-=s48-c-k-c0x00ffffff-no-rj', 'authorChannelUrl': 'http://www.youtube.com/channel/UChpf_AlXSzHGqtHu32L2gSQ', 'authorChannelId': {'value': 'UChpf_AlXSzHGqtHu32L2gSQ'}, 'canRate': True, 'viewerRating': 'none', 'likeCount': 0, 'publishedAt': '2022-10-26T02:30:57Z', 'updatedAt': '2022-10-26T02:30:57Z'}}, {'kind': 'youtube#comment', 'etag': 'guUDiCvshMnmtQJ78KCwmwMuoUE', 'id': 'UgzXN446qGP3KzT641x4AaABAg.9hVJp0DZNZH9hVMWrqI4IU', 'snippet': {'videoId': 'uuh1ydDwwrQ', 'textDisplay': 'Isso não existe, é propaganda anti china', 'textOriginal': 'Isso não existe, é propaganda anti china', 'parentId': 'UgzXN446qGP3KzT641x4AaABAg', 'authorDisplayName': 'Ferreira', 'authorProfileImageUrl': 'https://yt3.ggpht.com/ytc/AGIKgqOrDdLXSGbtfFm5ZKR1Pm4oZM774r5Ssu2D3A=s48-c-k-c0x00ffffff-no-rj', 'authorChannelUrl': 'http://www.youtube.com/channel/UCIEha7BoEo_gwmDjtacxkGQ', 'authorChannelId': {'value': 'UCIEha7BoEo_gwmDjtacxkGQ'}, 'canRate': True, 'viewerRating': 'none', 'likeCount': 0, 'publishedAt': '2022-10-22T20:12:28Z', 'updatedAt': '2022-10-22T20:12:28Z'}}]}",UChRjpKozJQvAB_gM2UrLgqA,2022-10-22T19:48:53Z,*Eis que o seu crédito social fica negativo:*,QURTSl9pM0Q1UHhUTXVYZ2ktbVJBbDJkbWVsLWxXMmlyOUxMRExtLUJYcHFaTmc1ZHQxS0R2Z0FlRl9JazRmRWU5aF9vX3dNcTJ2MkdkQQ==,2023-06-08 15:04:32.156352
youtube#commentThread,6temWhHmQBzevayiyVf5arJLFkw,UgxhXa1wT8Ciddl3BJh4AaABAg,"{'videoId': 'uuh1ydDwwrQ', 'topLevelComment': {'kind': 'youtube#comment', 'etag': 'flw6Qybc6qsfRYVJ9WXPYSiCbho', 'id': 'UgxhXa1wT8Ciddl3BJh4AaABAg', 'snippet': {'videoId': 'uuh1ydDwwrQ', 'textDisplay': 'Tem uma hora, que esses comunistas, se matam entre si. São ditadores pelo poder.', 'textOriginal': 'Tem uma hora, que esses comunistas, se matam entre si. São ditadores pelo poder.', 'authorDisplayName': 'Osmar Ferreira', 'authorProfileImageUrl': 'https://yt3.ggpht.com/ytc/AGIKgqMcJn6A73OD21UQ3bkdHJDl9a-eTMmxgA_wYg=s48-c-k-c0x00ffffff-no-rj', 'authorChannelUrl': 'http://www.youtube.com/channel/UCf1-mJ1SROYtVrPhODELXTA', 'authorChannelId': {'value': 'UCf1-mJ1SROYtVrPhODELXTA'}, 'canRate': True, 'viewerRating': 'none', 'likeCount': 0, 'publishedAt': '2022-10-22T19:48:45Z', 'updatedAt': '2022-10-22T19:48:45Z'}}, 'canReply': True, 'totalReplyCount': 0, 'isPublic': True}",,UCf1-mJ1SROYtVrPhODELXTA,2022-10-22T19:48:45Z,"Tem uma hora, que esses comunistas, se matam entre si. São ditadores pelo poder.",QURTSl9pM0Q1UHhUTXVYZ2ktbVJBbDJkbWVsLWxXMmlyOUxMRExtLUJYcHFaTmc1ZHQxS0R2Z0FlRl9JazRmRWU5aF9vX3dNcTJ2MkdkQQ==,2023-06-08 15:04:32.156352
youtube#commentThread,2CbppaTK8sGmSpbelMFndWPCfa4,UgxwEWCTJW1ZMAtEiyh4AaABAg,"{'videoId': 'uuh1ydDwwrQ', 'topLevelComment': {'kind': 'youtube#comment', 'etag': 'mg4hGWjSP4xbsdU1RuMIKZFNXMo', 'id': 'UgxwEWCTJW1ZMAtEiyh4AaABAg', 'snippet': {'videoId': 'uuh1ydDwwrQ', 'textDisplay': 'Conversa fiada caro especialista.', 'textOriginal': 'Conversa fiada caro especialista.', 'authorDisplayName': 'joseh maria', 'authorProfileImageUrl': 'https://yt3.ggpht.com/ytc/AGIKgqPUYEO0VHUc9AzPb0recqA8xq1dG56_IPj-CZEM=s48-c-k-c0x00ffffff-no-rj', 'authorChannelUrl': 'http://www.youtube.com/channel/UCC5umsss7E0yHBP83JRI6lA', 'authorChannelId': {'value': 'UCC5umsss7E0yHBP83JRI6lA'}, 'canRate': True, 'viewerRating': 'none', 'likeCount': 1, 'publishedAt': '2022-10-22T19:48:44Z', 'updatedAt': '2022-10-22T19:48:44Z'}}, 'canReply': True, 'totalReplyCount': 0, 'isPublic': True}",,UCC5umsss7E0yHBP83JRI6lA,2022-10-22T19:48:44Z,Conversa fiada caro especialista.,QURTSl9pM0Q1UHhUTXVYZ2ktbVJBbDJkbWVsLWxXMmlyOUxMRExtLUJYcHFaTmc1ZHQxS0R2Z0FlRl9JazRmRWU5aF9vX3dNcTJ2MkdkQQ==,2023-06-08 15:04:32.156352
youtube#commentThread,cZNy9W_cGtqmxxfXatjpwLNSUHU,UgwnjKiteiNIcPJdK-l4AaABAg,"{'videoId': 'uuh1ydDwwrQ', 'topLevelComment': {'kind': 'youtube#comment', 'etag': 'u_r9zEbJm-ZWQQfgHX_6zhkZWTk', 'id': 'UgwnjKiteiNIcPJdK-l4AaABAg', 'snippet': {'videoId': 'uuh1ydDwwrQ', 'textDisplay': 'Resumindo: não sei!!', 'textOriginal': 'Resumindo: não sei!!', 'authorDisplayName': 'Va So', 'authorProfileImageUrl': 'https://yt3.ggpht.com/ytc/AGIKgqNJ-efupHB8tG5YQv_nktVAts3doYYU3yIgog=s48-c-k-c0x00ffffff-no-rj', 'authorChannelUrl': 'http://www.youtube.com/channel/UC6RC54M8uulZ4KwoZ3zKQ_Q', 'authorChannelId': {'value': 'UC6RC54M8uulZ4KwoZ3zKQ_Q'}, 'canRate': True, 'viewerRating': 'none', 'likeCount': 0, 'publishedAt': '2022-10-22T19:48:35Z', 'updatedAt': '2022-10-22T19:48:35Z'}}, 'canReply': True, 'totalReplyCount': 0, 'isPublic': True}",,UC6RC54M8uulZ4KwoZ3zKQ_Q,2022-10-22T19:48:35Z,Resumindo: não sei!!,QURTSl9pM0Q1UHhUTXVYZ2ktbVJBbDJkbWVsLWxXMmlyOUxMRExtLUJYcHFaTmc1ZHQxS0R2Z0FlRl9JazRmRWU5aF9vX3dNcTJ2MkdkQQ==,2023-06-08 15:04:32.156352
youtube#commentThread,pUHUUQWWwF3PUbd1o0dvG_e5if8,UgxgnA4Vrgxnii-VziF4AaABAg,"{'videoId': 'uuh1ydDwwrQ', 'topLevelComment': {'kind': 'youtube#comment', 'etag': 'z2pEL5QEQy9jhTXt-_mrlc2FLFQ', 'id': 'UgxgnA4Vrgxnii-VziF4AaABAg', 'snippet': {'videoId': 'uuh1ydDwwrQ', 'textDisplay': 'Mal- estar: dinheiro.🤑 este eles vão engavetar.', 'textOriginal': 'Mal- estar: dinheiro.🤑 este eles vão engavetar.', 'authorDisplayName': 'LUIS PAULO 👑', 'authorProfileImageUrl': 'https://yt3.ggpht.com/0hHKqVVljrYN73AYfQWG9uSPfTz6MJLpXmxX0xKCR2KN6_w5gypvFfVTkSvyPlnWc0CNMnNGSgM=s48-c-k-c0x00ffffff-no-rj', 'authorChannelUrl': 'http://www.youtube.com/channel/UCGYa7HnXHb_7f0of3NdtQfw', 'authorChannelId': {'value': 'UCGYa7HnXHb_7f0of3NdtQfw'}, 'canRate': True, 'viewerRating': 'none', 'likeCount': 4, 'publishedAt': '2022-10-22T19:48:31Z', 'updatedAt': '2022-10-22T19:49:54Z'}}, 'canReply': True, 'totalReplyCount': 0, 'isPublic': True}",,UCGYa7HnXHb_7f0of3NdtQfw,2022-10-22T19:48:31Z,Mal- estar: dinheiro.🤑 este eles vão engavetar.,QURTSl9pM0Q1UHhUTXVYZ2ktbVJBbDJkbWVsLWxXMmlyOUxMRExtLUJYcHFaTmc1ZHQxS0R2Z0FlRl9JazRmRWU5aF9vX3dNcTJ2MkdkQQ==,2023-06-08 15:04:32.156352
youtube#commentThread,ALBX1h3JT7mAGUI_u6ofjZ4h2OA,UgwKjgU5ybA06R5c6aF4AaABAg,"{'videoId': 'uuh1ydDwwrQ', 'topLevelComment': {'kind': 'youtube#comment', 'etag': 'PLBQ4mnqX3rVEQRsapEynv49gxY', 'id': 'UgwKjgU5ybA06R5c6aF4AaABAg', 'snippet': {'videoId': 'uuh1ydDwwrQ', 'textDisplay': 'Q professor razo...inocenñnteee....acho que ele tem um pezinho na cozinha ..kkkkkkk', 'textOriginal': 'Q professor razo...inocenñnteee....acho que ele tem um pezinho na cozinha ..kkkkkkk', 'authorDisplayName': 'Mauricio Leonardo', 'authorProfileImageUrl': 'https://yt3.ggpht.com/ytc/AGIKgqOo1hOyKhXcrzJPpT8NfHzrMeUF1LSawmpH1g=s48-c-k-c0x00ffffff-no-rj', 'authorChannelUrl': 'http://www.youtube.com/channel/UCW79dWJqFKCZ_PdxuqvRDbw', 'authorChannelId': {'value': 'UCW79dWJqFKCZ_PdxuqvRDbw'}, 'canRate': True, 'viewerRating': 'none', 'likeCount': 1, 'publishedAt': '2022-10-22T19:47:53Z', 'updatedAt': '2022-10-22T19:49:00Z'}}, 'canReply': True, 'totalReplyCount': 0, 'isPublic': True}",,UCW79dWJqFKCZ_PdxuqvRDbw,2022-10-22T19:47:53Z,Q professor razo...inocenñnteee....acho que ele tem um pezinho na cozinha ..kkkkkkk,QURTSl9pM0Q1UHhUTXVYZ2ktbVJBbDJkbWVsLWxXMmlyOUxMRExtLUJYcHFaTmc1ZHQxS0R2Z0FlRl9JazRmRWU5aF9vX3dNcTJ2MkdkQQ==,2023-06-08 15:04:32.156352
youtube#commentThread,AWO6TTKlyJ3okBUwXJybxyZGrCs,UgzeGMH2L3UwCJGeufx4AaABAg,"{'videoId': 'uuh1ydDwwrQ', 'topLevelComment': {'kind': 'youtube#comment', 'etag': '9H677cDVu-r4Iv4zWuY-pGpN5tU', 'id': 'UgzeGMH2L3UwCJGeufx4AaABAg', 'snippet': {'videoId': 'uuh1ydDwwrQ', 'textDisplay': 'Informações de qualidade.', 'textOriginal': 'Informações de qualidade.', 'authorDisplayName': 'Sergio Luis Mascarenhas Lopes Almeida', 'authorProfileImageUrl': 'https://yt3.ggpht.com/ytc/AGIKgqMiUQrZA5kOrJGdmOGm5Z5e2yghm3NOkqeX7A=s48-c-k-c0x00ffffff-no-rj', 'authorChannelUrl': 'http://www.youtube.com/channel/UC_yQ4-tKv1g_tnd2STH5lnA', 'authorChannelId': {'value': 'UC_yQ4-tKv1g_tnd2STH5lnA'}, 'canRate': True, 'viewerRating': 'none', 'likeCount': 4, 'publishedAt': '2022-10-22T19:47:11Z', 'updatedAt': '2022-10-22T19:47:11Z'}}, 'canReply': True, 'totalReplyCount': 0, 'isPublic': True}",,UC_yQ4-tKv1g_tnd2STH5lnA,2022-10-22T19:47:11Z,Informações de qualidade.,QURTSl9pM0Q1UHhUTXVYZ2ktbVJBbDJkbWVsLWxXMmlyOUxMRExtLUJYcHFaTmc1ZHQxS0R2Z0FlRl9JazRmRWU5aF9vX3dNcTJ2MkdkQQ==,2023-06-08 15:04:32.156352
youtube#commentThread,FjKnR4V7X-2pGcHz9fhdGpNLAB8,UgwkJUP4duVhloQ-Qct4AaABAg,"{'videoId': 'uuh1ydDwwrQ', 'topLevelComment': {'kind': 'youtube#comment', 'etag': '7BvsGe57HQOMHH0Ol3mWkaCAJC0', 'id': 'UgwkJUP4duVhloQ-Qct4AaABAg', 'snippet': {'videoId': 'uuh1ydDwwrQ', 'textDisplay': '<a href=""https://www.youtube.com/watch?v=uuh1ydDwwrQ&amp;t=3m18s"">3:18</a> mau súbito. É sério isso que esse professor ( chinês do PCC) falou ?', 'textOriginal': '3:18 mau súbito. É sério isso que esse professor ( chinês do PCC) falou ?', 'authorDisplayName': ""Jr Du'porto"", 'authorProfileImageUrl': 'https://yt3.ggpht.com/ytc/AGIKgqMMgMoWPeYSmA_g4hYJqEXmeUBFz3l2tpbLsw=s48-c-k-c0x00ffffff-no-rj', 'authorChannelUrl': 'http://www.youtube.com/channel/UCZBRv7tW-r-uI6jzLZshnVQ', 'authorChannelId': {'value': 'UCZBRv7tW-r-uI6jzLZshnVQ'}, 'canRate': True, 'viewerRating': 'none', 'likeCount': 12, 'publishedAt': '2022-10-22T19:47:03Z', 'updatedAt': '2022-10-22T19:47:03Z'}}, 'canReply': True, 'totalReplyCount': 1, 'isPublic': True}","{'comments': [{'kind': 'youtube#comment', 'etag': '7uaNHwWYUxGiaxsMN5EuSei6BIk', 'id': 'UgwkJUP4duVhloQ-Qct4AaABAg.9hVJbbx2m819hYeVGFzq59', 'snippet': {'videoId': 'uuh1ydDwwrQ', 'textDisplay': 'Depois reclamam de censuram.', 'textOriginal': 'Depois reclamam de censuram.', 'parentId': 'UgwkJUP4duVhloQ-Qct4AaABAg', 'authorDisplayName': 'Maicon França de Souza', 'authorProfileImageUrl': 'https://yt3.ggpht.com/ytc/AGIKgqOhdoIeScxNL6qqLNlsKMGpHJSlkG0Z42CW=s48-c-k-c0x00ffffff-no-rj', 'authorChannelUrl': 'http://www.youtube.com/channel/UC1k4nzvALFdJxQYy72kOQkQ', 'authorChannelId': {'value': 'UC1k4nzvALFdJxQYy72kOQkQ'}, 'canRate': True, 'viewerRating': 'none', 'likeCount': 0, 'publishedAt': '2022-10-24T02:56:00Z', 'updatedAt': '2022-10-24T02:56:00Z'}}]}",UCZBRv7tW-r-uI6jzLZshnVQ,2022-10-22T19:47:03Z,3:18 mau súbito. É sério isso que esse professor ( chinês do PCC) falou ?,QURTSl9pM0Q1UHhUTXVYZ2ktbVJBbDJkbWVsLWxXMmlyOUxMRExtLUJYcHFaTmc1ZHQxS0R2Z0FlRl9JazRmRWU5aF9vX3dNcTJ2MkdkQQ==,2023-06-08 15:04:32.156352
youtube#commentThread,Ti37JEKnTg_HjymbNEom8holmLY,UgyCCZv3nCk6fLd0quZ4AaABAg,"{'videoId': 'uuh1ydDwwrQ', 'topLevelComment': {'kind': 'youtube#comment', 'etag': 'hg-l61d8caH7lMKf5tqWR53z7Xk', 'id': 'UgyCCZv3nCk6fLd0quZ4AaABAg', 'snippet': {'videoId': 'uuh1ydDwwrQ', 'textDisplay': 'Isso sempre acontece na China , lá é cobra comendo cobra 🤔', 'textOriginal': 'Isso sempre acontece na China , lá é cobra comendo cobra 🤔', 'authorDisplayName': 'J.C.Wysocki', 'authorProfileImageUrl': 'https://yt3.ggpht.com/ytc/AGIKgqMJVRtY4__3JMVgQIxGlXfizntTKX_rR7Wsjdzlbw=s48-c-k-c0x00ffffff-no-rj', 'authorChannelUrl': 'http://www.youtube.com/channel/UCHxnoeW1E63ChHDskfqJngg', 'authorChannelId': {'value': 'UCHxnoeW1E63ChHDskfqJngg'}, 'canRate': True, 'viewerRating': 'none', 'likeCount': 0, 'publishedAt': '2022-10-22T19:46:58Z', 'updatedAt': '2022-10-22T19:46:58Z'}}, 'canReply': True, 'totalReplyCount': 0, 'isPublic': True}",,UCHxnoeW1E63ChHDskfqJngg,2022-10-22T19:46:58Z,"Isso sempre acontece na China , lá é cobra comendo cobra 🤔",QURTSl9pM0Q1UHhUTXVYZ2ktbVJBbDJkbWVsLWxXMmlyOUxMRExtLUJYcHFaTmc1ZHQxS0R2Z0FlRl9JazRmRWU5aF9vX3dNcTJ2MkdkQQ==,2023-06-08 15:04:32.156352
youtube#commentThread,nmPunOJdUN84xiUDyz1lcMM8zDk,UgxykLuFgBNLB4LJkhB4AaABAg,"{'videoId': 'uuh1ydDwwrQ', 'topLevelComment': {'kind': 'youtube#comment', 'etag': 'zKTUzX0XiaOr5eGbVZSQ6Ni_EoQ', 'id': 'UgxykLuFgBNLB4LJkhB4AaABAg', 'snippet': {'videoId': 'uuh1ydDwwrQ', 'textDisplay': 'Vai reclamar vai,para ver o que acontece,se é que já não aconteceu! Viva a DITADURA,uuuuuh', 'textOriginal': 'Vai reclamar vai,para ver o que acontece,se é que já não aconteceu! Viva a DITADURA,uuuuuh', 'authorDisplayName': 'MIF', 'authorProfileImageUrl': 'https://yt3.ggpht.com/ytc/AGIKgqNbv4IzIR5vop4DwE-hnLQJbDUK85gDbK5I4l7eI0RHLeqh6DdXku5wJJ4OSyaH=s48-c-k-c0x00ffffff-no-rj', 'authorChannelUrl': 'http://www.youtube.com/channel/UCdBs5xarylAW2ea1QZdzsLQ', 'authorChannelId': {'value': 'UCdBs5xarylAW2ea1QZdzsLQ'}, 'canRate': True, 'viewerRating': 'none', 'likeCount': 0, 'publishedAt': '2022-10-22T19:46:15Z', 'updatedAt': '2022-10-22T19:46:15Z'}}, 'canReply': True, 'totalReplyCount': 0, 'isPublic': True}",,UCdBs5xarylAW2ea1QZdzsLQ,2022-10-22T19:46:15Z,"Vai reclamar vai,para ver o que acontece,se é que já não aconteceu! Viva a DITADURA,uuuuuh",QURTSl9pM0Q1UHhUTXVYZ2ktbVJBbDJkbWVsLWxXMmlyOUxMRExtLUJYcHFaTmc1ZHQxS0R2Z0FlRl9JazRmRWU5aF9vX3dNcTJ2MkdkQQ==,2023-06-08 15:04:32.156352
youtube#commentThread,w6CrrBGND7ENpiuAE7WjKsnvJ6Q,UgxspkNoqiEsmyfkc_t4AaABAg,"{'videoId': 'uuh1ydDwwrQ', 'topLevelComment': {'kind': 'youtube#comment', 'etag': 'K7zgBjs-M40yFeMK_akNab-20AM', 'id': 'UgxspkNoqiEsmyfkc_t4AaABAg', 'snippet': {'videoId': 'uuh1ydDwwrQ', 'textDisplay': 'Até parece    q pcc dá explicaçoessss !!! Q balela ...', 'textOriginal': 'Até parece    q pcc dá explicaçoessss !!! Q balela ...', 'authorDisplayName': 'Maria Maximira Petry', 'authorProfileImageUrl': 'https://yt3.ggpht.com/ytc/AGIKgqPk6PmMazJqn-af7YH4jYavolf4_L0aHyzt3w=s48-c-k-c0x00ffffff-no-rj', 'authorChannelUrl': 'http://www.youtube.com/channel/UCYE85fc1J6Jf-gPqb7pOgEA', 'authorChannelId': {'value': 'UCYE85fc1J6Jf-gPqb7pOgEA'}, 'canRate': True, 'viewerRating': 'none', 'likeCount': 0, 'publishedAt': '2022-10-22T19:46:13Z', 'updatedAt': '2022-10-22T19:46:13Z'}}, 'canReply': True, 'totalReplyCount': 0, 'isPublic': True}",,UCYE85fc1J6Jf-gPqb7pOgEA,2022-10-22T19:46:13Z,Até parece    q pcc dá explicaçoessss !!! Q balela ...,QURTSl9pM0Q1UHhUTXVYZ2ktbVJBbDJkbWVsLWxXMmlyOUxMRExtLUJYcHFaTmc1ZHQxS0R2Z0FlRl9JazRmRWU5aF9vX3dNcTJ2MkdkQQ==,2023-06-08 15:04:32.156352
youtube#commentThread,0ExPzic-sUt4z-gnhd8cYhjAB_E,Ugztyhqbto3EtH56n0p4AaABAg,"{'videoId': 'uuh1ydDwwrQ', 'topLevelComment': {'kind': 'youtube#comment', 'etag': 'yTvsynsrByFbfhR_YR_YPBC9lIo', 'id': 'Ugztyhqbto3EtH56n0p4AaABAg', 'snippet': {'videoId': 'uuh1ydDwwrQ', 'textDisplay': 'STF dá 72 horas para Bolsonaro explicar o motivo da retirada.', 'textOriginal': 'STF dá 72 horas para Bolsonaro explicar o motivo da retirada.', 'authorDisplayName': 'Jofer brasil', 'authorProfileImageUrl': 'https://yt3.ggpht.com/ytc/AGIKgqMToTzZ5xJ5RK4grn47DNMS-16D3RM5uphzKAxl=s48-c-k-c0x00ffffff-no-rj', 'authorChannelUrl': 'http://www.youtube.com/channel/UCXm54mC-6DYly6STYN_5ECg', 'authorChannelId': {'value': 'UCXm54mC-6DYly6STYN_5ECg'}, 'canRate': True, 'viewerRating': 'none', 'likeCount': 745, 'publishedAt': '2022-10-22T19:46:12Z', 'updatedAt': '2022-10-22T19:46:12Z'}}, 'canReply': True, 'totalReplyCount': 69, 'isPublic': True}","{'comments': [{'kind': 'youtube#comment', 'etag': 'YRFq6xpdGPv4xMrBpKX1dkU8wS0', 'id': 'Ugztyhqbto3EtH56n0p4AaABAg.9hVJWSOzCRs9hjkgxwQiaV', 'snippet': {'videoId': 'uuh1ydDwwrQ', 'textDisplay': 'Colocar no vettical', 'textOriginal': 'Colocar no vettical', 'parentId': 'Ugztyhqbto3EtH56n0p4AaABAg', 'authorDisplayName': 'Daniel Cândido Mello', 'authorProfileImageUrl': 'https://yt3.ggpht.com/ytc/AGIKgqMWQOI4pfaAE7lKZGb88TnoeivJZ7mQlAdcxg=s48-c-k-c0x00ffffff-no-rj', 'authorChannelUrl': 'http://www.youtube.com/channel/UC6ouZPTck-1_EMxOgEF1Zvw', 'authorChannelId': {'value': 'UC6ouZPTck-1_EMxOgEF1Zvw'}, 'canRate': True, 'viewerRating': 'none', 'likeCount': 0, 'publishedAt': '2022-10-28T19:41:03Z', 'updatedAt': '2022-10-28T19:41:03Z'}}, {'kind': 'youtube#comment', 'etag': 'O7X6rX8h7m0WVFLiebPvZwU368A', 'id': 'Ugztyhqbto3EtH56n0p4AaABAg.9hVJWSOzCRs9hjk_aus9Qw', 'snippet': {'videoId': 'uuh1ydDwwrQ', 'textDisplay': 'Vertica', 'textOriginal': 'Vertica', 'parentId': 'Ugztyhqbto3EtH56n0p4AaABAg', 'authorDisplayName': 'Daniel Cândido Mello', 'authorProfileImageUrl': 'https://yt3.ggpht.com/ytc/AGIKgqMWQOI4pfaAE7lKZGb88TnoeivJZ7mQlAdcxg=s48-c-k-c0x00ffffff-no-rj', 'authorChannelUrl': 'http://www.youtube.com/channel/UC6ouZPTck-1_EMxOgEF1Zvw', 'authorChannelId': {'value': 'UC6ouZPTck-1_EMxOgEF1Zvw'}, 'canRate': True, 'viewerRating': 'none', 'likeCount': 0, 'publishedAt': '2022-10-28T19:40:03Z', 'updatedAt': '2022-10-28T19:40:03Z'}}, {'kind': 'youtube#comment', 'etag': 'i_V7JX60nXjUIViq1dNIgh1RQkM', 'id': 'Ugztyhqbto3EtH56n0p4AaABAg.9hVJWSOzCRs9hjkTF8e0Rk', 'snippet': {'videoId': 'uuh1ydDwwrQ', 'textDisplay': 'Kk mm', 'textOriginal': 'Kk mm', 'parentId': 'Ugztyhqbto3EtH56n0p4AaABAg', 'authorDisplayName': 'Daniel Cândido Mello', 'authorProfileImageUrl': 'https://yt3.ggpht.com/ytc/AGIKgqMWQOI4pfaAE7lKZGb88TnoeivJZ7mQlAdcxg=s48-c-k-c0x00ffffff-no-rj', 'authorChannelUrl': 'http://www.youtube.com/channel/UC6ouZPTck-1_EMxOgEF1Zvw', 'authorChannelId': {'value': 'UC6ouZPTck-1_EMxOgEF1Zvw'}, 'canRate': True, 'viewerRating': 'none', 'likeCount': 0, 'publishedAt': '2022-10-28T19:39:02Z', 'updatedAt': '2022-10-28T19:39:02Z'}}, {'kind': 'youtube#comment', 'etag': 'j7eyg_44Q7dyVp4DCCcBIbFaRbg', 'id': 'Ugztyhqbto3EtH56n0p4AaABAg.9hVJWSOzCRs9hh76GwXZ1M', 'snippet': {'videoId': 'uuh1ydDwwrQ', 'textDisplay': 'Gente a Europa toda precisa de dinheiro e quem tem esse dindim todo é o Brasil, estão falidos, Inglaterra, Alemanha, França, eles tem que extorquir de alguém,  sempre foi feito desta forma na cabeça deles quem tem dinheiro, água e comida a perder de vista, nós, quando ouve o problema com o petróleo, quem eles extorquir é mataram e quem vocês acham que eles vão tirar até os fundilhos? Kkkkkkkk.....sempre foi assim gente, e os milionários estão ajudando eles com dinheiro!', 'textOriginal': 'Gente a Europa toda precisa de dinheiro e quem tem esse dindim todo é o Brasil, estão falidos, Inglaterra, Alemanha, França, eles tem que extorquir de alguém,  sempre foi feito desta forma na cabeça deles quem tem dinheiro, água e comida a perder de vista, nós, quando ouve o problema com o petróleo, quem eles extorquir é mataram e quem vocês acham que eles vão tirar até os fundilhos? Kkkkkkkk.....sempre foi assim gente, e os milionários estão ajudando eles com dinheiro!', 'parentId': 'Ugztyhqbto3EtH56n0p4AaABAg', 'authorDisplayName': 'Luiz Fernando Marinho', 'authorProfileImageUrl': 'https://yt3.ggpht.com/ytc/AGIKgqPZgT_EemkzN16NdvtN2ds-P41gSDlPXNw544Vmow=s48-c-k-c0x00ffffff-no-rj', 'authorChannelUrl': 'http://www.youtube.com/channel/UCgmtlfeAkiVQ-CKAonP7Syg', 'authorChannelId': {'value': 'UCgmtlfeAkiVQ-CKAonP7Syg'}, 'canRate': True, 'viewerRating': 'none', 'likeCount': 0, 'publishedAt': '2022-10-27T19:07:54Z', 'updatedAt': '2022-10-27T19:07:54Z'}}, {'kind': 'youtube#comment', 'etag': '_yU_wej7tm7dmBrY9CoDv6CnNgg', 'id': 'Ugztyhqbto3EtH56n0p4AaABAg.9hVJWSOzCRs9hgVQrXKH1p', 'snippet': {'videoId': 'uuh1ydDwwrQ', 'textDisplay': 'Se nâo fosse STF esse maluco levava tudo pro buraco', 'textOriginal': 'Se nâo fosse STF esse maluco levava tudo pro buraco', 'parentId': 'Ugztyhqbto3EtH56n0p4AaABAg', 'authorDisplayName': 'Thiago Guerreiro Santos', 'authorProfileImageUrl': 'https://yt3.ggpht.com/ytc/AGIKgqMM2-R9e9APHkOawwu0Kl4vEVJo_ZoWqHmGMdmZBQ=s48-c-k-c0x00ffffff-no-rj', 'authorChannelUrl': 'http://www.youtube.com/channel/UC_XHq5cnzN9NlSMfk5_-0-w', 'authorChannelId': {'value': 'UC_XHq5cnzN9NlSMfk5_-0-w'}, 'canRate': True, 'viewerRating': 'none', 'likeCount': 0, 'publishedAt': '2022-10-27T13:21:11Z', 'updatedAt': '2022-10-27T13:21:11Z'}}]}",UCXm54mC-6DYly6STYN_5ECg,2022-10-22T19:46:12Z,STF dá 72 horas para Bolsonaro explicar o motivo da retirada.,QURTSl9pM0Q1UHhUTXVYZ2ktbVJBbDJkbWVsLWxXMmlyOUxMRExtLUJYcHFaTmc1ZHQxS0R2Z0FlRl9JazRmRWU5aF9vX3dNcTJ2MkdkQQ==,2023-06-08 15:04:32.156352
youtube#commentThread,heIOhrclOEUFdXjjbx2h2crzlVc,Ugy7j0ny83z1VcGBPsJ4AaABAg,"{'videoId': 'uuh1ydDwwrQ', 'topLevelComment': {'kind': 'youtube#comment', 'etag': 'u7f7VHtPDPvo3ijBVtcFwP5CIRo', 'id': 'Ugy7j0ny83z1VcGBPsJ4AaABAg', 'snippet': {'videoId': 'uuh1ydDwwrQ', 'textDisplay': 'Parabéns Chin jing ping a China virou o maior pontencia mundial', 'textOriginal': 'Parabéns Chin jing ping a China virou o maior pontencia mundial', 'authorDisplayName': 'Dudu', 'authorProfileImageUrl': 'https://yt3.ggpht.com/ytc/AGIKgqPyZiSSctQMN6xRJnbrbPaV8_rb1tZ5nmoWBa_EsDzdpxxf8fVjhQViGl0B4Dex=s48-c-k-c0x00ffffff-no-rj', 'authorChannelUrl': 'http://www.youtube.com/channel/UCp5EvayXsFDY5nDHM8Gt7Dw', 'authorChannelId': {'value': 'UCp5EvayXsFDY5nDHM8Gt7Dw'}, 'canRate': True, 'viewerRating': 'none', 'likeCount': 1, 'publishedAt': '2022-10-22T19:45:52Z', 'updatedAt': '2022-10-22T19:45:52Z'}}, 'canReply': True, 'totalReplyCount': 4, 'isPublic': True}","{'comments': [{'kind': 'youtube#comment', 'etag': 'EIxtIEoWtn5Xy_cnImVSqeQFal8', 'id': 'Ugy7j0ny83z1VcGBPsJ4AaABAg.9hVJTvw00YP9hWoEt5SaCO', 'snippet': {'videoId': 'uuh1ydDwwrQ', 'textDisplay': 'Não há  como desconhecer...', 'textOriginal': 'Não há  como desconhecer...', 'parentId': 'Ugy7j0ny83z1VcGBPsJ4AaABAg', 'authorDisplayName': 'Maria luisa Fernandes lima', 'authorProfileImageUrl': 'https://yt3.ggpht.com/ytc/AGIKgqP_LORF4m7CKXs-xYtWs-_YPrgfWquGenapZA=s48-c-k-c0x00ffffff-no-rj', 'authorChannelUrl': 'http://www.youtube.com/channel/UC06QWyUhKD809Y2VcphITaw', 'authorChannelId': {'value': 'UC06QWyUhKD809Y2VcphITaw'}, 'canRate': True, 'viewerRating': 'none', 'likeCount': 0, 'publishedAt': '2022-10-23T09:42:40Z', 'updatedAt': '2022-10-23T09:42:40Z'}}, {'kind': 'youtube#comment', 'etag': 'eiN6bz6ii9KhCTB-Z7ykpbRKOgc', 'id': 'Ugy7j0ny83z1VcGBPsJ4AaABAg.9hVJTvw00YP9hVOc3ZYlly', 'snippet': {'videoId': 'uuh1ydDwwrQ', 'textDisplay': 'Como pode uma pessoa parabenizar um ditador que escraviza seu próprio povo para o crescimento do seu ego.', 'textOriginal': 'Como pode uma pessoa parabenizar um ditador que escraviza seu próprio povo para o crescimento do seu ego.', 'parentId': 'Ugy7j0ny83z1VcGBPsJ4AaABAg', 'authorDisplayName': 'Natanael Souza', 'authorProfileImageUrl': 'https://yt3.ggpht.com/ytc/AGIKgqNwLq0JpU8yIPhcfQSBimqUKjTQlCkUCW_24NIyBA=s48-c-k-c0x00ffffff-no-rj', 'authorChannelUrl': 'http://www.youtube.com/channel/UClRdLJlWs7M1s-dp24nKdTw', 'authorChannelId': {'value': 'UClRdLJlWs7M1s-dp24nKdTw'}, 'canRate': True, 'viewerRating': 'none', 'likeCount': 0, 'publishedAt': '2022-10-22T20:30:48Z', 'updatedAt': '2022-10-22T20:30:48Z'}}, {'kind': 'youtube#comment', 'etag': 'NO3ZERLs-lYfzSjM50KvW-mEMyo', 'id': 'Ugy7j0ny83z1VcGBPsJ4AaABAg.9hVJTvw00YP9hVMhJsgXnR', 'snippet': {'videoId': 'uuh1ydDwwrQ', 'textDisplay': '@Afinados Com a Música - Mirian Silveira só me falta a grana. Lá a vida é muito melhor que aqui, um país putinh* dos EUA desde sempre. Só vocês que enxergam a China com esse preconceito. Quem entende como funciona sabe que tem suas limitações, defeitos, mas não é tão absurdo.', 'textOriginal': '@Afinados Com a Música - Mirian Silveira só me falta a grana. Lá a vida é muito melhor que aqui, um país putinh* dos EUA desde sempre. Só vocês que enxergam a China com esse preconceito. Quem entende como funciona sabe que tem suas limitações, defeitos, mas não é tão absurdo.', 'parentId': 'Ugy7j0ny83z1VcGBPsJ4AaABAg', 'authorDisplayName': 'Ferreira', 'authorProfileImageUrl': 'https://yt3.ggpht.com/ytc/AGIKgqOrDdLXSGbtfFm5ZKR1Pm4oZM774r5Ssu2D3A=s48-c-k-c0x00ffffff-no-rj', 'authorChannelUrl': 'http://www.youtube.com/channel/UCIEha7BoEo_gwmDjtacxkGQ', 'authorChannelId': {'value': 'UCIEha7BoEo_gwmDjtacxkGQ'}, 'canRate': True, 'viewerRating': 'none', 'likeCount': 0, 'publishedAt': '2022-10-22T20:14:02Z', 'updatedAt': '2022-10-22T20:15:17Z'}}, {'kind': 'youtube#comment', 'etag': 'urAK-DPogKuAIDv1WCVunJl9hYo', 'id': 'Ugy7j0ny83z1VcGBPsJ4AaABAg.9hVJTvw00YP9hVLKjhYDQF', 'snippet': {'videoId': 'uuh1ydDwwrQ', 'textDisplay': 'Imagino que já esteja de mudanças pra lá.', 'textOriginal': 'Imagino que já esteja de mudanças pra lá.', 'parentId': 'Ugy7j0ny83z1VcGBPsJ4AaABAg', 'authorDisplayName': 'Afinados Com a Música - Mirian Silveira', 'authorProfileImageUrl': 'https://yt3.ggpht.com/ytc/AGIKgqNBnHrz6YCowkGkq5x28jpJ7SDMH8i7nDrbCVmxlA=s48-c-k-c0x00ffffff-no-rj', 'authorChannelUrl': 'http://www.youtube.com/channel/UClaM5whilnBJSMAtVC5YAJw', 'authorChannelId': {'value': 'UClaM5whilnBJSMAtVC5YAJw'}, 'canRate': True, 'viewerRating': 'none', 'likeCount': 2, 'publishedAt': '2022-10-22T20:02:05Z', 'updatedAt': '2022-10-22T20:02:05Z'}}]}",UCp5EvayXsFDY5nDHM8Gt7Dw,2022-10-22T19:45:52Z,Parabéns Chin jing ping a China virou o maior pontencia mundial,QURTSl9pM0Q1UHhUTXVYZ2ktbVJBbDJkbWVsLWxXMmlyOUxMRExtLUJYcHFaTmc1ZHQxS0R2Z0FlRl9JazRmRWU5aF9vX3dNcTJ2MkdkQQ==,2023-06-08 15:04:32.156352
youtube#commentThread,aAR1Y108fjRnbeoqT6-FIgB0Ezs,Ugy8Ig2V_wmn4vIZi0J4AaABAg,"{'videoId': 'uuh1ydDwwrQ', 'topLevelComment': {'kind': 'youtube#comment', 'etag': 'BCfUL-NpkS2WAgmeHHu01QRc-gE', 'id': 'Ugy8Ig2V_wmn4vIZi0J4AaABAg', 'snippet': {'videoId': 'uuh1ydDwwrQ', 'textDisplay': 'Totalnente DISPENSÁVELLLLL.', 'textOriginal': 'Totalnente DISPENSÁVELLLLL.', 'authorDisplayName': 'Maria Maximira Petry', 'authorProfileImageUrl': 'https://yt3.ggpht.com/ytc/AGIKgqPk6PmMazJqn-af7YH4jYavolf4_L0aHyzt3w=s48-c-k-c0x00ffffff-no-rj', 'authorChannelUrl': 'http://www.youtube.com/channel/UCYE85fc1J6Jf-gPqb7pOgEA', 'authorChannelId': {'value': 'UCYE85fc1J6Jf-gPqb7pOgEA'}, 'canRate': True, 'viewerRating': 'none', 'likeCount': 0, 'publishedAt': '2022-10-22T19:45:24Z', 'updatedAt': '2022-10-22T19:45:24Z'}}, 'canReply': True, 'totalReplyCount': 0, 'isPublic': True}",,UCYE85fc1J6Jf-gPqb7pOgEA,2022-10-22T19:45:24Z,Totalnente DISPENSÁVELLLLL.,QURTSl9pM0Q1UHhUTXVYZ2ktbVJBbDJkbWVsLWxXMmlyOUxMRExtLUJYcHFaTmc1ZHQxS0R2Z0FlRl9JazRmRWU5aF9vX3dNcTJ2MkdkQQ==,2023-06-08 15:04:32.156352
youtube#commentThread,KpSY_o84L3j5_fAgWvmUo60w7Ng,UgwzdH1i1VKVtSLCtYR4AaABAg,"{'videoId': 'uuh1ydDwwrQ', 'topLevelComment': {'kind': 'youtube#comment', 'etag': 'RBDR4vPxEO7jUJybRKy14KgMWhk', 'id': 'UgwzdH1i1VKVtSLCtYR4AaABAg', 'snippet': {'videoId': 'uuh1ydDwwrQ', 'textDisplay': 'Kkkkkkkk q explicacao, kkkll', 'textOriginal': 'Kkkkkkkk q explicacao, kkkll', 'authorDisplayName': 'Maria Maximira Petry', 'authorProfileImageUrl': 'https://yt3.ggpht.com/ytc/AGIKgqPk6PmMazJqn-af7YH4jYavolf4_L0aHyzt3w=s48-c-k-c0x00ffffff-no-rj', 'authorChannelUrl': 'http://www.youtube.com/channel/UCYE85fc1J6Jf-gPqb7pOgEA', 'authorChannelId': {'value': 'UCYE85fc1J6Jf-gPqb7pOgEA'}, 'canRate': True, 'viewerRating': 'none', 'likeCount': 0, 'publishedAt': '2022-10-22T19:45:03Z', 'updatedAt': '2022-10-22T19:45:03Z'}}, 'canReply': True, 'totalReplyCount': 0, 'isPublic': True}",,UCYE85fc1J6Jf-gPqb7pOgEA,2022-10-22T19:45:03Z,"Kkkkkkkk q explicacao, kkkll",QURTSl9pM0Q1UHhUTXVYZ2ktbVJBbDJkbWVsLWxXMmlyOUxMRExtLUJYcHFaTmc1ZHQxS0R2Z0FlRl9JazRmRWU5aF9vX3dNcTJ2MkdkQQ==,2023-06-08 15:04:32.156352
youtube#commentThread,DfaomtRcN0E2gB4OKikSHQstUWo,UgwwdkZ9bZF9xQzVu6F4AaABAg,"{'videoId': 'uuh1ydDwwrQ', 'topLevelComment': {'kind': 'youtube#comment', 'etag': 'f3BgFYlnI6E6n55tFvNmUvqssLM', 'id': 'UgwwdkZ9bZF9xQzVu6F4AaABAg', 'snippet': {'videoId': 'uuh1ydDwwrQ', 'textDisplay': 'Outro preso político', 'textOriginal': 'Outro preso político', 'authorDisplayName': 'Oficina Facil', 'authorProfileImageUrl': 'https://yt3.ggpht.com/ytc/AGIKgqOQClQWjk2aDB-MDzUh2m7U57OWxMKp37FS2659FVw=s48-c-k-c0x00ffffff-no-rj', 'authorChannelUrl': 'http://www.youtube.com/channel/UCbv94E0QAMx4L5qG6AmZ30A', 'authorChannelId': {'value': 'UCbv94E0QAMx4L5qG6AmZ30A'}, 'canRate': True, 'viewerRating': 'none', 'likeCount': 1, 'publishedAt': '2022-10-22T19:44:26Z', 'updatedAt': '2022-10-22T19:44:26Z'}}, 'canReply': True, 'totalReplyCount': 0, 'isPublic': True}",,UCbv94E0QAMx4L5qG6AmZ30A,2022-10-22T19:44:26Z,Outro preso político,QURTSl9pM0Q1UHhUTXVYZ2ktbVJBbDJkbWVsLWxXMmlyOUxMRExtLUJYcHFaTmc1ZHQxS0R2Z0FlRl9JazRmRWU5aF9vX3dNcTJ2MkdkQQ==,2023-06-08 15:04:32.156352
youtube#commentThread,R4PIN4S2vKYVPaDXV8db1HeLVZM,Ugwbc6SwZaOInW5798V4AaABAg,"{'videoId': 'uuh1ydDwwrQ', 'topLevelComment': {'kind': 'youtube#comment', 'etag': 'FtWpilh1OSWLejL2QQs3TUxeCuM', 'id': 'Ugwbc6SwZaOInW5798V4AaABAg', 'snippet': {'videoId': 'uuh1ydDwwrQ', 'textDisplay': 'Haaaaaaa tá !!!!', 'textOriginal': 'Haaaaaaa tá !!!!', 'authorDisplayName': 'Maria Maximira Petry', 'authorProfileImageUrl': 'https://yt3.ggpht.com/ytc/AGIKgqPk6PmMazJqn-af7YH4jYavolf4_L0aHyzt3w=s48-c-k-c0x00ffffff-no-rj', 'authorChannelUrl': 'http://www.youtube.com/channel/UCYE85fc1J6Jf-gPqb7pOgEA', 'authorChannelId': {'value': 'UCYE85fc1J6Jf-gPqb7pOgEA'}, 'canRate': True, 'viewerRating': 'none', 'likeCount': 0, 'publishedAt': '2022-10-22T19:44:16Z', 'updatedAt': '2022-10-22T19:44:16Z'}}, 'canReply': True, 'totalReplyCount': 0, 'isPublic': True}",,UCYE85fc1J6Jf-gPqb7pOgEA,2022-10-22T19:44:16Z,Haaaaaaa tá !!!!,QURTSl9pM0Q1UHhUTXVYZ2ktbVJBbDJkbWVsLWxXMmlyOUxMRExtLUJYcHFaTmc1ZHQxS0R2Z0FlRl9JazRmRWU5aF9vX3dNcTJ2MkdkQQ==,2023-06-08 15:04:32.156352
youtube#commentThread,supyLmN5RcTyJCegfAaWUGQMI1Q,UgyDPq9wB1buo-Pw4B14AaABAg,"{'videoId': 'uuh1ydDwwrQ', 'topLevelComment': {'kind': 'youtube#comment', 'etag': 'a_etQcIAIT8m-TLLvOKRB43QaEk', 'id': 'UgyDPq9wB1buo-Pw4B14AaABAg', 'snippet': {'videoId': 'uuh1ydDwwrQ', 'textDisplay': 'Nós somos solidários com a JOVEN PAN ! ! !', 'textOriginal': 'Nós somos solidários com a JOVEN PAN ! ! !', 'authorDisplayName': 'Jose Miranda', 'authorProfileImageUrl': 'https://yt3.ggpht.com/ytc/AGIKgqO6SdsKb1qGDI-E6z1n44V2q0yum-RUbe2qlOAOuw=s48-c-k-c0x00ffffff-no-rj', 'authorChannelUrl': 'http://www.youtube.com/channel/UCRxl_HqerBh1FXJ5659b7ug', 'authorChannelId': {'value': 'UCRxl_HqerBh1FXJ5659b7ug'}, 'canRate': True, 'viewerRating': 'none', 'likeCount': 7, 'publishedAt': '2022-10-22T19:43:47Z', 'updatedAt': '2022-10-22T19:43:47Z'}}, 'canReply': True, 'totalReplyCount': 0, 'isPublic': True}",,UCRxl_HqerBh1FXJ5659b7ug,2022-10-22T19:43:47Z,Nós somos solidários com a JOVEN PAN ! ! !,QURTSl9pM0Q1UHhUTXVYZ2ktbVJBbDJkbWVsLWxXMmlyOUxMRExtLUJYcHFaTmc1ZHQxS0R2Z0FlRl9JazRmRWU5aF9vX3dNcTJ2MkdkQQ==,2023-06-08 15:04:32.156352
youtube#commentThread,OR9A6iVgEMKMP8NJuYARR9m5BOU,UgzL40gdtZHrTkKB00V4AaABAg,"{'videoId': 'uuh1ydDwwrQ', 'topLevelComment': {'kind': 'youtube#comment', 'etag': 'hDvkQ7Ju_SKxc4D_NjhHpji96tc', 'id': 'UgzL40gdtZHrTkKB00V4AaABAg', 'snippet': {'videoId': 'uuh1ydDwwrQ', 'textDisplay': 'TÁ! EXPLICAÇÃO DADA POR UM BRASILEIRO QUE É PROFESSOR DA UNIVERSIDADE DA CHINA. MUITA CREDIBILIDADE! SE ELE ABRIR A BOCA E NÃO FALAR O QUE O PARTIDO COMUNISTA MANDOU FALAR VAI EXPULSO OU PARA O CENTRO DE REEDUCAÇÃO.', 'textOriginal': 'TÁ! EXPLICAÇÃO DADA POR UM BRASILEIRO QUE É PROFESSOR DA UNIVERSIDADE DA CHINA. MUITA CREDIBILIDADE! SE ELE ABRIR A BOCA E NÃO FALAR O QUE O PARTIDO COMUNISTA MANDOU FALAR VAI EXPULSO OU PARA O CENTRO DE REEDUCAÇÃO.', 'authorDisplayName': 'light Warrior', 'authorProfileImageUrl': 'https://yt3.ggpht.com/85F64mJpDTVd6bhbiNdvnD-qJiPQXbiIcE51s1HBvMHBiVpguSZkyl211SnavUb6A4Frgfpr7A=s48-c-k-c0x00ffffff-no-rj', 'authorChannelUrl': 'http://www.youtube.com/channel/UCRKgqhK7BoDX1eEXvf9jT1A', 'authorChannelId': {'value': 'UCRKgqhK7BoDX1eEXvf9jT1A'}, 'canRate': True, 'viewerRating': 'none', 'likeCount': 3, 'publishedAt': '2022-10-22T19:42:57Z', 'updatedAt': '2022-10-22T19:42:57Z'}}, 'canReply': True, 'totalReplyCount': 2, 'isPublic': True}","{'comments': [{'kind': 'youtube#comment', 'etag': 'XhMOIVIJ_TKw0qr7HBD756HQb5A', 'id': 'UgzL40gdtZHrTkKB00V4AaABAg.9hVJ8cT2AeG9hVNGsfLglH', 'snippet': {'videoId': 'uuh1ydDwwrQ', 'textDisplay': 'Tem o canal de um cara brasileiro que mora lá e volta ou outra critica a China. Felipe Durante o nome.', 'textOriginal': 'Tem o canal de um cara brasileiro que mora lá e volta ou outra critica a China. Felipe Durante o nome.', 'parentId': 'UgzL40gdtZHrTkKB00V4AaABAg', 'authorDisplayName': 'Ferreira', 'authorProfileImageUrl': 'https://yt3.ggpht.com/ytc/AGIKgqOrDdLXSGbtfFm5ZKR1Pm4oZM774r5Ssu2D3A=s48-c-k-c0x00ffffff-no-rj', 'authorChannelUrl': 'http://www.youtube.com/channel/UCIEha7BoEo_gwmDjtacxkGQ', 'authorChannelId': {'value': 'UCIEha7BoEo_gwmDjtacxkGQ'}, 'canRate': True, 'viewerRating': 'none', 'likeCount': 0, 'publishedAt': '2022-10-22T20:19:02Z', 'updatedAt': '2022-10-22T20:19:02Z'}}, {'kind': 'youtube#comment', 'etag': 'zLjb1W-_D5uq01sqZAToYNXRtaE', 'id': 'UgzL40gdtZHrTkKB00V4AaABAg.9hVJ8cT2AeG9hVNBtlD6Y2', 'snippet': {'videoId': 'uuh1ydDwwrQ', 'textDisplay': 'Mentira, isso não existe. Se existir, me manda fonte, ou é apenas propaganda imperialista.', 'textOriginal': 'Mentira, isso não existe. Se existir, me manda fonte, ou é apenas propaganda imperialista.', 'parentId': 'UgzL40gdtZHrTkKB00V4AaABAg', 'authorDisplayName': 'Ferreira', 'authorProfileImageUrl': 'https://yt3.ggpht.com/ytc/AGIKgqOrDdLXSGbtfFm5ZKR1Pm4oZM774r5Ssu2D3A=s48-c-k-c0x00ffffff-no-rj', 'authorChannelUrl': 'http://www.youtube.com/channel/UCIEha7BoEo_gwmDjtacxkGQ', 'authorChannelId': {'value': 'UCIEha7BoEo_gwmDjtacxkGQ'}, 'canRate': True, 'viewerRating': 'none', 'likeCount': 0, 'publishedAt': '2022-10-22T20:18:21Z', 'updatedAt': '2022-10-22T20:18:21Z'}}]}",UCRKgqhK7BoDX1eEXvf9jT1A,2022-10-22T19:42:57Z,TÁ! EXPLICAÇÃO DADA POR UM BRASILEIRO QUE É PROFESSOR DA UNIVERSIDADE DA CHINA. MUITA CREDIBILIDADE! SE ELE ABRIR A BOCA E NÃO FALAR O QUE O PARTIDO COMUNISTA MANDOU FALAR VAI EXPULSO OU PARA O CENTRO DE REEDUCAÇÃO.,QURTSl9pM0Q1UHhUTXVYZ2ktbVJBbDJkbWVsLWxXMmlyOUxMRExtLUJYcHFaTmc1ZHQxS0R2Z0FlRl9JazRmRWU5aF9vX3dNcTJ2MkdkQQ==,2023-06-08 15:04:32.156352
youtube#commentThread,-hiTNTSLtaWYHpKSaNHOr-Wfg8o,UgwgwdThgeY6NRxlOI94AaABAg,"{'videoId': 'uuh1ydDwwrQ', 'topLevelComment': {'kind': 'youtube#comment', 'etag': 'P84_f3U8gGT8FiAb3qifSqTyzRo', 'id': 'UgwgwdThgeY6NRxlOI94AaABAg', 'snippet': {'videoId': 'uuh1ydDwwrQ', 'textDisplay': '<a href=""http://www.youtube.com/results?search_query=%23fechadocombolsonaro"">#fechadocomBolsonaro</a>', 'textOriginal': '#fechadocomBolsonaro', 'authorDisplayName': 'Andre Pujol', 'authorProfileImageUrl': 'https://yt3.ggpht.com/ytc/AGIKgqP1V1hL4kCgGTSW15pWAjVA4NNLEWI-x_vNEg=s48-c-k-c0x00ffffff-no-rj', 'authorChannelUrl': 'http://www.youtube.com/channel/UC43fxkBWzEcO5wYCc-CWkbQ', 'authorChannelId': {'value': 'UC43fxkBWzEcO5wYCc-CWkbQ'}, 'canRate': True, 'viewerRating': 'none', 'likeCount': 0, 'publishedAt': '2022-10-22T19:42:39Z', 'updatedAt': '2022-10-22T19:42:39Z'}}, 'canReply': True, 'totalReplyCount': 0, 'isPublic': True}",,UC43fxkBWzEcO5wYCc-CWkbQ,2022-10-22T19:42:39Z,#fechadocomBolsonaro,QURTSl9pM0Q1UHhUTXVYZ2ktbVJBbDJkbWVsLWxXMmlyOUxMRExtLUJYcHFaTmc1ZHQxS0R2Z0FlRl9JazRmRWU5aF9vX3dNcTJ2MkdkQQ==,2023-06-08 15:04:32.156352
youtube#commentThread,AwvYfNpLBQGYwsSZEknXIm7haU0,Ugxu9fRhYIqbajSfmbJ4AaABAg,"{'videoId': 'uuh1ydDwwrQ', 'topLevelComment': {'kind': 'youtube#comment', 'etag': 'j7goCwHCYNu2MmqmfvLTjWIH8H4', 'id': 'Ugxu9fRhYIqbajSfmbJ4AaABAg', 'snippet': {'videoId': 'uuh1ydDwwrQ', 'textDisplay': '<a href=""http://www.youtube.com/results?search_query=%23stfvergonhanacional"">#stfvergonhanacional</a>', 'textOriginal': '#stfvergonhanacional', 'authorDisplayName': 'Andre Pujol', 'authorProfileImageUrl': 'https://yt3.ggpht.com/ytc/AGIKgqP1V1hL4kCgGTSW15pWAjVA4NNLEWI-x_vNEg=s48-c-k-c0x00ffffff-no-rj', 'authorChannelUrl': 'http://www.youtube.com/channel/UC43fxkBWzEcO5wYCc-CWkbQ', 'authorChannelId': {'value': 'UC43fxkBWzEcO5wYCc-CWkbQ'}, 'canRate': True, 'viewerRating': 'none', 'likeCount': 2, 'publishedAt': '2022-10-22T19:42:34Z', 'updatedAt': '2022-10-22T19:42:34Z'}}, 'canReply': True, 'totalReplyCount': 0, 'isPublic': True}",,UC43fxkBWzEcO5wYCc-CWkbQ,2022-10-22T19:42:34Z,#stfvergonhanacional,QURTSl9pM0Q1UHhUTXVYZ2ktbVJBbDJkbWVsLWxXMmlyOUxMRExtLUJYcHFaTmc1ZHQxS0R2Z0FlRl9JazRmRWU5aF9vX3dNcTJ2MkdkQQ==,2023-06-08 15:04:32.156352
youtube#commentThread,eOzhbPSrMwtAoh2H-hQrsWNm2B4,UgwhMm7wX51IC_ZM2rR4AaABAg,"{'videoId': 'uuh1ydDwwrQ', 'topLevelComment': {'kind': 'youtube#comment', 'etag': 'oJeHx00QwFFILedDOVAkQfAO2Qc', 'id': 'UgwhMm7wX51IC_ZM2rR4AaABAg', 'snippet': {'videoId': 'uuh1ydDwwrQ', 'textDisplay': 'O cara compara Taiwan a Córsega, Sardenha e País Basco 🤣🤣🤣🤣<br>A diferença é que estes tem o mesmo sistema político, proximidade cultural e mesmo as tentativas de autonomia não há consenso nem esse distanciamento.<br>Taiwan é na prática outro país, com sistema político completamente diferente e independente. Com uma população que vive como taiwanês e nada a ver com o chinês continental, senão um mínimo de tradição pré-comunismo (o que não foi reprimido e destruído no continente).<br>Se tentarem tomar Taiwan ou qualquer interferência maior vai levar à 3a Guerra Mundial.', 'textOriginal': 'O cara compara Taiwan a Córsega, Sardenha e País Basco 🤣🤣🤣🤣\\nA diferença é que estes tem o mesmo sistema político, proximidade cultural e mesmo as tentativas de autonomia não há consenso nem esse distanciamento.\\nTaiwan é na prática outro país, com sistema político completamente diferente e independente. Com uma população que vive como taiwanês e nada a ver com o chinês continental, senão um mínimo de tradição pré-comunismo (o que não foi reprimido e destruído no continente).\\nSe tentarem tomar Taiwan ou qualquer interferência maior vai levar à 3a Guerra Mundial.', 'authorDisplayName': 'Kaos Warrior', 'authorProfileImageUrl': 'https://yt3.ggpht.com/ytc/AGIKgqPkteWnS_vDkF8_1ABcM2wMhqOLU4kTg3hivFuI=s48-c-k-c0x00ffffff-no-rj', 'authorChannelUrl': 'http://www.youtube.com/channel/UC7_uRDeNFYHC7FlnpYRWr2Q', 'authorChannelId': {'value': 'UC7_uRDeNFYHC7FlnpYRWr2Q'}, 'canRate': True, 'viewerRating': 'none', 'likeCount': 2, 'publishedAt': '2022-10-22T19:42:27Z', 'updatedAt': '2022-10-22T19:42:27Z'}}, 'canReply': True, 'totalReplyCount': 1, 'isPublic': True}","{'comments': [{'kind': 'youtube#comment', 'etag': 'o8HBr_XZgrh7tp7cslb1htvxQMI', 'id': 'UgwhMm7wX51IC_ZM2rR4AaABAg.9hVJ5-eqq4S9hZGcuOUoJv', 'snippet': {'videoId': 'uuh1ydDwwrQ', 'textDisplay': 'Você  está  equivocado  , na Catalunha  tem seu proprio idioma  , o pais basco tem seu proprio idioma,  a grupos terroristas armados como e.t.a  , na irlanda do norte há  grupo  terrorista  como o i.r.a , voce só esta indo contra a china por que ela esta desafiando a hegemonia americana', 'textOriginal': 'Você  está  equivocado  , na Catalunha  tem seu proprio idioma  , o pais basco tem seu proprio idioma,  a grupos terroristas armados como e.t.a  , na irlanda do norte há  grupo  terrorista  como o i.r.a , voce só esta indo contra a china por que ela esta desafiando a hegemonia americana', 'parentId': 'UgwhMm7wX51IC_ZM2rR4AaABAg', 'authorDisplayName': 'luiz otavio da silva santanna', 'authorProfileImageUrl': 'https://yt3.ggpht.com/ytc/AGIKgqNM_MHc3ysF-C3PKWfloMcqtWKy4XsvsJpcCQ=s48-c-k-c0x00ffffff-no-rj', 'authorChannelUrl': 'http://www.youtube.com/channel/UCbD1Lll3lotUXfbN_gYEg9g', 'authorChannelId': {'value': 'UCbD1Lll3lotUXfbN_gYEg9g'}, 'canRate': True, 'viewerRating': 'none', 'likeCount': 0, 'publishedAt': '2022-10-24T08:37:58Z', 'updatedAt': '2022-10-24T08:37:58Z'}}]}",UC7_uRDeNFYHC7FlnpYRWr2Q,2022-10-22T19:42:27Z,"O cara compara Taiwan a Córsega, Sardenha e País Basco 🤣🤣🤣🤣
A diferença é que estes tem o mesmo sistema político, proximidade cultural e mesmo as tentativas de autonomia não há consenso nem esse distanciamento.
Taiwan é na prática outro país, com sistema político completamente diferente e independente. Com uma população que vive como taiwanês e nada a ver com o chinês continental, senão um mínimo de tradição pré-comunismo (o que não foi reprimido e destruído no continente).
Se tentarem tomar Taiwan ou qualquer interferência maior vai levar à 3a Guerra Mundial.",QURTSl9pM0Q1UHhUTXVYZ2ktbVJBbDJkbWVsLWxXMmlyOUxMRExtLUJYcHFaTmc1ZHQxS0R2Z0FlRl9JazRmRWU5aF9vX3dNcTJ2MkdkQQ==,2023-06-08 15:04:32.156352
youtube#commentThread,nDBzZ-XrEhsg4yw4k1pXZmi4jB8,UgzZ3xdzk6eieGlNcFV4AaABAg,"{'videoId': 'uuh1ydDwwrQ', 'topLevelComment': {'kind': 'youtube#comment', 'etag': '7gZ0gvpTBzW0Otevtqd5uoDkYpw', 'id': 'UgzZ3xdzk6eieGlNcFV4AaABAg', 'snippet': {'videoId': 'uuh1ydDwwrQ', 'textDisplay': 'Eles tem muita liberdade neh!', 'textOriginal': 'Eles tem muita liberdade neh!', 'authorDisplayName': 'Missões Efata', 'authorProfileImageUrl': 'https://yt3.ggpht.com/9AnbYaaZfblf501oKXLlNkN4YhJ7JYOLGNfl2xRFpMv6SDQvnYfS3O1DxHPPmxBkWpHBCYyQ=s48-c-k-c0x00ffffff-no-rj', 'authorChannelUrl': 'http://www.youtube.com/channel/UCZ_xPbY1iegoQ0lC5Dwimag', 'authorChannelId': {'value': 'UCZ_xPbY1iegoQ0lC5Dwimag'}, 'canRate': True, 'viewerRating': 'none', 'likeCount': 3, 'publishedAt': '2022-10-22T19:42:26Z', 'updatedAt': '2022-10-22T19:42:26Z'}}, 'canReply': True, 'totalReplyCount': 0, 'isPublic': True}",,UCZ_xPbY1iegoQ0lC5Dwimag,2022-10-22T19:42:26Z,Eles tem muita liberdade neh!,QURTSl9pM0Q1UHhUTXVYZ2ktbVJBbDJkbWVsLWxXMmlyOUxMRExtLUJYcHFaTmc1ZHQxS0R2Z0FlRl9JazRmRWU5aF9vX3dNcTJ2MkdkQQ==,2023-06-08 15:04:32.156352
youtube#commentThread,r8cngPEeZiyeF4Fp4yFozezbc8E,Ugz2gk7vwPpSRBIQRRt4AaABAg,"{'videoId': 'uuh1ydDwwrQ', 'topLevelComment': {'kind': 'youtube#comment', 'etag': 'Ave0RZ3BN5yrGR6WBdZyWKe6sAg', 'id': 'Ugz2gk7vwPpSRBIQRRt4AaABAg', 'snippet': {'videoId': 'uuh1ydDwwrQ', 'textDisplay': 'ESQUERDOPATAS=CRIMINOSOS', 'textOriginal': 'ESQUERDOPATAS=CRIMINOSOS', 'authorDisplayName': 'Moacir  Carvalho ', 'authorProfileImageUrl': 'https://yt3.ggpht.com/ytc/AGIKgqOBhMBgYvBwoSyAzVyitfEZ9iol_owbAnuhSZkjNMQUILWPedDbent7TF71vpH0=s48-c-k-c0x00ffffff-no-rj', 'authorChannelUrl': 'http://www.youtube.com/channel/UCfWf6DrXRWcpPRh8E2WDAdw', 'authorChannelId': {'value': 'UCfWf6DrXRWcpPRh8E2WDAdw'}, 'canRate': True, 'viewerRating': 'none', 'likeCount': 0, 'publishedAt': '2022-10-22T19:41:46Z', 'updatedAt': '2022-10-22T19:41:46Z'}}, 'canReply': True, 'totalReplyCount': 0, 'isPublic': True}",,UCfWf6DrXRWcpPRh8E2WDAdw,2022-10-22T19:41:46Z,ESQUERDOPATAS=CRIMINOSOS,,2023-06-08 15:04:33.003012
youtube#commentThread,Xcw703iRSkAwYdwXFvjfsgontR4,Ugy39872P9wonKTMwcR4AaABAg,"{'videoId': 'uuh1ydDwwrQ', 'topLevelComment': {'kind': 'youtube#comment', 'etag': 'EyPYVqo91606mC8UjfS2Wj2zaOs', 'id': 'Ugy39872P9wonKTMwcR4AaABAg', 'snippet': {'videoId': 'uuh1ydDwwrQ', 'textDisplay': '👏👏👏👏👏👏👏👏👏👏👏👏👏👏👏👏👏👏👏', 'textOriginal': '👏👏👏👏👏👏👏👏👏👏👏👏👏👏👏👏👏👏👏', 'authorDisplayName': 'Sidney Assis', 'authorProfileImageUrl': 'https://yt3.ggpht.com/OGoDQt-luvGs1yEfgq9TBglvpomdob-bKmjQxWKDnekKn4kb48hgI8Hvc5j4iCdz7vK9NWZR=s48-c-k-c0x00ffffff-no-rj', 'authorChannelUrl': 'http://www.youtube.com/channel/UCnfOvwfCNxVxOduDzS5ovlg', 'authorChannelId': {'value': 'UCnfOvwfCNxVxOduDzS5ovlg'}, 'canRate': True, 'viewerRating': 'none', 'likeCount': 0, 'publishedAt': '2022-10-22T19:41:27Z', 'updatedAt': '2022-10-22T19:41:27Z'}}, 'canReply': True, 'totalReplyCount': 0, 'isPublic': True}",,UCnfOvwfCNxVxOduDzS5ovlg,2022-10-22T19:41:27Z,👏👏👏👏👏👏👏👏👏👏👏👏👏👏👏👏👏👏👏,,2023-06-08 15:04:33.003012
youtube#commentThread,_cOo5KpS50F_9-0tzjiZpOZdjSs,UgzdcHA2G8jRrV9oPYR4AaABAg,"{'videoId': 'uuh1ydDwwrQ', 'topLevelComment': {'kind': 'youtube#comment', 'etag': 'S2XDcvdMVwDoliis42IggCm7k1s', 'id': 'UgzdcHA2G8jRrV9oPYR4AaABAg', 'snippet': {'videoId': 'uuh1ydDwwrQ', 'textDisplay': 'Desculpa esfarrapada tirou a força', 'textOriginal': 'Desculpa esfarrapada tirou a força', 'authorDisplayName': 'Ronaldo M Azevedo', 'authorProfileImageUrl': 'https://yt3.ggpht.com/ytc/AGIKgqNNAHnKficMBbKyw13kx6-MUNvIX8k70rRrcFC4=s48-c-k-c0x00ffffff-no-rj', 'authorChannelUrl': 'http://www.youtube.com/channel/UCnBNufeHrre6SvoXlGVCSsw', 'authorChannelId': {'value': 'UCnBNufeHrre6SvoXlGVCSsw'}, 'canRate': True, 'viewerRating': 'none', 'likeCount': 1, 'publishedAt': '2022-10-22T19:41:19Z', 'updatedAt': '2022-10-22T19:41:19Z'}}, 'canReply': True, 'totalReplyCount': 0, 'isPublic': True}",,UCnBNufeHrre6SvoXlGVCSsw,2022-10-22T19:41:19Z,Desculpa esfarrapada tirou a força,,2023-06-08 15:04:33.003012
youtube#commentThread,DXdIKIG3BBkTPA6NkCR13Ny4KtU,UgyxY9cFcAW-EY8MFll4AaABAg,"{'videoId': 'uuh1ydDwwrQ', 'topLevelComment': {'kind': 'youtube#comment', 'etag': 'toCq0cYw1DGinrVqMSkmfGddsRw', 'id': 'UgyxY9cFcAW-EY8MFll4AaABAg', 'snippet': {'videoId': 'uuh1ydDwwrQ', 'textDisplay': 'Entendi, o presidente chinês estava passando mau mas não queria perder a reunião?<br>Me engana que eu gosto', 'textOriginal': 'Entendi, o presidente chinês estava passando mau mas não queria perder a reunião?\\nMe engana que eu gosto', 'authorDisplayName': 'Lincoln Madureira', 'authorProfileImageUrl': 'https://yt3.ggpht.com/ytc/AGIKgqNIBZlM1aqgeVUxqytlUSNywh2rOBkEbmaP3PjL0Uwxfo1-j3aKHDAt9kIYlhoV=s48-c-k-c0x00ffffff-no-rj', 'authorChannelUrl': 'http://www.youtube.com/channel/UC-ou4d-ML6iSddbXgSdWNFw', 'authorChannelId': {'value': 'UC-ou4d-ML6iSddbXgSdWNFw'}, 'canRate': True, 'viewerRating': 'none', 'likeCount': 0, 'publishedAt': '2022-10-22T19:41:14Z', 'updatedAt': '2022-10-22T19:41:14Z'}}, 'canReply': True, 'totalReplyCount': 1, 'isPublic': True}","{'comments': [{'kind': 'youtube#comment', 'etag': 'J0uL8H337dlurN98wa5NDEB4TgI', 'id': 'UgyxY9cFcAW-EY8MFll4AaABAg.9hVIx1v1bv19hVO2j3__xm', 'snippet': {'videoId': 'uuh1ydDwwrQ', 'textDisplay': 'Comeu uma picanha brasileira e fez mal...', 'textOriginal': 'Comeu uma picanha brasileira e fez mal...', 'parentId': 'UgyxY9cFcAW-EY8MFll4AaABAg', 'authorDisplayName': 'Tiburcio Nascimento', 'authorProfileImageUrl': 'https://yt3.ggpht.com/ytc/AGIKgqPYJ16XbloZp1nRif2q9UiINjE9b3aLcJFllVpYZmGF8L32gAvFuJ_fm0H5T6oa=s48-c-k-c0x00ffffff-no-rj', 'authorChannelUrl': 'http://www.youtube.com/channel/UCOpVT2WBtvOTmNgRgNreY3Q', 'authorChannelId': {'value': 'UCOpVT2WBtvOTmNgRgNreY3Q'}, 'canRate': True, 'viewerRating': 'none', 'likeCount': 1, 'publishedAt': '2022-10-22T20:25:50Z', 'updatedAt': '2022-10-22T20:25:50Z'}}]}",UC-ou4d-ML6iSddbXgSdWNFw,2022-10-22T19:41:14Z,"Entendi, o presidente chinês estava passando mau mas não queria perder a reunião?
Me engana que eu gosto",,2023-06-08 15:04:33.003012
youtube#commentThread,6EC6N7YcqGu8ECEsf1Eh_nN_BF0,Ugw7EEpIyY3nNhteXq54AaABAg,"{'videoId': 'uuh1ydDwwrQ', 'topLevelComment': {'kind': 'youtube#comment', 'etag': '_ReIz2KjIvdpCk4Ij3iVfEs1FSg', 'id': 'Ugw7EEpIyY3nNhteXq54AaABAg', 'snippet': {'videoId': 'uuh1ydDwwrQ', 'textDisplay': 'Foi a favor do voto impresso 22', 'textOriginal': 'Foi a favor do voto impresso 22', 'authorDisplayName': 'Jaqueline', 'authorProfileImageUrl': 'https://yt3.ggpht.com/MzpnF1mE0hW2-YGIcRUDTE_QLYFA2nvgFr6flrZblb_pa2c2U-2v9_wiNWI2M9-S8bnc1jDe=s48-c-k-c0x00ffffff-no-rj', 'authorChannelUrl': 'http://www.youtube.com/channel/UCrYGkchdMAGVR8yUre-Zu3w', 'authorChannelId': {'value': 'UCrYGkchdMAGVR8yUre-Zu3w'}, 'canRate': True, 'viewerRating': 'none', 'likeCount': 4, 'publishedAt': '2022-10-22T19:40:18Z', 'updatedAt': '2022-10-22T19:40:18Z'}}, 'canReply': True, 'totalReplyCount': 0, 'isPublic': True}",,UCrYGkchdMAGVR8yUre-Zu3w,2022-10-22T19:40:18Z,Foi a favor do voto impresso 22,,2023-06-08 15:04:33.003012
youtube#commentThread,d2wRzS28e7tEQX0aIzueFnjCmgY,UgyRLF4Df2VSjUlhDtl4AaABAg,"{'videoId': 'uuh1ydDwwrQ', 'topLevelComment': {'kind': 'youtube#comment', 'etag': 'PDv4TKcr6M2Y080M1p9Efajte2Q', 'id': 'UgyRLF4Df2VSjUlhDtl4AaABAg', 'snippet': {'videoId': 'uuh1ydDwwrQ', 'textDisplay': 'QUE DEUS O TD PODEROSO PROTEJA NOSSO BRASIL  , DESSE.COMUNISMO E. SOCIALISMO', 'textOriginal': 'QUE DEUS O TD PODEROSO PROTEJA NOSSO BRASIL  , DESSE.COMUNISMO E. SOCIALISMO', 'authorDisplayName': 'Mainam Telles', 'authorProfileImageUrl': 'https://yt3.ggpht.com/ytc/AGIKgqM4Cct1kMxdc21BHz5RnGoJW-cjE4uCdZR7em5Z-A=s48-c-k-c0x00ffffff-no-rj', 'authorChannelUrl': 'http://www.youtube.com/channel/UC8O5RYeDcUYFuckI3lUkMQA', 'authorChannelId': {'value': 'UC8O5RYeDcUYFuckI3lUkMQA'}, 'canRate': True, 'viewerRating': 'none', 'likeCount': 9, 'publishedAt': '2022-10-22T19:40:08Z', 'updatedAt': '2022-10-22T19:40:08Z'}}, 'canReply': True, 'totalReplyCount': 0, 'isPublic': True}",,UC8O5RYeDcUYFuckI3lUkMQA,2022-10-22T19:40:08Z,"QUE DEUS O TD PODEROSO PROTEJA NOSSO BRASIL  , DESSE.COMUNISMO E. SOCIALISMO",,2023-06-08 15:04:33.003012
youtube#commentThread,Z0KBTnVQTaRrvSj49Du8etll1xk,Ugyw5_FLOnseGB5iVEB4AaABAg,"{'videoId': 'uuh1ydDwwrQ', 'topLevelComment': {'kind': 'youtube#comment', 'etag': 'Mi2ZrgadjxuVEK0pK6F_HmiwEhk', 'id': 'Ugyw5_FLOnseGB5iVEB4AaABAg', 'snippet': {'videoId': 'uuh1ydDwwrQ', 'textDisplay': 'Virou presunto.', 'textOriginal': 'Virou presunto.', 'authorDisplayName': 'PETSHORT', 'authorProfileImageUrl': 'https://yt3.ggpht.com/vYLw4g2zz9rNN_P-sGIFo2fVpxI6TZ3wob0uva1MbF3LJZd2_PntiVl7EvHmKiR4msfJK__Uhg=s48-c-k-c0x00ffffff-no-rj', 'authorChannelUrl': 'http://www.youtube.com/channel/UCsuzXx2xGs3rCwxy3VmUZuQ', 'authorChannelId': {'value': 'UCsuzXx2xGs3rCwxy3VmUZuQ'}, 'canRate': True, 'viewerRating': 'none', 'likeCount': 2, 'publishedAt': '2022-10-22T19:40:07Z', 'updatedAt': '2022-10-22T19:40:07Z'}}, 'canReply': True, 'totalReplyCount': 0, 'isPublic': True}",,UCsuzXx2xGs3rCwxy3VmUZuQ,2022-10-22T19:40:07Z,Virou presunto.,,2023-06-08 15:04:33.003012
youtube#commentThread,Jhv_B8XLLDNXLNPZUGnYSo7LIUI,Ugwcsalvz01aUUcVIll4AaABAg,"{'videoId': 'uuh1ydDwwrQ', 'topLevelComment': {'kind': 'youtube#comment', 'etag': '92ORGa0-bGXco5iV4W6GVira66I', 'id': 'Ugwcsalvz01aUUcVIll4AaABAg', 'snippet': {'videoId': 'uuh1ydDwwrQ', 'textDisplay': 'PRESIDENTE DO BRASIL É 22!!! BOLSONARO ATÉ 2026', 'textOriginal': 'PRESIDENTE DO BRASIL É 22!!! BOLSONARO ATÉ 2026', 'authorDisplayName': 'clair navarro', 'authorProfileImageUrl': 'https://yt3.ggpht.com/ytc/AGIKgqNDWHTKs9vnc-kbmHPV86c8h55xeyCGKKSVJQ=s48-c-k-c0x00ffffff-no-rj', 'authorChannelUrl': 'http://www.youtube.com/channel/UCwfJu5BuCxiYimVyXuQEc_g', 'authorChannelId': {'value': 'UCwfJu5BuCxiYimVyXuQEc_g'}, 'canRate': True, 'viewerRating': 'none', 'likeCount': 0, 'publishedAt': '2022-10-22T19:39:48Z', 'updatedAt': '2022-10-22T19:39:48Z'}}, 'canReply': True, 'totalReplyCount': 0, 'isPublic': True}",,UCwfJu5BuCxiYimVyXuQEc_g,2022-10-22T19:39:48Z,PRESIDENTE DO BRASIL É 22!!! BOLSONARO ATÉ 2026,,2023-06-08 15:04:33.003012
youtube#commentThread,VCL9625WbtmuW7VFlJLahjoDAtI,UgwlRHIjqF7rJHVheql4AaABAg,"{'videoId': 'uuh1ydDwwrQ', 'topLevelComment': {'kind': 'youtube#comment', 'etag': 'ZbXRZKzjyL_0fOvQZBBOURITz4U', 'id': 'UgwlRHIjqF7rJHVheql4AaABAg', 'snippet': {'videoId': 'uuh1ydDwwrQ', 'textDisplay': 'Convidem um professor que não tenha medo do PCC, que diga que a China é uma ditadura e não pode ter oposição. Esse aí tá parecendo um militante chinês.', 'textOriginal': 'Convidem um professor que não tenha medo do PCC, que diga que a China é uma ditadura e não pode ter oposição. Esse aí tá parecendo um militante chinês.', 'authorDisplayName': ""Jr Du'porto"", 'authorProfileImageUrl': 'https://yt3.ggpht.com/ytc/AGIKgqMMgMoWPeYSmA_g4hYJqEXmeUBFz3l2tpbLsw=s48-c-k-c0x00ffffff-no-rj', 'authorChannelUrl': 'http://www.youtube.com/channel/UCZBRv7tW-r-uI6jzLZshnVQ', 'authorChannelId': {'value': 'UCZBRv7tW-r-uI6jzLZshnVQ'}, 'canRate': True, 'viewerRating': 'none', 'likeCount': 1, 'publishedAt': '2022-10-22T19:39:47Z', 'updatedAt': '2022-10-22T19:39:47Z'}}, 'canReply': True, 'totalReplyCount': 0, 'isPublic': True}",,UCZBRv7tW-r-uI6jzLZshnVQ,2022-10-22T19:39:47Z,"Convidem um professor que não tenha medo do PCC, que diga que a China é uma ditadura e não pode ter oposição. Esse aí tá parecendo um militante chinês.",,2023-06-08 15:04:33.003012
youtube#commentThread,rV1w8X_qVOs0jgUm2ot1SMalLBw,UgzcuDmEVBg_0sNDrgN4AaABAg,"{'videoId': 'uuh1ydDwwrQ', 'topLevelComment': {'kind': 'youtube#comment', 'etag': 'vAepM6FqAXhqT1IQHmJkoHHVgQ8', 'id': 'UgzcuDmEVBg_0sNDrgN4AaABAg', 'snippet': {'videoId': 'uuh1ydDwwrQ', 'textDisplay': 'Fora PT', 'textOriginal': 'Fora PT', 'authorDisplayName': 'Morena Camargo', 'authorProfileImageUrl': 'https://yt3.ggpht.com/ytc/AGIKgqPFSSA87B0ybF7-uSj--0RiDnd9L6VhJghb4w=s48-c-k-c0x00ffffff-no-rj', 'authorChannelUrl': 'http://www.youtube.com/channel/UCUMuCd7UScLtwG-hMH3zw9A', 'authorChannelId': {'value': 'UCUMuCd7UScLtwG-hMH3zw9A'}, 'canRate': True, 'viewerRating': 'none', 'likeCount': 0, 'publishedAt': '2022-10-22T19:39:06Z', 'updatedAt': '2022-10-22T19:39:06Z'}}, 'canReply': True, 'totalReplyCount': 0, 'isPublic': True}",,UCUMuCd7UScLtwG-hMH3zw9A,2022-10-22T19:39:06Z,Fora PT,,2023-06-08 15:04:33.003012
youtube#commentThread,n6EuPokA_-xbn5oYoEnGejl53VQ,UgysgAJZJzlhO3pQzxd4AaABAg,"{'videoId': 'uuh1ydDwwrQ', 'topLevelComment': {'kind': 'youtube#comment', 'etag': 'oTCUA-aB1ZUddOF0GP5MkAlTOcc', 'id': 'UgysgAJZJzlhO3pQzxd4AaABAg', 'snippet': {'videoId': 'uuh1ydDwwrQ', 'textDisplay': 'Descobriram q ele é petista kkkkkkk', 'textOriginal': 'Descobriram q ele é petista kkkkkkk', 'authorDisplayName': 'Benedito Sales', 'authorProfileImageUrl': 'https://yt3.ggpht.com/ytc/AGIKgqOuj6ENR1wRVuw34TbRk_Jx7j7qmMj8C8PYtt0nCg=s48-c-k-c0x00ffffff-no-rj', 'authorChannelUrl': 'http://www.youtube.com/channel/UCUeYJFwF5Ww1j0gPHZPawHg', 'authorChannelId': {'value': 'UCUeYJFwF5Ww1j0gPHZPawHg'}, 'canRate': True, 'viewerRating': 'none', 'likeCount': 1, 'publishedAt': '2022-10-22T19:39:03Z', 'updatedAt': '2022-10-22T19:39:03Z'}}, 'canReply': True, 'totalReplyCount': 0, 'isPublic': True}",,UCUeYJFwF5Ww1j0gPHZPawHg,2022-10-22T19:39:03Z,Descobriram q ele é petista kkkkkkk,,2023-06-08 15:04:33.003012
youtube#commentThread,_bfKh2AZDZ0xM6sDwETCC-wo9U8,UgyfFqLGId_EPdNAkzx4AaABAg,"{'videoId': 'uuh1ydDwwrQ', 'topLevelComment': {'kind': 'youtube#comment', 'etag': '-tUkAguvg5kGOHMzoNy1zRWULC4', 'id': 'UgyfFqLGId_EPdNAkzx4AaABAg', 'snippet': {'videoId': 'uuh1ydDwwrQ', 'textDisplay': 'Manda esse chineis voltar pra China', 'textOriginal': 'Manda esse chineis voltar pra China', 'authorDisplayName': 'Dinairpnna gemil Rosa', 'authorProfileImageUrl': 'https://yt3.ggpht.com/ytc/AGIKgqOPDRkTsBwt3L16HsCt-LBOeaNwAQMe_tkMKg=s48-c-k-c0x00ffffff-no-rj', 'authorChannelUrl': 'http://www.youtube.com/channel/UCXRv0djxxfIu13XSCXr6Srw', 'authorChannelId': {'value': 'UCXRv0djxxfIu13XSCXr6Srw'}, 'canRate': True, 'viewerRating': 'none', 'likeCount': 0, 'publishedAt': '2022-10-22T19:38:57Z', 'updatedAt': '2022-10-22T19:38:57Z'}}, 'canReply': True, 'totalReplyCount': 0, 'isPublic': True}",,UCXRv0djxxfIu13XSCXr6Srw,2022-10-22T19:38:57Z,Manda esse chineis voltar pra China,,2023-06-08 15:04:33.003012
youtube#commentThread,91Rl0ZdAFg-7EiY6zvS3JL2a-gU,UgyPSpRkOxQCQmj7hhB4AaABAg,"{'videoId': 'uuh1ydDwwrQ', 'topLevelComment': {'kind': 'youtube#comment', 'etag': '9JyWEI5izdC8O8XVlzEGRgSJuWg', 'id': 'UgyPSpRkOxQCQmj7hhB4AaABAg', 'snippet': {'videoId': 'uuh1ydDwwrQ', 'textDisplay': 'Mais um grande professor fraquíssimo. Nos poupe desses especialistas da usp.', 'textOriginal': 'Mais um grande professor fraquíssimo. Nos poupe desses especialistas da usp.', 'authorDisplayName': 'Marcos Canicali', 'authorProfileImageUrl': 'https://yt3.ggpht.com/ytc/AGIKgqMGz7poh-5dhFP054MINid-Ob5tGpdkphkOv0Oz3A=s48-c-k-c0x00ffffff-no-rj', 'authorChannelUrl': 'http://www.youtube.com/channel/UCKjFGmNCBdavRuect1ndGRw', 'authorChannelId': {'value': 'UCKjFGmNCBdavRuect1ndGRw'}, 'canRate': True, 'viewerRating': 'none', 'likeCount': 2, 'publishedAt': '2022-10-22T19:38:38Z', 'updatedAt': '2022-10-22T19:38:38Z'}}, 'canReply': True, 'totalReplyCount': 0, 'isPublic': True}",,UCKjFGmNCBdavRuect1ndGRw,2022-10-22T19:38:38Z,Mais um grande professor fraquíssimo. Nos poupe desses especialistas da usp.,,2023-06-08 15:04:33.003012
youtube#commentThread,s7Deaescb1RDHJOWVBGouSpI4dQ,UgzfXav3XLj16jnrUtx4AaABAg,"{'videoId': 'uuh1ydDwwrQ', 'topLevelComment': {'kind': 'youtube#comment', 'etag': 'B8WoAcIsJSfGP6iIGSF_dgrKNF4', 'id': 'UgzfXav3XLj16jnrUtx4AaABAg', 'snippet': {'videoId': 'uuh1ydDwwrQ', 'textDisplay': '<a href=""http://www.youtube.com/results?search_query=%23fechadissimo"">#Fechadissimo</a>:Com o nosso Presidente Jair Bolsonaro 👏👏👏👏👏👨\\u200d✈️👨\\u200d✈️👨\\u200d✈️👨\\u200d✈️👨\\u200d✈️👨\\u200d✈️👨\\u200d✈️👨\\u200d✈️💚🌻🌻💛🇧🇷🇧🇷🇧🇷🇧🇷🇧🇷🇧🇷22,22,22,22,22 💚🌻💛🇧🇷100%💚🌻💛🇧🇷🇧🇷🇧🇷👨\\u200d👩\\u200d👧\\u200d👦👨\\u200d👩\\u200d👧\\u200d👦👨\\u200d👩\\u200d👧\\u200d👦👨\\u200d👩\\u200d👧\\u200d👦👨\\u200d👩\\u200d👧\\u200d👦💚🌻💛🇧🇷🇧🇷PATRIOTAS 💚🌻💛🇧🇷🇧🇷🇧🇷💛🇧🇷🇧🇷🇧🇷🇧🇷🇧🇷🇧🇷🇧🇷🇧🇷🇧🇷🇧🇷', 'textOriginal': '#Fechadissimo:Com o nosso Presidente Jair Bolsonaro 👏👏👏👏👏👨\\u200d✈️👨\\u200d✈️👨\\u200d✈️👨\\u200d✈️👨\\u200d✈️👨\\u200d✈️👨\\u200d✈️👨\\u200d✈️💚🌻🌻💛🇧🇷🇧🇷🇧🇷🇧🇷🇧🇷🇧🇷22,22,22,22,22 💚🌻💛🇧🇷100%💚🌻💛🇧🇷🇧🇷🇧🇷👨\\u200d👩\\u200d👧\\u200d👦👨\\u200d👩\\u200d👧\\u200d👦👨\\u200d👩\\u200d👧\\u200d👦👨\\u200d👩\\u200d👧\\u200d👦👨\\u200d👩\\u200d👧\\u200d👦💚🌻💛🇧🇷🇧🇷PATRIOTAS 💚🌻💛🇧🇷🇧🇷🇧🇷💛🇧🇷🇧🇷🇧🇷🇧🇷🇧🇷🇧🇷🇧🇷🇧🇷🇧🇷🇧🇷', 'authorDisplayName': 'Vania Cruz', 'authorProfileImageUrl': 'https://yt3.ggpht.com/ytc/AGIKgqM3fo0suBg3NALv0OKg8bsGyO85ahnbZ8Z023zViw=s48-c-k-c0x00ffffff-no-rj', 'authorChannelUrl': 'http://www.youtube.com/channel/UCGrs_gGvO1RuhGmcE_9SjuA', 'authorChannelId': {'value': 'UCGrs_gGvO1RuhGmcE_9SjuA'}, 'canRate': True, 'viewerRating': 'none', 'likeCount': 1, 'publishedAt': '2022-10-22T19:38:37Z', 'updatedAt': '2022-10-22T19:38:37Z'}}, 'canReply': True, 'totalReplyCount': 0, 'isPublic': True}",,UCGrs_gGvO1RuhGmcE_9SjuA,2022-10-22T19:38:37Z,"#Fechadissimo:Com o nosso Presidente Jair Bolsonaro 👏👏👏👏👏👨‍✈️👨‍✈️👨‍✈️👨‍✈️👨‍✈️👨‍✈️👨‍✈️👨‍✈️💚🌻🌻💛🇧🇷🇧🇷🇧🇷🇧🇷🇧🇷🇧🇷22,22,22,22,22 💚🌻💛🇧🇷100%💚🌻💛🇧🇷🇧🇷🇧🇷👨‍👩‍👧‍👦👨‍👩‍👧‍👦👨‍👩‍👧‍👦👨‍👩‍👧‍👦👨‍👩‍👧‍👦💚🌻💛🇧🇷🇧🇷PATRIOTAS 💚🌻💛🇧🇷🇧🇷🇧🇷💛🇧🇷🇧🇷🇧🇷🇧🇷🇧🇷🇧🇷🇧🇷🇧🇷🇧🇷🇧🇷",,2023-06-08 15:04:33.003012
youtube#commentThread,vzE4ByvokTIhO-e7f3Tx4p9xK20,UgxTuj0xI3pWt4uwiGZ4AaABAg,"{'videoId': 'uuh1ydDwwrQ', 'topLevelComment': {'kind': 'youtube#comment', 'etag': 'TeirTx0wS1IV1gM-hIQvMVTncR4', 'id': 'UgxTuj0xI3pWt4uwiGZ4AaABAg', 'snippet': {'videoId': 'uuh1ydDwwrQ', 'textDisplay': 'Professorzinho totalmente comuna! * Bom, professor da Universidade da China, totalmente ideologizado... Uma imparcialidade que até dá dó!', 'textOriginal': 'Professorzinho totalmente comuna! * Bom, professor da Universidade da China, totalmente ideologizado... Uma imparcialidade que até dá dó!', 'authorDisplayName': 'Darlon Fabian Wrubleski Amaro', 'authorProfileImageUrl': 'https://yt3.ggpht.com/ytc/AGIKgqNL2xVwlZUtXRGIeQMNzpOVY7CJtlQWYbRt3A=s48-c-k-c0x00ffffff-no-rj', 'authorChannelUrl': 'http://www.youtube.com/channel/UC_yzy0DkM4WbNovZf8ET8lg', 'authorChannelId': {'value': 'UC_yzy0DkM4WbNovZf8ET8lg'}, 'canRate': True, 'viewerRating': 'none', 'likeCount': 3, 'publishedAt': '2022-10-22T19:38:18Z', 'updatedAt': '2022-10-22T19:38:18Z'}}, 'canReply': True, 'totalReplyCount': 0, 'isPublic': True}",,UC_yzy0DkM4WbNovZf8ET8lg,2022-10-22T19:38:18Z,"Professorzinho totalmente comuna! * Bom, professor da Universidade da China, totalmente ideologizado... Uma imparcialidade que até dá dó!",,2023-06-08 15:04:33.003012
youtube#commentThread,NxIcP1ireNKpylF8d8Ape4tod14,Ugyh4q4nOGuolEHwRhp4AaABAg,"{'videoId': 'uuh1ydDwwrQ', 'topLevelComment': {'kind': 'youtube#comment', 'etag': 'FbLJpCuIq2DLRwvFT7OLCwZUF-M', 'id': 'Ugyh4q4nOGuolEHwRhp4AaABAg', 'snippet': {'videoId': 'uuh1ydDwwrQ', 'textDisplay': 'Quem mando no  Brasil e Deus e o pôvo Brasileiro! Temos Liberdade e ninguém vai tirar esse direito.', 'textOriginal': 'Quem mando no  Brasil e Deus e o pôvo Brasileiro! Temos Liberdade e ninguém vai tirar esse direito.', 'authorDisplayName': 'Dinairpnna gemil Rosa', 'authorProfileImageUrl': 'https://yt3.ggpht.com/ytc/AGIKgqOPDRkTsBwt3L16HsCt-LBOeaNwAQMe_tkMKg=s48-c-k-c0x00ffffff-no-rj', 'authorChannelUrl': 'http://www.youtube.com/channel/UCXRv0djxxfIu13XSCXr6Srw', 'authorChannelId': {'value': 'UCXRv0djxxfIu13XSCXr6Srw'}, 'canRate': True, 'viewerRating': 'none', 'likeCount': 29, 'publishedAt': '2022-10-22T19:38:08Z', 'updatedAt': '2022-10-22T19:38:08Z'}}, 'canReply': True, 'totalReplyCount': 3, 'isPublic': True}","{'comments': [{'kind': 'youtube#comment', 'etag': 't8mceWUvsINGgNorv8F44UyZV7w', 'id': 'Ugyh4q4nOGuolEHwRhp4AaABAg.9hVIaLiypdv9hXafJPEcaV', 'snippet': {'videoId': 'uuh1ydDwwrQ', 'textDisplay': 'Se o nove dedos ganhar vai tirar sim.', 'textOriginal': 'Se o nove dedos ganhar vai tirar sim.', 'parentId': 'Ugyh4q4nOGuolEHwRhp4AaABAg', 'authorDisplayName': 'Allan Mathias', 'authorProfileImageUrl': 'https://yt3.ggpht.com/ytc/AGIKgqMuU_TFCgGKjRtEyFvTcbrs9a92mXpyCDmG7RlS8Q=s48-c-k-c0x00ffffff-no-rj', 'authorChannelUrl': 'http://www.youtube.com/channel/UCy--CciB8HsFXl9XGqJo8pw', 'authorChannelId': {'value': 'UCy--CciB8HsFXl9XGqJo8pw'}, 'canRate': True, 'viewerRating': 'none', 'likeCount': 1, 'publishedAt': '2022-10-23T17:03:19Z', 'updatedAt': '2022-10-23T17:03:19Z'}}, {'kind': 'youtube#comment', 'etag': '7t-Rys2wB0oCBpq4NRvExTnhpuY', 'id': 'Ugyh4q4nOGuolEHwRhp4AaABAg.9hVIaLiypdv9hViswvU-rO', 'snippet': {'videoId': 'uuh1ydDwwrQ', 'textDisplay': 'Quem manda no Brasil é o Xandão! Não é o povo!', 'textOriginal': 'Quem manda no Brasil é o Xandão! Não é o povo!', 'parentId': 'Ugyh4q4nOGuolEHwRhp4AaABAg', 'authorDisplayName': 'Wilson Santos de melo', 'authorProfileImageUrl': 'https://yt3.ggpht.com/ytc/AGIKgqOEP7lJFdro-7U5uHsXy4gIOjIl-Zq-2x5FxQ=s48-c-k-c0x00ffffff-no-rj', 'authorChannelUrl': 'http://www.youtube.com/channel/UCKfs0pxFw1HpWv76EopyKpw', 'authorChannelId': {'value': 'UCKfs0pxFw1HpWv76EopyKpw'}, 'canRate': True, 'viewerRating': 'none', 'likeCount': 2, 'publishedAt': '2022-10-22T23:36:36Z', 'updatedAt': '2022-10-22T23:36:36Z'}}, {'kind': 'youtube#comment', 'etag': 'IDtgGwjBWV4h_-rfaJGsKqBopbg', 'id': 'Ugyh4q4nOGuolEHwRhp4AaABAg.9hVIaLiypdv9hVf6r_feqY', 'snippet': {'videoId': 'uuh1ydDwwrQ', 'textDisplay': '⚠️Comentário Removido Pelo Tribunal Superior Eleitoral ⚠️', 'textOriginal': '⚠️Comentário Removido Pelo Tribunal Superior Eleitoral ⚠️', 'parentId': 'Ugyh4q4nOGuolEHwRhp4AaABAg', 'authorDisplayName': 'Lipe Boussada', 'authorProfileImageUrl': 'https://yt3.ggpht.com/JV1-zTjj_jVB1SRcOr5Fqc8WNyAUrrfpUWHhQKJgHQrE0eB2BnzLlFpT-lLzNe0kB4SHHfNZIg=s48-c-k-c0x00ffffff-no-rj', 'authorChannelUrl': 'http://www.youtube.com/channel/UClpMJBaVGLLYhkP0ndQZpTw', 'authorChannelId': {'value': 'UClpMJBaVGLLYhkP0ndQZpTw'}, 'canRate': True, 'viewerRating': 'none', 'likeCount': 2, 'publishedAt': '2022-10-22T23:03:41Z', 'updatedAt': '2022-10-22T23:03:41Z'}}]}",UCXRv0djxxfIu13XSCXr6Srw,2022-10-22T19:38:08Z,Quem mando no  Brasil e Deus e o pôvo Brasileiro! Temos Liberdade e ninguém vai tirar esse direito.,,2023-06-08 15:04:33.003012
youtube#commentThread,nRIa5RB4P5slt3PnuSXzOg56jE8,UgzBpSftLbPr_FokxFZ4AaABAg,"{'videoId': 'uuh1ydDwwrQ', 'topLevelComment': {'kind': 'youtube#comment', 'etag': 'mhtoNnRdVXnEzk7g_hYf19itts8', 'id': 'UgzBpSftLbPr_FokxFZ4AaABAg', 'snippet': {'videoId': 'uuh1ydDwwrQ', 'textDisplay': 'O Xandão decretou que  ele devia  sair do auditório.', 'textOriginal': 'O Xandão decretou que  ele devia  sair do auditório.', 'authorDisplayName': 'Carlos do Brasil', 'authorProfileImageUrl': 'https://yt3.ggpht.com/ytc/AGIKgqPHOD6yAwUoMR9C28-jIPgEP-YECjgVQM0A6WrZtA=s48-c-k-c0x00ffffff-no-rj', 'authorChannelUrl': 'http://www.youtube.com/channel/UC_pGOFe1rziSVw4RYS27j9Q', 'authorChannelId': {'value': 'UC_pGOFe1rziSVw4RYS27j9Q'}, 'canRate': True, 'viewerRating': 'none', 'likeCount': 30, 'publishedAt': '2022-10-22T19:37:48Z', 'updatedAt': '2022-10-22T19:37:48Z'}}, 'canReply': True, 'totalReplyCount': 0, 'isPublic': True}",,UC_pGOFe1rziSVw4RYS27j9Q,2022-10-22T19:37:48Z,O Xandão decretou que  ele devia  sair do auditório.,,2023-06-08 15:04:33.003012
youtube#commentThread,RwLLDO91-4kHM5zwVz6TMsxo6HA,Ugzrt2x9I5CIVEyRyPd4AaABAg,"{'videoId': 'uuh1ydDwwrQ', 'topLevelComment': {'kind': 'youtube#comment', 'etag': '0Y--X5PgPmJSGrPLsVlk5rLQ3oU', 'id': 'Ugzrt2x9I5CIVEyRyPd4AaABAg', 'snippet': {'videoId': 'uuh1ydDwwrQ', 'textDisplay': 'Não sei quem está pior,  o BIDEM, ou o chinês.', 'textOriginal': 'Não sei quem está pior,  o BIDEM, ou o chinês.', 'authorDisplayName': 'FAZOL BRASIL', 'authorProfileImageUrl': 'https://yt3.ggpht.com/ytc/AGIKgqNEnehbz8UYZ_-AfD9qfJPSHjnpwUU0As5ir0vd5eLbrPQwBcCJN8kEeJMsR-wx=s48-c-k-c0x00ffffff-no-rj', 'authorChannelUrl': 'http://www.youtube.com/channel/UCKVV8GlzahtggwwEgTAvOXA', 'authorChannelId': {'value': 'UCKVV8GlzahtggwwEgTAvOXA'}, 'canRate': True, 'viewerRating': 'none', 'likeCount': 0, 'publishedAt': '2022-10-22T19:37:44Z', 'updatedAt': '2022-10-22T19:37:44Z'}}, 'canReply': True, 'totalReplyCount': 0, 'isPublic': True}",,UCKVV8GlzahtggwwEgTAvOXA,2022-10-22T19:37:44Z,"Não sei quem está pior,  o BIDEM, ou o chinês.",,2023-06-08 15:04:33.003012
youtube#commentThread,iQMyQ7aJNKIzn4t_jEkyESpjpjo,UgwH9jrxgmH7GfU-7xF4AaABAg,"{'videoId': 'uuh1ydDwwrQ', 'topLevelComment': {'kind': 'youtube#comment', 'etag': 'iVLExvfNG_USMbDy3BLrTGab_nw', 'id': 'UgwH9jrxgmH7GfU-7xF4AaABAg', 'snippet': {'videoId': 'uuh1ydDwwrQ', 'textDisplay': 'Não estava se sentindo bem? Ih!!😱 Vai aparecer MORTO. Laudo ...Mal súbito!😐⚠️⚠️⚠️⚠️⚠️', 'textOriginal': 'Não estava se sentindo bem? Ih!!😱 Vai aparecer MORTO. Laudo ...Mal súbito!😐⚠️⚠️⚠️⚠️⚠️', 'authorDisplayName': 'Mário Luiz Carneiro', 'authorProfileImageUrl': 'https://yt3.ggpht.com/Nv6Y8f5_AD7-B1hD9LjQb9MfKLBq-ACu-OCMC_rOz1CPc1fBuzUzEbJ4mbV_KnLQ9Xe5m_Wa8A=s48-c-k-c0x00ffffff-no-rj', 'authorChannelUrl': 'http://www.youtube.com/channel/UCp0nckXSTMEMhfDVL0JtWjg', 'authorChannelId': {'value': 'UCp0nckXSTMEMhfDVL0JtWjg'}, 'canRate': True, 'viewerRating': 'none', 'likeCount': 5, 'publishedAt': '2022-10-22T19:37:41Z', 'updatedAt': '2022-10-22T19:37:41Z'}}, 'canReply': True, 'totalReplyCount': 1, 'isPublic': True}","{'comments': [{'kind': 'youtube#comment', 'etag': 'iK0KDNtsm260-r_vkxjafBm---Q', 'id': 'UgwH9jrxgmH7GfU-7xF4AaABAg.9hVIY1b0ryq9hVLHomvy1Z', 'snippet': {'videoId': 'uuh1ydDwwrQ', 'textDisplay': 'Vai ser encaminhado para o Pútin, como observador no Front ucraniano...representante  da RPDC...FOI PROMOÇÃO!!!!', 'textOriginal': 'Vai ser encaminhado para o Pútin, como observador no Front ucraniano...representante  da RPDC...FOI PROMOÇÃO!!!!', 'parentId': 'UgwH9jrxgmH7GfU-7xF4AaABAg', 'authorDisplayName': 'Tiburcio Nascimento', 'authorProfileImageUrl': 'https://yt3.ggpht.com/ytc/AGIKgqPYJ16XbloZp1nRif2q9UiINjE9b3aLcJFllVpYZmGF8L32gAvFuJ_fm0H5T6oa=s48-c-k-c0x00ffffff-no-rj', 'authorChannelUrl': 'http://www.youtube.com/channel/UCOpVT2WBtvOTmNgRgNreY3Q', 'authorChannelId': {'value': 'UCOpVT2WBtvOTmNgRgNreY3Q'}, 'canRate': True, 'viewerRating': 'none', 'likeCount': 0, 'publishedAt': '2022-10-22T20:01:41Z', 'updatedAt': '2022-10-22T20:01:41Z'}}]}",UCp0nckXSTMEMhfDVL0JtWjg,2022-10-22T19:37:41Z,Não estava se sentindo bem? Ih!!😱 Vai aparecer MORTO. Laudo ...Mal súbito!😐⚠️⚠️⚠️⚠️⚠️,,2023-06-08 15:04:33.003012
youtube#commentThread,wqyfY67EUvnNTl9d4G4WqGuZXeg,UgwRNK789YBsEkmoNgt4AaABAg,"{'videoId': 'uuh1ydDwwrQ', 'topLevelComment': {'kind': 'youtube#comment', 'etag': '_kcFFucFaKf99Ai4cZyg23HhXkA', 'id': 'UgwRNK789YBsEkmoNgt4AaABAg', 'snippet': {'videoId': 'uuh1ydDwwrQ', 'textDisplay': 'O PCC é suspeito até quando não há nada pra suspeitar.', 'textOriginal': 'O PCC é suspeito até quando não há nada pra suspeitar.', 'authorDisplayName': 'Eliézer Andolfato', 'authorProfileImageUrl': 'https://yt3.ggpht.com/ytc/AGIKgqPOS6yBkTcqmsg0p6H2d9fkr5zu4CpPfUVA9w=s48-c-k-c0x00ffffff-no-rj', 'authorChannelUrl': 'http://www.youtube.com/channel/UCflAQb6EX1_x3iw2VVH909w', 'authorChannelId': {'value': 'UCflAQb6EX1_x3iw2VVH909w'}, 'canRate': True, 'viewerRating': 'none', 'likeCount': 0, 'publishedAt': '2022-10-22T19:37:17Z', 'updatedAt': '2022-10-22T19:37:17Z'}}, 'canReply': True, 'totalReplyCount': 0, 'isPublic': True}",,UCflAQb6EX1_x3iw2VVH909w,2022-10-22T19:37:17Z,O PCC é suspeito até quando não há nada pra suspeitar.,,2023-06-08 15:04:33.003012
youtube#commentThread,JyJjhOL2BSMdmQNMQbXvPqmgkZU,Ugw1gIXtSrIf1OGl61d4AaABAg,"{'videoId': 'uuh1ydDwwrQ', 'topLevelComment': {'kind': 'youtube#comment', 'etag': 'Xe5L9MVpe_zD83ceOn-RmbmnPEk', 'id': 'Ugw1gIXtSrIf1OGl61d4AaABAg', 'snippet': {'videoId': 'uuh1ydDwwrQ', 'textDisplay': 'Foi o Xandão quem mandou retirar ela pra dar explicações😅', 'textOriginal': 'Foi o Xandão quem mandou retirar ela pra dar explicações😅', 'authorDisplayName': 'JASON GONÇALVES', 'authorProfileImageUrl': 'https://yt3.ggpht.com/ytc/AGIKgqOBhK205WVxC5blEGuydOyzgTCpDXPQRblDIcS9=s48-c-k-c0x00ffffff-no-rj', 'authorChannelUrl': 'http://www.youtube.com/channel/UCgfthHhOcQofdBWmDQnan7Q', 'authorChannelId': {'value': 'UCgfthHhOcQofdBWmDQnan7Q'}, 'canRate': True, 'viewerRating': 'none', 'likeCount': 27, 'publishedAt': '2022-10-22T19:36:38Z', 'updatedAt': '2022-10-22T19:36:50Z'}}, 'canReply': True, 'totalReplyCount': 1, 'isPublic': True}","{'comments': [{'kind': 'youtube#comment', 'etag': 'PwqarERhrP-dMdhdtSdB7R6ja4Y', 'id': 'Ugw1gIXtSrIf1OGl61d4AaABAg.9hVIQL_3Kbp9hVSrvoDLPN', 'snippet': {'videoId': 'uuh1ydDwwrQ', 'textDisplay': 'Sob pena de multa por hora kkkk', 'textOriginal': 'Sob pena de multa por hora kkkk', 'parentId': 'Ugw1gIXtSrIf1OGl61d4AaABAg', 'authorDisplayName': 'Uma foto muito massa', 'authorProfileImageUrl': 'https://yt3.ggpht.com/KVGc_fyFmKgfhDA4a6BpWcXAzaMPHZc7MmZucAIqCwwpvDVFLjdKRMTg21T1GIUP9s_r1UZucRc=s48-c-k-c0x00ffffff-no-rj', 'authorChannelUrl': 'http://www.youtube.com/channel/UC8p1OZH0Y6bs-juAU4v9ncQ', 'authorChannelId': {'value': 'UC8p1OZH0Y6bs-juAU4v9ncQ'}, 'canRate': True, 'viewerRating': 'none', 'likeCount': 1, 'publishedAt': '2022-10-22T21:07:55Z', 'updatedAt': '2022-10-22T21:07:55Z'}}]}",UCgfthHhOcQofdBWmDQnan7Q,2022-10-22T19:36:38Z,Foi o Xandão quem mandou retirar ela pra dar explicações😅,,2023-06-08 15:04:33.003012
youtube#commentThread,kIm9UJ7J9lhyEi3YxwwqAEEwI3o,UgyXEBgu1uQ8YQknNIZ4AaABAg,"{'videoId': 'uuh1ydDwwrQ', 'topLevelComment': {'kind': 'youtube#comment', 'etag': '3kAhqJiPgXe6J8ql7AubVQ7Q0Hs', 'id': 'UgyXEBgu1uQ8YQknNIZ4AaABAg', 'snippet': {'videoId': 'uuh1ydDwwrQ', 'textDisplay': 'Quando levaram ele a força,  ele susurou no ouvido do chefão , por favor não me mate!!', 'textOriginal': 'Quando levaram ele a força,  ele susurou no ouvido do chefão , por favor não me mate!!', 'authorDisplayName': 'Janaise Soares', 'authorProfileImageUrl': 'https://yt3.ggpht.com/ytc/AGIKgqOoq7lAQILwYCZSWDgDzkSm9Y52yB81vLujSNxc=s48-c-k-c0x00ffffff-no-rj', 'authorChannelUrl': 'http://www.youtube.com/channel/UC99rmpaWtMLxCbpCAA1sZPw', 'authorChannelId': {'value': 'UC99rmpaWtMLxCbpCAA1sZPw'}, 'canRate': True, 'viewerRating': 'none', 'likeCount': 29, 'publishedAt': '2022-10-22T19:36:22Z', 'updatedAt': '2022-10-22T19:36:22Z'}}, 'canReply': True, 'totalReplyCount': 8, 'isPublic': True}","{'comments': [{'kind': 'youtube#comment', 'etag': 'GEuQa5_ks6eSGsmJ3-TYRQosLZc', 'id': 'UgyXEBgu1uQ8YQknNIZ4AaABAg.9hVIOMgc3iD9hYeJWwadKz', 'snippet': {'videoId': 'uuh1ydDwwrQ', 'textDisplay': '@Marcos Vinicius Pereira Nunes kkkkkkkkkkkkkkkkkkk.O chinês tem consciência social.......😂', 'textOriginal': '@Marcos Vinicius Pereira Nunes kkkkkkkkkkkkkkkkkkk.O chinês tem consciência social.......😂', 'parentId': 'UgyXEBgu1uQ8YQknNIZ4AaABAg', 'authorDisplayName': 'Maicon França de Souza', 'authorProfileImageUrl': 'https://yt3.ggpht.com/ytc/AGIKgqOhdoIeScxNL6qqLNlsKMGpHJSlkG0Z42CW=s48-c-k-c0x00ffffff-no-rj', 'authorChannelUrl': 'http://www.youtube.com/channel/UC1k4nzvALFdJxQYy72kOQkQ', 'authorChannelId': {'value': 'UC1k4nzvALFdJxQYy72kOQkQ'}, 'canRate': True, 'viewerRating': 'none', 'likeCount': 1, 'publishedAt': '2022-10-24T02:54:24Z', 'updatedAt': '2022-10-24T02:54:24Z'}}, {'kind': 'youtube#comment', 'etag': 'XHTAckFQLfJ6BpNqRn4JeA6sYMg', 'id': 'UgyXEBgu1uQ8YQknNIZ4AaABAg.9hVIOMgc3iD9hX8h1X9yn0', 'snippet': {'videoId': 'uuh1ydDwwrQ', 'textDisplay': 'Kkkk pensei a mesma coisa.<br>Na verdade ninguém sabe o que ocorreu por lá. Existem muitas teorias. Uma delas diz que o partido comunista chinês é dividido. A ala PCC do presidente Xi Jinping é uma e a do PCC ligada ao partido demôniocrata americano é outra. <br>Enfim, existiria uma ala do PCC  ligada aos globalistas e outra nacionalista ligada ao presidente Xi Jinping.<br>Mas é tudo especulação.', 'textOriginal': 'Kkkk pensei a mesma coisa.\\nNa verdade ninguém sabe o que ocorreu por lá. Existem muitas teorias. Uma delas diz que o partido comunista chinês é dividido. A ala PCC do presidente Xi Jinping é uma e a do PCC ligada ao partido demôniocrata americano é outra. \\nEnfim, existiria uma ala do PCC  ligada aos globalistas e outra nacionalista ligada ao presidente Xi Jinping.\\nMas é tudo especulação.', 'parentId': 'UgyXEBgu1uQ8YQknNIZ4AaABAg', 'authorDisplayName': 'José Luiz', 'authorProfileImageUrl': 'https://yt3.ggpht.com/ytc/AGIKgqOcv755Zfctj9-of0rp1ysbf28wZSE83Ik9qttrwUk=s48-c-k-c0x00ffffff-no-rj', 'authorChannelUrl': 'http://www.youtube.com/channel/UCFefF82IuhAh_YpZvjsOyug', 'authorChannelId': {'value': 'UCFefF82IuhAh_YpZvjsOyug'}, 'canRate': True, 'viewerRating': 'none', 'likeCount': 0, 'publishedAt': '2022-10-23T12:50:09Z', 'updatedAt': '2022-10-23T12:50:09Z'}}, {'kind': 'youtube#comment', 'etag': 'Tw44M6R_4GLK7-KHXSm73Lswo5E', 'id': 'UgyXEBgu1uQ8YQknNIZ4AaABAg.9hVIOMgc3iD9hWK_s9fJ01', 'snippet': {'videoId': 'uuh1ydDwwrQ', 'textDisplay': '“Na cara não p não estragar o velório”', 'textOriginal': '“Na cara não p não estragar o velório”', 'parentId': 'UgyXEBgu1uQ8YQknNIZ4AaABAg', 'authorDisplayName': 'Marcos Vinicius Pereira Nunes', 'authorProfileImageUrl': 'https://yt3.ggpht.com/ytc/AGIKgqNwHoLaYtbTSkmI9J-sh4U5dPQkQmIEhb5Tiw=s48-c-k-c0x00ffffff-no-rj', 'authorChannelUrl': 'http://www.youtube.com/channel/UCflqUWsGgx5XT8Agk0VPyVQ', 'authorChannelId': {'value': 'UCflqUWsGgx5XT8Agk0VPyVQ'}, 'canRate': True, 'viewerRating': 'none', 'likeCount': 2, 'publishedAt': '2022-10-23T05:14:47Z', 'updatedAt': '2022-10-23T05:14:47Z'}}, {'kind': 'youtube#comment', 'etag': 'hU_PYjE06pjrx6jrF1qmNtXc2LM', 'id': 'UgyXEBgu1uQ8YQknNIZ4AaABAg.9hVIOMgc3iD9hWKPzW5vgm', 'snippet': {'videoId': 'uuh1ydDwwrQ', 'textDisplay': '“Diga a minha esposa que a amo”', 'textOriginal': '“Diga a minha esposa que a amo”', 'parentId': 'UgyXEBgu1uQ8YQknNIZ4AaABAg', 'authorDisplayName': 'Marcos Vinicius Pereira Nunes', 'authorProfileImageUrl': 'https://yt3.ggpht.com/ytc/AGIKgqNwHoLaYtbTSkmI9J-sh4U5dPQkQmIEhb5Tiw=s48-c-k-c0x00ffffff-no-rj', 'authorChannelUrl': 'http://www.youtube.com/channel/UCflqUWsGgx5XT8Agk0VPyVQ', 'authorChannelId': {'value': 'UCflqUWsGgx5XT8Agk0VPyVQ'}, 'canRate': True, 'viewerRating': 'none', 'likeCount': 0, 'publishedAt': '2022-10-23T05:13:18Z', 'updatedAt': '2022-10-23T05:13:18Z'}}, {'kind': 'youtube#comment', 'etag': 'kvfmQlmViu_90WdYF3Pskoa6rv8', 'id': 'UgyXEBgu1uQ8YQknNIZ4AaABAg.9hVIOMgc3iD9hVXO8_WZDA', 'snippet': {'videoId': 'uuh1ydDwwrQ', 'textDisplay': 'Cuida da minha cabritinha , camarada .', 'textOriginal': 'Cuida da minha cabritinha , camarada .', 'parentId': 'UgyXEBgu1uQ8YQknNIZ4AaABAg', 'authorDisplayName': 'jason batista', 'authorProfileImageUrl': 'https://yt3.ggpht.com/ytc/AGIKgqPqS6bX0ugugn5MVJvQlHP3D-8wLJEhegCaJQ=s48-c-k-c0x00ffffff-no-rj', 'authorChannelUrl': 'http://www.youtube.com/channel/UC4ak73PIHqsHKI40LvvR7Tg', 'authorChannelId': {'value': 'UC4ak73PIHqsHKI40LvvR7Tg'}, 'canRate': True, 'viewerRating': 'none', 'likeCount': 1, 'publishedAt': '2022-10-22T21:47:24Z', 'updatedAt': '2022-10-22T21:47:24Z'}}]}",UC99rmpaWtMLxCbpCAA1sZPw,2022-10-22T19:36:22Z,"Quando levaram ele a força,  ele susurou no ouvido do chefão , por favor não me mate!!",,2023-06-08 15:04:33.003012
youtube#commentThread,9HSbz18ZizmhT_ZBKnN8zN7fZco,UgxdeuhRls9BBxsqOhF4AaABAg,"{'videoId': 'uuh1ydDwwrQ', 'topLevelComment': {'kind': 'youtube#comment', 'etag': 'arIJSIbD9RjxMYaxrVP_V7Jv37g', 'id': 'UgxdeuhRls9BBxsqOhF4AaABAg', 'snippet': {'videoId': 'uuh1ydDwwrQ', 'textDisplay': 'Arrancado por dois seguranças….e queria um sorriso?', 'textOriginal': 'Arrancado por dois seguranças….e queria um sorriso?', 'authorDisplayName': 'Jorge B.', 'authorProfileImageUrl': 'https://yt3.ggpht.com/ytc/AGIKgqMApj1GsvxSLClY3Cy9c6DD8mVh6ae2F8p8OKMWBc6AKNy3Jqftki-MSRzhw1mn=s48-c-k-c0x00ffffff-no-rj', 'authorChannelUrl': 'http://www.youtube.com/channel/UCUHNaFAVhBrtfogBfM0kYow', 'authorChannelId': {'value': 'UCUHNaFAVhBrtfogBfM0kYow'}, 'canRate': True, 'viewerRating': 'none', 'likeCount': 9, 'publishedAt': '2022-10-22T19:36:16Z', 'updatedAt': '2022-10-22T19:36:16Z'}}, 'canReply': True, 'totalReplyCount': 0, 'isPublic': True}",,UCUHNaFAVhBrtfogBfM0kYow,2022-10-22T19:36:16Z,Arrancado por dois seguranças….e queria um sorriso?,,2023-06-08 15:04:33.003012
youtube#commentThread,NYe8xP0ZYxmIcRiZeWUi58oWoV8,Ugxk5KKCdAH7GY832sp4AaABAg,"{'videoId': 'uuh1ydDwwrQ', 'topLevelComment': {'kind': 'youtube#comment', 'etag': 'lsHoN8_-hZLwH_DS1PZk6oPrN3M', 'id': 'Ugxk5KKCdAH7GY832sp4AaABAg', 'snippet': {'videoId': 'uuh1ydDwwrQ', 'textDisplay': 'Quen ama o brasil 🇧🇷 vota por Bolsonaro ❤❤❤❤❤', 'textOriginal': 'Quen ama o brasil 🇧🇷 vota por Bolsonaro ❤❤❤❤❤', 'authorDisplayName': 'Roberto Abolnik', 'authorProfileImageUrl': 'https://yt3.ggpht.com/ytc/AGIKgqOZc21dKLuLIYIb-AuyhuT14hY4UjNLCaRwfw=s48-c-k-c0x00ffffff-no-rj', 'authorChannelUrl': 'http://www.youtube.com/channel/UC_4jvNNhMI-9OVCGJ_4FUVw', 'authorChannelId': {'value': 'UC_4jvNNhMI-9OVCGJ_4FUVw'}, 'canRate': True, 'viewerRating': 'none', 'likeCount': 0, 'publishedAt': '2022-10-22T19:36:10Z', 'updatedAt': '2022-10-22T19:36:10Z'}}, 'canReply': True, 'totalReplyCount': 0, 'isPublic': True}",,UC_4jvNNhMI-9OVCGJ_4FUVw,2022-10-22T19:36:10Z,Quen ama o brasil 🇧🇷 vota por Bolsonaro ❤❤❤❤❤,,2023-06-08 15:04:33.003012
youtube#commentThread,mo0xhloYDZpoMBVI0jLzcsmv1T4,UgwjkeIShaXXXYBf2d94AaABAg,"{'videoId': 'uuh1ydDwwrQ', 'topLevelComment': {'kind': 'youtube#comment', 'etag': 'FDivK1qwATgb33Prva0ESzHxTeo', 'id': 'UgwjkeIShaXXXYBf2d94AaABAg', 'snippet': {'videoId': 'uuh1ydDwwrQ', 'textDisplay': 'Da forma que ele foi retirado, me parece ter sido à força. O ji-ping já está há 10 anos e só há um partido na China.  Como pode ser considerada uma república democrática??', 'textOriginal': 'Da forma que ele foi retirado, me parece ter sido à força. O ji-ping já está há 10 anos e só há um partido na China.  Como pode ser considerada uma república democrática??', 'authorDisplayName': 'Jazimara Stabili', 'authorProfileImageUrl': 'https://yt3.ggpht.com/ytc/AGIKgqM6HiSEtr39KhRTM3jmHcBhSGf9nEsJh5NZZkjcig0=s48-c-k-c0x00ffffff-no-rj', 'authorChannelUrl': 'http://www.youtube.com/channel/UC_NJMHnFgfUrRz70kCahJKw', 'authorChannelId': {'value': 'UC_NJMHnFgfUrRz70kCahJKw'}, 'canRate': True, 'viewerRating': 'none', 'likeCount': 1, 'publishedAt': '2022-10-22T19:35:58Z', 'updatedAt': '2022-10-22T19:35:58Z'}}, 'canReply': True, 'totalReplyCount': 0, 'isPublic': True}",,UC_NJMHnFgfUrRz70kCahJKw,2022-10-22T19:35:58Z,"Da forma que ele foi retirado, me parece ter sido à força. O ji-ping já está há 10 anos e só há um partido na China.  Como pode ser considerada uma república democrática??",,2023-06-08 15:04:33.003012
youtube#commentThread,LHBMlR7_UF9Nyw7_7WzPLc5XBTE,UgzEflrz0xUjlOWJQ_14AaABAg,"{'videoId': 'uuh1ydDwwrQ', 'topLevelComment': {'kind': 'youtube#comment', 'etag': 'K1PTEZIVmHznS43jwrbBPkY5Tps', 'id': 'UgzEflrz0xUjlOWJQ_14AaABAg', 'snippet': {'videoId': 'uuh1ydDwwrQ', 'textDisplay': '&quot;república popular democrática da china&quot;', 'textOriginal': '""república popular democrática da china""', 'authorDisplayName': 'JASON GONÇALVES', 'authorProfileImageUrl': 'https://yt3.ggpht.com/ytc/AGIKgqOBhK205WVxC5blEGuydOyzgTCpDXPQRblDIcS9=s48-c-k-c0x00ffffff-no-rj', 'authorChannelUrl': 'http://www.youtube.com/channel/UCgfthHhOcQofdBWmDQnan7Q', 'authorChannelId': {'value': 'UCgfthHhOcQofdBWmDQnan7Q'}, 'canRate': True, 'viewerRating': 'none', 'likeCount': 6, 'publishedAt': '2022-10-22T19:34:55Z', 'updatedAt': '2022-10-22T19:34:55Z'}}, 'canReply': True, 'totalReplyCount': 0, 'isPublic': True}",,UCgfthHhOcQofdBWmDQnan7Q,2022-10-22T19:34:55Z,"""república popular democrática da china""",,2023-06-08 15:04:33.003012
youtube#commentThread,CcwOOPb2gZ6u9n8by4s4_0uNw10,Ugxgo9WQBKiTaukZ3A14AaABAg,"{'videoId': 'uuh1ydDwwrQ', 'topLevelComment': {'kind': 'youtube#comment', 'etag': 'wDJ65IXhHmb3-nx1qs5k9-GBgFk', 'id': 'Ugxgo9WQBKiTaukZ3A14AaABAg', 'snippet': {'videoId': 'uuh1ydDwwrQ', 'textDisplay': 'Já era!', 'textOriginal': 'Já era!', 'authorDisplayName': 'Tania Braz', 'authorProfileImageUrl': 'https://yt3.ggpht.com/ytc/AGIKgqMihvJIJp29RmmeY_XxMOWsXpTVucs5Z2ISgQ=s48-c-k-c0x00ffffff-no-rj', 'authorChannelUrl': 'http://www.youtube.com/channel/UCG-gR-wfvbst1s_QqbcAcVQ', 'authorChannelId': {'value': 'UCG-gR-wfvbst1s_QqbcAcVQ'}, 'canRate': True, 'viewerRating': 'none', 'likeCount': 0, 'publishedAt': '2022-10-22T19:34:50Z', 'updatedAt': '2022-10-22T19:34:50Z'}}, 'canReply': True, 'totalReplyCount': 0, 'isPublic': True}",,UCG-gR-wfvbst1s_QqbcAcVQ,2022-10-22T19:34:50Z,Já era!,,2023-06-08 15:04:33.003012
youtube#commentThread,QFt-JRVdZMW9j1JvoufQvjRUMDc,UgyAbsChQFfE9H-zBxF4AaABAg,"{'videoId': 'uuh1ydDwwrQ', 'topLevelComment': {'kind': 'youtube#comment', 'etag': '-4k6sMV0J96caBTCj5tJZAyQGFI', 'id': 'UgyAbsChQFfE9H-zBxF4AaABAg', 'snippet': {'videoId': 'uuh1ydDwwrQ', 'textDisplay': 'Comeu uma feijoada...', 'textOriginal': 'Comeu uma feijoada...', 'authorDisplayName': 'Celita Batista', 'authorProfileImageUrl': 'https://yt3.ggpht.com/ytc/AGIKgqP0Gp0Y6nWJgsUV8V6LaOgsDDGwgoREmUrVAg=s48-c-k-c0x00ffffff-no-rj', 'authorChannelUrl': 'http://www.youtube.com/channel/UCyTziWv3WSrlWzH2TVqo8SQ', 'authorChannelId': {'value': 'UCyTziWv3WSrlWzH2TVqo8SQ'}, 'canRate': True, 'viewerRating': 'none', 'likeCount': 0, 'publishedAt': '2022-10-22T19:34:41Z', 'updatedAt': '2022-10-22T19:34:41Z'}}, 'canReply': True, 'totalReplyCount': 0, 'isPublic': True}",,UCyTziWv3WSrlWzH2TVqo8SQ,2022-10-22T19:34:41Z,Comeu uma feijoada...,,2023-06-08 15:04:33.003012
youtube#commentThread,MnUFMvTGB74W3V9yNmZNQ9pYIx8,UgwgWLMueBw5CVB54W94AaABAg,"{'videoId': 'uuh1ydDwwrQ', 'topLevelComment': {'kind': 'youtube#comment', 'etag': 'c6YD_m9LOXozqghxXyrfweIP7Qs', 'id': 'UgwgWLMueBw5CVB54W94AaABAg', 'snippet': {'videoId': 'uuh1ydDwwrQ', 'textDisplay': 'VAI SER ASSIM,  POR AQUI NO GOVERNO DE ESQUERDA, NAO ESQUEÇA QUE LULA JA ELOGIOU COMO O &quot;GOVERNO FORTE &quot;... E A CENSURA?', 'textOriginal': 'VAI SER ASSIM,  POR AQUI NO GOVERNO DE ESQUERDA, NAO ESQUEÇA QUE LULA JA ELOGIOU COMO O ""GOVERNO FORTE ""... E A CENSURA?', 'authorDisplayName': 'Marcos Oliveira', 'authorProfileImageUrl': 'https://yt3.ggpht.com/ytc/AGIKgqO15PhHd6HdWgkNkWVJQTj8S5iBzl7AxO-Cmg=s48-c-k-c0x00ffffff-no-rj', 'authorChannelUrl': 'http://www.youtube.com/channel/UCuZ4GlLekoBdabWtinj30Qg', 'authorChannelId': {'value': 'UCuZ4GlLekoBdabWtinj30Qg'}, 'canRate': True, 'viewerRating': 'none', 'likeCount': 2, 'publishedAt': '2022-10-22T19:34:36Z', 'updatedAt': '2022-10-22T19:34:36Z'}}, 'canReply': True, 'totalReplyCount': 0, 'isPublic': True}",,UCuZ4GlLekoBdabWtinj30Qg,2022-10-22T19:34:36Z,"VAI SER ASSIM,  POR AQUI NO GOVERNO DE ESQUERDA, NAO ESQUEÇA QUE LULA JA ELOGIOU COMO O ""GOVERNO FORTE ""... E A CENSURA?",,2023-06-08 15:04:33.003012
youtube#commentThread,gKuH_737z7tOuiC7utHd6-DOOE0,UgyZ4-FhkCIZMntfIfx4AaABAg,"{'videoId': 'uuh1ydDwwrQ', 'topLevelComment': {'kind': 'youtube#comment', 'etag': 'ZSN4cdN3-7QrMihFduO7jKay6fI', 'id': 'UgyZ4-FhkCIZMntfIfx4AaABAg', 'snippet': {'videoId': 'uuh1ydDwwrQ', 'textDisplay': 'Ele foi retirado porque disse que não concorda com a censura que o STE faz com a JOVEM PAN.', 'textOriginal': 'Ele foi retirado porque disse que não concorda com a censura que o STE faz com a JOVEM PAN.', 'authorDisplayName': 'Jotinha Lindo', 'authorProfileImageUrl': 'https://yt3.ggpht.com/ytc/AGIKgqMzsdfJXHr5rWPnl4Zy8UrVwTHcx5slk2dMyPFB8w=s48-c-k-c0x00ffffff-no-rj', 'authorChannelUrl': 'http://www.youtube.com/channel/UCpbChKbgz1TjrHuHIKq74OQ', 'authorChannelId': {'value': 'UCpbChKbgz1TjrHuHIKq74OQ'}, 'canRate': True, 'viewerRating': 'none', 'likeCount': 90, 'publishedAt': '2022-10-22T19:34:27Z', 'updatedAt': '2022-10-22T19:35:42Z'}}, 'canReply': True, 'totalReplyCount': 6, 'isPublic': True}","{'comments': [{'kind': 'youtube#comment', 'etag': '1CqncddQy59XGqA7633KIZ9vJ6I', 'id': 'UgyZ4-FhkCIZMntfIfx4AaABAg.9hVIAM-DHHE9hVO6vOFM-H', 'snippet': {'videoId': 'uuh1ydDwwrQ', 'textDisplay': 'Kkkkkkkkkkkkkkkk', 'textOriginal': 'Kkkkkkkkkkkkkkkk', 'parentId': 'UgyZ4-FhkCIZMntfIfx4AaABAg', 'authorDisplayName': 'leo', 'authorProfileImageUrl': 'https://yt3.ggpht.com/ytc/AGIKgqMs1pUajR4R2K1B4MT-xFsofMDntCPxB9oG9utl9g=s48-c-k-c0x00ffffff-no-rj', 'authorChannelUrl': 'http://www.youtube.com/channel/UC4xetQwm1-_c8p8iPXDrYng', 'authorChannelId': {'value': 'UC4xetQwm1-_c8p8iPXDrYng'}, 'canRate': True, 'viewerRating': 'none', 'likeCount': 0, 'publishedAt': '2022-10-22T20:26:24Z', 'updatedAt': '2022-10-22T20:26:24Z'}}, {'kind': 'youtube#comment', 'etag': 'e8gYna4ZVmEICHJQ2eHfH3I9wno', 'id': 'UgyZ4-FhkCIZMntfIfx4AaABAg.9hVIAM-DHHE9hVKccb8dM2', 'snippet': {'videoId': 'uuh1ydDwwrQ', 'textDisplay': '@Eder de Andrade` Depois que batemos o record mundial de assistência...já estão seguindo nossa cartilha...Já somos seus líderes...Português no currículum escolar..', 'textOriginal': '@Eder de Andrade` Depois que batemos o record mundial de assistência...já estão seguindo nossa cartilha...Já somos seus líderes...Português no currículum escolar..', 'parentId': 'UgyZ4-FhkCIZMntfIfx4AaABAg', 'authorDisplayName': 'Tiburcio Nascimento', 'authorProfileImageUrl': 'https://yt3.ggpht.com/ytc/AGIKgqPYJ16XbloZp1nRif2q9UiINjE9b3aLcJFllVpYZmGF8L32gAvFuJ_fm0H5T6oa=s48-c-k-c0x00ffffff-no-rj', 'authorChannelUrl': 'http://www.youtube.com/channel/UCOpVT2WBtvOTmNgRgNreY3Q', 'authorChannelId': {'value': 'UCOpVT2WBtvOTmNgRgNreY3Q'}, 'canRate': True, 'viewerRating': 'none', 'likeCount': 3, 'publishedAt': '2022-10-22T19:55:55Z', 'updatedAt': '2022-10-22T19:55:55Z'}}, {'kind': 'youtube#comment', 'etag': 'hWZJyMsFQeeqck9k172KRXEVBJw', 'id': 'UgyZ4-FhkCIZMntfIfx4AaABAg.9hVIAM-DHHE9hVKLM48pKh', 'snippet': {'videoId': 'uuh1ydDwwrQ', 'textDisplay': 'Melhor comentário kkkkkkkkkkkkkkkkkkkkk', 'textOriginal': 'Melhor comentário kkkkkkkkkkkkkkkkkkkkk', 'parentId': 'UgyZ4-FhkCIZMntfIfx4AaABAg', 'authorDisplayName': 'Cavaleiro Verde', 'authorProfileImageUrl': 'https://yt3.ggpht.com/_i4OL46ATkoK3WrTtMEWFD9U_SPsmM4oHNYIp4jKqiYTh78QG1Gr_JbE4uPwV8CKlc2a6GKA=s48-c-k-c0x00ffffff-no-rj', 'authorChannelUrl': 'http://www.youtube.com/channel/UCWGmrDlG3217W30XQxnbt6Q', 'authorChannelId': {'value': 'UCWGmrDlG3217W30XQxnbt6Q'}, 'canRate': True, 'viewerRating': 'none', 'likeCount': 2, 'publishedAt': '2022-10-22T19:53:26Z', 'updatedAt': '2022-10-22T19:53:26Z'}}, {'kind': 'youtube#comment', 'etag': '1uQ_cMXzzZfkfC_g7_i92boDVVo', 'id': 'UgyZ4-FhkCIZMntfIfx4AaABAg.9hVIAM-DHHE9hVK5Lqvr3j', 'snippet': {'videoId': 'uuh1ydDwwrQ', 'textDisplay': 'Kkkkkkk', 'textOriginal': 'Kkkkkkk', 'parentId': 'UgyZ4-FhkCIZMntfIfx4AaABAg', 'authorDisplayName': 'Maria Regina gigi', 'authorProfileImageUrl': 'https://yt3.ggpht.com/ytc/AGIKgqMLx4NkuWQ0ZSNMjx6f2_nWSnHLq2x6k1q8kQ=s48-c-k-c0x00ffffff-no-rj', 'authorChannelUrl': 'http://www.youtube.com/channel/UC9q4AsGuGo3Ki2Giqku1l6Q', 'authorChannelId': {'value': 'UC9q4AsGuGo3Ki2Giqku1l6Q'}, 'canRate': True, 'viewerRating': 'none', 'likeCount': 2, 'publishedAt': '2022-10-22T19:51:14Z', 'updatedAt': '2022-10-22T19:51:14Z'}}, {'kind': 'youtube#comment', 'etag': 'lF8yR_vCJ2oIyuVfEfqrZTpAjG4', 'id': 'UgyZ4-FhkCIZMntfIfx4AaABAg.9hVIAM-DHHE9hVJ9MH9xA9', 'snippet': {'videoId': 'uuh1ydDwwrQ', 'textDisplay': '🤣🤣🤣', 'textOriginal': '🤣🤣🤣', 'parentId': 'UgyZ4-FhkCIZMntfIfx4AaABAg', 'authorDisplayName': 'Audenise Diniz', 'authorProfileImageUrl': 'https://yt3.ggpht.com/ytc/AGIKgqP-dYThcseGvUeMTGMPK30gzItqPc8ggH-Zsw=s48-c-k-c0x00ffffff-no-rj', 'authorChannelUrl': 'http://www.youtube.com/channel/UCTipaajDc_N_7Cbf-2_haMA', 'authorChannelId': {'value': 'UCTipaajDc_N_7Cbf-2_haMA'}, 'canRate': True, 'viewerRating': 'none', 'likeCount': 2, 'publishedAt': '2022-10-22T19:43:03Z', 'updatedAt': '2022-10-22T19:43:03Z'}}]}",UCpbChKbgz1TjrHuHIKq74OQ,2022-10-22T19:34:27Z,Ele foi retirado porque disse que não concorda com a censura que o STE faz com a JOVEM PAN.,,2023-06-08 15:04:33.003012
youtube#commentThread,x3yYUmY9wSV4E9LO7LuOTQZ6oA8,Ugxi0X5nd8avkDG9Imp4AaABAg,"{'videoId': 'uuh1ydDwwrQ', 'topLevelComment': {'kind': 'youtube#comment', 'etag': 'uekhH_CzijizJMVtwWt8QThoTO0', 'id': 'Ugxi0X5nd8avkDG9Imp4AaABAg', 'snippet': {'videoId': 'uuh1ydDwwrQ', 'textDisplay': 'Xi Jinping não quer dividir o poder.', 'textOriginal': 'Xi Jinping não quer dividir o poder.', 'authorDisplayName': 'Juarez Maracaípe', 'authorProfileImageUrl': 'https://yt3.ggpht.com/ytc/AGIKgqPPZ-Mgi_JhvIpL1uk4ChOBNeH1crUoYax8CCwy=s48-c-k-c0x00ffffff-no-rj', 'authorChannelUrl': 'http://www.youtube.com/channel/UCAxCf6TuMunsUgV3k2IbiUw', 'authorChannelId': {'value': 'UCAxCf6TuMunsUgV3k2IbiUw'}, 'canRate': True, 'viewerRating': 'none', 'likeCount': 0, 'publishedAt': '2022-10-22T19:34:09Z', 'updatedAt': '2022-10-22T19:34:21Z'}}, 'canReply': True, 'totalReplyCount': 0, 'isPublic': True}",,UCAxCf6TuMunsUgV3k2IbiUw,2022-10-22T19:34:09Z,Xi Jinping não quer dividir o poder.,,2023-06-08 15:04:33.003012
youtube#commentThread,OJ9W3hbEnUMbXVUSFgDxPDRDyXE,Ugzvdy9TGJ6ZiY9DoEh4AaABAg,"{'videoId': 'uuh1ydDwwrQ', 'topLevelComment': {'kind': 'youtube#comment', 'etag': 'k3pNmSH1clFKc47mYsgKlIIpJHI', 'id': 'Ugzvdy9TGJ6ZiY9DoEh4AaABAg', 'snippet': {'videoId': 'uuh1ydDwwrQ', 'textDisplay': 'Sei....ahã!', 'textOriginal': 'Sei....ahã!', 'authorDisplayName': 'Ildara de Azevedo Vaz', 'authorProfileImageUrl': 'https://yt3.ggpht.com/ytc/AGIKgqMUXKUCesbiWNwadbxqnZG7bN-YXYUDWl91vesOeA=s48-c-k-c0x00ffffff-no-rj', 'authorChannelUrl': 'http://www.youtube.com/channel/UCafjkywDoOHRYHJTEkXsnwA', 'authorChannelId': {'value': 'UCafjkywDoOHRYHJTEkXsnwA'}, 'canRate': True, 'viewerRating': 'none', 'likeCount': 0, 'publishedAt': '2022-10-22T19:33:38Z', 'updatedAt': '2022-10-22T19:33:38Z'}}, 'canReply': True, 'totalReplyCount': 0, 'isPublic': True}",,UCafjkywDoOHRYHJTEkXsnwA,2022-10-22T19:33:38Z,Sei....ahã!,,2023-06-08 15:04:33.003012
youtube#commentThread,wBpu8ZewPnt-vGztH0pdKaxy6fU,UgwMDqgBqnb610jL7Mp4AaABAg,"{'videoId': 'uuh1ydDwwrQ', 'topLevelComment': {'kind': 'youtube#comment', 'etag': 'XFI0onZHpUb7KIRtMi7Pg5ySNS0', 'id': 'UgwMDqgBqnb610jL7Mp4AaABAg', 'snippet': {'videoId': 'uuh1ydDwwrQ', 'textDisplay': 'Quem tem, tem medo, não é analista de bos**.', 'textOriginal': 'Quem tem, tem medo, não é analista de bos**.', 'authorDisplayName': 'Juarez Maracaípe', 'authorProfileImageUrl': 'https://yt3.ggpht.com/ytc/AGIKgqPPZ-Mgi_JhvIpL1uk4ChOBNeH1crUoYax8CCwy=s48-c-k-c0x00ffffff-no-rj', 'authorChannelUrl': 'http://www.youtube.com/channel/UCAxCf6TuMunsUgV3k2IbiUw', 'authorChannelId': {'value': 'UCAxCf6TuMunsUgV3k2IbiUw'}, 'canRate': True, 'viewerRating': 'none', 'likeCount': 1, 'publishedAt': '2022-10-22T19:33:12Z', 'updatedAt': '2022-10-22T19:33:12Z'}}, 'canReply': True, 'totalReplyCount': 0, 'isPublic': True}",,UCAxCf6TuMunsUgV3k2IbiUw,2022-10-22T19:33:12Z,"Quem tem, tem medo, não é analista de bos**.",,2023-06-08 15:04:33.003012
youtube#commentThread,yZCswSUbX32vyijcnAIp-RugITA,UgzJghS_cV5Hd3jxmKR4AaABAg,"{'videoId': 'uuh1ydDwwrQ', 'topLevelComment': {'kind': 'youtube#comment', 'etag': 'IL9wDl9wNhV9kf2uJBUfNZsjp08', 'id': 'UgzJghS_cV5Hd3jxmKR4AaABAg', 'snippet': {'videoId': 'uuh1ydDwwrQ', 'textDisplay': 'Não sei pq a jovem Pan entrevista um cara tão pró China como esse. Ele não é entendor da China ele é defensor mesmo.', 'textOriginal': 'Não sei pq a jovem Pan entrevista um cara tão pró China como esse. Ele não é entendor da China ele é defensor mesmo.', 'authorDisplayName': 'Luiz Bomfim', 'authorProfileImageUrl': 'https://yt3.ggpht.com/ytc/AGIKgqOeXye-EgQ8hSWG4wg94V-nxEMDKOZUgS_2uP33ww=s48-c-k-c0x00ffffff-no-rj', 'authorChannelUrl': 'http://www.youtube.com/channel/UCBsydpCXh9V9kMuHxVoVhZQ', 'authorChannelId': {'value': 'UCBsydpCXh9V9kMuHxVoVhZQ'}, 'canRate': True, 'viewerRating': 'none', 'likeCount': 0, 'publishedAt': '2022-10-22T19:33:07Z', 'updatedAt': '2022-10-22T19:33:23Z'}}, 'canReply': True, 'totalReplyCount': 0, 'isPublic': True}",,UCBsydpCXh9V9kMuHxVoVhZQ,2022-10-22T19:33:07Z,Não sei pq a jovem Pan entrevista um cara tão pró China como esse. Ele não é entendor da China ele é defensor mesmo.,,2023-06-08 15:04:33.003012
youtube#commentThread,w8MjkUIFHwS_RGCUysBuW4FAogM,UgypXFPD_oKKFw1Cnlx4AaABAg,"{'videoId': 'uuh1ydDwwrQ', 'topLevelComment': {'kind': 'youtube#comment', 'etag': 'pp1pzVVkb-h7XybpAtCT0HIZqKE', 'id': 'UgypXFPD_oKKFw1Cnlx4AaABAg', 'snippet': {'videoId': 'uuh1ydDwwrQ', 'textDisplay': 'Porque acreditar na BBC ela virou um monstrengo de propaganda.', 'textOriginal': 'Porque acreditar na BBC ela virou um monstrengo de propaganda.', 'authorDisplayName': 'leonora127', 'authorProfileImageUrl': 'https://yt3.ggpht.com/QBdkTj9TOzgJw4GMm75yUbYzIYeK1Q2HZnB6LAE-6QrnXpxgIIPaLonRQoerVKAs4x_cig0gAw=s48-c-k-c0x00ffffff-no-rj', 'authorChannelUrl': 'http://www.youtube.com/channel/UCbB7hHbyaFt-K2hpVd6DWsA', 'authorChannelId': {'value': 'UCbB7hHbyaFt-K2hpVd6DWsA'}, 'canRate': True, 'viewerRating': 'none', 'likeCount': 0, 'publishedAt': '2022-10-22T19:32:38Z', 'updatedAt': '2022-10-22T19:32:38Z'}}, 'canReply': True, 'totalReplyCount': 0, 'isPublic': True}",,UCbB7hHbyaFt-K2hpVd6DWsA,2022-10-22T19:32:38Z,Porque acreditar na BBC ela virou um monstrengo de propaganda.,,2023-06-08 15:04:33.003012
youtube#commentThread,BdnsahBDRjP5E7iI8OZkIgRyJ70,UgyXNVx5eBx0vhQsnWV4AaABAg,"{'videoId': 'uuh1ydDwwrQ', 'topLevelComment': {'kind': 'youtube#comment', 'etag': 'aQX4-m_kH_2Q_u8QmQluWEyxO0Q', 'id': 'UgyXNVx5eBx0vhQsnWV4AaABAg', 'snippet': {'videoId': 'uuh1ydDwwrQ', 'textDisplay': 'É o comunista sentindo o sabor do comunismo.', 'textOriginal': 'É o comunista sentindo o sabor do comunismo.', 'authorDisplayName': 'Juarez Maracaípe', 'authorProfileImageUrl': 'https://yt3.ggpht.com/ytc/AGIKgqPPZ-Mgi_JhvIpL1uk4ChOBNeH1crUoYax8CCwy=s48-c-k-c0x00ffffff-no-rj', 'authorChannelUrl': 'http://www.youtube.com/channel/UCAxCf6TuMunsUgV3k2IbiUw', 'authorChannelId': {'value': 'UCAxCf6TuMunsUgV3k2IbiUw'}, 'canRate': True, 'viewerRating': 'none', 'likeCount': 0, 'publishedAt': '2022-10-22T19:32:26Z', 'updatedAt': '2022-10-22T19:32:26Z'}}, 'canReply': True, 'totalReplyCount': 0, 'isPublic': True}",,UCAxCf6TuMunsUgV3k2IbiUw,2022-10-22T19:32:26Z,É o comunista sentindo o sabor do comunismo.,,2023-06-08 15:04:33.003012
youtube#commentThread,unM2l9XVWGSlQY4dqTMPVAPBCAQ,Ugz9sNReOXgbmngjKxp4AaABAg,"{'videoId': 'uuh1ydDwwrQ', 'topLevelComment': {'kind': 'youtube#comment', 'etag': 'VBFSU9ncmU8d82C3UeoVXLsGKis', 'id': 'Ugz9sNReOXgbmngjKxp4AaABAg', 'snippet': {'videoId': 'uuh1ydDwwrQ', 'textDisplay': 'E que comecem os expurgos! \\\\0/<br>Imagino o Xi dizendo:<br>- Ho, você está muito doente... vá pra casa descansar até sua morte. <br>- não, obrigado, estou bem. <br>- está sim! o comitê decidiu que está!', 'textOriginal': 'E que comecem os expurgos! \\\\0/\\nImagino o Xi dizendo:\\n- Ho, você está muito doente... vá pra casa descansar até sua morte. \\n- não, obrigado, estou bem. \\n- está sim! o comitê decidiu que está!', 'authorDisplayName': 'dntsísifo', 'authorProfileImageUrl': 'https://yt3.ggpht.com/tbIpa0UjwHzsPGPx0NgQ7zWUXHwECUi7VSZlivtgbWnhPRcfxB9KbRlQnoaj9UQ-mim_HVRz2Jk=s48-c-k-c0x00ffffff-no-rj', 'authorChannelUrl': 'http://www.youtube.com/channel/UCsJ9y65zIzYupvKB9cAVczQ', 'authorChannelId': {'value': 'UCsJ9y65zIzYupvKB9cAVczQ'}, 'canRate': True, 'viewerRating': 'none', 'likeCount': 12, 'publishedAt': '2022-10-22T19:32:21Z', 'updatedAt': '2022-10-22T23:45:47Z'}}, 'canReply': True, 'totalReplyCount': 0, 'isPublic': True}",,UCsJ9y65zIzYupvKB9cAVczQ,2022-10-22T19:32:21Z,"E que comecem os expurgos! \\0/
Imagino o Xi dizendo:
- Ho, você está muito doente... vá pra casa descansar até sua morte. 
- não, obrigado, estou bem. 
- está sim! o comitê decidiu que está!",,2023-06-08 15:04:33.003012
youtube#commentThread,xXrTdtoOoQ9GzvMngUXH4qxOxME,Ugx7fT1jh1PuIe7kwM54AaABAg,"{'videoId': 'uuh1ydDwwrQ', 'topLevelComment': {'kind': 'youtube#comment', 'etag': 'xCqhZ-c4UR8kRIiC_qGFanXHWpE', 'id': 'Ugx7fT1jh1PuIe7kwM54AaABAg', 'snippet': {'videoId': 'uuh1ydDwwrQ', 'textDisplay': 'da uma olhadinha na matéria que a BBC acabou de fazer mostrando a semelhança de Bolsonaro com o presidente venezuelano Chaves. É de chocar', 'textOriginal': 'da uma olhadinha na matéria que a BBC acabou de fazer mostrando a semelhança de Bolsonaro com o presidente venezuelano Chaves. É de chocar', 'authorDisplayName': 'NãoDigaQueNãoAvisei', 'authorProfileImageUrl': 'https://yt3.ggpht.com/4INq6TB71_7muWEJOq5CrB_12QNRHBuKYANG4Q1Tctx41CGbpJxDlAmO9B3k8x87IBYi3mK1fiE=s48-c-k-c0x00ffffff-no-rj', 'authorChannelUrl': 'http://www.youtube.com/channel/UCkkGP5j-74o6QkG8Bw5xwLQ', 'authorChannelId': {'value': 'UCkkGP5j-74o6QkG8Bw5xwLQ'}, 'canRate': True, 'viewerRating': 'none', 'likeCount': 4, 'publishedAt': '2022-10-22T19:32:10Z', 'updatedAt': '2022-10-22T19:32:10Z'}}, 'canReply': True, 'totalReplyCount': 5, 'isPublic': True}","{'comments': [{'kind': 'youtube#comment', 'etag': 'pLneH_bUbc-oMzmkY_Qre0Xc-HU', 'id': 'Ugx7fT1jh1PuIe7kwM54AaABAg.9hVHugpM0GD9hXFq9CZz6x', 'snippet': {'videoId': 'uuh1ydDwwrQ', 'textDisplay': 'Eles se parecem só na curva da orelha 👂', 'textOriginal': 'Eles se parecem só na curva da orelha 👂', 'parentId': 'Ugx7fT1jh1PuIe7kwM54AaABAg', 'authorDisplayName': 'Gabriel', 'authorProfileImageUrl': 'https://yt3.ggpht.com/ytc/AGIKgqPusk8lLuWYIOZH1JgVH1qC082T9GfFEUjlxDzLGDXMe7t3WjYr0q6YDgnxKeUU=s48-c-k-c0x00ffffff-no-rj', 'authorChannelUrl': 'http://www.youtube.com/channel/UCFvIj3TsMasmw21D6cB2ROA', 'authorChannelId': {'value': 'UCFvIj3TsMasmw21D6cB2ROA'}, 'canRate': True, 'viewerRating': 'none', 'likeCount': 1, 'publishedAt': '2022-10-23T13:52:33Z', 'updatedAt': '2022-10-23T13:52:54Z'}}, {'kind': 'youtube#comment', 'etag': 'GOSeQr3bdN9Jh8poocVb_wpUrQw', 'id': 'Ugx7fT1jh1PuIe7kwM54AaABAg.9hVHugpM0GD9hWunInNHvw', 'snippet': {'videoId': 'uuh1ydDwwrQ', 'textDisplay': 'Galinha gosta de chocar, continua chocando.', 'textOriginal': 'Galinha gosta de chocar, continua chocando.', 'parentId': 'Ugx7fT1jh1PuIe7kwM54AaABAg', 'authorDisplayName': 'Luiz Fernando Junqueira Cestari', 'authorProfileImageUrl': 'https://yt3.ggpht.com/ytc/AGIKgqPENEsjy6ZZRIgv-jtH9as43JIfHlS3vIY4VPGGKmhaXHfEmO_t7eZld5SMNGSk=s48-c-k-c0x00ffffff-no-rj', 'authorChannelUrl': 'http://www.youtube.com/channel/UCGSvrw7mqek033v8ohmG33A', 'authorChannelId': {'value': 'UCGSvrw7mqek033v8ohmG33A'}, 'canRate': True, 'viewerRating': 'none', 'likeCount': 0, 'publishedAt': '2022-10-23T10:39:56Z', 'updatedAt': '2022-10-23T10:39:56Z'}}, {'kind': 'youtube#comment', 'etag': 'svYVXF66RMPDaioNqTI3fvIyobY', 'id': 'Ugx7fT1jh1PuIe7kwM54AaABAg.9hVHugpM0GD9hWo7FLyI6_', 'snippet': {'videoId': 'uuh1ydDwwrQ', 'textDisplay': 'É...pode até ter algumas semelhanças, a gente fica na dúvida.  Agora do Nine, a gente tem certeza!!!', 'textOriginal': 'É...pode até ter algumas semelhanças, a gente fica na dúvida.  Agora do Nine, a gente tem certeza!!!', 'parentId': 'Ugx7fT1jh1PuIe7kwM54AaABAg', 'authorDisplayName': 'Maria luisa Fernandes lima', 'authorProfileImageUrl': 'https://yt3.ggpht.com/ytc/AGIKgqP_LORF4m7CKXs-xYtWs-_YPrgfWquGenapZA=s48-c-k-c0x00ffffff-no-rj', 'authorChannelUrl': 'http://www.youtube.com/channel/UC06QWyUhKD809Y2VcphITaw', 'authorChannelId': {'value': 'UC06QWyUhKD809Y2VcphITaw'}, 'canRate': True, 'viewerRating': 'none', 'likeCount': 1, 'publishedAt': '2022-10-23T09:41:37Z', 'updatedAt': '2022-10-23T09:41:37Z'}}, {'kind': 'youtube#comment', 'etag': 'K2Mj2yEJsaJDPZinQiBE8VsJ5OY', 'id': 'Ugx7fT1jh1PuIe7kwM54AaABAg.9hVHugpM0GD9hVa3L43YtT', 'snippet': {'videoId': 'uuh1ydDwwrQ', 'textDisplay': 'Chaves era amigo e aliado de quem mesmo? Quem falou que faltava tudo na Venezuela menos democracia? Quem fez vídeo de apoio nas campanhas do Chaves?<br>Isso mesmo o L... Tem que forçar muito a barra para negar a realidade para acreditar em narrativa. Falta senso de proporção!', 'textOriginal': 'Chaves era amigo e aliado de quem mesmo? Quem falou que faltava tudo na Venezuela menos democracia? Quem fez vídeo de apoio nas campanhas do Chaves?\\nIsso mesmo o L... Tem que forçar muito a barra para negar a realidade para acreditar em narrativa. Falta senso de proporção!', 'parentId': 'Ugx7fT1jh1PuIe7kwM54AaABAg', 'authorDisplayName': 'Núbia Machado', 'authorProfileImageUrl': 'https://yt3.ggpht.com/ytc/AGIKgqORJ6E8sTqEkryVe7siPQ8IyuRNigtTOKyWCA=s48-c-k-c0x00ffffff-no-rj', 'authorChannelUrl': 'http://www.youtube.com/channel/UCZnTxhMZYt9BtNNw-0CDz0w', 'authorChannelId': {'value': 'UCZnTxhMZYt9BtNNw-0CDz0w'}, 'canRate': True, 'viewerRating': 'none', 'likeCount': 2, 'publishedAt': '2022-10-22T22:19:31Z', 'updatedAt': '2022-10-22T22:19:58Z'}}, {'kind': 'youtube#comment', 'etag': 'Mn-6kxyca6bCKjVKUilDW6jF9FQ', 'id': 'Ugx7fT1jh1PuIe7kwM54AaABAg.9hVHugpM0GD9hVXjsBcO66', 'snippet': {'videoId': 'uuh1ydDwwrQ', 'textDisplay': 'V t n s c', 'textOriginal': 'V t n s c', 'parentId': 'Ugx7fT1jh1PuIe7kwM54AaABAg', 'authorDisplayName': 'jason batista', 'authorProfileImageUrl': 'https://yt3.ggpht.com/ytc/AGIKgqPqS6bX0ugugn5MVJvQlHP3D-8wLJEhegCaJQ=s48-c-k-c0x00ffffff-no-rj', 'authorChannelUrl': 'http://www.youtube.com/channel/UC4ak73PIHqsHKI40LvvR7Tg', 'authorChannelId': {'value': 'UC4ak73PIHqsHKI40LvvR7Tg'}, 'canRate': True, 'viewerRating': 'none', 'likeCount': 1, 'publishedAt': '2022-10-22T21:50:30Z', 'updatedAt': '2022-10-22T21:50:30Z'}}]}",UCkkGP5j-74o6QkG8Bw5xwLQ,2022-10-22T19:32:10Z,da uma olhadinha na matéria que a BBC acabou de fazer mostrando a semelhança de Bolsonaro com o presidente venezuelano Chaves. É de chocar,,2023-06-08 15:04:33.003012
youtube#commentThread,DKh3RChaKe0XCu_Aup1R9gl_LhE,UgzeqBp8FsUb3i7xpQh4AaABAg,"{'videoId': 'uuh1ydDwwrQ', 'topLevelComment': {'kind': 'youtube#comment', 'etag': '0ts8JliWvJctawymwK_vVWKUQM8', 'id': 'UgzeqBp8FsUb3i7xpQh4AaABAg', 'snippet': {'videoId': 'uuh1ydDwwrQ', 'textDisplay': 'O Xandão dedurou o cara, avisando que ele acompanha  as lives e entrevistas com o Bolsonaro. Já mandou até a sentença e a ordem para a guarda vermelha (PF da China)...Esse Xandão....tá podendo...', 'textOriginal': 'O Xandão dedurou o cara, avisando que ele acompanha  as lives e entrevistas com o Bolsonaro. Já mandou até a sentença e a ordem para a guarda vermelha (PF da China)...Esse Xandão....tá podendo...', 'authorDisplayName': 'Tiburcio Nascimento', 'authorProfileImageUrl': 'https://yt3.ggpht.com/ytc/AGIKgqPYJ16XbloZp1nRif2q9UiINjE9b3aLcJFllVpYZmGF8L32gAvFuJ_fm0H5T6oa=s48-c-k-c0x00ffffff-no-rj', 'authorChannelUrl': 'http://www.youtube.com/channel/UCOpVT2WBtvOTmNgRgNreY3Q', 'authorChannelId': {'value': 'UCOpVT2WBtvOTmNgRgNreY3Q'}, 'canRate': True, 'viewerRating': 'none', 'likeCount': 137, 'publishedAt': '2022-10-22T19:32:06Z', 'updatedAt': '2022-10-22T19:32:06Z'}}, 'canReply': True, 'totalReplyCount': 17, 'isPublic': True}","{'comments': [{'kind': 'youtube#comment', 'etag': 'JTnLs1NS45vMq-YnBQPq-GMnaoE', 'id': 'UgzeqBp8FsUb3i7xpQh4AaABAg.9hVHu67ts-59hYWvHrZn-d', 'snippet': {'videoId': 'uuh1ydDwwrQ', 'textDisplay': 'Não duvido de nada 😂😂😂', 'textOriginal': 'Não duvido de nada 😂😂😂', 'parentId': 'UgzeqBp8FsUb3i7xpQh4AaABAg', 'authorDisplayName': 'Drika Nunes', 'authorProfileImageUrl': 'https://yt3.ggpht.com/ytc/AGIKgqP5j8x8U91uhlX4untoAExhN7YsMAttFX4PTb0glw=s48-c-k-c0x00ffffff-no-rj', 'authorChannelUrl': 'http://www.youtube.com/channel/UC1agyE6zXdfwDLqMDC4B6pg', 'authorChannelId': {'value': 'UC1agyE6zXdfwDLqMDC4B6pg'}, 'canRate': True, 'viewerRating': 'none', 'likeCount': 0, 'publishedAt': '2022-10-24T01:41:03Z', 'updatedAt': '2022-10-24T01:41:03Z'}}, {'kind': 'youtube#comment', 'etag': 'z8aqUYRNaNV6OEGNzvkWRagXVjU', 'id': 'UgzeqBp8FsUb3i7xpQh4AaABAg.9hVHu67ts-59hXy7swOq-h', 'snippet': {'videoId': 'uuh1ydDwwrQ', 'textDisplay': '🤣🤣🤣🤣🤣', 'textOriginal': '🤣🤣🤣🤣🤣', 'parentId': 'UgzeqBp8FsUb3i7xpQh4AaABAg', 'authorDisplayName': 'elizabete Jairi', 'authorProfileImageUrl': 'https://yt3.ggpht.com/ytc/AGIKgqP7kOhA3kdry8VYRYmmE31pc_P79zGylYSSRQSa=s48-c-k-c0x00ffffff-no-rj', 'authorChannelUrl': 'http://www.youtube.com/channel/UCYXHx3Jeb6e3E6FY090IEqw', 'authorChannelId': {'value': 'UCYXHx3Jeb6e3E6FY090IEqw'}, 'canRate': True, 'viewerRating': 'none', 'likeCount': 0, 'publishedAt': '2022-10-23T20:28:20Z', 'updatedAt': '2022-10-23T20:28:20Z'}}, {'kind': 'youtube#comment', 'etag': 'T0jx_mbwPucLope3D4yt2Ykm0CY', 'id': 'UgzeqBp8FsUb3i7xpQh4AaABAg.9hVHu67ts-59hXnFXN9ID4', 'snippet': {'videoId': 'uuh1ydDwwrQ', 'textDisplay': 'KKKKKKKKKKKKKK', 'textOriginal': 'KKKKKKKKKKKKKK', 'parentId': 'UgzeqBp8FsUb3i7xpQh4AaABAg', 'authorDisplayName': 'MULHER MARAVILHA', 'authorProfileImageUrl': 'https://yt3.ggpht.com/UkuGuA_xvHy_PHaQQj_TjHFUwzmhCFAYcStQZbWjf-NErouLIoRgCjkgon4HmQ1a7CX8Isd1qg=s48-c-k-c0x00ffffff-no-rj', 'authorChannelUrl': 'http://www.youtube.com/channel/UC8fJ_zSxisrfuV12inYq07w', 'authorChannelId': {'value': 'UC8fJ_zSxisrfuV12inYq07w'}, 'canRate': True, 'viewerRating': 'none', 'likeCount': 0, 'publishedAt': '2022-10-23T18:53:15Z', 'updatedAt': '2022-10-23T18:53:15Z'}}, {'kind': 'youtube#comment', 'etag': '2_IFu54eQNTmxUP2QTrJK-CP7AI', 'id': 'UgzeqBp8FsUb3i7xpQh4AaABAg.9hVHu67ts-59hWlSgfgMfj', 'snippet': {'videoId': 'uuh1ydDwwrQ', 'textDisplay': 'Kkkkkkkkkkk', 'textOriginal': 'Kkkkkkkkkkk', 'parentId': 'UgzeqBp8FsUb3i7xpQh4AaABAg', 'authorDisplayName': 'Suzana Moreira', 'authorProfileImageUrl': 'https://yt3.ggpht.com/ytc/AGIKgqNQkF_Qt9w730HMze84P69mqCmdzjtNAxxLSw=s48-c-k-c0x00ffffff-no-rj', 'authorChannelUrl': 'http://www.youtube.com/channel/UCp9o0Mu3Arly3aT3fejbqzg', 'authorChannelId': {'value': 'UCp9o0Mu3Arly3aT3fejbqzg'}, 'canRate': True, 'viewerRating': 'none', 'likeCount': 0, 'publishedAt': '2022-10-23T09:18:20Z', 'updatedAt': '2022-10-23T09:18:20Z'}}, {'kind': 'youtube#comment', 'etag': 'YevMNTXQYoXX-5nC2RpAVtxpmq4', 'id': 'UgzeqBp8FsUb3i7xpQh4AaABAg.9hVHu67ts-59hWDyIrONDW', 'snippet': {'videoId': 'uuh1ydDwwrQ', 'textDisplay': 'Kkkk 😂 😂 😂 😂', 'textOriginal': 'Kkkk 😂 😂 😂 😂', 'parentId': 'UgzeqBp8FsUb3i7xpQh4AaABAg', 'authorDisplayName': 'Cilene Avelina', 'authorProfileImageUrl': 'https://yt3.ggpht.com/ytc/AGIKgqPuaNJUBei-Dr0vAV2iqNGE0RWL9NMkP487SQ=s48-c-k-c0x00ffffff-no-rj', 'authorChannelUrl': 'http://www.youtube.com/channel/UCNI6iJvqmSSp5dWA1H3y9Og', 'authorChannelId': {'value': 'UCNI6iJvqmSSp5dWA1H3y9Og'}, 'canRate': True, 'viewerRating': 'none', 'likeCount': 0, 'publishedAt': '2022-10-23T04:16:57Z', 'updatedAt': '2022-10-23T04:16:57Z'}}]}",UCOpVT2WBtvOTmNgRgNreY3Q,2022-10-22T19:32:06Z,"O Xandão dedurou o cara, avisando que ele acompanha  as lives e entrevistas com o Bolsonaro. Já mandou até a sentença e a ordem para a guarda vermelha (PF da China)...Esse Xandão....tá podendo...",,2023-06-08 15:04:33.003012
youtube#commentThread,0tTyy37kW3QkLOiZ4yqu9EJb4us,Ugy-vTyvU7CECJpgRtV4AaABAg,"{'videoId': 'uuh1ydDwwrQ', 'topLevelComment': {'kind': 'youtube#comment', 'etag': 'nzeRzBxyhrTFdVPLmZjZqqrZd50', 'id': 'Ugy-vTyvU7CECJpgRtV4AaABAg', 'snippet': {'videoId': 'uuh1ydDwwrQ', 'textDisplay': 'Deram um pastel de flango batizado pro véio.', 'textOriginal': 'Deram um pastel de flango batizado pro véio.', 'authorDisplayName': 'haracho', 'authorProfileImageUrl': 'https://yt3.ggpht.com/oZ0gYAMZh9kY-j6hcsDd3fgz08Dt9z4SH4dUEc_Zrp13KO_HC3EYg4_SfupXCYeyI7uL5dO0iQ=s48-c-k-c0x00ffffff-no-rj', 'authorChannelUrl': 'http://www.youtube.com/channel/UCaMs5sg19gNJEXxX6e-O2Zw', 'authorChannelId': {'value': 'UCaMs5sg19gNJEXxX6e-O2Zw'}, 'canRate': True, 'viewerRating': 'none', 'likeCount': 6, 'publishedAt': '2022-10-22T19:31:41Z', 'updatedAt': '2022-10-22T19:31:41Z'}}, 'canReply': True, 'totalReplyCount': 0, 'isPublic': True}",,UCaMs5sg19gNJEXxX6e-O2Zw,2022-10-22T19:31:41Z,Deram um pastel de flango batizado pro véio.,,2023-06-08 15:04:33.003012
youtube#commentThread,M6oVEcvWoGhqyKb-4FY4RJI5pis,UgzGDTXpcLdWGYBk9pl4AaABAg,"{'videoId': 'uuh1ydDwwrQ', 'topLevelComment': {'kind': 'youtube#comment', 'etag': 'rZzGbS87tmID7Oz7q3UCmRpOFrI', 'id': 'UgzGDTXpcLdWGYBk9pl4AaABAg', 'snippet': {'videoId': 'uuh1ydDwwrQ', 'textDisplay': 'Bolsonaro reeleito para o bem do Brasil', 'textOriginal': 'Bolsonaro reeleito para o bem do Brasil', 'authorDisplayName': 'Adlon2134', 'authorProfileImageUrl': 'https://yt3.ggpht.com/ytc/AGIKgqNgN5mRkmc4IT6XoiMfDxSMB2lzEvggfkJ3Ew=s48-c-k-c0x00ffffff-no-rj', 'authorChannelUrl': 'http://www.youtube.com/channel/UCCMT2C8Jtvxx48Xsj5LVqMQ', 'authorChannelId': {'value': 'UCCMT2C8Jtvxx48Xsj5LVqMQ'}, 'canRate': True, 'viewerRating': 'none', 'likeCount': 3, 'publishedAt': '2022-10-22T19:31:38Z', 'updatedAt': '2022-10-22T19:31:38Z'}}, 'canReply': True, 'totalReplyCount': 0, 'isPublic': True}",,UCCMT2C8Jtvxx48Xsj5LVqMQ,2022-10-22T19:31:38Z,Bolsonaro reeleito para o bem do Brasil,,2023-06-08 15:04:33.003012
youtube#commentThread,DxE5qdRq12kXjjhqid7dJnyE_9w,Ugx1c8l74eCrcs4htZh4AaABAg,"{'videoId': 'uuh1ydDwwrQ', 'topLevelComment': {'kind': 'youtube#comment', 'etag': 'poFArJuKVH9rH61CL45GjJ3wYzI', 'id': 'Ugx1c8l74eCrcs4htZh4AaABAg', 'snippet': {'videoId': 'uuh1ydDwwrQ', 'textDisplay': 'A princípio vai para a PRISÃO, depois só DEUS sabe, como é o &quot;protocolo chinês&quot;.!!', 'textOriginal': 'A princípio vai para a PRISÃO, depois só DEUS sabe, como é o ""protocolo chinês"".!!', 'authorDisplayName': 'PAULO ROBERTO VIEIRA Laborao', 'authorProfileImageUrl': 'https://yt3.ggpht.com/ytc/AGIKgqNMwoQlKf2zHFinepwTYnitL3vhddGolQ1lhw=s48-c-k-c0x00ffffff-no-rj', 'authorChannelUrl': 'http://www.youtube.com/channel/UCK-lzZo_FJAazPygoSGlV9w', 'authorChannelId': {'value': 'UCK-lzZo_FJAazPygoSGlV9w'}, 'canRate': True, 'viewerRating': 'none', 'likeCount': 0, 'publishedAt': '2022-10-22T19:31:38Z', 'updatedAt': '2022-10-22T19:31:38Z'}}, 'canReply': True, 'totalReplyCount': 0, 'isPublic': True}",,UCK-lzZo_FJAazPygoSGlV9w,2022-10-22T19:31:38Z,"A princípio vai para a PRISÃO, depois só DEUS sabe, como é o ""protocolo chinês"".!!",,2023-06-08 15:04:33.003012
youtube#commentThread,tYmDBk0WvS48viJIPUOov34fXGM,UgxgkZf5d5zptdhlh8x4AaABAg,"{'videoId': 'uuh1ydDwwrQ', 'topLevelComment': {'kind': 'youtube#comment', 'etag': 'AiBKb47-8EUisUiWTtYB8DTaKdQ', 'id': 'UgxgkZf5d5zptdhlh8x4AaABAg', 'snippet': {'videoId': 'uuh1ydDwwrQ', 'textDisplay': 'Ola o senhor está passando mal?<br>_ NÃO estou, estou bem !<br>_Bora logo o senhor está infartando kkkkkkkkkk', 'textOriginal': 'Ola o senhor está passando mal?\\n_ NÃO estou, estou bem !\\n_Bora logo o senhor está infartando kkkkkkkkkk', 'authorDisplayName': 'joao vitor', 'authorProfileImageUrl': 'https://yt3.ggpht.com/ytc/AGIKgqPR7DzmuGJyLEmfdCrEIRDW9wvu-9_sftHfLEFi-Q=s48-c-k-c0x00ffffff-no-rj', 'authorChannelUrl': 'http://www.youtube.com/channel/UCWijKFFgNlyANlDhhrmVNWQ', 'authorChannelId': {'value': 'UCWijKFFgNlyANlDhhrmVNWQ'}, 'canRate': True, 'viewerRating': 'none', 'likeCount': 75, 'publishedAt': '2022-10-22T19:31:16Z', 'updatedAt': '2022-10-22T19:31:16Z'}}, 'canReply': True, 'totalReplyCount': 4, 'isPublic': True}","{'comments': [{'kind': 'youtube#comment', 'etag': 'T2LmAr5DQrufCN46hdzigYh-GPQ', 'id': 'UgxgkZf5d5zptdhlh8x4AaABAg.9hVHo-UtPIq9hWKAY8A4AE', 'snippet': {'videoId': 'uuh1ydDwwrQ', 'textDisplay': 'É nítido o que está pegando mas a esquerda acostumada a negar a realidade já nem liga de negar imagens tbm, se o tiozinho levasse uns tapas era capaz do especialista aí dizer “então, na vdd haviam muitas moscas ali e eles estavam espantando elas”', 'textOriginal': 'É nítido o que está pegando mas a esquerda acostumada a negar a realidade já nem liga de negar imagens tbm, se o tiozinho levasse uns tapas era capaz do especialista aí dizer “então, na vdd haviam muitas moscas ali e eles estavam espantando elas”', 'parentId': 'UgxgkZf5d5zptdhlh8x4AaABAg', 'authorDisplayName': 'Marcos Vinicius Pereira Nunes', 'authorProfileImageUrl': 'https://yt3.ggpht.com/ytc/AGIKgqNwHoLaYtbTSkmI9J-sh4U5dPQkQmIEhb5Tiw=s48-c-k-c0x00ffffff-no-rj', 'authorChannelUrl': 'http://www.youtube.com/channel/UCflqUWsGgx5XT8Agk0VPyVQ', 'authorChannelId': {'value': 'UCflqUWsGgx5XT8Agk0VPyVQ'}, 'canRate': True, 'viewerRating': 'none', 'likeCount': 1, 'publishedAt': '2022-10-23T05:11:11Z', 'updatedAt': '2022-10-23T05:11:11Z'}}, {'kind': 'youtube#comment', 'etag': 'rrTDGDDlnMVhY4p3XADdLI-0FpA', 'id': 'UgxgkZf5d5zptdhlh8x4AaABAg.9hVHo-UtPIq9hVenHSYjyt', 'snippet': {'videoId': 'uuh1ydDwwrQ', 'textDisplay': 'Kkkkkkkkkkk', 'textOriginal': 'Kkkkkkkkkkk', 'parentId': 'UgxgkZf5d5zptdhlh8x4AaABAg', 'authorDisplayName': 'Davi Matias da Silva', 'authorProfileImageUrl': 'https://yt3.ggpht.com/ytc/AGIKgqO8nmoUbsfqU0YEZ1kIH1MeUdFoZnh13Fw9cdOULy95l52CYhXBMJuYpiogsxUe=s48-c-k-c0x00ffffff-no-rj', 'authorChannelUrl': 'http://www.youtube.com/channel/UCFzshFxz03unfTarTIYXBng', 'authorChannelId': {'value': 'UCFzshFxz03unfTarTIYXBng'}, 'canRate': True, 'viewerRating': 'none', 'likeCount': 0, 'publishedAt': '2022-10-22T23:00:53Z', 'updatedAt': '2022-10-22T23:00:53Z'}}, {'kind': 'youtube#comment', 'etag': '8T5IDiUIWsfBoqqT2GSQgT2bEqc', 'id': 'UgxgkZf5d5zptdhlh8x4AaABAg.9hVHo-UtPIq9hVekDIop1H', 'snippet': {'videoId': 'uuh1ydDwwrQ', 'textDisplay': 'Se não está infartando; vai infartar na marra!', 'textOriginal': 'Se não está infartando; vai infartar na marra!', 'parentId': 'UgxgkZf5d5zptdhlh8x4AaABAg', 'authorDisplayName': 'Davi Matias da Silva', 'authorProfileImageUrl': 'https://yt3.ggpht.com/ytc/AGIKgqO8nmoUbsfqU0YEZ1kIH1MeUdFoZnh13Fw9cdOULy95l52CYhXBMJuYpiogsxUe=s48-c-k-c0x00ffffff-no-rj', 'authorChannelUrl': 'http://www.youtube.com/channel/UCFzshFxz03unfTarTIYXBng', 'authorChannelId': {'value': 'UCFzshFxz03unfTarTIYXBng'}, 'canRate': True, 'viewerRating': 'none', 'likeCount': 1, 'publishedAt': '2022-10-22T23:00:27Z', 'updatedAt': '2022-10-22T23:00:27Z'}}, {'kind': 'youtube#comment', 'etag': 'F6cE5qmfVBkNwGl3L-sHkBO-hYQ', 'id': 'UgxgkZf5d5zptdhlh8x4AaABAg.9hVHo-UtPIq9hVbkEnubaE', 'snippet': {'videoId': 'uuh1ydDwwrQ', 'textDisplay': 'Pior que é bem assim...', 'textOriginal': 'Pior que é bem assim...', 'parentId': 'UgxgkZf5d5zptdhlh8x4AaABAg', 'authorDisplayName': 'GLM M', 'authorProfileImageUrl': 'https://yt3.ggpht.com/ytc/AGIKgqOxqcGYufcUxK3XR3dSL1-zldnPMIn_HWFSWA=s48-c-k-c0x00ffffff-no-rj', 'authorChannelUrl': 'http://www.youtube.com/channel/UC9F1W5-fH1ML8u6clhY32FQ', 'authorChannelId': {'value': 'UC9F1W5-fH1ML8u6clhY32FQ'}, 'canRate': True, 'viewerRating': 'none', 'likeCount': 3, 'publishedAt': '2022-10-22T22:34:15Z', 'updatedAt': '2022-10-22T22:34:15Z'}}]}",UCWijKFFgNlyANlDhhrmVNWQ,2022-10-22T19:31:16Z,"Ola o senhor está passando mal?
_ NÃO estou, estou bem !
_Bora logo o senhor está infartando kkkkkkkkkk",,2023-06-08 15:04:33.003012
youtube#commentThread,d3QmfSzbAfa5Jg5RoX_i9oOOlso,UgyCvAV1YWNacKzlijx4AaABAg,"{'videoId': 'uuh1ydDwwrQ', 'topLevelComment': {'kind': 'youtube#comment', 'etag': 'OJ520TNdkK9L_qOPsziszeGOjS8', 'id': 'UgyCvAV1YWNacKzlijx4AaABAg', 'snippet': {'videoId': 'uuh1ydDwwrQ', 'textDisplay': 'Onde governo vermelho existe liberdade????? 👹👹👹👹🤮🤮🤮🤮🤮.  DITADURA..', 'textOriginal': 'Onde governo vermelho existe liberdade????? 👹👹👹👹🤮🤮🤮🤮🤮.  DITADURA..', 'authorDisplayName': 'Marli Schneider', 'authorProfileImageUrl': 'https://yt3.ggpht.com/ytc/AGIKgqM1dbH34lr4W1bNY4Mnwd-hgopZjA3Qv21Cqg=s48-c-k-c0x00ffffff-no-rj', 'authorChannelUrl': 'http://www.youtube.com/channel/UCf1ZkFk-RwNmSrqnFCPdDiQ', 'authorChannelId': {'value': 'UCf1ZkFk-RwNmSrqnFCPdDiQ'}, 'canRate': True, 'viewerRating': 'none', 'likeCount': 0, 'publishedAt': '2022-10-22T19:31:10Z', 'updatedAt': '2022-10-22T19:32:41Z'}}, 'canReply': True, 'totalReplyCount': 0, 'isPublic': True}",,UCf1ZkFk-RwNmSrqnFCPdDiQ,2022-10-22T19:31:10Z,Onde governo vermelho existe liberdade????? 👹👹👹👹🤮🤮🤮🤮🤮.  DITADURA..,,2023-06-08 15:04:33.003012
youtube#commentThread,bC5gz3VnewVHzKNv7LdSYF9bppE,Ugyo1RLiJxY7u97eTnp4AaABAg,"{'videoId': 'uuh1ydDwwrQ', 'topLevelComment': {'kind': 'youtube#comment', 'etag': 'bKpVoxrLUkEx-8vUwnO1EizgxX4', 'id': 'Ugyo1RLiJxY7u97eTnp4AaABAg', 'snippet': {'videoId': 'uuh1ydDwwrQ', 'textDisplay': 'Normal é o partidão impondo seu desejo.', 'textOriginal': 'Normal é o partidão impondo seu desejo.', 'authorDisplayName': 'Ronaldo Thomaz', 'authorProfileImageUrl': 'https://yt3.ggpht.com/ytc/AGIKgqPd8YqTe1Ygy5QmBwtE_85KXqGiRsv60DwhgQ=s48-c-k-c0x00ffffff-no-rj', 'authorChannelUrl': 'http://www.youtube.com/channel/UCJElfS-bpSGQMN8FukLVXlQ', 'authorChannelId': {'value': 'UCJElfS-bpSGQMN8FukLVXlQ'}, 'canRate': True, 'viewerRating': 'none', 'likeCount': 38, 'publishedAt': '2022-10-22T19:30:53Z', 'updatedAt': '2022-10-22T19:31:27Z'}}, 'canReply': True, 'totalReplyCount': 0, 'isPublic': True}",,UCJElfS-bpSGQMN8FukLVXlQ,2022-10-22T19:30:53Z,Normal é o partidão impondo seu desejo.,,2023-06-08 15:04:33.003012
youtube#commentThread,QY6g5S239Xt3sYFRAbh8JqhQPQU,UgzwwqRiqZO73hrrvup4AaABAg,"{'videoId': 'uuh1ydDwwrQ', 'topLevelComment': {'kind': 'youtube#comment', 'etag': 'pSHIYzQpIjg4V05lMUM0JrLALFs', 'id': 'UgzwwqRiqZO73hrrvup4AaABAg', 'snippet': {'videoId': 'uuh1ydDwwrQ', 'textDisplay': 'Só eu quem estou percebendo, ou este &quot;prof&quot; ė prosélito do sistema chinês?', 'textOriginal': 'Só eu quem estou percebendo, ou este ""prof"" ė prosélito do sistema chinês?', 'authorDisplayName': 'Fielderman Forecasting', 'authorProfileImageUrl': 'https://yt3.ggpht.com/ytc/AGIKgqMxwoPm3bBDfHuSmYaFP4CcUMcpoqYJfYZCZU4W5w=s48-c-k-c0x00ffffff-no-rj', 'authorChannelUrl': 'http://www.youtube.com/channel/UCc0Vzjt9PJJPH8b62gprALA', 'authorChannelId': {'value': 'UCc0Vzjt9PJJPH8b62gprALA'}, 'canRate': True, 'viewerRating': 'none', 'likeCount': 24, 'publishedAt': '2022-10-22T19:29:58Z', 'updatedAt': '2022-10-22T19:29:58Z'}}, 'canReply': True, 'totalReplyCount': 2, 'isPublic': True}","{'comments': [{'kind': 'youtube#comment', 'etag': 'fmRPBQabA5EB3NR08eOqYW0vju0', 'id': 'UgzwwqRiqZO73hrrvup4AaABAg.9hVHeYKgS7q9hYbXocR8wI', 'snippet': {'videoId': 'uuh1ydDwwrQ', 'textDisplay': 'Natural e sorrindo🤦🏽\\u200d♂️🤨', 'textOriginal': 'Natural e sorrindo🤦🏽\\u200d♂️🤨', 'parentId': 'UgzwwqRiqZO73hrrvup4AaABAg', 'authorDisplayName': 'Carlos Santos', 'authorProfileImageUrl': 'https://yt3.ggpht.com/ytc/AGIKgqMfeinT5MbBffoo0eetZKqXGLsIkp34--YswMlZsQ=s48-c-k-c0x00ffffff-no-rj', 'authorChannelUrl': 'http://www.youtube.com/channel/UCQfttFudBss4VLluaBJi5Wg', 'authorChannelId': {'value': 'UCQfttFudBss4VLluaBJi5Wg'}, 'canRate': True, 'viewerRating': 'none', 'likeCount': 1, 'publishedAt': '2022-10-24T02:30:08Z', 'updatedAt': '2022-10-24T02:30:27Z'}}, {'kind': 'youtube#comment', 'etag': 'Qrk2x7v8OyZ2N_vLIIqGBhMt0zM', 'id': 'UgzwwqRiqZO73hrrvup4AaABAg.9hVHeYKgS7q9hVMl5t2rh7', 'snippet': {'videoId': 'uuh1ydDwwrQ', 'textDisplay': 'Funcionário Federal do PCC', 'textOriginal': 'Funcionário Federal do PCC', 'parentId': 'UgzwwqRiqZO73hrrvup4AaABAg', 'authorDisplayName': 'Wellington MPacheco', 'authorProfileImageUrl': 'https://yt3.ggpht.com/qofVJ9-TPKz9Lm1wG0mNC5PFIeZHr9F8icBHJVOCx_UGgerkA2FeACUIMquKdnV25E2SHDoD=s48-c-k-c0x00ffffff-no-rj', 'authorChannelUrl': 'http://www.youtube.com/channel/UCysgX3hIV_5NGnOspP9Ig8g', 'authorChannelId': {'value': 'UCysgX3hIV_5NGnOspP9Ig8g'}, 'canRate': True, 'viewerRating': 'none', 'likeCount': 5, 'publishedAt': '2022-10-22T20:14:33Z', 'updatedAt': '2022-10-22T20:14:33Z'}}]}",UCc0Vzjt9PJJPH8b62gprALA,2022-10-22T19:29:58Z,"Só eu quem estou percebendo, ou este ""prof"" ė prosélito do sistema chinês?",,2023-06-08 15:04:33.003012
youtube#commentThread,i7myfEdnsk2as148W5IrAXUt_LE,UgxxN0Fzwa4BI7VL4Bp4AaABAg,"{'videoId': 'uuh1ydDwwrQ', 'topLevelComment': {'kind': 'youtube#comment', 'etag': '9f02TPiYBnSLK-i6Qhu-oXT0UUc', 'id': 'UgxxN0Fzwa4BI7VL4Bp4AaABAg', 'snippet': {'videoId': 'uuh1ydDwwrQ', 'textDisplay': 'SEI NÃO,   É  O FIM  LÁ,   TIPO CA  DE   CELSO  DANIEL', 'textOriginal': 'SEI NÃO,   É  O FIM  LÁ,   TIPO CA  DE   CELSO  DANIEL', 'authorDisplayName': 'Junior R T', 'authorProfileImageUrl': 'https://yt3.ggpht.com/ytc/AGIKgqO9kAwt0DiBG4xtyXKq51aBML49wToLifyb7ZoafAgLnCJmKu2GeRKHPFhzkevQ=s48-c-k-c0x00ffffff-no-rj', 'authorChannelUrl': 'http://www.youtube.com/channel/UCxffpf3cnotSPcyaiUBC_sQ', 'authorChannelId': {'value': 'UCxffpf3cnotSPcyaiUBC_sQ'}, 'canRate': True, 'viewerRating': 'none', 'likeCount': 2, 'publishedAt': '2022-10-22T19:29:54Z', 'updatedAt': '2022-10-22T19:29:54Z'}}, 'canReply': True, 'totalReplyCount': 1, 'isPublic': True}","{'comments': [{'kind': 'youtube#comment', 'etag': 'dF03VMGmDMCdr0fa87NU7jSHHVY', 'id': 'UgxxN0Fzwa4BI7VL4Bp4AaABAg.9hVHe3n-cVa9hVOJvecHJv', 'snippet': {'videoId': 'uuh1ydDwwrQ', 'textDisplay': 'Também se sentiu mal...súbito, quando o carro resolveu falhar e o ¨cumpanhero ¨também..', 'textOriginal': 'Também se sentiu mal...súbito, quando o carro resolveu falhar e o ¨cumpanhero ¨também..', 'parentId': 'UgxxN0Fzwa4BI7VL4Bp4AaABAg', 'authorDisplayName': 'Tiburcio Nascimento', 'authorProfileImageUrl': 'https://yt3.ggpht.com/ytc/AGIKgqPYJ16XbloZp1nRif2q9UiINjE9b3aLcJFllVpYZmGF8L32gAvFuJ_fm0H5T6oa=s48-c-k-c0x00ffffff-no-rj', 'authorChannelUrl': 'http://www.youtube.com/channel/UCOpVT2WBtvOTmNgRgNreY3Q', 'authorChannelId': {'value': 'UCOpVT2WBtvOTmNgRgNreY3Q'}, 'canRate': True, 'viewerRating': 'none', 'likeCount': 0, 'publishedAt': '2022-10-22T20:28:11Z', 'updatedAt': '2022-10-22T20:28:11Z'}}]}",UCxffpf3cnotSPcyaiUBC_sQ,2022-10-22T19:29:54Z,"SEI NÃO,   É  O FIM  LÁ,   TIPO CA  DE   CELSO  DANIEL",,2023-06-08 15:04:33.003012
youtube#commentThread,XqTOQDOOHH33Msqkdi42L6iWUu0,Ugxx95y4eCrXkGvr_K54AaABAg,"{'videoId': 'uuh1ydDwwrQ', 'topLevelComment': {'kind': 'youtube#comment', 'etag': 'rn90eZRgM11okYPUQREdoDMjTf4', 'id': 'Ugxx95y4eCrXkGvr_K54AaABAg', 'snippet': {'videoId': 'uuh1ydDwwrQ', 'textDisplay': 'BBC NÃO É  CREDÍVÉL!! PALERMAS!!! GRANDE MÍDIA NÃO É  CREDÍVÉL!! JÁ FOI UM POUQUINHO...! SÓ UM POUQUINHO...!!', 'textOriginal': 'BBC NÃO É  CREDÍVÉL!! PALERMAS!!! GRANDE MÍDIA NÃO É  CREDÍVÉL!! JÁ FOI UM POUQUINHO...! SÓ UM POUQUINHO...!!', 'authorDisplayName': 'Jorge São Jorge', 'authorProfileImageUrl': 'https://yt3.ggpht.com/ytc/AGIKgqMfIxj4EKUNDOyqWXfBM7pPN7e2nxXo0xX7r8sw=s48-c-k-c0x00ffffff-no-rj', 'authorChannelUrl': 'http://www.youtube.com/channel/UCTub-l_5JALxp3DD519GxZw', 'authorChannelId': {'value': 'UCTub-l_5JALxp3DD519GxZw'}, 'canRate': True, 'viewerRating': 'none', 'likeCount': 0, 'publishedAt': '2022-10-22T19:29:43Z', 'updatedAt': '2022-10-22T19:29:43Z'}}, 'canReply': True, 'totalReplyCount': 0, 'isPublic': True}",,UCTub-l_5JALxp3DD519GxZw,2022-10-22T19:29:43Z,BBC NÃO É  CREDÍVÉL!! PALERMAS!!! GRANDE MÍDIA NÃO É  CREDÍVÉL!! JÁ FOI UM POUQUINHO...! SÓ UM POUQUINHO...!!,,2023-06-08 15:04:33.003012
youtube#commentThread,UzO5His6LOCKOV1aB49GkbTP2BQ,UgxLKev4Skaen5iND1d4AaABAg,"{'videoId': 'uuh1ydDwwrQ', 'topLevelComment': {'kind': 'youtube#comment', 'etag': 'jvuvWk8G5iXluR379F9Dp2zbxNw', 'id': 'UgxLKev4Skaen5iND1d4AaABAg', 'snippet': {'videoId': 'uuh1ydDwwrQ', 'textDisplay': 'este é o modelo que o ladrão quer por no Brasil', 'textOriginal': 'este é o modelo que o ladrão quer por no Brasil', 'authorDisplayName': 'Marcos Correa', 'authorProfileImageUrl': 'https://yt3.ggpht.com/OIdSfmfcPEtzGuIURRw9wzWoMulzpI2WxDVjuR85O3mWYE6Fb6MK7VEMr7POfXElv0Ngx-VK=s48-c-k-c0x00ffffff-no-rj', 'authorChannelUrl': 'http://www.youtube.com/channel/UC4-SRCStoY_g2DUuQvP3rMA', 'authorChannelId': {'value': 'UC4-SRCStoY_g2DUuQvP3rMA'}, 'canRate': True, 'viewerRating': 'none', 'likeCount': 7, 'publishedAt': '2022-10-22T19:29:28Z', 'updatedAt': '2022-10-22T19:29:28Z'}}, 'canReply': True, 'totalReplyCount': 0, 'isPublic': True}",,UC4-SRCStoY_g2DUuQvP3rMA,2022-10-22T19:29:28Z,este é o modelo que o ladrão quer por no Brasil,,2023-06-08 15:04:33.003012
youtube#commentThread,yEL9oV8a3SLQOCh3LH_eBKgb358,UgzuaBUkRy4ncoHyMbl4AaABAg,"{'videoId': 'uuh1ydDwwrQ', 'topLevelComment': {'kind': 'youtube#comment', 'etag': 'pORI1IXwVpKAzjCFPZETQVTtFgs', 'id': 'UgzuaBUkRy4ncoHyMbl4AaABAg', 'snippet': {'videoId': 'uuh1ydDwwrQ', 'textDisplay': 'China  não  tem  democracia', 'textOriginal': 'China  não  tem  democracia', 'authorDisplayName': 'Leandro Monteiro', 'authorProfileImageUrl': 'https://yt3.ggpht.com/ytc/AGIKgqPLxJ9zKHH4JmEiErLbWel4Q-cqGTpsQRjz0w=s48-c-k-c0x00ffffff-no-rj', 'authorChannelUrl': 'http://www.youtube.com/channel/UC_jKaydWJ6YKot0djKvHzNQ', 'authorChannelId': {'value': 'UC_jKaydWJ6YKot0djKvHzNQ'}, 'canRate': True, 'viewerRating': 'none', 'likeCount': 0, 'publishedAt': '2022-10-22T19:29:11Z', 'updatedAt': '2022-10-22T19:29:11Z'}}, 'canReply': True, 'totalReplyCount': 0, 'isPublic': True}",,UC_jKaydWJ6YKot0djKvHzNQ,2022-10-22T19:29:11Z,China  não  tem  democracia,,2023-06-08 15:04:33.003012
youtube#commentThread,-J8lAfgqxnqnNhIfipMZO8cm7-Y,Ugy7rVCx9XJCfhEzOUN4AaABAg,"{'videoId': 'uuh1ydDwwrQ', 'topLevelComment': {'kind': 'youtube#comment', 'etag': 'qFK9H_G8H3O_YaCU7gCQvY91xcA', 'id': 'Ugy7rVCx9XJCfhEzOUN4AaABAg', 'snippet': {'videoId': 'uuh1ydDwwrQ', 'textDisplay': 'Só exemplo bom que vem do comunismo', 'textOriginal': 'Só exemplo bom que vem do comunismo', 'authorDisplayName': 'HackerdoShape', 'authorProfileImageUrl': 'https://yt3.ggpht.com/6dJ66_J81spImAM6-ay88-7kXE8L--CdATxBtmji7qeAj4fUk3xwbUTugHGjCvgXhXtAhM8Ifw=s48-c-k-c0x00ffffff-no-rj', 'authorChannelUrl': 'http://www.youtube.com/channel/UCAuGnj5VE0k2_rK54TiPNjQ', 'authorChannelId': {'value': 'UCAuGnj5VE0k2_rK54TiPNjQ'}, 'canRate': True, 'viewerRating': 'none', 'likeCount': 1, 'publishedAt': '2022-10-22T19:29:08Z', 'updatedAt': '2022-10-22T19:29:08Z'}}, 'canReply': True, 'totalReplyCount': 0, 'isPublic': True}",,UCAuGnj5VE0k2_rK54TiPNjQ,2022-10-22T19:29:08Z,Só exemplo bom que vem do comunismo,,2023-06-08 15:04:33.003012
youtube#commentThread,M9CvTcf0anCdCPi44hcWpFIKw8s,UgyxMzRn-juJ_SB8XSt4AaABAg,"{'videoId': 'uuh1ydDwwrQ', 'topLevelComment': {'kind': 'youtube#comment', 'etag': 'mz7_qU662yaJm7mGWl1TO9D793k', 'id': 'UgyxMzRn-juJ_SB8XSt4AaABAg', 'snippet': {'videoId': 'uuh1ydDwwrQ', 'textDisplay': 'Alexandre de morais que mandou tirar ele!', 'textOriginal': 'Alexandre de morais que mandou tirar ele!', 'authorDisplayName': 'Andre Ricardo', 'authorProfileImageUrl': 'https://yt3.ggpht.com/ytc/AGIKgqM-Di3B1CQvP1dAa8v-TvLEnhxGbO_5wIt7i0Xg0I0=s48-c-k-c0x00ffffff-no-rj', 'authorChannelUrl': 'http://www.youtube.com/channel/UCA0Tfcrg2DFQPDi3vI1lQHA', 'authorChannelId': {'value': 'UCA0Tfcrg2DFQPDi3vI1lQHA'}, 'canRate': True, 'viewerRating': 'none', 'likeCount': 5, 'publishedAt': '2022-10-22T19:28:51Z', 'updatedAt': '2022-10-22T19:30:52Z'}}, 'canReply': True, 'totalReplyCount': 0, 'isPublic': True}",,UCA0Tfcrg2DFQPDi3vI1lQHA,2022-10-22T19:28:51Z,Alexandre de morais que mandou tirar ele!,,2023-06-08 15:04:33.003012
youtube#commentThread,R6CkMIgrsp-Qm_YaD4yRtNWz4dg,UgxQRLDTQ73b4x2RnnF4AaABAg,"{'videoId': 'uuh1ydDwwrQ', 'topLevelComment': {'kind': 'youtube#comment', 'etag': 'ybN8vkcn14GkiRxuJcmUH15wEBg', 'id': 'UgxQRLDTQ73b4x2RnnF4AaABAg', 'snippet': {'videoId': 'uuh1ydDwwrQ', 'textDisplay': 'Quando a liberdade de expressão nos é tirada, logo poderemos ser levados, como ovelhas mudos e silenciosos, para o abate.', 'textOriginal': 'Quando a liberdade de expressão nos é tirada, logo poderemos ser levados, como ovelhas mudos e silenciosos, para o abate.', 'authorDisplayName': 'Izabelly Marinho', 'authorProfileImageUrl': 'https://yt3.ggpht.com/ytc/AGIKgqPZgCjKi5Hc8UcXiH1TVW0FqIPNCtNK3QOgZA=s48-c-k-c0x00ffffff-no-rj', 'authorChannelUrl': 'http://www.youtube.com/channel/UCTfgnBRP5ZdTXjqM5bjczBQ', 'authorChannelId': {'value': 'UCTfgnBRP5ZdTXjqM5bjczBQ'}, 'canRate': True, 'viewerRating': 'none', 'likeCount': 220, 'publishedAt': '2022-10-22T19:28:34Z', 'updatedAt': '2022-10-22T19:28:34Z'}}, 'canReply': True, 'totalReplyCount': 9, 'isPublic': True}","{'comments': [{'kind': 'youtube#comment', 'etag': 'KA5QperU0-mB4tr8vNFHRUf9ey4', 'id': 'UgxQRLDTQ73b4x2RnnF4AaABAg.9hVHVHuxsq59hkBZYJUwXi', 'snippet': {'videoId': 'uuh1ydDwwrQ', 'textDisplay': 'Nem abate, nem pai de arara, ...pau de churrasco, o hu Jintao disse, : Bom já está tudo encaminhado, vou primeiro pois tenho horário marcado com a minha massagista, ...não esqueça de levar cerveja gelada, da ultima vez estva quente que nem chá,....<br>Xi jin ping: Está certo, vou sim, vou mandar buscar a melhor da Alemanha, vai na sobra, com seus seguranças pessoais.....até lá.<br>Hu Jintao, : ujah ,então peça costelas daquele restaurante brasileiro, houvi dizer que o sabor do churrasco deles é divino...u.,m,mm<br><br>Rsrs', 'textOriginal': 'Nem abate, nem pai de arara, ...pau de churrasco, o hu Jintao disse, : Bom já está tudo encaminhado, vou primeiro pois tenho horário marcado com a minha massagista, ...não esqueça de levar cerveja gelada, da ultima vez estva quente que nem chá,....\\nXi jin ping: Está certo, vou sim, vou mandar buscar a melhor da Alemanha, vai na sobra, com seus seguranças pessoais.....até lá.\\nHu Jintao, : ujah ,então peça costelas daquele restaurante brasileiro, houvi dizer que o sabor do churrasco deles é divino...u.,m,mm\\n\\nRsrs', 'parentId': 'UgxQRLDTQ73b4x2RnnF4AaABAg', 'authorDisplayName': 'mau lwong fang', 'authorProfileImageUrl': 'https://yt3.ggpht.com/ytc/AGIKgqMu8CyYWJvOOgxfzJDq5hmthqtOW2w5MiLpiA=s48-c-k-c0x00ffffff-no-rj', 'authorChannelUrl': 'http://www.youtube.com/channel/UCw02fRP7KSiePA2ivJ2Hw2Q', 'authorChannelId': {'value': 'UCw02fRP7KSiePA2ivJ2Hw2Q'}, 'canRate': True, 'viewerRating': 'none', 'likeCount': 1, 'publishedAt': '2022-10-28T23:44:34Z', 'updatedAt': '2022-10-28T23:44:34Z'}}, {'kind': 'youtube#comment', 'etag': 'JQ7fzipB3sl8YiKYzrIYK86eCJU', 'id': 'UgxQRLDTQ73b4x2RnnF4AaABAg.9hVHVHuxsq59hkAX6jV7A3', 'snippet': {'videoId': 'uuh1ydDwwrQ', 'textDisplay': 'É isto aí, veja só o que aconteceu com BorsJonhson, desmascarou que Kiev tinha sido totalmente arraz@da e perseguiram-no e depôs lo, o primeiro ministro do Japão deu um. Aceno aa coreia do norte, e foi deposto e assassinado....<br>Por isto que o Zeroskill age como um sissy.<br><br><br>Kkkkkk', 'textOriginal': 'É isto aí, veja só o que aconteceu com BorsJonhson, desmascarou que Kiev tinha sido totalmente arraz@da e perseguiram-no e depôs lo, o primeiro ministro do Japão deu um. Aceno aa coreia do norte, e foi deposto e assassinado....\\nPor isto que o Zeroskill age como um sissy.\\n\\n\\nKkkkkk', 'parentId': 'UgxQRLDTQ73b4x2RnnF4AaABAg', 'authorDisplayName': 'mau lwong fang', 'authorProfileImageUrl': 'https://yt3.ggpht.com/ytc/AGIKgqMu8CyYWJvOOgxfzJDq5hmthqtOW2w5MiLpiA=s48-c-k-c0x00ffffff-no-rj', 'authorChannelUrl': 'http://www.youtube.com/channel/UCw02fRP7KSiePA2ivJ2Hw2Q', 'authorChannelId': {'value': 'UCw02fRP7KSiePA2ivJ2Hw2Q'}, 'canRate': True, 'viewerRating': 'none', 'likeCount': 0, 'publishedAt': '2022-10-28T23:35:30Z', 'updatedAt': '2022-10-28T23:35:30Z'}}, {'kind': 'youtube#comment', 'etag': 'xiftqofCNtDhL5AcCbyNt_Ni1NQ', 'id': 'UgxQRLDTQ73b4x2RnnF4AaABAg.9hVHVHuxsq59hgNof8uo_b', 'snippet': {'videoId': 'uuh1ydDwwrQ', 'textDisplay': '@adelino Athylus Você entendeu tudo errado ou tá de sacanagem mesmo????<br>Não flerte com o comunismo . O gosto na prática é bem amargo .', 'textOriginal': '@adelino Athylus Você entendeu tudo errado ou tá de sacanagem mesmo????\\nNão flerte com o comunismo . O gosto na prática é bem amargo .', 'parentId': 'UgxQRLDTQ73b4x2RnnF4AaABAg', 'authorDisplayName': 'Lorena Laudano', 'authorProfileImageUrl': 'https://yt3.ggpht.com/ytc/AGIKgqM2ipsSiffM9qJ8LvFrXr1x_7jezcB0zUUCJQ=s48-c-k-c0x00ffffff-no-rj', 'authorChannelUrl': 'http://www.youtube.com/channel/UC4Yot3yFkG8CdcRAPY-w-_A', 'authorChannelId': {'value': 'UC4Yot3yFkG8CdcRAPY-w-_A'}, 'canRate': True, 'viewerRating': 'none', 'likeCount': 0, 'publishedAt': '2022-10-27T12:14:40Z', 'updatedAt': '2022-10-27T12:14:40Z'}}, {'kind': 'youtube#comment', 'etag': 'E6AwpZXqJ6fbxTV7aOlpC87vZkw', 'id': 'UgxQRLDTQ73b4x2RnnF4AaABAg.9hVHVHuxsq59heTBTnqQiF', 'snippet': {'videoId': 'uuh1ydDwwrQ', 'textDisplay': 'Por isso devemos votar 13 e garantir que nossa bandeira será vermelha em 2023.', 'textOriginal': 'Por isso devemos votar 13 e garantir que nossa bandeira será vermelha em 2023.', 'parentId': 'UgxQRLDTQ73b4x2RnnF4AaABAg', 'authorDisplayName': 'adelino Athylus', 'authorProfileImageUrl': 'https://yt3.ggpht.com/ytc/AGIKgqOTYsrLeA5gs4dVjfSIM2s9DFMG96aq2sMn_mBK=s48-c-k-c0x00ffffff-no-rj', 'authorChannelUrl': 'http://www.youtube.com/channel/UCqVKmA_7BT0LxXA5wGJCpTQ', 'authorChannelId': {'value': 'UCqVKmA_7BT0LxXA5wGJCpTQ'}, 'canRate': True, 'viewerRating': 'none', 'likeCount': 0, 'publishedAt': '2022-10-26T18:23:08Z', 'updatedAt': '2022-10-26T18:23:08Z'}}, {'kind': 'youtube#comment', 'etag': 'HLS-rYPtgm7CUlU4X4k_lPh3zGE', 'id': 'UgxQRLDTQ73b4x2RnnF4AaABAg.9hVHVHuxsq59hXGgxxBm8z', 'snippet': {'videoId': 'uuh1ydDwwrQ', 'textDisplay': '@Tiburcio Nascimento Não tem graça . Esse sistema é a miséria do mundo ... Que infelizmente um brasileiro , não por ignorância, mas por ambição e atração por esse sistema , aproximou demais nossa nação em flerte com esse tipo de domínio . Pior , bem disfarçado! Sorrateiro foi de chegando , em forma de apretechos tão baratinhos... escambo, empréstimos dos mares , venda e doação de terras ! E tantos brasileiros ainda preferem não ler e se atraem pela picanha e camaradagem da mortadela😱vão como ratos , prejudicando um país inteiro 😑😔😶', 'textOriginal': '@Tiburcio Nascimento Não tem graça . Esse sistema é a miséria do mundo ... Que infelizmente um brasileiro , não por ignorância, mas por ambição e atração por esse sistema , aproximou demais nossa nação em flerte com esse tipo de domínio . Pior , bem disfarçado! Sorrateiro foi de chegando , em forma de apretechos tão baratinhos... escambo, empréstimos dos mares , venda e doação de terras ! E tantos brasileiros ainda preferem não ler e se atraem pela picanha e camaradagem da mortadela😱vão como ratos , prejudicando um país inteiro 😑😔😶', 'parentId': 'UgxQRLDTQ73b4x2RnnF4AaABAg', 'authorDisplayName': 'Lorena Laudano', 'authorProfileImageUrl': 'https://yt3.ggpht.com/ytc/AGIKgqM2ipsSiffM9qJ8LvFrXr1x_7jezcB0zUUCJQ=s48-c-k-c0x00ffffff-no-rj', 'authorChannelUrl': 'http://www.youtube.com/channel/UC4Yot3yFkG8CdcRAPY-w-_A', 'authorChannelId': {'value': 'UC4Yot3yFkG8CdcRAPY-w-_A'}, 'canRate': True, 'viewerRating': 'none', 'likeCount': 0, 'publishedAt': '2022-10-23T14:00:02Z', 'updatedAt': '2022-10-23T14:00:02Z'}}]}",UCTfgnBRP5ZdTXjqM5bjczBQ,2022-10-22T19:28:34Z,"Quando a liberdade de expressão nos é tirada, logo poderemos ser levados, como ovelhas mudos e silenciosos, para o abate.",,2023-06-08 15:04:33.003012
youtube#commentThread,r6C65j032PbQWwIj35N-WZkfJV4,UgxoDO26T-1zXgUIzN94AaABAg,"{'videoId': 'uuh1ydDwwrQ', 'topLevelComment': {'kind': 'youtube#comment', 'etag': 'Y3wY23kdBiY_DJO32A4nC_0k6bc', 'id': 'UgxoDO26T-1zXgUIzN94AaABAg', 'snippet': {'videoId': 'uuh1ydDwwrQ', 'textDisplay': 'Este fato relacionado a retirada do ex Administrador, Nós mostra como funcionam as ditaduras. Oque muito Idiotas aplaudem.', 'textOriginal': 'Este fato relacionado a retirada do ex Administrador, Nós mostra como funcionam as ditaduras. Oque muito Idiotas aplaudem.', 'authorDisplayName': 'Iraci Weirích Batista', 'authorProfileImageUrl': 'https://yt3.ggpht.com/ytc/AGIKgqP8Wk72Fii_SsJ6Id9K3maKbUS3PeyLJ_ymJg=s48-c-k-c0x00ffffff-no-rj', 'authorChannelUrl': 'http://www.youtube.com/channel/UCWycydQkUr1Gmk40TPFgTCg', 'authorChannelId': {'value': 'UCWycydQkUr1Gmk40TPFgTCg'}, 'canRate': True, 'viewerRating': 'none', 'likeCount': 0, 'publishedAt': '2022-10-22T19:27:41Z', 'updatedAt': '2022-10-22T19:27:41Z'}}, 'canReply': True, 'totalReplyCount': 0, 'isPublic': True}",,UCWycydQkUr1Gmk40TPFgTCg,2022-10-22T19:27:41Z,"Este fato relacionado a retirada do ex Administrador, Nós mostra como funcionam as ditaduras. Oque muito Idiotas aplaudem.",,2023-06-08 15:04:33.003012
youtube#commentThread,fy6T0q0dwvPLs_v3e1ORP_7kciQ,UgzPSn3nQxoI8bcRrNt4AaABAg,"{'videoId': 'uuh1ydDwwrQ', 'topLevelComment': {'kind': 'youtube#comment', 'etag': 'dKdkHAOVa6AR0LrH_zhxbdWSoOo', 'id': 'UgzPSn3nQxoI8bcRrNt4AaABAg', 'snippet': {'videoId': 'uuh1ydDwwrQ', 'textDisplay': 'Olhando o semblante dos participantes dessas convenções é  visível a tensão. Um regime que se vacilar no apoio ao partido tem seu destino tenebroso!', 'textOriginal': 'Olhando o semblante dos participantes dessas convenções é  visível a tensão. Um regime que se vacilar no apoio ao partido tem seu destino tenebroso!', 'authorDisplayName': 'Walfrido Cruz', 'authorProfileImageUrl': 'https://yt3.ggpht.com/ytc/AGIKgqNzkRS1XtOwVpQkl795Sdj2J21QCVponQNNwqZFp90rK0M8EHAnc24js4KK6u3i=s48-c-k-c0x00ffffff-no-rj', 'authorChannelUrl': 'http://www.youtube.com/channel/UCI0IX9wSQcsgHJBBWmMUB5Q', 'authorChannelId': {'value': 'UCI0IX9wSQcsgHJBBWmMUB5Q'}, 'canRate': True, 'viewerRating': 'none', 'likeCount': 309, 'publishedAt': '2022-10-22T19:27:04Z', 'updatedAt': '2022-10-22T19:27:04Z'}}, 'canReply': True, 'totalReplyCount': 28, 'isPublic': True}","{'comments': [{'kind': 'youtube#comment', 'etag': 'aKYXCQmIYarEszN3WQ5lyHiUP74', 'id': 'UgzPSn3nQxoI8bcRrNt4AaABAg.9hVHKEdN77p9hgolufH97w', 'snippet': {'videoId': 'uuh1ydDwwrQ', 'textDisplay': '@Iran Lima EXPURGO AO VIVO!<br><br>Chamaram um cara logado ao governo chinês pra comentar?? a que ponto chegamos!!', 'textOriginal': '@Iran Lima EXPURGO AO VIVO!\\n\\nChamaram um cara logado ao governo chinês pra comentar?? a que ponto chegamos!!', 'parentId': 'UgzPSn3nQxoI8bcRrNt4AaABAg', 'authorDisplayName': 'Luiz', 'authorProfileImageUrl': 'https://yt3.ggpht.com/he6n8u83cCCtrX-55qfwVgOY3UAuHj5hqhyXgEsuuQn3z13Nb_OPAmU_ZvCWjZX4g9rmw8cBPQ=s48-c-k-c0x00ffffff-no-rj', 'authorChannelUrl': 'http://www.youtube.com/channel/UCoGq_643DhWQzGsc1YuVFug', 'authorChannelId': {'value': 'UCoGq_643DhWQzGsc1YuVFug'}, 'canRate': True, 'viewerRating': 'none', 'likeCount': 1, 'publishedAt': '2022-10-27T16:18:57Z', 'updatedAt': '2022-10-27T16:18:57Z'}}, {'kind': 'youtube#comment', 'etag': 'vcHrZnAdXrE1tQjFHactNh4CXT4', 'id': 'UgzPSn3nQxoI8bcRrNt4AaABAg.9hVHKEdN77p9hdf5ZR1J1y', 'snippet': {'videoId': 'uuh1ydDwwrQ', 'textDisplay': 'Ele estava se sentindo mal ? 😂😂😂Queria ver os representantes da BBC falarem algo diferente disso. Provavelmente teriam o mesmo fim do dono do Alibaba. Essa atitude foi um flagrante absurdo do autoritarismo chinês. Aliás o que esperar de um entrevistado de uma Universidade Chinesa?', 'textOriginal': 'Ele estava se sentindo mal ? 😂😂😂Queria ver os representantes da BBC falarem algo diferente disso. Provavelmente teriam o mesmo fim do dono do Alibaba. Essa atitude foi um flagrante absurdo do autoritarismo chinês. Aliás o que esperar de um entrevistado de uma Universidade Chinesa?', 'parentId': 'UgzPSn3nQxoI8bcRrNt4AaABAg', 'authorDisplayName': 'Iran Lima', 'authorProfileImageUrl': 'https://yt3.ggpht.com/ytc/AGIKgqOek9NGylHov4TFXvBw70kTGf4bHKMXOcnk4w=s48-c-k-c0x00ffffff-no-rj', 'authorChannelUrl': 'http://www.youtube.com/channel/UCWJ6rfsDBiC1v327e8xiIrw', 'authorChannelId': {'value': 'UCWJ6rfsDBiC1v327e8xiIrw'}, 'canRate': True, 'viewerRating': 'none', 'likeCount': 1, 'publishedAt': '2022-10-26T10:56:40Z', 'updatedAt': '2022-10-26T10:56:40Z'}}, {'kind': 'youtube#comment', 'etag': '9FwR0FS_g-ZsHNC103oNOO5AmWY', 'id': 'UgzPSn3nQxoI8bcRrNt4AaABAg.9hVHKEdN77p9hYpKc96O5D', 'snippet': {'videoId': 'uuh1ydDwwrQ', 'textDisplay': '@Carlos Santos não, sou comunista, essas emissoras são lixos...', 'textOriginal': '@Carlos Santos não, sou comunista, essas emissoras são lixos...', 'parentId': 'UgzPSn3nQxoI8bcRrNt4AaABAg', 'authorDisplayName': 'Ferreira', 'authorProfileImageUrl': 'https://yt3.ggpht.com/ytc/AGIKgqOrDdLXSGbtfFm5ZKR1Pm4oZM774r5Ssu2D3A=s48-c-k-c0x00ffffff-no-rj', 'authorChannelUrl': 'http://www.youtube.com/channel/UCIEha7BoEo_gwmDjtacxkGQ', 'authorChannelId': {'value': 'UCIEha7BoEo_gwmDjtacxkGQ'}, 'canRate': True, 'viewerRating': 'none', 'likeCount': 0, 'publishedAt': '2022-10-24T04:30:40Z', 'updatedAt': '2022-10-24T04:30:40Z'}}, {'kind': 'youtube#comment', 'etag': '5A3sNQSJ5M1Ysn9XcGK5yP93XHo', 'id': 'UgzPSn3nQxoI8bcRrNt4AaABAg.9hVHKEdN77p9hY_wM4UnLq', 'snippet': {'videoId': 'uuh1ydDwwrQ', 'textDisplay': '@Ferreira Você vive no mundo da Globolixo e da CNN', 'textOriginal': '@Ferreira Você vive no mundo da Globolixo e da CNN', 'parentId': 'UgzPSn3nQxoI8bcRrNt4AaABAg', 'authorDisplayName': 'Carlos Santos', 'authorProfileImageUrl': 'https://yt3.ggpht.com/ytc/AGIKgqMfeinT5MbBffoo0eetZKqXGLsIkp34--YswMlZsQ=s48-c-k-c0x00ffffff-no-rj', 'authorChannelUrl': 'http://www.youtube.com/channel/UCQfttFudBss4VLluaBJi5Wg', 'authorChannelId': {'value': 'UCQfttFudBss4VLluaBJi5Wg'}, 'canRate': True, 'viewerRating': 'none', 'likeCount': 0, 'publishedAt': '2022-10-24T02:16:09Z', 'updatedAt': '2022-10-24T02:16:09Z'}}, {'kind': 'youtube#comment', 'etag': 'Jvpfe_j8TYqm8qZcdtSTieJ37DU', 'id': 'UgzPSn3nQxoI8bcRrNt4AaABAg.9hVHKEdN77p9hY_nclohfh', 'snippet': {'videoId': 'uuh1ydDwwrQ', 'textDisplay': '@Donizeti Gomes Verdade.', 'textOriginal': '@Donizeti Gomes Verdade.', 'parentId': 'UgzPSn3nQxoI8bcRrNt4AaABAg', 'authorDisplayName': 'Carlos Santos', 'authorProfileImageUrl': 'https://yt3.ggpht.com/ytc/AGIKgqMfeinT5MbBffoo0eetZKqXGLsIkp34--YswMlZsQ=s48-c-k-c0x00ffffff-no-rj', 'authorChannelUrl': 'http://www.youtube.com/channel/UCQfttFudBss4VLluaBJi5Wg', 'authorChannelId': {'value': 'UCQfttFudBss4VLluaBJi5Wg'}, 'canRate': True, 'viewerRating': 'none', 'likeCount': 0, 'publishedAt': '2022-10-24T02:14:57Z', 'updatedAt': '2022-10-24T02:14:57Z'}}]}",UCI0IX9wSQcsgHJBBWmMUB5Q,2022-10-22T19:27:04Z,Olhando o semblante dos participantes dessas convenções é  visível a tensão. Um regime que se vacilar no apoio ao partido tem seu destino tenebroso!,,2023-06-08 15:04:33.003012
youtube#commentThread,rkUse7VNx5Jl3L11LAZacr2H9Fo,UgyAvXaNTDmTg1U3nU94AaABAg,"{'videoId': 'uuh1ydDwwrQ', 'topLevelComment': {'kind': 'youtube#comment', 'etag': 'Qb7m_ABwNi8zuANDK_0E-21evww', 'id': 'UgyAvXaNTDmTg1U3nU94AaABAg', 'snippet': {'videoId': 'uuh1ydDwwrQ', 'textDisplay': 'Comunismo? É  assim mesmo !! Quero posso e mando! Não dou explicação!!', 'textOriginal': 'Comunismo? É  assim mesmo !! Quero posso e mando! Não dou explicação!!', 'authorDisplayName': 'Jorge São Jorge', 'authorProfileImageUrl': 'https://yt3.ggpht.com/ytc/AGIKgqMfIxj4EKUNDOyqWXfBM7pPN7e2nxXo0xX7r8sw=s48-c-k-c0x00ffffff-no-rj', 'authorChannelUrl': 'http://www.youtube.com/channel/UCTub-l_5JALxp3DD519GxZw', 'authorChannelId': {'value': 'UCTub-l_5JALxp3DD519GxZw'}, 'canRate': True, 'viewerRating': 'none', 'likeCount': 0, 'publishedAt': '2022-10-22T19:26:51Z', 'updatedAt': '2022-10-22T19:26:51Z'}}, 'canReply': True, 'totalReplyCount': 0, 'isPublic': True}",,UCTub-l_5JALxp3DD519GxZw,2022-10-22T19:26:51Z,Comunismo? É  assim mesmo !! Quero posso e mando! Não dou explicação!!,,2023-06-08 15:04:33.003012
youtube#commentThread,poHzylRX8I-rn_41WmS30A69R0M,UgyDw0kAZG-nDHpvXbZ4AaABAg,"{'videoId': 'uuh1ydDwwrQ', 'topLevelComment': {'kind': 'youtube#comment', 'etag': 'j0nfX5d5aZsWT5o6mpW8yfEZpCU', 'id': 'UgyDw0kAZG-nDHpvXbZ4AaABAg', 'snippet': {'videoId': 'uuh1ydDwwrQ', 'textDisplay': 'Pedir informação sobre o ocorrido a alguém que TRABALHA na China é, no mínimo, ingenuidade', 'textOriginal': 'Pedir informação sobre o ocorrido a alguém que TRABALHA na China é, no mínimo, ingenuidade', 'authorDisplayName': 'Alberto de Freitas', 'authorProfileImageUrl': 'https://yt3.ggpht.com/ytc/AGIKgqO2_08cw1GVrdmWhj044T38cr1hCvMbD9pE1w=s48-c-k-c0x00ffffff-no-rj', 'authorChannelUrl': 'http://www.youtube.com/channel/UCSAk6f8RJPobfn1EFrgdaXg', 'authorChannelId': {'value': 'UCSAk6f8RJPobfn1EFrgdaXg'}, 'canRate': True, 'viewerRating': 'none', 'likeCount': 1, 'publishedAt': '2022-10-22T19:26:20Z', 'updatedAt': '2022-10-22T19:26:20Z'}}, 'canReply': True, 'totalReplyCount': 0, 'isPublic': True}",,UCSAk6f8RJPobfn1EFrgdaXg,2022-10-22T19:26:20Z,"Pedir informação sobre o ocorrido a alguém que TRABALHA na China é, no mínimo, ingenuidade",,2023-06-08 15:04:33.003012
youtube#commentThread,3sT_Gr5bHSxkMQCLJ73mJnQP5lY,UgzS_q_drhvVn0ZC_7J4AaABAg,"{'videoId': 'uuh1ydDwwrQ', 'topLevelComment': {'kind': 'youtube#comment', 'etag': 'h0o4d7Lf7TNOp1U4pK9PqABI464', 'id': 'UgzS_q_drhvVn0ZC_7J4AaABAg', 'snippet': {'videoId': 'uuh1ydDwwrQ', 'textDisplay': 'É a democracia e a liberdade de expressão Chinesa kkkkk pátria família e liberdade viva o presidente Bolsonaro vai ser reeleito no dia 30', 'textOriginal': 'É a democracia e a liberdade de expressão Chinesa kkkkk pátria família e liberdade viva o presidente Bolsonaro vai ser reeleito no dia 30', 'authorDisplayName': 'Aires Oliveira', 'authorProfileImageUrl': 'https://yt3.ggpht.com/ytc/AGIKgqOy7T-OqI1hRJXGv2qQb9tuye1VH6fu-EM9CQ=s48-c-k-c0x00ffffff-no-rj', 'authorChannelUrl': 'http://www.youtube.com/channel/UCT7PqvznrLX7h6qo3W5iG_A', 'authorChannelId': {'value': 'UCT7PqvznrLX7h6qo3W5iG_A'}, 'canRate': True, 'viewerRating': 'none', 'likeCount': 0, 'publishedAt': '2022-10-22T19:26:14Z', 'updatedAt': '2022-10-22T19:26:14Z'}}, 'canReply': True, 'totalReplyCount': 0, 'isPublic': True}",,UCT7PqvznrLX7h6qo3W5iG_A,2022-10-22T19:26:14Z,É a democracia e a liberdade de expressão Chinesa kkkkk pátria família e liberdade viva o presidente Bolsonaro vai ser reeleito no dia 30,,2023-06-08 15:04:33.003012
youtube#commentThread,RGNkn7R9SmyWXWxo-6s1XhKyUYY,UgzqHsmX5BCePeEj7UN4AaABAg,"{'videoId': 'uuh1ydDwwrQ', 'topLevelComment': {'kind': 'youtube#comment', 'etag': '86hgAW8HaCcqD_negOfB2wpxZLE', 'id': 'UgzqHsmX5BCePeEj7UN4AaABAg', 'snippet': {'videoId': 'uuh1ydDwwrQ', 'textDisplay': 'Manda quem pode, obedece quem tem juízo', 'textOriginal': 'Manda quem pode, obedece quem tem juízo', 'authorDisplayName': 'Maurício29', 'authorProfileImageUrl': 'https://yt3.ggpht.com/1wxHPsBuEeCHwAaMpyFeXYcj6KxjcEFmjlfMt-TSPYmh_w4GG_4fXg-DyNPJ7mgxMVTWgC3ySQ=s48-c-k-c0x00ffffff-no-rj', 'authorChannelUrl': 'http://www.youtube.com/channel/UCs-8HgLIY0bxCgP6euk1XNA', 'authorChannelId': {'value': 'UCs-8HgLIY0bxCgP6euk1XNA'}, 'canRate': True, 'viewerRating': 'none', 'likeCount': 5, 'publishedAt': '2022-10-22T19:26:05Z', 'updatedAt': '2022-10-22T19:26:05Z'}}, 'canReply': True, 'totalReplyCount': 1, 'isPublic': True}","{'comments': [{'kind': 'youtube#comment', 'etag': 'iAH4abyfsAozt9wrkjMUPLuy2JQ', 'id': 'UgzqHsmX5BCePeEj7UN4AaABAg.9hVHD1FXCtc9hVJoLgNntV', 'snippet': {'videoId': 'uuh1ydDwwrQ', 'textDisplay': 'O Xandão é o destaque da novela...me lembra  a peça ..O Fantasma da Ópera..em que aplaudimos o vilão de pé....no fim da peça...ele é a razão de nossa união,  se pensarmos bem....a cada dia se supera...', 'textOriginal': 'O Xandão é o destaque da novela...me lembra  a peça ..O Fantasma da Ópera..em que aplaudimos o vilão de pé....no fim da peça...ele é a razão de nossa união,  se pensarmos bem....a cada dia se supera...', 'parentId': 'UgzqHsmX5BCePeEj7UN4AaABAg', 'authorDisplayName': 'Tiburcio Nascimento', 'authorProfileImageUrl': 'https://yt3.ggpht.com/ytc/AGIKgqPYJ16XbloZp1nRif2q9UiINjE9b3aLcJFllVpYZmGF8L32gAvFuJ_fm0H5T6oa=s48-c-k-c0x00ffffff-no-rj', 'authorChannelUrl': 'http://www.youtube.com/channel/UCOpVT2WBtvOTmNgRgNreY3Q', 'authorChannelId': {'value': 'UCOpVT2WBtvOTmNgRgNreY3Q'}, 'canRate': True, 'viewerRating': 'none', 'likeCount': 0, 'publishedAt': '2022-10-22T19:48:47Z', 'updatedAt': '2022-10-22T19:48:47Z'}}]}",UCs-8HgLIY0bxCgP6euk1XNA,2022-10-22T19:26:05Z,"Manda quem pode, obedece quem tem juízo",,2023-06-08 15:04:33.003012
youtube#commentThread,M1zv7GKFgDPqa__pFYaxEGCjAxo,UgyxNg3iV6FNhIxVckN4AaABAg,"{'videoId': 'uuh1ydDwwrQ', 'topLevelComment': {'kind': 'youtube#comment', 'etag': '2iaU0FdDmk9PlZU08nmbsW7ALy0', 'id': 'UgyxNg3iV6FNhIxVckN4AaABAg', 'snippet': {'videoId': 'uuh1ydDwwrQ', 'textDisplay': 'HU JINTAO VAI TER SEU CPF CANCELADO! É O QUE ACONTECE NAS DITADURAS!', 'textOriginal': 'HU JINTAO VAI TER SEU CPF CANCELADO! É O QUE ACONTECE NAS DITADURAS!', 'authorDisplayName': 'Jose Nelson Tavares de Souza', 'authorProfileImageUrl': 'https://yt3.ggpht.com/ytc/AGIKgqO9kAwt0DiBG4xtyXKq51aBML49wToLifyb7ZoafAgLnCJmKu2GeRKHPFhzkevQ=s48-c-k-c0x00ffffff-no-rj', 'authorChannelUrl': 'http://www.youtube.com/channel/UCYf0j9i1VzUoqfxw00NHghw', 'authorChannelId': {'value': 'UCYf0j9i1VzUoqfxw00NHghw'}, 'canRate': True, 'viewerRating': 'none', 'likeCount': 0, 'publishedAt': '2022-10-22T19:25:50Z', 'updatedAt': '2022-10-22T19:25:50Z'}}, 'canReply': True, 'totalReplyCount': 0, 'isPublic': True}",,UCYf0j9i1VzUoqfxw00NHghw,2022-10-22T19:25:50Z,HU JINTAO VAI TER SEU CPF CANCELADO! É O QUE ACONTECE NAS DITADURAS!,,2023-06-08 15:04:33.003012
youtube#commentThread,pCXI9gDKmWXdB05Y9UjAcBmaYRA,UgzEf6OdGw0VDT92aEV4AaABAg,"{'videoId': 'uuh1ydDwwrQ', 'topLevelComment': {'kind': 'youtube#comment', 'etag': 'O-2Y7KqXEghMXJrEXOElnm0k4Rw', 'id': 'UgzEf6OdGw0VDT92aEV4AaABAg', 'snippet': {'videoId': 'uuh1ydDwwrQ', 'textDisplay': 'foi Alexandre de morais que mandou tirar ele eu acho', 'textOriginal': 'foi Alexandre de morais que mandou tirar ele eu acho', 'authorDisplayName': 'Tony china China', 'authorProfileImageUrl': 'https://yt3.ggpht.com/ytc/AGIKgqOtyTqgGGl0Tbby1ZIVPuVWmmOWj2Je24Tgxw=s48-c-k-c0x00ffffff-no-rj', 'authorChannelUrl': 'http://www.youtube.com/channel/UCjhLL95Hx2XPJt1Oq2yZQ3Q', 'authorChannelId': {'value': 'UCjhLL95Hx2XPJt1Oq2yZQ3Q'}, 'canRate': True, 'viewerRating': 'none', 'likeCount': 26, 'publishedAt': '2022-10-22T19:25:48Z', 'updatedAt': '2022-10-22T19:25:48Z'}}, 'canReply': True, 'totalReplyCount': 0, 'isPublic': True}",,UCjhLL95Hx2XPJt1Oq2yZQ3Q,2022-10-22T19:25:48Z,foi Alexandre de morais que mandou tirar ele eu acho,,2023-06-08 15:04:33.003012
youtube#commentThread,Fg8JTmpbm1FZGXWjo6sK603A2yQ,UgxQ88DMXfhQf3RCC7d4AaABAg,"{'videoId': 'uuh1ydDwwrQ', 'topLevelComment': {'kind': 'youtube#comment', 'etag': 'SX-te_ShiQpfBtWIsAlKxxcj6j4', 'id': 'UgxQ88DMXfhQf3RCC7d4AaABAg', 'snippet': {'videoId': 'uuh1ydDwwrQ', 'textDisplay': 'China por trás de tudo  que vem pros países COMUNISTA!', 'textOriginal': 'China por trás de tudo  que vem pros países COMUNISTA!', 'authorDisplayName': 'Ana Paula Santos', 'authorProfileImageUrl': 'https://yt3.ggpht.com/zhHAN7zRdt6Vrgsar8pcqajf5KH3tFI7yuhZPZZBwmQJllLPygP7wX4Tc6T-Vrc-_Qe11xeLHQ=s48-c-k-c0x00ffffff-no-rj', 'authorChannelUrl': 'http://www.youtube.com/channel/UCUee_p-cU0ZeTiG5ng5PmMw', 'authorChannelId': {'value': 'UCUee_p-cU0ZeTiG5ng5PmMw'}, 'canRate': True, 'viewerRating': 'none', 'likeCount': 0, 'publishedAt': '2022-10-22T19:25:36Z', 'updatedAt': '2022-10-22T19:25:36Z'}}, 'canReply': True, 'totalReplyCount': 0, 'isPublic': True}",,UCUee_p-cU0ZeTiG5ng5PmMw,2022-10-22T19:25:36Z,China por trás de tudo  que vem pros países COMUNISTA!,,2023-06-08 15:04:33.003012
youtube#commentThread,aev3FU8FuVyuAKd9Ae1WvudcYGE,UgyPMi7SQHclWOuJwFp4AaABAg,"{'videoId': 'uuh1ydDwwrQ', 'topLevelComment': {'kind': 'youtube#comment', 'etag': 'iP-85WqQ1bw34_P787ZuMAPAG0M', 'id': 'UgyPMi7SQHclWOuJwFp4AaABAg', 'snippet': {'videoId': 'uuh1ydDwwrQ', 'textDisplay': 'A fala do professor Freitas é fiel à perspectiva chinesa no plano internacional.', 'textOriginal': 'A fala do professor Freitas é fiel à perspectiva chinesa no plano internacional.', 'authorDisplayName': 'Milvon Lopes dos Santos', 'authorProfileImageUrl': 'https://yt3.ggpht.com/ytc/AGIKgqP9K2myf3EgkGyKXdfFA2KZnr1mJlf1wzTWWHmPkA=s48-c-k-c0x00ffffff-no-rj', 'authorChannelUrl': 'http://www.youtube.com/channel/UCFl8s4GlLJlkJdYW6vTjSvA', 'authorChannelId': {'value': 'UCFl8s4GlLJlkJdYW6vTjSvA'}, 'canRate': True, 'viewerRating': 'none', 'likeCount': 67, 'publishedAt': '2022-10-22T19:25:24Z', 'updatedAt': '2022-10-22T19:25:24Z'}}, 'canReply': True, 'totalReplyCount': 5, 'isPublic': True}","{'comments': [{'kind': 'youtube#comment', 'etag': 'SZwsQSgTyNXn7odt6iDZSNSq97c', 'id': 'UgyPMi7SQHclWOuJwFp4AaABAg.9hVH84XORCb9hVYiOTB-vl', 'snippet': {'videoId': 'uuh1ydDwwrQ', 'textDisplay': 'Deve fazer parte do instituto Confúcio financiado pela China aqui no Brasil, vários ditos intelectuais e jornalistas são financiados para passar pano, aqui no YouTube está cheio deles. Um conhecido meu é professor universitário e me passou a informação! Desconfie de tudo inclusive do meu comentário! Foi só uma informação para fazer vocês pensarem.', 'textOriginal': 'Deve fazer parte do instituto Confúcio financiado pela China aqui no Brasil, vários ditos intelectuais e jornalistas são financiados para passar pano, aqui no YouTube está cheio deles. Um conhecido meu é professor universitário e me passou a informação! Desconfie de tudo inclusive do meu comentário! Foi só uma informação para fazer vocês pensarem.', 'parentId': 'UgyPMi7SQHclWOuJwFp4AaABAg', 'authorDisplayName': 'Núbia Machado', 'authorProfileImageUrl': 'https://yt3.ggpht.com/ytc/AGIKgqORJ6E8sTqEkryVe7siPQ8IyuRNigtTOKyWCA=s48-c-k-c0x00ffffff-no-rj', 'authorChannelUrl': 'http://www.youtube.com/channel/UCZnTxhMZYt9BtNNw-0CDz0w', 'authorChannelId': {'value': 'UCZnTxhMZYt9BtNNw-0CDz0w'}, 'canRate': True, 'viewerRating': 'none', 'likeCount': 1, 'publishedAt': '2022-10-22T21:59:03Z', 'updatedAt': '2022-10-22T21:59:03Z'}}, {'kind': 'youtube#comment', 'etag': 'k-fT7RA3uv2867tgVc9T-M7T9CM', 'id': 'UgyPMi7SQHclWOuJwFp4AaABAg.9hVH84XORCb9hVPT8mk1Q2', 'snippet': {'videoId': 'uuh1ydDwwrQ', 'textDisplay': 'exatamente, é só olhar outros vídeos desse sujeito, o cara é um militante do PCC', 'textOriginal': 'exatamente, é só olhar outros vídeos desse sujeito, o cara é um militante do PCC', 'parentId': 'UgyPMi7SQHclWOuJwFp4AaABAg', 'authorDisplayName': 'O SJ', 'authorProfileImageUrl': 'https://yt3.ggpht.com/ytc/AGIKgqOdBSMiJGRpu3AMgXlm6uvkFjT_fRgimPxJc_PS=s48-c-k-c0x00ffffff-no-rj', 'authorChannelUrl': 'http://www.youtube.com/channel/UCawuj9J9ztXisygAvIV5ztg', 'authorChannelId': {'value': 'UCawuj9J9ztXisygAvIV5ztg'}, 'canRate': True, 'viewerRating': 'none', 'likeCount': 0, 'publishedAt': '2022-10-22T20:38:11Z', 'updatedAt': '2022-10-22T20:38:11Z'}}, {'kind': 'youtube#comment', 'etag': 'PRNcP4bPsn2knOfm6IXuNNAw_tQ', 'id': 'UgyPMi7SQHclWOuJwFp4AaABAg.9hVH84XORCb9hVNwJ-7pTQ', 'snippet': {'videoId': 'uuh1ydDwwrQ', 'textDisplay': 'Concordo plenamente; ele parece que foi bem adotrinado', 'textOriginal': 'Concordo plenamente; ele parece que foi bem adotrinado', 'parentId': 'UgyPMi7SQHclWOuJwFp4AaABAg', 'authorDisplayName': 'carlos alberto canepa solimano', 'authorProfileImageUrl': 'https://yt3.ggpht.com/ytc/AGIKgqMOIhqzOkvacum_mgX8qjO0TdUShpY04Irkfg=s48-c-k-c0x00ffffff-no-rj', 'authorChannelUrl': 'http://www.youtube.com/channel/UCa8uUYwZClCmlGMKjk3QG5g', 'authorChannelId': {'value': 'UCa8uUYwZClCmlGMKjk3QG5g'}, 'canRate': True, 'viewerRating': 'none', 'likeCount': 5, 'publishedAt': '2022-10-22T20:24:49Z', 'updatedAt': '2022-10-22T20:24:49Z'}}, {'kind': 'youtube#comment', 'etag': 'zm0lZ8DjGjlz92T2QlsflyFpkkU', 'id': 'UgyPMi7SQHclWOuJwFp4AaABAg.9hVH84XORCb9hVKSU91fNG', 'snippet': {'videoId': 'uuh1ydDwwrQ', 'textDisplay': 'ele é o sonho de consumo do modelo de imprensa chinesa kkkkk', 'textOriginal': 'ele é o sonho de consumo do modelo de imprensa chinesa kkkkk', 'parentId': 'UgyPMi7SQHclWOuJwFp4AaABAg', 'authorDisplayName': 'Mauricio Leonardo', 'authorProfileImageUrl': 'https://yt3.ggpht.com/ytc/AGIKgqOo1hOyKhXcrzJPpT8NfHzrMeUF1LSawmpH1g=s48-c-k-c0x00ffffff-no-rj', 'authorChannelUrl': 'http://www.youtube.com/channel/UCW79dWJqFKCZ_PdxuqvRDbw', 'authorChannelId': {'value': 'UCW79dWJqFKCZ_PdxuqvRDbw'}, 'canRate': True, 'viewerRating': 'none', 'likeCount': 13, 'publishedAt': '2022-10-22T19:54:24Z', 'updatedAt': '2022-10-22T19:54:24Z'}}, {'kind': 'youtube#comment', 'etag': '8JycwCPG79OuGfKr9I_l4AP2w1c', 'id': 'UgyPMi7SQHclWOuJwFp4AaABAg.9hVH84XORCb9hVIZNaCHyR', 'snippet': {'videoId': 'uuh1ydDwwrQ', 'textDisplay': 'Tbem achei. Passou  pano', 'textOriginal': 'Tbem achei. Passou  pano', 'parentId': 'UgyPMi7SQHclWOuJwFp4AaABAg', 'authorDisplayName': 'Jazimara Stabili', 'authorProfileImageUrl': 'https://yt3.ggpht.com/ytc/AGIKgqM6HiSEtr39KhRTM3jmHcBhSGf9nEsJh5NZZkjcig0=s48-c-k-c0x00ffffff-no-rj', 'authorChannelUrl': 'http://www.youtube.com/channel/UC_NJMHnFgfUrRz70kCahJKw', 'authorChannelId': {'value': 'UC_NJMHnFgfUrRz70kCahJKw'}, 'canRate': True, 'viewerRating': 'none', 'likeCount': 11, 'publishedAt': '2022-10-22T19:37:52Z', 'updatedAt': '2022-10-22T19:37:52Z'}}]}",UCFl8s4GlLJlkJdYW6vTjSvA,2022-10-22T19:25:24Z,A fala do professor Freitas é fiel à perspectiva chinesa no plano internacional.,,2023-06-08 15:04:33.003012
youtube#commentThread,VR9ryJWcipcgHujzJ88Eq4VBD3I,Ugzw0tGRXslxaNtWtZB4AaABAg,"{'videoId': 'uuh1ydDwwrQ', 'topLevelComment': {'kind': 'youtube#comment', 'etag': 'xdWItLyA7klcDGbXcf4Q2034NlQ', 'id': 'Ugzw0tGRXslxaNtWtZB4AaABAg', 'snippet': {'videoId': 'uuh1ydDwwrQ', 'textDisplay': 'Deus nos livre dessea ideologia chinesa.', 'textOriginal': 'Deus nos livre dessea ideologia chinesa.', 'authorDisplayName': 'Fernandes SP', 'authorProfileImageUrl': 'https://yt3.ggpht.com/ytc/AGIKgqP0VIQiamfeTjxQnu55yDoOsUt1CO44XRkOI1BeGw=s48-c-k-c0x00ffffff-no-rj', 'authorChannelUrl': 'http://www.youtube.com/channel/UC_10sgx50nB8cRZD3rmYSMQ', 'authorChannelId': {'value': 'UC_10sgx50nB8cRZD3rmYSMQ'}, 'canRate': True, 'viewerRating': 'none', 'likeCount': 12, 'publishedAt': '2022-10-22T19:25:20Z', 'updatedAt': '2022-10-22T19:25:20Z'}}, 'canReply': True, 'totalReplyCount': 2, 'isPublic': True}","{'comments': [{'kind': 'youtube#comment', 'etag': 'SpuCUaIJe9Zfvv04UWOy3gBC0LQ', 'id': 'Ugzw0tGRXslxaNtWtZB4AaABAg.9hVH7ZsLOzm9hVLKpkz2B8', 'snippet': {'videoId': 'uuh1ydDwwrQ', 'textDisplay': '@Tiburcio Nascimento è complicado :(', 'textOriginal': '@Tiburcio Nascimento è complicado :(', 'parentId': 'Ugzw0tGRXslxaNtWtZB4AaABAg', 'authorDisplayName': 'Fernandes SP', 'authorProfileImageUrl': 'https://yt3.ggpht.com/ytc/AGIKgqP0VIQiamfeTjxQnu55yDoOsUt1CO44XRkOI1BeGw=s48-c-k-c0x00ffffff-no-rj', 'authorChannelUrl': 'http://www.youtube.com/channel/UC_10sgx50nB8cRZD3rmYSMQ', 'authorChannelId': {'value': 'UC_10sgx50nB8cRZD3rmYSMQ'}, 'canRate': True, 'viewerRating': 'none', 'likeCount': 0, 'publishedAt': '2022-10-22T20:02:06Z', 'updatedAt': '2022-10-22T20:02:06Z'}}, {'kind': 'youtube#comment', 'etag': '6Jl1f80LRa6ipxMiWBGXtt2lD6Q', 'id': 'Ugzw0tGRXslxaNtWtZB4AaABAg.9hVH7ZsLOzm9hVKq-B0VKg', 'snippet': {'videoId': 'uuh1ydDwwrQ', 'textDisplay': 'Chinesa???? Já estão rezando pela nossa cartilha....olha em torno..', 'textOriginal': 'Chinesa???? Já estão rezando pela nossa cartilha....olha em torno..', 'parentId': 'Ugzw0tGRXslxaNtWtZB4AaABAg', 'authorDisplayName': 'Tiburcio Nascimento', 'authorProfileImageUrl': 'https://yt3.ggpht.com/ytc/AGIKgqPYJ16XbloZp1nRif2q9UiINjE9b3aLcJFllVpYZmGF8L32gAvFuJ_fm0H5T6oa=s48-c-k-c0x00ffffff-no-rj', 'authorChannelUrl': 'http://www.youtube.com/channel/UCOpVT2WBtvOTmNgRgNreY3Q', 'authorChannelId': {'value': 'UCOpVT2WBtvOTmNgRgNreY3Q'}, 'canRate': True, 'viewerRating': 'none', 'likeCount': 0, 'publishedAt': '2022-10-22T19:57:45Z', 'updatedAt': '2022-10-22T19:57:45Z'}}]}",UC_10sgx50nB8cRZD3rmYSMQ,2022-10-22T19:25:20Z,Deus nos livre dessea ideologia chinesa.,,2023-06-08 15:04:33.003012
youtube#commentThread,BAkls7fLvTrO7kpJ2YPMduhY6fc,Ugwi9LOwCXwple5y9yl4AaABAg,"{'videoId': 'uuh1ydDwwrQ', 'topLevelComment': {'kind': 'youtube#comment', 'etag': 'v7ijrIoGd3LsbZwljF2Nn9AU5CU', 'id': 'Ugwi9LOwCXwple5y9yl4AaABAg', 'snippet': {'videoId': 'uuh1ydDwwrQ', 'textDisplay': 'kkkkkkkkkkkkkkkkkkk<br>não estava mesmo........<br>tadinho........<br>melhoras para ele.....<br>kkkkkkkk', 'textOriginal': 'kkkkkkkkkkkkkkkkkkk\\nnão estava mesmo........\\ntadinho........\\nmelhoras para ele.....\\nkkkkkkkk', 'authorDisplayName': 'Natanel Gonçalves', 'authorProfileImageUrl': 'https://yt3.ggpht.com/ytc/AGIKgqO2GrSP3i9avTP_fqiK56JTbIpwOr7s4xcquA=s48-c-k-c0x00ffffff-no-rj', 'authorChannelUrl': 'http://www.youtube.com/channel/UCjKZlMrVp2QcOpk5N_2_T5Q', 'authorChannelId': {'value': 'UCjKZlMrVp2QcOpk5N_2_T5Q'}, 'canRate': True, 'viewerRating': 'none', 'likeCount': 5, 'publishedAt': '2022-10-22T19:25:19Z', 'updatedAt': '2022-10-22T19:25:19Z'}}, 'canReply': True, 'totalReplyCount': 0, 'isPublic': True}",,UCjKZlMrVp2QcOpk5N_2_T5Q,2022-10-22T19:25:19Z,"kkkkkkkkkkkkkkkkkkk
não estava mesmo........
tadinho........
melhoras para ele.....
kkkkkkkk",,2023-06-08 15:04:33.003012
youtube#commentThread,mBl7c2_OujeTyb2rf4KnkjVxyc8,UgzSVuHAZrwLnZpG2wt4AaABAg,"{'videoId': 'uuh1ydDwwrQ', 'topLevelComment': {'kind': 'youtube#comment', 'etag': '9EaJNhz4GNNPIGK9dONg7UcYnVI', 'id': 'UgzSVuHAZrwLnZpG2wt4AaABAg', 'snippet': {'videoId': 'uuh1ydDwwrQ', 'textDisplay': 'A explicação desse professor é bem ao estilo comunista mesmo....', 'textOriginal': 'A explicação desse professor é bem ao estilo comunista mesmo....', 'authorDisplayName': 'Cassia Monteiro', 'authorProfileImageUrl': 'https://yt3.ggpht.com/ytc/AGIKgqMLFqgND7j8VCMwgAy_BinqE-xegwBYPc91eg=s48-c-k-c0x00ffffff-no-rj', 'authorChannelUrl': 'http://www.youtube.com/channel/UCdflBnjTnbMQ2EB1C322MMg', 'authorChannelId': {'value': 'UCdflBnjTnbMQ2EB1C322MMg'}, 'canRate': True, 'viewerRating': 'none', 'likeCount': 0, 'publishedAt': '2022-10-22T19:25:08Z', 'updatedAt': '2022-10-22T19:25:08Z'}}, 'canReply': True, 'totalReplyCount': 0, 'isPublic': True}",,UCdflBnjTnbMQ2EB1C322MMg,2022-10-22T19:25:08Z,A explicação desse professor é bem ao estilo comunista mesmo....,,2023-06-08 15:04:33.003012
youtube#commentThread,pOkHExG_1Gy3k6XH-xUqEl4vO8Q,UgxP9SaYEW5heTfM1vJ4AaABAg,"{'videoId': 'uuh1ydDwwrQ', 'topLevelComment': {'kind': 'youtube#comment', 'etag': 'wMNqfnRnDFtlT4BSPwBRszWFM5Y', 'id': 'UgxP9SaYEW5heTfM1vJ4AaABAg', 'snippet': {'videoId': 'uuh1ydDwwrQ', 'textDisplay': '<b>VAMOS MOSTRAR QUEM MANDA NO BRASIL DE VERDADE. NÓS COLOCAMOS ELES LÁ E TAMBÉM TEMOS A FORÇA DE TIRÁ-LOS SE QUISERMOS!</b> 🚚🚛🇧🇷<br><br><b>É DEUS E O POVO BRASILEIRO QUE MANDA NO PAÍS, NÃO ESSES RATOS DO TSE/STF TRAIDORES DA PÁTRIA!!!</b><br><br>(Se você também concorda deixe um 👍 e compartilhe essa mensagem nos grupos de WhatsApp.)', 'textOriginal': '*VAMOS MOSTRAR QUEM MANDA NO BRASIL DE VERDADE. NÓS COLOCAMOS ELES LÁ E TAMBÉM TEMOS A FORÇA DE TIRÁ-LOS SE QUISERMOS!* 🚚🚛🇧🇷\\n\\n*É DEUS E O POVO BRASILEIRO QUE MANDA NO PAÍS, NÃO ESSES RATOS DO TSE/STF TRAIDORES DA PÁTRIA!!!*\\n\\n(Se você também concorda deixe um 👍 e compartilhe essa mensagem nos grupos de WhatsApp.)', 'authorDisplayName': 'Vittor Santos', 'authorProfileImageUrl': 'https://yt3.ggpht.com/c4SU9ec2EDw0-jjT5F4eKyxHMyf4fYJXB96RjQCZDxd3d72fIm4tH21gfoT-gCUh_tqHEtKs=s48-c-k-c0x00ffffff-no-rj', 'authorChannelUrl': 'http://www.youtube.com/channel/UCS7zodbJz30O3dfiJ-AZiMA', 'authorChannelId': {'value': 'UCS7zodbJz30O3dfiJ-AZiMA'}, 'canRate': True, 'viewerRating': 'none', 'likeCount': 145, 'publishedAt': '2022-10-22T19:22:52Z', 'updatedAt': '2022-10-22T19:22:52Z'}}, 'canReply': True, 'totalReplyCount': 5, 'isPublic': True}","{'comments': [{'kind': 'youtube#comment', 'etag': 'Zi7v4CdGWtm7JYDw8rCkliG0ydg', 'id': 'UgxP9SaYEW5heTfM1vJ4AaABAg.9hVGqYQjJt99hctiRHhvdG', 'snippet': {'videoId': 'uuh1ydDwwrQ', 'textDisplay': '@Marcia Lai Pereira Lula 22 🚩⭐🤞🏻', 'textOriginal': '@Marcia Lai Pereira Lula 22 🚩⭐🤞🏻', 'parentId': 'UgxP9SaYEW5heTfM1vJ4AaABAg', 'authorDisplayName': 'anyone', 'authorProfileImageUrl': 'https://yt3.ggpht.com/eXZc5zuhanJby58_FyuQNOxlttxg3N8tgm-nG_fUsJnPrdadJLnIHiZM5NjSE3Mmg9zYovMKxw=s48-c-k-c0x00ffffff-no-rj', 'authorChannelUrl': 'http://www.youtube.com/channel/UCFSQNMKwfDcrkknBDoauS-Q', 'authorChannelId': {'value': 'UCFSQNMKwfDcrkknBDoauS-Q'}, 'canRate': True, 'viewerRating': 'none', 'likeCount': 0, 'publishedAt': '2022-10-26T03:45:13Z', 'updatedAt': '2022-10-26T03:45:13Z'}}, {'kind': 'youtube#comment', 'etag': '5xLCW1y1sh9r-cFc2XGjDC2tXHA', 'id': 'UgxP9SaYEW5heTfM1vJ4AaABAg.9hVGqYQjJt99hX0oiYMolw', 'snippet': {'videoId': 'uuh1ydDwwrQ', 'textDisplay': 'NOS NÃO COLOCAMOS NENHUM DELES LÁ, QUEM OS COLOCA LÁ NO STF, SÃO OS PRESIDENTES EM EXERCÍCIO QUE, NO CASO DO A. MORAES FOI O TEMER.  AÍ EU ME PERGUNTO: COMO UM VICE PRESIDENTE EMPOSSADO POR UM IMPEACHMENT DA PRESIDENTE EM EXERCÍCIO, NESTE CASO  DILMA ROUSSEFF, POR MOTIVO DÊ: CRIME DE RESPONSABILIDADE POR PADALADAS  FISCAIS E POR CRÉDITOS  SUPLEMENTARES SEM AUTORIZAÇÃO LEGISLATIVAS, EU  ME PERGUNTO:<br>COMO E PORQUÊ O MICHEL TEMER ITERIA AINDA ESSE PODER❓❓❓<br>OUTRA INFORMAÇÃO É QUE, A.MORAES FOI SECRETÁRIO DO ALCKIMIN, É ESSE MESMO, O QUE QUER VOLTAR A CENA DO CRIME JUNTO COM  UM VERDADEIRO CHEFE DE QUADRILHA, AFINAL, NO PROCESSO DEVOLVERAM <br>R$6.000.000.000,00 (seis bilhões de reais) e muitos bilhões mais.', 'textOriginal': 'NOS NÃO COLOCAMOS NENHUM DELES LÁ, QUEM OS COLOCA LÁ NO STF, SÃO OS PRESIDENTES EM EXERCÍCIO QUE, NO CASO DO A. MORAES FOI O TEMER.  AÍ EU ME PERGUNTO: COMO UM VICE PRESIDENTE EMPOSSADO POR UM IMPEACHMENT DA PRESIDENTE EM EXERCÍCIO, NESTE CASO  DILMA ROUSSEFF, POR MOTIVO DÊ: CRIME DE RESPONSABILIDADE POR PADALADAS  FISCAIS E POR CRÉDITOS  SUPLEMENTARES SEM AUTORIZAÇÃO LEGISLATIVAS, EU  ME PERGUNTO:\\nCOMO E PORQUÊ O MICHEL TEMER ITERIA AINDA ESSE PODER❓❓❓\\nOUTRA INFORMAÇÃO É QUE, A.MORAES FOI SECRETÁRIO DO ALCKIMIN, É ESSE MESMO, O QUE QUER VOLTAR A CENA DO CRIME JUNTO COM  UM VERDADEIRO CHEFE DE QUADRILHA, AFINAL, NO PROCESSO DEVOLVERAM \\nR$6.000.000.000,00 (seis bilhões de reais) e muitos bilhões mais.', 'parentId': 'UgxP9SaYEW5heTfM1vJ4AaABAg', 'authorDisplayName': 'Margarete Bacalow', 'authorProfileImageUrl': 'https://yt3.ggpht.com/ytc/AGIKgqN1VJwmb_eyOT1lWSFlkobsFvZoNL6FLX3LYP-PS1JyUxS8QnCP6qQguIJi02rK=s48-c-k-c0x00ffffff-no-rj', 'authorChannelUrl': 'http://www.youtube.com/channel/UCbeCqSEw7I9yRw8d4K99-2A', 'authorChannelId': {'value': 'UCbeCqSEw7I9yRw8d4K99-2A'}, 'canRate': True, 'viewerRating': 'none', 'likeCount': 0, 'publishedAt': '2022-10-23T11:41:17Z', 'updatedAt': '2022-10-23T12:54:45Z'}}, {'kind': 'youtube#comment', 'etag': 'F4qZpaAaK8XCwG6Ca1beZvoDfQA', 'id': 'UgxP9SaYEW5heTfM1vJ4AaABAg.9hVGqYQjJt99hVPCfZRsyC', 'snippet': {'videoId': 'uuh1ydDwwrQ', 'textDisplay': 'não  vamos desistir', 'textOriginal': 'não  vamos desistir', 'parentId': 'UgxP9SaYEW5heTfM1vJ4AaABAg', 'authorDisplayName': 'Hebe Oliveira', 'authorProfileImageUrl': 'https://yt3.ggpht.com/ytc/AGIKgqNwMlpBZVcj8NhjWMDQrSx79JzxPjWsDCtAvw=s48-c-k-c0x00ffffff-no-rj', 'authorChannelUrl': 'http://www.youtube.com/channel/UCQmrjIKduEnvHILCYBIssuw', 'authorChannelId': {'value': 'UCQmrjIKduEnvHILCYBIssuw'}, 'canRate': True, 'viewerRating': 'none', 'likeCount': 2, 'publishedAt': '2022-10-22T20:35:56Z', 'updatedAt': '2022-10-22T20:35:56Z'}}, {'kind': 'youtube#comment', 'etag': 'H4s-i07CeMwJHqgguKzODioXlS4', 'id': 'UgxP9SaYEW5heTfM1vJ4AaABAg.9hVGqYQjJt99hVMQJuU7LB', 'snippet': {'videoId': 'uuh1ydDwwrQ', 'textDisplay': 'Me explica isso direito por favor a constituição existe 3 poderes filhão, basta a penas o chefe de executivo obedecer ou você acha que caminhoneiros de fazenda vai resolver alguma coisa?? Que ditadura vai pra Venezuela ou Coreia do Norte!.', 'textOriginal': 'Me explica isso direito por favor a constituição existe 3 poderes filhão, basta a penas o chefe de executivo obedecer ou você acha que caminhoneiros de fazenda vai resolver alguma coisa?? Que ditadura vai pra Venezuela ou Coreia do Norte!.', 'parentId': 'UgxP9SaYEW5heTfM1vJ4AaABAg', 'authorDisplayName': 'Andre Luiz', 'authorProfileImageUrl': 'https://yt3.ggpht.com/-vUcu_VB0jdxQWhDQfzE_AdzeW5EXwkn9bm5t7wgumCRtS5d7C1HPFJYvuJj-tydF0VSE0cISA=s48-c-k-c0x00ffffff-no-rj', 'authorChannelUrl': 'http://www.youtube.com/channel/UC-ZwnvppV2Lzz-Kx7f3bvvw', 'authorChannelId': {'value': 'UC-ZwnvppV2Lzz-Kx7f3bvvw'}, 'canRate': True, 'viewerRating': 'none', 'likeCount': 0, 'publishedAt': '2022-10-22T20:11:35Z', 'updatedAt': '2022-10-22T20:11:35Z'}}, {'kind': 'youtube#comment', 'etag': 'JD_fEN8J-Y24otGiYRsgTHyt-r8', 'id': 'UgxP9SaYEW5heTfM1vJ4AaABAg.9hVGqYQjJt99hVKyV0QM6g', 'snippet': {'videoId': 'uuh1ydDwwrQ', 'textDisplay': 'Quem manda é o voto da maioria! Bolsonaro 22🇧🇷', 'textOriginal': 'Quem manda é o voto da maioria! Bolsonaro 22🇧🇷', 'parentId': 'UgxP9SaYEW5heTfM1vJ4AaABAg', 'authorDisplayName': 'Marcia Lai Pereira', 'authorProfileImageUrl': 'https://yt3.ggpht.com/ytc/AGIKgqOVuD5NawXi01rBhvQdFrWCr7auXqbMfJyZTA=s48-c-k-c0x00ffffff-no-rj', 'authorChannelUrl': 'http://www.youtube.com/channel/UCaCTN5bdD2sTajsI9i7cR5g', 'authorChannelId': {'value': 'UCaCTN5bdD2sTajsI9i7cR5g'}, 'canRate': True, 'viewerRating': 'none', 'likeCount': 7, 'publishedAt': '2022-10-22T19:58:54Z', 'updatedAt': '2022-10-22T19:58:54Z'}}]}",UCS7zodbJz30O3dfiJ-AZiMA,2022-10-22T19:22:52Z,"*VAMOS MOSTRAR QUEM MANDA NO BRASIL DE VERDADE. NÓS COLOCAMOS ELES LÁ E TAMBÉM TEMOS A FORÇA DE TIRÁ-LOS SE QUISERMOS!* 🚚🚛🇧🇷

*É DEUS E O POVO BRASILEIRO QUE MANDA NO PAÍS, NÃO ESSES RATOS DO TSE/STF TRAIDORES DA PÁTRIA!!!*

(Se você também concorda deixe um 👍 e compartilhe essa mensagem nos grupos de WhatsApp.)",,2023-06-08 15:04:33.003012
youtube#commentThread,s8r1aaBQYJ846rfdSfrhe5hsDXY,UgwCvuaZUn8tleqIGNB4AaABAg,"{'videoId': 'uuh1ydDwwrQ', 'topLevelComment': {'kind': 'youtube#comment', 'etag': 'he3vYRGQXkPKp0-uOkO3hiydsC4', 'id': 'UgwCvuaZUn8tleqIGNB4AaABAg', 'snippet': {'videoId': 'uuh1ydDwwrQ', 'textDisplay': '# CENSURA NÃO!!!  <a href=""http://www.youtube.com/results?search_query=%23jovem"">#JOVEM</a> PAN!!!', 'textOriginal': '# CENSURA NÃO!!!  #JOVEM PAN!!!', 'authorDisplayName': 'Angela M. Costa', 'authorProfileImageUrl': 'https://yt3.ggpht.com/ytc/AGIKgqOV_MV1okkFC2HA5zkETu1g7uJRZSSRRcxaOg=s48-c-k-c0x00ffffff-no-rj', 'authorChannelUrl': 'http://www.youtube.com/channel/UCUna_KRxlViOLVdKupcm5iw', 'authorChannelId': {'value': 'UCUna_KRxlViOLVdKupcm5iw'}, 'canRate': True, 'viewerRating': 'none', 'likeCount': 276, 'publishedAt': '2022-10-22T19:22:40Z', 'updatedAt': '2022-10-22T19:22:40Z'}}, 'canReply': True, 'totalReplyCount': 7, 'isPublic': True}","{'comments': [{'kind': 'youtube#comment', 'etag': 'lZf7GjYqCu2SRt_RdcTt0pK_gCc', 'id': 'UgwCvuaZUn8tleqIGNB4AaABAg.9hVGp0GknAm9hWC0cuozv0', 'snippet': {'videoId': 'uuh1ydDwwrQ', 'textDisplay': '@TRIXX ✌🏻🙏🏻', 'textOriginal': '@TRIXX ✌🏻🙏🏻', 'parentId': 'UgwCvuaZUn8tleqIGNB4AaABAg', 'authorDisplayName': 'Lipe Boussada', 'authorProfileImageUrl': 'https://yt3.ggpht.com/JV1-zTjj_jVB1SRcOr5Fqc8WNyAUrrfpUWHhQKJgHQrE0eB2BnzLlFpT-lLzNe0kB4SHHfNZIg=s48-c-k-c0x00ffffff-no-rj', 'authorChannelUrl': 'http://www.youtube.com/channel/UClpMJBaVGLLYhkP0ndQZpTw', 'authorChannelId': {'value': 'UClpMJBaVGLLYhkP0ndQZpTw'}, 'canRate': True, 'viewerRating': 'none', 'likeCount': 0, 'publishedAt': '2022-10-23T03:59:56Z', 'updatedAt': '2022-10-23T03:59:56Z'}}, {'kind': 'youtube#comment', 'etag': '7GIxOZJyd2m_nwYDBXJpP-fmR4Q', 'id': 'UgwCvuaZUn8tleqIGNB4AaABAg.9hVGp0GknAm9hWAoVrA_zu', 'snippet': {'videoId': 'uuh1ydDwwrQ', 'textDisplay': '@Lipe Boussada Só copiar, que agora vai ficar igual<a href=""about:invalid#zCSafez""></a>', 'textOriginal': '@Lipe Boussada Só copiar, que agora vai ficar igual', 'parentId': 'UgwCvuaZUn8tleqIGNB4AaABAg', 'authorDisplayName': 'TRIXX', 'authorProfileImageUrl': 'https://yt3.ggpht.com/ISJGSFJCwSbPvVH5b0MW2bqMYcZPn5z05V8W988tvteiKrvU20oseDje3bCGlBQUovuZzwDf=s48-c-k-c0x00ffffff-no-rj', 'authorChannelUrl': 'http://www.youtube.com/channel/UCRvcGqslfQhYGRkmILogAfQ', 'authorChannelId': {'value': 'UCRvcGqslfQhYGRkmILogAfQ'}, 'canRate': True, 'viewerRating': 'none', 'likeCount': 0, 'publishedAt': '2022-10-23T03:49:24Z', 'updatedAt': '2022-10-23T03:49:24Z'}}, {'kind': 'youtube#comment', 'etag': 'cshxq4OGU2gfeSIlIcRvExpnWJo', 'id': 'UgwCvuaZUn8tleqIGNB4AaABAg.9hVGp0GknAm9hWAjkSIXK7', 'snippet': {'videoId': 'uuh1ydDwwrQ', 'textDisplay': '@Lipe Boussada ⓘ <b>*Comentário Removido pelo Tribunal Superior Eleitoral*</b>', 'textOriginal': '@Lipe Boussada ⓘ **Comentário Removido pelo Tribunal Superior Eleitoral**', 'parentId': 'UgwCvuaZUn8tleqIGNB4AaABAg', 'authorDisplayName': 'TRIXX', 'authorProfileImageUrl': 'https://yt3.ggpht.com/ISJGSFJCwSbPvVH5b0MW2bqMYcZPn5z05V8W988tvteiKrvU20oseDje3bCGlBQUovuZzwDf=s48-c-k-c0x00ffffff-no-rj', 'authorChannelUrl': 'http://www.youtube.com/channel/UCRvcGqslfQhYGRkmILogAfQ', 'authorChannelId': {'value': 'UCRvcGqslfQhYGRkmILogAfQ'}, 'canRate': True, 'viewerRating': 'none', 'likeCount': 0, 'publishedAt': '2022-10-23T03:48:45Z', 'updatedAt': '2022-10-23T03:48:45Z'}}, {'kind': 'youtube#comment', 'etag': 'MIOzt0Kq2n6MxEnn-UN9Gty2jB8', 'id': 'UgwCvuaZUn8tleqIGNB4AaABAg.9hVGp0GknAm9hW863sacK2', 'snippet': {'videoId': 'uuh1ydDwwrQ', 'textDisplay': '@TRIXX Como tu fez assim? Passa o bizu', 'textOriginal': '@TRIXX Como tu fez assim? Passa o bizu', 'parentId': 'UgwCvuaZUn8tleqIGNB4AaABAg', 'authorDisplayName': 'Lipe Boussada', 'authorProfileImageUrl': 'https://yt3.ggpht.com/JV1-zTjj_jVB1SRcOr5Fqc8WNyAUrrfpUWHhQKJgHQrE0eB2BnzLlFpT-lLzNe0kB4SHHfNZIg=s48-c-k-c0x00ffffff-no-rj', 'authorChannelUrl': 'http://www.youtube.com/channel/UClpMJBaVGLLYhkP0ndQZpTw', 'authorChannelId': {'value': 'UClpMJBaVGLLYhkP0ndQZpTw'}, 'canRate': True, 'viewerRating': 'none', 'likeCount': 0, 'publishedAt': '2022-10-23T03:25:43Z', 'updatedAt': '2022-10-23T03:25:43Z'}}, {'kind': 'youtube#comment', 'etag': 'ltpe0pftpfIqcajC3hgxMO__OqQ', 'id': 'UgwCvuaZUn8tleqIGNB4AaABAg.9hVGp0GknAm9hW6bf8L0Zt', 'snippet': {'videoId': 'uuh1ydDwwrQ', 'textDisplay': 'Jovem panos', 'textOriginal': 'Jovem panos', 'parentId': 'UgwCvuaZUn8tleqIGNB4AaABAg', 'authorDisplayName': 'Pedro Maia', 'authorProfileImageUrl': 'https://yt3.ggpht.com/7_QwbUdV5RG9shCjzd18sGGSEmXoFmPaa0MiKjHA23DQn0TYHe0-3hW7WPjJhyEjxxbY3LDdcQ=s48-c-k-c0x00ffffff-no-rj', 'authorChannelUrl': 'http://www.youtube.com/channel/UCruRxpg_LJFhOl1wtleRFWg', 'authorChannelId': {'value': 'UCruRxpg_LJFhOl1wtleRFWg'}, 'canRate': True, 'viewerRating': 'none', 'likeCount': 0, 'publishedAt': '2022-10-23T03:12:42Z', 'updatedAt': '2022-10-23T03:12:42Z'}}]}",UCUna_KRxlViOLVdKupcm5iw,2022-10-22T19:22:40Z,# CENSURA NÃO!!!  #JOVEM PAN!!!,,2023-06-08 15:04:33.003012
youtube#commentThread,sQtQpwmS-GYlLS17H4Tt0zXJlJg,UgwyLPlkjx-XrI8tQml4AaABAg,"{'videoId': 'uuh1ydDwwrQ', 'topLevelComment': {'kind': 'youtube#comment', 'etag': '5QLPuVBousLu3JDvr300QKxn4aA', 'id': 'UgwyLPlkjx-XrI8tQml4AaABAg', 'snippet': {'videoId': 'uuh1ydDwwrQ', 'textDisplay': '&quot;mal subito&quot;', 'textOriginal': '""mal subito""', 'authorDisplayName': 'Bruno Wilder', 'authorProfileImageUrl': 'https://yt3.ggpht.com/ytc/AGIKgqNtTi21UIgh-8Bmp7s8JQ-fT4HgxoI3nX91WgUsSig=s48-c-k-c0x00ffffff-no-rj', 'authorChannelUrl': 'http://www.youtube.com/channel/UC78IMr4aLI2zClgNR9mWO1A', 'authorChannelId': {'value': 'UC78IMr4aLI2zClgNR9mWO1A'}, 'canRate': True, 'viewerRating': 'none', 'likeCount': 6, 'publishedAt': '2022-10-22T19:21:57Z', 'updatedAt': '2022-10-22T19:21:57Z'}}, 'canReply': True, 'totalReplyCount': 0, 'isPublic': True}",,UC78IMr4aLI2zClgNR9mWO1A,2022-10-22T19:21:57Z,"""mal subito""",,2023-06-08 15:04:33.003012
youtube#commentThread,Fi28sZrDuDwAT6GTBN1G1nTxiHo,UgwJ97DuTOM2Bx2SS7Z4AaABAg,"{'videoId': 'uuh1ydDwwrQ', 'topLevelComment': {'kind': 'youtube#comment', 'etag': 'Pe1EMctrJGguE2aOQpR0lIq6kGY', 'id': 'UgwJ97DuTOM2Bx2SS7Z4AaABAg', 'snippet': {'videoId': 'uuh1ydDwwrQ', 'textDisplay': 'Ele foi mal subitado ^^', 'textOriginal': 'Ele foi mal subitado ^^', 'authorDisplayName': 'Falkner86', 'authorProfileImageUrl': 'https://yt3.ggpht.com/ytc/AGIKgqPZ6CYguNpZ03qkkS2LyYCXWHvouedJB4pjDB7wiw=s48-c-k-c0x00ffffff-no-rj', 'authorChannelUrl': 'http://www.youtube.com/channel/UCBr0v0kNznHlsA75idq3QZg', 'authorChannelId': {'value': 'UCBr0v0kNznHlsA75idq3QZg'}, 'canRate': True, 'viewerRating': 'none', 'likeCount': 22, 'publishedAt': '2022-10-22T19:21:35Z', 'updatedAt': '2022-10-22T19:21:35Z'}}, 'canReply': True, 'totalReplyCount': 2, 'isPublic': True}","{'comments': [{'kind': 'youtube#comment', 'etag': 'lKnYKYfvEubkLK9UYX_3dQ_OIIA', 'id': 'UgwJ97DuTOM2Bx2SS7Z4AaABAg.9hVGh9sf4pt9hVKNp9y0I4', 'snippet': {'videoId': 'uuh1ydDwwrQ', 'textDisplay': '🤣🤣🤣🤣🤣🤣', 'textOriginal': '🤣🤣🤣🤣🤣🤣', 'parentId': 'UgwJ97DuTOM2Bx2SS7Z4AaABAg', 'authorDisplayName': 'Estela Wonsik', 'authorProfileImageUrl': 'https://yt3.ggpht.com/ytc/AGIKgqPsXKSB9XWEP3kVKE-FSK18-1rdPy8wrpjy3ZGW5w=s48-c-k-c0x00ffffff-no-rj', 'authorChannelUrl': 'http://www.youtube.com/channel/UCGUARVFYCkGi0RMSlX3hVCA', 'authorChannelId': {'value': 'UCGUARVFYCkGi0RMSlX3hVCA'}, 'canRate': True, 'viewerRating': 'none', 'likeCount': 0, 'publishedAt': '2022-10-22T19:53:46Z', 'updatedAt': '2022-10-22T19:53:46Z'}}, {'kind': 'youtube#comment', 'etag': 'aHi6q5OBmhoDZCbA5AD3FxwUtdU', 'id': 'UgwJ97DuTOM2Bx2SS7Z4AaABAg.9hVGh9sf4pt9hVHfAnctD1', 'snippet': {'videoId': 'uuh1ydDwwrQ', 'textDisplay': '😂🤣😅😆😂🤣😅😆😂🤣😅😆😂', 'textOriginal': '😂🤣😅😆😂🤣😅😆😂🤣😅😆😂', 'parentId': 'UgwJ97DuTOM2Bx2SS7Z4AaABAg', 'authorDisplayName': 'marcelo de sousa', 'authorProfileImageUrl': 'https://yt3.ggpht.com/ytc/AGIKgqNVHsRed8PA_4m0LnzjaS0hLFLklXp4mi8sKyfnmQ=s48-c-k-c0x00ffffff-no-rj', 'authorChannelUrl': 'http://www.youtube.com/channel/UCOSOGgybcH83IES1spX0xbQ', 'authorChannelId': {'value': 'UCOSOGgybcH83IES1spX0xbQ'}, 'canRate': True, 'viewerRating': 'none', 'likeCount': 0, 'publishedAt': '2022-10-22T19:30:03Z', 'updatedAt': '2022-10-22T19:30:03Z'}}]}",UCBr0v0kNznHlsA75idq3QZg,2022-10-22T19:21:35Z,Ele foi mal subitado ^^,,2023-06-08 15:04:33.003012
youtube#commentThread,nbXi1VixbycF6NjNnzEpyFTnhOc,UgzxszLtmR7VOiKwW8V4AaABAg,"{'videoId': 'uuh1ydDwwrQ', 'topLevelComment': {'kind': 'youtube#comment', 'etag': 'AcaKQKAHlXyuroCtLnGb84Bs3iU', 'id': 'UgzxszLtmR7VOiKwW8V4AaABAg', 'snippet': {'videoId': 'uuh1ydDwwrQ', 'textDisplay': 'Foi cancelado', 'textOriginal': 'Foi cancelado', 'authorDisplayName': 'js- belby', 'authorProfileImageUrl': 'https://yt3.ggpht.com/ytc/AGIKgqN9TdoNMOTU-Pno2SpK4rGtKFT3cIfDYits9g=s48-c-k-c0x00ffffff-no-rj', 'authorChannelUrl': 'http://www.youtube.com/channel/UCyOYcdAN9uaa1AKmw9BruYA', 'authorChannelId': {'value': 'UCyOYcdAN9uaa1AKmw9BruYA'}, 'canRate': True, 'viewerRating': 'none', 'likeCount': 11, 'publishedAt': '2022-10-22T19:21:24Z', 'updatedAt': '2022-10-22T19:21:24Z'}}, 'canReply': True, 'totalReplyCount': 0, 'isPublic': True}",,UCyOYcdAN9uaa1AKmw9BruYA,2022-10-22T19:21:24Z,Foi cancelado,,2023-06-08 15:04:33.003012
youtube#commentThread,h2Kp9odgiHyAG_543EpDDxGWXa0,UgxdrWMVdwMvsHQaEwx4AaABAg,"{'videoId': 'uuh1ydDwwrQ', 'topLevelComment': {'kind': 'youtube#comment', 'etag': '_egOPi165mfBp3YY9fANt68zHug', 'id': 'UgxdrWMVdwMvsHQaEwx4AaABAg', 'snippet': {'videoId': 'uuh1ydDwwrQ', 'textDisplay': 'Só sendo cego pra não perceber que ele foi retirado a força', 'textOriginal': 'Só sendo cego pra não perceber que ele foi retirado a força', 'authorDisplayName': 'Misael Flores', 'authorProfileImageUrl': 'https://yt3.ggpht.com/ytc/AGIKgqO9xP75eLhMd4AmN-BsYy-VOIOzDC5VcN5n1_r2Nqs=s48-c-k-c0x00ffffff-no-rj', 'authorChannelUrl': 'http://www.youtube.com/channel/UC7l6e4RPk9SlwGGUhvyXGpA', 'authorChannelId': {'value': 'UC7l6e4RPk9SlwGGUhvyXGpA'}, 'canRate': True, 'viewerRating': 'none', 'likeCount': 250, 'publishedAt': '2022-10-22T19:21:19Z', 'updatedAt': '2022-10-22T19:21:19Z'}}, 'canReply': True, 'totalReplyCount': 16, 'isPublic': True}","{'comments': [{'kind': 'youtube#comment', 'etag': 'piAkF7RREbdf_0Uc6mfvC9YtwBM', 'id': 'UgxdrWMVdwMvsHQaEwx4AaABAg.9hVGfDRhhmV9hpulCv1VtL', 'snippet': {'videoId': 'uuh1ydDwwrQ', 'textDisplay': 'Se contrariar tira fora isso e ditadura', 'textOriginal': 'Se contrariar tira fora isso e ditadura', 'parentId': 'UgxdrWMVdwMvsHQaEwx4AaABAg', 'authorDisplayName': 'Fumiko Ogata', 'authorProfileImageUrl': 'https://yt3.ggpht.com/ytc/AGIKgqMGh0jkSH_5uaaczlUryu8qEe9AUh_ZTafJdw=s48-c-k-c0x00ffffff-no-rj', 'authorChannelUrl': 'http://www.youtube.com/channel/UCRElFUVnE4h7FBN_P-RMFgg', 'authorChannelId': {'value': 'UCRElFUVnE4h7FBN_P-RMFgg'}, 'canRate': True, 'viewerRating': 'none', 'likeCount': 0, 'publishedAt': '2022-10-31T05:04:27Z', 'updatedAt': '2022-10-31T05:04:27Z'}}, {'kind': 'youtube#comment', 'etag': 'OS66ZGfMOyVLpvccH7W7fTbC21k', 'id': 'UgxdrWMVdwMvsHQaEwx4AaABAg.9hVGfDRhhmV9hk8DTNvLYu', 'snippet': {'videoId': 'uuh1ydDwwrQ', 'textDisplay': '2+2 = 5', 'textOriginal': '2+2 = 5', 'parentId': 'UgxdrWMVdwMvsHQaEwx4AaABAg', 'authorDisplayName': 'Mateus Fróes', 'authorProfileImageUrl': 'https://yt3.ggpht.com/ytc/AGIKgqOyYpOfjamiDLj8QVU3PLs402vI6S7A6YcLl9yEMQ=s48-c-k-c0x00ffffff-no-rj', 'authorChannelUrl': 'http://www.youtube.com/channel/UC3zn59hx2aoMMNlkDNBgLrg', 'authorChannelId': {'value': 'UC3zn59hx2aoMMNlkDNBgLrg'}, 'canRate': True, 'viewerRating': 'none', 'likeCount': 0, 'publishedAt': '2022-10-28T23:15:20Z', 'updatedAt': '2022-10-28T23:15:20Z'}}, {'kind': 'youtube#comment', 'etag': '7zzgUj0YGnR-noa71ZuAbtJaLPE', 'id': 'UgxdrWMVdwMvsHQaEwx4AaABAg.9hVGfDRhhmV9hcCk4jGFhm', 'snippet': {'videoId': 'uuh1ydDwwrQ', 'textDisplay': '@NãoDigaQueNãoAvisei kkkkkkkkkk pesquisa aí oq o Lula falou na ocasião da morte do Hugo Chaves kkkkkkkkk', 'textOriginal': '@NãoDigaQueNãoAvisei kkkkkkkkkk pesquisa aí oq o Lula falou na ocasião da morte do Hugo Chaves kkkkkkkkk', 'parentId': 'UgxdrWMVdwMvsHQaEwx4AaABAg', 'authorDisplayName': 'Israel Alves', 'authorProfileImageUrl': 'https://yt3.ggpht.com/ytc/AGIKgqPbRx61cgLj-TfNIMKy6hScCRGdMbkBMfuJew=s48-c-k-c0x00ffffff-no-rj', 'authorChannelUrl': 'http://www.youtube.com/channel/UC5HfyKtdo3rRQm9aZOZMiEg', 'authorChannelId': {'value': 'UC5HfyKtdo3rRQm9aZOZMiEg'}, 'canRate': True, 'viewerRating': 'none', 'likeCount': 0, 'publishedAt': '2022-10-25T21:20:57Z', 'updatedAt': '2022-10-25T21:20:57Z'}}, {'kind': 'youtube#comment', 'etag': 'oLk1hnA2rnHYIARq9v-igL3Wimo', 'id': 'UgxdrWMVdwMvsHQaEwx4AaABAg.9hVGfDRhhmV9hYcu_GnA5z', 'snippet': {'videoId': 'uuh1ydDwwrQ', 'textDisplay': '@Núbia Machado ele disse:Xi me tira dessa,pelos velhos tempos.Xi responde:lamento Jintao.<br>Lá Máfia Chinesa', 'textOriginal': '@Núbia Machado ele disse:Xi me tira dessa,pelos velhos tempos.Xi responde:lamento Jintao.\\nLá Máfia Chinesa', 'parentId': 'UgxdrWMVdwMvsHQaEwx4AaABAg', 'authorDisplayName': 'Maicon França de Souza', 'authorProfileImageUrl': 'https://yt3.ggpht.com/ytc/AGIKgqOhdoIeScxNL6qqLNlsKMGpHJSlkG0Z42CW=s48-c-k-c0x00ffffff-no-rj', 'authorChannelUrl': 'http://www.youtube.com/channel/UC1k4nzvALFdJxQYy72kOQkQ', 'authorChannelId': {'value': 'UC1k4nzvALFdJxQYy72kOQkQ'}, 'canRate': True, 'viewerRating': 'none', 'likeCount': 1, 'publishedAt': '2022-10-24T02:42:07Z', 'updatedAt': '2022-10-24T02:42:07Z'}}, {'kind': 'youtube#comment', 'etag': '7Zd4VWs3bHi_nRSLVheiMgRH0zE', 'id': 'UgxdrWMVdwMvsHQaEwx4AaABAg.9hVGfDRhhmV9hYcjHkx_-L', 'snippet': {'videoId': 'uuh1ydDwwrQ', 'textDisplay': 'Isso na Jovem Pan é censura,quando é na China é mau súbito.Vai entender essa bipolaridade.', 'textOriginal': 'Isso na Jovem Pan é censura,quando é na China é mau súbito.Vai entender essa bipolaridade.', 'parentId': 'UgxdrWMVdwMvsHQaEwx4AaABAg', 'authorDisplayName': 'Maicon França de Souza', 'authorProfileImageUrl': 'https://yt3.ggpht.com/ytc/AGIKgqOhdoIeScxNL6qqLNlsKMGpHJSlkG0Z42CW=s48-c-k-c0x00ffffff-no-rj', 'authorChannelUrl': 'http://www.youtube.com/channel/UC1k4nzvALFdJxQYy72kOQkQ', 'authorChannelId': {'value': 'UC1k4nzvALFdJxQYy72kOQkQ'}, 'canRate': True, 'viewerRating': 'none', 'likeCount': 1, 'publishedAt': '2022-10-24T02:40:35Z', 'updatedAt': '2022-10-24T02:40:35Z'}}]}",UC7l6e4RPk9SlwGGUhvyXGpA,2022-10-22T19:21:19Z,Só sendo cego pra não perceber que ele foi retirado a força,,2023-06-08 15:04:33.003012
youtube#commentThread,R9_3wsCWHLP4SaxCTBQlqJpdx6I,UgypJShBp9Fx_JiOF6t4AaABAg,"{'videoId': 'uuh1ydDwwrQ', 'topLevelComment': {'kind': 'youtube#comment', 'etag': 'aN4ja7uq4ANCPYjOnokDh07eANg', 'id': 'UgypJShBp9Fx_JiOF6t4AaABAg', 'snippet': {'videoId': 'uuh1ydDwwrQ', 'textDisplay': 'A tá <br>Tô acreditando', 'textOriginal': 'A tá \\nTô acreditando', 'authorDisplayName': 'Grasiele Pereira', 'authorProfileImageUrl': 'https://yt3.ggpht.com/ytc/AGIKgqOffxp4LppHhUyTC-djp7mMfzPIk3vIQclg7A=s48-c-k-c0x00ffffff-no-rj', 'authorChannelUrl': 'http://www.youtube.com/channel/UC0gx7bg3sgOBxRe_jFg-Yrg', 'authorChannelId': {'value': 'UC0gx7bg3sgOBxRe_jFg-Yrg'}, 'canRate': True, 'viewerRating': 'none', 'likeCount': 1, 'publishedAt': '2022-10-22T19:20:40Z', 'updatedAt': '2022-10-22T19:20:40Z'}}, 'canReply': True, 'totalReplyCount': 0, 'isPublic': True}",,UC0gx7bg3sgOBxRe_jFg-Yrg,2022-10-22T19:20:40Z,"A tá 
Tô acreditando",,2023-06-08 15:04:33.003012
youtube#commentThread,cnUplCBFQK3v-6_OrM_Dm2chJjc,UgwQuttyyWKkythbltR4AaABAg,"{'videoId': 'uuh1ydDwwrQ', 'topLevelComment': {'kind': 'youtube#comment', 'etag': '4Bty-NocYh95jNEsae9nicVK4Qk', 'id': 'UgwQuttyyWKkythbltR4AaABAg', 'snippet': {'videoId': 'uuh1ydDwwrQ', 'textDisplay': 'Define a propia democracia', 'textOriginal': 'Define a propia democracia', 'authorDisplayName': 'Helton Calazans', 'authorProfileImageUrl': 'https://yt3.ggpht.com/ytc/AGIKgqPbO3_aVkK5lOh-jo8sRZJtpLuprbh2ycqdtQ=s48-c-k-c0x00ffffff-no-rj', 'authorChannelUrl': 'http://www.youtube.com/channel/UCR-DuZ1Y_G_JR73_Ruf2x9Q', 'authorChannelId': {'value': 'UCR-DuZ1Y_G_JR73_Ruf2x9Q'}, 'canRate': True, 'viewerRating': 'none', 'likeCount': 0, 'publishedAt': '2022-10-22T19:20:30Z', 'updatedAt': '2022-10-22T19:20:30Z'}}, 'canReply': True, 'totalReplyCount': 0, 'isPublic': True}",,UCR-DuZ1Y_G_JR73_Ruf2x9Q,2022-10-22T19:20:30Z,Define a propia democracia,,2023-06-08 15:04:33.003012
youtube#commentThread,y86C4L5CRJBV1kyDMLK7Ldhr8yE,Ugw4J2kPiNnLwEj7Kjt4AaABAg,"{'videoId': 'uuh1ydDwwrQ', 'topLevelComment': {'kind': 'youtube#comment', 'etag': '6Sz2HrEaS2ifVr--IdLKYdGjvEk', 'id': 'Ugw4J2kPiNnLwEj7Kjt4AaABAg', 'snippet': {'videoId': 'uuh1ydDwwrQ', 'textDisplay': 'Se opos ao regime ?', 'textOriginal': 'Se opos ao regime ?', 'authorDisplayName': 'Walfrido Cruz', 'authorProfileImageUrl': 'https://yt3.ggpht.com/ytc/AGIKgqNzkRS1XtOwVpQkl795Sdj2J21QCVponQNNwqZFp90rK0M8EHAnc24js4KK6u3i=s48-c-k-c0x00ffffff-no-rj', 'authorChannelUrl': 'http://www.youtube.com/channel/UCI0IX9wSQcsgHJBBWmMUB5Q', 'authorChannelId': {'value': 'UCI0IX9wSQcsgHJBBWmMUB5Q'}, 'canRate': True, 'viewerRating': 'none', 'likeCount': 2, 'publishedAt': '2022-10-22T19:20:07Z', 'updatedAt': '2022-10-22T19:20:07Z'}}, 'canReply': True, 'totalReplyCount': 0, 'isPublic': True}",,UCI0IX9wSQcsgHJBBWmMUB5Q,2022-10-22T19:20:07Z,Se opos ao regime ?,,2023-06-08 15:04:33.003012
youtube#commentThread,B3ceNOVZ71xScqI1hq6OaNFWru8,UgwbZCJhpiCDND2Tz354AaABAg,"{'videoId': 'uuh1ydDwwrQ', 'topLevelComment': {'kind': 'youtube#comment', 'etag': 'HNK9_erWf7gr3pDT0awqh9mmufM', 'id': 'UgwbZCJhpiCDND2Tz354AaABAg', 'snippet': {'videoId': 'uuh1ydDwwrQ', 'textDisplay': '<a href=""http://www.youtube.com/results?search_query=%23censuran%C3%A3o"">#CENSURANÃO</a><br><br><a href=""http://www.youtube.com/results?search_query=%23foratse"">#FORATSE</a><br><br><a href=""http://www.youtube.com/results?search_query=%23forapt"">#FORAPT</a>', 'textOriginal': '#CENSURANÃO\\n\\n#FORATSE\\n\\n#FORAPT', 'authorDisplayName': '🍨Receitando🧁', 'authorProfileImageUrl': 'https://yt3.ggpht.com/mkFK5oWdLiYpVDLZ49GdvlabnGf31UEDS7frqWbNhSwvO6B6fiB_d9lje5cNbec1-OlQlLPE9Q=s48-c-k-c0x00ffffff-no-rj', 'authorChannelUrl': 'http://www.youtube.com/channel/UCAA_y3nWlDcVIbvL2JtHTZw', 'authorChannelId': {'value': 'UCAA_y3nWlDcVIbvL2JtHTZw'}, 'canRate': True, 'viewerRating': 'none', 'likeCount': 36, 'publishedAt': '2022-10-22T19:18:57Z', 'updatedAt': '2022-10-22T19:18:57Z'}}, 'canReply': True, 'totalReplyCount': 0, 'isPublic': True}",,UCAA_y3nWlDcVIbvL2JtHTZw,2022-10-22T19:18:57Z,"#CENSURANÃO

#FORATSE

#FORAPT",,2023-06-08 15:04:33.003012
youtube#commentThread,sr1Hvqd1IBTTpKZeK7beLZcWU_s,UgwKK1Bn1Mv4Hn6ZKJB4AaABAg,"{'videoId': 'uuh1ydDwwrQ', 'topLevelComment': {'kind': 'youtube#comment', 'etag': 'K4vTcVSohBYPA8Lfv7kCsinP-bM', 'id': 'UgwKK1Bn1Mv4Hn6ZKJB4AaABAg', 'snippet': {'videoId': 'uuh1ydDwwrQ', 'textDisplay': 'Apagaram o nome dele de qualquer pesquisa,do nada o homem não existe mais', 'textOriginal': 'Apagaram o nome dele de qualquer pesquisa,do nada o homem não existe mais', 'authorDisplayName': 'Francine Santos', 'authorProfileImageUrl': 'https://yt3.ggpht.com/ytc/AGIKgqP33eXPb8f5oKNwzJgZ0Xy2EsuiicOPgb0DPQ=s48-c-k-c0x00ffffff-no-rj', 'authorChannelUrl': 'http://www.youtube.com/channel/UCBWza6cIYxyKukCkr9wEjUw', 'authorChannelId': {'value': 'UCBWza6cIYxyKukCkr9wEjUw'}, 'canRate': True, 'viewerRating': 'none', 'likeCount': 14, 'publishedAt': '2022-10-22T19:18:24Z', 'updatedAt': '2022-10-22T19:18:24Z'}}, 'canReply': True, 'totalReplyCount': 6, 'isPublic': True}","{'comments': [{'kind': 'youtube#comment', 'etag': 'wp3YEzfzEu_UC0eJCbIHvQ7Yc28', 'id': 'UgwKK1Bn1Mv4Hn6ZKJB4AaABAg.9hVGKmG4-iJ9hVnO7FNRqe', 'snippet': {'videoId': 'uuh1ydDwwrQ', 'textDisplay': '@Francine Santos É isso ai😁', 'textOriginal': '@Francine Santos É isso ai😁', 'parentId': 'UgwKK1Bn1Mv4Hn6ZKJB4AaABAg', 'authorDisplayName': 'Allan NeoGrey Wolf', 'authorProfileImageUrl': 'https://yt3.ggpht.com/qkcvqMOdeO4iyRWs-xctLRwxD-IvwYYb7wBbVL806MLKnK6dzpfS8kL4puqpTGszO90AbXW2aQ=s48-c-k-c0x00ffffff-no-rj', 'authorChannelUrl': 'http://www.youtube.com/channel/UCCmmuJK0iEUwElfW5hRy9xw', 'authorChannelId': {'value': 'UCCmmuJK0iEUwElfW5hRy9xw'}, 'canRate': True, 'viewerRating': 'none', 'likeCount': 0, 'publishedAt': '2022-10-23T00:15:57Z', 'updatedAt': '2022-10-23T00:15:57Z'}}, {'kind': 'youtube#comment', 'etag': 'FBBmmNxoDr6H_VTtPjh_5pjsELA', 'id': 'UgwKK1Bn1Mv4Hn6ZKJB4AaABAg.9hVGKmG4-iJ9hVlidVNvs1', 'snippet': {'videoId': 'uuh1ydDwwrQ', 'textDisplay': '@Allan NeoGrey Wolf informaçao descentralizada e distribuída 😁', 'textOriginal': '@Allan NeoGrey Wolf informaçao descentralizada e distribuída 😁', 'parentId': 'UgwKK1Bn1Mv4Hn6ZKJB4AaABAg', 'authorDisplayName': 'Francine Santos', 'authorProfileImageUrl': 'https://yt3.ggpht.com/ytc/AGIKgqP33eXPb8f5oKNwzJgZ0Xy2EsuiicOPgb0DPQ=s48-c-k-c0x00ffffff-no-rj', 'authorChannelUrl': 'http://www.youtube.com/channel/UCBWza6cIYxyKukCkr9wEjUw', 'authorChannelId': {'value': 'UCBWza6cIYxyKukCkr9wEjUw'}, 'canRate': True, 'viewerRating': 'none', 'likeCount': 0, 'publishedAt': '2022-10-23T00:01:25Z', 'updatedAt': '2022-10-23T00:01:25Z'}}, {'kind': 'youtube#comment', 'etag': 'soqiOGYGhNK09HfWbk8Ul29tgG4', 'id': 'UgwKK1Bn1Mv4Hn6ZKJB4AaABAg.9hVGKmG4-iJ9hVkI7GONxp', 'snippet': {'videoId': 'uuh1ydDwwrQ', 'textDisplay': '@Francine Santos Caramba, você assiste o  Ancapsu, do Peter Turguniev  também sou um inscrito  no canal dele, kk', 'textOriginal': '@Francine Santos Caramba, você assiste o  Ancapsu, do Peter Turguniev  também sou um inscrito  no canal dele, kk', 'parentId': 'UgwKK1Bn1Mv4Hn6ZKJB4AaABAg', 'authorDisplayName': 'Allan NeoGrey Wolf', 'authorProfileImageUrl': 'https://yt3.ggpht.com/qkcvqMOdeO4iyRWs-xctLRwxD-IvwYYb7wBbVL806MLKnK6dzpfS8kL4puqpTGszO90AbXW2aQ=s48-c-k-c0x00ffffff-no-rj', 'authorChannelUrl': 'http://www.youtube.com/channel/UCCmmuJK0iEUwElfW5hRy9xw', 'authorChannelId': {'value': 'UCCmmuJK0iEUwElfW5hRy9xw'}, 'canRate': True, 'viewerRating': 'none', 'likeCount': 0, 'publishedAt': '2022-10-22T23:48:55Z', 'updatedAt': '2022-10-22T23:48:55Z'}}, {'kind': 'youtube#comment', 'etag': 'if1BkO8u81eJIoflLwBHLDawhAs', 'id': 'UgwKK1Bn1Mv4Hn6ZKJB4AaABAg.9hVGKmG4-iJ9hVh7nXx72V', 'snippet': {'videoId': 'uuh1ydDwwrQ', 'textDisplay': '@Allan NeoGrey Wolf <a href=""https://youtu.be/kTA6fSdCKPE"">https://youtu.be/kTA6fSdCKPE</a>', 'textOriginal': '@Allan NeoGrey Wolf https://youtu.be/kTA6fSdCKPE', 'parentId': 'UgwKK1Bn1Mv4Hn6ZKJB4AaABAg', 'authorDisplayName': 'Francine Santos', 'authorProfileImageUrl': 'https://yt3.ggpht.com/ytc/AGIKgqP33eXPb8f5oKNwzJgZ0Xy2EsuiicOPgb0DPQ=s48-c-k-c0x00ffffff-no-rj', 'authorChannelUrl': 'http://www.youtube.com/channel/UCBWza6cIYxyKukCkr9wEjUw', 'authorChannelId': {'value': 'UCBWza6cIYxyKukCkr9wEjUw'}, 'canRate': True, 'viewerRating': 'none', 'likeCount': 0, 'publishedAt': '2022-10-22T23:21:17Z', 'updatedAt': '2022-10-22T23:21:17Z'}}, {'kind': 'youtube#comment', 'etag': 'aucDKJxNtgvfUihrFMC8Y0rVh_U', 'id': 'UgwKK1Bn1Mv4Hn6ZKJB4AaABAg.9hVGKmG4-iJ9hVNNCsC1nx', 'snippet': {'videoId': 'uuh1ydDwwrQ', 'textDisplay': '@Allan NeoGrey Wolf 😆', 'textOriginal': '@Allan NeoGrey Wolf 😆', 'parentId': 'UgwKK1Bn1Mv4Hn6ZKJB4AaABAg', 'authorDisplayName': 'Marcia Lai Pereira', 'authorProfileImageUrl': 'https://yt3.ggpht.com/ytc/AGIKgqOVuD5NawXi01rBhvQdFrWCr7auXqbMfJyZTA=s48-c-k-c0x00ffffff-no-rj', 'authorChannelUrl': 'http://www.youtube.com/channel/UCaCTN5bdD2sTajsI9i7cR5g', 'authorChannelId': {'value': 'UCaCTN5bdD2sTajsI9i7cR5g'}, 'canRate': True, 'viewerRating': 'none', 'likeCount': 0, 'publishedAt': '2022-10-22T20:19:54Z', 'updatedAt': '2022-10-22T20:19:54Z'}}]}",UCBWza6cIYxyKukCkr9wEjUw,2022-10-22T19:18:24Z,"Apagaram o nome dele de qualquer pesquisa,do nada o homem não existe mais",,2023-06-08 15:04:33.003012
youtube#commentThread,DO4UFogNh38VrcJQqcnD7ev_nKI,UgxBTeTmLndCEhCP5PB4AaABAg,"{'videoId': 'uuh1ydDwwrQ', 'topLevelComment': {'kind': 'youtube#comment', 'etag': '_0nrFlUsEoa7P_9DOLVtFKYdjYg', 'id': 'UgxBTeTmLndCEhCP5PB4AaABAg', 'snippet': {'videoId': 'uuh1ydDwwrQ', 'textDisplay': 'Nunca mais ninguém o vai ver.', 'textOriginal': 'Nunca mais ninguém o vai ver.', 'authorDisplayName': 'Luis De Morais e Castro Simão Leal', 'authorProfileImageUrl': 'https://yt3.ggpht.com/ytc/AGIKgqPg-NulCDh4FvWoUSIAuGcfMYzL_uzquZMeKzySOQ=s48-c-k-c0x00ffffff-no-rj', 'authorChannelUrl': 'http://www.youtube.com/channel/UCib0vya82fmQpkRIxHe_zYQ', 'authorChannelId': {'value': 'UCib0vya82fmQpkRIxHe_zYQ'}, 'canRate': True, 'viewerRating': 'none', 'likeCount': 5, 'publishedAt': '2022-10-22T19:18:20Z', 'updatedAt': '2022-10-22T19:18:20Z'}}, 'canReply': True, 'totalReplyCount': 2, 'isPublic': True}","{'comments': [{'kind': 'youtube#comment', 'etag': 'HS-9tobLBGTQdYgxRqedWbQd9Sk', 'id': 'UgxBTeTmLndCEhCP5PB4AaABAg.9hVGKJNjDxH9hVH4M66rvE', 'snippet': {'videoId': 'uuh1ydDwwrQ', 'textDisplay': 'ACHO que com certeza. Misericórdia Divina Senhor JESUS. Volta 😢 Senhor, pelo teu amor 💗🙏 volta.', 'textOriginal': 'ACHO que com certeza. Misericórdia Divina Senhor JESUS. Volta 😢 Senhor, pelo teu amor 💗🙏 volta.', 'parentId': 'UgxBTeTmLndCEhCP5PB4AaABAg', 'authorDisplayName': 'Márcia de Souza', 'authorProfileImageUrl': 'https://yt3.ggpht.com/ytc/AGIKgqOspk0T2Sih6e-eUxzWqmddx54kHYVtCdo4k1c0VQ=s48-c-k-c0x00ffffff-no-rj', 'authorChannelUrl': 'http://www.youtube.com/channel/UCeU8391h6TSayCOROvU85wA', 'authorChannelId': {'value': 'UCeU8391h6TSayCOROvU85wA'}, 'canRate': True, 'viewerRating': 'none', 'likeCount': 1, 'publishedAt': '2022-10-22T19:24:53Z', 'updatedAt': '2022-10-22T19:24:53Z'}}, {'kind': 'youtube#comment', 'etag': 'ZhhCnY4EEArolZoJRH7ulxEGaFY', 'id': 'UgxBTeTmLndCEhCP5PB4AaABAg.9hVGKJNjDxH9hVGuh1Juqc', 'snippet': {'videoId': 'uuh1ydDwwrQ', 'textDisplay': '@_@', 'textOriginal': '@_@', 'parentId': 'UgxBTeTmLndCEhCP5PB4AaABAg', 'authorDisplayName': 'Marli M° Conte', 'authorProfileImageUrl': 'https://yt3.ggpht.com/3pppfcFEHeDsPo-VoAjrcWzED7Rt4p7TO0fd3Byw5yYDlRq45BUPlE5kWqFeSWulXC2Ff-UnxQ=s48-c-k-c0x00ffffff-no-rj', 'authorChannelUrl': 'http://www.youtube.com/channel/UC8cyzXo5Ub6FsskJ3SSpt5g', 'authorChannelId': {'value': 'UC8cyzXo5Ub6FsskJ3SSpt5g'}, 'canRate': True, 'viewerRating': 'none', 'likeCount': 0, 'publishedAt': '2022-10-22T19:23:26Z', 'updatedAt': '2022-10-22T19:23:26Z'}}]}",UCib0vya82fmQpkRIxHe_zYQ,2022-10-22T19:18:20Z,Nunca mais ninguém o vai ver.,,2023-06-08 15:04:33.003012
youtube#commentThread,uOIQYswKbau_5TaDcYrSQNuLdwQ,Ugw1G0LEiRcJUHqmzzp4AaABAg,"{'videoId': 'uuh1ydDwwrQ', 'topLevelComment': {'kind': 'youtube#comment', 'etag': '2_P0mtnWePtZlY85SjTXmM9DkVk', 'id': 'Ugw1G0LEiRcJUHqmzzp4AaABAg', 'snippet': {'videoId': 'uuh1ydDwwrQ', 'textDisplay': 'No mínimo estranho, mas esperamos MESMO que seja um mal estar não um &quot; mal falecer a força&quot;....', 'textOriginal': 'No mínimo estranho, mas esperamos MESMO que seja um mal estar não um "" mal falecer a força""....', 'authorDisplayName': 'MALU FALCON', 'authorProfileImageUrl': 'https://yt3.ggpht.com/ytc/AGIKgqPKjmbprL_jaDS5sNMFrqkFRdd5_7n-Ea1VAQ=s48-c-k-c0x00ffffff-no-rj', 'authorChannelUrl': 'http://www.youtube.com/channel/UCAlIt0iX1EzJxU06xrqS7Xg', 'authorChannelId': {'value': 'UCAlIt0iX1EzJxU06xrqS7Xg'}, 'canRate': True, 'viewerRating': 'none', 'likeCount': 77, 'publishedAt': '2022-10-22T19:18:01Z', 'updatedAt': '2022-10-22T19:18:01Z'}}, 'canReply': True, 'totalReplyCount': 13, 'isPublic': True}","{'comments': [{'kind': 'youtube#comment', 'etag': 'jS26Ne7dynR5I0Lj5WLKi5V38ME', 'id': 'Ugw1G0LEiRcJUHqmzzp4AaABAg.9hVGI2DwKdv9hdQLULg7LA', 'snippet': {'videoId': 'uuh1ydDwwrQ', 'textDisplay': '@Emerson Boeira pois é verdade, se bem dizem, com comunas e pa-tricida não se confia!?!', 'textOriginal': '@Emerson Boeira pois é verdade, se bem dizem, com comunas e pa-tricida não se confia!?!', 'parentId': 'Ugw1G0LEiRcJUHqmzzp4AaABAg', 'authorDisplayName': 'Divino Ferreira dos Santos', 'authorProfileImageUrl': 'https://yt3.ggpht.com/ytc/AGIKgqM2RV--ZoNjZ0fSbSIjaHbkPhdIQduizLkEkZBu8A=s48-c-k-c0x00ffffff-no-rj', 'authorChannelUrl': 'http://www.youtube.com/channel/UCDg2N3_zmaSryCFSMsrcabg', 'authorChannelId': {'value': 'UCDg2N3_zmaSryCFSMsrcabg'}, 'canRate': True, 'viewerRating': 'none', 'likeCount': 0, 'publishedAt': '2022-10-26T08:39:02Z', 'updatedAt': '2022-10-26T08:39:02Z'}}, {'kind': 'youtube#comment', 'etag': '4NMLGkM8DMYGT7bAebsAqdhOY0Q', 'id': 'Ugw1G0LEiRcJUHqmzzp4AaABAg.9hVGI2DwKdv9hckqIcVuQ0', 'snippet': {'videoId': 'uuh1ydDwwrQ', 'textDisplay': 'Querem saber a verdade sobre a China, conheçam o canal NTD em Português no YouTube', 'textOriginal': 'Querem saber a verdade sobre a China, conheçam o canal NTD em Português no YouTube', 'parentId': 'Ugw1G0LEiRcJUHqmzzp4AaABAg', 'authorDisplayName': 'Seleção de vídeos', 'authorProfileImageUrl': 'https://yt3.ggpht.com/ytc/AGIKgqPVyKUCgxD78LlUREMnViw1uIgj1QMqV750oQ0YICD05uIrtf5jk1xR5d9XGzT-=s48-c-k-c0x00ffffff-no-rj', 'authorChannelUrl': 'http://www.youtube.com/channel/UChpf_AlXSzHGqtHu32L2gSQ', 'authorChannelId': {'value': 'UChpf_AlXSzHGqtHu32L2gSQ'}, 'canRate': True, 'viewerRating': 'none', 'likeCount': 0, 'publishedAt': '2022-10-26T02:27:38Z', 'updatedAt': '2022-10-26T02:27:38Z'}}, {'kind': 'youtube#comment', 'etag': 'a-4gc4M-4hC46FdaTQxIUoASYhc', 'id': 'Ugw1G0LEiRcJUHqmzzp4AaABAg.9hVGI2DwKdv9hVqeLcDLBQ', 'snippet': {'videoId': 'uuh1ydDwwrQ', 'textDisplay': '@NãoDigaQueNãoAvisei eu já vi gente mal caráter e mentirosa mas essa aí foi de bater o recorde kkkk<br>Quer dizer que é o bolsonaro o parecido com Chaves e não à esquerda Ah tá', 'textOriginal': '@NãoDigaQueNãoAvisei eu já vi gente mal caráter e mentirosa mas essa aí foi de bater o recorde kkkk\\nQuer dizer que é o bolsonaro o parecido com Chaves e não à esquerda Ah tá', 'parentId': 'Ugw1G0LEiRcJUHqmzzp4AaABAg', 'authorDisplayName': 'Alex Santos', 'authorProfileImageUrl': 'https://yt3.ggpht.com/SJMLa4KKd5NqqUyeTjeoqYO_4CIpylgCP3W9rfd59xBPWxorC25fULC0EwPMgd6v46LPuQlhZg=s48-c-k-c0x00ffffff-no-rj', 'authorChannelUrl': 'http://www.youtube.com/channel/UCK2p3DKFpoGevzujlDxZjnQ', 'authorChannelId': {'value': 'UCK2p3DKFpoGevzujlDxZjnQ'}, 'canRate': True, 'viewerRating': 'none', 'likeCount': 3, 'publishedAt': '2022-10-23T00:44:31Z', 'updatedAt': '2022-10-23T00:44:31Z'}}, {'kind': 'youtube#comment', 'etag': 'bU0gXAQ3bskbmjqtebvnFzaToTY', 'id': 'Ugw1G0LEiRcJUHqmzzp4AaABAg.9hVGI2DwKdv9hVgQ6n9Pg8', 'snippet': {'videoId': 'uuh1ydDwwrQ', 'textDisplay': '@NãoDigaQueNãoAvisei &quot;BBC&quot; KKKKKKKKKKKKKKKKKKK', 'textOriginal': '@NãoDigaQueNãoAvisei ""BBC"" KKKKKKKKKKKKKKKKKKK', 'parentId': 'Ugw1G0LEiRcJUHqmzzp4AaABAg', 'authorDisplayName': 'Henrique Sian', 'authorProfileImageUrl': 'https://yt3.ggpht.com/ytc/AGIKgqP7HUkuYaiQ6rgvVrEn1ULDSDq8ttsCzsyCaWtfAg=s48-c-k-c0x00ffffff-no-rj', 'authorChannelUrl': 'http://www.youtube.com/channel/UC9TvREw721CBifc4IC8RK6Q', 'authorChannelId': {'value': 'UC9TvREw721CBifc4IC8RK6Q'}, 'canRate': True, 'viewerRating': 'none', 'likeCount': 1, 'publishedAt': '2022-10-22T23:15:03Z', 'updatedAt': '2022-10-22T23:15:03Z'}}, {'kind': 'youtube#comment', 'etag': 'SCXhz0gkFUNUFOMHqXklQVOdh5M', 'id': 'Ugw1G0LEiRcJUHqmzzp4AaABAg.9hVGI2DwKdv9hVPo12sR1U', 'snippet': {'videoId': 'uuh1ydDwwrQ', 'textDisplay': 'Acordem! VamosPraRuaVerdeeAmarelo. Ainda Podemos.', 'textOriginal': 'Acordem! VamosPraRuaVerdeeAmarelo. Ainda Podemos.', 'parentId': 'Ugw1G0LEiRcJUHqmzzp4AaABAg', 'authorDisplayName': 'Ailton Mariano', 'authorProfileImageUrl': 'https://yt3.ggpht.com/ytc/AGIKgqPMTzGnD_tqu5wIsAWg3htWEEhASX0tB7mUOg=s48-c-k-c0x00ffffff-no-rj', 'authorChannelUrl': 'http://www.youtube.com/channel/UCTSkvoAf50dxhCt77B1nRUQ', 'authorChannelId': {'value': 'UCTSkvoAf50dxhCt77B1nRUQ'}, 'canRate': True, 'viewerRating': 'none', 'likeCount': 0, 'publishedAt': '2022-10-22T20:41:10Z', 'updatedAt': '2022-10-22T20:41:10Z'}}]}",UCAlIt0iX1EzJxU06xrqS7Xg,2022-10-22T19:18:01Z,"No mínimo estranho, mas esperamos MESMO que seja um mal estar não um "" mal falecer a força""....",,2023-06-08 15:04:33.003012
youtube#commentThread,AKwu2Sk2ttI9lxyvWM00N2iQFKg,Ugwt8C9YJhy6LY0wVod4AaABAg,"{'videoId': 'uuh1ydDwwrQ', 'topLevelComment': {'kind': 'youtube#comment', 'etag': 'V9xY_1OklcqbXCAgw5vVqcatVjs', 'id': 'Ugwt8C9YJhy6LY0wVod4AaABAg', 'snippet': {'videoId': 'uuh1ydDwwrQ', 'textDisplay': 'EU ESTOU COM BOLSONARO PRESIDENTE DO BRASIL 🇧🇷\\U0001fae1', 'textOriginal': 'EU ESTOU COM BOLSONARO PRESIDENTE DO BRASIL 🇧🇷\\U0001fae1', 'authorDisplayName': 'Bruno Silva', 'authorProfileImageUrl': 'https://yt3.ggpht.com/ytc/AGIKgqMFgHjLBba7IT-RyNAzgwWXj5TbdXH5MOmb588DVw=s48-c-k-c0x00ffffff-no-rj', 'authorChannelUrl': 'http://www.youtube.com/channel/UC7zQxLbx-2xpO0OJbwJ2KJw', 'authorChannelId': {'value': 'UC7zQxLbx-2xpO0OJbwJ2KJw'}, 'canRate': True, 'viewerRating': 'none', 'likeCount': 273, 'publishedAt': '2022-10-22T19:16:05Z', 'updatedAt': '2022-10-22T19:16:05Z'}}, 'canReply': True, 'totalReplyCount': 4, 'isPublic': True}","{'comments': [{'kind': 'youtube#comment', 'etag': '7YSpjgZi42zFIEnqXfLRi_xiXkg', 'id': 'Ugwt8C9YJhy6LY0wVod4AaABAg.9hVG3mbdUp79hdk4Ko2qtV', 'snippet': {'videoId': 'uuh1ydDwwrQ', 'textDisplay': '@anyone veremos', 'textOriginal': '@anyone veremos', 'parentId': 'Ugwt8C9YJhy6LY0wVod4AaABAg', 'authorDisplayName': 'Werberte Gonçalves Ferreira', 'authorProfileImageUrl': 'https://yt3.ggpht.com/ytc/AGIKgqMkJ6qBxEHDPLmLP6O9Z2cs9mbzmGWFCuLIPn2qEg=s48-c-k-c0x00ffffff-no-rj', 'authorChannelUrl': 'http://www.youtube.com/channel/UCwl1Cd4QXItDdoQau-W4JFw', 'authorChannelId': {'value': 'UCwl1Cd4QXItDdoQau-W4JFw'}, 'canRate': True, 'viewerRating': 'none', 'likeCount': 1, 'publishedAt': '2022-10-26T11:40:12Z', 'updatedAt': '2022-10-26T11:40:12Z'}}, {'kind': 'youtube#comment', 'etag': 'kVwvUqgc_pvzR7vI5c1bJZfRRuo', 'id': 'Ugwt8C9YJhy6LY0wVod4AaABAg.9hVG3mbdUp79hctnOA9KuR', 'snippet': {'videoId': 'uuh1ydDwwrQ', 'textDisplay': 'Logo logo será ex presidente!', 'textOriginal': 'Logo logo será ex presidente!', 'parentId': 'Ugwt8C9YJhy6LY0wVod4AaABAg', 'authorDisplayName': 'anyone', 'authorProfileImageUrl': 'https://yt3.ggpht.com/eXZc5zuhanJby58_FyuQNOxlttxg3N8tgm-nG_fUsJnPrdadJLnIHiZM5NjSE3Mmg9zYovMKxw=s48-c-k-c0x00ffffff-no-rj', 'authorChannelUrl': 'http://www.youtube.com/channel/UCFSQNMKwfDcrkknBDoauS-Q', 'authorChannelId': {'value': 'UCFSQNMKwfDcrkknBDoauS-Q'}, 'canRate': True, 'viewerRating': 'none', 'likeCount': 0, 'publishedAt': '2022-10-26T03:45:53Z', 'updatedAt': '2022-10-26T03:45:53Z'}}, {'kind': 'youtube#comment', 'etag': '22Zy6IlgvaVDYBZ-oUOmsxinN5M', 'id': 'Ugwt8C9YJhy6LY0wVod4AaABAg.9hVG3mbdUp79hXAtKwoslH', 'snippet': {'videoId': 'uuh1ydDwwrQ', 'textDisplay': 'Eu também ³', 'textOriginal': 'Eu também ³', 'parentId': 'Ugwt8C9YJhy6LY0wVod4AaABAg', 'authorDisplayName': 'Werberte Gonçalves Ferreira', 'authorProfileImageUrl': 'https://yt3.ggpht.com/ytc/AGIKgqMkJ6qBxEHDPLmLP6O9Z2cs9mbzmGWFCuLIPn2qEg=s48-c-k-c0x00ffffff-no-rj', 'authorChannelUrl': 'http://www.youtube.com/channel/UCwl1Cd4QXItDdoQau-W4JFw', 'authorChannelId': {'value': 'UCwl1Cd4QXItDdoQau-W4JFw'}, 'canRate': True, 'viewerRating': 'none', 'likeCount': 3, 'publishedAt': '2022-10-23T13:09:18Z', 'updatedAt': '2022-10-23T13:09:18Z'}}, {'kind': 'youtube#comment', 'etag': 'jZYX0eFn9WANVOPeSrGJ42-dh9s', 'id': 'Ugwt8C9YJhy6LY0wVod4AaABAg.9hVG3mbdUp79hW7bhg9mrt', 'snippet': {'videoId': 'uuh1ydDwwrQ', 'textDisplay': 'Eu também', 'textOriginal': 'Eu também', 'parentId': 'Ugwt8C9YJhy6LY0wVod4AaABAg', 'authorDisplayName': 'fabianoftw', 'authorProfileImageUrl': 'https://yt3.ggpht.com/8G-n9t-0rk_fn3o4jazZzqc3GK9xQIcMVJKWEKwoNbx68yYEM5nSBt6hF1VH6apdtvMVwTl4mA=s48-c-k-c0x00ffffff-no-rj', 'authorChannelUrl': 'http://www.youtube.com/channel/UCLDNMKBke7JPYRbfITpC2NA', 'authorChannelId': {'value': 'UCLDNMKBke7JPYRbfITpC2NA'}, 'canRate': True, 'viewerRating': 'none', 'likeCount': 5, 'publishedAt': '2022-10-23T03:21:26Z', 'updatedAt': '2022-10-23T03:21:26Z'}}]}",UC7zQxLbx-2xpO0OJbwJ2KJw,2022-10-22T19:16:05Z,EU ESTOU COM BOLSONARO PRESIDENTE DO BRASIL 🇧🇷🫡,,2023-06-08 15:04:33.003012
youtube#commentThread,C9kAqCmjyQDyLv7vZGMKMLk-Uf8,Ugw5Py3tib72evEkA-V4AaABAg,"{'videoId': 'uuh1ydDwwrQ', 'topLevelComment': {'kind': 'youtube#comment', 'etag': 'YXGVaaBz86ValEuggaLefgZoimw', 'id': 'Ugw5Py3tib72evEkA-V4AaABAg', 'snippet': {'videoId': 'uuh1ydDwwrQ', 'textDisplay': 'Disputa por poder. O mundo esta em xeque-mate global. Existem duas mãos, duas forças buscando uma hegemonia de poder. Estamos vivendo isso aqui no Brasil e ninguém percebe. Aqui , não é uma disputa pelo cargo de presidente.  Quem tem olhos que veja.', 'textOriginal': 'Disputa por poder. O mundo esta em xeque-mate global. Existem duas mãos, duas forças buscando uma hegemonia de poder. Estamos vivendo isso aqui no Brasil e ninguém percebe. Aqui , não é uma disputa pelo cargo de presidente.  Quem tem olhos que veja.', 'authorDisplayName': 'Matias Junior', 'authorProfileImageUrl': 'https://yt3.ggpht.com/ytc/AGIKgqNZ08fLg-42XBt_n2m6_-PHikT7DLjmRDpsjQIrVQ=s48-c-k-c0x00ffffff-no-rj', 'authorChannelUrl': 'http://www.youtube.com/channel/UCRBy5APGlSQ8sOiLDu7xV0w', 'authorChannelId': {'value': 'UCRBy5APGlSQ8sOiLDu7xV0w'}, 'canRate': True, 'viewerRating': 'none', 'likeCount': 352, 'publishedAt': '2022-10-22T19:14:59Z', 'updatedAt': '2022-10-22T19:14:59Z'}}, 'canReply': True, 'totalReplyCount': 27, 'isPublic': True}","{'comments': [{'kind': 'youtube#comment', 'etag': 'wdofQgK8oISypa1l2tTt1tkPX7s', 'id': 'Ugw5Py3tib72evEkA-V4AaABAg.9hVFwnkI_LM9hht7ucaF8o', 'snippet': {'videoId': 'uuh1ydDwwrQ', 'textDisplay': '@Soal Camara e o Brasil contra o partido comunista da china', 'textOriginal': '@Soal Camara e o Brasil contra o partido comunista da china', 'parentId': 'Ugw5Py3tib72evEkA-V4AaABAg', 'authorDisplayName': 'Luis Afonso Conceição', 'authorProfileImageUrl': 'https://yt3.ggpht.com/ytc/AGIKgqOuzv-7SKi23LJBPcJYh7fIAC39qXxA_bXwyqqd=s48-c-k-c0x00ffffff-no-rj', 'authorChannelUrl': 'http://www.youtube.com/channel/UC3fTQ6bOR5hYznWApXQe4Ig', 'authorChannelId': {'value': 'UC3fTQ6bOR5hYznWApXQe4Ig'}, 'canRate': True, 'viewerRating': 'none', 'likeCount': 0, 'publishedAt': '2022-10-28T02:16:17Z', 'updatedAt': '2022-10-28T02:16:17Z'}}, {'kind': 'youtube#comment', 'etag': '3-ykjbOj5unUErVSp_XmWibf7rg', 'id': 'Ugw5Py3tib72evEkA-V4AaABAg.9hVFwnkI_LM9hdXyVInY19', 'snippet': {'videoId': 'uuh1ydDwwrQ', 'textDisplay': 'Assiste o mesmo canal que eu 😉', 'textOriginal': 'Assiste o mesmo canal que eu 😉', 'parentId': 'Ugw5Py3tib72evEkA-V4AaABAg', 'authorDisplayName': 'Junior Henrique', 'authorProfileImageUrl': 'https://yt3.ggpht.com/ytc/AGIKgqOvj6I-LQHwk4SkCRS-TQQE4RMd9FKpLOf7V6-F=s48-c-k-c0x00ffffff-no-rj', 'authorChannelUrl': 'http://www.youtube.com/channel/UClBhWkKZ0B3vgMsvcKfzf3Q', 'authorChannelId': {'value': 'UClBhWkKZ0B3vgMsvcKfzf3Q'}, 'canRate': True, 'viewerRating': 'none', 'likeCount': 0, 'publishedAt': '2022-10-26T09:45:40Z', 'updatedAt': '2022-10-26T09:45:40Z'}}, {'kind': 'youtube#comment', 'etag': 'pCau7RGBQdnk0b3zKd6k-SOm25w', 'id': 'Ugw5Py3tib72evEkA-V4AaABAg.9hVFwnkI_LM9hdUN_HwMiH', 'snippet': {'videoId': 'uuh1ydDwwrQ', 'textDisplay': 'Bolsonaro 22', 'textOriginal': 'Bolsonaro 22', 'parentId': 'Ugw5Py3tib72evEkA-V4AaABAg', 'authorDisplayName': 'Claudomira Rodrigues', 'authorProfileImageUrl': 'https://yt3.ggpht.com/ytc/AGIKgqMflea984MG8LDBAVqGePzenBnQiWK4Qvqw5Ko_fQ=s48-c-k-c0x00ffffff-no-rj', 'authorChannelUrl': 'http://www.youtube.com/channel/UCkfQ8kh403vn8OlAgKK5-yg', 'authorChannelId': {'value': 'UCkfQ8kh403vn8OlAgKK5-yg'}, 'canRate': True, 'viewerRating': 'none', 'likeCount': 1, 'publishedAt': '2022-10-26T09:14:17Z', 'updatedAt': '2022-10-26T09:14:17Z'}}, {'kind': 'youtube#comment', 'etag': 'npWkW7Zbe6z6NQFFMbKKzSbSYNM', 'id': 'Ugw5Py3tib72evEkA-V4AaABAg.9hVFwnkI_LM9hZXLr0g2fv', 'snippet': {'videoId': 'uuh1ydDwwrQ', 'textDisplay': 'Assistem os vídeos em que os milionários “globalistas” desenham o mundo “cor de rosa” do futuro… seguem eles pelo forum econômico mundial, e pelo próprio CEO Klaus Schwab. <br>Os caras falam tudo há anos, por isso muitos filmes de distopia estão aí… tudo com base no que já foi exposto.<br>Eles falam que “no futuro você não vai ter nada e vai ser feliz”.', 'textOriginal': 'Assistem os vídeos em que os milionários “globalistas” desenham o mundo “cor de rosa” do futuro… seguem eles pelo forum econômico mundial, e pelo próprio CEO Klaus Schwab. \\nOs caras falam tudo há anos, por isso muitos filmes de distopia estão aí… tudo com base no que já foi exposto.\\nEles falam que “no futuro você não vai ter nada e vai ser feliz”.', 'parentId': 'Ugw5Py3tib72evEkA-V4AaABAg', 'authorDisplayName': 'Little Brasil', 'authorProfileImageUrl': 'https://yt3.ggpht.com/ytc/AGIKgqO-14N7qc_QbwFQkqll4FiIjA1wYl69_k3RntHQ0w=s48-c-k-c0x00ffffff-no-rj', 'authorChannelUrl': 'http://www.youtube.com/channel/UCw4q4cQU8p5zTzvCGs_yMFw', 'authorChannelId': {'value': 'UCw4q4cQU8p5zTzvCGs_yMFw'}, 'canRate': True, 'viewerRating': 'none', 'likeCount': 0, 'publishedAt': '2022-10-24T11:04:03Z', 'updatedAt': '2022-10-24T11:04:03Z'}}, {'kind': 'youtube#comment', 'etag': 'R6YL8gg6IPMVXqLKRsAS3YSqAZE', 'id': 'Ugw5Py3tib72evEkA-V4AaABAg.9hVFwnkI_LM9hZWwijHoaM', 'snippet': {'videoId': 'uuh1ydDwwrQ', 'textDisplay': '@Teresinha Lorenzetti Lula é do proletariado e sonha em ser o principal líder da América Latina. Mas eles já falaram que as “pautas globalistas, progressistas” é deles… da “esquerda” dos co mu nis tas.', 'textOriginal': '@Teresinha Lorenzetti Lula é do proletariado e sonha em ser o principal líder da América Latina. Mas eles já falaram que as “pautas globalistas, progressistas” é deles… da “esquerda” dos co mu nis tas.', 'parentId': 'Ugw5Py3tib72evEkA-V4AaABAg', 'authorDisplayName': 'Little Brasil', 'authorProfileImageUrl': 'https://yt3.ggpht.com/ytc/AGIKgqO-14N7qc_QbwFQkqll4FiIjA1wYl69_k3RntHQ0w=s48-c-k-c0x00ffffff-no-rj', 'authorChannelUrl': 'http://www.youtube.com/channel/UCw4q4cQU8p5zTzvCGs_yMFw', 'authorChannelId': {'value': 'UCw4q4cQU8p5zTzvCGs_yMFw'}, 'canRate': True, 'viewerRating': 'none', 'likeCount': 0, 'publishedAt': '2022-10-24T11:00:29Z', 'updatedAt': '2022-10-24T11:00:29Z'}}]}",UCRBy5APGlSQ8sOiLDu7xV0w,2022-10-22T19:14:59Z,"Disputa por poder. O mundo esta em xeque-mate global. Existem duas mãos, duas forças buscando uma hegemonia de poder. Estamos vivendo isso aqui no Brasil e ninguém percebe. Aqui , não é uma disputa pelo cargo de presidente.  Quem tem olhos que veja.",,2023-06-08 15:04:33.003012
youtube#commentThread,lhVrW30Po6vf9n5HjWwzCIn2PDc,UgwnO2OyjEAxTn6HYTJ4AaABAg,"{'videoId': 'uuh1ydDwwrQ', 'topLevelComment': {'kind': 'youtube#comment', 'etag': 'd_EBkahO2MDOhzq3pY348yOtT1I', 'id': 'UgwnO2OyjEAxTn6HYTJ4AaABAg', 'snippet': {'videoId': 'uuh1ydDwwrQ', 'textDisplay': '&quot;Mal súbito&quot; ata acredito.', 'textOriginal': '""Mal súbito"" ata acredito.', 'authorDisplayName': 'sergio rocha', 'authorProfileImageUrl': 'https://yt3.ggpht.com/vAuv8kD3z1dlZVcGEd9y2AHMNyjsmLxYheaDSVLkV1BRFcSrIW0ZMi8ks_hE0yOZTshyxOAc5g=s48-c-k-c0x00ffffff-no-rj', 'authorChannelUrl': 'http://www.youtube.com/channel/UCoQ-XPWvitGYAdj9EBfz2IQ', 'authorChannelId': {'value': 'UCoQ-XPWvitGYAdj9EBfz2IQ'}, 'canRate': True, 'viewerRating': 'none', 'likeCount': 54, 'publishedAt': '2022-10-22T19:14:40Z', 'updatedAt': '2022-10-22T19:14:40Z'}}, 'canReply': True, 'totalReplyCount': 1, 'isPublic': True}","{'comments': [{'kind': 'youtube#comment', 'etag': 'zqT7vItRhRNsICih6WOHDXnG9x8', 'id': 'UgwnO2OyjEAxTn6HYTJ4AaABAg.9hVFuPi9NAr9hVHh9uEy_R', 'snippet': {'videoId': 'uuh1ydDwwrQ', 'textDisplay': 'Vai virar Yakissoba', 'textOriginal': 'Vai virar Yakissoba', 'parentId': 'UgwnO2OyjEAxTn6HYTJ4AaABAg', 'authorDisplayName': 'Fernandes SP', 'authorProfileImageUrl': 'https://yt3.ggpht.com/ytc/AGIKgqP0VIQiamfeTjxQnu55yDoOsUt1CO44XRkOI1BeGw=s48-c-k-c0x00ffffff-no-rj', 'authorChannelUrl': 'http://www.youtube.com/channel/UC_10sgx50nB8cRZD3rmYSMQ', 'authorChannelId': {'value': 'UC_10sgx50nB8cRZD3rmYSMQ'}, 'canRate': True, 'viewerRating': 'none', 'likeCount': 2, 'publishedAt': '2022-10-22T19:30:20Z', 'updatedAt': '2022-10-22T19:30:20Z'}}]}",UCoQ-XPWvitGYAdj9EBfz2IQ,2022-10-22T19:14:40Z,"""Mal súbito"" ata acredito.",,2023-06-08 15:04:33.003012
youtube#commentThread,8RsLlU6zHXF7xpjsLrwxPBacnIk,Ugzf1NaLLXOFOn2eQNZ4AaABAg,"{'videoId': 'uuh1ydDwwrQ', 'topLevelComment': {'kind': 'youtube#comment', 'etag': 'IPCTQ6283F5uwwSZQw_eaXv65EU', 'id': 'Ugzf1NaLLXOFOn2eQNZ4AaABAg', 'snippet': {'videoId': 'uuh1ydDwwrQ', 'textDisplay': 'UMA GAROTA FAKE ME DEU UMA AULA DE POLÍTICA E PORTUGUÊS NO YOUTUBE HOJE.<br>SOU NADA PERTO DE AMANDA KLEIN.', 'textOriginal': 'UMA GAROTA FAKE ME DEU UMA AULA DE POLÍTICA E PORTUGUÊS NO YOUTUBE HOJE.\\nSOU NADA PERTO DE AMANDA KLEIN.', 'authorDisplayName': 'EDUARDO', 'authorProfileImageUrl': 'https://yt3.ggpht.com/NHoV2p3MWJzzsVjN0oE-_Ry1dPANew1A1v-w09U7VPbav80oLA5W8eKcnZSEhcVmqpE0Vdcocx8=s48-c-k-c0x00ffffff-no-rj', 'authorChannelUrl': 'http://www.youtube.com/channel/UCOnULsxLCgbXeD313udb7Ow', 'authorChannelId': {'value': 'UCOnULsxLCgbXeD313udb7Ow'}, 'canRate': True, 'viewerRating': 'none', 'likeCount': 9, 'publishedAt': '2022-10-22T19:09:26Z', 'updatedAt': '2022-10-22T19:09:26Z'}}, 'canReply': True, 'totalReplyCount': 2, 'isPublic': True}","{'comments': [{'kind': 'youtube#comment', 'etag': '3LmhKo8qyHtg741kpk6KaoYYrPc', 'id': 'Ugzf1NaLLXOFOn2eQNZ4AaABAg.9hVFJ6zPdFR9hWAQe39bEd', 'snippet': {'videoId': 'uuh1ydDwwrQ', 'textDisplay': 'Wow!!!!', 'textOriginal': 'Wow!!!!', 'parentId': 'Ugzf1NaLLXOFOn2eQNZ4AaABAg', 'authorDisplayName': 'Niz Caetano', 'authorProfileImageUrl': 'https://yt3.ggpht.com/ytc/AGIKgqOQ5EvRsWjFAeiQyo4kcpjDcrEiNUU419P81Q=s48-c-k-c0x00ffffff-no-rj', 'authorChannelUrl': 'http://www.youtube.com/channel/UCjhY3oIpFT5q1IaGQqAdIdQ', 'authorChannelId': {'value': 'UCjhY3oIpFT5q1IaGQqAdIdQ'}, 'canRate': True, 'viewerRating': 'none', 'likeCount': 0, 'publishedAt': '2022-10-23T03:46:01Z', 'updatedAt': '2022-10-23T03:46:01Z'}}, {'kind': 'youtube#comment', 'etag': 'eSRZwH3ZCMTeFjxXx2kmDmpwnsM', 'id': 'Ugzf1NaLLXOFOn2eQNZ4AaABAg.9hVFJ6zPdFR9hVJIHhvgo_', 'snippet': {'videoId': 'uuh1ydDwwrQ', 'textDisplay': 'Isso, considerando que ela tem um chip no cérebro, que limita seu alto potencial...', 'textOriginal': 'Isso, considerando que ela tem um chip no cérebro, que limita seu alto potencial...', 'parentId': 'Ugzf1NaLLXOFOn2eQNZ4AaABAg', 'authorDisplayName': 'Tiburcio Nascimento', 'authorProfileImageUrl': 'https://yt3.ggpht.com/ytc/AGIKgqPYJ16XbloZp1nRif2q9UiINjE9b3aLcJFllVpYZmGF8L32gAvFuJ_fm0H5T6oa=s48-c-k-c0x00ffffff-no-rj', 'authorChannelUrl': 'http://www.youtube.com/channel/UCOpVT2WBtvOTmNgRgNreY3Q', 'authorChannelId': {'value': 'UCOpVT2WBtvOTmNgRgNreY3Q'}, 'canRate': True, 'viewerRating': 'none', 'likeCount': 2, 'publishedAt': '2022-10-22T19:44:16Z', 'updatedAt': '2022-10-22T19:44:16Z'}}]}",UCOnULsxLCgbXeD313udb7Ow,2022-10-22T19:09:26Z,"UMA GAROTA FAKE ME DEU UMA AULA DE POLÍTICA E PORTUGUÊS NO YOUTUBE HOJE.
SOU NADA PERTO DE AMANDA KLEIN.",,2023-06-08 15:04:33.003012
