kind,etag,id,snippet,replies,authorChannelId,publishedAt,textOriginal,nextPageToken,extraction_date
youtube#commentThread,3vtVWHD5Oa3GAj534SeIcCt43fI,Ugytr-PvoHpO-1xLWnV4AaABAg,"{'videoId': 'TFcosl5R3Zo', 'topLevelComment': {'kind': 'youtube#comment', 'etag': 'YjPateYBxiJ-C5QllPdIXtCbHx8', 'id': 'Ugytr-PvoHpO-1xLWnV4AaABAg', 'snippet': {'videoId': 'TFcosl5R3Zo', 'textDisplay': 'URNAS FRAUDADAS Precisa resolver isso urgente lembra do Trump', 'textOriginal': 'URNAS FRAUDADAS Precisa resolver isso urgente lembra do Trump', 'authorDisplayName': 'Cassio Ramalho', 'authorProfileImageUrl': 'https://yt3.ggpht.com/ytc/AGIKgqPxicyIOk79dhWMOr9ff5bYwsHe45t0DftZM8QzLg=s48-c-k-c0x00ffffff-no-rj', 'authorChannelUrl': 'http://www.youtube.com/channel/UCudSM4bPMpgq3uDoB6p7sVg', 'authorChannelId': {'value': 'UCudSM4bPMpgq3uDoB6p7sVg'}, 'canRate': True, 'viewerRating': 'none', 'likeCount': 0, 'publishedAt': '2022-10-06T19:31:22Z', 'updatedAt': '2022-10-06T19:31:22Z'}}, 'canReply': True, 'totalReplyCount': 0, 'isPublic': True}",,UCudSM4bPMpgq3uDoB6p7sVg,2022-10-06T19:31:22Z,URNAS FRAUDADAS Precisa resolver isso urgente lembra do Trump,,2023-06-08 12:17:04.878153
youtube#commentThread,T7iaQlDknfKcPZj_O7ytL9seNDY,Ugx_Uh6lvEuPuESJYZx4AaABAg,"{'videoId': 'TFcosl5R3Zo', 'topLevelComment': {'kind': 'youtube#comment', 'etag': 'GHEgv5F8C4h2jLoVxB_bxHGHmeo', 'id': 'Ugx_Uh6lvEuPuESJYZx4AaABAg', 'snippet': {'videoId': 'TFcosl5R3Zo', 'textDisplay': 'Deus abençoe sua vida sempre presidente Bolsonaro e te der a vitória', 'textOriginal': 'Deus abençoe sua vida sempre presidente Bolsonaro e te der a vitória', 'authorDisplayName': 'Nailton De Jesus', 'authorProfileImageUrl': 'https://yt3.ggpht.com/ytc/AGIKgqPcobXNPeQK77zSEBul3kQeVJIr8CCsI38e-U4l84wWl7B6ablqzezVoGsI20ED=s48-c-k-c0x00ffffff-no-rj', 'authorChannelUrl': 'http://www.youtube.com/channel/UC3IaNxowqRF-wunS8HKzwXQ', 'authorChannelId': {'value': 'UC3IaNxowqRF-wunS8HKzwXQ'}, 'canRate': True, 'viewerRating': 'none', 'likeCount': 0, 'publishedAt': '2022-10-06T03:29:02Z', 'updatedAt': '2022-10-06T03:29:02Z'}}, 'canReply': True, 'totalReplyCount': 0, 'isPublic': True}",,UC3IaNxowqRF-wunS8HKzwXQ,2022-10-06T03:29:02Z,Deus abençoe sua vida sempre presidente Bolsonaro e te der a vitória,,2023-06-08 12:17:04.878153
youtube#commentThread,QNaHmHqkswC4w187LcDrploXkH0,Ugzk14uGyawCfJ4nPJh4AaABAg,"{'videoId': 'TFcosl5R3Zo', 'topLevelComment': {'kind': 'youtube#comment', 'etag': 'V6TrM6Z0VWdj4BKE8jUmCpwxOrM', 'id': 'Ugzk14uGyawCfJ4nPJh4AaABAg', 'snippet': {'videoId': 'TFcosl5R3Zo', 'textDisplay': 'Creio que a vitória nos foi dada <br>Que o ESPÍRITO SANTO nos direcione a honrar o SENHOR e nos abençoe livrando -nos dos inimigos da nação brasileira.', 'textOriginal': 'Creio que a vitória nos foi dada \\nQue o ESPÍRITO SANTO nos direcione a honrar o SENHOR e nos abençoe livrando -nos dos inimigos da nação brasileira.', 'authorDisplayName': 'sergio henrique campos', 'authorProfileImageUrl': 'https://yt3.ggpht.com/ytc/AGIKgqO_pjOvYho2VinM7xWVgrGnKN6NU9SWbtpbqw=s48-c-k-c0x00ffffff-no-rj', 'authorChannelUrl': 'http://www.youtube.com/channel/UCh3w7FSCvkqPdAPIHdHivpA', 'authorChannelId': {'value': 'UCh3w7FSCvkqPdAPIHdHivpA'}, 'canRate': True, 'viewerRating': 'none', 'likeCount': 0, 'publishedAt': '2022-10-06T01:31:38Z', 'updatedAt': '2022-10-06T01:31:38Z'}}, 'canReply': True, 'totalReplyCount': 0, 'isPublic': True}",,UCh3w7FSCvkqPdAPIHdHivpA,2022-10-06T01:31:38Z,"Creio que a vitória nos foi dada 
Que o ESPÍRITO SANTO nos direcione a honrar o SENHOR e nos abençoe livrando -nos dos inimigos da nação brasileira.",,2023-06-08 12:17:04.878153
youtube#commentThread,79rYOi2jxG_D45siT7_RDULRgWA,Ugzk7tW2XxunJTBFMdd4AaABAg,"{'videoId': 'TFcosl5R3Zo', 'topLevelComment': {'kind': 'youtube#comment', 'etag': 'iCfRRVzogRjPcOrSOCa4WvrjgnU', 'id': 'Ugzk7tW2XxunJTBFMdd4AaABAg', 'snippet': {'videoId': 'TFcosl5R3Zo', 'textDisplay': 'DEUS PATRIA FAMILIA E LIBERDADE: MITO 22 22 22.,,', 'textOriginal': 'DEUS PATRIA FAMILIA E LIBERDADE: MITO 22 22 22.,,', 'authorDisplayName': 'edielstoffel', 'authorProfileImageUrl': 'https://yt3.ggpht.com/ytc/AGIKgqMRNO4jQsO-d1VgsNd8SmGVW2EnyGKZ1isI4sl8GQ=s48-c-k-c0x00ffffff-no-rj', 'authorChannelUrl': 'http://www.youtube.com/channel/UCkry1c2oF5pPuoeL8OJWt8g', 'authorChannelId': {'value': 'UCkry1c2oF5pPuoeL8OJWt8g'}, 'canRate': True, 'viewerRating': 'none', 'likeCount': 0, 'publishedAt': '2022-10-05T23:37:13Z', 'updatedAt': '2022-10-05T23:37:13Z'}}, 'canReply': True, 'totalReplyCount': 0, 'isPublic': True}",,UCkry1c2oF5pPuoeL8OJWt8g,2022-10-05T23:37:13Z,"DEUS PATRIA FAMILIA E LIBERDADE: MITO 22 22 22.,,",,2023-06-08 12:17:04.878153
youtube#commentThread,BugE0dc-Xbo6v8zKleCEPVv687c,UgzMfdcaWUNIg9G1xJN4AaABAg,"{'videoId': 'TFcosl5R3Zo', 'topLevelComment': {'kind': 'youtube#comment', 'etag': 'TwrF7bJSrZ3i6OH6viY-n9_uQzQ', 'id': 'UgzMfdcaWUNIg9G1xJN4AaABAg', 'snippet': {'videoId': 'TFcosl5R3Zo', 'textDisplay': '😇\\xa0\\xa0\\xa0\\xa0\\xa0\\xa0\\xa0\\xa0\\xa0\\xa0\\xa0\\xa0\\xa0\\xa0\\xa0 YAUH\\xa0\\xa0\\xa0\\xa0\\xa0\\xa0\\xa0\\xa0\\xa0\\xa0\\xa0\\xa0\\xa0\\xa0\\xa0\\xa0\\xa0 😇<br>🙏🇧🇷🇧🇷🇧🇷🇧🇷🇧🇷🇧🇷🇧🇷🇧🇷 🇧🇷🙏Rogo ao Criador YAUH, que todo o mau seja afastado! Que todos os demônios sejam defenestrados! Que todos os candidatos, opositores de esquerda, desistam, um por um, sejam afastados e impedidos de lograrem êxitos, nas suas intenções e ações malígnas! Bolsonaro, sua família, seus apoiadores, no Brasil e no Mundo, estão sobre a proteção divina, do ALTÍSSIMO YAUH, SENHOR DOS EXÉRCITOS! Bolsonaro será reeleito, por unanimidade, em Outubro! O Satanás interferiu no 1° turno, mas a última palavra é de YAUH Criador do céus e da Terra, assim seja feita, a vossa vontade, no 2° turno! GLÓRIA! GLORIA! GLÓRIA!!!!!.', 'textOriginal': '😇\\xa0\\xa0\\xa0\\xa0\\xa0\\xa0\\xa0\\xa0\\xa0\\xa0\\xa0\\xa0\\xa0\\xa0\\xa0 YAUH\\xa0\\xa0\\xa0\\xa0\\xa0\\xa0\\xa0\\xa0\\xa0\\xa0\\xa0\\xa0\\xa0\\xa0\\xa0\\xa0\\xa0 😇\\n🙏🇧🇷🇧🇷🇧🇷🇧🇷🇧🇷🇧🇷🇧🇷🇧🇷 🇧🇷🙏Rogo ao Criador YAUH, que todo o mau seja afastado! Que todos os demônios sejam defenestrados! Que todos os candidatos, opositores de esquerda, desistam, um por um, sejam afastados e impedidos de lograrem êxitos, nas suas intenções e ações malígnas! Bolsonaro, sua família, seus apoiadores, no Brasil e no Mundo, estão sobre a proteção divina, do ALTÍSSIMO YAUH, SENHOR DOS EXÉRCITOS! Bolsonaro será reeleito, por unanimidade, em Outubro! O Satanás interferiu no 1° turno, mas a última palavra é de YAUH Criador do céus e da Terra, assim seja feita, a vossa vontade, no 2° turno! GLÓRIA! GLORIA! GLÓRIA!!!!!.', 'authorDisplayName': 'BRINIL', 'authorProfileImageUrl': 'https://yt3.ggpht.com/ytc/AGIKgqPj3N1R-NJZdDnEB2p5V_DLUjDFf8XXmpSihg=s48-c-k-c0x00ffffff-no-rj', 'authorChannelUrl': 'http://www.youtube.com/channel/UCWeS4a1qmGKOlh4agWblIjg', 'authorChannelId': {'value': 'UCWeS4a1qmGKOlh4agWblIjg'}, 'canRate': True, 'viewerRating': 'none', 'likeCount': 0, 'publishedAt': '2022-10-05T23:22:33Z', 'updatedAt': '2022-10-05T23:22:33Z'}}, 'canReply': True, 'totalReplyCount': 0, 'isPublic': True}",,UCWeS4a1qmGKOlh4agWblIjg,2022-10-05T23:22:33Z,"😇                YAUH                  😇
🙏🇧🇷🇧🇷🇧🇷🇧🇷🇧🇷🇧🇷🇧🇷🇧🇷 🇧🇷🙏Rogo ao Criador YAUH, que todo o mau seja afastado! Que todos os demônios sejam defenestrados! Que todos os candidatos, opositores de esquerda, desistam, um por um, sejam afastados e impedidos de lograrem êxitos, nas suas intenções e ações malígnas! Bolsonaro, sua família, seus apoiadores, no Brasil e no Mundo, estão sobre a proteção divina, do ALTÍSSIMO YAUH, SENHOR DOS EXÉRCITOS! Bolsonaro será reeleito, por unanimidade, em Outubro! O Satanás interferiu no 1° turno, mas a última palavra é de YAUH Criador do céus e da Terra, assim seja feita, a vossa vontade, no 2° turno! GLÓRIA! GLORIA! GLÓRIA!!!!!.",,2023-06-08 12:17:04.878153
youtube#commentThread,RNsXOmygePep7whei4O6-qtfOf8,UgypqzftTBPUaEvkoep4AaABAg,"{'videoId': 'TFcosl5R3Zo', 'topLevelComment': {'kind': 'youtube#comment', 'etag': '3JCxjcF06kWDZOCbgNDhlvPtrpk', 'id': 'UgypqzftTBPUaEvkoep4AaABAg', 'snippet': {'videoId': 'TFcosl5R3Zo', 'textDisplay': 'Romanos 12:21: “Não te deixes vencer do mal, mas vence o mal com o bem.” 🙏 vote BOLSONARO 2️⃣2️⃣ salve o Brasil 🇧🇷 e as nossas famílias 💚', 'textOriginal': 'Romanos 12:21: “Não te deixes vencer do mal, mas vence o mal com o bem.” 🙏 vote BOLSONARO 2️⃣2️⃣ salve o Brasil 🇧🇷 e as nossas famílias 💚', 'authorDisplayName': 'Salvem o Brasil 🇧🇷', 'authorProfileImageUrl': 'https://yt3.ggpht.com/9gGAoI4lSdRujYo6nuarvSFtcjr5740UoK1tywPPM74t-5SnOK9oDVvoDPL8LKU5EDIyUQ011A=s48-c-k-c0x00ffffff-no-rj', 'authorChannelUrl': 'http://www.youtube.com/channel/UCZebXE3KmB5PlRru6HOZ6Mg', 'authorChannelId': {'value': 'UCZebXE3KmB5PlRru6HOZ6Mg'}, 'canRate': True, 'viewerRating': 'none', 'likeCount': 0, 'publishedAt': '2022-10-05T22:42:58Z', 'updatedAt': '2022-10-05T22:42:58Z'}}, 'canReply': True, 'totalReplyCount': 0, 'isPublic': True}",,UCZebXE3KmB5PlRru6HOZ6Mg,2022-10-05T22:42:58Z,"Romanos 12:21: “Não te deixes vencer do mal, mas vence o mal com o bem.” 🙏 vote BOLSONARO 2️⃣2️⃣ salve o Brasil 🇧🇷 e as nossas famílias 💚",,2023-06-08 12:17:04.878153
youtube#commentThread,Wgi4kUXM2bI28dgSnqA2ztkx4Qw,UgwY_LozK44j3grOUeZ4AaABAg,"{'videoId': 'TFcosl5R3Zo', 'topLevelComment': {'kind': 'youtube#comment', 'etag': 'sZS9mySCDkHyn9000M4lapoWJp0', 'id': 'UgwY_LozK44j3grOUeZ4AaABAg', 'snippet': {'videoId': 'TFcosl5R3Zo', 'textDisplay': 'Se não combater a fraude descarada e visível do TSE nas urnas eletrônicas, vamos perder novamente...a esquerda está rindo da nossa cara até agora...', 'textOriginal': 'Se não combater a fraude descarada e visível do TSE nas urnas eletrônicas, vamos perder novamente...a esquerda está rindo da nossa cara até agora...', 'authorDisplayName': 'Marcio Magalhães', 'authorProfileImageUrl': 'https://yt3.ggpht.com/U-RhFt63J3gJD0_TgKVVbSeS4DrnAwzzQzGOj0vdJoI3ChSknMJs-EnU8iogdrk3vHV4FVe_fg=s48-c-k-c0x00ffffff-no-rj', 'authorChannelUrl': 'http://www.youtube.com/channel/UCp-WM24HGWl_uuFA5wC6Uzw', 'authorChannelId': {'value': 'UCp-WM24HGWl_uuFA5wC6Uzw'}, 'canRate': True, 'viewerRating': 'none', 'likeCount': 0, 'publishedAt': '2022-10-05T22:33:11Z', 'updatedAt': '2022-10-05T22:33:11Z'}}, 'canReply': True, 'totalReplyCount': 0, 'isPublic': True}",,UCp-WM24HGWl_uuFA5wC6Uzw,2022-10-05T22:33:11Z,"Se não combater a fraude descarada e visível do TSE nas urnas eletrônicas, vamos perder novamente...a esquerda está rindo da nossa cara até agora...",,2023-06-08 12:17:04.878153
youtube#commentThread,JMRmS8kD5uMajNp9UjQqdM93VFM,UgzZI8baDKfkjULLU3l4AaABAg,"{'videoId': 'TFcosl5R3Zo', 'topLevelComment': {'kind': 'youtube#comment', 'etag': 'Ic-MWKAZFArBMEqXVFh3CZ-cJB4', 'id': 'UgzZI8baDKfkjULLU3l4AaABAg', 'snippet': {'videoId': 'TFcosl5R3Zo', 'textDisplay': 'Flávio de uma olhada no boletim coppola de hoje...a visão  dele está bem acertada..acho que vale a pena ser inclusa essa ideia nessa nova etapa das eleições.', 'textOriginal': 'Flávio de uma olhada no boletim coppola de hoje...a visão  dele está bem acertada..acho que vale a pena ser inclusa essa ideia nessa nova etapa das eleições.', 'authorDisplayName': 'Ana Christina Pecego Meirelles Pedrosa', 'authorProfileImageUrl': 'https://yt3.ggpht.com/ytc/AGIKgqP7-BDurDMzQfOCbKEF5vx2rmAG3PMjTLM76Stw3f8=s48-c-k-c0x00ffffff-no-rj', 'authorChannelUrl': 'http://www.youtube.com/channel/UC6hIjH_wYbpPRzs_HsZNGGA', 'authorChannelId': {'value': 'UC6hIjH_wYbpPRzs_HsZNGGA'}, 'canRate': True, 'viewerRating': 'none', 'likeCount': 0, 'publishedAt': '2022-10-05T21:58:25Z', 'updatedAt': '2022-10-05T21:58:25Z'}}, 'canReply': True, 'totalReplyCount': 0, 'isPublic': True}",,UC6hIjH_wYbpPRzs_HsZNGGA,2022-10-05T21:58:25Z,Flávio de uma olhada no boletim coppola de hoje...a visão  dele está bem acertada..acho que vale a pena ser inclusa essa ideia nessa nova etapa das eleições.,,2023-06-08 12:17:04.878153
youtube#commentThread,ypgOXajss_mUnDG03zYPbrUSvCo,Ugxcc9rMaUQF4TQfSKh4AaABAg,"{'videoId': 'TFcosl5R3Zo', 'topLevelComment': {'kind': 'youtube#comment', 'etag': '96rV3WiUp_PJO6kmHOuDH0F9pTk', 'id': 'Ugxcc9rMaUQF4TQfSKh4AaABAg', 'snippet': {'videoId': 'TFcosl5R3Zo', 'textDisplay': 'Todo apoio e respeito ao Presidente Bolsonaro', 'textOriginal': 'Todo apoio e respeito ao Presidente Bolsonaro', 'authorDisplayName': 'liliana p', 'authorProfileImageUrl': 'https://yt3.ggpht.com/ytc/AGIKgqNJAZ-XDEYN0_vfO9cl-VmX9icHTKW5HLD9179Mn_wG4Mg_qT5ec2tjt1o6Gkgo=s48-c-k-c0x00ffffff-no-rj', 'authorChannelUrl': 'http://www.youtube.com/channel/UCxE9BQI8Eo_a2qDRX0UZmag', 'authorChannelId': {'value': 'UCxE9BQI8Eo_a2qDRX0UZmag'}, 'canRate': True, 'viewerRating': 'none', 'likeCount': 0, 'publishedAt': '2022-10-05T21:52:50Z', 'updatedAt': '2022-10-05T21:52:50Z'}}, 'canReply': True, 'totalReplyCount': 0, 'isPublic': True}",,UCxE9BQI8Eo_a2qDRX0UZmag,2022-10-05T21:52:50Z,Todo apoio e respeito ao Presidente Bolsonaro,,2023-06-08 12:17:04.878153
youtube#commentThread,g9agXqAiyBkoLJy3HOUBSqnbbKI,UgwAdRzmXTFEN_qZu7B4AaABAg,"{'videoId': 'TFcosl5R3Zo', 'topLevelComment': {'kind': 'youtube#comment', 'etag': '5B2U5e2xCtlDUuh4GheRJ9AWt04', 'id': 'UgwAdRzmXTFEN_qZu7B4AaABAg', 'snippet': {'videoId': 'TFcosl5R3Zo', 'textDisplay': 'Senhor Jesus abencoi nosso presidente Bolsonaro22', 'textOriginal': 'Senhor Jesus abencoi nosso presidente Bolsonaro22', 'authorDisplayName': 'Rita Araujo', 'authorProfileImageUrl': 'https://yt3.ggpht.com/ytc/AGIKgqPZka7UXlomx7AmbwIVsqNotg0SgHQlhZdLng=s48-c-k-c0x00ffffff-no-rj', 'authorChannelUrl': 'http://www.youtube.com/channel/UCQGUUBlchGT7RFAFcYEexNg', 'authorChannelId': {'value': 'UCQGUUBlchGT7RFAFcYEexNg'}, 'canRate': True, 'viewerRating': 'none', 'likeCount': 0, 'publishedAt': '2022-10-05T20:56:46Z', 'updatedAt': '2022-10-05T20:56:46Z'}}, 'canReply': True, 'totalReplyCount': 0, 'isPublic': True}",,UCQGUUBlchGT7RFAFcYEexNg,2022-10-05T20:56:46Z,Senhor Jesus abencoi nosso presidente Bolsonaro22,,2023-06-08 12:17:04.878153
youtube#commentThread,6VmatpG4YiUVR2Jsxz-H9Bcm1k0,UgwWH6JEeEp43G5aq5t4AaABAg,"{'videoId': 'TFcosl5R3Zo', 'topLevelComment': {'kind': 'youtube#comment', 'etag': 'mOO4I0EEyX14bqd7qdXHORw6woo', 'id': 'UgwWH6JEeEp43G5aq5t4AaABAg', 'snippet': {'videoId': 'TFcosl5R3Zo', 'textDisplay': 'Coitados dos cariocas', 'textOriginal': 'Coitados dos cariocas', 'authorDisplayName': 'Caroline Estefanie', 'authorProfileImageUrl': 'https://yt3.ggpht.com/ytc/AGIKgqPYwGSY-omc6ZC1yAx04rYo1F1aPfhiODGAFTqV1wJWZ0v5ieaBXmyj8APHuG_L=s48-c-k-c0x00ffffff-no-rj', 'authorChannelUrl': 'http://www.youtube.com/channel/UC_1xlzwTFYXI0mKctQfhseQ', 'authorChannelId': {'value': 'UC_1xlzwTFYXI0mKctQfhseQ'}, 'canRate': True, 'viewerRating': 'none', 'likeCount': 0, 'publishedAt': '2022-10-05T20:31:20Z', 'updatedAt': '2022-10-05T20:31:20Z'}}, 'canReply': True, 'totalReplyCount': 0, 'isPublic': True}",,UC_1xlzwTFYXI0mKctQfhseQ,2022-10-05T20:31:20Z,Coitados dos cariocas,,2023-06-08 12:17:04.878153
youtube#commentThread,z8vMknD2-hgt3MY1KX7yhuqC3TQ,UgwxPA-KTnBUtgigC2F4AaABAg,"{'videoId': 'TFcosl5R3Zo', 'topLevelComment': {'kind': 'youtube#comment', 'etag': 'SiguaDWC7eunuFx9n3DLj5fFGlU', 'id': 'UgwxPA-KTnBUtgigC2F4AaABAg', 'snippet': {'videoId': 'TFcosl5R3Zo', 'textDisplay': 'Todos os patriotas juntos pelo Brasil, vamos reeleger JB🇧🇷☝️', 'textOriginal': 'Todos os patriotas juntos pelo Brasil, vamos reeleger JB🇧🇷☝️', 'authorDisplayName': 'MBITTENCOUR', 'authorProfileImageUrl': 'https://yt3.ggpht.com/ytc/AGIKgqOxBq7t4sQVwFuJ3-axDa_OFC2lrPeBAhSrQCcn=s48-c-k-c0x00ffffff-no-rj', 'authorChannelUrl': 'http://www.youtube.com/channel/UCwfdi7yjT_y-u2eJQH8oBuQ', 'authorChannelId': {'value': 'UCwfdi7yjT_y-u2eJQH8oBuQ'}, 'canRate': True, 'viewerRating': 'none', 'likeCount': 0, 'publishedAt': '2022-10-05T19:51:28Z', 'updatedAt': '2022-10-05T19:51:28Z'}}, 'canReply': True, 'totalReplyCount': 0, 'isPublic': True}",,UCwfdi7yjT_y-u2eJQH8oBuQ,2022-10-05T19:51:28Z,"Todos os patriotas juntos pelo Brasil, vamos reeleger JB🇧🇷☝️",,2023-06-08 12:17:04.878153
youtube#commentThread,_WFV5VgENbk4-2OF0dF4d_XVgrM,UgxKNSUC_T0Pwp58nwJ4AaABAg,"{'videoId': 'TFcosl5R3Zo', 'topLevelComment': {'kind': 'youtube#comment', 'etag': 'BI2SBE2M5vZp7aZYk-0GkppPVnU', 'id': 'UgxKNSUC_T0Pwp58nwJ4AaABAg', 'snippet': {'videoId': 'TFcosl5R3Zo', 'textDisplay': 'O que Bolsonaro prometeu ao bode maligno?<br><br>Abram os olhos antes que seja muito tarde!', 'textOriginal': 'O que Bolsonaro prometeu ao bode maligno?\\n\\nAbram os olhos antes que seja muito tarde!', 'authorDisplayName': 'Irair Leão leao', 'authorProfileImageUrl': 'https://yt3.ggpht.com/ytc/AGIKgqMsKMxZGXEL8aiT56IMiXQcERcfCbsUIT_-_Q=s48-c-k-c0x00ffffff-no-rj', 'authorChannelUrl': 'http://www.youtube.com/channel/UClD-RxCUyDpb7gzn-A7FGSQ', 'authorChannelId': {'value': 'UClD-RxCUyDpb7gzn-A7FGSQ'}, 'canRate': True, 'viewerRating': 'none', 'likeCount': 0, 'publishedAt': '2022-10-05T19:48:03Z', 'updatedAt': '2022-10-05T19:48:03Z'}}, 'canReply': True, 'totalReplyCount': 0, 'isPublic': True}",,UClD-RxCUyDpb7gzn-A7FGSQ,2022-10-05T19:48:03Z,"O que Bolsonaro prometeu ao bode maligno?

Abram os olhos antes que seja muito tarde!",,2023-06-08 12:17:04.878153
youtube#commentThread,e-qhTaQmunL_FS3yuO8HCWCY3bU,UgzJQqnuWBA1eAQvyyh4AaABAg,"{'videoId': 'TFcosl5R3Zo', 'topLevelComment': {'kind': 'youtube#comment', 'etag': 'zux0bEBRBTVsWDMfsQxKtC6YWQU', 'id': 'UgzJQqnuWBA1eAQvyyh4AaABAg', 'snippet': {'videoId': 'TFcosl5R3Zo', 'textDisplay': 'FLÁVIO SOU NORDESTINA DE PERNAMBUCO. MEU QUERIDO PRESIDENTE GANHOU AQUI EM PERNAMBUCO. ESSES BANDIDOS FRAUDARAM AS URNAS ELETRÔNICAS DOS ESTADOS DOS NORDESTE ALEGANDO SER REDUTO DO PT. MENTIRA. O PLANO JÁ TAVA PREPARANDO PARA AS URNAS. O QUE EU VIR FOI UM MAR DE PESSOAS DE VERDE E AMARELO AQUI EM PERNAMBUCO. ORA SE É REDUTO DO PT. ERA PRA TER UMA FESTA. O QUE EU VIR FOI UM CENÁRIO DE VELÓRIO. OUTRA COISA PATRIOTAS NÃO FIQUEI FALANDO PALAVRAS DE BAIXO ESCALÃO OFENDENDO OS NORDESTINOS. É ISSO QUE ESSES CANALIAS QUEREM. NOS DIVIDIR. NÃO CAÍA NESSA CILADA DE SATANÁS. VAMOS FICAR UNIDOS PRA JUNTOS VENCER COM O PRESIDENTE. TOU COM O MEU QUERIDO PRESIDENTE E NÃO ABRO MÃO ATÉ O FIM. DEUS ABENÇOE A TODOS EM NOME DE JESUS CRISTO. HÁ GLORIA DA SEGUNDA CASA SERÁ MAIOR QUE A PRIMEIRA. 🇧🇷🙏🏾👊', 'textOriginal': 'FLÁVIO SOU NORDESTINA DE PERNAMBUCO. MEU QUERIDO PRESIDENTE GANHOU AQUI EM PERNAMBUCO. ESSES BANDIDOS FRAUDARAM AS URNAS ELETRÔNICAS DOS ESTADOS DOS NORDESTE ALEGANDO SER REDUTO DO PT. MENTIRA. O PLANO JÁ TAVA PREPARANDO PARA AS URNAS. O QUE EU VIR FOI UM MAR DE PESSOAS DE VERDE E AMARELO AQUI EM PERNAMBUCO. ORA SE É REDUTO DO PT. ERA PRA TER UMA FESTA. O QUE EU VIR FOI UM CENÁRIO DE VELÓRIO. OUTRA COISA PATRIOTAS NÃO FIQUEI FALANDO PALAVRAS DE BAIXO ESCALÃO OFENDENDO OS NORDESTINOS. É ISSO QUE ESSES CANALIAS QUEREM. NOS DIVIDIR. NÃO CAÍA NESSA CILADA DE SATANÁS. VAMOS FICAR UNIDOS PRA JUNTOS VENCER COM O PRESIDENTE. TOU COM O MEU QUERIDO PRESIDENTE E NÃO ABRO MÃO ATÉ O FIM. DEUS ABENÇOE A TODOS EM NOME DE JESUS CRISTO. HÁ GLORIA DA SEGUNDA CASA SERÁ MAIOR QUE A PRIMEIRA. 🇧🇷🙏🏾👊', 'authorDisplayName': 'Luciane Nunes', 'authorProfileImageUrl': 'https://yt3.ggpht.com/ytc/AGIKgqME6rFVbxXOw4ksPQEgKJsFkN1wEZl45lSGrA=s48-c-k-c0x00ffffff-no-rj', 'authorChannelUrl': 'http://www.youtube.com/channel/UCjlKMKLka0WMJjNL0kUC0Dw', 'authorChannelId': {'value': 'UCjlKMKLka0WMJjNL0kUC0Dw'}, 'canRate': True, 'viewerRating': 'none', 'likeCount': 1, 'publishedAt': '2022-10-05T19:37:17Z', 'updatedAt': '2022-10-05T19:37:17Z'}}, 'canReply': True, 'totalReplyCount': 0, 'isPublic': True}",,UCjlKMKLka0WMJjNL0kUC0Dw,2022-10-05T19:37:17Z,FLÁVIO SOU NORDESTINA DE PERNAMBUCO. MEU QUERIDO PRESIDENTE GANHOU AQUI EM PERNAMBUCO. ESSES BANDIDOS FRAUDARAM AS URNAS ELETRÔNICAS DOS ESTADOS DOS NORDESTE ALEGANDO SER REDUTO DO PT. MENTIRA. O PLANO JÁ TAVA PREPARANDO PARA AS URNAS. O QUE EU VIR FOI UM MAR DE PESSOAS DE VERDE E AMARELO AQUI EM PERNAMBUCO. ORA SE É REDUTO DO PT. ERA PRA TER UMA FESTA. O QUE EU VIR FOI UM CENÁRIO DE VELÓRIO. OUTRA COISA PATRIOTAS NÃO FIQUEI FALANDO PALAVRAS DE BAIXO ESCALÃO OFENDENDO OS NORDESTINOS. É ISSO QUE ESSES CANALIAS QUEREM. NOS DIVIDIR. NÃO CAÍA NESSA CILADA DE SATANÁS. VAMOS FICAR UNIDOS PRA JUNTOS VENCER COM O PRESIDENTE. TOU COM O MEU QUERIDO PRESIDENTE E NÃO ABRO MÃO ATÉ O FIM. DEUS ABENÇOE A TODOS EM NOME DE JESUS CRISTO. HÁ GLORIA DA SEGUNDA CASA SERÁ MAIOR QUE A PRIMEIRA. 🇧🇷🙏🏾👊,,2023-06-08 12:17:04.878153
youtube#commentThread,WLmj5f96H1GulI-wdzCq609a6v4,Ugyebs-s1M2cb0aHEIN4AaABAg,"{'videoId': 'TFcosl5R3Zo', 'topLevelComment': {'kind': 'youtube#comment', 'etag': 'kEjx-37UR6AKiip3eDDMEPwlaG8', 'id': 'Ugyebs-s1M2cb0aHEIN4AaABAg', 'snippet': {'videoId': 'TFcosl5R3Zo', 'textDisplay': 'E o Romário??? Não confio nele. Já votou várias vezes contra o Governo Federal. Ele me passa ser uma pessoa que vai para o lado de quem dar mais.', 'textOriginal': 'E o Romário??? Não confio nele. Já votou várias vezes contra o Governo Federal. Ele me passa ser uma pessoa que vai para o lado de quem dar mais.', 'authorDisplayName': 'Esther Guimarães', 'authorProfileImageUrl': 'https://yt3.ggpht.com/ytc/AGIKgqN2OdVEHJhIaIkOkKblBLavWhIU2j6UUmhJ-A=s48-c-k-c0x00ffffff-no-rj', 'authorChannelUrl': 'http://www.youtube.com/channel/UCifcrY8tX2NzLzJHKCEQJiA', 'authorChannelId': {'value': 'UCifcrY8tX2NzLzJHKCEQJiA'}, 'canRate': True, 'viewerRating': 'none', 'likeCount': 0, 'publishedAt': '2022-10-05T19:05:13Z', 'updatedAt': '2022-10-05T19:05:13Z'}}, 'canReply': True, 'totalReplyCount': 0, 'isPublic': True}",,UCifcrY8tX2NzLzJHKCEQJiA,2022-10-05T19:05:13Z,E o Romário??? Não confio nele. Já votou várias vezes contra o Governo Federal. Ele me passa ser uma pessoa que vai para o lado de quem dar mais.,,2023-06-08 12:17:04.878153
youtube#commentThread,dE37pLwUcJmkyj2s-GgA4peYDJY,UgylEcLwvQ8TzVt1W_d4AaABAg,"{'videoId': 'TFcosl5R3Zo', 'topLevelComment': {'kind': 'youtube#comment', 'etag': 'ooO45hABLVw4CmvvM7lYsxoxEBc', 'id': 'UgylEcLwvQ8TzVt1W_d4AaABAg', 'snippet': {'videoId': 'TFcosl5R3Zo', 'textDisplay': 'E AÍ, FILHO DE BILL, TEU PAI VAI DEIXAR ALEXANDRE DE MORAES FRAUDAR AS URNAS NO SEGUNDO TURNO COMO ELE FEZ NO PRIMEIRO, E DEPOIS NOS CULPAR, O POVO NORDESTINO QUE FOI FIEL A ELE?? ATÉ QUANDO VAI A COVARDIA DE TEU PAI PRÁ NÃO AGIR??', 'textOriginal': 'E AÍ, FILHO DE BILL, TEU PAI VAI DEIXAR ALEXANDRE DE MORAES FRAUDAR AS URNAS NO SEGUNDO TURNO COMO ELE FEZ NO PRIMEIRO, E DEPOIS NOS CULPAR, O POVO NORDESTINO QUE FOI FIEL A ELE?? ATÉ QUANDO VAI A COVARDIA DE TEU PAI PRÁ NÃO AGIR??', 'authorDisplayName': 'Cleto Júnior', 'authorProfileImageUrl': 'https://yt3.ggpht.com/ytc/AGIKgqMHhEw3c2e1Dh1-yZjwomXqABOpI2T3zGEAsx2Vrl8fc6eBwhOIcl7czQQULfj8=s48-c-k-c0x00ffffff-no-rj', 'authorChannelUrl': 'http://www.youtube.com/channel/UC2SCEhzXmwNCCD-h3FigO4Q', 'authorChannelId': {'value': 'UC2SCEhzXmwNCCD-h3FigO4Q'}, 'canRate': True, 'viewerRating': 'none', 'likeCount': 0, 'publishedAt': '2022-10-05T18:50:14Z', 'updatedAt': '2022-10-05T18:50:14Z'}}, 'canReply': True, 'totalReplyCount': 0, 'isPublic': True}",,UC2SCEhzXmwNCCD-h3FigO4Q,2022-10-05T18:50:14Z,"E AÍ, FILHO DE BILL, TEU PAI VAI DEIXAR ALEXANDRE DE MORAES FRAUDAR AS URNAS NO SEGUNDO TURNO COMO ELE FEZ NO PRIMEIRO, E DEPOIS NOS CULPAR, O POVO NORDESTINO QUE FOI FIEL A ELE?? ATÉ QUANDO VAI A COVARDIA DE TEU PAI PRÁ NÃO AGIR??",,2023-06-08 12:17:04.878153
youtube#commentThread,8Umyc5Qsk8ioIXb0dlthqwkRONw,Ugx-Tve1nLjIMO88jCp4AaABAg,"{'videoId': 'TFcosl5R3Zo', 'topLevelComment': {'kind': 'youtube#comment', 'etag': 'CfJmoNMVNqD46QQBPO_M_dfSMPM', 'id': 'Ugx-Tve1nLjIMO88jCp4AaABAg', 'snippet': {'videoId': 'TFcosl5R3Zo', 'textDisplay': 'QUEREMOS TODOS OS BRASILEIROS QUE JA ANO QUE VEM SEJA APROVADO AS URNAS COM O VOTO IMPREÇO JA PARA AS ELEIÇOES EM 2024', 'textOriginal': 'QUEREMOS TODOS OS BRASILEIROS QUE JA ANO QUE VEM SEJA APROVADO AS URNAS COM O VOTO IMPREÇO JA PARA AS ELEIÇOES EM 2024', 'authorDisplayName': 'jair viana', 'authorProfileImageUrl': 'https://yt3.ggpht.com/ytc/AGIKgqNN1I_S3M348Yn8ymq6X1OyUB2I1VlGyPQ4VBuagQ=s48-c-k-c0x00ffffff-no-rj', 'authorChannelUrl': 'http://www.youtube.com/channel/UCVO4pFWfYXNYXX2FEIcob9A', 'authorChannelId': {'value': 'UCVO4pFWfYXNYXX2FEIcob9A'}, 'canRate': True, 'viewerRating': 'none', 'likeCount': 0, 'publishedAt': '2022-10-05T18:26:25Z', 'updatedAt': '2022-10-05T18:26:25Z'}}, 'canReply': True, 'totalReplyCount': 0, 'isPublic': True}",,UCVO4pFWfYXNYXX2FEIcob9A,2022-10-05T18:26:25Z,QUEREMOS TODOS OS BRASILEIROS QUE JA ANO QUE VEM SEJA APROVADO AS URNAS COM O VOTO IMPREÇO JA PARA AS ELEIÇOES EM 2024,,2023-06-08 12:17:04.878153
youtube#commentThread,V8E4CivLBwkYEKpxbfwfRDhE7ek,UgzRGBh5IIRZzcLvhhl4AaABAg,"{'videoId': 'TFcosl5R3Zo', 'topLevelComment': {'kind': 'youtube#comment', 'etag': 'CGt_T-2meZDRVM4bw5LyPLc30T4', 'id': 'UgzRGBh5IIRZzcLvhhl4AaABAg', 'snippet': {'videoId': 'TFcosl5R3Zo', 'textDisplay': '🟥🟥🟥🟥🟥🟥🟥🟥🟥🟥🟥🟥🟥 BOLSONARO É O BODE QUE A DIREITA POIS NA SALA 🟥🟥🟥🟥🟥🟥🟥🟥🟥🟥🟥🟥🟥🟥🟥🟥🟥🟥', 'textOriginal': '🟥🟥🟥🟥🟥🟥🟥🟥🟥🟥🟥🟥🟥 BOLSONARO É O BODE QUE A DIREITA POIS NA SALA 🟥🟥🟥🟥🟥🟥🟥🟥🟥🟥🟥🟥🟥🟥🟥🟥🟥🟥', 'authorDisplayName': 'Marcos', 'authorProfileImageUrl': 'https://yt3.ggpht.com/ytc/AGIKgqOQESrvmnTZYb57Wyu9ZzGLZPF82sc9LEbGQC4kUw=s48-c-k-c0x00ffffff-no-rj', 'authorChannelUrl': 'http://www.youtube.com/channel/UC3oqUq7AGILG-VA7TF7QBwg', 'authorChannelId': {'value': 'UC3oqUq7AGILG-VA7TF7QBwg'}, 'canRate': True, 'viewerRating': 'none', 'likeCount': 0, 'publishedAt': '2022-10-05T18:21:13Z', 'updatedAt': '2022-10-05T18:21:13Z'}}, 'canReply': True, 'totalReplyCount': 0, 'isPublic': True}",,UC3oqUq7AGILG-VA7TF7QBwg,2022-10-05T18:21:13Z,🟥🟥🟥🟥🟥🟥🟥🟥🟥🟥🟥🟥🟥 BOLSONARO É O BODE QUE A DIREITA POIS NA SALA 🟥🟥🟥🟥🟥🟥🟥🟥🟥🟥🟥🟥🟥🟥🟥🟥🟥🟥,,2023-06-08 12:17:04.878153
youtube#commentThread,ejK37SD5jDP97clVY-5o72hGj2A,Ugx5NDbAz2g0-yTwUI94AaABAg,"{'videoId': 'TFcosl5R3Zo', 'topLevelComment': {'kind': 'youtube#comment', 'etag': 'PDrlylH1d64QBmrtdRhQbZElm1s', 'id': 'Ugx5NDbAz2g0-yTwUI94AaABAg', 'snippet': {'videoId': 'TFcosl5R3Zo', 'textDisplay': 'Vamos vencer os comunistas do Brasil porraaa', 'textOriginal': 'Vamos vencer os comunistas do Brasil porraaa', 'authorDisplayName': 'Danilo Da silva mendes', 'authorProfileImageUrl': 'https://yt3.ggpht.com/ytc/AGIKgqMvgb1dEmmZRNS7XI-x0s8CcRdwtiMy3qYKNQ=s48-c-k-c0x00ffffff-no-rj', 'authorChannelUrl': 'http://www.youtube.com/channel/UClMGpZAw9_iYhGXLAbypmRw', 'authorChannelId': {'value': 'UClMGpZAw9_iYhGXLAbypmRw'}, 'canRate': True, 'viewerRating': 'none', 'likeCount': 0, 'publishedAt': '2022-10-05T18:18:11Z', 'updatedAt': '2022-10-05T18:18:11Z'}}, 'canReply': True, 'totalReplyCount': 0, 'isPublic': True}",,UClMGpZAw9_iYhGXLAbypmRw,2022-10-05T18:18:11Z,Vamos vencer os comunistas do Brasil porraaa,,2023-06-08 12:17:04.878153
youtube#commentThread,-SxPHBcxtGwoG5a-hb-CoFcusqU,Ugw3_eWfa3q01IZiqTF4AaABAg,"{'videoId': 'TFcosl5R3Zo', 'topLevelComment': {'kind': 'youtube#comment', 'etag': 'L57sQ90KM3fjWpYyyGpFqYoRWpw', 'id': 'Ugw3_eWfa3q01IZiqTF4AaABAg', 'snippet': {'videoId': 'TFcosl5R3Zo', 'textDisplay': 'Bolsonaro VENCEU no primeiro turno! Houve fraude e contra isso não há nada que se possa fazer a não ser um CONTRAGOLPE antecipado. Não adianta levar o povo a votar se o sistema eleitoral já está fraudado. A ABIN e o Ministério da Defesa precisa agir com inteligência secreta nos bastidores, antes que seja tarde! É preciso saber guerrear a chamada &quot;GUERRA FRIA&quot;!  <br>🇧🇷2️⃣2️⃣🇧🇷', 'textOriginal': 'Bolsonaro VENCEU no primeiro turno! Houve fraude e contra isso não há nada que se possa fazer a não ser um CONTRAGOLPE antecipado. Não adianta levar o povo a votar se o sistema eleitoral já está fraudado. A ABIN e o Ministério da Defesa precisa agir com inteligência secreta nos bastidores, antes que seja tarde! É preciso saber guerrear a chamada ""GUERRA FRIA""!  \\n🇧🇷2️⃣2️⃣🇧🇷', 'authorDisplayName': 'Edson Klein', 'authorProfileImageUrl': 'https://yt3.ggpht.com/ytc/AGIKgqNMQHDDqi3COTwoWxZKrxXuAkzmuW_WnFeqN3Ee_Q=s48-c-k-c0x00ffffff-no-rj', 'authorChannelUrl': 'http://www.youtube.com/channel/UCyVZEHJKOkbt8MHZWjI-OeA', 'authorChannelId': {'value': 'UCyVZEHJKOkbt8MHZWjI-OeA'}, 'canRate': True, 'viewerRating': 'none', 'likeCount': 0, 'publishedAt': '2022-10-05T18:07:01Z', 'updatedAt': '2022-10-05T18:07:01Z'}}, 'canReply': True, 'totalReplyCount': 0, 'isPublic': True}",,UCyVZEHJKOkbt8MHZWjI-OeA,2022-10-05T18:07:01Z,"Bolsonaro VENCEU no primeiro turno! Houve fraude e contra isso não há nada que se possa fazer a não ser um CONTRAGOLPE antecipado. Não adianta levar o povo a votar se o sistema eleitoral já está fraudado. A ABIN e o Ministério da Defesa precisa agir com inteligência secreta nos bastidores, antes que seja tarde! É preciso saber guerrear a chamada ""GUERRA FRIA""!  
🇧🇷2️⃣2️⃣🇧🇷",,2023-06-08 12:17:04.878153
youtube#commentThread,tgl0iqloJx28te5PVAgKBC2TXmk,UgwpVNTYx9DU9EhMNd94AaABAg,"{'videoId': 'TFcosl5R3Zo', 'topLevelComment': {'kind': 'youtube#comment', 'etag': 'tBINodHp4V30auevFVB-8rruujU', 'id': 'UgwpVNTYx9DU9EhMNd94AaABAg', 'snippet': {'videoId': 'TFcosl5R3Zo', 'textDisplay': '<a href=""http://www.youtube.com/results?search_query=%23bolsonaroorgulhonacional"">#BOLSONAROORGULHONACIONAL</a>', 'textOriginal': '#BOLSONAROORGULHONACIONAL', 'authorDisplayName': 'Maria De Fátima', 'authorProfileImageUrl': 'https://yt3.ggpht.com/ytc/AGIKgqNn5i0ntomxQfkTlZqYcvSSyMUQz0hrZgGn85nIGQ=s48-c-k-c0x00ffffff-no-rj', 'authorChannelUrl': 'http://www.youtube.com/channel/UCyR6woPDBey2Q92fM_3veUg', 'authorChannelId': {'value': 'UCyR6woPDBey2Q92fM_3veUg'}, 'canRate': True, 'viewerRating': 'none', 'likeCount': 0, 'publishedAt': '2022-10-05T17:23:07Z', 'updatedAt': '2022-10-05T17:23:07Z'}}, 'canReply': True, 'totalReplyCount': 0, 'isPublic': True}",,UCyR6woPDBey2Q92fM_3veUg,2022-10-05T17:23:07Z,#BOLSONAROORGULHONACIONAL,,2023-06-08 12:17:04.878153
youtube#commentThread,GvONtvVzPvXSxTU6qI__bgFnxus,UgxV2T-dOyx9cMiSCX14AaABAg,"{'videoId': 'TFcosl5R3Zo', 'topLevelComment': {'kind': 'youtube#comment', 'etag': 'D5zE2swdm7zliTbzRBDhB88gzgA', 'id': 'UgxV2T-dOyx9cMiSCX14AaABAg', 'snippet': {'videoId': 'TFcosl5R3Zo', 'textDisplay': '🙏🙏🙏🙏💛💙💚✌✌', 'textOriginal': '🙏🙏🙏🙏💛💙💚✌✌', 'authorDisplayName': 'Wilton Noqueira', 'authorProfileImageUrl': 'https://yt3.ggpht.com/ytc/AGIKgqPLmcumRaMNBQ92cugATG-Nu98iJ6M9dRRGDA=s48-c-k-c0x00ffffff-no-rj', 'authorChannelUrl': 'http://www.youtube.com/channel/UCVjRm1_y7XdN2XkAscouOHw', 'authorChannelId': {'value': 'UCVjRm1_y7XdN2XkAscouOHw'}, 'canRate': True, 'viewerRating': 'none', 'likeCount': 0, 'publishedAt': '2022-10-05T17:17:57Z', 'updatedAt': '2022-10-05T17:17:57Z'}}, 'canReply': True, 'totalReplyCount': 0, 'isPublic': True}",,UCVjRm1_y7XdN2XkAscouOHw,2022-10-05T17:17:57Z,🙏🙏🙏🙏💛💙💚✌✌,,2023-06-08 12:17:04.878153
youtube#commentThread,uC0fyqQ5CLigqCz77MuUP5p0NOU,UgwJRGBRkwFqedyuRoJ4AaABAg,"{'videoId': 'TFcosl5R3Zo', 'topLevelComment': {'kind': 'youtube#comment', 'etag': 'EJCk_I0ANr8YTdlKlKXuGvGA9yo', 'id': 'UgwJRGBRkwFqedyuRoJ4AaABAg', 'snippet': {'videoId': 'TFcosl5R3Zo', 'textDisplay': 'que Deus abençoe', 'textOriginal': 'que Deus abençoe', 'authorDisplayName': 'Nildy Guedes', 'authorProfileImageUrl': 'https://yt3.ggpht.com/MlKq6kJRL-ujTEIVEvnJA0dh3gs0hRBcTO8wjYvfaKzutDx4C_5Q8AiVx7Lnpw2tdHwTVqS9Kg=s48-c-k-c0x00ffffff-no-rj', 'authorChannelUrl': 'http://www.youtube.com/channel/UCUMWZjz9YGT1qLzMTqQ8Jgg', 'authorChannelId': {'value': 'UCUMWZjz9YGT1qLzMTqQ8Jgg'}, 'canRate': True, 'viewerRating': 'none', 'likeCount': 1, 'publishedAt': '2022-10-05T16:56:15Z', 'updatedAt': '2022-10-05T16:56:15Z'}}, 'canReply': True, 'totalReplyCount': 0, 'isPublic': True}",,UCUMWZjz9YGT1qLzMTqQ8Jgg,2022-10-05T16:56:15Z,que Deus abençoe,,2023-06-08 12:17:04.878153
youtube#commentThread,H7E6RgZ2mIT6wRBEQE8QRyEZ6rM,UgxsihgArrlv5VsI6jV4AaABAg,"{'videoId': 'TFcosl5R3Zo', 'topLevelComment': {'kind': 'youtube#comment', 'etag': 'nuqaRwCcXgeySBiDfzmm_ZhJM6o', 'id': 'UgxsihgArrlv5VsI6jV4AaABAg', 'snippet': {'videoId': 'TFcosl5R3Zo', 'textDisplay': 'Continue buscando todos Flavio. Todas as alianças possíveis.<br>Cabe o MBL (Kim Kataguiri) também, eles tem um voto jovem a ser alcançado.<br>PT não pode voltar!<br>- Essencial ter vídeo de campanha, banner, cartaz...falando diretamente com quem não foi votar.  Falar literalmente com aqueles que não gostam do jeito do Bolsonaro.', 'textOriginal': 'Continue buscando todos Flavio. Todas as alianças possíveis.\\nCabe o MBL (Kim Kataguiri) também, eles tem um voto jovem a ser alcançado.\\nPT não pode voltar!\\n- Essencial ter vídeo de campanha, banner, cartaz...falando diretamente com quem não foi votar.  Falar literalmente com aqueles que não gostam do jeito do Bolsonaro.', 'authorDisplayName': 'adriano augusto', 'authorProfileImageUrl': 'https://yt3.ggpht.com/ytc/AGIKgqPPc5hC0Y8N6R28ZbVNre4qrsNeW-hR3QJbyw=s48-c-k-c0x00ffffff-no-rj', 'authorChannelUrl': 'http://www.youtube.com/channel/UCvT_t1NjEMV0CPdQzQjHKNg', 'authorChannelId': {'value': 'UCvT_t1NjEMV0CPdQzQjHKNg'}, 'canRate': True, 'viewerRating': 'none', 'likeCount': 0, 'publishedAt': '2022-10-05T16:49:39Z', 'updatedAt': '2022-10-05T16:49:39Z'}}, 'canReply': True, 'totalReplyCount': 0, 'isPublic': True}",,UCvT_t1NjEMV0CPdQzQjHKNg,2022-10-05T16:49:39Z,"Continue buscando todos Flavio. Todas as alianças possíveis.
Cabe o MBL (Kim Kataguiri) também, eles tem um voto jovem a ser alcançado.
PT não pode voltar!
- Essencial ter vídeo de campanha, banner, cartaz...falando diretamente com quem não foi votar.  Falar literalmente com aqueles que não gostam do jeito do Bolsonaro.",,2023-06-08 12:17:04.878153
youtube#commentThread,bD491uyGM0VqeIRxS_SCVEBQdI8,UgwSNE6QEZQ8ex-sHyR4AaABAg,"{'videoId': 'TFcosl5R3Zo', 'topLevelComment': {'kind': 'youtube#comment', 'etag': 'eOU2j1OJ2624oxbkejuZdvk2imE', 'id': 'UgwSNE6QEZQ8ex-sHyR4AaABAg', 'snippet': {'videoId': 'TFcosl5R3Zo', 'textDisplay': '👉VOTOS IMPRESSOS E AUDITÁVEIS PARA O 2º TURNO....DEPOIS DA FRAUDE SERÁ TARDE !!!  👈', 'textOriginal': '👉VOTOS IMPRESSOS E AUDITÁVEIS PARA O 2º TURNO....DEPOIS DA FRAUDE SERÁ TARDE !!!  👈', 'authorDisplayName': 'MESTRE MARCÃO CAPOEIRA', 'authorProfileImageUrl': 'https://yt3.ggpht.com/0CUmx44pRe9TpFVKhBQwkK_wlPJwlO6Ul2kGcSnuJqVV-Uwb-jYI5ja1BbCwa1dQkSwZhP5OmA=s48-c-k-c0x00ffffff-no-rj', 'authorChannelUrl': 'http://www.youtube.com/channel/UCptJqji2wHVbfBaPHG0om7A', 'authorChannelId': {'value': 'UCptJqji2wHVbfBaPHG0om7A'}, 'canRate': True, 'viewerRating': 'none', 'likeCount': 0, 'publishedAt': '2022-10-05T16:46:51Z', 'updatedAt': '2022-10-05T16:46:51Z'}}, 'canReply': True, 'totalReplyCount': 0, 'isPublic': True}",,UCptJqji2wHVbfBaPHG0om7A,2022-10-05T16:46:51Z,👉VOTOS IMPRESSOS E AUDITÁVEIS PARA O 2º TURNO....DEPOIS DA FRAUDE SERÁ TARDE !!!  👈,,2023-06-08 12:17:04.878153
youtube#commentThread,TWV_epTiOe5z7Kp3WFvBWi1EI_E,UgyEUC6410dhz-wJRDR4AaABAg,"{'videoId': 'TFcosl5R3Zo', 'topLevelComment': {'kind': 'youtube#comment', 'etag': '8qBkJEq55JYHzcrnRG8Agwvvbvk', 'id': 'UgyEUC6410dhz-wJRDR4AaABAg', 'snippet': {'videoId': 'TFcosl5R3Zo', 'textDisplay': '<b>piada pronta ,mas triste!!!</b> <b><i>candidato foi fazer visita em Hospital das Clínicas!!!!</i></b> <b>Nunca, nesses quase 4 anos, pegou  a que fala línguas estranhas e apareceu para levar soledariedade!</b> Agora é outra piada de mal gosto .', 'textOriginal': '*piada pronta ,mas triste!!!* *_candidato foi fazer visita em Hospital das Clínicas!!!!_* *Nunca, nesses quase 4 anos, pegou  a que fala línguas estranhas e apareceu para levar soledariedade!* Agora é outra piada de mal gosto .', 'authorDisplayName': 'Marco filpo', 'authorProfileImageUrl': 'https://yt3.ggpht.com/ytc/AGIKgqP1qGrlJ3IxfxdCB5-FsdEF9sCV5BI_5Gz91Afx=s48-c-k-c0x00ffffff-no-rj', 'authorChannelUrl': 'http://www.youtube.com/channel/UC7SxFokJoOXWt5puCLGvMlQ', 'authorChannelId': {'value': 'UC7SxFokJoOXWt5puCLGvMlQ'}, 'canRate': True, 'viewerRating': 'none', 'likeCount': 1, 'publishedAt': '2022-10-05T16:23:23Z', 'updatedAt': '2022-10-05T16:23:23Z'}}, 'canReply': True, 'totalReplyCount': 0, 'isPublic': True}",,UC7SxFokJoOXWt5puCLGvMlQ,2022-10-05T16:23:23Z,"*piada pronta ,mas triste!!!* *_candidato foi fazer visita em Hospital das Clínicas!!!!_* *Nunca, nesses quase 4 anos, pegou  a que fala línguas estranhas e apareceu para levar soledariedade!* Agora é outra piada de mal gosto .",,2023-06-08 12:17:04.878153
youtube#commentThread,ZXJCPpkjd5-CtOpVc6AkcPdHjQc,Ugz3D2mvnUd5yGYF7n54AaABAg,"{'videoId': 'TFcosl5R3Zo', 'topLevelComment': {'kind': 'youtube#comment', 'etag': 'Gh3OsykAak1v16LvpaNj9uXp-yk', 'id': 'Ugz3D2mvnUd5yGYF7n54AaABAg', 'snippet': {'videoId': 'TFcosl5R3Zo', 'textDisplay': 'TORÇO  DEMAIS P MEU AMADO PRESIDENTE MAIS A COISA ESTÁ  NEBULOSA. BOLSONARO TEM Q AGIR ANTES Q  SEJAMOS  DILUÍDOS', 'textOriginal': 'TORÇO  DEMAIS P MEU AMADO PRESIDENTE MAIS A COISA ESTÁ  NEBULOSA. BOLSONARO TEM Q AGIR ANTES Q  SEJAMOS  DILUÍDOS', 'authorDisplayName': 'MARIA LUCIA', 'authorProfileImageUrl': 'https://yt3.ggpht.com/ytc/AGIKgqPnwCYB88PVjWqxLsjWz3S7-EQwkWyHvyTLhw=s48-c-k-c0x00ffffff-no-rj', 'authorChannelUrl': 'http://www.youtube.com/channel/UCkfZzmzziNVLKkkWNHY2HzA', 'authorChannelId': {'value': 'UCkfZzmzziNVLKkkWNHY2HzA'}, 'canRate': True, 'viewerRating': 'none', 'likeCount': 0, 'publishedAt': '2022-10-05T16:06:08Z', 'updatedAt': '2022-10-05T16:06:08Z'}}, 'canReply': True, 'totalReplyCount': 0, 'isPublic': True}",,UCkfZzmzziNVLKkkWNHY2HzA,2022-10-05T16:06:08Z,TORÇO  DEMAIS P MEU AMADO PRESIDENTE MAIS A COISA ESTÁ  NEBULOSA. BOLSONARO TEM Q AGIR ANTES Q  SEJAMOS  DILUÍDOS,,2023-06-08 12:17:04.878153
youtube#commentThread,9JVP4pQ30UT4f6FFbPwyoDJ4Njw,Ugy-91p-jOlKZcrNPpR4AaABAg,"{'videoId': 'TFcosl5R3Zo', 'topLevelComment': {'kind': 'youtube#comment', 'etag': '0xVTCTfkgWOLlafSOy0nQPSiHVQ', 'id': 'Ugy-91p-jOlKZcrNPpR4AaABAg', 'snippet': {'videoId': 'TFcosl5R3Zo', 'textDisplay': 'NÃO ESTOU SATISFEITA C ESSE RESULTADO. O CONGRESSO SE O CARNIÇA GANHAR VÃO TODOS OU PELO MENOS MAIS DA METADE DAR APOIO AO CANALHA. NÃO  SE ENGANEM', 'textOriginal': 'NÃO ESTOU SATISFEITA C ESSE RESULTADO. O CONGRESSO SE O CARNIÇA GANHAR VÃO TODOS OU PELO MENOS MAIS DA METADE DAR APOIO AO CANALHA. NÃO  SE ENGANEM', 'authorDisplayName': 'MARIA LUCIA', 'authorProfileImageUrl': 'https://yt3.ggpht.com/ytc/AGIKgqPnwCYB88PVjWqxLsjWz3S7-EQwkWyHvyTLhw=s48-c-k-c0x00ffffff-no-rj', 'authorChannelUrl': 'http://www.youtube.com/channel/UCkfZzmzziNVLKkkWNHY2HzA', 'authorChannelId': {'value': 'UCkfZzmzziNVLKkkWNHY2HzA'}, 'canRate': True, 'viewerRating': 'none', 'likeCount': 0, 'publishedAt': '2022-10-05T16:04:39Z', 'updatedAt': '2022-10-05T16:04:39Z'}}, 'canReply': True, 'totalReplyCount': 0, 'isPublic': True}",,UCkfZzmzziNVLKkkWNHY2HzA,2022-10-05T16:04:39Z,NÃO ESTOU SATISFEITA C ESSE RESULTADO. O CONGRESSO SE O CARNIÇA GANHAR VÃO TODOS OU PELO MENOS MAIS DA METADE DAR APOIO AO CANALHA. NÃO  SE ENGANEM,,2023-06-08 12:17:04.878153
youtube#commentThread,BUTdidLcG7TW_gZD-kA5wrgTKng,UgzPcF6u-_OZinMuC9x4AaABAg,"{'videoId': 'TFcosl5R3Zo', 'topLevelComment': {'kind': 'youtube#comment', 'etag': 'dFvQOXk-qxO5B-eJ9aT3yKF9qHc', 'id': 'UgzPcF6u-_OZinMuC9x4AaABAg', 'snippet': {'videoId': 'TFcosl5R3Zo', 'textDisplay': 'Senador Flávio  Bolsonaro a campanha do Presidente  Bolsonaro tem que utilizar mais as redes  sociais : YouTube  e outros. O Lula  fez isso, todos vídeos tinha á propaganda dele. Não vi propaganda do presidente  Bolsonaro.', 'textOriginal': 'Senador Flávio  Bolsonaro a campanha do Presidente  Bolsonaro tem que utilizar mais as redes  sociais : YouTube  e outros. O Lula  fez isso, todos vídeos tinha á propaganda dele. Não vi propaganda do presidente  Bolsonaro.', 'authorDisplayName': 'wilson montalvao', 'authorProfileImageUrl': 'https://yt3.ggpht.com/ytc/AGIKgqOB9d7Kf0fgIJ323Cg3Htx9q42_vfD9hTmlQQ=s48-c-k-c0x00ffffff-no-rj', 'authorChannelUrl': 'http://www.youtube.com/channel/UCgw_bfsher7llb0OCEm2ujg', 'authorChannelId': {'value': 'UCgw_bfsher7llb0OCEm2ujg'}, 'canRate': True, 'viewerRating': 'none', 'likeCount': 0, 'publishedAt': '2022-10-05T15:42:49Z', 'updatedAt': '2022-10-05T15:42:49Z'}}, 'canReply': True, 'totalReplyCount': 0, 'isPublic': True}",,UCgw_bfsher7llb0OCEm2ujg,2022-10-05T15:42:49Z,"Senador Flávio  Bolsonaro a campanha do Presidente  Bolsonaro tem que utilizar mais as redes  sociais : YouTube  e outros. O Lula  fez isso, todos vídeos tinha á propaganda dele. Não vi propaganda do presidente  Bolsonaro.",,2023-06-08 12:17:04.878153
youtube#commentThread,cPq-FvU1ueUb1gTbosqXi50aOzA,UgwirdDAganu5OHJPU14AaABAg,"{'videoId': 'TFcosl5R3Zo', 'topLevelComment': {'kind': 'youtube#comment', 'etag': 'yPBNZeQwvIvmZd6Q4-rAYr6QpjY', 'id': 'UgwirdDAganu5OHJPU14AaABAg', 'snippet': {'videoId': 'TFcosl5R3Zo', 'textDisplay': 'BOLSONARO ORGULHO DO BRASIL É 2️⃣2️⃣<br>TARCÍSIO É 🔟', 'textOriginal': 'BOLSONARO ORGULHO DO BRASIL É 2️⃣2️⃣\\nTARCÍSIO É 🔟', 'authorDisplayName': 'Graça Martins', 'authorProfileImageUrl': 'https://yt3.ggpht.com/ytc/AGIKgqMorfKpVwSZkAalQCFm6hZFmQh0MUpH4lvZdAhX=s48-c-k-c0x00ffffff-no-rj', 'authorChannelUrl': 'http://www.youtube.com/channel/UC8pn2Pnk97tP2sRtYpBbL8w', 'authorChannelId': {'value': 'UC8pn2Pnk97tP2sRtYpBbL8w'}, 'canRate': True, 'viewerRating': 'none', 'likeCount': 0, 'publishedAt': '2022-10-05T15:33:45Z', 'updatedAt': '2022-10-05T15:33:45Z'}}, 'canReply': True, 'totalReplyCount': 0, 'isPublic': True}",,UC8pn2Pnk97tP2sRtYpBbL8w,2022-10-05T15:33:45Z,"BOLSONARO ORGULHO DO BRASIL É 2️⃣2️⃣
TARCÍSIO É 🔟",,2023-06-08 12:17:04.878153
youtube#commentThread,yIefRkwBPF_vgZXa1Q1e_c4xuCk,UgwcITjIXGRVaKIZ_Dd4AaABAg,"{'videoId': 'TFcosl5R3Zo', 'topLevelComment': {'kind': 'youtube#comment', 'etag': 'iyc76WGutMrYA0NS8tlj40k67Gc', 'id': 'UgwcITjIXGRVaKIZ_Dd4AaABAg', 'snippet': {'videoId': 'TFcosl5R3Zo', 'textDisplay': 'Texto belíssimo!!! Além de engenheira, é poetisa essa moça! Tá de parabéns!!!!! <br><br>PODEIS CHORAR, PRESIDENTE  BOLSONARO! <br><br>“O choro é livre”, mas a OPINIÃO está PRESA!!!  Sem crime… e sem julgamento. E não podeis fazer nada a respeito... <br><br>Podeis chorar, Presidente!<br>O que está acontecendo no Brasil e no mundo não é de rir, não. Precisamos parar de fazer piada com coisa séria e acampar em frente das casas dos detratores e traidores da nação brasileira e da humanidade, pedindo as suas demissões! E seus julgamentos!!! <br><br>Podeis chorar, Presidente! <br>Pois sois um homem íntegro e de rara coragem, que chora por um país, que tem uma corte corrupta, imunda, que protegeu o vosso  assassino e prendeu gente inocente! <br>Onde não há justiça, não há paz social. <br><br>Podeis chorar, meu Presidente! <br>Mas saibas que, tudo o que estais a passar por nós… nós sabemos e nunca vos esqueceremos. Todo o vosso sofrimento e humilhação não terá sido em vão! <br><br>Podeis chorar, Bolsonaro!<br>Chorais, porque é de chorar!<br>Um país tão lindo, tão rico e um povo tão ingênuo, tão esquecido, maltratado, jogado na miséria, enquanto PODRES PODERES defendem as castas dos poderosos, inescrupulosos e seus expedientes escusos. <br><br>Podeis chorar, Presidente!<br>Porque vosso choro é nosso trunfo, que abafa e desmascara a gritaria enfurecida dos odiosos parasitas.<br>Tirastes o Brasil da lama.<br>Rompestes o círculo. <br>As empresas estatais dão lucro!<br>O mérito é vosso!<br>E a inveja mata!  <br><br>Enxugai as lágrimas, Presidente!<br>Pois tivestes a coragem de falar em DEUS, Pátria e Família ao MUNDO! Num mundo DOMINADO por covardes, sanguinários, pervertidos, abusadores e ditadores! Que coragem!!!!!!! <br>Enfrentastes os comunistas, os metacapitalistas e os globalistas, como um líder de vanguarda! <br>E hoje muitas nações vos seguem! <br><br>Enxugai as lágrimas, Presidente!<br>Há um POVO honesto neste país, que assim como eu, está CONTIGO ATÉ MORRER, pelo Brasil! 🇧🇷 <br>Jamais estareis sozinho! <br><br>E agora, sorria, meu Presidente! <br>Pode sorrir! 😁😁😄<br>Um dia contarei para os meus netos, com orgulho no coração, que estive a um metro de apertar a sua mão! 🤝 A mão do homem mais PODEROSO que liderou esta nação, para ela SER LIVRE! Sob o lema cristão de João 8:32: <br><br>“E conhecereis a verdade e <br>A VERDADE VOS LIBERTARÁ.” <br><br>E A VERDADE NOS LIBERTOU! <br><br>Sorria, eu, também!!! <br>Que estive a um metro do “MITO”, a quem DEUS protegeu da morte certa, da calúnia infame, do escárnio vil, da inveja doentia, da loucura mentirosa  e do ódio cego. <br>Foi, realmente, uma honra! <br><br>Sorríeis, Bolsonaro! 😄<br>Nós vos amamos 💚💛💙, tanto quanto amamos a nossa PATRIA AMADA BRASIL! 🇧🇷💚💛💙🇧🇷<br>E choramos convosco, de emocionados e de orgulhosos, do país que estamos construindo! <br>🇧🇷🇧🇷🇧🇷🇧🇷🔝🔝🔝🔝👏🏻👏🏻👏🏻👏🏻 <br><br>Obrigada, Presidente Bolsonaro! 👍🏻<br>Mil vezes, obrigada!!! 🤝🤝🤝 <br><br>Tenho plena certeza, que só a SUA ELEIÇÃO JÁ SALVOU 57,7 MILHÕES DE BRASILEIROS!!!!!! <br>               OU MAIS!!!!<br>🙌🏻🙌🏻🙌🏻🙌🏻🙌🏻 <br>Ninguém fez tanto por nós! 👏🏻👏🏻👏🏻👏🏻👏🏻👏🏻 <br><br>Brasil acima de tudo! 🇧🇷🇧🇷🇧🇷<br>Deus acima de todos!!!👆🏻🙏🏻🙏🏻🙏🏻 <br><br>Vosso nome está em nossos corações 💚💛e orações! 🙏🏻 🙏<br>Deus vos proteja e abençoe, sempre. 😇🙏🏻🕊🙏🏻 <br><br>Texto: Luciana Paola Camilotti<br>Eng. Civil, Brasileira, Cristã, Conservadora e Mãe. <br>Pelo futuro do MEU PAÍS! 💪🏻<br>Pela LIBERDADE! 🇧🇷🇧🇷🇧🇷🇧🇷🇧🇷🇧🇷/////  <br><br>Passe adiante. Se você não é um Patriota, quem sabe vai refletir um pouco🇧🇷👮\\u200d♂️👮\\u200d♀️🇧🇷', 'textOriginal': 'Texto belíssimo!!! Além de engenheira, é poetisa essa moça! Tá de parabéns!!!!! \\n\\nPODEIS CHORAR, PRESIDENTE  BOLSONARO! \\n\\n“O choro é livre”, mas a OPINIÃO está PRESA!!!  Sem crime… e sem julgamento. E não podeis fazer nada a respeito... \\n\\nPodeis chorar, Presidente!\\nO que está acontecendo no Brasil e no mundo não é de rir, não. Precisamos parar de fazer piada com coisa séria e acampar em frente das casas dos detratores e traidores da nação brasileira e da humanidade, pedindo as suas demissões! E seus julgamentos!!! \\n\\nPodeis chorar, Presidente! \\nPois sois um homem íntegro e de rara coragem, que chora por um país, que tem uma corte corrupta, imunda, que protegeu o vosso  assassino e prendeu gente inocente! \\nOnde não há justiça, não há paz social. \\n\\nPodeis chorar, meu Presidente! \\nMas saibas que, tudo o que estais a passar por nós… nós sabemos e nunca vos esqueceremos. Todo o vosso sofrimento e humilhação não terá sido em vão! \\n\\nPodeis chorar, Bolsonaro!\\nChorais, porque é de chorar!\\nUm país tão lindo, tão rico e um povo tão ingênuo, tão esquecido, maltratado, jogado na miséria, enquanto PODRES PODERES defendem as castas dos poderosos, inescrupulosos e seus expedientes escusos. \\n\\nPodeis chorar, Presidente!\\nPorque vosso choro é nosso trunfo, que abafa e desmascara a gritaria enfurecida dos odiosos parasitas.\\nTirastes o Brasil da lama.\\nRompestes o círculo. \\nAs empresas estatais dão lucro!\\nO mérito é vosso!\\nE a inveja mata!  \\n\\nEnxugai as lágrimas, Presidente!\\nPois tivestes a coragem de falar em DEUS, Pátria e Família ao MUNDO! Num mundo DOMINADO por covardes, sanguinários, pervertidos, abusadores e ditadores! Que coragem!!!!!!! \\nEnfrentastes os comunistas, os metacapitalistas e os globalistas, como um líder de vanguarda! \\nE hoje muitas nações vos seguem! \\n\\nEnxugai as lágrimas, Presidente!\\nHá um POVO honesto neste país, que assim como eu, está CONTIGO ATÉ MORRER, pelo Brasil! 🇧🇷 \\nJamais estareis sozinho! \\n\\nE agora, sorria, meu Presidente! \\nPode sorrir! 😁😁😄\\nUm dia contarei para os meus netos, com orgulho no coração, que estive a um metro de apertar a sua mão! 🤝 A mão do homem mais PODEROSO que liderou esta nação, para ela SER LIVRE! Sob o lema cristão de João 8:32: \\n\\n“E conhecereis a verdade e \\nA VERDADE VOS LIBERTARÁ.” \\n\\nE A VERDADE NOS LIBERTOU! \\n\\nSorria, eu, também!!! \\nQue estive a um metro do “MITO”, a quem DEUS protegeu da morte certa, da calúnia infame, do escárnio vil, da inveja doentia, da loucura mentirosa  e do ódio cego. \\nFoi, realmente, uma honra! \\n\\nSorríeis, Bolsonaro! 😄\\nNós vos amamos 💚💛💙, tanto quanto amamos a nossa PATRIA AMADA BRASIL! 🇧🇷💚💛💙🇧🇷\\nE choramos convosco, de emocionados e de orgulhosos, do país que estamos construindo! \\n🇧🇷🇧🇷🇧🇷🇧🇷🔝🔝🔝🔝👏🏻👏🏻👏🏻👏🏻 \\n\\nObrigada, Presidente Bolsonaro! 👍🏻\\nMil vezes, obrigada!!! 🤝🤝🤝 \\n\\nTenho plena certeza, que só a SUA ELEIÇÃO JÁ SALVOU 57,7 MILHÕES DE BRASILEIROS!!!!!! \\n               OU MAIS!!!!\\n🙌🏻🙌🏻🙌🏻🙌🏻🙌🏻 \\nNinguém fez tanto por nós! 👏🏻👏🏻👏🏻👏🏻👏🏻👏🏻 \\n\\nBrasil acima de tudo! 🇧🇷🇧🇷🇧🇷\\nDeus acima de todos!!!👆🏻🙏🏻🙏🏻🙏🏻 \\n\\nVosso nome está em nossos corações 💚💛e orações! 🙏🏻 🙏\\nDeus vos proteja e abençoe, sempre. 😇🙏🏻🕊🙏🏻 \\n\\nTexto: Luciana Paola Camilotti\\nEng. Civil, Brasileira, Cristã, Conservadora e Mãe. \\nPelo futuro do MEU PAÍS! 💪🏻\\nPela LIBERDADE! 🇧🇷🇧🇷🇧🇷🇧🇷🇧🇷🇧🇷/////  \\n\\nPasse adiante. Se você não é um Patriota, quem sabe vai refletir um pouco🇧🇷👮\\u200d♂️👮\\u200d♀️🇧🇷', 'authorDisplayName': 'Wagner Pinho Ortega', 'authorProfileImageUrl': 'https://yt3.ggpht.com/ytc/AGIKgqPwDyfFd4HPeqFaajMdz1n2YidDSDo2TusxmqTs=s48-c-k-c0x00ffffff-no-rj', 'authorChannelUrl': 'http://www.youtube.com/channel/UCHq8mNxX2jgFCJyRUHiK9YQ', 'authorChannelId': {'value': 'UCHq8mNxX2jgFCJyRUHiK9YQ'}, 'canRate': True, 'viewerRating': 'none', 'likeCount': 0, 'publishedAt': '2022-10-05T15:31:49Z', 'updatedAt': '2022-10-05T15:31:49Z'}}, 'canReply': True, 'totalReplyCount': 0, 'isPublic': True}",,UCHq8mNxX2jgFCJyRUHiK9YQ,2022-10-05T15:31:49Z,"Texto belíssimo!!! Além de engenheira, é poetisa essa moça! Tá de parabéns!!!!! 

PODEIS CHORAR, PRESIDENTE  BOLSONARO! 

“O choro é livre”, mas a OPINIÃO está PRESA!!!  Sem crime… e sem julgamento. E não podeis fazer nada a respeito... 

Podeis chorar, Presidente!
O que está acontecendo no Brasil e no mundo não é de rir, não. Precisamos parar de fazer piada com coisa séria e acampar em frente das casas dos detratores e traidores da nação brasileira e da humanidade, pedindo as suas demissões! E seus julgamentos!!! 

Podeis chorar, Presidente! 
Pois sois um homem íntegro e de rara coragem, que chora por um país, que tem uma corte corrupta, imunda, que protegeu o vosso  assassino e prendeu gente inocente! 
Onde não há justiça, não há paz social. 

Podeis chorar, meu Presidente! 
Mas saibas que, tudo o que estais a passar por nós… nós sabemos e nunca vos esqueceremos. Todo o vosso sofrimento e humilhação não terá sido em vão! 

Podeis chorar, Bolsonaro!
Chorais, porque é de chorar!
Um país tão lindo, tão rico e um povo tão ingênuo, tão esquecido, maltratado, jogado na miséria, enquanto PODRES PODERES defendem as castas dos poderosos, inescrupulosos e seus expedientes escusos. 

Podeis chorar, Presidente!
Porque vosso choro é nosso trunfo, que abafa e desmascara a gritaria enfurecida dos odiosos parasitas.
Tirastes o Brasil da lama.
Rompestes o círculo. 
As empresas estatais dão lucro!
O mérito é vosso!
E a inveja mata!  

Enxugai as lágrimas, Presidente!
Pois tivestes a coragem de falar em DEUS, Pátria e Família ao MUNDO! Num mundo DOMINADO por covardes, sanguinários, pervertidos, abusadores e ditadores! Que coragem!!!!!!! 
Enfrentastes os comunistas, os metacapitalistas e os globalistas, como um líder de vanguarda! 
E hoje muitas nações vos seguem! 

Enxugai as lágrimas, Presidente!
Há um POVO honesto neste país, que assim como eu, está CONTIGO ATÉ MORRER, pelo Brasil! 🇧🇷 
Jamais estareis sozinho! 

E agora, sorria, meu Presidente! 
Pode sorrir! 😁😁😄
Um dia contarei para os meus netos, com orgulho no coração, que estive a um metro de apertar a sua mão! 🤝 A mão do homem mais PODEROSO que liderou esta nação, para ela SER LIVRE! Sob o lema cristão de João 8:32: 

“E conhecereis a verdade e 
A VERDADE VOS LIBERTARÁ.” 

E A VERDADE NOS LIBERTOU! 

Sorria, eu, também!!! 
Que estive a um metro do “MITO”, a quem DEUS protegeu da morte certa, da calúnia infame, do escárnio vil, da inveja doentia, da loucura mentirosa  e do ódio cego. 
Foi, realmente, uma honra! 

Sorríeis, Bolsonaro! 😄
Nós vos amamos 💚💛💙, tanto quanto amamos a nossa PATRIA AMADA BRASIL! 🇧🇷💚💛💙🇧🇷
E choramos convosco, de emocionados e de orgulhosos, do país que estamos construindo! 
🇧🇷🇧🇷🇧🇷🇧🇷🔝🔝🔝🔝👏🏻👏🏻👏🏻👏🏻 

Obrigada, Presidente Bolsonaro! 👍🏻
Mil vezes, obrigada!!! 🤝🤝🤝 

Tenho plena certeza, que só a SUA ELEIÇÃO JÁ SALVOU 57,7 MILHÕES DE BRASILEIROS!!!!!! 
               OU MAIS!!!!
🙌🏻🙌🏻🙌🏻🙌🏻🙌🏻 
Ninguém fez tanto por nós! 👏🏻👏🏻👏🏻👏🏻👏🏻👏🏻 

Brasil acima de tudo! 🇧🇷🇧🇷🇧🇷
Deus acima de todos!!!👆🏻🙏🏻🙏🏻🙏🏻 

Vosso nome está em nossos corações 💚💛e orações! 🙏🏻 🙏
Deus vos proteja e abençoe, sempre. 😇🙏🏻🕊🙏🏻 

Texto: Luciana Paola Camilotti
Eng. Civil, Brasileira, Cristã, Conservadora e Mãe. 
Pelo futuro do MEU PAÍS! 💪🏻
Pela LIBERDADE! 🇧🇷🇧🇷🇧🇷🇧🇷🇧🇷🇧🇷/////  

Passe adiante. Se você não é um Patriota, quem sabe vai refletir um pouco🇧🇷👮‍♂️👮‍♀️🇧🇷",,2023-06-08 12:17:04.878153
youtube#commentThread,fUv4Uv-lDIH1olxSQbDKibvKxsc,Ugz9UppUl42h32Hovct4AaABAg,"{'videoId': 'TFcosl5R3Zo', 'topLevelComment': {'kind': 'youtube#comment', 'etag': 'SNV6rdPXuvgyk0KjlS4Ie7uUjRY', 'id': 'Ugz9UppUl42h32Hovct4AaABAg', 'snippet': {'videoId': 'TFcosl5R3Zo', 'textDisplay': 'Artilharia pesada nesses corruptos do PT e companhia. 🇧🇷🇧🇷🇧🇷', 'textOriginal': 'Artilharia pesada nesses corruptos do PT e companhia. 🇧🇷🇧🇷🇧🇷', 'authorDisplayName': 'Saymon Jr.', 'authorProfileImageUrl': 'https://yt3.ggpht.com/2E_nt_fqIrXX33Cl7XnEbnzQfuI1QQO5xjJQ1NnbDQnJVaJ_H9GIuaDNMHFB3R8A8dxsBzlTp4Q=s48-c-k-c0x00ffffff-no-rj', 'authorChannelUrl': 'http://www.youtube.com/channel/UCHdkYPLx1k5nUu-AT1W2Qug', 'authorChannelId': {'value': 'UCHdkYPLx1k5nUu-AT1W2Qug'}, 'canRate': True, 'viewerRating': 'none', 'likeCount': 0, 'publishedAt': '2022-10-05T15:22:08Z', 'updatedAt': '2022-10-05T15:22:08Z'}}, 'canReply': True, 'totalReplyCount': 0, 'isPublic': True}",,UCHdkYPLx1k5nUu-AT1W2Qug,2022-10-05T15:22:08Z,Artilharia pesada nesses corruptos do PT e companhia. 🇧🇷🇧🇷🇧🇷,,2023-06-08 12:17:04.878153
youtube#commentThread,zm3poefa9GpFRnKq5it40GKW-hg,UgzNSRwRTwdTBX0-pGV4AaABAg,"{'videoId': 'TFcosl5R3Zo', 'topLevelComment': {'kind': 'youtube#comment', 'etag': '-iXLAAmp_EPAQvLSUO-NSPNSuWw', 'id': 'UgzNSRwRTwdTBX0-pGV4AaABAg', 'snippet': {'videoId': 'TFcosl5R3Zo', 'textDisplay': 'Quem ressuscitou Lula e o PT foi o próprio Bolsonaro com arrogância, antipatia, chacota com a pandemia falta de Carisma e incompetência para gerir o Brasil em 2018 eu votei nele na esperança de melhorar mas só vi crescer o Ódio e Rancor entre as pessoas. Fora Bolsonaro.', 'textOriginal': 'Quem ressuscitou Lula e o PT foi o próprio Bolsonaro com arrogância, antipatia, chacota com a pandemia falta de Carisma e incompetência para gerir o Brasil em 2018 eu votei nele na esperança de melhorar mas só vi crescer o Ódio e Rancor entre as pessoas. Fora Bolsonaro.', 'authorDisplayName': 'Emanuel Rogério Mascarenhas', 'authorProfileImageUrl': 'https://yt3.ggpht.com/ytc/AGIKgqOdo-ztIJoCjnyU6uUiCJ_vXCwP13ITHkrCqg=s48-c-k-c0x00ffffff-no-rj', 'authorChannelUrl': 'http://www.youtube.com/channel/UCKldRgL7St86KDfLNP86dnw', 'authorChannelId': {'value': 'UCKldRgL7St86KDfLNP86dnw'}, 'canRate': True, 'viewerRating': 'none', 'likeCount': 0, 'publishedAt': '2022-10-05T15:20:22Z', 'updatedAt': '2022-10-05T15:20:22Z'}}, 'canReply': True, 'totalReplyCount': 0, 'isPublic': True}",,UCKldRgL7St86KDfLNP86dnw,2022-10-05T15:20:22Z,"Quem ressuscitou Lula e o PT foi o próprio Bolsonaro com arrogância, antipatia, chacota com a pandemia falta de Carisma e incompetência para gerir o Brasil em 2018 eu votei nele na esperança de melhorar mas só vi crescer o Ódio e Rancor entre as pessoas. Fora Bolsonaro.",,2023-06-08 12:17:04.878153
youtube#commentThread,MzSvhrxdPLXuZK4OnNhNL2z25gQ,UgyWCW6vwDAh3Qhovnp4AaABAg,"{'videoId': 'TFcosl5R3Zo', 'topLevelComment': {'kind': 'youtube#comment', 'etag': 'mtyVnHZUKWgo1QRnjNyhXoxHLnQ', 'id': 'UgyWCW6vwDAh3Qhovnp4AaABAg', 'snippet': {'videoId': 'TFcosl5R3Zo', 'textDisplay': '<a href=""http://www.youtube.com/results?search_query=%23tem"">#Tem</a> QueColocarOsVideosDosPresosAlgresComLulaNosPresidiosEOaVideosDoProprioLulaApoiandoDitadoresAbortoRoiboDeCelularOPovoAcreditaNeleAsProvasTemQueSerEleProprioFalando..', 'textOriginal': '#Tem QueColocarOsVideosDosPresosAlgresComLulaNosPresidiosEOaVideosDoProprioLulaApoiandoDitadoresAbortoRoiboDeCelularOPovoAcreditaNeleAsProvasTemQueSerEleProprioFalando..', 'authorDisplayName': 'Silvia Gomes', 'authorProfileImageUrl': 'https://yt3.ggpht.com/ytc/AGIKgqOT1J4Zj3S-RTMW9UaBd_NwNIF1QC_rHLLBBw=s48-c-k-c0x00ffffff-no-rj', 'authorChannelUrl': 'http://www.youtube.com/channel/UC-t1d71HzxrKddq-utcu-Mg', 'authorChannelId': {'value': 'UC-t1d71HzxrKddq-utcu-Mg'}, 'canRate': True, 'viewerRating': 'none', 'likeCount': 0, 'publishedAt': '2022-10-05T15:11:28Z', 'updatedAt': '2022-10-05T15:11:28Z'}}, 'canReply': True, 'totalReplyCount': 0, 'isPublic': True}",,UC-t1d71HzxrKddq-utcu-Mg,2022-10-05T15:11:28Z,#Tem QueColocarOsVideosDosPresosAlgresComLulaNosPresidiosEOaVideosDoProprioLulaApoiandoDitadoresAbortoRoiboDeCelularOPovoAcreditaNeleAsProvasTemQueSerEleProprioFalando..,,2023-06-08 12:17:04.878153
youtube#commentThread,DNjqKvQdSUnWGzuQ3H6zIOCdkCI,UgyCRB0-pJd-UChokUd4AaABAg,"{'videoId': 'TFcosl5R3Zo', 'topLevelComment': {'kind': 'youtube#comment', 'etag': 'BOHf2wb1K5-JDG-KOFpa9EPja_Y', 'id': 'UgyCRB0-pJd-UChokUd4AaABAg', 'snippet': {'videoId': 'TFcosl5R3Zo', 'textDisplay': 'Que Deus abençoe o nosso Presidente e o povo brasileiro brasileiro para que consigamos vencer o sistema e reelegeremos o nosso Presidente ! 🙏🏼🙏🏼🙏🏼🇧🇷🇧🇷🇧🇷🇧🇷', 'textOriginal': 'Que Deus abençoe o nosso Presidente e o povo brasileiro brasileiro para que consigamos vencer o sistema e reelegeremos o nosso Presidente ! 🙏🏼🙏🏼🙏🏼🇧🇷🇧🇷🇧🇷🇧🇷', 'authorDisplayName': 'Estella MG Moura', 'authorProfileImageUrl': 'https://yt3.ggpht.com/ytc/AGIKgqP54RKSZ6MCTLxpqdJ1HbZ-AeIQ7OGRfCn3ZQ=s48-c-k-c0x00ffffff-no-rj', 'authorChannelUrl': 'http://www.youtube.com/channel/UCeVydjjDLKQLLmUbeMHy68g', 'authorChannelId': {'value': 'UCeVydjjDLKQLLmUbeMHy68g'}, 'canRate': True, 'viewerRating': 'none', 'likeCount': 0, 'publishedAt': '2022-10-05T15:04:39Z', 'updatedAt': '2022-10-05T15:04:39Z'}}, 'canReply': True, 'totalReplyCount': 0, 'isPublic': True}",,UCeVydjjDLKQLLmUbeMHy68g,2022-10-05T15:04:39Z,Que Deus abençoe o nosso Presidente e o povo brasileiro brasileiro para que consigamos vencer o sistema e reelegeremos o nosso Presidente ! 🙏🏼🙏🏼🙏🏼🇧🇷🇧🇷🇧🇷🇧🇷,,2023-06-08 12:17:04.878153
youtube#commentThread,voJwgvdW0CKJ9T9TptqSOLRtYnc,UgxjKm93m02SPLWpLw54AaABAg,"{'videoId': 'TFcosl5R3Zo', 'topLevelComment': {'kind': 'youtube#comment', 'etag': 'B06lRK2wXffHeLiTkvLNbs0uGGk', 'id': 'UgxjKm93m02SPLWpLw54AaABAg', 'snippet': {'videoId': 'TFcosl5R3Zo', 'textDisplay': '👏👏👏😎✌️✌️💚💛🇧🇷🇧🇷🇧🇷', 'textOriginal': '👏👏👏😎✌️✌️💚💛🇧🇷🇧🇷🇧🇷', 'authorDisplayName': 'Tulipa Virtual', 'authorProfileImageUrl': 'https://yt3.ggpht.com/ytc/AGIKgqPZU_sV_I3G96eFyLCseLocbwocYGSBqr8IJA=s48-c-k-c0x00ffffff-no-rj', 'authorChannelUrl': 'http://www.youtube.com/channel/UCfggVZB8hw76wOGO5P82YXA', 'authorChannelId': {'value': 'UCfggVZB8hw76wOGO5P82YXA'}, 'canRate': True, 'viewerRating': 'none', 'likeCount': 0, 'publishedAt': '2022-10-05T14:37:24Z', 'updatedAt': '2022-10-05T14:37:24Z'}}, 'canReply': True, 'totalReplyCount': 0, 'isPublic': True}",,UCfggVZB8hw76wOGO5P82YXA,2022-10-05T14:37:24Z,👏👏👏😎✌️✌️💚💛🇧🇷🇧🇷🇧🇷,,2023-06-08 12:17:04.878153
youtube#commentThread,3eDPGl7YDHATZCNCe8hplo6Qaz4,Ugy2NgcwerHChIVcV5l4AaABAg,"{'videoId': 'TFcosl5R3Zo', 'topLevelComment': {'kind': 'youtube#comment', 'etag': 'Pt9qD9eU9DdPxeROp3LyvYy2ywE', 'id': 'Ugy2NgcwerHChIVcV5l4AaABAg', 'snippet': {'videoId': 'TFcosl5R3Zo', 'textDisplay': 'O presidente tem que fazer Live com cada estado fala diretamente com o POVO dizer o que fez e o que vai fazer por aquele estado...avisar nas emissoras locais ao povo o dia e horário.... não falar do passado nem bilhões e trilhão roubado o povo não sabe o que é isso não falar do Lula.', 'textOriginal': 'O presidente tem que fazer Live com cada estado fala diretamente com o POVO dizer o que fez e o que vai fazer por aquele estado...avisar nas emissoras locais ao povo o dia e horário.... não falar do passado nem bilhões e trilhão roubado o povo não sabe o que é isso não falar do Lula.', 'authorDisplayName': 'Dilma', 'authorProfileImageUrl': 'https://yt3.ggpht.com/ytc/AGIKgqPYFAMuu3wuXWfooFzlPXv3NRgeoPeikSNy9B00E_qP8zLNKAMuxNDAIUxNYzJ0=s48-c-k-c0x00ffffff-no-rj', 'authorChannelUrl': 'http://www.youtube.com/channel/UCAsPtE-pU-CBm5Xlw0rPT9g', 'authorChannelId': {'value': 'UCAsPtE-pU-CBm5Xlw0rPT9g'}, 'canRate': True, 'viewerRating': 'none', 'likeCount': 0, 'publishedAt': '2022-10-05T14:21:50Z', 'updatedAt': '2022-10-05T14:21:50Z'}}, 'canReply': True, 'totalReplyCount': 0, 'isPublic': True}",,UCAsPtE-pU-CBm5Xlw0rPT9g,2022-10-05T14:21:50Z,O presidente tem que fazer Live com cada estado fala diretamente com o POVO dizer o que fez e o que vai fazer por aquele estado...avisar nas emissoras locais ao povo o dia e horário.... não falar do passado nem bilhões e trilhão roubado o povo não sabe o que é isso não falar do Lula.,,2023-06-08 12:17:04.878153
youtube#commentThread,s_6STopi4UOwkvYeOf0a8alMCrE,UgxYnv51K7Bd1jiyRVl4AaABAg,"{'videoId': 'TFcosl5R3Zo', 'topLevelComment': {'kind': 'youtube#comment', 'etag': 'fAhFJki0YBJMZhupJ7an5h7uL-A', 'id': 'UgxYnv51K7Bd1jiyRVl4AaABAg', 'snippet': {'videoId': 'TFcosl5R3Zo', 'textDisplay': 'Bolsonaro precisa fazer os agradecimentos aos seus eleitores pela as votacoes', 'textOriginal': 'Bolsonaro precisa fazer os agradecimentos aos seus eleitores pela as votacoes', 'authorDisplayName': 'TONINHO', 'authorProfileImageUrl': 'https://yt3.ggpht.com/AAwiVrUNQSxh2YfLmkgtNWoa-6sJpouELFPg4VcIl0H1iGaGOf5W76K50Z8vl3ntIsFUcxNK=s48-c-k-c0x00ffffff-no-rj', 'authorChannelUrl': 'http://www.youtube.com/channel/UCaH3lffTNT8gvZXB89I2Wmg', 'authorChannelId': {'value': 'UCaH3lffTNT8gvZXB89I2Wmg'}, 'canRate': True, 'viewerRating': 'none', 'likeCount': 0, 'publishedAt': '2022-10-05T14:21:23Z', 'updatedAt': '2022-10-05T14:21:23Z'}}, 'canReply': True, 'totalReplyCount': 0, 'isPublic': True}",,UCaH3lffTNT8gvZXB89I2Wmg,2022-10-05T14:21:23Z,Bolsonaro precisa fazer os agradecimentos aos seus eleitores pela as votacoes,,2023-06-08 12:17:04.878153
youtube#commentThread,WQXUtyElbzMsuYKDoEYSVTwa09E,UgxHImvilWNfyf-pB3x4AaABAg,"{'videoId': 'TFcosl5R3Zo', 'topLevelComment': {'kind': 'youtube#comment', 'etag': 'K--kPcj2CSeXtJiED7vz2dhqO1M', 'id': 'UgxHImvilWNfyf-pB3x4AaABAg', 'snippet': {'videoId': 'TFcosl5R3Zo', 'textDisplay': 'Tamo junto presidente Bolsonaro 🙏', 'textOriginal': 'Tamo junto presidente Bolsonaro 🙏', 'authorDisplayName': 'Onilça Lima', 'authorProfileImageUrl': 'https://yt3.ggpht.com/ytc/AGIKgqN9Yu1Kk3HBgGXmVAUMFOsNsxFsMJvYLeBOrgOY6xM=s48-c-k-c0x00ffffff-no-rj', 'authorChannelUrl': 'http://www.youtube.com/channel/UCMCN7ZnHlEvDi1acyy0_BLw', 'authorChannelId': {'value': 'UCMCN7ZnHlEvDi1acyy0_BLw'}, 'canRate': True, 'viewerRating': 'none', 'likeCount': 0, 'publishedAt': '2022-10-05T14:16:06Z', 'updatedAt': '2022-10-05T14:16:06Z'}}, 'canReply': True, 'totalReplyCount': 0, 'isPublic': True}",,UCMCN7ZnHlEvDi1acyy0_BLw,2022-10-05T14:16:06Z,Tamo junto presidente Bolsonaro 🙏,,2023-06-08 12:17:04.878153
youtube#commentThread,w_-RAgeiTXRaRvyVqb01I4SQGqY,UgxgXtB2eaQYvkS_fuZ4AaABAg,"{'videoId': 'TFcosl5R3Zo', 'topLevelComment': {'kind': 'youtube#comment', 'etag': 'YMyCKCePKBEWQNXkW1A5eP74B0Q', 'id': 'UgxgXtB2eaQYvkS_fuZ4AaABAg', 'snippet': {'videoId': 'TFcosl5R3Zo', 'textDisplay': 'Bolsonaro reeleito 22...', 'textOriginal': 'Bolsonaro reeleito 22...', 'authorDisplayName': 'José Augusto Martins Lino', 'authorProfileImageUrl': 'https://yt3.ggpht.com/ytc/AGIKgqPjBXAieb5mjErJb48fLixHYI9FZaKHiiAQKQ=s48-c-k-c0x00ffffff-no-rj', 'authorChannelUrl': 'http://www.youtube.com/channel/UCWzmXzceUpcULRPXlWkYz3g', 'authorChannelId': {'value': 'UCWzmXzceUpcULRPXlWkYz3g'}, 'canRate': True, 'viewerRating': 'none', 'likeCount': 0, 'publishedAt': '2022-10-05T14:15:57Z', 'updatedAt': '2022-10-05T14:15:57Z'}}, 'canReply': True, 'totalReplyCount': 0, 'isPublic': True}",,UCWzmXzceUpcULRPXlWkYz3g,2022-10-05T14:15:57Z,Bolsonaro reeleito 22...,,2023-06-08 12:17:04.878153
youtube#commentThread,jypHTVRGa5VTh_B87N3Tt0oazpc,UgxumkQ6UbP6uv6i1DF4AaABAg,"{'videoId': 'TFcosl5R3Zo', 'topLevelComment': {'kind': 'youtube#comment', 'etag': 'g2h7p_frBCbhJGoGQs74lV0wr3Q', 'id': 'UgxumkQ6UbP6uv6i1DF4AaABAg', 'snippet': {'videoId': 'TFcosl5R3Zo', 'textDisplay': 'Meu Deus peço socorro aqui no Piauí o povo ñ acorda p a verdade e alguns sofre por causas ds outros MS DE 20ANOS NA TACA QUE DEUS ABENÇOE O NOSSO PRESIDENTE BOLSONARO E SUA EQUIPE NUNCA EX E SIM PRESIDENTE SEMPRE', 'textOriginal': 'Meu Deus peço socorro aqui no Piauí o povo ñ acorda p a verdade e alguns sofre por causas ds outros MS DE 20ANOS NA TACA QUE DEUS ABENÇOE O NOSSO PRESIDENTE BOLSONARO E SUA EQUIPE NUNCA EX E SIM PRESIDENTE SEMPRE', 'authorDisplayName': 'Marcia Pereira', 'authorProfileImageUrl': 'https://yt3.ggpht.com/ytc/AGIKgqOXMSnIxNiq7-kTuSbVwe7W5wHoUItnJlh-1k7jHx_n5AGoSm8J3JCeoap1_7Rn=s48-c-k-c0x00ffffff-no-rj', 'authorChannelUrl': 'http://www.youtube.com/channel/UCiIR3rOQ4EEzaYiNeZ-i1hQ', 'authorChannelId': {'value': 'UCiIR3rOQ4EEzaYiNeZ-i1hQ'}, 'canRate': True, 'viewerRating': 'none', 'likeCount': 1, 'publishedAt': '2022-10-05T14:14:19Z', 'updatedAt': '2022-10-05T14:14:19Z'}}, 'canReply': True, 'totalReplyCount': 0, 'isPublic': True}",,UCiIR3rOQ4EEzaYiNeZ-i1hQ,2022-10-05T14:14:19Z,Meu Deus peço socorro aqui no Piauí o povo ñ acorda p a verdade e alguns sofre por causas ds outros MS DE 20ANOS NA TACA QUE DEUS ABENÇOE O NOSSO PRESIDENTE BOLSONARO E SUA EQUIPE NUNCA EX E SIM PRESIDENTE SEMPRE,,2023-06-08 12:17:04.878153
youtube#commentThread,sSpyRJNR1HxKr8e9OeBnrqR5d5U,UgywNEnSz-BWUji5H8B4AaABAg,"{'videoId': 'TFcosl5R3Zo', 'topLevelComment': {'kind': 'youtube#comment', 'etag': 'qJFSu98y5twFWdabO-COnEyHwUU', 'id': 'UgywNEnSz-BWUji5H8B4AaABAg', 'snippet': {'videoId': 'TFcosl5R3Zo', 'textDisplay': 'Que Deus tenha misericordia da nação Brasileira....22....🙏🙏🇧🇷🇧🇷🇧🇷🇧🇷', 'textOriginal': 'Que Deus tenha misericordia da nação Brasileira....22....🙏🙏🇧🇷🇧🇷🇧🇷🇧🇷', 'authorDisplayName': 'Joelma Elisa de Lima', 'authorProfileImageUrl': 'https://yt3.ggpht.com/ytc/AGIKgqMeVpQChedpYaMx6molXH7L878wZ0M7X_-oxA=s48-c-k-c0x00ffffff-no-rj', 'authorChannelUrl': 'http://www.youtube.com/channel/UC59TP7rX8_eCi5cijuJ9EbQ', 'authorChannelId': {'value': 'UC59TP7rX8_eCi5cijuJ9EbQ'}, 'canRate': True, 'viewerRating': 'none', 'likeCount': 2, 'publishedAt': '2022-10-05T14:13:08Z', 'updatedAt': '2022-10-05T14:13:08Z'}}, 'canReply': True, 'totalReplyCount': 0, 'isPublic': True}",,UC59TP7rX8_eCi5cijuJ9EbQ,2022-10-05T14:13:08Z,Que Deus tenha misericordia da nação Brasileira....22....🙏🙏🇧🇷🇧🇷🇧🇷🇧🇷,,2023-06-08 12:17:04.878153
youtube#commentThread,SJw81eke8IYiQC1pU4vkQ5ei4Gg,Ugz4gRKO-WqCSMad6yp4AaABAg,"{'videoId': 'TFcosl5R3Zo', 'topLevelComment': {'kind': 'youtube#comment', 'etag': 'z-G0FlGqzfqUt9EidVf4d6AjD8g', 'id': 'Ugz4gRKO-WqCSMad6yp4AaABAg', 'snippet': {'videoId': 'TFcosl5R3Zo', 'textDisplay': 'BOLSONARO 2022 🇧🇷 PELA NOSSA LIBERDADE 🇧🇷 🗽 🇧🇷 🗽 🇧🇷 🗽 🇧🇷 🗽', 'textOriginal': 'BOLSONARO 2022 🇧🇷 PELA NOSSA LIBERDADE 🇧🇷 🗽 🇧🇷 🗽 🇧🇷 🗽 🇧🇷 🗽', 'authorDisplayName': 'BullDog', 'authorProfileImageUrl': 'https://yt3.ggpht.com/5gVYtZuy0fJY81hVwEUIRtR2re42t6I7nK1R8aawO1nzX-Jh45F3fG7TbFQAZxFOWxG3fpYIIA=s48-c-k-c0x00ffffff-no-rj', 'authorChannelUrl': 'http://www.youtube.com/channel/UCvJvvl-_urkuDmWk0alv8cA', 'authorChannelId': {'value': 'UCvJvvl-_urkuDmWk0alv8cA'}, 'canRate': True, 'viewerRating': 'none', 'likeCount': 1, 'publishedAt': '2022-10-05T14:11:58Z', 'updatedAt': '2022-10-05T14:11:58Z'}}, 'canReply': True, 'totalReplyCount': 0, 'isPublic': True}",,UCvJvvl-_urkuDmWk0alv8cA,2022-10-05T14:11:58Z,BOLSONARO 2022 🇧🇷 PELA NOSSA LIBERDADE 🇧🇷 🗽 🇧🇷 🗽 🇧🇷 🗽 🇧🇷 🗽,,2023-06-08 12:17:04.878153
youtube#commentThread,fcpSFvnKnXO1Ry2eAQ4SDsskjr8,UgxQ0YSyJo2P-9jxGUN4AaABAg,"{'videoId': 'TFcosl5R3Zo', 'topLevelComment': {'kind': 'youtube#comment', 'etag': '2MfGnVIvUZZB1F8V1dlK70H-DDA', 'id': 'UgxQ0YSyJo2P-9jxGUN4AaABAg', 'snippet': {'videoId': 'TFcosl5R3Zo', 'textDisplay': 'Quando um CRISTÃO vota no Partido das trevas ele está apoiando 👇<br><br>▶ APOIA o aborto, assassinato de bebês indefesos, inocentes.<br>▶ APOIA a liberação das drogas a destruição das famílias e jovens.<br>▶ APOIA a ideologia de gênero nas escolas.<br>▶ APOIA a erotização infantil nas escolas.<br>▶ APOIA a Pedofilia.<br>▶ APOIA bandidos ter armas e o cidadão de bem, trabalhador, honesto morrer por causa de um assalto a mão armada de um menor, pra roubar, celular, carro, etc.<br>▶ APOIA a falta de respeito com a fé dos Cristãos por crer em um ÚNICO CRIADOR. <br>▶ APOIA a corrupção.<br>▶ APOIA ao MST.<br>▶ APOIA a pobreza estrema. <br>▶ APOIA a tudo que vai contra a palavra do nosso CRIADOR. <br><br>Que ELE tenha compaixão da sua alma.<br><br>REFLITA 🙌<br><br>Pra você que diz ser Cristão e vota em partidos comunistas e corruptos. 👇🆘<br><br>Provérbios <a href=""https://www.youtube.com/watch?v=TFcosl5R3Zo&amp;t=24m11s"">24:11</a>-12<br><br>&quot;Se tu deixares de livrar os que estão sendo levados para a morte, e aos que estão sendo levados para a matança;<br>&quot;Se disseres: Eis que não o sabemos; porventura não o considerará aquele que pondera os corações? Não o saberá aquele que atenta para a tua alma? Não dará ELE ao homem conforme a sua obra?&quot;<br><br>Na versão de hoje 👇<br><br>&quot;Procure salvar quem está sendo arrastado para a morte. Você pode dizer que o problema não é seu, mas Deus conhece o seu coração e sabe os seus motivos. ELE pagará de acordo com o que cada um fizer.&quot;<br><br>Provérbios <a href=""https://www.youtube.com/watch?v=TFcosl5R3Zo&amp;t=29m24s"">29:24</a>. <br><br>&quot;O que tem parte com o ladrão odeia a sua própria alma; ouve maldições, e não o denuncia.&quot;<br><br>Na versão de hoje 👇<br><br>&quot;O companheiro de um ladrão é o pior inimigo de si mesmo, se ele disser a verdade no tribunal será castigado; se não disser Deus o amaldiçoará.&quot;<br><br>REFLITA 🙌', 'textOriginal': 'Quando um CRISTÃO vota no Partido das trevas ele está apoiando 👇\\n\\n▶ APOIA o aborto, assassinato de bebês indefesos, inocentes.\\n▶ APOIA a liberação das drogas a destruição das famílias e jovens.\\n▶ APOIA a ideologia de gênero nas escolas.\\n▶ APOIA a erotização infantil nas escolas.\\n▶ APOIA a Pedofilia.\\n▶ APOIA bandidos ter armas e o cidadão de bem, trabalhador, honesto morrer por causa de um assalto a mão armada de um menor, pra roubar, celular, carro, etc.\\n▶ APOIA a falta de respeito com a fé dos Cristãos por crer em um ÚNICO CRIADOR. \\n▶ APOIA a corrupção.\\n▶ APOIA ao MST.\\n▶ APOIA a pobreza estrema. \\n▶ APOIA a tudo que vai contra a palavra do nosso CRIADOR. \\n\\nQue ELE tenha compaixão da sua alma.\\n\\nREFLITA 🙌\\n\\nPra você que diz ser Cristão e vota em partidos comunistas e corruptos. 👇🆘\\n\\nProvérbios 24:11-12\\n\\n""Se tu deixares de livrar os que estão sendo levados para a morte, e aos que estão sendo levados para a matança;\\n""Se disseres: Eis que não o sabemos; porventura não o considerará aquele que pondera os corações? Não o saberá aquele que atenta para a tua alma? Não dará ELE ao homem conforme a sua obra?""\\n\\nNa versão de hoje 👇\\n\\n""Procure salvar quem está sendo arrastado para a morte. Você pode dizer que o problema não é seu, mas Deus conhece o seu coração e sabe os seus motivos. ELE pagará de acordo com o que cada um fizer.""\\n\\nProvérbios 29:24. \\n\\n""O que tem parte com o ladrão odeia a sua própria alma; ouve maldições, e não o denuncia.""\\n\\nNa versão de hoje 👇\\n\\n""O companheiro de um ladrão é o pior inimigo de si mesmo, se ele disser a verdade no tribunal será castigado; se não disser Deus o amaldiçoará.""\\n\\nREFLITA 🙌', 'authorDisplayName': 'Adenilza Cristo AMO MEU CRIADOR ALTÍSSIMO', 'authorProfileImageUrl': 'https://yt3.ggpht.com/TuQVuf1LThnzimgSVYEiJjrIMQPduHc8Por6oj-8R0a9-16tEBWbk7NYFjTMMTF0OQLxfvRwbwY=s48-c-k-c0x00ffffff-no-rj', 'authorChannelUrl': 'http://www.youtube.com/channel/UCJhB8zC5j7QARWzgGl7fuiw', 'authorChannelId': {'value': 'UCJhB8zC5j7QARWzgGl7fuiw'}, 'canRate': True, 'viewerRating': 'none', 'likeCount': 0, 'publishedAt': '2022-10-05T14:10:20Z', 'updatedAt': '2022-10-05T14:10:20Z'}}, 'canReply': True, 'totalReplyCount': 0, 'isPublic': True}",,UCJhB8zC5j7QARWzgGl7fuiw,2022-10-05T14:10:20Z,"Quando um CRISTÃO vota no Partido das trevas ele está apoiando 👇

▶ APOIA o aborto, assassinato de bebês indefesos, inocentes.
▶ APOIA a liberação das drogas a destruição das famílias e jovens.
▶ APOIA a ideologia de gênero nas escolas.
▶ APOIA a erotização infantil nas escolas.
▶ APOIA a Pedofilia.
▶ APOIA bandidos ter armas e o cidadão de bem, trabalhador, honesto morrer por causa de um assalto a mão armada de um menor, pra roubar, celular, carro, etc.
▶ APOIA a falta de respeito com a fé dos Cristãos por crer em um ÚNICO CRIADOR. 
▶ APOIA a corrupção.
▶ APOIA ao MST.
▶ APOIA a pobreza estrema. 
▶ APOIA a tudo que vai contra a palavra do nosso CRIADOR. 

Que ELE tenha compaixão da sua alma.

REFLITA 🙌

Pra você que diz ser Cristão e vota em partidos comunistas e corruptos. 👇🆘

Provérbios 24:11-12

""Se tu deixares de livrar os que estão sendo levados para a morte, e aos que estão sendo levados para a matança;
""Se disseres: Eis que não o sabemos; porventura não o considerará aquele que pondera os corações? Não o saberá aquele que atenta para a tua alma? Não dará ELE ao homem conforme a sua obra?""

Na versão de hoje 👇

""Procure salvar quem está sendo arrastado para a morte. Você pode dizer que o problema não é seu, mas Deus conhece o seu coração e sabe os seus motivos. ELE pagará de acordo com o que cada um fizer.""

Provérbios 29:24. 

""O que tem parte com o ladrão odeia a sua própria alma; ouve maldições, e não o denuncia.""

Na versão de hoje 👇

""O companheiro de um ladrão é o pior inimigo de si mesmo, se ele disser a verdade no tribunal será castigado; se não disser Deus o amaldiçoará.""

REFLITA 🙌",,2023-06-08 12:17:04.878153
youtube#commentThread,Qy-LGIhn2l434-7QQaUQOEWaJXg,Ugw7uWhqhJPPiVyzOJ54AaABAg,"{'videoId': 'TFcosl5R3Zo', 'topLevelComment': {'kind': 'youtube#comment', 'etag': 'qsg_QOfJ_5J7HOmrA5deH8mIeNk', 'id': 'Ugw7uWhqhJPPiVyzOJ54AaABAg', 'snippet': {'videoId': 'TFcosl5R3Zo', 'textDisplay': 'O meu recado, para Ciro Gomes, o atual cabo elritoral, do ex presidiário: CIRO GOMES, VC É UM COVARDE, MENTIROSO, DESPRESÍVEL.... FALOU QUE JAMAIS APOIARIA, LULA LADRÃO E, AGORA VEM COM ESSA LADAINHA??? VC NUNCA SERÁ PRESIDENTE, NEM DE TIME DE FUTEBOL DE BOTÃO!!! VC É PATÉTICO, TOMA VERGONHA NESSA CARA, APOIADOR DE BANDIDO/EX PRESIDIÁRIO! VC JÁ ERA UM ZERO À ESQUERDA, AGORA VC É 2 ZEROS À ESQUERDA, OU SEJA, VC É INSIGNIFICANTE, DEPLORÁVEL, DEMAGOGO....TENHO NOJO DE VC, VERGONHA PRO NOSSO CEARÁ, PRO NOSSO BRASIL!!! CALA A SUA BOCA, FICA BEM QUIETINHO, PRA NÃO PIORAR AINDA MAIS, ESSE VEXAME QUE É A SUA PESSOA!<br>ASS: VIRGY M ANALISTA DE SISTEMA MICROSOFT BRASIL.<br>P.S. AS SUAS FALSAS PROMESSAS, NÃO CONSEGUIRAM ENGANAR O POVO E, O SEU APOIO AO LULA LADRÃO, NÃO CONTRIBUI EM ABSOLUTAMENTE, NADA!!! VC E O LULA, SÃO 2 DERROTADOS, FRACASSADOS, VCS 2 SE MERECEM, FALTA SÓ VC CORTAR UM DOS SEUS DEDOS, PRA SE TORNAR IRMÃO GÊMEO, DO EX PRESIDIÁRIO!!!', 'textOriginal': 'O meu recado, para Ciro Gomes, o atual cabo elritoral, do ex presidiário: CIRO GOMES, VC É UM COVARDE, MENTIROSO, DESPRESÍVEL.... FALOU QUE JAMAIS APOIARIA, LULA LADRÃO E, AGORA VEM COM ESSA LADAINHA??? VC NUNCA SERÁ PRESIDENTE, NEM DE TIME DE FUTEBOL DE BOTÃO!!! VC É PATÉTICO, TOMA VERGONHA NESSA CARA, APOIADOR DE BANDIDO/EX PRESIDIÁRIO! VC JÁ ERA UM ZERO À ESQUERDA, AGORA VC É 2 ZEROS À ESQUERDA, OU SEJA, VC É INSIGNIFICANTE, DEPLORÁVEL, DEMAGOGO....TENHO NOJO DE VC, VERGONHA PRO NOSSO CEARÁ, PRO NOSSO BRASIL!!! CALA A SUA BOCA, FICA BEM QUIETINHO, PRA NÃO PIORAR AINDA MAIS, ESSE VEXAME QUE É A SUA PESSOA!\\nASS: VIRGY M ANALISTA DE SISTEMA MICROSOFT BRASIL.\\nP.S. AS SUAS FALSAS PROMESSAS, NÃO CONSEGUIRAM ENGANAR O POVO E, O SEU APOIO AO LULA LADRÃO, NÃO CONTRIBUI EM ABSOLUTAMENTE, NADA!!! VC E O LULA, SÃO 2 DERROTADOS, FRACASSADOS, VCS 2 SE MERECEM, FALTA SÓ VC CORTAR UM DOS SEUS DEDOS, PRA SE TORNAR IRMÃO GÊMEO, DO EX PRESIDIÁRIO!!!', 'authorDisplayName': 'VIRGY M', 'authorProfileImageUrl': 'https://yt3.ggpht.com/ytc/AGIKgqO__QsRmUa8Tk3AFzoqDQzplkxrEx10nnF05tKofQ=s48-c-k-c0x00ffffff-no-rj', 'authorChannelUrl': 'http://www.youtube.com/channel/UCN3p253_-NX4pEkJnzn3yaQ', 'authorChannelId': {'value': 'UCN3p253_-NX4pEkJnzn3yaQ'}, 'canRate': True, 'viewerRating': 'none', 'likeCount': 1, 'publishedAt': '2022-10-05T14:09:03Z', 'updatedAt': '2022-10-05T14:09:03Z'}}, 'canReply': True, 'totalReplyCount': 0, 'isPublic': True}",,UCN3p253_-NX4pEkJnzn3yaQ,2022-10-05T14:09:03Z,"O meu recado, para Ciro Gomes, o atual cabo elritoral, do ex presidiário: CIRO GOMES, VC É UM COVARDE, MENTIROSO, DESPRESÍVEL.... FALOU QUE JAMAIS APOIARIA, LULA LADRÃO E, AGORA VEM COM ESSA LADAINHA??? VC NUNCA SERÁ PRESIDENTE, NEM DE TIME DE FUTEBOL DE BOTÃO!!! VC É PATÉTICO, TOMA VERGONHA NESSA CARA, APOIADOR DE BANDIDO/EX PRESIDIÁRIO! VC JÁ ERA UM ZERO À ESQUERDA, AGORA VC É 2 ZEROS À ESQUERDA, OU SEJA, VC É INSIGNIFICANTE, DEPLORÁVEL, DEMAGOGO....TENHO NOJO DE VC, VERGONHA PRO NOSSO CEARÁ, PRO NOSSO BRASIL!!! CALA A SUA BOCA, FICA BEM QUIETINHO, PRA NÃO PIORAR AINDA MAIS, ESSE VEXAME QUE É A SUA PESSOA!
ASS: VIRGY M ANALISTA DE SISTEMA MICROSOFT BRASIL.
P.S. AS SUAS FALSAS PROMESSAS, NÃO CONSEGUIRAM ENGANAR O POVO E, O SEU APOIO AO LULA LADRÃO, NÃO CONTRIBUI EM ABSOLUTAMENTE, NADA!!! VC E O LULA, SÃO 2 DERROTADOS, FRACASSADOS, VCS 2 SE MERECEM, FALTA SÓ VC CORTAR UM DOS SEUS DEDOS, PRA SE TORNAR IRMÃO GÊMEO, DO EX PRESIDIÁRIO!!!",,2023-06-08 12:17:04.878153
youtube#commentThread,dL874KZRMFeAX2cQY244lom0jB8,UgzU_pfhZI9XNq4pcjF4AaABAg,"{'videoId': 'TFcosl5R3Zo', 'topLevelComment': {'kind': 'youtube#comment', 'etag': 'pa8KSKVK2gVIQ4MCvSFhuwo0SWQ', 'id': 'UgzU_pfhZI9XNq4pcjF4AaABAg', 'snippet': {'videoId': 'TFcosl5R3Zo', 'textDisplay': 'Flavio disponibiliza um contato pra mandarmos informações!', 'textOriginal': 'Flavio disponibiliza um contato pra mandarmos informações!', 'authorDisplayName': 'Arte de vender', 'authorProfileImageUrl': 'https://yt3.ggpht.com/pdwASrIVlZo3gXwpEAI4GoDbMglcViEh52_I6Q-RYyuLSTIIvnyKuJCm6Sfmtaax8rizDdAT=s48-c-k-c0x00ffffff-no-rj', 'authorChannelUrl': 'http://www.youtube.com/channel/UCdCZhiy2YKmBDG-EtzO5k8A', 'authorChannelId': {'value': 'UCdCZhiy2YKmBDG-EtzO5k8A'}, 'canRate': True, 'viewerRating': 'none', 'likeCount': 1, 'publishedAt': '2022-10-05T14:06:16Z', 'updatedAt': '2022-10-05T14:06:16Z'}}, 'canReply': True, 'totalReplyCount': 0, 'isPublic': True}",,UCdCZhiy2YKmBDG-EtzO5k8A,2022-10-05T14:06:16Z,Flavio disponibiliza um contato pra mandarmos informações!,,2023-06-08 12:17:04.878153
youtube#commentThread,0CKKcqVQO-WL8sE4hd3j4uXV6ic,Ugyj4tlJ-7U5SG7i7Gl4AaABAg,"{'videoId': 'TFcosl5R3Zo', 'topLevelComment': {'kind': 'youtube#comment', 'etag': 'hkgRXKBQfgZfEzh6v5dRn2WkLRM', 'id': 'Ugyj4tlJ-7U5SG7i7Gl4AaABAg', 'snippet': {'videoId': 'TFcosl5R3Zo', 'textDisplay': 'Obrigada  brasileiros  de bem.  Obrigada  por querer um país justo e honesto. Coerência  no voto. Acorda povo.', 'textOriginal': 'Obrigada  brasileiros  de bem.  Obrigada  por querer um país justo e honesto. Coerência  no voto. Acorda povo.', 'authorDisplayName': 'Elizeti Ulizeti', 'authorProfileImageUrl': 'https://yt3.ggpht.com/ytc/AGIKgqNOpw5UwK5ncB3L9PVg9DV_UFg3xiTLpFX0cQ=s48-c-k-c0x00ffffff-no-rj', 'authorChannelUrl': 'http://www.youtube.com/channel/UCYCNaSk7EQHbG-NhL2PP4Dg', 'authorChannelId': {'value': 'UCYCNaSk7EQHbG-NhL2PP4Dg'}, 'canRate': True, 'viewerRating': 'none', 'likeCount': 3, 'publishedAt': '2022-10-05T14:05:59Z', 'updatedAt': '2022-10-05T14:05:59Z'}}, 'canReply': True, 'totalReplyCount': 1, 'isPublic': True}","{'comments': [{'kind': 'youtube#comment', 'etag': 'uSxkxDQdfXZH1Xo0gjOJrJv8lhc', 'id': 'Ugyj4tlJ-7U5SG7i7Gl4AaABAg.9gnw3enS00x9goc60BgMUq', 'snippet': {'videoId': 'TFcosl5R3Zo', 'textDisplay': 'Justo e honesto pelamor', 'textOriginal': 'Justo e honesto pelamor', 'parentId': 'Ugyj4tlJ-7U5SG7i7Gl4AaABAg', 'authorDisplayName': 'Caroline Estefanie', 'authorProfileImageUrl': 'https://yt3.ggpht.com/ytc/AGIKgqPYwGSY-omc6ZC1yAx04rYo1F1aPfhiODGAFTqV1wJWZ0v5ieaBXmyj8APHuG_L=s48-c-k-c0x00ffffff-no-rj', 'authorChannelUrl': 'http://www.youtube.com/channel/UC_1xlzwTFYXI0mKctQfhseQ', 'authorChannelId': {'value': 'UC_1xlzwTFYXI0mKctQfhseQ'}, 'canRate': True, 'viewerRating': 'none', 'likeCount': 0, 'publishedAt': '2022-10-05T20:30:46Z', 'updatedAt': '2022-10-05T20:30:46Z'}}]}",UCYCNaSk7EQHbG-NhL2PP4Dg,2022-10-05T14:05:59Z,Obrigada  brasileiros  de bem.  Obrigada  por querer um país justo e honesto. Coerência  no voto. Acorda povo.,,2023-06-08 12:17:04.878153
youtube#commentThread,T18MIUJ9sSOof6Y0JcrEQgXjdSg,UgxL63kKXdB6PgcrVTR4AaABAg,"{'videoId': 'TFcosl5R3Zo', 'topLevelComment': {'kind': 'youtube#comment', 'etag': 'eyYr2zFWJZfT_9naAr9U8Gm4ASE', 'id': 'UgxL63kKXdB6PgcrVTR4AaABAg', 'snippet': {'videoId': 'TFcosl5R3Zo', 'textDisplay': 'Sou nordestino e viajo pelo Nordeste tenho certeza que o bolsonaro ganhou no primeiro turno teve apagão de novo aí luladrao pulou na frente com 2 milhões de voto como não sei', 'textOriginal': 'Sou nordestino e viajo pelo Nordeste tenho certeza que o bolsonaro ganhou no primeiro turno teve apagão de novo aí luladrao pulou na frente com 2 milhões de voto como não sei', 'authorDisplayName': 'bragabotafogo', 'authorProfileImageUrl': 'https://yt3.ggpht.com/ytc/AGIKgqPNswjR1Wzhm4oqVRMsZRff6VXwln7BxQh5Rqe2i2UwqlilHAN1CMH466PthLse=s48-c-k-c0x00ffffff-no-rj', 'authorChannelUrl': 'http://www.youtube.com/channel/UCog5SATJzaNRjzaN1ecodjw', 'authorChannelId': {'value': 'UCog5SATJzaNRjzaN1ecodjw'}, 'canRate': True, 'viewerRating': 'none', 'likeCount': 0, 'publishedAt': '2022-10-05T14:04:22Z', 'updatedAt': '2022-10-05T14:04:22Z'}}, 'canReply': True, 'totalReplyCount': 0, 'isPublic': True}",,UCog5SATJzaNRjzaN1ecodjw,2022-10-05T14:04:22Z,Sou nordestino e viajo pelo Nordeste tenho certeza que o bolsonaro ganhou no primeiro turno teve apagão de novo aí luladrao pulou na frente com 2 milhões de voto como não sei,,2023-06-08 12:17:04.878153
youtube#commentThread,yFQNCIPo6iXsD1Ycy4f0YiHVn34,UgzYHTupjrHznRQsvVp4AaABAg,"{'videoId': 'TFcosl5R3Zo', 'topLevelComment': {'kind': 'youtube#comment', 'etag': 'c0VSUN2tNHmHrPXt4imObqKIX4I', 'id': 'UgzYHTupjrHznRQsvVp4AaABAg', 'snippet': {'videoId': 'TFcosl5R3Zo', 'textDisplay': 'É uma luta espiritual. vamos nus pegar à Deus é oral pelo nosso Brasil é nosso querido presidente que nus representa 🙏🙏', 'textOriginal': 'É uma luta espiritual. vamos nus pegar à Deus é oral pelo nosso Brasil é nosso querido presidente que nus representa 🙏🙏', 'authorDisplayName': 'Lucineide Sousa', 'authorProfileImageUrl': 'https://yt3.ggpht.com/ytc/AGIKgqNwHE2aCtFnSqDlkTs_SN0iY0aPqMt8afOS=s48-c-k-c0x00ffffff-no-rj', 'authorChannelUrl': 'http://www.youtube.com/channel/UCN2oO-sHyCrGzEIQDUM_Ffg', 'authorChannelId': {'value': 'UCN2oO-sHyCrGzEIQDUM_Ffg'}, 'canRate': True, 'viewerRating': 'none', 'likeCount': 2, 'publishedAt': '2022-10-05T14:04:16Z', 'updatedAt': '2022-10-05T14:04:16Z'}}, 'canReply': True, 'totalReplyCount': 0, 'isPublic': True}",,UCN2oO-sHyCrGzEIQDUM_Ffg,2022-10-05T14:04:16Z,É uma luta espiritual. vamos nus pegar à Deus é oral pelo nosso Brasil é nosso querido presidente que nus representa 🙏🙏,,2023-06-08 12:17:04.878153
youtube#commentThread,TNEj9x7Fo9o4Ujn5MWq2FxDBNDM,UgzvV6c815KcbpqYNI94AaABAg,"{'videoId': 'TFcosl5R3Zo', 'topLevelComment': {'kind': 'youtube#comment', 'etag': 'LCnqZqLjONCpI7yXsRFvkjQ61KY', 'id': 'UgzvV6c815KcbpqYNI94AaABAg', 'snippet': {'videoId': 'TFcosl5R3Zo', 'textDisplay': 'Será a melhor Vitória de nossas vidas. Brasil acima de tudo Deus acima de todos', 'textOriginal': 'Será a melhor Vitória de nossas vidas. Brasil acima de tudo Deus acima de todos', 'authorDisplayName': 'Marcelo Lopes', 'authorProfileImageUrl': 'https://yt3.ggpht.com/ytc/AGIKgqNJ--_YYZJt2-VzeQii33MyQ-bC1GISg4wSgw=s48-c-k-c0x00ffffff-no-rj', 'authorChannelUrl': 'http://www.youtube.com/channel/UCLBfB9E1ejz5h-Y6bixjU6A', 'authorChannelId': {'value': 'UCLBfB9E1ejz5h-Y6bixjU6A'}, 'canRate': True, 'viewerRating': 'none', 'likeCount': 2, 'publishedAt': '2022-10-05T14:03:56Z', 'updatedAt': '2022-10-05T14:03:56Z'}}, 'canReply': True, 'totalReplyCount': 0, 'isPublic': True}",,UCLBfB9E1ejz5h-Y6bixjU6A,2022-10-05T14:03:56Z,Será a melhor Vitória de nossas vidas. Brasil acima de tudo Deus acima de todos,,2023-06-08 12:17:04.878153
youtube#commentThread,GlQW1t3soDDUa88msBS_yNBP2OI,Ugy4R0VHcKhHJfvlJAN4AaABAg,"{'videoId': 'TFcosl5R3Zo', 'topLevelComment': {'kind': 'youtube#comment', 'etag': 'vNjTIsQh-IYFfBPMKlpXtmmy9ac', 'id': 'Ugy4R0VHcKhHJfvlJAN4AaABAg', 'snippet': {'videoId': 'TFcosl5R3Zo', 'textDisplay': 'Cláudio Castro 🇧🇷', 'textOriginal': 'Cláudio Castro 🇧🇷', 'authorDisplayName': 'Bianca Lopes', 'authorProfileImageUrl': 'https://yt3.ggpht.com/ytc/AGIKgqMZxahh13qAckWlfErMxnUIOxd7I1AZdfG_MA=s48-c-k-c0x00ffffff-no-rj', 'authorChannelUrl': 'http://www.youtube.com/channel/UCRdiMs5qXyftbtdH5uY4oWw', 'authorChannelId': {'value': 'UCRdiMs5qXyftbtdH5uY4oWw'}, 'canRate': True, 'viewerRating': 'none', 'likeCount': 1, 'publishedAt': '2022-10-05T14:02:18Z', 'updatedAt': '2022-10-05T14:02:18Z'}}, 'canReply': True, 'totalReplyCount': 0, 'isPublic': True}",,UCRdiMs5qXyftbtdH5uY4oWw,2022-10-05T14:02:18Z,Cláudio Castro 🇧🇷,,2023-06-08 12:17:04.878153
youtube#commentThread,czBySsS9Xj_I5rqr7NuI0G4kIvo,UgxAzVVinj_8oRUk7Y14AaABAg,"{'videoId': 'TFcosl5R3Zo', 'topLevelComment': {'kind': 'youtube#comment', 'etag': 'CHAUxFa-zX7PS20pHZ5Oyt0PzFE', 'id': 'UgxAzVVinj_8oRUk7Y14AaABAg', 'snippet': {'videoId': 'TFcosl5R3Zo', 'textDisplay': '2️⃣2️⃣🇧🇷🇧🇷🇧🇷🌻🌻🌻🌻🌻🌻🌻🌻🌻🙏🏼', 'textOriginal': '2️⃣2️⃣🇧🇷🇧🇷🇧🇷🌻🌻🌻🌻🌻🌻🌻🌻🌻🙏🏼', 'authorDisplayName': 'Joana Maria Figueira', 'authorProfileImageUrl': 'https://yt3.ggpht.com/ytc/AGIKgqObKZlbB2I0Bm86Yqf4QXeqAdgqiTM1qE-F4w=s48-c-k-c0x00ffffff-no-rj', 'authorChannelUrl': 'http://www.youtube.com/channel/UCLE1MiHaXiPzEiwyTG3DU-g', 'authorChannelId': {'value': 'UCLE1MiHaXiPzEiwyTG3DU-g'}, 'canRate': True, 'viewerRating': 'none', 'likeCount': 0, 'publishedAt': '2022-10-05T14:01:33Z', 'updatedAt': '2022-10-05T14:01:33Z'}}, 'canReply': True, 'totalReplyCount': 0, 'isPublic': True}",,UCLE1MiHaXiPzEiwyTG3DU-g,2022-10-05T14:01:33Z,2️⃣2️⃣🇧🇷🇧🇷🇧🇷🌻🌻🌻🌻🌻🌻🌻🌻🌻🙏🏼,,2023-06-08 12:17:04.878153
youtube#commentThread,DQDvj3KaEoODq18iX7pU9xY-9i8,UgyxPA0jHzxp7FwG97F4AaABAg,"{'videoId': 'TFcosl5R3Zo', 'topLevelComment': {'kind': 'youtube#comment', 'etag': 'JoAfkNlalniPxGUOcBw3hfcCCJg', 'id': 'UgyxPA0jHzxp7FwG97F4AaABAg', 'snippet': {'videoId': 'TFcosl5R3Zo', 'textDisplay': 'E BARRABAS CONTRA O CRISTIANISMO E VC VAI FAZER COMO PILATOS LAVANDO SUAS MÃOS,NÃO FIQUE NESSA POSIÇÃO DE NEUTRALIDADE E COVARDIA NÃO SEJA CUMPLICE DO MAIOR LADRÃO DO MUNDO', 'textOriginal': 'E BARRABAS CONTRA O CRISTIANISMO E VC VAI FAZER COMO PILATOS LAVANDO SUAS MÃOS,NÃO FIQUE NESSA POSIÇÃO DE NEUTRALIDADE E COVARDIA NÃO SEJA CUMPLICE DO MAIOR LADRÃO DO MUNDO', 'authorDisplayName': 'Marcos Antonio Baptista', 'authorProfileImageUrl': 'https://yt3.ggpht.com/ytc/AGIKgqOtgG1jGdpd6JYtwFBkSvfUEP16RV4co5kEvg=s48-c-k-c0x00ffffff-no-rj', 'authorChannelUrl': 'http://www.youtube.com/channel/UCldeQGCfDdnhEGdglqle4gQ', 'authorChannelId': {'value': 'UCldeQGCfDdnhEGdglqle4gQ'}, 'canRate': True, 'viewerRating': 'none', 'likeCount': 0, 'publishedAt': '2022-10-05T13:54:12Z', 'updatedAt': '2022-10-05T13:54:12Z'}}, 'canReply': True, 'totalReplyCount': 0, 'isPublic': True}",,UCldeQGCfDdnhEGdglqle4gQ,2022-10-05T13:54:12Z,"E BARRABAS CONTRA O CRISTIANISMO E VC VAI FAZER COMO PILATOS LAVANDO SUAS MÃOS,NÃO FIQUE NESSA POSIÇÃO DE NEUTRALIDADE E COVARDIA NÃO SEJA CUMPLICE DO MAIOR LADRÃO DO MUNDO",,2023-06-08 12:17:04.878153
youtube#commentThread,KzVRqzSdgaGhvrMz6xxDoG-taxE,UgxS0NTIkkkv7wZ6ydV4AaABAg,"{'videoId': 'TFcosl5R3Zo', 'topLevelComment': {'kind': 'youtube#comment', 'etag': 'm68u4fBmuDKa7sumseVN_hIXvxk', 'id': 'UgxS0NTIkkkv7wZ6ydV4AaABAg', 'snippet': {'videoId': 'TFcosl5R3Zo', 'textDisplay': 'PORRA..TUDO CONVERSA MOLE..O BOLSONARO ESTA FALANDO PARA O PUBLICO QUE JA VOTA NELE..O MESMO ACONTECEU COM TRUMP...OU ELE USSA ESSA MERDA DE BIC E PÕE O EXERCITO PARA TOMAR CONTA DAS ELEIÇÕES E DECRETA ESTADO DE EMERGENCIA OU ENFIA A BIC NO RABO...SOU APOIADOR  VOTO NELE, VOU VOTAR NELE E PEÇO VOTOS, PORRRA PARA DE FALAR PARA NOS......USA A TAL DA BIC.....', 'textOriginal': 'PORRA..TUDO CONVERSA MOLE..O BOLSONARO ESTA FALANDO PARA O PUBLICO QUE JA VOTA NELE..O MESMO ACONTECEU COM TRUMP...OU ELE USSA ESSA MERDA DE BIC E PÕE O EXERCITO PARA TOMAR CONTA DAS ELEIÇÕES E DECRETA ESTADO DE EMERGENCIA OU ENFIA A BIC NO RABO...SOU APOIADOR  VOTO NELE, VOU VOTAR NELE E PEÇO VOTOS, PORRRA PARA DE FALAR PARA NOS......USA A TAL DA BIC.....', 'authorDisplayName': 'Alberto Zappia', 'authorProfileImageUrl': 'https://yt3.ggpht.com/ytc/AGIKgqN4C8WB3_qCQK2mqlXGAhyRSxF2MmaRaSo-mAWP=s48-c-k-c0x00ffffff-no-rj', 'authorChannelUrl': 'http://www.youtube.com/channel/UCtDAk3-gLe_HS6zwSFmWL_w', 'authorChannelId': {'value': 'UCtDAk3-gLe_HS6zwSFmWL_w'}, 'canRate': True, 'viewerRating': 'none', 'likeCount': 0, 'publishedAt': '2022-10-05T13:52:22Z', 'updatedAt': '2022-10-05T13:52:22Z'}}, 'canReply': True, 'totalReplyCount': 0, 'isPublic': True}",,UCtDAk3-gLe_HS6zwSFmWL_w,2022-10-05T13:52:22Z,"PORRA..TUDO CONVERSA MOLE..O BOLSONARO ESTA FALANDO PARA O PUBLICO QUE JA VOTA NELE..O MESMO ACONTECEU COM TRUMP...OU ELE USSA ESSA MERDA DE BIC E PÕE O EXERCITO PARA TOMAR CONTA DAS ELEIÇÕES E DECRETA ESTADO DE EMERGENCIA OU ENFIA A BIC NO RABO...SOU APOIADOR  VOTO NELE, VOU VOTAR NELE E PEÇO VOTOS, PORRRA PARA DE FALAR PARA NOS......USA A TAL DA BIC.....",,2023-06-08 12:17:04.878153
youtube#commentThread,K9AjM-qSGhLNzXmyPK1oV9uFY6A,UgwuFX7aVFRh3e-UouB4AaABAg,"{'videoId': 'TFcosl5R3Zo', 'topLevelComment': {'kind': 'youtube#comment', 'etag': 'z5sgZ3a_4O3lRL3v9UU01wwuHng', 'id': 'UgwuFX7aVFRh3e-UouB4AaABAg', 'snippet': {'videoId': 'TFcosl5R3Zo', 'textDisplay': 'BUSQUEM OS VOTOS DOS INDECISOS....<br>PRECISAMOS NOS MOVER....<br>NAO PODEMOS FICAR SO NAS REDES....<br>BOLSONARO É A ÚLTIMA FRONTEIRA CONTRA O COMUNISMO💪💪💪💪💪💪....', 'textOriginal': 'BUSQUEM OS VOTOS DOS INDECISOS....\\nPRECISAMOS NOS MOVER....\\nNAO PODEMOS FICAR SO NAS REDES....\\nBOLSONARO É A ÚLTIMA FRONTEIRA CONTRA O COMUNISMO💪💪💪💪💪💪....', 'authorDisplayName': 'dione fernandes ribeiro', 'authorProfileImageUrl': 'https://yt3.ggpht.com/ytc/AGIKgqONmESWnhg8gcNZShthFJzOS47Fy-JtSSpXfQ=s48-c-k-c0x00ffffff-no-rj', 'authorChannelUrl': 'http://www.youtube.com/channel/UC66kJHteal85NhPgn8iRouw', 'authorChannelId': {'value': 'UC66kJHteal85NhPgn8iRouw'}, 'canRate': True, 'viewerRating': 'none', 'likeCount': 0, 'publishedAt': '2022-10-05T13:50:00Z', 'updatedAt': '2022-10-05T13:50:00Z'}}, 'canReply': True, 'totalReplyCount': 0, 'isPublic': True}",,UC66kJHteal85NhPgn8iRouw,2022-10-05T13:50:00Z,"BUSQUEM OS VOTOS DOS INDECISOS....
PRECISAMOS NOS MOVER....
NAO PODEMOS FICAR SO NAS REDES....
BOLSONARO É A ÚLTIMA FRONTEIRA CONTRA O COMUNISMO💪💪💪💪💪💪....",,2023-06-08 12:17:04.878153
youtube#commentThread,IzYwtUm2f9YszqIm_jfm2uE__xs,UgzirgjJYSFTQfW5RER4AaABAg,"{'videoId': 'TFcosl5R3Zo', 'topLevelComment': {'kind': 'youtube#comment', 'etag': 'xUIC6y116BvGfQ4lnaCKil27RnU', 'id': 'UgzirgjJYSFTQfW5RER4AaABAg', 'snippet': {'videoId': 'TFcosl5R3Zo', 'textDisplay': 'Flávio,<br>Sejam Abençoados.<br>💥LUZ 💥', 'textOriginal': 'Flávio,\\nSejam Abençoados.\\n💥LUZ 💥', 'authorDisplayName': 'Marcos LUZ', 'authorProfileImageUrl': 'https://yt3.ggpht.com/ytc/AGIKgqPe6K6AHQiCB2WHvyP36xZ6L1obcQ9J6GwlY_WxEg=s48-c-k-c0x00ffffff-no-rj', 'authorChannelUrl': 'http://www.youtube.com/channel/UC9sY3ZBRJyUdkwS-t1RfHhw', 'authorChannelId': {'value': 'UC9sY3ZBRJyUdkwS-t1RfHhw'}, 'canRate': True, 'viewerRating': 'none', 'likeCount': 2, 'publishedAt': '2022-10-05T13:48:44Z', 'updatedAt': '2022-10-05T13:48:44Z'}}, 'canReply': True, 'totalReplyCount': 0, 'isPublic': True}",,UC9sY3ZBRJyUdkwS-t1RfHhw,2022-10-05T13:48:44Z,"Flávio,
Sejam Abençoados.
💥LUZ 💥",,2023-06-08 12:17:04.878153
youtube#commentThread,Eu-jY75ALnHRE71g3-t_xA9ufV8,Ugw9UsIzucnp7oGXpXd4AaABAg,"{'videoId': 'TFcosl5R3Zo', 'topLevelComment': {'kind': 'youtube#comment', 'etag': 'ABJ5QdQg42Ii-fAgClLRORaxJuk', 'id': 'Ugw9UsIzucnp7oGXpXd4AaABAg', 'snippet': {'videoId': 'TFcosl5R3Zo', 'textDisplay': 'Vamos tratorar essa petralhada Avante Brasil', 'textOriginal': 'Vamos tratorar essa petralhada Avante Brasil', 'authorDisplayName': 'acmst Stocker', 'authorProfileImageUrl': 'https://yt3.ggpht.com/ytc/AGIKgqNC21IL51tEILJWoW_Qqg117Hr0JEdNB-p00-o5FA=s48-c-k-c0x00ffffff-no-rj', 'authorChannelUrl': 'http://www.youtube.com/channel/UCkr8ZuYoHpUHKoA63LN4WgA', 'authorChannelId': {'value': 'UCkr8ZuYoHpUHKoA63LN4WgA'}, 'canRate': True, 'viewerRating': 'none', 'likeCount': 1, 'publishedAt': '2022-10-05T13:47:58Z', 'updatedAt': '2022-10-05T13:47:58Z'}}, 'canReply': True, 'totalReplyCount': 0, 'isPublic': True}",,UCkr8ZuYoHpUHKoA63LN4WgA,2022-10-05T13:47:58Z,Vamos tratorar essa petralhada Avante Brasil,,2023-06-08 12:17:04.878153
youtube#commentThread,qNNjAqdRhpbYAr4D_c3JFCVkxIg,UgyURjl_ouVYloE0fSx4AaABAg,"{'videoId': 'TFcosl5R3Zo', 'topLevelComment': {'kind': 'youtube#comment', 'etag': 'Sr4diHIz_fBjjFhcQwy33U21gYg', 'id': 'UgyURjl_ouVYloE0fSx4AaABAg', 'snippet': {'videoId': 'TFcosl5R3Zo', 'textDisplay': 'Deus abençoe grandemente nosso presidente 🇧🇷💓👨\\u200d👩\\u200d👧\\u200d👦🕊️🔥', 'textOriginal': 'Deus abençoe grandemente nosso presidente 🇧🇷💓👨\\u200d👩\\u200d👧\\u200d👦🕊️🔥', 'authorDisplayName': 'Rita De Cassia', 'authorProfileImageUrl': 'https://yt3.ggpht.com/ytc/AGIKgqNs3Br14Vdc0vFyZYwkJ9d3EsXzx1nZDUvjWZ2Agw=s48-c-k-c0x00ffffff-no-rj', 'authorChannelUrl': 'http://www.youtube.com/channel/UCuw6JReAGJf0Raqu7hpVY_Q', 'authorChannelId': {'value': 'UCuw6JReAGJf0Raqu7hpVY_Q'}, 'canRate': True, 'viewerRating': 'none', 'likeCount': 1, 'publishedAt': '2022-10-05T13:47:41Z', 'updatedAt': '2022-10-05T13:47:41Z'}}, 'canReply': True, 'totalReplyCount': 0, 'isPublic': True}",,UCuw6JReAGJf0Raqu7hpVY_Q,2022-10-05T13:47:41Z,Deus abençoe grandemente nosso presidente 🇧🇷💓👨‍👩‍👧‍👦🕊️🔥,,2023-06-08 12:17:04.878153
youtube#commentThread,eV9TZoLSoNb_m38AGPHeRaM9w2M,UgxKwUcpjgmBxfieUW94AaABAg,"{'videoId': 'TFcosl5R3Zo', 'topLevelComment': {'kind': 'youtube#comment', 'etag': 'J481-8v8F86b_aOiZcU2yUcJmjk', 'id': 'UgxKwUcpjgmBxfieUW94AaABAg', 'snippet': {'videoId': 'TFcosl5R3Zo', 'textDisplay': 'Eu oro todos os dias para que uma música nossa estoura 🙏🏼🎼 eu tenho fé, e sei que um dia vai chegar o dia😭😭🙏🏾😭🚀!!', 'textOriginal': 'Eu oro todos os dias para que uma música nossa estoura 🙏🏼🎼 eu tenho fé, e sei que um dia vai chegar o dia😭😭🙏🏾😭🚀!!', 'authorDisplayName': 'Jânio & Janil', 'authorProfileImageUrl': 'https://yt3.ggpht.com/h5eq0A3r7B8HOM2W5-pTso1AHi9_z1gZoNjFfW-jS42SUazALMI8pTAvuGuC983rqm3frJlwSA=s48-c-k-c0x00ffffff-no-rj', 'authorChannelUrl': 'http://www.youtube.com/channel/UCgds2W1bUp2HjJ7prdrGMkQ', 'authorChannelId': {'value': 'UCgds2W1bUp2HjJ7prdrGMkQ'}, 'canRate': True, 'viewerRating': 'none', 'likeCount': 9, 'publishedAt': '2022-10-05T13:45:17Z', 'updatedAt': '2022-10-05T13:45:17Z'}}, 'canReply': True, 'totalReplyCount': 0, 'isPublic': True}",,UCgds2W1bUp2HjJ7prdrGMkQ,2022-10-05T13:45:17Z,"Eu oro todos os dias para que uma música nossa estoura 🙏🏼🎼 eu tenho fé, e sei que um dia vai chegar o dia😭😭🙏🏾😭🚀!!",,2023-06-08 12:17:04.878153
