kind,etag,id,snippet,replies,authorChannelId,publishedAt,textOriginal,nextPageToken,extraction_date
youtube#commentThread,5eju810DfKCd6oTxluibrgMgSqI,Ugwj6tX5HbR7La0co094AaABAg,"{'videoId': '5Q73TeeVlsc', 'topLevelComment': {'kind': 'youtube#comment', 'etag': 'RaZHthN8EyM2_vaSn4q3-o1PghE', 'id': 'Ugwj6tX5HbR7La0co094AaABAg', 'snippet': {'videoId': '5Q73TeeVlsc', 'textDisplay': 'No link abaixo, matéria sobre o assunto. Várias matérias na TV desde 2015 sobre o assunto. Não é possível que ninguém nunca soube disso,', 'textOriginal': 'No link abaixo, matéria sobre o assunto. Várias matérias na TV desde 2015 sobre o assunto. Não é possível que ninguém nunca soube disso,', 'authorDisplayName': 'anitabueno52', 'authorProfileImageUrl': 'https://yt3.ggpht.com/ytc/AGIKgqOEG-YV4ljFQrYkWHBkAJy9Pginf368QLQiRw=s48-c-k-c0x00ffffff-no-rj', 'authorChannelUrl': 'http://www.youtube.com/channel/UCLM1PPZLgWdcGCbRY3p3KTg', 'authorChannelId': {'value': 'UCLM1PPZLgWdcGCbRY3p3KTg'}, 'canRate': True, 'viewerRating': 'none', 'likeCount': 0, 'publishedAt': '2022-10-22T23:55:40Z', 'updatedAt': '2022-10-22T23:59:56Z'}}, 'canReply': True, 'totalReplyCount': 0, 'isPublic': True}",,UCLM1PPZLgWdcGCbRY3p3KTg,2022-10-22T23:55:40Z,"No link abaixo, matéria sobre o assunto. Várias matérias na TV desde 2015 sobre o assunto. Não é possível que ninguém nunca soube disso,",,2023-06-08 02:56:26.842933
youtube#commentThread,u2eb9GwPdQjr4CKokEVCNkvDy8o,UgzM-4hQdPCoaFKm7qV4AaABAg,"{'videoId': '5Q73TeeVlsc', 'topLevelComment': {'kind': 'youtube#comment', 'etag': 'Vw3YgHWZB-SoF4vDCq9VOPNKvcw', 'id': 'UgzM-4hQdPCoaFKm7qV4AaABAg', 'snippet': {'videoId': '5Q73TeeVlsc', 'textDisplay': '<a href=""https://youtu.be/QRf2eqW8m9Q"">https://youtu.be/QRf2eqW8m9Q</a>', 'textOriginal': 'https://youtu.be/QRf2eqW8m9Q', 'authorDisplayName': 'anitabueno52', 'authorProfileImageUrl': 'https://yt3.ggpht.com/ytc/AGIKgqOEG-YV4ljFQrYkWHBkAJy9Pginf368QLQiRw=s48-c-k-c0x00ffffff-no-rj', 'authorChannelUrl': 'http://www.youtube.com/channel/UCLM1PPZLgWdcGCbRY3p3KTg', 'authorChannelId': {'value': 'UCLM1PPZLgWdcGCbRY3p3KTg'}, 'canRate': True, 'viewerRating': 'none', 'likeCount': 0, 'publishedAt': '2022-10-22T23:54:05Z', 'updatedAt': '2022-10-22T23:54:05Z'}}, 'canReply': True, 'totalReplyCount': 0, 'isPublic': True}",,UCLM1PPZLgWdcGCbRY3p3KTg,2022-10-22T23:54:05Z,https://youtu.be/QRf2eqW8m9Q,,2023-06-08 02:56:26.842933
youtube#commentThread,7T-GqnrFCiMzCdgvmFgCh4uMZBk,UgweuMd3uU5hS1mf5dh4AaABAg,"{'videoId': '5Q73TeeVlsc', 'topLevelComment': {'kind': 'youtube#comment', 'etag': '_l8lypORuosek_JSM7NlvpDKdIU', 'id': 'UgweuMd3uU5hS1mf5dh4AaABAg', 'snippet': {'videoId': '5Q73TeeVlsc', 'textDisplay': 'Enfim todos acham ela maluca, mais ela não mentiu sobre isso, trabalho com provas e realmente é triste ver crianças passando por isso,  vi o vídeo e fiquei indignada, e li os comentários e vejo que  muitos não procuram saber se é verdade ou não. É uma causa séria.', 'textOriginal': 'Enfim todos acham ela maluca, mais ela não mentiu sobre isso, trabalho com provas e realmente é triste ver crianças passando por isso,  vi o vídeo e fiquei indignada, e li os comentários e vejo que  muitos não procuram saber se é verdade ou não. É uma causa séria.', 'authorDisplayName': 'Gilssara Faria', 'authorProfileImageUrl': 'https://yt3.ggpht.com/ytc/AGIKgqOGfXk10g_oOSaxVpy9rdW6k79wvcbBTDLwxlGjwdJnxjRUI5KlKkUdlqSxXPph=s48-c-k-c0x00ffffff-no-rj', 'authorChannelUrl': 'http://www.youtube.com/channel/UCoytecEw5euy58nGKQyZpaw', 'authorChannelId': {'value': 'UCoytecEw5euy58nGKQyZpaw'}, 'canRate': True, 'viewerRating': 'none', 'likeCount': 0, 'publishedAt': '2022-10-20T15:34:09Z', 'updatedAt': '2022-10-20T15:34:09Z'}}, 'canReply': True, 'totalReplyCount': 0, 'isPublic': True}",,UCoytecEw5euy58nGKQyZpaw,2022-10-20T15:34:09Z,"Enfim todos acham ela maluca, mais ela não mentiu sobre isso, trabalho com provas e realmente é triste ver crianças passando por isso,  vi o vídeo e fiquei indignada, e li os comentários e vejo que  muitos não procuram saber se é verdade ou não. É uma causa séria.",,2023-06-08 02:56:26.842933
youtube#commentThread,XvPmybdyweHZ2BG-7Geaao49QMk,UgxEqYQl0neuvIzjr-J4AaABAg,"{'videoId': '5Q73TeeVlsc', 'topLevelComment': {'kind': 'youtube#comment', 'etag': 'L5tJ0hE29ZAi4RBuXidKQIOrqj8', 'id': 'UgxEqYQl0neuvIzjr-J4AaABAg', 'snippet': {'videoId': '5Q73TeeVlsc', 'textDisplay': 'Damares e bonsonaro era pra ser casados,os dois dão certo 🤡🤡🤡🤡🤡🤡🤡🤡🤡🤡', 'textOriginal': 'Damares e bonsonaro era pra ser casados,os dois dão certo 🤡🤡🤡🤡🤡🤡🤡🤡🤡🤡', 'authorDisplayName': 'Raimunda de Sousa Dutra', 'authorProfileImageUrl': 'https://yt3.ggpht.com/ytc/AGIKgqNG3u2n3_ZVoq83QRulThvvnEBQuKM2MJYOiA=s48-c-k-c0x00ffffff-no-rj', 'authorChannelUrl': 'http://www.youtube.com/channel/UCNkFkiJmJTpm_hkj1G0eksQ', 'authorChannelId': {'value': 'UCNkFkiJmJTpm_hkj1G0eksQ'}, 'canRate': True, 'viewerRating': 'none', 'likeCount': 0, 'publishedAt': '2022-10-19T23:39:25Z', 'updatedAt': '2022-10-19T23:39:25Z'}}, 'canReply': True, 'totalReplyCount': 0, 'isPublic': True}",,UCNkFkiJmJTpm_hkj1G0eksQ,2022-10-19T23:39:25Z,"Damares e bonsonaro era pra ser casados,os dois dão certo 🤡🤡🤡🤡🤡🤡🤡🤡🤡🤡",,2023-06-08 02:56:26.842933
youtube#commentThread,L334OypLr-HB_tfg6SM2ZQJmlgs,UgzqniQyBNgE3bmk8yx4AaABAg,"{'videoId': '5Q73TeeVlsc', 'topLevelComment': {'kind': 'youtube#comment', 'etag': 'X18MUcHjnUBKK26FVwDPOcn51lA', 'id': 'UgzqniQyBNgE3bmk8yx4AaABAg', 'snippet': {'videoId': '5Q73TeeVlsc', 'textDisplay': 'Essa mulher nem deveria ocupar cargo público.', 'textOriginal': 'Essa mulher nem deveria ocupar cargo público.', 'authorDisplayName': 'TCHUTCHUCA DO CENTRÃO', 'authorProfileImageUrl': 'https://yt3.ggpht.com/BcWd-wBZaETJc7wMlGq23Nc-rVcNIchuf1a-FtjSVdehMyPyBxotyhKdd5y8Yplv9qncLrUTpw=s48-c-k-c0x00ffffff-no-rj', 'authorChannelUrl': 'http://www.youtube.com/channel/UC-ahGpX1-kY_I-_KMsktWgg', 'authorChannelId': {'value': 'UC-ahGpX1-kY_I-_KMsktWgg'}, 'canRate': True, 'viewerRating': 'none', 'likeCount': 1, 'publishedAt': '2022-10-19T16:31:41Z', 'updatedAt': '2022-10-19T16:31:41Z'}}, 'canReply': True, 'totalReplyCount': 0, 'isPublic': True}",,UC-ahGpX1-kY_I-_KMsktWgg,2022-10-19T16:31:41Z,Essa mulher nem deveria ocupar cargo público.,,2023-06-08 02:56:26.842933
youtube#commentThread,5awq1VtM8YkJ6bGaRf2Y-iJ7RWY,Ugzyjhh6SdgrusBeE4l4AaABAg,"{'videoId': '5Q73TeeVlsc', 'topLevelComment': {'kind': 'youtube#comment', 'etag': 'lXheSUCo7wKzXJhYXrL6NksPtxk', 'id': 'Ugzyjhh6SdgrusBeE4l4AaABAg', 'snippet': {'videoId': '5Q73TeeVlsc', 'textDisplay': 'Assistindo esse vídeo entendo porque em 2004 na CPI do tráfico de órgãos de crianças e adultos, todos os médicos condenados já foram soltos. Consegue imaginar o que fizeram com essas crianças antes de retirarem seus órgãos ???? 😭😭😭😭😭', 'textOriginal': 'Assistindo esse vídeo entendo porque em 2004 na CPI do tráfico de órgãos de crianças e adultos, todos os médicos condenados já foram soltos. Consegue imaginar o que fizeram com essas crianças antes de retirarem seus órgãos ???? 😭😭😭😭😭', 'authorDisplayName': 'atena aparecida', 'authorProfileImageUrl': 'https://yt3.ggpht.com/ytc/AGIKgqOu9b9nTSG8MZzxMGavS3of5FJI8W-eR6rhoNCeuTZA1DDUYT-T839YFkyyjq1y=s48-c-k-c0x00ffffff-no-rj', 'authorChannelUrl': 'http://www.youtube.com/channel/UCaIhQfHwyqkyL6h4Jnht3Sg', 'authorChannelId': {'value': 'UCaIhQfHwyqkyL6h4Jnht3Sg'}, 'canRate': True, 'viewerRating': 'none', 'likeCount': 2, 'publishedAt': '2022-10-19T14:44:21Z', 'updatedAt': '2022-10-19T14:44:21Z'}}, 'canReply': True, 'totalReplyCount': 0, 'isPublic': True}",,UCaIhQfHwyqkyL6h4Jnht3Sg,2022-10-19T14:44:21Z,"Assistindo esse vídeo entendo porque em 2004 na CPI do tráfico de órgãos de crianças e adultos, todos os médicos condenados já foram soltos. Consegue imaginar o que fizeram com essas crianças antes de retirarem seus órgãos ???? 😭😭😭😭😭",,2023-06-08 02:56:26.842933
youtube#commentThread,YCQa2bUnTV2-twRqLfrPdnJPwbs,UgxU6G8nVo1uQBh6idl4AaABAg,"{'videoId': '5Q73TeeVlsc', 'topLevelComment': {'kind': 'youtube#comment', 'etag': 'hGRwdlOTY9H5AZoLJjU5oQOlDX0', 'id': 'UgxU6G8nVo1uQBh6idl4AaABAg', 'snippet': {'videoId': '5Q73TeeVlsc', 'textDisplay': 'só os despertos sabem que isso envolve os poderosos lá de fora<br>e é tudo feito por baixo do pano.<br>por isso só a Damares falou sobre <br>eles podem ter comprado pessoas no Brasil para esconder as investigaços. nunca acredite nessa nossa policia nos nossos represestantes eles são apenas fantoxes dos Senhores do Mundo <br>illuminates os queira chamar do que quiser.', 'textOriginal': 'só os despertos sabem que isso envolve os poderosos lá de fora\\ne é tudo feito por baixo do pano.\\npor isso só a Damares falou sobre \\neles podem ter comprado pessoas no Brasil para esconder as investigaços. nunca acredite nessa nossa policia nos nossos represestantes eles são apenas fantoxes dos Senhores do Mundo \\nilluminates os queira chamar do que quiser.', 'authorDisplayName': 'Tonho Miranda tonho', 'authorProfileImageUrl': 'https://yt3.ggpht.com/ytc/AGIKgqOjIo1fNPTQuge9kcY5skLLx1fb5-X51yQEO7Tt6w=s48-c-k-c0x00ffffff-no-rj', 'authorChannelUrl': 'http://www.youtube.com/channel/UCWLVgiOmVxxa3ow3a3Vjlyg', 'authorChannelId': {'value': 'UCWLVgiOmVxxa3ow3a3Vjlyg'}, 'canRate': True, 'viewerRating': 'none', 'likeCount': 0, 'publishedAt': '2022-10-19T10:18:37Z', 'updatedAt': '2022-10-19T10:18:37Z'}}, 'canReply': True, 'totalReplyCount': 0, 'isPublic': True}",,UCWLVgiOmVxxa3ow3a3Vjlyg,2022-10-19T10:18:37Z,"só os despertos sabem que isso envolve os poderosos lá de fora
e é tudo feito por baixo do pano.
por isso só a Damares falou sobre 
eles podem ter comprado pessoas no Brasil para esconder as investigaços. nunca acredite nessa nossa policia nos nossos represestantes eles são apenas fantoxes dos Senhores do Mundo 
illuminates os queira chamar do que quiser.",,2023-06-08 02:56:26.842933
youtube#commentThread,EJeataF6Dw3wVaN_dtgQ_gvlT0w,UgxBLQoM64zQPxofL1V4AaABAg,"{'videoId': '5Q73TeeVlsc', 'topLevelComment': {'kind': 'youtube#comment', 'etag': 'zi2bH1BMmWPeTZSpPZ6RgUSY3fw', 'id': 'UgxBLQoM64zQPxofL1V4AaABAg', 'snippet': {'videoId': '5Q73TeeVlsc', 'textDisplay': 'ou vocês estao muito desinformados ou é querer achar que essa grande e inteligente mulher está maluca.<br>porfavor gente, esses crimes terriveis que ela trouxe  a tona é a mais triste verdade escondida é o que acontece no Mercado Negro! <br>o Trafico de crinças sim. trafico de orgãos e muitas coisas horendas <br>eu estou preocupado com a Damares por ela ter se levantado contra isso.<br>e vcs querem acreditar que está tudo bem acreditando nessa policia <br>na porra desse sistema que é ate cumplice! Porfavor vão pesquisar sobre, ela só esta indo contra o sistema contra o acobertamto dos crimes pois isso envolve o lado mais oculto e podre dos ricos que praticam esses abusos. mas um dia a casa cai nunca ache que essas investigaçoens do Brasil vão chegar a alguma coisa', 'textOriginal': 'ou vocês estao muito desinformados ou é querer achar que essa grande e inteligente mulher está maluca.\\nporfavor gente, esses crimes terriveis que ela trouxe  a tona é a mais triste verdade escondida é o que acontece no Mercado Negro! \\no Trafico de crinças sim. trafico de orgãos e muitas coisas horendas \\neu estou preocupado com a Damares por ela ter se levantado contra isso.\\ne vcs querem acreditar que está tudo bem acreditando nessa policia \\nna porra desse sistema que é ate cumplice! Porfavor vão pesquisar sobre, ela só esta indo contra o sistema contra o acobertamto dos crimes pois isso envolve o lado mais oculto e podre dos ricos que praticam esses abusos. mas um dia a casa cai nunca ache que essas investigaçoens do Brasil vão chegar a alguma coisa', 'authorDisplayName': 'Tonho Miranda tonho', 'authorProfileImageUrl': 'https://yt3.ggpht.com/ytc/AGIKgqOjIo1fNPTQuge9kcY5skLLx1fb5-X51yQEO7Tt6w=s48-c-k-c0x00ffffff-no-rj', 'authorChannelUrl': 'http://www.youtube.com/channel/UCWLVgiOmVxxa3ow3a3Vjlyg', 'authorChannelId': {'value': 'UCWLVgiOmVxxa3ow3a3Vjlyg'}, 'canRate': True, 'viewerRating': 'none', 'likeCount': 0, 'publishedAt': '2022-10-19T10:04:43Z', 'updatedAt': '2022-10-19T10:04:43Z'}}, 'canReply': True, 'totalReplyCount': 0, 'isPublic': True}",,UCWLVgiOmVxxa3ow3a3Vjlyg,2022-10-19T10:04:43Z,"ou vocês estao muito desinformados ou é querer achar que essa grande e inteligente mulher está maluca.
porfavor gente, esses crimes terriveis que ela trouxe  a tona é a mais triste verdade escondida é o que acontece no Mercado Negro! 
o Trafico de crinças sim. trafico de orgãos e muitas coisas horendas 
eu estou preocupado com a Damares por ela ter se levantado contra isso.
e vcs querem acreditar que está tudo bem acreditando nessa policia 
na porra desse sistema que é ate cumplice! Porfavor vão pesquisar sobre, ela só esta indo contra o sistema contra o acobertamto dos crimes pois isso envolve o lado mais oculto e podre dos ricos que praticam esses abusos. mas um dia a casa cai nunca ache que essas investigaçoens do Brasil vão chegar a alguma coisa",,2023-06-08 02:56:26.842933
youtube#commentThread,iYu_9Xmu_QJXNv-13uL15nE_8AY,UgxTyEFCFIz9tWBztAt4AaABAg,"{'videoId': '5Q73TeeVlsc', 'topLevelComment': {'kind': 'youtube#comment', 'etag': 'dUCftAy28j0H1XJKByoRc4f3Oos', 'id': 'UgxTyEFCFIz9tWBztAt4AaABAg', 'snippet': {'videoId': '5Q73TeeVlsc', 'textDisplay': 'Convite aí é brincadeira.', 'textOriginal': 'Convite aí é brincadeira.', 'authorDisplayName': '13razuca "":)', 'authorProfileImageUrl': 'https://yt3.ggpht.com/cEIPv3-I-en3vZitKZ0lN2ojSHb1LQrypdYCLiq3N61viYQxH50b2KkPQ94qQDjqrWFYzACZe8Q=s48-c-k-c0x00ffffff-no-rj', 'authorChannelUrl': 'http://www.youtube.com/channel/UC8R7Udr7SQzkYJwTuo08OeQ', 'authorChannelId': {'value': 'UC8R7Udr7SQzkYJwTuo08OeQ'}, 'canRate': True, 'viewerRating': 'none', 'likeCount': 1, 'publishedAt': '2022-10-19T02:07:28Z', 'updatedAt': '2022-10-19T02:07:28Z'}}, 'canReply': True, 'totalReplyCount': 0, 'isPublic': True}",,UC8R7Udr7SQzkYJwTuo08OeQ,2022-10-19T02:07:28Z,Convite aí é brincadeira.,,2023-06-08 02:56:26.842933
youtube#commentThread,bqZhgot4GHu-Wc7apQixDZYCSEI,UgzwuKPM77Jv6BQ_EWt4AaABAg,"{'videoId': '5Q73TeeVlsc', 'topLevelComment': {'kind': 'youtube#comment', 'etag': '5Eqkb8R0NEH_pm6kmM5w0_WqpWw', 'id': 'UgzwuKPM77Jv6BQ_EWt4AaABAg', 'snippet': {'videoId': '5Q73TeeVlsc', 'textDisplay': 'Esse povo Cristão do governo tem FEITICHE POR CRIME SEXUAL!', 'textOriginal': 'Esse povo Cristão do governo tem FEITICHE POR CRIME SEXUAL!', 'authorDisplayName': 'Silvana Galvao', 'authorProfileImageUrl': 'https://yt3.ggpht.com/ytc/AGIKgqP246Pzu2K3psUlZu-WugdfH-5HnSPywtxo0Q=s48-c-k-c0x00ffffff-no-rj', 'authorChannelUrl': 'http://www.youtube.com/channel/UCrUAw_1mq2Bpr-WffGRhjTw', 'authorChannelId': {'value': 'UCrUAw_1mq2Bpr-WffGRhjTw'}, 'canRate': True, 'viewerRating': 'none', 'likeCount': 1, 'publishedAt': '2022-10-19T01:10:22Z', 'updatedAt': '2022-10-19T01:10:22Z'}}, 'canReply': True, 'totalReplyCount': 0, 'isPublic': True}",,UCrUAw_1mq2Bpr-WffGRhjTw,2022-10-19T01:10:22Z,Esse povo Cristão do governo tem FEITICHE POR CRIME SEXUAL!,,2023-06-08 02:56:26.842933
youtube#commentThread,QC-ySSjQF6UNf2m-tDcD_hIfL-Y,UgxWoAtyjpBTepT4Cs94AaABAg,"{'videoId': '5Q73TeeVlsc', 'topLevelComment': {'kind': 'youtube#comment', 'etag': 'z_HInxsqAiYVz_3qOi2o-M0okRU', 'id': 'UgxWoAtyjpBTepT4Cs94AaABAg', 'snippet': {'videoId': '5Q73TeeVlsc', 'textDisplay': 'Loba velha', 'textOriginal': 'Loba velha', 'authorDisplayName': 'Ione Santana', 'authorProfileImageUrl': 'https://yt3.ggpht.com/ytc/AGIKgqMY7B1doX45fDoHWpBCawU0j2PJLPszas24ng=s48-c-k-c0x00ffffff-no-rj', 'authorChannelUrl': 'http://www.youtube.com/channel/UChXSGCG5c1bdSbjd57cBVvQ', 'authorChannelId': {'value': 'UChXSGCG5c1bdSbjd57cBVvQ'}, 'canRate': True, 'viewerRating': 'none', 'likeCount': 0, 'publishedAt': '2022-10-19T00:45:00Z', 'updatedAt': '2022-10-19T00:45:00Z'}}, 'canReply': True, 'totalReplyCount': 0, 'isPublic': True}",,UChXSGCG5c1bdSbjd57cBVvQ,2022-10-19T00:45:00Z,Loba velha,,2023-06-08 02:56:26.842933
youtube#commentThread,fhOXlOIvuK6itbVPXEiITn7VAWA,UgyEBPW72anxW_5Fz6Z4AaABAg,"{'videoId': '5Q73TeeVlsc', 'topLevelComment': {'kind': 'youtube#comment', 'etag': 'F-5Y7dSEemExdY81A5adysf134I', 'id': 'UgyEBPW72anxW_5Fz6Z4AaABAg', 'snippet': {'videoId': '5Q73TeeVlsc', 'textDisplay': 'Esse bonde do pedófilo só apronta ....kkkkkkk', 'textOriginal': 'Esse bonde do pedófilo só apronta ....kkkkkkk', 'authorDisplayName': 'Aldrei Elli Araújo de Barbosa', 'authorProfileImageUrl': 'https://yt3.ggpht.com/ytc/AGIKgqMQG23cx3xETFC-FfyPwxU8k6S_m-pa0jpU5A1lbBhmoBAgnq7pw2YIp4cBfqYP=s48-c-k-c0x00ffffff-no-rj', 'authorChannelUrl': 'http://www.youtube.com/channel/UCubB3FmriAC7RLyOUyAIOBA', 'authorChannelId': {'value': 'UCubB3FmriAC7RLyOUyAIOBA'}, 'canRate': True, 'viewerRating': 'none', 'likeCount': 0, 'publishedAt': '2022-10-18T22:15:11Z', 'updatedAt': '2022-10-18T22:15:11Z'}}, 'canReply': True, 'totalReplyCount': 0, 'isPublic': True}",,UCubB3FmriAC7RLyOUyAIOBA,2022-10-18T22:15:11Z,Esse bonde do pedófilo só apronta ....kkkkkkk,,2023-06-08 02:56:26.842933
youtube#commentThread,mzQ7q2e7ntq4SpRcFLdIFnuyVgo,UgwHV1aoZqijcoAHhpd4AaABAg,"{'videoId': '5Q73TeeVlsc', 'topLevelComment': {'kind': 'youtube#comment', 'etag': '2ACC5u0Q-r-9sYrngzr4cl-a800', 'id': 'UgwHV1aoZqijcoAHhpd4AaABAg', 'snippet': {'videoId': '5Q73TeeVlsc', 'textDisplay': '<b><i>*Likes!!! Nem mesmo é preciso ser profissional da saúde para perceber que a MENTIROSA Doida Mares Alucinalves é dependente de drogas pesadas para o gado brochanarista. Quando essa tranqueira não está fumando capim, ela está cheirando cloroquina.</i></b>*', 'textOriginal': '*_*Likes!!! Nem mesmo é preciso ser profissional da saúde para perceber que a MENTIROSA Doida Mares Alucinalves é dependente de drogas pesadas para o gado brochanarista. Quando essa tranqueira não está fumando capim, ela está cheirando cloroquina._**', 'authorDisplayName': 'Élice Fernando de Melo', 'authorProfileImageUrl': 'https://yt3.ggpht.com/ytc/AGIKgqNMwVjztxRGLXl9N5jeRjFTum1TIZg7nRZxeQ=s48-c-k-c0x00ffffff-no-rj', 'authorChannelUrl': 'http://www.youtube.com/channel/UC5CzLk5UPG-yR9V1utLoiPA', 'authorChannelId': {'value': 'UC5CzLk5UPG-yR9V1utLoiPA'}, 'canRate': True, 'viewerRating': 'none', 'likeCount': 1, 'publishedAt': '2022-10-18T22:02:53Z', 'updatedAt': '2022-10-18T22:02:53Z'}}, 'canReply': True, 'totalReplyCount': 0, 'isPublic': True}",,UC5CzLk5UPG-yR9V1utLoiPA,2022-10-18T22:02:53Z,"*_*Likes!!! Nem mesmo é preciso ser profissional da saúde para perceber que a MENTIROSA Doida Mares Alucinalves é dependente de drogas pesadas para o gado brochanarista. Quando essa tranqueira não está fumando capim, ela está cheirando cloroquina._**",,2023-06-08 02:56:26.842933
youtube#commentThread,eosd9_H_7a1xJskAs1oFWHOFHMw,Ugxk7VAB2fzdFxhw4yl4AaABAg,"{'videoId': '5Q73TeeVlsc', 'topLevelComment': {'kind': 'youtube#comment', 'etag': 'Pqr_-MigdqCUbT4xvmruhcVDJFc', 'id': 'Ugxk7VAB2fzdFxhw4yl4AaABAg', 'snippet': {'videoId': '5Q73TeeVlsc', 'textDisplay': 'Essa mulher é muito doente, como pode ficar inventando esses tipos de coisas... <br> E ainda tem animal que acredita', 'textOriginal': 'Essa mulher é muito doente, como pode ficar inventando esses tipos de coisas... \\n E ainda tem animal que acredita', 'authorDisplayName': 'Gustavo Lima', 'authorProfileImageUrl': 'https://yt3.ggpht.com/ytc/AGIKgqNAxTTAI0o1maShPYVIQRLhz_IM8RKIGMigKw=s48-c-k-c0x00ffffff-no-rj', 'authorChannelUrl': 'http://www.youtube.com/channel/UC0kmNqXqm-X2XncLpg45emg', 'authorChannelId': {'value': 'UC0kmNqXqm-X2XncLpg45emg'}, 'canRate': True, 'viewerRating': 'none', 'likeCount': 7, 'publishedAt': '2022-10-18T21:57:45Z', 'updatedAt': '2022-10-18T21:57:45Z'}}, 'canReply': True, 'totalReplyCount': 2, 'isPublic': True}","{'comments': [{'kind': 'youtube#comment', 'etag': '39tXKVy4w674bgkXf9Y4jcdqMc0', 'id': 'Ugxk7VAB2fzdFxhw4yl4AaABAg.9hLFOPQopZ69hOR5mfBQBr', 'snippet': {'videoId': '5Q73TeeVlsc', 'textDisplay': '@Maria Alves cadê as provas ?! <br>É como eu disse tem animal que acredita', 'textOriginal': '@Maria Alves cadê as provas ?! \\nÉ como eu disse tem animal que acredita', 'parentId': 'Ugxk7VAB2fzdFxhw4yl4AaABAg', 'authorDisplayName': 'Gustavo Lima', 'authorProfileImageUrl': 'https://yt3.ggpht.com/ytc/AGIKgqNAxTTAI0o1maShPYVIQRLhz_IM8RKIGMigKw=s48-c-k-c0x00ffffff-no-rj', 'authorChannelUrl': 'http://www.youtube.com/channel/UC0kmNqXqm-X2XncLpg45emg', 'authorChannelId': {'value': 'UC0kmNqXqm-X2XncLpg45emg'}, 'canRate': True, 'viewerRating': 'none', 'likeCount': 0, 'publishedAt': '2022-10-20T03:37:47Z', 'updatedAt': '2022-10-20T03:37:47Z'}}, {'kind': 'youtube#comment', 'etag': '3OPJdWME2UtZKsLwsmEe1jZwgcE', 'id': 'Ugxk7VAB2fzdFxhw4yl4AaABAg.9hLFOPQopZ69hOQThDr4T0', 'snippet': {'videoId': '5Q73TeeVlsc', 'textDisplay': 'e não minha filha vc que prefere não enxergar ,talvez seja melhor assim ne?,fingir e fugir', 'textOriginal': 'e não minha filha vc que prefere não enxergar ,talvez seja melhor assim ne?,fingir e fugir', 'parentId': 'Ugxk7VAB2fzdFxhw4yl4AaABAg', 'authorDisplayName': 'Maria Alves', 'authorProfileImageUrl': 'https://yt3.ggpht.com/ytc/AGIKgqNbv4IzIR5vop4DwE-hnLQJbDUK85gDbK5I4l7eI0RHLeqh6DdXku5wJJ4OSyaH=s48-c-k-c0x00ffffff-no-rj', 'authorChannelUrl': 'http://www.youtube.com/channel/UC8uWxxHTUxYE_0tkjPew7iw', 'authorChannelId': {'value': 'UC8uWxxHTUxYE_0tkjPew7iw'}, 'canRate': True, 'viewerRating': 'none', 'likeCount': 0, 'publishedAt': '2022-10-20T03:32:19Z', 'updatedAt': '2022-10-20T03:32:19Z'}}]}",UC0kmNqXqm-X2XncLpg45emg,2022-10-18T21:57:45Z,"Essa mulher é muito doente, como pode ficar inventando esses tipos de coisas... 
 E ainda tem animal que acredita",,2023-06-08 02:56:26.842933
youtube#commentThread,v-iq0anjV3OyfmJUFmGLC8HIaHI,UgyVLLUpl-mAfoRZ1VF4AaABAg,"{'videoId': '5Q73TeeVlsc', 'topLevelComment': {'kind': 'youtube#comment', 'etag': 'h8r4zcNbczfXT9isvCDLyE412go', 'id': 'UgyVLLUpl-mAfoRZ1VF4AaABAg', 'snippet': {'videoId': '5Q73TeeVlsc', 'textDisplay': 'ATENCAO PATRIOTAS!! ORIENTACOES PARA COMBATER FAKE NEWS DO PT:\\r<br>NAO VAMOS CONFIAR EM SERGIO MORO\\r<br>SERGIO MORO QUER ASSUMIR O LUGAR DE DITADOR NO LUGAR DO PRESIDENTE BOLSONARO.\\r<br>EX-JUIZ TRAIDOR VAI SER SEMPRE UM EX-JUIZ TRAIDOR. \\r<br>NAO VAMOS CONFIAR EM SERGIO MORO.\\r<br>ELE QUER TOMAR O LUGAR DO MITO E ASSUMIR O COMANDO DA EXTREMA-DIREITA.\\r<br>TEMOS QUE FICAR MUITO ATENTO COM TRAIDORES.\\r<br>\\r<br>BOLSONARO NAO DISSE &quot;PINTOU UM CLIMA&quot; NO SENTIDO SEXUAL.\\r<br>BOLSONARO NAO FOI PEDOFILO. O PT TIROU A FRASE DE CONTEXTO. \\r<br>O PRESIDENTE DISSE &quot;PINTOU O CLIMA&quot; SE REFERINDO QUE &quot;PINTOU UM CLIMA ESTRANHO&quot;\\r<br>&quot;PINTOU UM CLIMA DE COMUNISMO&quot;\\r<br>\\r<br>VENEZUELANOS, NORDESTINOS E FAVELADOS NAO PRESTAM !!!\\r<br>O BRASIL NAO PRECISA DE VENEZUELANOS, NORDESTINOS E FAVELADOS !!!\\r<br>O BRASIL PRECISA DE CIDADAOS DE BEM !!!\\r<br>\\r<br>OUTRA COISA, DICAS DE ECONOMIA:\\r<br>ABASTECAM O CARRO DIA 29 DE NOVEMBRO. O COMBUSTIVEL DEVE SUBIR EM NOVEMBRO.\\r<br>E QUEM TIVER INVESTIMENTO NA BOLSA DE VALORES MIGREM PARA A RENDA FIXA.\\r<br>A ECONOMIA JA ESTA DANDO SINAIS DE BAIXO CRESCIMENTO DEVIDO AS ELEICOES.\\r<br>EM 2023 O BRASIL NAO VAI CRESCER NADA.', 'textOriginal': 'ATENCAO PATRIOTAS!! ORIENTACOES PARA COMBATER FAKE NEWS DO PT:\\r\\nNAO VAMOS CONFIAR EM SERGIO MORO\\r\\nSERGIO MORO QUER ASSUMIR O LUGAR DE DITADOR NO LUGAR DO PRESIDENTE BOLSONARO.\\r\\nEX-JUIZ TRAIDOR VAI SER SEMPRE UM EX-JUIZ TRAIDOR. \\r\\nNAO VAMOS CONFIAR EM SERGIO MORO.\\r\\nELE QUER TOMAR O LUGAR DO MITO E ASSUMIR O COMANDO DA EXTREMA-DIREITA.\\r\\nTEMOS QUE FICAR MUITO ATENTO COM TRAIDORES.\\r\\n\\r\\nBOLSONARO NAO DISSE ""PINTOU UM CLIMA"" NO SENTIDO SEXUAL.\\r\\nBOLSONARO NAO FOI PEDOFILO. O PT TIROU A FRASE DE CONTEXTO. \\r\\nO PRESIDENTE DISSE ""PINTOU O CLIMA"" SE REFERINDO QUE ""PINTOU UM CLIMA ESTRANHO""\\r\\n""PINTOU UM CLIMA DE COMUNISMO""\\r\\n\\r\\nVENEZUELANOS, NORDESTINOS E FAVELADOS NAO PRESTAM !!!\\r\\nO BRASIL NAO PRECISA DE VENEZUELANOS, NORDESTINOS E FAVELADOS !!!\\r\\nO BRASIL PRECISA DE CIDADAOS DE BEM !!!\\r\\n\\r\\nOUTRA COISA, DICAS DE ECONOMIA:\\r\\nABASTECAM O CARRO DIA 29 DE NOVEMBRO. O COMBUSTIVEL DEVE SUBIR EM NOVEMBRO.\\r\\nE QUEM TIVER INVESTIMENTO NA BOLSA DE VALORES MIGREM PARA A RENDA FIXA.\\r\\nA ECONOMIA JA ESTA DANDO SINAIS DE BAIXO CRESCIMENTO DEVIDO AS ELEICOES.\\r\\nEM 2023 O BRASIL NAO VAI CRESCER NADA.', 'authorDisplayName': 'Andre Lages Ramos', 'authorProfileImageUrl': 'https://yt3.ggpht.com/ytc/AGIKgqM_Wqvs8gcWwmYEXVTl59qez5-gtRZTElPrTFguqkCIkYwthTgIcIC3QoGfxxwV=s48-c-k-c0x00ffffff-no-rj', 'authorChannelUrl': 'http://www.youtube.com/channel/UChRYRPYf5j-K8aMLdo1-bpA', 'authorChannelId': {'value': 'UChRYRPYf5j-K8aMLdo1-bpA'}, 'canRate': True, 'viewerRating': 'none', 'likeCount': 0, 'publishedAt': '2022-10-18T21:54:10Z', 'updatedAt': '2022-10-18T21:54:10Z'}}, 'canReply': True, 'totalReplyCount': 0, 'isPublic': True}",,UChRYRPYf5j-K8aMLdo1-bpA,2022-10-18T21:54:10Z,"ATENCAO PATRIOTAS!! ORIENTACOES PARA COMBATER FAKE NEWS DO PT:
NAO VAMOS CONFIAR EM SERGIO MORO
SERGIO MORO QUER ASSUMIR O LUGAR DE DITADOR NO LUGAR DO PRESIDENTE BOLSONARO.
EX-JUIZ TRAIDOR VAI SER SEMPRE UM EX-JUIZ TRAIDOR. 
NAO VAMOS CONFIAR EM SERGIO MORO.
ELE QUER TOMAR O LUGAR DO MITO E ASSUMIR O COMANDO DA EXTREMA-DIREITA.
TEMOS QUE FICAR MUITO ATENTO COM TRAIDORES.

BOLSONARO NAO DISSE ""PINTOU UM CLIMA"" NO SENTIDO SEXUAL.
BOLSONARO NAO FOI PEDOFILO. O PT TIROU A FRASE DE CONTEXTO. 
O PRESIDENTE DISSE ""PINTOU O CLIMA"" SE REFERINDO QUE ""PINTOU UM CLIMA ESTRANHO""
""PINTOU UM CLIMA DE COMUNISMO""

VENEZUELANOS, NORDESTINOS E FAVELADOS NAO PRESTAM !!!
O BRASIL NAO PRECISA DE VENEZUELANOS, NORDESTINOS E FAVELADOS !!!
O BRASIL PRECISA DE CIDADAOS DE BEM !!!

OUTRA COISA, DICAS DE ECONOMIA:
ABASTECAM O CARRO DIA 29 DE NOVEMBRO. O COMBUSTIVEL DEVE SUBIR EM NOVEMBRO.
E QUEM TIVER INVESTIMENTO NA BOLSA DE VALORES MIGREM PARA A RENDA FIXA.
A ECONOMIA JA ESTA DANDO SINAIS DE BAIXO CRESCIMENTO DEVIDO AS ELEICOES.
EM 2023 O BRASIL NAO VAI CRESCER NADA.",,2023-06-08 02:56:26.842933
youtube#commentThread,8YW-PnU6WQ3qEsNHA9N8V3Zpb8w,Ugwt1zLo2qNy9kPEX9Z4AaABAg,"{'videoId': '5Q73TeeVlsc', 'topLevelComment': {'kind': 'youtube#comment', 'etag': '4n2_sqYXhBTQia28xfAjEXI3Wv4', 'id': 'Ugwt1zLo2qNy9kPEX9Z4AaABAg', 'snippet': {'videoId': '5Q73TeeVlsc', 'textDisplay': 'Não adianta falar na história do &quot;Jesus na goiabeira&quot;! O Senado quer fatos e não delírios.', 'textOriginal': 'Não adianta falar na história do ""Jesus na goiabeira""! O Senado quer fatos e não delírios.', 'authorDisplayName': 'Ricardo Ernesto Rose', 'authorProfileImageUrl': 'https://yt3.ggpht.com/ytc/AGIKgqPvkt-cT1GiWnDidKIiOHrsvmmJrSnOkB4PhKrhYA=s48-c-k-c0x00ffffff-no-rj', 'authorChannelUrl': 'http://www.youtube.com/channel/UCt8r-mSkRLgcVZR_63sXOCA', 'authorChannelId': {'value': 'UCt8r-mSkRLgcVZR_63sXOCA'}, 'canRate': True, 'viewerRating': 'none', 'likeCount': 3, 'publishedAt': '2022-10-18T21:51:44Z', 'updatedAt': '2022-10-18T21:51:44Z'}}, 'canReply': True, 'totalReplyCount': 0, 'isPublic': True}",,UCt8r-mSkRLgcVZR_63sXOCA,2022-10-18T21:51:44Z,"Não adianta falar na história do ""Jesus na goiabeira""! O Senado quer fatos e não delírios.",,2023-06-08 02:56:26.842933
youtube#commentThread,QzfA3qJsIbKjEcyaQKnppDSJ8II,UgypbntzFtWJultr4Pd4AaABAg,"{'videoId': '5Q73TeeVlsc', 'topLevelComment': {'kind': 'youtube#comment', 'etag': 'Lf9GMZt1Rqr6MU6HOiIkWzYaow0', 'id': 'UgypbntzFtWJultr4Pd4AaABAg', 'snippet': {'videoId': '5Q73TeeVlsc', 'textDisplay': 'Há cinco anos atrás a TV Record fez essa denuncia de abuso com criança.<br>Damares não disse mentira, existe várias denúncia  sobre esse caso.', 'textOriginal': 'Há cinco anos atrás a TV Record fez essa denuncia de abuso com criança.\\nDamares não disse mentira, existe várias denúncia  sobre esse caso.', 'authorDisplayName': 'Anderson Argolo', 'authorProfileImageUrl': 'https://yt3.ggpht.com/ytc/AGIKgqPPABo5Nr0JvoaDqy-3CCxA9naItIEKXEECySowzg=s48-c-k-c0x00ffffff-no-rj', 'authorChannelUrl': 'http://www.youtube.com/channel/UCKDnGOra7NrMVwhFMS7BAAA', 'authorChannelId': {'value': 'UCKDnGOra7NrMVwhFMS7BAAA'}, 'canRate': True, 'viewerRating': 'none', 'likeCount': 3, 'publishedAt': '2022-10-18T21:50:08Z', 'updatedAt': '2022-10-18T21:50:08Z'}}, 'canReply': True, 'totalReplyCount': 5, 'isPublic': True}","{'comments': [{'kind': 'youtube#comment', 'etag': 'myxz-S3vx1RUoEVyvlJVIw5yZ1U', 'id': 'UgypbntzFtWJultr4Pd4AaABAg.9hLEWekyWhI9hOQDfY03dy', 'snippet': {'videoId': '5Q73TeeVlsc', 'textDisplay': 'Damaris sabe de coisa ,este mundo tem coisas que jamais saberemos', 'textOriginal': 'Damaris sabe de coisa ,este mundo tem coisas que jamais saberemos', 'parentId': 'UgypbntzFtWJultr4Pd4AaABAg', 'authorDisplayName': 'Maria Alves', 'authorProfileImageUrl': 'https://yt3.ggpht.com/ytc/AGIKgqNbv4IzIR5vop4DwE-hnLQJbDUK85gDbK5I4l7eI0RHLeqh6DdXku5wJJ4OSyaH=s48-c-k-c0x00ffffff-no-rj', 'authorChannelUrl': 'http://www.youtube.com/channel/UC8uWxxHTUxYE_0tkjPew7iw', 'authorChannelId': {'value': 'UC8uWxxHTUxYE_0tkjPew7iw'}, 'canRate': True, 'viewerRating': 'none', 'likeCount': 0, 'publishedAt': '2022-10-20T03:30:07Z', 'updatedAt': '2022-10-20T03:30:07Z'}}, {'kind': 'youtube#comment', 'etag': 'j50Bm0LZ5JPHKxjyxyXee6V9HVo', 'id': 'UgypbntzFtWJultr4Pd4AaABAg.9hLEWekyWhI9hLIBqacXVr', 'snippet': {'videoId': '5Q73TeeVlsc', 'textDisplay': 'tentando enganar quem  ?????', 'textOriginal': 'tentando enganar quem  ?????', 'parentId': 'UgypbntzFtWJultr4Pd4AaABAg', 'authorDisplayName': 'Regina Ropelato', 'authorProfileImageUrl': 'https://yt3.ggpht.com/ytc/AGIKgqMCmWnQ-5CD2J30VLjZrlZWUoWL8u8NRCp5wA=s48-c-k-c0x00ffffff-no-rj', 'authorChannelUrl': 'http://www.youtube.com/channel/UCi2rVoMJRdqhg6G87GEt10Q', 'authorChannelId': {'value': 'UCi2rVoMJRdqhg6G87GEt10Q'}, 'canRate': True, 'viewerRating': 'none', 'likeCount': 0, 'publishedAt': '2022-10-18T22:22:15Z', 'updatedAt': '2022-10-18T22:22:15Z'}}, {'kind': 'youtube#comment', 'etag': 'fA-ZeipYJyAVcUmtZr97qRUgNp0', 'id': 'UgypbntzFtWJultr4Pd4AaABAg.9hLEWekyWhI9hLHNe3fekj', 'snippet': {'videoId': '5Q73TeeVlsc', 'textDisplay': 'Se eu me lembro na Record tbm teve ET Bilu,chupa cabra,e vários mágicos e milagreiros 🤣!', 'textOriginal': 'Se eu me lembro na Record tbm teve ET Bilu,chupa cabra,e vários mágicos e milagreiros 🤣!', 'parentId': 'UgypbntzFtWJultr4Pd4AaABAg', 'authorDisplayName': 'patriOTARIO', 'authorProfileImageUrl': 'https://yt3.ggpht.com/aX4S4FeRrS4dBosWDxVX8oqe9SmsX03prXL_HRZrO0hoLRmHhEaDtRHJ1Z67EO7KXsE0Tpi7Ew=s48-c-k-c0x00ffffff-no-rj', 'authorChannelUrl': 'http://www.youtube.com/channel/UCrb_wcyF85s6HxTq3tftADw', 'authorChannelId': {'value': 'UCrb_wcyF85s6HxTq3tftADw'}, 'canRate': True, 'viewerRating': 'none', 'likeCount': 3, 'publishedAt': '2022-10-18T22:15:07Z', 'updatedAt': '2022-10-18T22:15:07Z'}}, {'kind': 'youtube#comment', 'etag': 'QVKDmGKVYd3-Wwox68cWKC_WcKo', 'id': 'UgypbntzFtWJultr4Pd4AaABAg.9hLEWekyWhI9hLF-870nzb', 'snippet': {'videoId': '5Q73TeeVlsc', 'textDisplay': 'ATENCAO PATRIOTAS!! ORIENTACOES PARA COMBATER FAKE NEWS DO PT:\\r<br>NAO VAMOS CONFIAR EM SERGIO MORO\\r<br>SERGIO MORO QUER ASSUMIR O LUGAR DE DITADOR NO LUGAR DO PRESIDENTE BOLSONARO.\\r<br>EX-JUIZ TRAIDOR VAI SER SEMPRE UM EX-JUIZ TRAIDOR. \\r<br>NAO VAMOS CONFIAR EM SERGIO MORO.\\r<br>ELE QUER TOMAR O LUGAR DO MITO E ASSUMIR O COMANDO DA EXTREMA-DIREITA.\\r<br>TEMOS QUE FICAR MUITO ATENTO COM TRAIDORES.\\r<br>\\r<br>BOLSONARO NAO DISSE &quot;PINTOU UM CLIMA&quot; NO SENTIDO SEXUAL.\\r<br>BOLSONARO NAO FOI PEDOFILO. O PT TIROU A FRASE DE CONTEXTO. \\r<br>O PRESIDENTE DISSE &quot;PINTOU O CLIMA&quot; SE REFERINDO QUE &quot;PINTOU UM CLIMA ESTRANHO&quot;\\r<br>&quot;PINTOU UM CLIMA DE COMUNISMO&quot;\\r<br>\\r<br>VENEZUELANOS, NORDESTINOS E FAVELADOS NAO PRESTAM !!!\\r<br>O BRASIL NAO PRECISA DE VENEZUELANOS, NORDESTINOS E FAVELADOS !!!\\r<br>O BRASIL PRECISA DE CIDADAOS DE BEM !!!\\r<br>\\r<br>OUTRA COISA, DICAS DE ECONOMIA:\\r<br>ABASTECAM O CARRO DIA 29 DE NOVEMBRO. O COMBUSTIVEL DEVE SUBIR EM NOVEMBRO.\\r<br>E QUEM TIVER INVESTIMENTO NA BOLSA DE VALORES MIGREM PARA A RENDA FIXA.\\r<br>A ECONOMIA JA ESTA DANDO SINAIS DE BAIXO CRESCIMENTO DEVIDO AS ELEICOES.\\r<br>EM 2023 O BRASIL NAO VAI CRESCER NADA.', 'textOriginal': 'ATENCAO PATRIOTAS!! ORIENTACOES PARA COMBATER FAKE NEWS DO PT:\\r\\nNAO VAMOS CONFIAR EM SERGIO MORO\\r\\nSERGIO MORO QUER ASSUMIR O LUGAR DE DITADOR NO LUGAR DO PRESIDENTE BOLSONARO.\\r\\nEX-JUIZ TRAIDOR VAI SER SEMPRE UM EX-JUIZ TRAIDOR. \\r\\nNAO VAMOS CONFIAR EM SERGIO MORO.\\r\\nELE QUER TOMAR O LUGAR DO MITO E ASSUMIR O COMANDO DA EXTREMA-DIREITA.\\r\\nTEMOS QUE FICAR MUITO ATENTO COM TRAIDORES.\\r\\n\\r\\nBOLSONARO NAO DISSE ""PINTOU UM CLIMA"" NO SENTIDO SEXUAL.\\r\\nBOLSONARO NAO FOI PEDOFILO. O PT TIROU A FRASE DE CONTEXTO. \\r\\nO PRESIDENTE DISSE ""PINTOU O CLIMA"" SE REFERINDO QUE ""PINTOU UM CLIMA ESTRANHO""\\r\\n""PINTOU UM CLIMA DE COMUNISMO""\\r\\n\\r\\nVENEZUELANOS, NORDESTINOS E FAVELADOS NAO PRESTAM !!!\\r\\nO BRASIL NAO PRECISA DE VENEZUELANOS, NORDESTINOS E FAVELADOS !!!\\r\\nO BRASIL PRECISA DE CIDADAOS DE BEM !!!\\r\\n\\r\\nOUTRA COISA, DICAS DE ECONOMIA:\\r\\nABASTECAM O CARRO DIA 29 DE NOVEMBRO. O COMBUSTIVEL DEVE SUBIR EM NOVEMBRO.\\r\\nE QUEM TIVER INVESTIMENTO NA BOLSA DE VALORES MIGREM PARA A RENDA FIXA.\\r\\nA ECONOMIA JA ESTA DANDO SINAIS DE BAIXO CRESCIMENTO DEVIDO AS ELEICOES.\\r\\nEM 2023 O BRASIL NAO VAI CRESCER NADA.', 'parentId': 'UgypbntzFtWJultr4Pd4AaABAg', 'authorDisplayName': 'Andre Lages Ramos', 'authorProfileImageUrl': 'https://yt3.ggpht.com/ytc/AGIKgqM_Wqvs8gcWwmYEXVTl59qez5-gtRZTElPrTFguqkCIkYwthTgIcIC3QoGfxxwV=s48-c-k-c0x00ffffff-no-rj', 'authorChannelUrl': 'http://www.youtube.com/channel/UChRYRPYf5j-K8aMLdo1-bpA', 'authorChannelId': {'value': 'UChRYRPYf5j-K8aMLdo1-bpA'}, 'canRate': True, 'viewerRating': 'none', 'likeCount': 0, 'publishedAt': '2022-10-18T21:54:18Z', 'updatedAt': '2022-10-18T21:54:18Z'}}, {'kind': 'youtube#comment', 'etag': 'cGHg1Fkhhxd0TBtkhfJqRfzhc2o', 'id': 'UgypbntzFtWJultr4Pd4AaABAg.9hLEWekyWhI9hLEtIZtraO', 'snippet': {'videoId': '5Q73TeeVlsc', 'textDisplay': 'Será que a Record estava falando a verdade? Será que é o mesmo caso? Se foi denunciado por que a Damares não fez nada até agora?', 'textOriginal': 'Será que a Record estava falando a verdade? Será que é o mesmo caso? Se foi denunciado por que a Damares não fez nada até agora?', 'parentId': 'UgypbntzFtWJultr4Pd4AaABAg', 'authorDisplayName': 'Ricardo Ernesto Rose', 'authorProfileImageUrl': 'https://yt3.ggpht.com/ytc/AGIKgqPvkt-cT1GiWnDidKIiOHrsvmmJrSnOkB4PhKrhYA=s48-c-k-c0x00ffffff-no-rj', 'authorChannelUrl': 'http://www.youtube.com/channel/UCt8r-mSkRLgcVZR_63sXOCA', 'authorChannelId': {'value': 'UCt8r-mSkRLgcVZR_63sXOCA'}, 'canRate': True, 'viewerRating': 'none', 'likeCount': 1, 'publishedAt': '2022-10-18T21:53:22Z', 'updatedAt': '2022-10-18T21:53:22Z'}}]}",UCKDnGOra7NrMVwhFMS7BAAA,2022-10-18T21:50:08Z,"Há cinco anos atrás a TV Record fez essa denuncia de abuso com criança.
Damares não disse mentira, existe várias denúncia  sobre esse caso.",,2023-06-08 02:56:26.842933
youtube#commentThread,vlk0yIX3rUuIFZTv7LVUjBIX1j8,UgwKuhHykkGHSJKH9WB4AaABAg,"{'videoId': '5Q73TeeVlsc', 'topLevelComment': {'kind': 'youtube#comment', 'etag': 'Bnlb_PDQXNTlB_jMhNN6pLVIsHw', 'id': 'UgwKuhHykkGHSJKH9WB4AaABAg', 'snippet': {'videoId': '5Q73TeeVlsc', 'textDisplay': 'A Psiquiatra Ana Beatriz Barbosa falou a dois meses atrás num podcast quase a mesma coisa que a Damares falou. Persigam ela também. E procurem pedofilia nos conventos. Tá lotado e ninguém faz nada, sociedade podre.', 'textOriginal': 'A Psiquiatra Ana Beatriz Barbosa falou a dois meses atrás num podcast quase a mesma coisa que a Damares falou. Persigam ela também. E procurem pedofilia nos conventos. Tá lotado e ninguém faz nada, sociedade podre.', 'authorDisplayName': 'Jose Ricardo de Souza', 'authorProfileImageUrl': 'https://yt3.ggpht.com/ytc/AGIKgqM9BqSiPe_YPrzcp95HngQKF5UEVhkR-FN1rg=s48-c-k-c0x00ffffff-no-rj', 'authorChannelUrl': 'http://www.youtube.com/channel/UCx8t1SXnlnY6WA5JZWTJi6A', 'authorChannelId': {'value': 'UCx8t1SXnlnY6WA5JZWTJi6A'}, 'canRate': True, 'viewerRating': 'none', 'likeCount': 0, 'publishedAt': '2022-10-18T21:48:26Z', 'updatedAt': '2022-10-18T22:34:13Z'}}, 'canReply': True, 'totalReplyCount': 0, 'isPublic': True}",,UCx8t1SXnlnY6WA5JZWTJi6A,2022-10-18T21:48:26Z,"A Psiquiatra Ana Beatriz Barbosa falou a dois meses atrás num podcast quase a mesma coisa que a Damares falou. Persigam ela também. E procurem pedofilia nos conventos. Tá lotado e ninguém faz nada, sociedade podre.",,2023-06-08 02:56:26.842933
youtube#commentThread,UpETJSLa2qojCHCWaP5WM3fv544,UgzF1ibYca8VKOVLvpZ4AaABAg,"{'videoId': '5Q73TeeVlsc', 'topLevelComment': {'kind': 'youtube#comment', 'etag': '5fhGTdpxdu_WtllCmSO5pOgMjGM', 'id': 'UgzF1ibYca8VKOVLvpZ4AaABAg', 'snippet': {'videoId': '5Q73TeeVlsc', 'textDisplay': 'Estamos no Brasil. Não vai acontecer absolutamente nada contra essa maluca', 'textOriginal': 'Estamos no Brasil. Não vai acontecer absolutamente nada contra essa maluca', 'authorDisplayName': 'Mauro Galch', 'authorProfileImageUrl': 'https://yt3.ggpht.com/ytc/AGIKgqPOq8RslShvm62X2C2KTtjEXttlBz19YrRn5A=s48-c-k-c0x00ffffff-no-rj', 'authorChannelUrl': 'http://www.youtube.com/channel/UCvn_36WUCCRGJ-IiWtcedKQ', 'authorChannelId': {'value': 'UCvn_36WUCCRGJ-IiWtcedKQ'}, 'canRate': True, 'viewerRating': 'none', 'likeCount': 2, 'publishedAt': '2022-10-18T21:46:52Z', 'updatedAt': '2022-10-18T21:46:52Z'}}, 'canReply': True, 'totalReplyCount': 2, 'isPublic': True}","{'comments': [{'kind': 'youtube#comment', 'etag': '63AaxCQYMGa5uLuNcgDuVCUl8Sc', 'id': 'UgzF1ibYca8VKOVLvpZ4AaABAg.9hLE8eCGRPg9hLFQqL4iDa', 'snippet': {'videoId': '5Q73TeeVlsc', 'textDisplay': '@Ricardo Ernesto Rose Nem em filmes da boca do lixo tem mais perversao descrita por essa delirante', 'textOriginal': '@Ricardo Ernesto Rose Nem em filmes da boca do lixo tem mais perversao descrita por essa delirante', 'parentId': 'UgzF1ibYca8VKOVLvpZ4AaABAg', 'authorDisplayName': 'Mauro Galch', 'authorProfileImageUrl': 'https://yt3.ggpht.com/ytc/AGIKgqPOq8RslShvm62X2C2KTtjEXttlBz19YrRn5A=s48-c-k-c0x00ffffff-no-rj', 'authorChannelUrl': 'http://www.youtube.com/channel/UCvn_36WUCCRGJ-IiWtcedKQ', 'authorChannelId': {'value': 'UCvn_36WUCCRGJ-IiWtcedKQ'}, 'canRate': True, 'viewerRating': 'none', 'likeCount': 0, 'publishedAt': '2022-10-18T21:58:05Z', 'updatedAt': '2022-10-18T21:58:05Z'}}, {'kind': 'youtube#comment', 'etag': 'lhFoJ20ShkvGCX3LJDeI94I1X-A', 'id': 'UgzF1ibYca8VKOVLvpZ4AaABAg.9hLE8eCGRPg9hLEXmnUu9A', 'snippet': {'videoId': '5Q73TeeVlsc', 'textDisplay': 'A véia vai continuar delirando! Kkkkkkkkkkkk', 'textOriginal': 'A véia vai continuar delirando! Kkkkkkkkkkkk', 'parentId': 'UgzF1ibYca8VKOVLvpZ4AaABAg', 'authorDisplayName': 'Ricardo Ernesto Rose', 'authorProfileImageUrl': 'https://yt3.ggpht.com/ytc/AGIKgqPvkt-cT1GiWnDidKIiOHrsvmmJrSnOkB4PhKrhYA=s48-c-k-c0x00ffffff-no-rj', 'authorChannelUrl': 'http://www.youtube.com/channel/UCt8r-mSkRLgcVZR_63sXOCA', 'authorChannelId': {'value': 'UCt8r-mSkRLgcVZR_63sXOCA'}, 'canRate': True, 'viewerRating': 'none', 'likeCount': 0, 'publishedAt': '2022-10-18T21:50:17Z', 'updatedAt': '2022-10-18T21:50:17Z'}}]}",UCvn_36WUCCRGJ-IiWtcedKQ,2022-10-18T21:46:52Z,Estamos no Brasil. Não vai acontecer absolutamente nada contra essa maluca,,2023-06-08 02:56:26.842933
youtube#commentThread,HSpEtJaFk-yZJAbqmGUOv6ouOpE,UgwxmyiiEOKAH7NX8Ad4AaABAg,"{'videoId': '5Q73TeeVlsc', 'topLevelComment': {'kind': 'youtube#comment', 'etag': 'bMH55blgY0u281ZfAOVgZmiDgXM', 'id': 'UgwxmyiiEOKAH7NX8Ad4AaABAg', 'snippet': {'videoId': '5Q73TeeVlsc', 'textDisplay': 'Pastora quadrangular mentirosa e pervertida.', 'textOriginal': 'Pastora quadrangular mentirosa e pervertida.', 'authorDisplayName': 'Valmir Machado de Souza', 'authorProfileImageUrl': 'https://yt3.ggpht.com/ytc/AGIKgqMLGmB2iMvQ-AWcbiz0NZruzgekT7KJHZ98_Q=s48-c-k-c0x00ffffff-no-rj', 'authorChannelUrl': 'http://www.youtube.com/channel/UCKhKETUJiXosT2FWKbfqvlg', 'authorChannelId': {'value': 'UCKhKETUJiXosT2FWKbfqvlg'}, 'canRate': True, 'viewerRating': 'none', 'likeCount': 0, 'publishedAt': '2022-10-18T21:45:45Z', 'updatedAt': '2022-10-18T21:45:45Z'}}, 'canReply': True, 'totalReplyCount': 0, 'isPublic': True}",,UCKhKETUJiXosT2FWKbfqvlg,2022-10-18T21:45:45Z,Pastora quadrangular mentirosa e pervertida.,,2023-06-08 02:56:26.842933
youtube#commentThread,g5VL6tCIBvOdyOZQHh_apw-9oQQ,UgwmEupNDqPOD9Cc7514AaABAg,"{'videoId': '5Q73TeeVlsc', 'topLevelComment': {'kind': 'youtube#comment', 'etag': '19-iUGZlCJAHPPeOsvoGU1Gfe0Y', 'id': 'UgwmEupNDqPOD9Cc7514AaABAg', 'snippet': {'videoId': '5Q73TeeVlsc', 'textDisplay': 'A boca fala do que o coração está cheio!<br><br>Kkkkk, foi só uma mentirinha gospel, minha gente.<br><br>Deus, proteja nossas crianças da bondade do cidadão de bem, do pastor evangélico, do clima com uma menor de 14 anos e do atirador patriota.<br><br>AMÉM 🙏', 'textOriginal': 'A boca fala do que o coração está cheio!\\n\\nKkkkk, foi só uma mentirinha gospel, minha gente.\\n\\nDeus, proteja nossas crianças da bondade do cidadão de bem, do pastor evangélico, do clima com uma menor de 14 anos e do atirador patriota.\\n\\nAMÉM 🙏', 'authorDisplayName': 'Claudio Amorim Nunes de Freitas', 'authorProfileImageUrl': 'https://yt3.ggpht.com/ytc/AGIKgqOF_xBRWOGt3r3imzTYhN9WZgSSVE76dZ7VTZ6AmA=s48-c-k-c0x00ffffff-no-rj', 'authorChannelUrl': 'http://www.youtube.com/channel/UCy_Sh7eWXYri8qmz-2Qb2Cg', 'authorChannelId': {'value': 'UCy_Sh7eWXYri8qmz-2Qb2Cg'}, 'canRate': True, 'viewerRating': 'none', 'likeCount': 8, 'publishedAt': '2022-10-18T21:43:53Z', 'updatedAt': '2022-10-18T21:43:53Z'}}, 'canReply': True, 'totalReplyCount': 2, 'isPublic': True}","{'comments': [{'kind': 'youtube#comment', 'etag': 'Rr3s1L-y4iHc00lqn0K6LCKay3g', 'id': 'UgwmEupNDqPOD9Cc7514AaABAg.9hLDntqgZVG9hMqJFq2ULw', 'snippet': {'videoId': '5Q73TeeVlsc', 'textDisplay': 'Então vai lá pra você ver ...', 'textOriginal': 'Então vai lá pra você ver ...', 'parentId': 'UgwmEupNDqPOD9Cc7514AaABAg', 'authorDisplayName': 'Luciana Auzier', 'authorProfileImageUrl': 'https://yt3.ggpht.com/ytc/AGIKgqOfv3ib_liPezbH1KbBEtyNXSeGxo7mb79mCjCjwJQ=s48-c-k-c0x00ffffff-no-rj', 'authorChannelUrl': 'http://www.youtube.com/channel/UCkG6odJ1FJe7qfWqpVLr3Vw', 'authorChannelId': {'value': 'UCkG6odJ1FJe7qfWqpVLr3Vw'}, 'canRate': True, 'viewerRating': 'none', 'likeCount': 1, 'publishedAt': '2022-10-19T12:48:20Z', 'updatedAt': '2022-10-19T12:48:20Z'}}, {'kind': 'youtube#comment', 'etag': 'a65JBIZzRVHDJijxnCC4o3jJOy0', 'id': 'UgwmEupNDqPOD9Cc7514AaABAg.9hLDntqgZVG9hLFvbFj9D_', 'snippet': {'videoId': '5Q73TeeVlsc', 'textDisplay': 'DOIDAMARES <br>e o seu método canalha de sempre NÉ  ????<br>tem  :<br>  FIXAÇÃO   !!!<br>sexo  e  mentiras.........', 'textOriginal': 'DOIDAMARES \\ne o seu método canalha de sempre NÉ  ????\\ntem  :\\n  FIXAÇÃO   !!!\\nsexo  e  mentiras.........', 'parentId': 'UgwmEupNDqPOD9Cc7514AaABAg', 'authorDisplayName': 'Regina Ropelato', 'authorProfileImageUrl': 'https://yt3.ggpht.com/ytc/AGIKgqMCmWnQ-5CD2J30VLjZrlZWUoWL8u8NRCp5wA=s48-c-k-c0x00ffffff-no-rj', 'authorChannelUrl': 'http://www.youtube.com/channel/UCi2rVoMJRdqhg6G87GEt10Q', 'authorChannelId': {'value': 'UCi2rVoMJRdqhg6G87GEt10Q'}, 'canRate': True, 'viewerRating': 'none', 'likeCount': 0, 'publishedAt': '2022-10-18T22:02:25Z', 'updatedAt': '2022-10-18T22:02:25Z'}}]}",UCy_Sh7eWXYri8qmz-2Qb2Cg,2022-10-18T21:43:53Z,"A boca fala do que o coração está cheio!

Kkkkk, foi só uma mentirinha gospel, minha gente.

Deus, proteja nossas crianças da bondade do cidadão de bem, do pastor evangélico, do clima com uma menor de 14 anos e do atirador patriota.

AMÉM 🙏",,2023-06-08 02:56:26.842933
youtube#commentThread,lvrnN4LOFfxvGDpNsWW2qbtypuU,UgzVg6BIoxbuEmIs-pR4AaABAg,"{'videoId': '5Q73TeeVlsc', 'topLevelComment': {'kind': 'youtube#comment', 'etag': '5ELJJZd3rseOtvmbVNV1BA7QNS0', 'id': 'UgzVg6BIoxbuEmIs-pR4AaABAg', 'snippet': {'videoId': '5Q73TeeVlsc', 'textDisplay': 'o Caminho Correto e Bolsonaro Presidente,22', 'textOriginal': 'o Caminho Correto e Bolsonaro Presidente,22', 'authorDisplayName': 'Daniel', 'authorProfileImageUrl': 'https://yt3.ggpht.com/kP-x-T0JpV0nVSgrVBaQ4SZtqp6pLnI1rb-tRgn0BejOcqAJpMYSJggwgmWS6jCGcOOXMlv-=s48-c-k-c0x00ffffff-no-rj', 'authorChannelUrl': 'http://www.youtube.com/channel/UCaCLnjqVWhw94VcsxiKt2JA', 'authorChannelId': {'value': 'UCaCLnjqVWhw94VcsxiKt2JA'}, 'canRate': True, 'viewerRating': 'none', 'likeCount': 3, 'publishedAt': '2022-10-18T21:40:19Z', 'updatedAt': '2022-10-18T21:40:19Z'}}, 'canReply': True, 'totalReplyCount': 1, 'isPublic': True}","{'comments': [{'kind': 'youtube#comment', 'etag': '0z5tdDd4Y-7Esgj4bCrJwvd2bIU', 'id': 'UgzVg6BIoxbuEmIs-pR4AaABAg.9hLDOhLsVl_9hLEcfrj3SF', 'snippet': {'videoId': '5Q73TeeVlsc', 'textDisplay': 'O CAminho da perdição!', 'textOriginal': 'O CAminho da perdição!', 'parentId': 'UgzVg6BIoxbuEmIs-pR4AaABAg', 'authorDisplayName': 'Ricardo Ernesto Rose', 'authorProfileImageUrl': 'https://yt3.ggpht.com/ytc/AGIKgqPvkt-cT1GiWnDidKIiOHrsvmmJrSnOkB4PhKrhYA=s48-c-k-c0x00ffffff-no-rj', 'authorChannelUrl': 'http://www.youtube.com/channel/UCt8r-mSkRLgcVZR_63sXOCA', 'authorChannelId': {'value': 'UCt8r-mSkRLgcVZR_63sXOCA'}, 'canRate': True, 'viewerRating': 'none', 'likeCount': 0, 'publishedAt': '2022-10-18T21:51:06Z', 'updatedAt': '2022-10-18T21:51:06Z'}}]}",UCaCLnjqVWhw94VcsxiKt2JA,2022-10-18T21:40:19Z,"o Caminho Correto e Bolsonaro Presidente,22",,2023-06-08 02:56:26.842933
youtube#commentThread,5QPISg8ciCZ846JLEF-UMpIiIDQ,UgxevaV-c-kZx-jhYMh4AaABAg,"{'videoId': '5Q73TeeVlsc', 'topLevelComment': {'kind': 'youtube#comment', 'etag': 'ZqL1wSYbWz3MiCpOChbXo1Xz1uY', 'id': 'UgxevaV-c-kZx-jhYMh4AaABAg', 'snippet': {'videoId': '5Q73TeeVlsc', 'textDisplay': '&quot;Provar??? Eu não disse nada disso. Isso é invenção da imprensa comunista.&quot;', 'textOriginal': '""Provar??? Eu não disse nada disso. Isso é invenção da imprensa comunista.""', 'authorDisplayName': 'Luzielder', 'authorProfileImageUrl': 'https://yt3.ggpht.com/ytc/AGIKgqNmUvqNa47KfnEN-wg1sZCZKrai9zj58T9u_p_g7Q=s48-c-k-c0x00ffffff-no-rj', 'authorChannelUrl': 'http://www.youtube.com/channel/UCetLfEaX8M3X9ew_vz5YbKg', 'authorChannelId': {'value': 'UCetLfEaX8M3X9ew_vz5YbKg'}, 'canRate': True, 'viewerRating': 'none', 'likeCount': 1, 'publishedAt': '2022-10-18T21:36:38Z', 'updatedAt': '2022-10-18T21:36:38Z'}}, 'canReply': True, 'totalReplyCount': 0, 'isPublic': True}",,UCetLfEaX8M3X9ew_vz5YbKg,2022-10-18T21:36:38Z,"""Provar??? Eu não disse nada disso. Isso é invenção da imprensa comunista.""",,2023-06-08 02:56:26.842933
youtube#commentThread,yuZII7I1rAj7JrVCNmROw4p-RhM,UgzAsVdiuYc9fU9RgUh4AaABAg,"{'videoId': '5Q73TeeVlsc', 'topLevelComment': {'kind': 'youtube#comment', 'etag': 'owxNmukgTGdFe2EE__Q8qW0DhTo', 'id': 'UgzAsVdiuYc9fU9RgUh4AaABAg', 'snippet': {'videoId': '5Q73TeeVlsc', 'textDisplay': 'Cadê a CNN que não fala sobre o caso da jornalista Barbara Gancia em que no Twitter disse que a filha de 11 anos do Presidente Jair Bolsonaro  &quot;parece uma p*ta&quot;.', 'textOriginal': 'Cadê a CNN que não fala sobre o caso da jornalista Barbara Gancia em que no Twitter disse que a filha de 11 anos do Presidente Jair Bolsonaro  ""parece uma p*ta"".', 'authorDisplayName': 'Rafael Vasconcelos', 'authorProfileImageUrl': 'https://yt3.ggpht.com/ytc/AGIKgqPBSy0VId0bCuv7BEeHTBbL2ED9rkCzFSx9Ew=s48-c-k-c0x00ffffff-no-rj', 'authorChannelUrl': 'http://www.youtube.com/channel/UCvHm820vfL4130uMdTtGrzg', 'authorChannelId': {'value': 'UCvHm820vfL4130uMdTtGrzg'}, 'canRate': True, 'viewerRating': 'none', 'likeCount': 0, 'publishedAt': '2022-10-18T21:35:23Z', 'updatedAt': '2022-10-18T21:35:23Z'}}, 'canReply': True, 'totalReplyCount': 2, 'isPublic': True}","{'comments': [{'kind': 'youtube#comment', 'etag': '-tpCskkUI-SA0v2WRsyBDmuhqDA', 'id': 'UgzAsVdiuYc9fU9RgUh4AaABAg.9hLCpZf4zwB9hLDrwb52W9', 'snippet': {'videoId': '5Q73TeeVlsc', 'textDisplay': 'Por fim pergunto: e se fosse ao contrário? Será que o chamado &quot;ódio do bem&quot; tem o direito de falar o que quer? Definitivamente  essa jornalista ultrapassou os limites.', 'textOriginal': 'Por fim pergunto: e se fosse ao contrário? Será que o chamado ""ódio do bem"" tem o direito de falar o que quer? Definitivamente  essa jornalista ultrapassou os limites.', 'parentId': 'UgzAsVdiuYc9fU9RgUh4AaABAg', 'authorDisplayName': 'Rafael Vasconcelos', 'authorProfileImageUrl': 'https://yt3.ggpht.com/ytc/AGIKgqPBSy0VId0bCuv7BEeHTBbL2ED9rkCzFSx9Ew=s48-c-k-c0x00ffffff-no-rj', 'authorChannelUrl': 'http://www.youtube.com/channel/UCvHm820vfL4130uMdTtGrzg', 'authorChannelId': {'value': 'UCvHm820vfL4130uMdTtGrzg'}, 'canRate': True, 'viewerRating': 'none', 'likeCount': 0, 'publishedAt': '2022-10-18T21:44:26Z', 'updatedAt': '2022-10-18T21:44:26Z'}}, {'kind': 'youtube#comment', 'etag': 'NNcy6op48byJJwmrKyaQuwkMpQ8', 'id': 'UgzAsVdiuYc9fU9RgUh4AaABAg.9hLCpZf4zwB9hLDCSSYNZF', 'snippet': {'videoId': '5Q73TeeVlsc', 'textDisplay': 'Não gostar do Presidente, do seu jeito, fazer campanha contra ele é normal, mas chamar uma criança de 11 anos de p*ta? Isso é um absurdo!', 'textOriginal': 'Não gostar do Presidente, do seu jeito, fazer campanha contra ele é normal, mas chamar uma criança de 11 anos de p*ta? Isso é um absurdo!', 'parentId': 'UgzAsVdiuYc9fU9RgUh4AaABAg', 'authorDisplayName': 'Rafael Vasconcelos', 'authorProfileImageUrl': 'https://yt3.ggpht.com/ytc/AGIKgqPBSy0VId0bCuv7BEeHTBbL2ED9rkCzFSx9Ew=s48-c-k-c0x00ffffff-no-rj', 'authorChannelUrl': 'http://www.youtube.com/channel/UCvHm820vfL4130uMdTtGrzg', 'authorChannelId': {'value': 'UCvHm820vfL4130uMdTtGrzg'}, 'canRate': True, 'viewerRating': 'none', 'likeCount': 0, 'publishedAt': '2022-10-18T21:38:38Z', 'updatedAt': '2022-10-18T21:38:38Z'}}]}",UCvHm820vfL4130uMdTtGrzg,2022-10-18T21:35:23Z,"Cadê a CNN que não fala sobre o caso da jornalista Barbara Gancia em que no Twitter disse que a filha de 11 anos do Presidente Jair Bolsonaro  ""parece uma p*ta"".",,2023-06-08 02:56:26.842933
youtube#commentThread,w6kLhBg_1qBt8W8ge8YrfhoVtJs,Ugw3Fd1UFcbn7cGF2yp4AaABAg,"{'videoId': '5Q73TeeVlsc', 'topLevelComment': {'kind': 'youtube#comment', 'etag': 'w6sqfxY37aql-MB93LisaWoxQtg', 'id': 'Ugw3Fd1UFcbn7cGF2yp4AaABAg', 'snippet': {'videoId': '5Q73TeeVlsc', 'textDisplay': 'Esse senhora é uma &quot;falaciana&quot; contumaz e compulsiva! Fez o que fez para atrair a atenção e criar polêmica! Mas o tiro saiu pela culatra! Tem &quot;pintado muito clima&quot; assim entre os bolsonarianos!', 'textOriginal': 'Esse senhora é uma ""falaciana"" contumaz e compulsiva! Fez o que fez para atrair a atenção e criar polêmica! Mas o tiro saiu pela culatra! Tem ""pintado muito clima"" assim entre os bolsonarianos!', 'authorDisplayName': 'Charles Nunes', 'authorProfileImageUrl': 'https://yt3.ggpht.com/ytc/AGIKgqPdRuk2OxKZ0KCje4j0EKhGPTshEas4psV47lZB4Q=s48-c-k-c0x00ffffff-no-rj', 'authorChannelUrl': 'http://www.youtube.com/channel/UCTYxt3nUrPOz1IZj7RA1UHQ', 'authorChannelId': {'value': 'UCTYxt3nUrPOz1IZj7RA1UHQ'}, 'canRate': True, 'viewerRating': 'none', 'likeCount': 2, 'publishedAt': '2022-10-18T21:35:13Z', 'updatedAt': '2022-10-18T21:35:13Z'}}, 'canReply': True, 'totalReplyCount': 0, 'isPublic': True}",,UCTYxt3nUrPOz1IZj7RA1UHQ,2022-10-18T21:35:13Z,"Esse senhora é uma ""falaciana"" contumaz e compulsiva! Fez o que fez para atrair a atenção e criar polêmica! Mas o tiro saiu pela culatra! Tem ""pintado muito clima"" assim entre os bolsonarianos!",,2023-06-08 02:56:26.842933
youtube#commentThread,K7kC8_14Ac0WP5MPbxWkYMFZ9yg,UgyloyeTnKguaU7cggR4AaABAg,"{'videoId': '5Q73TeeVlsc', 'topLevelComment': {'kind': 'youtube#comment', 'etag': '0wgoUqEJiuU0GJWFQgSfOJkVHcQ', 'id': 'UgyloyeTnKguaU7cggR4AaABAg', 'snippet': {'videoId': '5Q73TeeVlsc', 'textDisplay': 'Isso mesmo tem que explicar.. não pode saí falando essas asneiras não kkk', 'textOriginal': 'Isso mesmo tem que explicar.. não pode saí falando essas asneiras não kkk', 'authorDisplayName': 'José heleno Rosa', 'authorProfileImageUrl': 'https://yt3.ggpht.com/ytc/AGIKgqNyypK4X7iiZ_0kp3QYbO5iLH849EfpQ9mU=s48-c-k-c0x00ffffff-no-rj', 'authorChannelUrl': 'http://www.youtube.com/channel/UC0BsJk59AKbwB1v3wuE9JPA', 'authorChannelId': {'value': 'UC0BsJk59AKbwB1v3wuE9JPA'}, 'canRate': True, 'viewerRating': 'none', 'likeCount': 8, 'publishedAt': '2022-10-18T21:31:17Z', 'updatedAt': '2022-10-18T21:31:17Z'}}, 'canReply': True, 'totalReplyCount': 0, 'isPublic': True}",,UC0BsJk59AKbwB1v3wuE9JPA,2022-10-18T21:31:17Z,Isso mesmo tem que explicar.. não pode saí falando essas asneiras não kkk,,2023-06-08 02:56:26.842933
youtube#commentThread,577646QGRr3H2t9MIvtU1LRRU_s,Ugz2J1PWHjVJdUuKQex4AaABAg,"{'videoId': '5Q73TeeVlsc', 'topLevelComment': {'kind': 'youtube#comment', 'etag': 'YxpVfjgVyvjnKXfdjwzPLFNm3Gg', 'id': 'Ugz2J1PWHjVJdUuKQex4AaABAg', 'snippet': {'videoId': '5Q73TeeVlsc', 'textDisplay': 'Ela vai mostrar no 4chan. No Qanon. Bicho doente.', 'textOriginal': 'Ela vai mostrar no 4chan. No Qanon. Bicho doente.', 'authorDisplayName': 'Zelina Silvano', 'authorProfileImageUrl': 'https://yt3.ggpht.com/ytc/AGIKgqMgSh-m-V8TBw3GxaTCIzLv3IBObF6eESiYMhgB--9YPZpTVlZ6oE5cKtNOeIBf=s48-c-k-c0x00ffffff-no-rj', 'authorChannelUrl': 'http://www.youtube.com/channel/UCLBB7nQW9qAVHtHpgCXouYw', 'authorChannelId': {'value': 'UCLBB7nQW9qAVHtHpgCXouYw'}, 'canRate': True, 'viewerRating': 'none', 'likeCount': 0, 'publishedAt': '2022-10-18T21:27:26Z', 'updatedAt': '2022-10-18T21:27:26Z'}}, 'canReply': True, 'totalReplyCount': 0, 'isPublic': True}",,UCLBB7nQW9qAVHtHpgCXouYw,2022-10-18T21:27:26Z,Ela vai mostrar no 4chan. No Qanon. Bicho doente.,,2023-06-08 02:56:26.842933
youtube#commentThread,CYgLkj0hL4doZyPGiDhnaAhnll4,UgzjWUnuDVnJ72dA8zx4AaABAg,"{'videoId': '5Q73TeeVlsc', 'topLevelComment': {'kind': 'youtube#comment', 'etag': 'Ic3M9L0idJEgJ3zUIW-_W7TXAbM', 'id': 'UgzjWUnuDVnJ72dA8zx4AaABAg', 'snippet': {'videoId': '5Q73TeeVlsc', 'textDisplay': 'Mentira dela é pra fazer campanha eleitoral', 'textOriginal': 'Mentira dela é pra fazer campanha eleitoral', 'authorDisplayName': 'Luis Carlos Carvalho Carlos', 'authorProfileImageUrl': 'https://yt3.ggpht.com/ytc/AGIKgqM-VIhNpd8bbQGpJX4HOP4KDr2nGsZd7TIGK1TFom4wXipC4Hp7IRGT_UrymJcf=s48-c-k-c0x00ffffff-no-rj', 'authorChannelUrl': 'http://www.youtube.com/channel/UCu5YJYARz3U9ELgx9d86XfQ', 'authorChannelId': {'value': 'UCu5YJYARz3U9ELgx9d86XfQ'}, 'canRate': True, 'viewerRating': 'none', 'likeCount': 1, 'publishedAt': '2022-10-18T21:25:53Z', 'updatedAt': '2022-10-18T21:25:53Z'}}, 'canReply': True, 'totalReplyCount': 2, 'isPublic': True}","{'comments': [{'kind': 'youtube#comment', 'etag': 'mrRP6oczDuYu5Im31CoVOaDEDKo', 'id': 'UgzjWUnuDVnJ72dA8zx4AaABAg.9hLBk3qncO89hOQjgy3K_c', 'snippet': {'videoId': '5Q73TeeVlsc', 'textDisplay': 'seria bom se fosse ,,seria', 'textOriginal': 'seria bom se fosse ,,seria', 'parentId': 'UgzjWUnuDVnJ72dA8zx4AaABAg', 'authorDisplayName': 'Maria Alves', 'authorProfileImageUrl': 'https://yt3.ggpht.com/ytc/AGIKgqNbv4IzIR5vop4DwE-hnLQJbDUK85gDbK5I4l7eI0RHLeqh6DdXku5wJJ4OSyaH=s48-c-k-c0x00ffffff-no-rj', 'authorChannelUrl': 'http://www.youtube.com/channel/UC8uWxxHTUxYE_0tkjPew7iw', 'authorChannelId': {'value': 'UC8uWxxHTUxYE_0tkjPew7iw'}, 'canRate': True, 'viewerRating': 'none', 'likeCount': 0, 'publishedAt': '2022-10-20T03:34:38Z', 'updatedAt': '2022-10-20T03:34:38Z'}}, {'kind': 'youtube#comment', 'etag': 'VaYrRGtgjS3ymQkEKloFUy02lX8', 'id': 'UgzjWUnuDVnJ72dA8zx4AaABAg.9hLBk3qncO89hMqYVdMPuN', 'snippet': {'videoId': '5Q73TeeVlsc', 'textDisplay': 'Vai pesquisar ou vai vc mesmo ver então se não acredita...', 'textOriginal': 'Vai pesquisar ou vai vc mesmo ver então se não acredita...', 'parentId': 'UgzjWUnuDVnJ72dA8zx4AaABAg', 'authorDisplayName': 'Luciana Auzier', 'authorProfileImageUrl': 'https://yt3.ggpht.com/ytc/AGIKgqOfv3ib_liPezbH1KbBEtyNXSeGxo7mb79mCjCjwJQ=s48-c-k-c0x00ffffff-no-rj', 'authorChannelUrl': 'http://www.youtube.com/channel/UCkG6odJ1FJe7qfWqpVLr3Vw', 'authorChannelId': {'value': 'UCkG6odJ1FJe7qfWqpVLr3Vw'}, 'canRate': True, 'viewerRating': 'none', 'likeCount': 0, 'publishedAt': '2022-10-19T12:50:25Z', 'updatedAt': '2022-10-19T12:50:25Z'}}]}",UCu5YJYARz3U9ELgx9d86XfQ,2022-10-18T21:25:53Z,Mentira dela é pra fazer campanha eleitoral,,2023-06-08 02:56:26.842933
youtube#commentThread,SXywwBhvHiIIzsYqLT2tATVnOQ8,UgwxY6BJdwK0_WPuoOx4AaABAg,"{'videoId': '5Q73TeeVlsc', 'topLevelComment': {'kind': 'youtube#comment', 'etag': 'AyWK8SM3sIviefKVatdtHH2LKz8', 'id': 'UgwxY6BJdwK0_WPuoOx4AaABAg', 'snippet': {'videoId': '5Q73TeeVlsc', 'textDisplay': 'Tem que ter uma mente muito perversa para inventar uma coisa dessa. Ela detalhou coisas hediondas, terríveis até pra ser citados😕', 'textOriginal': 'Tem que ter uma mente muito perversa para inventar uma coisa dessa. Ela detalhou coisas hediondas, terríveis até pra ser citados😕', 'authorDisplayName': 'NãoDigaQueNãoAvisei', 'authorProfileImageUrl': 'https://yt3.ggpht.com/4INq6TB71_7muWEJOq5CrB_12QNRHBuKYANG4Q1Tctx41CGbpJxDlAmO9B3k8x87IBYi3mK1fiE=s48-c-k-c0x00ffffff-no-rj', 'authorChannelUrl': 'http://www.youtube.com/channel/UCkkGP5j-74o6QkG8Bw5xwLQ', 'authorChannelId': {'value': 'UCkkGP5j-74o6QkG8Bw5xwLQ'}, 'canRate': True, 'viewerRating': 'none', 'likeCount': 14, 'publishedAt': '2022-10-18T21:25:05Z', 'updatedAt': '2022-10-18T21:25:05Z'}}, 'canReply': True, 'totalReplyCount': 5, 'isPublic': True}","{'comments': [{'kind': 'youtube#comment', 'etag': 'SMjrdQIPxjcl8qeG5bLONcZLrkA', 'id': 'UgwxY6BJdwK0_WPuoOx4AaABAg.9hLBeCRAs4I9hOQ0ugW0EY', 'snippet': {'videoId': '5Q73TeeVlsc', 'textDisplay': 'quem tem ouvido ,ouça   ,quem tem olhos enxergam, só sei que nada sei, já ouvi coisas a décadas atras agora  a mesma historia ai tem, fico triste mesmo . neste mundo obscuro.', 'textOriginal': 'quem tem ouvido ,ouça   ,quem tem olhos enxergam, só sei que nada sei, já ouvi coisas a décadas atras agora  a mesma historia ai tem, fico triste mesmo . neste mundo obscuro.', 'parentId': 'UgwxY6BJdwK0_WPuoOx4AaABAg', 'authorDisplayName': 'Maria Alves', 'authorProfileImageUrl': 'https://yt3.ggpht.com/ytc/AGIKgqNbv4IzIR5vop4DwE-hnLQJbDUK85gDbK5I4l7eI0RHLeqh6DdXku5wJJ4OSyaH=s48-c-k-c0x00ffffff-no-rj', 'authorChannelUrl': 'http://www.youtube.com/channel/UC8uWxxHTUxYE_0tkjPew7iw', 'authorChannelId': {'value': 'UC8uWxxHTUxYE_0tkjPew7iw'}, 'canRate': True, 'viewerRating': 'none', 'likeCount': 0, 'publishedAt': '2022-10-20T03:28:23Z', 'updatedAt': '2022-10-20T03:28:23Z'}}, {'kind': 'youtube#comment', 'etag': '_EW5h7c76ZYtrsosIxNrlpabF94', 'id': 'UgwxY6BJdwK0_WPuoOx4AaABAg.9hLBeCRAs4I9hLY_nfXIaF', 'snippet': {'videoId': '5Q73TeeVlsc', 'textDisplay': 'Loba velha essa Damares', 'textOriginal': 'Loba velha essa Damares', 'parentId': 'UgwxY6BJdwK0_WPuoOx4AaABAg', 'authorDisplayName': 'Ione Santana', 'authorProfileImageUrl': 'https://yt3.ggpht.com/ytc/AGIKgqMY7B1doX45fDoHWpBCawU0j2PJLPszas24ng=s48-c-k-c0x00ffffff-no-rj', 'authorChannelUrl': 'http://www.youtube.com/channel/UChXSGCG5c1bdSbjd57cBVvQ', 'authorChannelId': {'value': 'UChXSGCG5c1bdSbjd57cBVvQ'}, 'canRate': True, 'viewerRating': 'none', 'likeCount': 0, 'publishedAt': '2022-10-19T00:45:28Z', 'updatedAt': '2022-10-19T00:45:28Z'}}, {'kind': 'youtube#comment', 'etag': '6vMSkzHB8XdI8suIxsjRtLe2H-U', 'id': 'UgwxY6BJdwK0_WPuoOx4AaABAg.9hLBeCRAs4I9hLHCx2Mwr3', 'snippet': {'videoId': '5Q73TeeVlsc', 'textDisplay': 'Isso aí tem aos montes no sites da QAnom,onde já tive uma conta.<br>Fanfics desse tipo parecem escrita por criminosos 🤢!', 'textOriginal': 'Isso aí tem aos montes no sites da QAnom,onde já tive uma conta.\\nFanfics desse tipo parecem escrita por criminosos 🤢!', 'parentId': 'UgwxY6BJdwK0_WPuoOx4AaABAg', 'authorDisplayName': 'patriOTARIO', 'authorProfileImageUrl': 'https://yt3.ggpht.com/aX4S4FeRrS4dBosWDxVX8oqe9SmsX03prXL_HRZrO0hoLRmHhEaDtRHJ1Z67EO7KXsE0Tpi7Ew=s48-c-k-c0x00ffffff-no-rj', 'authorChannelUrl': 'http://www.youtube.com/channel/UCrb_wcyF85s6HxTq3tftADw', 'authorChannelId': {'value': 'UCrb_wcyF85s6HxTq3tftADw'}, 'canRate': True, 'viewerRating': 'none', 'likeCount': 1, 'publishedAt': '2022-10-18T22:13:40Z', 'updatedAt': '2022-10-18T22:13:40Z'}}, {'kind': 'youtube#comment', 'etag': 'KOnyELNjM_Yqt8NjIAyvyux43Sw', 'id': 'UgwxY6BJdwK0_WPuoOx4AaABAg.9hLBeCRAs4I9hLFljU06ry', 'snippet': {'videoId': '5Q73TeeVlsc', 'textDisplay': 'DOIDAMARES  !<br>falando  com a boca o quê o coração está CHEIO  !!!!!<br>roteiro dos SEUS fetiches ungidos???????<br>onde esse país chegou NÉ  ???<br>essa   MUÉ<br>foi  eleita  senadora....<br>fundo do poço  !!', 'textOriginal': 'DOIDAMARES  !\\nfalando  com a boca o quê o coração está CHEIO  !!!!!\\nroteiro dos SEUS fetiches ungidos???????\\nonde esse país chegou NÉ  ???\\nessa   MUÉ\\nfoi  eleita  senadora....\\nfundo do poço  !!', 'parentId': 'UgwxY6BJdwK0_WPuoOx4AaABAg', 'authorDisplayName': 'Regina Ropelato', 'authorProfileImageUrl': 'https://yt3.ggpht.com/ytc/AGIKgqMCmWnQ-5CD2J30VLjZrlZWUoWL8u8NRCp5wA=s48-c-k-c0x00ffffff-no-rj', 'authorChannelUrl': 'http://www.youtube.com/channel/UCi2rVoMJRdqhg6G87GEt10Q', 'authorChannelId': {'value': 'UCi2rVoMJRdqhg6G87GEt10Q'}, 'canRate': True, 'viewerRating': 'none', 'likeCount': 0, 'publishedAt': '2022-10-18T22:01:04Z', 'updatedAt': '2022-10-18T22:01:04Z'}}, {'kind': 'youtube#comment', 'etag': 'LTnenMs3T8STZsUZWHsSaPu5r5Q', 'id': 'UgwxY6BJdwK0_WPuoOx4AaABAg.9hLBeCRAs4I9hLDk_kqCCG', 'snippet': {'videoId': '5Q73TeeVlsc', 'textDisplay': 'A boca fala do que o coração está cheio!', 'textOriginal': 'A boca fala do que o coração está cheio!', 'parentId': 'UgwxY6BJdwK0_WPuoOx4AaABAg', 'authorDisplayName': 'Claudio Amorim Nunes de Freitas', 'authorProfileImageUrl': 'https://yt3.ggpht.com/ytc/AGIKgqOF_xBRWOGt3r3imzTYhN9WZgSSVE76dZ7VTZ6AmA=s48-c-k-c0x00ffffff-no-rj', 'authorChannelUrl': 'http://www.youtube.com/channel/UCy_Sh7eWXYri8qmz-2Qb2Cg', 'authorChannelId': {'value': 'UCy_Sh7eWXYri8qmz-2Qb2Cg'}, 'canRate': True, 'viewerRating': 'none', 'likeCount': 6, 'publishedAt': '2022-10-18T21:43:26Z', 'updatedAt': '2022-10-18T21:43:26Z'}}]}",UCkkGP5j-74o6QkG8Bw5xwLQ,2022-10-18T21:25:05Z,"Tem que ter uma mente muito perversa para inventar uma coisa dessa. Ela detalhou coisas hediondas, terríveis até pra ser citados😕",,2023-06-08 02:56:26.842933
youtube#commentThread,QVVCPzOYfm96C3hp9v18eSHpjPo,Ugy9H0Xk3B19YGO7J0F4AaABAg,"{'videoId': '5Q73TeeVlsc', 'topLevelComment': {'kind': 'youtube#comment', 'etag': 'X2nYuGtMGOAVCtxeCPQJ_zt3sBU', 'id': 'Ugy9H0Xk3B19YGO7J0F4AaABAg', 'snippet': {'videoId': '5Q73TeeVlsc', 'textDisplay': 'As máscaras estão caindo! Lula presidente!', 'textOriginal': 'As máscaras estão caindo! Lula presidente!', 'authorDisplayName': 'Lições de Amor', 'authorProfileImageUrl': 'https://yt3.ggpht.com/ytc/AGIKgqMdevfB4cDrNOxGa0q8nVIpdo_Ts4EiOKMz6ks6hw=s48-c-k-c0x00ffffff-no-rj', 'authorChannelUrl': 'http://www.youtube.com/channel/UCjhVkW5ACkC3bBbCzLQeLQQ', 'authorChannelId': {'value': 'UCjhVkW5ACkC3bBbCzLQeLQQ'}, 'canRate': True, 'viewerRating': 'none', 'likeCount': 6, 'publishedAt': '2022-10-18T21:24:31Z', 'updatedAt': '2022-10-18T21:24:31Z'}}, 'canReply': True, 'totalReplyCount': 0, 'isPublic': True}",,UCjhVkW5ACkC3bBbCzLQeLQQ,2022-10-18T21:24:31Z,As máscaras estão caindo! Lula presidente!,,2023-06-08 02:56:26.842933
youtube#commentThread,-CZrSyi5jn74cxwslunXjTMqeuY,Ugy7zKReLBYLiO9OB054AaABAg,"{'videoId': '5Q73TeeVlsc', 'topLevelComment': {'kind': 'youtube#comment', 'etag': 'BfsXpeBT6PX2Aj2XSNZvM8IiHWo', 'id': 'Ugy7zKReLBYLiO9OB054AaABAg', 'snippet': {'videoId': '5Q73TeeVlsc', 'textDisplay': 'Vixe essa damares é doida ,igual o genocida do bozo rachadinha..13 neles', 'textOriginal': 'Vixe essa damares é doida ,igual o genocida do bozo rachadinha..13 neles', 'authorDisplayName': 'Isaac Miranda', 'authorProfileImageUrl': 'https://yt3.ggpht.com/ytc/AGIKgqMS0YgMqBSW-0PpZBtTI-X1NEuwE7cHzlQGEA=s48-c-k-c0x00ffffff-no-rj', 'authorChannelUrl': 'http://www.youtube.com/channel/UCXzLTR4QWHCf8_fDCWKOxFA', 'authorChannelId': {'value': 'UCXzLTR4QWHCf8_fDCWKOxFA'}, 'canRate': True, 'viewerRating': 'none', 'likeCount': 0, 'publishedAt': '2022-10-18T21:22:57Z', 'updatedAt': '2022-10-18T21:22:57Z'}}, 'canReply': True, 'totalReplyCount': 0, 'isPublic': True}",,UCXzLTR4QWHCf8_fDCWKOxFA,2022-10-18T21:22:57Z,"Vixe essa damares é doida ,igual o genocida do bozo rachadinha..13 neles",,2023-06-08 02:56:26.842933
youtube#commentThread,suTn1fZ8o0QcTTnBSPvmbYcFj1g,UgwMumQFqEncAyV4WVt4AaABAg,"{'videoId': '5Q73TeeVlsc', 'topLevelComment': {'kind': 'youtube#comment', 'etag': '_IYL5P2ZSsC-sK0Jk6OrXpVdIsc', 'id': 'UgwMumQFqEncAyV4WVt4AaABAg', 'snippet': {'videoId': '5Q73TeeVlsc', 'textDisplay': 'LULA no Flow Podcast - hoje 18.10 - 19h', 'textOriginal': 'LULA no Flow Podcast - hoje 18.10 - 19h', 'authorDisplayName': 'Roberto Marques', 'authorProfileImageUrl': 'https://yt3.ggpht.com/ytc/AGIKgqPrUl5xdqibhiBPSm4yr0gkpSUgnZTScfof-cwOdX8g9-OYvTqn5pIzBANvl3J6=s48-c-k-c0x00ffffff-no-rj', 'authorChannelUrl': 'http://www.youtube.com/channel/UCmwCjzYA3iQJ92MsFfvi_lQ', 'authorChannelId': {'value': 'UCmwCjzYA3iQJ92MsFfvi_lQ'}, 'canRate': True, 'viewerRating': 'none', 'likeCount': 5, 'publishedAt': '2022-10-18T21:21:42Z', 'updatedAt': '2022-10-18T21:21:42Z'}}, 'canReply': True, 'totalReplyCount': 0, 'isPublic': True}",,UCmwCjzYA3iQJ92MsFfvi_lQ,2022-10-18T21:21:42Z,LULA no Flow Podcast - hoje 18.10 - 19h,,2023-06-08 02:56:26.842933
youtube#commentThread,B-vAyrlZnmJ57sH4p89pND7qZ_o,UgxizJyw6HDwODXgZzp4AaABAg,"{'videoId': '5Q73TeeVlsc', 'topLevelComment': {'kind': 'youtube#comment', 'etag': 'zJRKcCd6cIcwIqQPQM8AlbT0Zxo', 'id': 'UgxizJyw6HDwODXgZzp4AaABAg', 'snippet': {'videoId': '5Q73TeeVlsc', 'textDisplay': 'Kkkkk, foi só uma mentirinha gospel, minha gente.<br><br>Deus, proteja nossas crianças da bondade do cidadão de bem, do pastor evangélico, do clima com uma menor de 14 anos e do atirador patriota.<br><br>AMÉM 🙏', 'textOriginal': 'Kkkkk, foi só uma mentirinha gospel, minha gente.\\n\\nDeus, proteja nossas crianças da bondade do cidadão de bem, do pastor evangélico, do clima com uma menor de 14 anos e do atirador patriota.\\n\\nAMÉM 🙏', 'authorDisplayName': 'Claudio Amorim Nunes de Freitas', 'authorProfileImageUrl': 'https://yt3.ggpht.com/ytc/AGIKgqOF_xBRWOGt3r3imzTYhN9WZgSSVE76dZ7VTZ6AmA=s48-c-k-c0x00ffffff-no-rj', 'authorChannelUrl': 'http://www.youtube.com/channel/UCy_Sh7eWXYri8qmz-2Qb2Cg', 'authorChannelId': {'value': 'UCy_Sh7eWXYri8qmz-2Qb2Cg'}, 'canRate': True, 'viewerRating': 'none', 'likeCount': 12, 'publishedAt': '2022-10-18T21:21:20Z', 'updatedAt': '2022-10-18T21:21:20Z'}}, 'canReply': True, 'totalReplyCount': 2, 'isPublic': True}","{'comments': [{'kind': 'youtube#comment', 'etag': 'QC5-h6BkIKapPBf3duwNBZtOj90', 'id': 'UgxizJyw6HDwODXgZzp4AaABAg.9hLBDjcmv6h9hLG3rqrc3a', 'snippet': {'videoId': '5Q73TeeVlsc', 'textDisplay': 'DOIDAMARES <br>na   SUA   fixação:<br>SEXO   <br>   e<br>MENTIRAS....<br>onde esse país chegou NÉ  ???<br>fundo do poço...!', 'textOriginal': 'DOIDAMARES \\nna   SUA   fixação:\\nSEXO   \\n   e\\nMENTIRAS....\\nonde esse país chegou NÉ  ???\\nfundo do poço...!', 'parentId': 'UgxizJyw6HDwODXgZzp4AaABAg', 'authorDisplayName': 'Regina Ropelato', 'authorProfileImageUrl': 'https://yt3.ggpht.com/ytc/AGIKgqMCmWnQ-5CD2J30VLjZrlZWUoWL8u8NRCp5wA=s48-c-k-c0x00ffffff-no-rj', 'authorChannelUrl': 'http://www.youtube.com/channel/UCi2rVoMJRdqhg6G87GEt10Q', 'authorChannelId': {'value': 'UCi2rVoMJRdqhg6G87GEt10Q'}, 'canRate': True, 'viewerRating': 'none', 'likeCount': 0, 'publishedAt': '2022-10-18T22:03:41Z', 'updatedAt': '2022-10-18T22:03:41Z'}}, {'kind': 'youtube#comment', 'etag': '8LaTOoFK6j1Zweg39lyy0UvtB3I', 'id': 'UgxizJyw6HDwODXgZzp4AaABAg.9hLBDjcmv6h9hLE5rQpFxV', 'snippet': {'videoId': '5Q73TeeVlsc', 'textDisplay': 'Claudio Amorim Nunes tem muita pedofilia nos conventos católicos. Outra coisa é que a psiquiatra Ana Beatriz Barbosa falou a dois meses atrás num podcast quase a mesma coisa que a Damares falou. Porquê vcs não atacam a psiquiatra fanática e maluca ? Ora bolas . Da uma verificada no seu celular.', 'textOriginal': 'Claudio Amorim Nunes tem muita pedofilia nos conventos católicos. Outra coisa é que a psiquiatra Ana Beatriz Barbosa falou a dois meses atrás num podcast quase a mesma coisa que a Damares falou. Porquê vcs não atacam a psiquiatra fanática e maluca ? Ora bolas . Da uma verificada no seu celular.', 'parentId': 'UgxizJyw6HDwODXgZzp4AaABAg', 'authorDisplayName': 'Jose Ricardo de Souza', 'authorProfileImageUrl': 'https://yt3.ggpht.com/ytc/AGIKgqM9BqSiPe_YPrzcp95HngQKF5UEVhkR-FN1rg=s48-c-k-c0x00ffffff-no-rj', 'authorChannelUrl': 'http://www.youtube.com/channel/UCx8t1SXnlnY6WA5JZWTJi6A', 'authorChannelId': {'value': 'UCx8t1SXnlnY6WA5JZWTJi6A'}, 'canRate': True, 'viewerRating': 'none', 'likeCount': 0, 'publishedAt': '2022-10-18T21:46:29Z', 'updatedAt': '2022-10-18T21:47:13Z'}}]}",UCy_Sh7eWXYri8qmz-2Qb2Cg,2022-10-18T21:21:20Z,"Kkkkk, foi só uma mentirinha gospel, minha gente.

Deus, proteja nossas crianças da bondade do cidadão de bem, do pastor evangélico, do clima com uma menor de 14 anos e do atirador patriota.

AMÉM 🙏",,2023-06-08 02:56:26.842933
youtube#commentThread,13OPwIgr10R5Oiz4vi6TpKyxt4Y,UgzjFpHEr5zQob8QA9N4AaABAg,"{'videoId': '5Q73TeeVlsc', 'topLevelComment': {'kind': 'youtube#comment', 'etag': '3WGzgzk5oKSsaEBZycSVgXGfLa8', 'id': 'UgzjFpHEr5zQob8QA9N4AaABAg', 'snippet': {'videoId': '5Q73TeeVlsc', 'textDisplay': 'Até q enfim meu Deus o q vcs fazem com o povo do nosso País merece pena de morte msmo... Damares Deus te abençoe e obrigada por tudo', 'textOriginal': 'Até q enfim meu Deus o q vcs fazem com o povo do nosso País merece pena de morte msmo... Damares Deus te abençoe e obrigada por tudo', 'authorDisplayName': 'Aline Silveira', 'authorProfileImageUrl': 'https://yt3.ggpht.com/Kbcqy83RyKDCBwr9Zp4P_Mr5gqyWT2m6_mRWVITHbkRYrL371SoI0iapCUjYyqOYn5uchi5FQtc=s48-c-k-c0x00ffffff-no-rj', 'authorChannelUrl': 'http://www.youtube.com/channel/UCBxt6Mr3-dJGJDY0NJ0kBAA', 'authorChannelId': {'value': 'UCBxt6Mr3-dJGJDY0NJ0kBAA'}, 'canRate': True, 'viewerRating': 'none', 'likeCount': 3, 'publishedAt': '2022-10-18T21:20:36Z', 'updatedAt': '2022-10-18T21:20:36Z'}}, 'canReply': True, 'totalReplyCount': 12, 'isPublic': True}","{'comments': [{'kind': 'youtube#comment', 'etag': 'AtChQHTnL_qyeAEZs7lz-HkcBK4', 'id': 'UgzjFpHEr5zQob8QA9N4AaABAg.9hLB8Njwwly9hR1oZHE1dl', 'snippet': {'videoId': '5Q73TeeVlsc', 'textDisplay': '@Aline Silveira Será que a Damares sabe que a Bíblia que ela defende proíbe a existência de pastoras? &quot;Permaneçam as mulheres em silêncio nas igrejas, pois não lhes é permitido falar; antes permaneçam em submissão, como diz a lei&quot;.\\r<br>&quot;Se quiserem aprender alguma coisa, que perguntem a seus maridos em casa; pois é vergonhoso uma mulher falar na igreja&quot;.(1 Coríntios <a href=""https://www.youtube.com/watch?v=5Q73TeeVlsc&amp;t=14m34s"">14:34</a>,35).', 'textOriginal': '@Aline Silveira Será que a Damares sabe que a Bíblia que ela defende proíbe a existência de pastoras? ""Permaneçam as mulheres em silêncio nas igrejas, pois não lhes é permitido falar; antes permaneçam em submissão, como diz a lei"".\\r\\n""Se quiserem aprender alguma coisa, que perguntem a seus maridos em casa; pois é vergonhoso uma mulher falar na igreja"".(1 Coríntios 14:34,35).', 'parentId': 'UgzjFpHEr5zQob8QA9N4AaABAg', 'authorDisplayName': 'Izadora Lima', 'authorProfileImageUrl': 'https://yt3.ggpht.com/Inl9YWzR_586MhLVeBjXoMynwxahevLdzN_C0NRpeCQFF68RAK7Ar_53PYvt25df9WfH06wZPQ=s48-c-k-c0x00ffffff-no-rj', 'authorChannelUrl': 'http://www.youtube.com/channel/UCWv6XWPzbnd3KkOMahtmKdg', 'authorChannelId': {'value': 'UCWv6XWPzbnd3KkOMahtmKdg'}, 'canRate': True, 'viewerRating': 'none', 'likeCount': 0, 'publishedAt': '2022-10-21T03:54:34Z', 'updatedAt': '2022-10-21T03:54:34Z'}}, {'kind': 'youtube#comment', 'etag': 'XDsBn9YLxAh6MSB9t8B19hhyzU8', 'id': 'UgzjFpHEr5zQob8QA9N4AaABAg.9hLB8Njwwly9hQhikUmbOy', 'snippet': {'videoId': '5Q73TeeVlsc', 'textDisplay': '@Aline Silveira como pode ser tão burra? Isso daí e campanha eleitoral pro mito minha filha, ela fala como se o Bolsonaro fosse o novo messias , usando a igreja pra porra de política, isso e bíblico esses idólatras vão arder no fogo do inferno', 'textOriginal': '@Aline Silveira como pode ser tão burra? Isso daí e campanha eleitoral pro mito minha filha, ela fala como se o Bolsonaro fosse o novo messias , usando a igreja pra porra de política, isso e bíblico esses idólatras vão arder no fogo do inferno', 'parentId': 'UgzjFpHEr5zQob8QA9N4AaABAg', 'authorDisplayName': 'Lucas Morais', 'authorProfileImageUrl': 'https://yt3.ggpht.com/ytc/AGIKgqO6iVKqiMjSAeSJlxd3Lh3bM5jk4AZEOos0HJHIhyPioehTOLMycgIEagsVzBsY=s48-c-k-c0x00ffffff-no-rj', 'authorChannelUrl': 'http://www.youtube.com/channel/UCb8fCnZVGY_BfuCtwSXmpvQ', 'authorChannelId': {'value': 'UCb8fCnZVGY_BfuCtwSXmpvQ'}, 'canRate': True, 'viewerRating': 'none', 'likeCount': 0, 'publishedAt': '2022-10-21T00:50:16Z', 'updatedAt': '2022-10-21T00:50:16Z'}}, {'kind': 'youtube#comment', 'etag': 'A0KsmqGI9wlWjO-WDLmoENnDuC0', 'id': 'UgzjFpHEr5zQob8QA9N4AaABAg.9hLB8Njwwly9hOVVCn3n1n', 'snippet': {'videoId': '5Q73TeeVlsc', 'textDisplay': 'Marajó meninas em risco Record... põe lá', 'textOriginal': 'Marajó meninas em risco Record... põe lá', 'parentId': 'UgzjFpHEr5zQob8QA9N4AaABAg', 'authorDisplayName': 'Aline Silveira', 'authorProfileImageUrl': 'https://yt3.ggpht.com/Kbcqy83RyKDCBwr9Zp4P_Mr5gqyWT2m6_mRWVITHbkRYrL371SoI0iapCUjYyqOYn5uchi5FQtc=s48-c-k-c0x00ffffff-no-rj', 'authorChannelUrl': 'http://www.youtube.com/channel/UCBxt6Mr3-dJGJDY0NJ0kBAA', 'authorChannelId': {'value': 'UCBxt6Mr3-dJGJDY0NJ0kBAA'}, 'canRate': True, 'viewerRating': 'none', 'likeCount': 0, 'publishedAt': '2022-10-20T04:16:12Z', 'updatedAt': '2022-10-20T04:16:12Z'}}, {'kind': 'youtube#comment', 'etag': 'S8Fhy17wn4DCF0D449ZmZLjaH3A', 'id': 'UgzjFpHEr5zQob8QA9N4AaABAg.9hLB8Njwwly9hOCqK88rWN', 'snippet': {'videoId': '5Q73TeeVlsc', 'textDisplay': '@Aline Silveira Á falsa briga né, pq ninguém questionar sua crença de Deus, só não concordam com as MENTIRAS da damares, e se vc vier falar q não é mentira, coloca uma prova com fontes <b>reais</b> por favor, q aí eu calo minha boca', 'textOriginal': '@Aline Silveira Á falsa briga né, pq ninguém questionar sua crença de Deus, só não concordam com as MENTIRAS da damares, e se vc vier falar q não é mentira, coloca uma prova com fontes *reais* por favor, q aí eu calo minha boca', 'parentId': 'UgzjFpHEr5zQob8QA9N4AaABAg', 'authorDisplayName': 'hungria', 'authorProfileImageUrl': 'https://yt3.ggpht.com/hqAu7vGaWGZjLRUZ5RXH7-QRLD8sHT5w1n3Kb7RlBT9l38uPBO6ntwAfUK4OoJF2xDjOwGwDMw=s48-c-k-c0x00ffffff-no-rj', 'authorChannelUrl': 'http://www.youtube.com/channel/UC8cJqm-9LSdBS7pw0Zwx5KQ', 'authorChannelId': {'value': 'UC8cJqm-9LSdBS7pw0Zwx5KQ'}, 'canRate': True, 'viewerRating': 'none', 'likeCount': 0, 'publishedAt': '2022-10-20T01:33:12Z', 'updatedAt': '2022-10-20T01:33:12Z'}}, {'kind': 'youtube#comment', 'etag': 'bkH7AuLhTA-5cQ2riuOSZzj_H94', 'id': 'UgzjFpHEr5zQob8QA9N4AaABAg.9hLB8Njwwly9hLLfuEQQKj', 'snippet': {'videoId': '5Q73TeeVlsc', 'textDisplay': 'Vcs só pensam em atacar em momento algum procurar saber das crianças...Mais a briga agora é de Deus.', 'textOriginal': 'Vcs só pensam em atacar em momento algum procurar saber das crianças...Mais a briga agora é de Deus.', 'parentId': 'UgzjFpHEr5zQob8QA9N4AaABAg', 'authorDisplayName': 'Aline Silveira', 'authorProfileImageUrl': 'https://yt3.ggpht.com/Kbcqy83RyKDCBwr9Zp4P_Mr5gqyWT2m6_mRWVITHbkRYrL371SoI0iapCUjYyqOYn5uchi5FQtc=s48-c-k-c0x00ffffff-no-rj', 'authorChannelUrl': 'http://www.youtube.com/channel/UCBxt6Mr3-dJGJDY0NJ0kBAA', 'authorChannelId': {'value': 'UCBxt6Mr3-dJGJDY0NJ0kBAA'}, 'canRate': True, 'viewerRating': 'none', 'likeCount': 1, 'publishedAt': '2022-10-18T22:52:42Z', 'updatedAt': '2022-10-18T22:52:42Z'}}]}",UCBxt6Mr3-dJGJDY0NJ0kBAA,2022-10-18T21:20:36Z,Até q enfim meu Deus o q vcs fazem com o povo do nosso País merece pena de morte msmo... Damares Deus te abençoe e obrigada por tudo,,2023-06-08 02:56:26.842933
youtube#commentThread,_R5a-JSsPPkamQR0u9z92ahfi_4,UgziTL5amZC6tqszCkd4AaABAg,"{'videoId': '5Q73TeeVlsc', 'topLevelComment': {'kind': 'youtube#comment', 'etag': 'cBCIzaxFnHn_7KDEcvKeeN901XI', 'id': 'UgziTL5amZC6tqszCkd4AaABAg', 'snippet': {'videoId': '5Q73TeeVlsc', 'textDisplay': 'Bolsonaro é 22!!!!!', 'textOriginal': 'Bolsonaro é 22!!!!!', 'authorDisplayName': 'Sonia de Castro', 'authorProfileImageUrl': 'https://yt3.ggpht.com/ytc/AGIKgqNnpr5sUjJvN_J-1EUEy0b1il7QpBGHF8evpA=s48-c-k-c0x00ffffff-no-rj', 'authorChannelUrl': 'http://www.youtube.com/channel/UCgpj8fKiQNXL-doPlu1iIYQ', 'authorChannelId': {'value': 'UCgpj8fKiQNXL-doPlu1iIYQ'}, 'canRate': True, 'viewerRating': 'none', 'likeCount': 3, 'publishedAt': '2022-10-18T21:20:04Z', 'updatedAt': '2022-10-18T21:20:04Z'}}, 'canReply': True, 'totalReplyCount': 1, 'isPublic': True}","{'comments': [{'kind': 'youtube#comment', 'etag': '_rKXH6o7mbj9PfKHofCMuF6Ix68', 'id': 'UgziTL5amZC6tqszCkd4AaABAg.9hLB4O96jYD9hLEfBBbyCz', 'snippet': {'videoId': '5Q73TeeVlsc', 'textDisplay': 'Bozo é Bangú 8 em 2023!', 'textOriginal': 'Bozo é Bangú 8 em 2023!', 'parentId': 'UgziTL5amZC6tqszCkd4AaABAg', 'authorDisplayName': 'Ricardo Ernesto Rose', 'authorProfileImageUrl': 'https://yt3.ggpht.com/ytc/AGIKgqPvkt-cT1GiWnDidKIiOHrsvmmJrSnOkB4PhKrhYA=s48-c-k-c0x00ffffff-no-rj', 'authorChannelUrl': 'http://www.youtube.com/channel/UCt8r-mSkRLgcVZR_63sXOCA', 'authorChannelId': {'value': 'UCt8r-mSkRLgcVZR_63sXOCA'}, 'canRate': True, 'viewerRating': 'none', 'likeCount': 0, 'publishedAt': '2022-10-18T21:51:26Z', 'updatedAt': '2022-10-18T21:51:26Z'}}]}",UCgpj8fKiQNXL-doPlu1iIYQ,2022-10-18T21:20:04Z,Bolsonaro é 22!!!!!,,2023-06-08 02:56:26.842933
youtube#commentThread,8bm24gk98OiccW_7eMZJzPjvLlA,UgwkFEfgcmmx5m1Yy1F4AaABAg,"{'videoId': '5Q73TeeVlsc', 'topLevelComment': {'kind': 'youtube#comment', 'etag': '_9IVqjNrHdUfscBJoZirAqkPnyg', 'id': 'UgwkFEfgcmmx5m1Yy1F4AaABAg', 'snippet': {'videoId': '5Q73TeeVlsc', 'textDisplay': '13 Lula 13 Lula 13 Lula 13 Lula 13', 'textOriginal': '13 Lula 13 Lula 13 Lula 13 Lula 13', 'authorDisplayName': 'Maria Madalena', 'authorProfileImageUrl': 'https://yt3.ggpht.com/ytc/AGIKgqO4N1JosMhvoxiqkMe59bT2M9lwSmE_PejA0t3oUifN0-rFD6HU5shVE_Hvppyf=s48-c-k-c0x00ffffff-no-rj', 'authorChannelUrl': 'http://www.youtube.com/channel/UCyI505MnHiS4yus6ako8X1g', 'authorChannelId': {'value': 'UCyI505MnHiS4yus6ako8X1g'}, 'canRate': True, 'viewerRating': 'none', 'likeCount': 6, 'publishedAt': '2022-10-18T21:19:31Z', 'updatedAt': '2022-10-18T21:19:31Z'}}, 'canReply': True, 'totalReplyCount': 2, 'isPublic': True}","{'comments': [{'kind': 'youtube#comment', 'etag': 'T2l3ODGSqX2CDXFl36nLtGEwBd0', 'id': 'UgwkFEfgcmmx5m1Yy1F4AaABAg.9hLB0OtGOGH9hOR5W-6pOW', 'snippet': {'videoId': '5Q73TeeVlsc', 'textDisplay': 'pois e Maria a  dois anos atras algo envolvendo o partido que vc defende no nordeste aconteceu então acredito na Damaris', 'textOriginal': 'pois e Maria a  dois anos atras algo envolvendo o partido que vc defende no nordeste aconteceu então acredito na Damaris', 'parentId': 'UgwkFEfgcmmx5m1Yy1F4AaABAg', 'authorDisplayName': 'Maria Alves', 'authorProfileImageUrl': 'https://yt3.ggpht.com/ytc/AGIKgqNbv4IzIR5vop4DwE-hnLQJbDUK85gDbK5I4l7eI0RHLeqh6DdXku5wJJ4OSyaH=s48-c-k-c0x00ffffff-no-rj', 'authorChannelUrl': 'http://www.youtube.com/channel/UC8uWxxHTUxYE_0tkjPew7iw', 'authorChannelId': {'value': 'UC8uWxxHTUxYE_0tkjPew7iw'}, 'canRate': True, 'viewerRating': 'none', 'likeCount': 0, 'publishedAt': '2022-10-20T03:37:45Z', 'updatedAt': '2022-10-20T03:37:45Z'}}, {'kind': 'youtube#comment', 'etag': 'cCreWdRfImZUH6ViXP3t1lwUkdU', 'id': 'UgwkFEfgcmmx5m1Yy1F4AaABAg.9hLB0OtGOGH9hLDJrAMS_V', 'snippet': {'videoId': '5Q73TeeVlsc', 'textDisplay': 'Lula é Ladrão e Lula e Ladrão', 'textOriginal': 'Lula é Ladrão e Lula e Ladrão', 'parentId': 'UgwkFEfgcmmx5m1Yy1F4AaABAg', 'authorDisplayName': 'Daniel', 'authorProfileImageUrl': 'https://yt3.ggpht.com/kP-x-T0JpV0nVSgrVBaQ4SZtqp6pLnI1rb-tRgn0BejOcqAJpMYSJggwgmWS6jCGcOOXMlv-=s48-c-k-c0x00ffffff-no-rj', 'authorChannelUrl': 'http://www.youtube.com/channel/UCaCLnjqVWhw94VcsxiKt2JA', 'authorChannelId': {'value': 'UCaCLnjqVWhw94VcsxiKt2JA'}, 'canRate': True, 'viewerRating': 'none', 'likeCount': 0, 'publishedAt': '2022-10-18T21:39:39Z', 'updatedAt': '2022-10-18T21:39:39Z'}}]}",UCyI505MnHiS4yus6ako8X1g,2022-10-18T21:19:31Z,13 Lula 13 Lula 13 Lula 13 Lula 13,,2023-06-08 02:56:26.842933
