kind,etag,id,snippet,replies,authorChannelId,publishedAt,textOriginal,nextPageToken,extraction_date
youtube#commentThread,r2UoFuH_OFRACOSLgZvIBai9WwE,UgzUYGEeQ7N0hBvUTeh4AaABAg,"{'videoId': 'fF41HiCA6wI', 'topLevelComment': {'kind': 'youtube#comment', 'etag': '9wuah9woLfSBW4c03IqQrbuVRno', 'id': 'UgzUYGEeQ7N0hBvUTeh4AaABAg', 'snippet': {'videoId': 'fF41HiCA6wI', 'textDisplay': 'Acredito que Deus ensino a perdoar e repensar nossos atos, não sei por que vive-se em uma sociedade politica que escarne do outro, inclusive com insultos partindo de um governante que apela para tudo e não se olha no espelho...', 'textOriginal': 'Acredito que Deus ensino a perdoar e repensar nossos atos, não sei por que vive-se em uma sociedade politica que escarne do outro, inclusive com insultos partindo de um governante que apela para tudo e não se olha no espelho...', 'authorDisplayName': 'Luiza Zampieri', 'authorProfileImageUrl': 'https://yt3.ggpht.com/50we1AxDK1_-f0a5Yecg5sS5qxJ_i6GJT2bztbnjoeotJKUhpq6fiMgQcAMrzPk8hGiS0WOcLw=s48-c-k-c0x00ffffff-no-rj', 'authorChannelUrl': 'http://www.youtube.com/channel/UC63_ZHmjkMEKS9dDjTYtgkQ', 'authorChannelId': {'value': 'UC63_ZHmjkMEKS9dDjTYtgkQ'}, 'canRate': True, 'viewerRating': 'none', 'likeCount': 0, 'publishedAt': '2022-10-13T01:28:43Z', 'updatedAt': '2022-10-13T01:28:43Z'}}, 'canReply': True, 'totalReplyCount': 0, 'isPublic': True}",,UC63_ZHmjkMEKS9dDjTYtgkQ,2022-10-13T01:28:43Z,"Acredito que Deus ensino a perdoar e repensar nossos atos, não sei por que vive-se em uma sociedade politica que escarne do outro, inclusive com insultos partindo de um governante que apela para tudo e não se olha no espelho...",,2023-06-08 11:17:43.597215
youtube#commentThread,Cw5uGL2NDY8K58_sH0pou89TEM4,UgzNpJHTA_2wuVO1nkB4AaABAg,"{'videoId': 'fF41HiCA6wI', 'topLevelComment': {'kind': 'youtube#comment', 'etag': 'Y7IHWno1Ynn-1KNVFtC-ziJelE0', 'id': 'UgzNpJHTA_2wuVO1nkB4AaABAg', 'snippet': {'videoId': 'fF41HiCA6wI', 'textDisplay': 'Lutamos para que no final desse mês,haja festas nas igrejas e não nos presídios!!!!', 'textOriginal': 'Lutamos para que no final desse mês,haja festas nas igrejas e não nos presídios!!!!', 'authorDisplayName': 'Alberto Gonzalez', 'authorProfileImageUrl': 'https://yt3.ggpht.com/ytc/AGIKgqO722L_bFI47P4QVQGgQQ-e0DbX-WgEl0aHtQaYO9uNaM7V0ObgZSGxvMbPI7l_=s48-c-k-c0x00ffffff-no-rj', 'authorChannelUrl': 'http://www.youtube.com/channel/UC48UoioMfY1TRYADrawVZeQ', 'authorChannelId': {'value': 'UC48UoioMfY1TRYADrawVZeQ'}, 'canRate': True, 'viewerRating': 'none', 'likeCount': 0, 'publishedAt': '2022-10-11T11:14:36Z', 'updatedAt': '2022-10-11T11:14:36Z'}}, 'canReply': True, 'totalReplyCount': 0, 'isPublic': True}",,UC48UoioMfY1TRYADrawVZeQ,2022-10-11T11:14:36Z,"Lutamos para que no final desse mês,haja festas nas igrejas e não nos presídios!!!!",,2023-06-08 11:17:43.597215
youtube#commentThread,dd6OdD8wiYmgXz9z63lUBQPvLIQ,Ugx4fnbKvdFlfXxVVwV4AaABAg,"{'videoId': 'fF41HiCA6wI', 'topLevelComment': {'kind': 'youtube#comment', 'etag': 'R_ty71fI5AIDj2E8McTiW2KsCZM', 'id': 'Ugx4fnbKvdFlfXxVVwV4AaABAg', 'snippet': {'videoId': 'fF41HiCA6wI', 'textDisplay': 'Esse cara não faz a mínima ideia do que acontece dentro das igrejas evangélicas. Ameaças, por exemplo, são constantes', 'textOriginal': 'Esse cara não faz a mínima ideia do que acontece dentro das igrejas evangélicas. Ameaças, por exemplo, são constantes', 'authorDisplayName': 'Pastor Berlofa', 'authorProfileImageUrl': 'https://yt3.ggpht.com/rUJUNoURP8jawOXIrrQD4H1n1VahTSU0HjnBAh5JKHNLyqgr6c2QQX-bnkNplOGHai98d5uWOA=s48-c-k-c0x00ffffff-no-rj', 'authorChannelUrl': 'http://www.youtube.com/channel/UCttWAzEAUQDOPVOFjhRD_2w', 'authorChannelId': {'value': 'UCttWAzEAUQDOPVOFjhRD_2w'}, 'canRate': True, 'viewerRating': 'none', 'likeCount': 0, 'publishedAt': '2022-10-11T10:31:43Z', 'updatedAt': '2022-10-11T10:31:43Z'}}, 'canReply': True, 'totalReplyCount': 0, 'isPublic': True}",,UCttWAzEAUQDOPVOFjhRD_2w,2022-10-11T10:31:43Z,"Esse cara não faz a mínima ideia do que acontece dentro das igrejas evangélicas. Ameaças, por exemplo, são constantes",,2023-06-08 11:17:43.597215
youtube#commentThread,LbXWLGInzGaNzYeU1QpUXG_Pl2M,UgxmidBSYGHBGyMHSxd4AaABAg,"{'videoId': 'fF41HiCA6wI', 'topLevelComment': {'kind': 'youtube#comment', 'etag': 'TOOfVDPSG98_PbQBrHTMnkOhlqs', 'id': 'UgxmidBSYGHBGyMHSxd4AaABAg', 'snippet': {'videoId': 'fF41HiCA6wI', 'textDisplay': 'Esse comentista que marciogomes arranjou é claramente antilulista...', 'textOriginal': 'Esse comentista que marciogomes arranjou é claramente antilulista...', 'authorDisplayName': 'Soninha PHIL', 'authorProfileImageUrl': 'https://yt3.ggpht.com/ytc/AGIKgqMgNTp1ZKknTjErmnXE68HAmFeL9jfdwKULaHn2WA=s48-c-k-c0x00ffffff-no-rj', 'authorChannelUrl': 'http://www.youtube.com/channel/UCs3v3TEDCdgiictsVrw8-VQ', 'authorChannelId': {'value': 'UCs3v3TEDCdgiictsVrw8-VQ'}, 'canRate': True, 'viewerRating': 'none', 'likeCount': 0, 'publishedAt': '2022-10-11T07:35:09Z', 'updatedAt': '2022-10-11T07:35:09Z'}}, 'canReply': True, 'totalReplyCount': 0, 'isPublic': True}",,UCs3v3TEDCdgiictsVrw8-VQ,2022-10-11T07:35:09Z,Esse comentista que marciogomes arranjou é claramente antilulista...,,2023-06-08 11:17:43.597215
youtube#commentThread,93JArj_VMvJbbSMvYAjLp9gRjT8,Ugww_1_4BhB4McCqpbx4AaABAg,"{'videoId': 'fF41HiCA6wI', 'topLevelComment': {'kind': 'youtube#comment', 'etag': 'T3NjSJWUP-Xy9T2P6MaqonZ0l30', 'id': 'Ugww_1_4BhB4McCqpbx4AaABAg', 'snippet': {'videoId': 'fF41HiCA6wI', 'textDisplay': 'O Felipe Moura, <a href=""https://www.youtube.com/watch?v=fF41HiCA6wI&amp;t=19h37m00s"">19:37:00</a> foi sensacional assumindo a função do Caio Jungueira, quando trazia a verdade dos dois lados da notícia', 'textOriginal': 'O Felipe Moura, 19:37:00 foi sensacional assumindo a função do Caio Jungueira, quando trazia a verdade dos dois lados da notícia', 'authorDisplayName': 'CALVO', 'authorProfileImageUrl': 'https://yt3.ggpht.com/k2L-kFsIEcW0Gxo8guzjWGuOyp5LJKiT8uxWK_GGgMRCJWMT2Oyh4WqA3QqVsTFyNpwfDRNFIQ=s48-c-k-c0x00ffffff-no-rj', 'authorChannelUrl': 'http://www.youtube.com/channel/UCGGY7D7U7wYPVCRzFLlqphg', 'authorChannelId': {'value': 'UCGGY7D7U7wYPVCRzFLlqphg'}, 'canRate': True, 'viewerRating': 'none', 'likeCount': 0, 'publishedAt': '2022-10-11T04:31:18Z', 'updatedAt': '2022-10-11T04:33:43Z'}}, 'canReply': True, 'totalReplyCount': 0, 'isPublic': True}",,UCGGY7D7U7wYPVCRzFLlqphg,2022-10-11T04:31:18Z,"O Felipe Moura, 19:37:00 foi sensacional assumindo a função do Caio Jungueira, quando trazia a verdade dos dois lados da notícia",,2023-06-08 11:17:43.597215
youtube#commentThread,S1GmSdVrPYqxe4FEXikA9brXX_E,UgygEeqD8Q7eb2bvvOx4AaABAg,"{'videoId': 'fF41HiCA6wI', 'topLevelComment': {'kind': 'youtube#comment', 'etag': 'PukfG3EnmwJweXGE17-bZFGZRGk', 'id': 'UgygEeqD8Q7eb2bvvOx4AaABAg', 'snippet': {'videoId': 'fF41HiCA6wI', 'textDisplay': 'Márcio tem que ir pra Globo i sim fuder la', 'textOriginal': 'Márcio tem que ir pra Globo i sim fuder la', 'authorDisplayName': 'mauro moraes', 'authorProfileImageUrl': 'https://yt3.ggpht.com/ytc/AGIKgqNJXm3BiWHstrZj6AlYy987WxVBtk21kqNJNSv3Poth23EZ2ftDXOZtcc6e-RG3=s48-c-k-c0x00ffffff-no-rj', 'authorChannelUrl': 'http://www.youtube.com/channel/UC-sX9FFY6z36iuEkPBgyiLw', 'authorChannelId': {'value': 'UC-sX9FFY6z36iuEkPBgyiLw'}, 'canRate': True, 'viewerRating': 'none', 'likeCount': 0, 'publishedAt': '2022-10-11T03:26:59Z', 'updatedAt': '2022-10-11T03:26:59Z'}}, 'canReply': True, 'totalReplyCount': 0, 'isPublic': True}",,UC-sX9FFY6z36iuEkPBgyiLw,2022-10-11T03:26:59Z,Márcio tem que ir pra Globo i sim fuder la,,2023-06-08 11:17:43.597215
youtube#commentThread,oHGVuFAmiopd5FhrcK5mVkPqQ3o,UgyOQQgqszf5IU3KCQ54AaABAg,"{'videoId': 'fF41HiCA6wI', 'topLevelComment': {'kind': 'youtube#comment', 'etag': '2ztxvsUvb_4zlPJ5xt9HpgP973Y', 'id': 'UgyOQQgqszf5IU3KCQ54AaABAg', 'snippet': {'videoId': 'fF41HiCA6wI', 'textDisplay': 'tu tem que ir pra blogo', 'textOriginal': 'tu tem que ir pra blogo', 'authorDisplayName': 'mauro moraes', 'authorProfileImageUrl': 'https://yt3.ggpht.com/ytc/AGIKgqNJXm3BiWHstrZj6AlYy987WxVBtk21kqNJNSv3Poth23EZ2ftDXOZtcc6e-RG3=s48-c-k-c0x00ffffff-no-rj', 'authorChannelUrl': 'http://www.youtube.com/channel/UC-sX9FFY6z36iuEkPBgyiLw', 'authorChannelId': {'value': 'UC-sX9FFY6z36iuEkPBgyiLw'}, 'canRate': True, 'viewerRating': 'none', 'likeCount': 0, 'publishedAt': '2022-10-11T03:20:35Z', 'updatedAt': '2022-10-11T03:20:35Z'}}, 'canReply': True, 'totalReplyCount': 0, 'isPublic': True}",,UC-sX9FFY6z36iuEkPBgyiLw,2022-10-11T03:20:35Z,tu tem que ir pra blogo,,2023-06-08 11:17:43.597215
youtube#commentThread,O9geE4rbBg49U5F1tMxRbhZhi2c,UgyXcOzFkypnIu_pAet4AaABAg,"{'videoId': 'fF41HiCA6wI', 'topLevelComment': {'kind': 'youtube#comment', 'etag': 'JHUxN6W1-62bqhl3u1k4nqWVpz0', 'id': 'UgyXcOzFkypnIu_pAet4AaABAg', 'snippet': {'videoId': 'fF41HiCA6wI', 'textDisplay': 'Lula Presidente em 30 de outubro', 'textOriginal': 'Lula Presidente em 30 de outubro', 'authorDisplayName': 'Paulo Junk', 'authorProfileImageUrl': 'https://yt3.ggpht.com/ytc/AGIKgqNFirorOPAto03encL-sYZDlE7QrI6b8wOFHLhp-T7k5SF_qgYK9nYm6zUkkwNP=s48-c-k-c0x00ffffff-no-rj', 'authorChannelUrl': 'http://www.youtube.com/channel/UCVrIwZ63XrdJUmN4XaGdHBw', 'authorChannelId': {'value': 'UCVrIwZ63XrdJUmN4XaGdHBw'}, 'canRate': True, 'viewerRating': 'none', 'likeCount': 1, 'publishedAt': '2022-10-11T03:01:18Z', 'updatedAt': '2022-10-11T03:01:18Z'}}, 'canReply': True, 'totalReplyCount': 0, 'isPublic': True}",,UCVrIwZ63XrdJUmN4XaGdHBw,2022-10-11T03:01:18Z,Lula Presidente em 30 de outubro,,2023-06-08 11:17:43.597215
youtube#commentThread,D6O6zdt-zNjeQCo6I14EjY7hQpc,UgzKBbPEAIM0XgnCNyV4AaABAg,"{'videoId': 'fF41HiCA6wI', 'topLevelComment': {'kind': 'youtube#comment', 'etag': 'r73rRgkQHWVro4riS-zfMmw487k', 'id': 'UgzKBbPEAIM0XgnCNyV4AaABAg', 'snippet': {'videoId': 'fF41HiCA6wI', 'textDisplay': 'ANULAR SEU VOTO É CONDENAR O BRASIL A VOLTA DA QUADRILHA DO PT. 😎👉🇧🇷', 'textOriginal': 'ANULAR SEU VOTO É CONDENAR O BRASIL A VOLTA DA QUADRILHA DO PT. 😎👉🇧🇷', 'authorDisplayName': 'SirKindle', 'authorProfileImageUrl': 'https://yt3.ggpht.com/ytc/AGIKgqMoWXTo_Yq2wrosKBevLuzOLFqYn-TdsxVXyI_--g=s48-c-k-c0x00ffffff-no-rj', 'authorChannelUrl': 'http://www.youtube.com/channel/UC69NIMmvQB5tZHc09v3984A', 'authorChannelId': {'value': 'UC69NIMmvQB5tZHc09v3984A'}, 'canRate': True, 'viewerRating': 'none', 'likeCount': 1, 'publishedAt': '2022-10-11T02:52:02Z', 'updatedAt': '2022-10-11T02:52:02Z'}}, 'canReply': True, 'totalReplyCount': 0, 'isPublic': True}",,UC69NIMmvQB5tZHc09v3984A,2022-10-11T02:52:02Z,ANULAR SEU VOTO É CONDENAR O BRASIL A VOLTA DA QUADRILHA DO PT. 😎👉🇧🇷,,2023-06-08 11:17:43.597215
youtube#commentThread,JEaXfpGd2qa1veeQsUjpTQjjphE,UgwTkSzXA83orBlaaGp4AaABAg,"{'videoId': 'fF41HiCA6wI', 'topLevelComment': {'kind': 'youtube#comment', 'etag': 'newmly_Wqgr3yLc6Cf44bTlP944', 'id': 'UgwTkSzXA83orBlaaGp4AaABAg', 'snippet': {'videoId': 'fF41HiCA6wI', 'textDisplay': 'Samos Lula presidente 👍', 'textOriginal': 'Samos Lula presidente 👍', 'authorDisplayName': 'Ismael De jesus', 'authorProfileImageUrl': 'https://yt3.ggpht.com/ytc/AGIKgqPuz3WF9lZfcmlvgrFfEGIGb8p7XlbH70BTRwy0vd8gqkrsaHWdYia_0HdDiHiX=s48-c-k-c0x00ffffff-no-rj', 'authorChannelUrl': 'http://www.youtube.com/channel/UC-TnN9rvNxNXWCh00ebOwXQ', 'authorChannelId': {'value': 'UC-TnN9rvNxNXWCh00ebOwXQ'}, 'canRate': True, 'viewerRating': 'none', 'likeCount': 2, 'publishedAt': '2022-10-11T02:40:47Z', 'updatedAt': '2022-10-11T02:40:47Z'}}, 'canReply': True, 'totalReplyCount': 0, 'isPublic': True}",,UC-TnN9rvNxNXWCh00ebOwXQ,2022-10-11T02:40:47Z,Samos Lula presidente 👍,,2023-06-08 11:17:43.597215
youtube#commentThread,mGP4kMinoUXkievvHzKKB0-djOg,UgwXUQKvuI0NTNkBjj54AaABAg,"{'videoId': 'fF41HiCA6wI', 'topLevelComment': {'kind': 'youtube#comment', 'etag': 'RjgbSglyT2bfU6A4UHZj40AWIJA', 'id': 'UgwXUQKvuI0NTNkBjj54AaABAg', 'snippet': {'videoId': 'fF41HiCA6wI', 'textDisplay': 'Tarcísio para governador em São Paulo, futuro presidente do Brasil', 'textOriginal': 'Tarcísio para governador em São Paulo, futuro presidente do Brasil', 'authorDisplayName': 'Luiz Fernando Resende Lima', 'authorProfileImageUrl': 'https://yt3.ggpht.com/ytc/AGIKgqPNjvJ6yewHudEvsfKBTvSH_yTwUD_bKjFesVDqBgdAT19Jp_1JlaT-dGSId9o5=s48-c-k-c0x00ffffff-no-rj', 'authorChannelUrl': 'http://www.youtube.com/channel/UCikpy-xaGLzWbPKH21-xk0g', 'authorChannelId': {'value': 'UCikpy-xaGLzWbPKH21-xk0g'}, 'canRate': True, 'viewerRating': 'none', 'likeCount': 1, 'publishedAt': '2022-10-11T02:38:10Z', 'updatedAt': '2022-10-11T02:38:10Z'}}, 'canReply': True, 'totalReplyCount': 0, 'isPublic': True}",,UCikpy-xaGLzWbPKH21-xk0g,2022-10-11T02:38:10Z,"Tarcísio para governador em São Paulo, futuro presidente do Brasil",,2023-06-08 11:17:43.597215
youtube#commentThread,Tfmw5FfuDSYurFoHFt9pmGssCfw,UgwXPeoQSdYTBLXnRxh4AaABAg,"{'videoId': 'fF41HiCA6wI', 'topLevelComment': {'kind': 'youtube#comment', 'etag': 'JBN1BC-Y9mNmcGa9i7G2FyrBepk', 'id': 'UgwXPeoQSdYTBLXnRxh4AaABAg', 'snippet': {'videoId': 'fF41HiCA6wI', 'textDisplay': 'Bolsonaro esse sim 👍 para um Brasil melhor', 'textOriginal': 'Bolsonaro esse sim 👍 para um Brasil melhor', 'authorDisplayName': 'Luiz Fernando Resende Lima', 'authorProfileImageUrl': 'https://yt3.ggpht.com/ytc/AGIKgqPNjvJ6yewHudEvsfKBTvSH_yTwUD_bKjFesVDqBgdAT19Jp_1JlaT-dGSId9o5=s48-c-k-c0x00ffffff-no-rj', 'authorChannelUrl': 'http://www.youtube.com/channel/UCikpy-xaGLzWbPKH21-xk0g', 'authorChannelId': {'value': 'UCikpy-xaGLzWbPKH21-xk0g'}, 'canRate': True, 'viewerRating': 'none', 'likeCount': 0, 'publishedAt': '2022-10-11T02:37:34Z', 'updatedAt': '2022-10-11T02:37:34Z'}}, 'canReply': True, 'totalReplyCount': 0, 'isPublic': True}",,UCikpy-xaGLzWbPKH21-xk0g,2022-10-11T02:37:34Z,Bolsonaro esse sim 👍 para um Brasil melhor,,2023-06-08 11:17:43.597215
youtube#commentThread,nRGy1nLuiHrtDtXGy0xEPSOCwHA,UgzJWh3wgAdaO9OWOj94AaABAg,"{'videoId': 'fF41HiCA6wI', 'topLevelComment': {'kind': 'youtube#comment', 'etag': '2RH-4Xuc6E8fJqxhJfQI1vLRi9w', 'id': 'UgzJWh3wgAdaO9OWOj94AaABAg', 'snippet': {'videoId': 'fF41HiCA6wI', 'textDisplay': 'O comentarista Felipe é Bozolnarista, que ódio nítido que ele tem do PT, e tem vinheta desse jornal pregando imparcialidade!!!<br>Desagradável tanto ressentimento e ódio ao PT  e a Lula!!', 'textOriginal': 'O comentarista Felipe é Bozolnarista, que ódio nítido que ele tem do PT, e tem vinheta desse jornal pregando imparcialidade!!!\\nDesagradável tanto ressentimento e ódio ao PT  e a Lula!!', 'authorDisplayName': 'Geter Tel', 'authorProfileImageUrl': 'https://yt3.ggpht.com/F1lyngJflrDlazd8vKk2ZDgzQaBrbAGCIYoDo7Yq7D0K1xnbPvOchXXxXhnGz8LW6butBWuxCA=s48-c-k-c0x00ffffff-no-rj', 'authorChannelUrl': 'http://www.youtube.com/channel/UCpevCtC66UEQU8yPgYMthdw', 'authorChannelId': {'value': 'UCpevCtC66UEQU8yPgYMthdw'}, 'canRate': True, 'viewerRating': 'none', 'likeCount': 1, 'publishedAt': '2022-10-11T02:18:22Z', 'updatedAt': '2022-10-11T02:19:49Z'}}, 'canReply': True, 'totalReplyCount': 1, 'isPublic': True}","{'comments': [{'kind': 'youtube#comment', 'etag': '1QFRE1KDPVXlkrScBeo0d-Qzkcg', 'id': 'UgzJWh3wgAdaO9OWOj94AaABAg.9h16rBqy9kX9h4tsL5jcOj', 'snippet': {'videoId': 'fF41HiCA6wI', 'textDisplay': 'Dificil ver a verdade dos roubos petistas.', 'textOriginal': 'Dificil ver a verdade dos roubos petistas.', 'parentId': 'UgzJWh3wgAdaO9OWOj94AaABAg', 'authorDisplayName': 'Adriana Trindade', 'authorProfileImageUrl': 'https://yt3.ggpht.com/ytc/AGIKgqPICLBXCiRY3f6iy5OgFB_QL_VeDgO18RyHE4G-Ag=s48-c-k-c0x00ffffff-no-rj', 'authorChannelUrl': 'http://www.youtube.com/channel/UCWzQ5BwkvRFZfgoIpM_uU0g', 'authorChannelId': {'value': 'UCWzQ5BwkvRFZfgoIpM_uU0g'}, 'canRate': True, 'viewerRating': 'none', 'likeCount': 0, 'publishedAt': '2022-10-12T13:33:09Z', 'updatedAt': '2022-10-12T13:33:09Z'}}]}",UCpevCtC66UEQU8yPgYMthdw,2022-10-11T02:18:22Z,"O comentarista Felipe é Bozolnarista, que ódio nítido que ele tem do PT, e tem vinheta desse jornal pregando imparcialidade!!!
Desagradável tanto ressentimento e ódio ao PT  e a Lula!!",,2023-06-08 11:17:43.597215
youtube#commentThread,FijZl2-2RUC5py3Bl1tUkwT_PeY,UgzZR06ATh8bGGqqLuF4AaABAg,"{'videoId': 'fF41HiCA6wI', 'topLevelComment': {'kind': 'youtube#comment', 'etag': 'PZxqa7fvIylLE0mT3okfmuGRD7M', 'id': 'UgzZR06ATh8bGGqqLuF4AaABAg', 'snippet': {'videoId': 'fF41HiCA6wI', 'textDisplay': 'Brasil é um estado laico, não é uma Teocracia, de corruptos pastores empresários da fé e exploradores da miséria brasileira.<br>A falta de estado de direito, com cidadania plena, saúde, educação, segurança, economia, abre margem para os mercadores da fé o lugar dos tidos &quot; religiosos &quot; é nas suas igrejas, não na promiscuidade politica.<br>Quando confrontados, com seus crimes pelo STF, os bolso_nazi_fascistas falam de aumentar ministros do supremo e cassar os que cumprem a lei. <br>Inacreditável na hipótese do NAZI_FASCISMO vencer, em 30 de outubro de 2022, com certeza o judiciário será coagido por regime bolso_nazi_fascista e o Brasil estará a caminho de uma Ditadura de fato, tal qual regimes autoritários em todo o mundo como exemplo Hungria, Venezuela, Rússia. <br>O Dia 30 de outubro a daqui 19 dias é crucial, para nosso futuro vamos escolher entre a Civilização x Barbárie dos bolso_nazi_fascista.', 'textOriginal': 'Brasil é um estado laico, não é uma Teocracia, de corruptos pastores empresários da fé e exploradores da miséria brasileira.\\nA falta de estado de direito, com cidadania plena, saúde, educação, segurança, economia, abre margem para os mercadores da fé o lugar dos tidos "" religiosos "" é nas suas igrejas, não na promiscuidade politica.\\nQuando confrontados, com seus crimes pelo STF, os bolso_nazi_fascistas falam de aumentar ministros do supremo e cassar os que cumprem a lei. \\nInacreditável na hipótese do NAZI_FASCISMO vencer, em 30 de outubro de 2022, com certeza o judiciário será coagido por regime bolso_nazi_fascista e o Brasil estará a caminho de uma Ditadura de fato, tal qual regimes autoritários em todo o mundo como exemplo Hungria, Venezuela, Rússia. \\nO Dia 30 de outubro a daqui 19 dias é crucial, para nosso futuro vamos escolher entre a Civilização x Barbárie dos bolso_nazi_fascista.', 'authorDisplayName': 'Dean Winchester', 'authorProfileImageUrl': 'https://yt3.ggpht.com/ytc/AGIKgqMilOIPoxHlRVgW34ZhvH8R-HPN4WJDgosKCGiS=s48-c-k-c0x00ffffff-no-rj', 'authorChannelUrl': 'http://www.youtube.com/channel/UCZGtd3Byjyr-I5aASfbrM2A', 'authorChannelId': {'value': 'UCZGtd3Byjyr-I5aASfbrM2A'}, 'canRate': True, 'viewerRating': 'none', 'likeCount': 1, 'publishedAt': '2022-10-11T02:14:45Z', 'updatedAt': '2022-10-11T02:14:45Z'}}, 'canReply': True, 'totalReplyCount': 0, 'isPublic': True}",,UCZGtd3Byjyr-I5aASfbrM2A,2022-10-11T02:14:45Z,"Brasil é um estado laico, não é uma Teocracia, de corruptos pastores empresários da fé e exploradores da miséria brasileira.
A falta de estado de direito, com cidadania plena, saúde, educação, segurança, economia, abre margem para os mercadores da fé o lugar dos tidos "" religiosos "" é nas suas igrejas, não na promiscuidade politica.
Quando confrontados, com seus crimes pelo STF, os bolso_nazi_fascistas falam de aumentar ministros do supremo e cassar os que cumprem a lei. 
Inacreditável na hipótese do NAZI_FASCISMO vencer, em 30 de outubro de 2022, com certeza o judiciário será coagido por regime bolso_nazi_fascista e o Brasil estará a caminho de uma Ditadura de fato, tal qual regimes autoritários em todo o mundo como exemplo Hungria, Venezuela, Rússia. 
O Dia 30 de outubro a daqui 19 dias é crucial, para nosso futuro vamos escolher entre a Civilização x Barbárie dos bolso_nazi_fascista.",,2023-06-08 11:17:43.597215
youtube#commentThread,RTPbdt9Gmwypp9BwWb0rlp63R0c,UgzPf9fnGtTSWBM5hJN4AaABAg,"{'videoId': 'fF41HiCA6wI', 'topLevelComment': {'kind': 'youtube#comment', 'etag': 'DsBhZRpCsEDmXYpaqnv-6OMn2Gc', 'id': 'UgzPf9fnGtTSWBM5hJN4AaABAg', 'snippet': {'videoId': 'fF41HiCA6wI', 'textDisplay': 'Mulheres com o IMBROJAVEL?? Kkkk haa meu poupe..', 'textOriginal': 'Mulheres com o IMBROJAVEL?? Kkkk haa meu poupe..', 'authorDisplayName': 'Juan Carlos berbel Juan', 'authorProfileImageUrl': 'https://yt3.ggpht.com/ytc/AGIKgqPmuUVribpZgC0Ia8UTiBjgFoaUpiDpO7itEQ=s48-c-k-c0x00ffffff-no-rj', 'authorChannelUrl': 'http://www.youtube.com/channel/UC4E5zkf3o-Injh4J10h-GXg', 'authorChannelId': {'value': 'UC4E5zkf3o-Injh4J10h-GXg'}, 'canRate': True, 'viewerRating': 'none', 'likeCount': 0, 'publishedAt': '2022-10-11T01:42:48Z', 'updatedAt': '2022-10-11T01:42:48Z'}}, 'canReply': True, 'totalReplyCount': 0, 'isPublic': True}",,UC4E5zkf3o-Injh4J10h-GXg,2022-10-11T01:42:48Z,Mulheres com o IMBROJAVEL?? Kkkk haa meu poupe..,,2023-06-08 11:17:43.597215
youtube#commentThread,FHOFcf9o-W8gzN4LOwjf85QDXQM,UgybGFroHFNTrM1G4AV4AaABAg,"{'videoId': 'fF41HiCA6wI', 'topLevelComment': {'kind': 'youtube#comment', 'etag': 'DnnT3qufczWUei3QOh5u6ovBYlE', 'id': 'UgybGFroHFNTrM1G4AV4AaABAg', 'snippet': {'videoId': 'fF41HiCA6wI', 'textDisplay': 'Meu Deus 🙄🙄🙄', 'textOriginal': 'Meu Deus 🙄🙄🙄', 'authorDisplayName': 'Claudia Porto', 'authorProfileImageUrl': 'https://yt3.ggpht.com/ytc/AGIKgqMwJxbHv_4AygF47NDBKKERbfpRtaGosQl4gvy9=s48-c-k-c0x00ffffff-no-rj', 'authorChannelUrl': 'http://www.youtube.com/channel/UCoxfI7Wd-eh5ZXcJAagHhug', 'authorChannelId': {'value': 'UCoxfI7Wd-eh5ZXcJAagHhug'}, 'canRate': True, 'viewerRating': 'none', 'likeCount': 0, 'publishedAt': '2022-10-11T01:16:42Z', 'updatedAt': '2022-10-11T01:16:42Z'}}, 'canReply': True, 'totalReplyCount': 0, 'isPublic': True}",,UCoxfI7Wd-eh5ZXcJAagHhug,2022-10-11T01:16:42Z,Meu Deus 🙄🙄🙄,,2023-06-08 11:17:43.597215
youtube#commentThread,frzo6st_9Te_k7Ix8S8wT0iZX9I,UgyFL00HIssQik6i2jR4AaABAg,"{'videoId': 'fF41HiCA6wI', 'topLevelComment': {'kind': 'youtube#comment', 'etag': 'X4q234P65aHqbHHZcMHfLztU67Q', 'id': 'UgyFL00HIssQik6i2jR4AaABAg', 'snippet': {'videoId': 'fF41HiCA6wI', 'textDisplay': 'LULA 13 🤩🤩🤩🤩🤩', 'textOriginal': 'LULA 13 🤩🤩🤩🤩🤩', 'authorDisplayName': 'Smile Now', 'authorProfileImageUrl': 'https://yt3.ggpht.com/ytc/AGIKgqPC529-RuaEHOHb_oO6FwCxXl7Gjdv77kZORz4MNA=s48-c-k-c0x00ffffff-no-rj', 'authorChannelUrl': 'http://www.youtube.com/channel/UCnL14h1zK-nTx3U8efydhYQ', 'authorChannelId': {'value': 'UCnL14h1zK-nTx3U8efydhYQ'}, 'canRate': True, 'viewerRating': 'none', 'likeCount': 4, 'publishedAt': '2022-10-11T01:14:27Z', 'updatedAt': '2022-10-11T01:14:27Z'}}, 'canReply': True, 'totalReplyCount': 0, 'isPublic': True}",,UCnL14h1zK-nTx3U8efydhYQ,2022-10-11T01:14:27Z,LULA 13 🤩🤩🤩🤩🤩,,2023-06-08 11:17:43.597215
youtube#commentThread,__FQFFf4Dtmx3EUQP-ap3XviZfE,UgyFeR_V6O0FTk9UqlJ4AaABAg,"{'videoId': 'fF41HiCA6wI', 'topLevelComment': {'kind': 'youtube#comment', 'etag': 'w5cX1-Dvr90WjQWy2NX5pNgnSMc', 'id': 'UgyFeR_V6O0FTk9UqlJ4AaABAg', 'snippet': {'videoId': 'fF41HiCA6wI', 'textDisplay': '1) Você conhece Bolsonaro ?<br>R = Sim todos nós conhecemos e sabemos de sua vida pregressa, desse misógino, sociopata,<br>corrupto, vagabundo, racista, homofóbico, mentecapto e nazi_fascista. A diferença é que somos a<br>civilização republicana e democrática, agora os eleitores reacionários e extremista, os gados cegos<br>condescendentes, não e nunca se importaram, com genocídio na pandemia com 770 mil mortos fora<br>as sequelas e esses mesmo gados cegos condescendentes, não abrem os olhos para a corrupção,<br>como a rachadinha, a compra de mais 100 imóveis, sendo 51 em dinheiro vivo, sem comprovação<br>de sua origem, ou seja CORRUPÇÃO.', 'textOriginal': '1) Você conhece Bolsonaro ?\\nR = Sim todos nós conhecemos e sabemos de sua vida pregressa, desse misógino, sociopata,\\ncorrupto, vagabundo, racista, homofóbico, mentecapto e nazi_fascista. A diferença é que somos a\\ncivilização republicana e democrática, agora os eleitores reacionários e extremista, os gados cegos\\ncondescendentes, não e nunca se importaram, com genocídio na pandemia com 770 mil mortos fora\\nas sequelas e esses mesmo gados cegos condescendentes, não abrem os olhos para a corrupção,\\ncomo a rachadinha, a compra de mais 100 imóveis, sendo 51 em dinheiro vivo, sem comprovação\\nde sua origem, ou seja CORRUPÇÃO.', 'authorDisplayName': 'Dean Winchester', 'authorProfileImageUrl': 'https://yt3.ggpht.com/ytc/AGIKgqMilOIPoxHlRVgW34ZhvH8R-HPN4WJDgosKCGiS=s48-c-k-c0x00ffffff-no-rj', 'authorChannelUrl': 'http://www.youtube.com/channel/UCZGtd3Byjyr-I5aASfbrM2A', 'authorChannelId': {'value': 'UCZGtd3Byjyr-I5aASfbrM2A'}, 'canRate': True, 'viewerRating': 'none', 'likeCount': 2, 'publishedAt': '2022-10-11T00:28:34Z', 'updatedAt': '2022-10-11T00:28:34Z'}}, 'canReply': True, 'totalReplyCount': 0, 'isPublic': True}",,UCZGtd3Byjyr-I5aASfbrM2A,2022-10-11T00:28:34Z,"1) Você conhece Bolsonaro ?
R = Sim todos nós conhecemos e sabemos de sua vida pregressa, desse misógino, sociopata,
corrupto, vagabundo, racista, homofóbico, mentecapto e nazi_fascista. A diferença é que somos a
civilização republicana e democrática, agora os eleitores reacionários e extremista, os gados cegos
condescendentes, não e nunca se importaram, com genocídio na pandemia com 770 mil mortos fora
as sequelas e esses mesmo gados cegos condescendentes, não abrem os olhos para a corrupção,
como a rachadinha, a compra de mais 100 imóveis, sendo 51 em dinheiro vivo, sem comprovação
de sua origem, ou seja CORRUPÇÃO.",,2023-06-08 11:17:43.597215
youtube#commentThread,Kh5lN7OsgMYmHi_hXKvXeuTnd7w,UgzOLG9KSnx5Ab_d8qp4AaABAg,"{'videoId': 'fF41HiCA6wI', 'topLevelComment': {'kind': 'youtube#comment', 'etag': '7wg0n4MThsNmJ4kapWVRWfSbxEI', 'id': 'UgzOLG9KSnx5Ab_d8qp4AaABAg', 'snippet': {'videoId': 'fF41HiCA6wI', 'textDisplay': 'Lula de novo aqui no Recife….. ihuuuuuuuuuu', 'textOriginal': 'Lula de novo aqui no Recife….. ihuuuuuuuuuu', 'authorDisplayName': 'Maria Firmino', 'authorProfileImageUrl': 'https://yt3.ggpht.com/ytc/AGIKgqO3BbTpnVcx9PAoKx03ZRec5l2OeJSYeA1rKuV-De4=s48-c-k-c0x00ffffff-no-rj', 'authorChannelUrl': 'http://www.youtube.com/channel/UCzKCAfjHh_uW9U07aw3l3sw', 'authorChannelId': {'value': 'UCzKCAfjHh_uW9U07aw3l3sw'}, 'canRate': True, 'viewerRating': 'none', 'likeCount': 3, 'publishedAt': '2022-10-11T00:12:36Z', 'updatedAt': '2022-10-11T00:12:36Z'}}, 'canReply': True, 'totalReplyCount': 0, 'isPublic': True}",,UCzKCAfjHh_uW9U07aw3l3sw,2022-10-11T00:12:36Z,Lula de novo aqui no Recife….. ihuuuuuuuuuu,,2023-06-08 11:17:43.597215
youtube#commentThread,kv0i1J9Q9H8pRD4kUyUSKpVx0bI,Ugw-V650YYZNOC0mBu54AaABAg,"{'videoId': 'fF41HiCA6wI', 'topLevelComment': {'kind': 'youtube#comment', 'etag': 'a7AJ8TkAH1gIf78fH92onBSsG6Q', 'id': 'Ugw-V650YYZNOC0mBu54AaABAg', 'snippet': {'videoId': 'fF41HiCA6wI', 'textDisplay': '.nao tem outro lula e o melhor para ser presidente do brasil meu voto e 13 lula la.', 'textOriginal': '.nao tem outro lula e o melhor para ser presidente do brasil meu voto e 13 lula la.', 'authorDisplayName': 'Apolonio Soares', 'authorProfileImageUrl': 'https://yt3.ggpht.com/ytc/AGIKgqOPg3M3FMrBG3KaBKqm1WH_MSllIPaVrdfPQA=s48-c-k-c0x00ffffff-no-rj', 'authorChannelUrl': 'http://www.youtube.com/channel/UCahd-a_TWJobTb_gGHxXxvg', 'authorChannelId': {'value': 'UCahd-a_TWJobTb_gGHxXxvg'}, 'canRate': True, 'viewerRating': 'none', 'likeCount': 3, 'publishedAt': '2022-10-11T00:11:01Z', 'updatedAt': '2022-10-11T00:11:01Z'}}, 'canReply': True, 'totalReplyCount': 0, 'isPublic': True}",,UCahd-a_TWJobTb_gGHxXxvg,2022-10-11T00:11:01Z,.nao tem outro lula e o melhor para ser presidente do brasil meu voto e 13 lula la.,,2023-06-08 11:17:43.597215
youtube#commentThread,a3N7tluusHckKWGy5qNdfSAAcIk,UgzgvVdFRZNI_cJOYqp4AaABAg,"{'videoId': 'fF41HiCA6wI', 'topLevelComment': {'kind': 'youtube#comment', 'etag': 'AD1CJXK1FIUhYi4GvvQhmfC6VZA', 'id': 'UgzgvVdFRZNI_cJOYqp4AaABAg', 'snippet': {'videoId': 'fF41HiCA6wI', 'textDisplay': 'Enquanto isso, as florestas da Amazônia  são destruídas por madeireiros ilegais, os rios são envenenados por garimpos ilegais e os indígenas são assassinados por contrabandistas, isso é genocídio e ecocídio??? O ministro do meio ambiente deixa passar a boiada. Cadê o STF???', 'textOriginal': 'Enquanto isso, as florestas da Amazônia  são destruídas por madeireiros ilegais, os rios são envenenados por garimpos ilegais e os indígenas são assassinados por contrabandistas, isso é genocídio e ecocídio??? O ministro do meio ambiente deixa passar a boiada. Cadê o STF???', 'authorDisplayName': 'Gavion Okthar', 'authorProfileImageUrl': 'https://yt3.ggpht.com/ytc/AGIKgqMJ6FHl76cYaB9ek9k2LGYTIysTNfuXzCUN23iDPA=s48-c-k-c0x00ffffff-no-rj', 'authorChannelUrl': 'http://www.youtube.com/channel/UCq8EoKxA4arUZCQMn-D64bQ', 'authorChannelId': {'value': 'UCq8EoKxA4arUZCQMn-D64bQ'}, 'canRate': True, 'viewerRating': 'none', 'likeCount': 1, 'publishedAt': '2022-10-11T00:08:45Z', 'updatedAt': '2022-10-11T00:13:35Z'}}, 'canReply': True, 'totalReplyCount': 0, 'isPublic': True}",,UCq8EoKxA4arUZCQMn-D64bQ,2022-10-11T00:08:45Z,"Enquanto isso, as florestas da Amazônia  são destruídas por madeireiros ilegais, os rios são envenenados por garimpos ilegais e os indígenas são assassinados por contrabandistas, isso é genocídio e ecocídio??? O ministro do meio ambiente deixa passar a boiada. Cadê o STF???",,2023-06-08 11:17:43.597215
youtube#commentThread,rCtSjOKccGResdObtK7cUPT9YJ8,UgwMAV50wFUiowRgZB94AaABAg,"{'videoId': 'fF41HiCA6wI', 'topLevelComment': {'kind': 'youtube#comment', 'etag': 'gDwaIcAX6-vjFafGvHKOFlPW45Y', 'id': 'UgwMAV50wFUiowRgZB94AaABAg', 'snippet': {'videoId': 'fF41HiCA6wI', 'textDisplay': 'A mulher que se diz mulher de verdade não apoia esse Bozo, não é possível se elas não tenha amor próprio,', 'textOriginal': 'A mulher que se diz mulher de verdade não apoia esse Bozo, não é possível se elas não tenha amor próprio,', 'authorDisplayName': 'Maria Firmino', 'authorProfileImageUrl': 'https://yt3.ggpht.com/ytc/AGIKgqO3BbTpnVcx9PAoKx03ZRec5l2OeJSYeA1rKuV-De4=s48-c-k-c0x00ffffff-no-rj', 'authorChannelUrl': 'http://www.youtube.com/channel/UCzKCAfjHh_uW9U07aw3l3sw', 'authorChannelId': {'value': 'UCzKCAfjHh_uW9U07aw3l3sw'}, 'canRate': True, 'viewerRating': 'none', 'likeCount': 6, 'publishedAt': '2022-10-11T00:08:37Z', 'updatedAt': '2022-10-11T00:08:37Z'}}, 'canReply': True, 'totalReplyCount': 1, 'isPublic': True}","{'comments': [{'kind': 'youtube#comment', 'etag': 'IBMl4DAAQbIuv7eZvqMbydicHdg', 'id': 'UgwMAV50wFUiowRgZB94AaABAg.9h0t-rSMov09h24086CNlW', 'snippet': {'videoId': 'fF41HiCA6wI', 'textDisplay': 'Nunca se esqueça quando vc for assaltada lembra de fazer o L para o ladrão!!!!', 'textOriginal': 'Nunca se esqueça quando vc for assaltada lembra de fazer o L para o ladrão!!!!', 'parentId': 'UgwMAV50wFUiowRgZB94AaABAg', 'authorDisplayName': 'Alberto Gonzalez', 'authorProfileImageUrl': 'https://yt3.ggpht.com/ytc/AGIKgqO722L_bFI47P4QVQGgQQ-e0DbX-WgEl0aHtQaYO9uNaM7V0ObgZSGxvMbPI7l_=s48-c-k-c0x00ffffff-no-rj', 'authorChannelUrl': 'http://www.youtube.com/channel/UC48UoioMfY1TRYADrawVZeQ', 'authorChannelId': {'value': 'UC48UoioMfY1TRYADrawVZeQ'}, 'canRate': True, 'viewerRating': 'none', 'likeCount': 0, 'publishedAt': '2022-10-11T11:12:45Z', 'updatedAt': '2022-10-11T11:12:45Z'}}]}",UCzKCAfjHh_uW9U07aw3l3sw,2022-10-11T00:08:37Z,"A mulher que se diz mulher de verdade não apoia esse Bozo, não é possível se elas não tenha amor próprio,",,2023-06-08 11:17:43.597215
youtube#commentThread,OGwqE9n1sJnx72sz1gfIU3bPP5c,UgxnjX78w0ztZsLR9UZ4AaABAg,"{'videoId': 'fF41HiCA6wI', 'topLevelComment': {'kind': 'youtube#comment', 'etag': '_HZfgpC4WwAMyZl-obQMcKLWIG0', 'id': 'UgxnjX78w0ztZsLR9UZ4AaABAg', 'snippet': {'videoId': 'fF41HiCA6wI', 'textDisplay': 'ESSA É A DA RACHADINHA??', 'textOriginal': 'ESSA É A DA RACHADINHA??', 'authorDisplayName': 'Josiane Gomes', 'authorProfileImageUrl': 'https://yt3.ggpht.com/ytc/AGIKgqNdqLnqPaMNeJCMgM-4wjJpsPscWPU1hTl8yQ=s48-c-k-c0x00ffffff-no-rj', 'authorChannelUrl': 'http://www.youtube.com/channel/UCKvCBIXWDCqOP-uwugkNkfQ', 'authorChannelId': {'value': 'UCKvCBIXWDCqOP-uwugkNkfQ'}, 'canRate': True, 'viewerRating': 'none', 'likeCount': 0, 'publishedAt': '2022-10-11T00:08:22Z', 'updatedAt': '2022-10-11T00:08:22Z'}}, 'canReply': True, 'totalReplyCount': 0, 'isPublic': True}",,UCKvCBIXWDCqOP-uwugkNkfQ,2022-10-11T00:08:22Z,ESSA É A DA RACHADINHA??,,2023-06-08 11:17:43.597215
youtube#commentThread,BhtDDnpgq9_WEAIBlFYvNvQzND4,UgwulMVRSrOAlFF3hMJ4AaABAg,"{'videoId': 'fF41HiCA6wI', 'topLevelComment': {'kind': 'youtube#comment', 'etag': '9vELY4YR5fj-OSmgZe5XSqGBIg0', 'id': 'UgwulMVRSrOAlFF3hMJ4AaABAg', 'snippet': {'videoId': 'fF41HiCA6wI', 'textDisplay': 'ATENÇÃO NORDESTE OS ESTADOS MAIS POBRES DO BRASIL SÃO GOVERNADOS PELO PT, ACORDEM, LIBERTEM-SE!!!', 'textOriginal': 'ATENÇÃO NORDESTE OS ESTADOS MAIS POBRES DO BRASIL SÃO GOVERNADOS PELO PT, ACORDEM, LIBERTEM-SE!!!', 'authorDisplayName': 'Eunice Lima', 'authorProfileImageUrl': 'https://yt3.ggpht.com/ytc/AGIKgqO5CZhvW3w3kTw1uMKdcUK5OeavPCbmb2Tn2A=s48-c-k-c0x00ffffff-no-rj', 'authorChannelUrl': 'http://www.youtube.com/channel/UCasSrr5-jhD2YKxVcF9qiXA', 'authorChannelId': {'value': 'UCasSrr5-jhD2YKxVcF9qiXA'}, 'canRate': True, 'viewerRating': 'none', 'likeCount': 0, 'publishedAt': '2022-10-10T23:56:51Z', 'updatedAt': '2022-10-10T23:56:51Z'}}, 'canReply': True, 'totalReplyCount': 0, 'isPublic': True}",,UCasSrr5-jhD2YKxVcF9qiXA,2022-10-10T23:56:51Z,"ATENÇÃO NORDESTE OS ESTADOS MAIS POBRES DO BRASIL SÃO GOVERNADOS PELO PT, ACORDEM, LIBERTEM-SE!!!",,2023-06-08 11:17:43.597215
youtube#commentThread,rBMPg4Lc6cD5IWQy5cibP4k0fzk,Ugxk02vBcJuhM6GC2Gh4AaABAg,"{'videoId': 'fF41HiCA6wI', 'topLevelComment': {'kind': 'youtube#comment', 'etag': 'SVBl4HZVQ4HJUiuYpstQ59DxU6I', 'id': 'Ugxk02vBcJuhM6GC2Gh4AaABAg', 'snippet': {'videoId': 'fF41HiCA6wI', 'textDisplay': 'Nós católicos não votamos em ladrão', 'textOriginal': 'Nós católicos não votamos em ladrão', 'authorDisplayName': 'tyro 970', 'authorProfileImageUrl': 'https://yt3.ggpht.com/ytc/AGIKgqNsjQFWxEwF3oeSOqe0vafZV_8iQpB3o95C0w=s48-c-k-c0x00ffffff-no-rj', 'authorChannelUrl': 'http://www.youtube.com/channel/UCNcobYvOAdcuZoAoEsZH-lQ', 'authorChannelId': {'value': 'UCNcobYvOAdcuZoAoEsZH-lQ'}, 'canRate': True, 'viewerRating': 'none', 'likeCount': 1, 'publishedAt': '2022-10-10T23:55:55Z', 'updatedAt': '2022-10-10T23:55:55Z'}}, 'canReply': True, 'totalReplyCount': 0, 'isPublic': True}",,UCNcobYvOAdcuZoAoEsZH-lQ,2022-10-10T23:55:55Z,Nós católicos não votamos em ladrão,,2023-06-08 11:17:43.597215
youtube#commentThread,M728-uS-3wQm6UptHt6zfgc1irM,UgzXUlmqvX3JZJC1-aV4AaABAg,"{'videoId': 'fF41HiCA6wI', 'topLevelComment': {'kind': 'youtube#comment', 'etag': 'n1mR2lqkeZHIv29ZU679TQObHj0', 'id': 'UgzXUlmqvX3JZJC1-aV4AaABAg', 'snippet': {'videoId': 'fF41HiCA6wI', 'textDisplay': 'Nós católicos não votamos em ladrão', 'textOriginal': 'Nós católicos não votamos em ladrão', 'authorDisplayName': 'tyro 970', 'authorProfileImageUrl': 'https://yt3.ggpht.com/ytc/AGIKgqNsjQFWxEwF3oeSOqe0vafZV_8iQpB3o95C0w=s48-c-k-c0x00ffffff-no-rj', 'authorChannelUrl': 'http://www.youtube.com/channel/UCNcobYvOAdcuZoAoEsZH-lQ', 'authorChannelId': {'value': 'UCNcobYvOAdcuZoAoEsZH-lQ'}, 'canRate': True, 'viewerRating': 'none', 'likeCount': 1, 'publishedAt': '2022-10-10T23:54:52Z', 'updatedAt': '2022-10-10T23:54:52Z'}}, 'canReply': True, 'totalReplyCount': 2, 'isPublic': True}","{'comments': [{'kind': 'youtube#comment', 'etag': '7bJ5_IemRaEyzfIqh4_aQQZzQrQ', 'id': 'UgzXUlmqvX3JZJC1-aV4AaABAg.9h0rR8ssGhn9h3TG4PfeyU', 'snippet': {'videoId': 'fF41HiCA6wI', 'textDisplay': '22 neles', 'textOriginal': '22 neles', 'parentId': 'UgzXUlmqvX3JZJC1-aV4AaABAg', 'authorDisplayName': 'Aparecido José', 'authorProfileImageUrl': 'https://yt3.ggpht.com/ytc/AGIKgqMQG23cx3xETFC-FfyPwxU8k6S_m-pa0jpU5A1lbBhmoBAgnq7pw2YIp4cBfqYP=s48-c-k-c0x00ffffff-no-rj', 'authorChannelUrl': 'http://www.youtube.com/channel/UCSqWjnADVcr4V6NH7-w2qqg', 'authorChannelId': {'value': 'UCSqWjnADVcr4V6NH7-w2qqg'}, 'canRate': True, 'viewerRating': 'none', 'likeCount': 0, 'publishedAt': '2022-10-12T00:12:37Z', 'updatedAt': '2022-10-12T00:12:37Z'}}, {'kind': 'youtube#comment', 'etag': 'g1s78530gSu0iY8YeBPmd8g-pg4', 'id': 'UgzXUlmqvX3JZJC1-aV4AaABAg.9h0rR8ssGhn9h2UPGbhjHL', 'snippet': {'videoId': 'fF41HiCA6wI', 'textDisplay': 'Então não pode votar no bozo porque ele é ladrão', 'textOriginal': 'Então não pode votar no bozo porque ele é ladrão', 'parentId': 'UgzXUlmqvX3JZJC1-aV4AaABAg', 'authorDisplayName': 'Vannuza Souza', 'authorProfileImageUrl': 'https://yt3.ggpht.com/ytc/AGIKgqPN0oTkwP3-rRG15UvmBUsJfz-28zeeiS3fnov1OH0=s48-c-k-c0x00ffffff-no-rj', 'authorChannelUrl': 'http://www.youtube.com/channel/UCi9cVJowyqaofNtYvdwSHTQ', 'authorChannelId': {'value': 'UCi9cVJowyqaofNtYvdwSHTQ'}, 'canRate': True, 'viewerRating': 'none', 'likeCount': 0, 'publishedAt': '2022-10-11T15:03:22Z', 'updatedAt': '2022-10-11T15:03:22Z'}}]}",UCNcobYvOAdcuZoAoEsZH-lQ,2022-10-10T23:54:52Z,Nós católicos não votamos em ladrão,,2023-06-08 11:17:43.597215
youtube#commentThread,215dkrsejbmjAXCWqvZlo1X7PRc,UgwggU_NRzqjSvUMVQp4AaABAg,"{'videoId': 'fF41HiCA6wI', 'topLevelComment': {'kind': 'youtube#comment', 'etag': 'y0PLTVD8qOjEYalX3v1JuAz3iCM', 'id': 'UgwggU_NRzqjSvUMVQp4AaABAg', 'snippet': {'videoId': 'fF41HiCA6wI', 'textDisplay': 'Queria prá MICHEQUE! IGREJA  e de ter comunhão  com COM DEUS!não  PALANQUE  ELEITORAL!!!', 'textOriginal': 'Queria prá MICHEQUE! IGREJA  e de ter comunhão  com COM DEUS!não  PALANQUE  ELEITORAL!!!', 'authorDisplayName': 'Maria celia Lacerda lage', 'authorProfileImageUrl': 'https://yt3.ggpht.com/ytc/AGIKgqPaF1AGovTuMDHU1NBCaUEQh52tAZEVQf036A=s48-c-k-c0x00ffffff-no-rj', 'authorChannelUrl': 'http://www.youtube.com/channel/UC4BkbHeo26yMCQFH1OEOy_Q', 'authorChannelId': {'value': 'UC4BkbHeo26yMCQFH1OEOy_Q'}, 'canRate': True, 'viewerRating': 'none', 'likeCount': 2, 'publishedAt': '2022-10-10T23:44:13Z', 'updatedAt': '2022-10-10T23:44:13Z'}}, 'canReply': True, 'totalReplyCount': 0, 'isPublic': True}",,UC4BkbHeo26yMCQFH1OEOy_Q,2022-10-10T23:44:13Z,Queria prá MICHEQUE! IGREJA  e de ter comunhão  com COM DEUS!não  PALANQUE  ELEITORAL!!!,,2023-06-08 11:17:43.597215
youtube#commentThread,6-_0VZoLPmy2D63vTFUzCsb35WU,UgwYmm-cdWqe1vHyxVR4AaABAg,"{'videoId': 'fF41HiCA6wI', 'topLevelComment': {'kind': 'youtube#comment', 'etag': 'gvao4qwILyjFxoFA4S1cwtqBYzo', 'id': 'UgwYmm-cdWqe1vHyxVR4AaABAg', 'snippet': {'videoId': 'fF41HiCA6wI', 'textDisplay': 'Depois de 30 de outubro de 2022 Adolf Bolsonaro Hitler, passa a ter nova residência, nas Vivendas<br>de Bangú_08. É o fim da motociata da vadiagem, com nosso dinheiro.<br>Falta apenas 19 dias, mal consigo acreditar.<br>CADEIAAAAAAAAA................................', 'textOriginal': 'Depois de 30 de outubro de 2022 Adolf Bolsonaro Hitler, passa a ter nova residência, nas Vivendas\\nde Bangú_08. É o fim da motociata da vadiagem, com nosso dinheiro.\\nFalta apenas 19 dias, mal consigo acreditar.\\nCADEIAAAAAAAAA................................', 'authorDisplayName': 'Dean Winchester', 'authorProfileImageUrl': 'https://yt3.ggpht.com/ytc/AGIKgqMilOIPoxHlRVgW34ZhvH8R-HPN4WJDgosKCGiS=s48-c-k-c0x00ffffff-no-rj', 'authorChannelUrl': 'http://www.youtube.com/channel/UCZGtd3Byjyr-I5aASfbrM2A', 'authorChannelId': {'value': 'UCZGtd3Byjyr-I5aASfbrM2A'}, 'canRate': True, 'viewerRating': 'none', 'likeCount': 1, 'publishedAt': '2022-10-10T23:39:19Z', 'updatedAt': '2022-10-10T23:39:19Z'}}, 'canReply': True, 'totalReplyCount': 0, 'isPublic': True}",,UCZGtd3Byjyr-I5aASfbrM2A,2022-10-10T23:39:19Z,"Depois de 30 de outubro de 2022 Adolf Bolsonaro Hitler, passa a ter nova residência, nas Vivendas
de Bangú_08. É o fim da motociata da vadiagem, com nosso dinheiro.
Falta apenas 19 dias, mal consigo acreditar.
CADEIAAAAAAAAA................................",,2023-06-08 11:17:43.597215
youtube#commentThread,YHApwn3oOMOmO4kiKl79LnfvVbE,UgxOVZ8NOkXXnMmZsv54AaABAg,"{'videoId': 'fF41HiCA6wI', 'topLevelComment': {'kind': 'youtube#comment', 'etag': 'YnsuhT9X1HZuWqRO7gNTs5QBFXA', 'id': 'UgxOVZ8NOkXXnMmZsv54AaABAg', 'snippet': {'videoId': 'fF41HiCA6wI', 'textDisplay': 'Vai PIORAR PRO LULA ENVIAR CARTAS AOS EVANGELICOS E UMA AFRONTA OS EVANGELICOS NAO VAI CAIR NO CONTO DE LARAPIO MENTIROSO  SO CEGO CAI NESTE GOLPE  O INIMIGO SE TRANFORMA EM ANJO DE LUZ PRA ENGANAR A MUITOS  E ISTO QUE O MALIGNO VEIO FAZER  TENTAR IMITAR AS COISAS SANTAS SE DEUS  E DIZ UMA COISA E VAI FAZER OUTRA COISA PENSE BEM NOS QUERMOA LIBERDADE PRO BRASIL E PRO POVO OU SENSURA DAS MIDIAS ESCRAVIDAO VAI PIORAR COM ELE NAO PODEMOS RETROCEDER NO PASSADO O POVO ECANGELICO NAO CAI NAO NESTA CARTADA DELE', 'textOriginal': 'Vai PIORAR PRO LULA ENVIAR CARTAS AOS EVANGELICOS E UMA AFRONTA OS EVANGELICOS NAO VAI CAIR NO CONTO DE LARAPIO MENTIROSO  SO CEGO CAI NESTE GOLPE  O INIMIGO SE TRANFORMA EM ANJO DE LUZ PRA ENGANAR A MUITOS  E ISTO QUE O MALIGNO VEIO FAZER  TENTAR IMITAR AS COISAS SANTAS SE DEUS  E DIZ UMA COISA E VAI FAZER OUTRA COISA PENSE BEM NOS QUERMOA LIBERDADE PRO BRASIL E PRO POVO OU SENSURA DAS MIDIAS ESCRAVIDAO VAI PIORAR COM ELE NAO PODEMOS RETROCEDER NO PASSADO O POVO ECANGELICO NAO CAI NAO NESTA CARTADA DELE', 'authorDisplayName': 'whelky omermo', 'authorProfileImageUrl': 'https://yt3.ggpht.com/ytc/AGIKgqOn5nFREf1Pr3IsD9YhYgABS8yqHkWEQ3CtMw=s48-c-k-c0x00ffffff-no-rj', 'authorChannelUrl': 'http://www.youtube.com/channel/UCD4soqxuYDF1M4Q8vnsevrQ', 'authorChannelId': {'value': 'UCD4soqxuYDF1M4Q8vnsevrQ'}, 'canRate': True, 'viewerRating': 'none', 'likeCount': 0, 'publishedAt': '2022-10-10T23:24:24Z', 'updatedAt': '2022-10-10T23:28:22Z'}}, 'canReply': True, 'totalReplyCount': 0, 'isPublic': True}",,UCD4soqxuYDF1M4Q8vnsevrQ,2022-10-10T23:24:24Z,Vai PIORAR PRO LULA ENVIAR CARTAS AOS EVANGELICOS E UMA AFRONTA OS EVANGELICOS NAO VAI CAIR NO CONTO DE LARAPIO MENTIROSO  SO CEGO CAI NESTE GOLPE  O INIMIGO SE TRANFORMA EM ANJO DE LUZ PRA ENGANAR A MUITOS  E ISTO QUE O MALIGNO VEIO FAZER  TENTAR IMITAR AS COISAS SANTAS SE DEUS  E DIZ UMA COISA E VAI FAZER OUTRA COISA PENSE BEM NOS QUERMOA LIBERDADE PRO BRASIL E PRO POVO OU SENSURA DAS MIDIAS ESCRAVIDAO VAI PIORAR COM ELE NAO PODEMOS RETROCEDER NO PASSADO O POVO ECANGELICO NAO CAI NAO NESTA CARTADA DELE,,2023-06-08 11:17:43.597215
youtube#commentThread,QLnFJq3rg0Wp0Wnm-qY_bSzV__Q,UgxQbrACvTZq3xtlz754AaABAg,"{'videoId': 'fF41HiCA6wI', 'topLevelComment': {'kind': 'youtube#comment', 'etag': 'UEcSbYb3MU9cENBd6K3YrnjpJfE', 'id': 'UgxQbrACvTZq3xtlz754AaABAg', 'snippet': {'videoId': 'fF41HiCA6wI', 'textDisplay': 'PRIMEIRA DAMA É sensacional 🤗', 'textOriginal': 'PRIMEIRA DAMA É sensacional 🤗', 'authorDisplayName': 'Beto Costa', 'authorProfileImageUrl': 'https://yt3.ggpht.com/ytc/AGIKgqMedh-g3QbOBb2iXwzKUrhyz2VqGeeeIXo2qw=s48-c-k-c0x00ffffff-no-rj', 'authorChannelUrl': 'http://www.youtube.com/channel/UC-5V7kYWDJWnJJl5xxH9vvg', 'authorChannelId': {'value': 'UC-5V7kYWDJWnJJl5xxH9vvg'}, 'canRate': True, 'viewerRating': 'none', 'likeCount': 1, 'publishedAt': '2022-10-10T23:20:12Z', 'updatedAt': '2022-10-10T23:20:12Z'}}, 'canReply': True, 'totalReplyCount': 0, 'isPublic': True}",,UC-5V7kYWDJWnJJl5xxH9vvg,2022-10-10T23:20:12Z,PRIMEIRA DAMA É sensacional 🤗,,2023-06-08 11:17:43.597215
youtube#commentThread,W6RvLogJiKT7hFRmibaRHJ1urKg,UgyqSfB_lUMUqiUXNyB4AaABAg,"{'videoId': 'fF41HiCA6wI', 'topLevelComment': {'kind': 'youtube#comment', 'etag': 'xnfNz5NmGGcGYWsXAa_i9meb0xA', 'id': 'UgyqSfB_lUMUqiUXNyB4AaABAg', 'snippet': {'videoId': 'fF41HiCA6wI', 'textDisplay': 'Lula presidente Do Brasil 🙌', 'textOriginal': 'Lula presidente Do Brasil 🙌', 'authorDisplayName': 'jean santos', 'authorProfileImageUrl': 'https://yt3.ggpht.com/ytc/AGIKgqPPm098kTBDlUfJ5F2KDUJ2pT5pOB1vimHxmxMoEgk6rra0vWJs0JLLqe1y8wZV=s48-c-k-c0x00ffffff-no-rj', 'authorChannelUrl': 'http://www.youtube.com/channel/UChhdX_jVnx0TG8GMKihdKpQ', 'authorChannelId': {'value': 'UChhdX_jVnx0TG8GMKihdKpQ'}, 'canRate': True, 'viewerRating': 'none', 'likeCount': 9, 'publishedAt': '2022-10-10T23:12:52Z', 'updatedAt': '2022-10-10T23:12:52Z'}}, 'canReply': True, 'totalReplyCount': 0, 'isPublic': True}",,UChhdX_jVnx0TG8GMKihdKpQ,2022-10-10T23:12:52Z,Lula presidente Do Brasil 🙌,,2023-06-08 11:17:43.597215
youtube#commentThread,YesJI3WMZwt40p4yohyst_r7OGo,UgwGXAT6ZXZ82jTQZkl4AaABAg,"{'videoId': 'fF41HiCA6wI', 'topLevelComment': {'kind': 'youtube#comment', 'etag': 'H39LQGB4036cCJ9Ffengf9SkRSM', 'id': 'UgwGXAT6ZXZ82jTQZkl4AaABAg', 'snippet': {'videoId': 'fF41HiCA6wI', 'textDisplay': 'Vcs acreditam no que o Minto fala? Daqui a 100 anos vcs vão descobrir', 'textOriginal': 'Vcs acreditam no que o Minto fala? Daqui a 100 anos vcs vão descobrir', 'authorDisplayName': 'Gavion Okthar', 'authorProfileImageUrl': 'https://yt3.ggpht.com/ytc/AGIKgqMJ6FHl76cYaB9ek9k2LGYTIysTNfuXzCUN23iDPA=s48-c-k-c0x00ffffff-no-rj', 'authorChannelUrl': 'http://www.youtube.com/channel/UCq8EoKxA4arUZCQMn-D64bQ', 'authorChannelId': {'value': 'UCq8EoKxA4arUZCQMn-D64bQ'}, 'canRate': True, 'viewerRating': 'none', 'likeCount': 10, 'publishedAt': '2022-10-10T23:12:52Z', 'updatedAt': '2022-10-10T23:15:04Z'}}, 'canReply': True, 'totalReplyCount': 0, 'isPublic': True}",,UCq8EoKxA4arUZCQMn-D64bQ,2022-10-10T23:12:52Z,Vcs acreditam no que o Minto fala? Daqui a 100 anos vcs vão descobrir,,2023-06-08 11:17:43.597215
youtube#commentThread,_GjwG0ykaYiYZeI-0_NI981hFPc,UgzW8jYZu5OotZN-AgB4AaABAg,"{'videoId': 'fF41HiCA6wI', 'topLevelComment': {'kind': 'youtube#comment', 'etag': 'n236nil7BwNLc9hXxv3nUbCetYE', 'id': 'UgzW8jYZu5OotZN-AgB4AaABAg', 'snippet': {'videoId': 'fF41HiCA6wI', 'textDisplay': 'Não adianta nada nosso voto e de Lula presidente e é melhor já ir embora', 'textOriginal': 'Não adianta nada nosso voto e de Lula presidente e é melhor já ir embora', 'authorDisplayName': 'Heribaldo Borges', 'authorProfileImageUrl': 'https://yt3.ggpht.com/ytc/AGIKgqNPQFqtVP3fGmGpIldRa93YvbXPZHV_1H7EW7QAuw=s48-c-k-c0x00ffffff-no-rj', 'authorChannelUrl': 'http://www.youtube.com/channel/UC55UmMkHWPdbFBiEwvUy1HQ', 'authorChannelId': {'value': 'UC55UmMkHWPdbFBiEwvUy1HQ'}, 'canRate': True, 'viewerRating': 'none', 'likeCount': 8, 'publishedAt': '2022-10-10T23:12:36Z', 'updatedAt': '2022-10-10T23:12:36Z'}}, 'canReply': True, 'totalReplyCount': 0, 'isPublic': True}",,UC55UmMkHWPdbFBiEwvUy1HQ,2022-10-10T23:12:36Z,Não adianta nada nosso voto e de Lula presidente e é melhor já ir embora,,2023-06-08 11:17:43.597215
youtube#commentThread,IodNBhZa5BJVAn4z_S3LMX55mbc,UgwqFbuCPNVKgKk9-5d4AaABAg,"{'videoId': 'fF41HiCA6wI', 'topLevelComment': {'kind': 'youtube#comment', 'etag': 'qb3YpKlbB5XWSGIhe-RbZSXV52k', 'id': 'UgwqFbuCPNVKgKk9-5d4AaABAg', 'snippet': {'videoId': 'fF41HiCA6wI', 'textDisplay': 'Oiii', 'textOriginal': 'Oiii', 'authorDisplayName': 'kezia santos 🥰', 'authorProfileImageUrl': 'https://yt3.ggpht.com/mXF31BUsFo5fSTkEuqqDmTTyfOqXdTpAUGv43cia9LirnsfrEBY8POvD0ZKMeclbd3QV6imUGg=s48-c-k-c0x00ffffff-no-rj', 'authorChannelUrl': 'http://www.youtube.com/channel/UCmfTUm2GtJPWXIE0a0WJwSw', 'authorChannelId': {'value': 'UCmfTUm2GtJPWXIE0a0WJwSw'}, 'canRate': True, 'viewerRating': 'none', 'likeCount': 1, 'publishedAt': '2022-10-10T23:11:24Z', 'updatedAt': '2022-10-10T23:11:24Z'}}, 'canReply': True, 'totalReplyCount': 0, 'isPublic': True}",,UCmfTUm2GtJPWXIE0a0WJwSw,2022-10-10T23:11:24Z,Oiii,,2023-06-08 11:17:43.597215
youtube#commentThread,3Q0iTPCH5RDXKwuMi3YmQGnZjhg,UgwCvm2JPGGK9jBbmaR4AaABAg,"{'videoId': 'fF41HiCA6wI', 'topLevelComment': {'kind': 'youtube#comment', 'etag': 'PqVkf6FH49XnKih2TEUtsOFcbzg', 'id': 'UgwCvm2JPGGK9jBbmaR4AaABAg', 'snippet': {'videoId': 'fF41HiCA6wI', 'textDisplay': '22 governador 28', 'textOriginal': '22 governador 28', 'authorDisplayName': 'Aparecido José', 'authorProfileImageUrl': 'https://yt3.ggpht.com/ytc/AGIKgqMQG23cx3xETFC-FfyPwxU8k6S_m-pa0jpU5A1lbBhmoBAgnq7pw2YIp4cBfqYP=s48-c-k-c0x00ffffff-no-rj', 'authorChannelUrl': 'http://www.youtube.com/channel/UCSqWjnADVcr4V6NH7-w2qqg', 'authorChannelId': {'value': 'UCSqWjnADVcr4V6NH7-w2qqg'}, 'canRate': True, 'viewerRating': 'none', 'likeCount': 1, 'publishedAt': '2022-10-10T23:08:31Z', 'updatedAt': '2022-10-10T23:08:31Z'}}, 'canReply': True, 'totalReplyCount': 0, 'isPublic': True}",,UCSqWjnADVcr4V6NH7-w2qqg,2022-10-10T23:08:31Z,22 governador 28,,2023-06-08 11:17:43.597215
youtube#commentThread,D1JP9zTBDBOPy2WuhQ-NGGa6OTg,UgwJj3pwW_YH_tFA-8t4AaABAg,"{'videoId': 'fF41HiCA6wI', 'topLevelComment': {'kind': 'youtube#comment', 'etag': 'gpRihzOIPoFKoONftNTaAolZ-i4', 'id': 'UgwJj3pwW_YH_tFA-8t4AaABAg', 'snippet': {'videoId': 'fF41HiCA6wI', 'textDisplay': 'Essa mulher não representa,nós evangelicas pobres.Enquanto ela é princesa,linda,bela...Estamos com nosso coque sem ter um shampoo direito p lavar o cabelo. ELA QUER NOS PRA ORAR PRO MARIDO DELA CONTINUAR NO PODER.  NÃO ESTA BOM P NOS E NOSSAS FAMÍLIAS<br>DEUS ABENCOE O BRASIL. SEM ESSAS PESSOAS QUE USAM A GENTE....', 'textOriginal': 'Essa mulher não representa,nós evangelicas pobres.Enquanto ela é princesa,linda,bela...Estamos com nosso coque sem ter um shampoo direito p lavar o cabelo. ELA QUER NOS PRA ORAR PRO MARIDO DELA CONTINUAR NO PODER.  NÃO ESTA BOM P NOS E NOSSAS FAMÍLIAS\\nDEUS ABENCOE O BRASIL. SEM ESSAS PESSOAS QUE USAM A GENTE....', 'authorDisplayName': 'Luciani N C Araujo', 'authorProfileImageUrl': 'https://yt3.ggpht.com/ytc/AGIKgqPJvObZagyIEnImPVEFilPfgWAXwk8-SNgWaA=s48-c-k-c0x00ffffff-no-rj', 'authorChannelUrl': 'http://www.youtube.com/channel/UCuPNC0CenVwd7g8ZZn3Vw0w', 'authorChannelId': {'value': 'UCuPNC0CenVwd7g8ZZn3Vw0w'}, 'canRate': True, 'viewerRating': 'none', 'likeCount': 13, 'publishedAt': '2022-10-10T23:05:27Z', 'updatedAt': '2022-10-10T23:05:27Z'}}, 'canReply': True, 'totalReplyCount': 3, 'isPublic': True}","{'comments': [{'kind': 'youtube#comment', 'etag': 'PtelBiVKAKjaerPDLa_BgilcEZY', 'id': 'UgwJj3pwW_YH_tFA-8t4AaABAg.9h0lmE7xca_9h1r0yeLqM4', 'snippet': {'videoId': 'fF41HiCA6wI', 'textDisplay': 'Exatamente. Você foi cirúrgica, é só interesse. Se fosse tão cristã como fala, teria ido visitar e ajudar as famílias destroçadas pela COVID ou visitado um hospital. Ela só faz por interesse, nada mais. Vc está certíssima.', 'textOriginal': 'Exatamente. Você foi cirúrgica, é só interesse. Se fosse tão cristã como fala, teria ido visitar e ajudar as famílias destroçadas pela COVID ou visitado um hospital. Ela só faz por interesse, nada mais. Vc está certíssima.', 'parentId': 'UgwJj3pwW_YH_tFA-8t4AaABAg', 'authorDisplayName': 'Annika 🌿🌿', 'authorProfileImageUrl': 'https://yt3.ggpht.com/KM_Mi2Huy0hGY0wm7YfTM4kvRZYaO1wHd1VRLY4WkMbTCq-Gym9p_6MlrhmaI0XOjUYpq7dhdw=s48-c-k-c0x00ffffff-no-rj', 'authorChannelUrl': 'http://www.youtube.com/channel/UCmm9t09uAAxbXbInKnrp7PQ', 'authorChannelId': {'value': 'UCmm9t09uAAxbXbInKnrp7PQ'}, 'canRate': True, 'viewerRating': 'none', 'likeCount': 1, 'publishedAt': '2022-10-11T09:10:31Z', 'updatedAt': '2022-10-11T09:28:52Z'}}, {'kind': 'youtube#comment', 'etag': 'chCULF0vm9BlSJZGzfqwa-al-Ic', 'id': 'UgwJj3pwW_YH_tFA-8t4AaABAg.9h0lmE7xca_9h0o9GHLMTM', 'snippet': {'videoId': 'fF41HiCA6wI', 'textDisplay': '@Gustavo Mendes . Estava melhor sim. Respeito vc Gustavo.Mas  Nós mulheres sabemos.', 'textOriginal': '@Gustavo Mendes . Estava melhor sim. Respeito vc Gustavo.Mas  Nós mulheres sabemos.', 'parentId': 'UgwJj3pwW_YH_tFA-8t4AaABAg', 'authorDisplayName': 'Luciani N C Araujo', 'authorProfileImageUrl': 'https://yt3.ggpht.com/ytc/AGIKgqPJvObZagyIEnImPVEFilPfgWAXwk8-SNgWaA=s48-c-k-c0x00ffffff-no-rj', 'authorChannelUrl': 'http://www.youtube.com/channel/UCuPNC0CenVwd7g8ZZn3Vw0w', 'authorChannelId': {'value': 'UCuPNC0CenVwd7g8ZZn3Vw0w'}, 'canRate': True, 'viewerRating': 'none', 'likeCount': 2, 'publishedAt': '2022-10-10T23:26:12Z', 'updatedAt': '2022-10-10T23:26:12Z'}}, {'kind': 'youtube#comment', 'etag': '7YIJ_Wn_qa18LjFckt00i52B1h0', 'id': 'UgwJj3pwW_YH_tFA-8t4AaABAg.9h0lmE7xca_9h0n-Y6MFJI', 'snippet': {'videoId': 'fF41HiCA6wI', 'textDisplay': 'LUCIANI - e com o pt vc quer enganar quem que estava bom pra vcs , acorda', 'textOriginal': 'LUCIANI - e com o pt vc quer enganar quem que estava bom pra vcs , acorda', 'parentId': 'UgwJj3pwW_YH_tFA-8t4AaABAg', 'authorDisplayName': 'Gustavo Mendes', 'authorProfileImageUrl': 'https://yt3.ggpht.com/ytc/AGIKgqPzTM-H63l5HZ5tP3Tz-KjjfoJe8FEZ1-oR8smr=s48-c-k-c0x00ffffff-no-rj', 'authorChannelUrl': 'http://www.youtube.com/channel/UCWRk1A1xIE-tNoxPBcMtx8Q', 'authorChannelId': {'value': 'UCWRk1A1xIE-tNoxPBcMtx8Q'}, 'canRate': True, 'viewerRating': 'none', 'likeCount': 0, 'publishedAt': '2022-10-10T23:16:08Z', 'updatedAt': '2022-10-10T23:16:08Z'}}]}",UCuPNC0CenVwd7g8ZZn3Vw0w,2022-10-10T23:05:27Z,"Essa mulher não representa,nós evangelicas pobres.Enquanto ela é princesa,linda,bela...Estamos com nosso coque sem ter um shampoo direito p lavar o cabelo. ELA QUER NOS PRA ORAR PRO MARIDO DELA CONTINUAR NO PODER.  NÃO ESTA BOM P NOS E NOSSAS FAMÍLIAS
DEUS ABENCOE O BRASIL. SEM ESSAS PESSOAS QUE USAM A GENTE....",,2023-06-08 11:17:43.597215
