kind,etag,id,snippet,replies,authorChannelId,publishedAt,textOriginal,nextPageToken,extraction_date
youtube#commentThread,U1_UgiHhat0ARioceTKZNfKyDD8,UgwB9JiiyK3HnSk-whZ4AaABAg,"{'videoId': 'XRYjrJJZAME', 'topLevelComment': {'kind': 'youtube#comment', 'etag': 'sitauu5PsqyozekMXh931DoBYH8', 'id': 'UgwB9JiiyK3HnSk-whZ4AaABAg', 'snippet': {'videoId': 'XRYjrJJZAME', 'textDisplay': '👏👏👏👏👏', 'textOriginal': '👏👏👏👏👏', 'authorDisplayName': 'Mariana Moreira', 'authorProfileImageUrl': 'https://yt3.ggpht.com/7BYq6b-UhnQvQxBSPObqt_LQSPnixfk7ixRR0eAH3BUADs2X4QngYr4dw0on9UZm5HN9u5ygXQ=s48-c-k-c0x00ffffff-no-rj', 'authorChannelUrl': 'http://www.youtube.com/channel/UC1S0bCql4JS51noZpKAWW_g', 'authorChannelId': {'value': 'UC1S0bCql4JS51noZpKAWW_g'}, 'canRate': True, 'viewerRating': 'none', 'likeCount': 0, 'publishedAt': '2022-11-19T20:56:36Z', 'updatedAt': '2022-11-19T20:56:36Z'}}, 'canReply': True, 'totalReplyCount': 0, 'isPublic': True}",,UC1S0bCql4JS51noZpKAWW_g,2022-11-19T20:56:36Z,👏👏👏👏👏,QURTSl9pMFNUZ0tHMHlNenNzSmVEb3JMZFBfdy1sNnlJMG91aUtuM0p6YjhrX21hWGlyRm9KSko0QW83OVN6cks3YnprLTU4V0JvaGVvTQ==,2023-06-07 12:46:17.464842
youtube#commentThread,KZ85MFt0OHk0dhaC600tsVMv31c,UgwAthXu971gGoI_LtV4AaABAg,"{'videoId': 'XRYjrJJZAME', 'topLevelComment': {'kind': 'youtube#comment', 'etag': 'eZ5hF0CgWcSFaIF9s1L9oFDw0QI', 'id': 'UgwAthXu971gGoI_LtV4AaABAg', 'snippet': {'videoId': 'XRYjrJJZAME', 'textDisplay': 'Parabéns pimenta o presidente e de todos nós e Lula presidente', 'textOriginal': 'Parabéns pimenta o presidente e de todos nós e Lula presidente', 'authorDisplayName': 'Jorge Azambuja', 'authorProfileImageUrl': 'https://yt3.ggpht.com/ytc/AGIKgqO3u2Zpv1QBccgEc55T5IiXPu6_MmYKHADxoAOAsJ0XN4IEpeUc3TOQxWRVvNth=s48-c-k-c0x00ffffff-no-rj', 'authorChannelUrl': 'http://www.youtube.com/channel/UCEto1r8Y_z8tUYM93axlURQ', 'authorChannelId': {'value': 'UCEto1r8Y_z8tUYM93axlURQ'}, 'canRate': True, 'viewerRating': 'none', 'likeCount': 0, 'publishedAt': '2022-11-18T14:00:29Z', 'updatedAt': '2022-11-18T14:00:29Z'}}, 'canReply': True, 'totalReplyCount': 0, 'isPublic': True}",,UCEto1r8Y_z8tUYM93axlURQ,2022-11-18T14:00:29Z,Parabéns pimenta o presidente e de todos nós e Lula presidente,QURTSl9pMFNUZ0tHMHlNenNzSmVEb3JMZFBfdy1sNnlJMG91aUtuM0p6YjhrX21hWGlyRm9KSko0QW83OVN6cks3YnprLTU4V0JvaGVvTQ==,2023-06-07 12:46:17.464842
youtube#commentThread,FpbKw9VZvegiJNwXprLz_XoJkpQ,Ugwv93PpctDE-4ggrXZ4AaABAg,"{'videoId': 'XRYjrJJZAME', 'topLevelComment': {'kind': 'youtube#comment', 'etag': 'NL_cW3Q380B3JRMRoseGzCNZEos', 'id': 'Ugwv93PpctDE-4ggrXZ4AaABAg', 'snippet': {'videoId': 'XRYjrJJZAME', 'textDisplay': 'Esses nao precisam se pronunciar nada ,são uns milicianos vagabundos, nojentos', 'textOriginal': 'Esses nao precisam se pronunciar nada ,são uns milicianos vagabundos, nojentos', 'authorDisplayName': 'Rosi Mottim', 'authorProfileImageUrl': 'https://yt3.ggpht.com/ytc/AGIKgqNo7mhk8JBVBNp1k84SF4umQEFXZb5r9_7tXnn1dnDQAMr962GFF9W1hqeuKUt0=s48-c-k-c0x00ffffff-no-rj', 'authorChannelUrl': 'http://www.youtube.com/channel/UCLAH57g3zXP4L0VWoMIzcow', 'authorChannelId': {'value': 'UCLAH57g3zXP4L0VWoMIzcow'}, 'canRate': True, 'viewerRating': 'none', 'likeCount': 0, 'publishedAt': '2022-11-15T17:16:10Z', 'updatedAt': '2022-11-15T17:16:10Z'}}, 'canReply': True, 'totalReplyCount': 0, 'isPublic': True}",,UCLAH57g3zXP4L0VWoMIzcow,2022-11-15T17:16:10Z,"Esses nao precisam se pronunciar nada ,são uns milicianos vagabundos, nojentos",QURTSl9pMFNUZ0tHMHlNenNzSmVEb3JMZFBfdy1sNnlJMG91aUtuM0p6YjhrX21hWGlyRm9KSko0QW83OVN6cks3YnprLTU4V0JvaGVvTQ==,2023-06-07 12:46:17.464842
youtube#commentThread,I7qoPbYyLa7jGbNP21YZLwdlJy0,UgzsBUm5DoGRlC5BSCN4AaABAg,"{'videoId': 'XRYjrJJZAME', 'topLevelComment': {'kind': 'youtube#comment', 'etag': 'Q_cIO18vy-gyyLxQjqP5_SedK_w', 'id': 'UgzsBUm5DoGRlC5BSCN4AaABAg', 'snippet': {'videoId': 'XRYjrJJZAME', 'textDisplay': 'Oi Paulo pimenta ,gosto muito de te ouvir ,amo você e muito mais o nosso Lula', 'textOriginal': 'Oi Paulo pimenta ,gosto muito de te ouvir ,amo você e muito mais o nosso Lula', 'authorDisplayName': 'Rosi Mottim', 'authorProfileImageUrl': 'https://yt3.ggpht.com/ytc/AGIKgqNo7mhk8JBVBNp1k84SF4umQEFXZb5r9_7tXnn1dnDQAMr962GFF9W1hqeuKUt0=s48-c-k-c0x00ffffff-no-rj', 'authorChannelUrl': 'http://www.youtube.com/channel/UCLAH57g3zXP4L0VWoMIzcow', 'authorChannelId': {'value': 'UCLAH57g3zXP4L0VWoMIzcow'}, 'canRate': True, 'viewerRating': 'none', 'likeCount': 0, 'publishedAt': '2022-11-15T17:13:45Z', 'updatedAt': '2022-11-15T17:13:45Z'}}, 'canReply': True, 'totalReplyCount': 0, 'isPublic': True}",,UCLAH57g3zXP4L0VWoMIzcow,2022-11-15T17:13:45Z,"Oi Paulo pimenta ,gosto muito de te ouvir ,amo você e muito mais o nosso Lula",QURTSl9pMFNUZ0tHMHlNenNzSmVEb3JMZFBfdy1sNnlJMG91aUtuM0p6YjhrX21hWGlyRm9KSko0QW83OVN6cks3YnprLTU4V0JvaGVvTQ==,2023-06-07 12:46:17.464842
youtube#commentThread,y-jttRvtjglwN8DN2Ni-j7e5Hpw,Ugy-kwbs_BqCQt4CfNx4AaABAg,"{'videoId': 'XRYjrJJZAME', 'topLevelComment': {'kind': 'youtube#comment', 'etag': 'vSqerZ-AgdmZp_7ucDssDar5-2w', 'id': 'Ugy-kwbs_BqCQt4CfNx4AaABAg', 'snippet': {'videoId': 'XRYjrJJZAME', 'textDisplay': 'Como se não bastasse a Cracolândia, agora temos a gadolandia nas ruas', 'textOriginal': 'Como se não bastasse a Cracolândia, agora temos a gadolandia nas ruas', 'authorDisplayName': 'Monica Mariano Mayer', 'authorProfileImageUrl': 'https://yt3.ggpht.com/ytc/AGIKgqNglT7OCEOA255oeYMF82504Aus_J29hXoDbWJC=s48-c-k-c0x00ffffff-no-rj', 'authorChannelUrl': 'http://www.youtube.com/channel/UCTnqG0rj0eED7pjIAjYpddQ', 'authorChannelId': {'value': 'UCTnqG0rj0eED7pjIAjYpddQ'}, 'canRate': True, 'viewerRating': 'none', 'likeCount': 0, 'publishedAt': '2022-11-11T04:42:41Z', 'updatedAt': '2022-11-11T04:42:41Z'}}, 'canReply': True, 'totalReplyCount': 0, 'isPublic': True}",,UCTnqG0rj0eED7pjIAjYpddQ,2022-11-11T04:42:41Z,"Como se não bastasse a Cracolândia, agora temos a gadolandia nas ruas",QURTSl9pMFNUZ0tHMHlNenNzSmVEb3JMZFBfdy1sNnlJMG91aUtuM0p6YjhrX21hWGlyRm9KSko0QW83OVN6cks3YnprLTU4V0JvaGVvTQ==,2023-06-07 12:46:17.464842
youtube#commentThread,rMeOMdQSmbSX1qyPo4RriDUcRLg,UgxG5wkxkS5tdl7fT8l4AaABAg,"{'videoId': 'XRYjrJJZAME', 'topLevelComment': {'kind': 'youtube#comment', 'etag': 'hxdYTSJeWV0m3sy4PNKyk8EmTJk', 'id': 'UgxG5wkxkS5tdl7fT8l4AaABAg', 'snippet': {'videoId': 'XRYjrJJZAME', 'textDisplay': 'A LUTA DO POVO NÃO É EM VÃO! \r<br>Lula foi “condenado em quatro processos por delito contra a administração pública e não foi absolvido pelo supremo: &quot;os processos é que foram anulados&quot;. Disse Marco Aurélio Mello (STF).', 'textOriginal': 'A LUTA DO POVO NÃO É EM VÃO! \r\nLula foi “condenado em quatro processos por delito contra a administração pública e não foi absolvido pelo supremo: ""os processos é que foram anulados"". Disse Marco Aurélio Mello (STF).', 'authorDisplayName': 'M Lopez', 'authorProfileImageUrl': 'https://yt3.ggpht.com/ytc/AGIKgqODmEjME03HwtK5TOfCyYNxUZefgyDqZ2YN6ySvimlcFyamAUQ_I3EkP2nLGFGV=s48-c-k-c0x00ffffff-no-rj', 'authorChannelUrl': 'http://www.youtube.com/channel/UChQuZ7eVRzV1q-3a42vfXvg', 'authorChannelId': {'value': 'UChQuZ7eVRzV1q-3a42vfXvg'}, 'canRate': True, 'viewerRating': 'none', 'likeCount': 0, 'publishedAt': '2022-11-07T10:08:46Z', 'updatedAt': '2022-11-07T10:08:46Z'}}, 'canReply': True, 'totalReplyCount': 0, 'isPublic': True}",,UChQuZ7eVRzV1q-3a42vfXvg,2022-11-07T10:08:46Z,"A LUTA DO POVO NÃO É EM VÃO! 
Lula foi “condenado em quatro processos por delito contra a administração pública e não foi absolvido pelo supremo: ""os processos é que foram anulados"". Disse Marco Aurélio Mello (STF).",QURTSl9pMFNUZ0tHMHlNenNzSmVEb3JMZFBfdy1sNnlJMG91aUtuM0p6YjhrX21hWGlyRm9KSko0QW83OVN6cks3YnprLTU4V0JvaGVvTQ==,2023-06-07 12:46:17.464842
youtube#commentThread,eBpGnFCmUwk_ESzpuSY9xkkmixw,UgxPTizu80iKH9UKjuh4AaABAg,"{'videoId': 'XRYjrJJZAME', 'topLevelComment': {'kind': 'youtube#comment', 'etag': 'x2HAt1Tn7jlOEv3a-dNEVgV70VA', 'id': 'UgxPTizu80iKH9UKjuh4AaABAg', 'snippet': {'videoId': 'XRYjrJJZAME', 'textDisplay': 'Ladrão vai voltar a cena do Crime!!!! Como disse Geraldo Alckmin.kkkk', 'textOriginal': 'Ladrão vai voltar a cena do Crime!!!! Como disse Geraldo Alckmin.kkkk', 'authorDisplayName': 'Adriano Brum', 'authorProfileImageUrl': 'https://yt3.ggpht.com/ytc/AGIKgqMpPFzl3hUNA4rcT4v0hhJ0DyQRzDT-U22d-9X3=s48-c-k-c0x00ffffff-no-rj', 'authorChannelUrl': 'http://www.youtube.com/channel/UC7_71zsrEuTSrw6_F9RjBDA', 'authorChannelId': {'value': 'UC7_71zsrEuTSrw6_F9RjBDA'}, 'canRate': True, 'viewerRating': 'none', 'likeCount': 0, 'publishedAt': '2022-11-04T16:33:35Z', 'updatedAt': '2022-11-04T16:33:35Z'}}, 'canReply': True, 'totalReplyCount': 0, 'isPublic': True}",,UC7_71zsrEuTSrw6_F9RjBDA,2022-11-04T16:33:35Z,Ladrão vai voltar a cena do Crime!!!! Como disse Geraldo Alckmin.kkkk,QURTSl9pMFNUZ0tHMHlNenNzSmVEb3JMZFBfdy1sNnlJMG91aUtuM0p6YjhrX21hWGlyRm9KSko0QW83OVN6cks3YnprLTU4V0JvaGVvTQ==,2023-06-07 12:46:17.464842
youtube#commentThread,YJsyE6-zMuc6_6eJJWx2T-2m9Dk,UgxSX7fCuSz02jWVwsN4AaABAg,"{'videoId': 'XRYjrJJZAME', 'topLevelComment': {'kind': 'youtube#comment', 'etag': '0tRzwUJtCTLTxvNlwiEGCl1tnhY', 'id': 'UgxSX7fCuSz02jWVwsN4AaABAg', 'snippet': {'videoId': 'XRYjrJJZAME', 'textDisplay': 'Bolsonaro o canalha da família de bolsonaro  o MOURAO estáO estimulando o povo ser cúmplices dos seus crimes pois gera baderna balbúrdia para ter conflitos e apoiadores impedir os crimes deste nazista terrorista  Bolsonaro para ficar impune para destruir a reputação de trabalhadores', 'textOriginal': 'Bolsonaro o canalha da família de bolsonaro  o MOURAO estáO estimulando o povo ser cúmplices dos seus crimes pois gera baderna balbúrdia para ter conflitos e apoiadores impedir os crimes deste nazista terrorista  Bolsonaro para ficar impune para destruir a reputação de trabalhadores', 'authorDisplayName': 'Carlos Alberto', 'authorProfileImageUrl': 'https://yt3.ggpht.com/ytc/AGIKgqMYMYq72vkq9hBArjNgdZUUKdtwuh0Ne1YuWJPjZw=s48-c-k-c0x00ffffff-no-rj', 'authorChannelUrl': 'http://www.youtube.com/channel/UC0TzJt87sq6DULroT_zQRgw', 'authorChannelId': {'value': 'UC0TzJt87sq6DULroT_zQRgw'}, 'canRate': True, 'viewerRating': 'none', 'likeCount': 0, 'publishedAt': '2022-11-04T14:40:29Z', 'updatedAt': '2022-11-04T14:44:22Z'}}, 'canReply': True, 'totalReplyCount': 0, 'isPublic': True}",,UC0TzJt87sq6DULroT_zQRgw,2022-11-04T14:40:29Z,Bolsonaro o canalha da família de bolsonaro  o MOURAO estáO estimulando o povo ser cúmplices dos seus crimes pois gera baderna balbúrdia para ter conflitos e apoiadores impedir os crimes deste nazista terrorista  Bolsonaro para ficar impune para destruir a reputação de trabalhadores,QURTSl9pMFNUZ0tHMHlNenNzSmVEb3JMZFBfdy1sNnlJMG91aUtuM0p6YjhrX21hWGlyRm9KSko0QW83OVN6cks3YnprLTU4V0JvaGVvTQ==,2023-06-07 12:46:17.464842
youtube#commentThread,kgbg3fmlUl1mXBQGzRvIqWvHB4Q,Ugy1ivkI7Nj6pj210mx4AaABAg,"{'videoId': 'XRYjrJJZAME', 'topLevelComment': {'kind': 'youtube#comment', 'etag': 'kXdt_83XEGqTXuVtnxi3YH_8VcE', 'id': 'Ugy1ivkI7Nj6pj210mx4AaABAg', 'snippet': {'videoId': 'XRYjrJJZAME', 'textDisplay': 'Chora canalha nojento, acabou teu tempo.', 'textOriginal': 'Chora canalha nojento, acabou teu tempo.', 'authorDisplayName': 'Bruxo', 'authorProfileImageUrl': 'https://yt3.ggpht.com/lCEVNUtTAHV1hZmxod8wUEO_XOqkcQfwCZyHf5J6ExkqRQ2feTS0MkNL49dMHYw2Y5-6jmUg=s48-c-k-c0x00ffffff-no-rj', 'authorChannelUrl': 'http://www.youtube.com/channel/UCjHRULuaY9hb_9UhGZK8TbA', 'authorChannelId': {'value': 'UCjHRULuaY9hb_9UhGZK8TbA'}, 'canRate': True, 'viewerRating': 'none', 'likeCount': 0, 'publishedAt': '2022-11-04T13:12:31Z', 'updatedAt': '2022-11-04T13:12:31Z'}}, 'canReply': True, 'totalReplyCount': 0, 'isPublic': True}",,UCjHRULuaY9hb_9UhGZK8TbA,2022-11-04T13:12:31Z,"Chora canalha nojento, acabou teu tempo.",QURTSl9pMFNUZ0tHMHlNenNzSmVEb3JMZFBfdy1sNnlJMG91aUtuM0p6YjhrX21hWGlyRm9KSko0QW83OVN6cks3YnprLTU4V0JvaGVvTQ==,2023-06-07 12:46:17.464842
youtube#commentThread,_uDQEsuHwQNfL9bW7tGuBya1DNU,Ugw_9VHC3WDfMfTHdaF4AaABAg,"{'videoId': 'XRYjrJJZAME', 'topLevelComment': {'kind': 'youtube#comment', 'etag': 'i8ESDPGqcKDWQrXXgI6qCl3Hzzc', 'id': 'Ugw_9VHC3WDfMfTHdaF4AaABAg', 'snippet': {'videoId': 'XRYjrJJZAME', 'textDisplay': 'Estou com 76 anos e vejo o Brasil andar pra trás .......estamos nos tornando incivilizados!   🤔🤔', 'textOriginal': 'Estou com 76 anos e vejo o Brasil andar pra trás .......estamos nos tornando incivilizados!   🤔🤔', 'authorDisplayName': 'Jennifer Cameron', 'authorProfileImageUrl': 'https://yt3.ggpht.com/ytc/AGIKgqNqPznu64hB1gsK63eoRMHKwT4uoJou89zfeA=s48-c-k-c0x00ffffff-no-rj', 'authorChannelUrl': 'http://www.youtube.com/channel/UCCNocnHtGKRsdUS4jxh0qGw', 'authorChannelId': {'value': 'UCCNocnHtGKRsdUS4jxh0qGw'}, 'canRate': True, 'viewerRating': 'none', 'likeCount': 0, 'publishedAt': '2022-11-04T12:13:47Z', 'updatedAt': '2022-11-04T12:13:47Z'}}, 'canReply': True, 'totalReplyCount': 0, 'isPublic': True}",,UCCNocnHtGKRsdUS4jxh0qGw,2022-11-04T12:13:47Z,Estou com 76 anos e vejo o Brasil andar pra trás .......estamos nos tornando incivilizados!   🤔🤔,QURTSl9pMFNUZ0tHMHlNenNzSmVEb3JMZFBfdy1sNnlJMG91aUtuM0p6YjhrX21hWGlyRm9KSko0QW83OVN6cks3YnprLTU4V0JvaGVvTQ==,2023-06-07 12:46:17.464842
youtube#commentThread,mdmbL6dNOc9MIZazeDwxRbNgLEw,Ugz3ReLqgjs2qbxZCpV4AaABAg,"{'videoId': 'XRYjrJJZAME', 'topLevelComment': {'kind': 'youtube#comment', 'etag': 'YZxCH3qzMTGnlzimkZrrce2CKLs', 'id': 'Ugz3ReLqgjs2qbxZCpV4AaABAg', 'snippet': {'videoId': 'XRYjrJJZAME', 'textDisplay': 'É isto mesmo Lula  fora gadaiada agora cim nunca mais este já era Bolsonaro  e sua família já era   pode chorar esperniar que não vai adientar é Lula agora', 'textOriginal': 'É isto mesmo Lula  fora gadaiada agora cim nunca mais este já era Bolsonaro  e sua família já era   pode chorar esperniar que não vai adientar é Lula agora', 'authorDisplayName': 'João Azevedo', 'authorProfileImageUrl': 'https://yt3.ggpht.com/ytc/AGIKgqM60EPMMRQyxMH7HfoHFzaSOLdlNItEnzcDMw=s48-c-k-c0x00ffffff-no-rj', 'authorChannelUrl': 'http://www.youtube.com/channel/UCfpVlMgwbzj5ILNl44RF-kg', 'authorChannelId': {'value': 'UCfpVlMgwbzj5ILNl44RF-kg'}, 'canRate': True, 'viewerRating': 'none', 'likeCount': 0, 'publishedAt': '2022-11-04T10:50:12Z', 'updatedAt': '2022-11-04T10:50:12Z'}}, 'canReply': True, 'totalReplyCount': 0, 'isPublic': True}",,UCfpVlMgwbzj5ILNl44RF-kg,2022-11-04T10:50:12Z,É isto mesmo Lula  fora gadaiada agora cim nunca mais este já era Bolsonaro  e sua família já era   pode chorar esperniar que não vai adientar é Lula agora,QURTSl9pMFNUZ0tHMHlNenNzSmVEb3JMZFBfdy1sNnlJMG91aUtuM0p6YjhrX21hWGlyRm9KSko0QW83OVN6cks3YnprLTU4V0JvaGVvTQ==,2023-06-07 12:46:17.464842
youtube#commentThread,si6WlI0QeK_9Icx7KZn9olUQTaA,UgzjyGjyQTX8sRIOQ_p4AaABAg,"{'videoId': 'XRYjrJJZAME', 'topLevelComment': {'kind': 'youtube#comment', 'etag': 'knmb8B9uiZDVgIX3FryqnfQW7tg', 'id': 'UgzjyGjyQTX8sRIOQ_p4AaABAg', 'snippet': {'videoId': 'XRYjrJJZAME', 'textDisplay': 'Competente Paulo Pimenta.  Lutador incansável', 'textOriginal': 'Competente Paulo Pimenta.  Lutador incansável', 'authorDisplayName': 'Julia Lobato', 'authorProfileImageUrl': 'https://yt3.ggpht.com/ytc/AGIKgqOOQN02Wym1nGTs2fZCXBN6oCH96e3h6tn2IQ=s48-c-k-c0x00ffffff-no-rj', 'authorChannelUrl': 'http://www.youtube.com/channel/UCxTi_nMZ0TmSRqgXVQSKdUg', 'authorChannelId': {'value': 'UCxTi_nMZ0TmSRqgXVQSKdUg'}, 'canRate': True, 'viewerRating': 'none', 'likeCount': 0, 'publishedAt': '2022-11-04T10:26:41Z', 'updatedAt': '2022-11-04T10:26:41Z'}}, 'canReply': True, 'totalReplyCount': 0, 'isPublic': True}",,UCxTi_nMZ0TmSRqgXVQSKdUg,2022-11-04T10:26:41Z,Competente Paulo Pimenta.  Lutador incansável,QURTSl9pMFNUZ0tHMHlNenNzSmVEb3JMZFBfdy1sNnlJMG91aUtuM0p6YjhrX21hWGlyRm9KSko0QW83OVN6cks3YnprLTU4V0JvaGVvTQ==,2023-06-07 12:46:17.464842
youtube#commentThread,e4ux7kCpNxHEV4JuOtL_DnzT9xI,UgwEghXk4Ro2YMpWx8Z4AaABAg,"{'videoId': 'XRYjrJJZAME', 'topLevelComment': {'kind': 'youtube#comment', 'etag': '4Dp6M0igjPQt43FXJAwB-xfAnn0', 'id': 'UgwEghXk4Ro2YMpWx8Z4AaABAg', 'snippet': {'videoId': 'XRYjrJJZAME', 'textDisplay': 'Alguém tem dúvida.', 'textOriginal': 'Alguém tem dúvida.', 'authorDisplayName': 'Julia Lobato', 'authorProfileImageUrl': 'https://yt3.ggpht.com/ytc/AGIKgqOOQN02Wym1nGTs2fZCXBN6oCH96e3h6tn2IQ=s48-c-k-c0x00ffffff-no-rj', 'authorChannelUrl': 'http://www.youtube.com/channel/UCxTi_nMZ0TmSRqgXVQSKdUg', 'authorChannelId': {'value': 'UCxTi_nMZ0TmSRqgXVQSKdUg'}, 'canRate': True, 'viewerRating': 'none', 'likeCount': 0, 'publishedAt': '2022-11-04T10:25:33Z', 'updatedAt': '2022-11-04T10:25:33Z'}}, 'canReply': True, 'totalReplyCount': 0, 'isPublic': True}",,UCxTi_nMZ0TmSRqgXVQSKdUg,2022-11-04T10:25:33Z,Alguém tem dúvida.,QURTSl9pMFNUZ0tHMHlNenNzSmVEb3JMZFBfdy1sNnlJMG91aUtuM0p6YjhrX21hWGlyRm9KSko0QW83OVN6cks3YnprLTU4V0JvaGVvTQ==,2023-06-07 12:46:17.464842
youtube#commentThread,h31A68YLDLOJZ740yA9X3WgoD5s,Ugy7enVgY7pOVdNss754AaABAg,"{'videoId': 'XRYjrJJZAME', 'topLevelComment': {'kind': 'youtube#comment', 'etag': '1wZiFb9yD46aWdwIwKBZsC-6ByY', 'id': 'Ugy7enVgY7pOVdNss754AaABAg', 'snippet': {'videoId': 'XRYjrJJZAME', 'textDisplay': 'Velho vagabundo mentiroso.', 'textOriginal': 'Velho vagabundo mentiroso.', 'authorDisplayName': 'Paulo Conti', 'authorProfileImageUrl': 'https://yt3.ggpht.com/ytc/AGIKgqNf9e8wjrorozjzofPVkrghWEfwab-PMZr4FA=s48-c-k-c0x00ffffff-no-rj', 'authorChannelUrl': 'http://www.youtube.com/channel/UCFHBVFs3yMtYcN5Eq7BzyhQ', 'authorChannelId': {'value': 'UCFHBVFs3yMtYcN5Eq7BzyhQ'}, 'canRate': True, 'viewerRating': 'none', 'likeCount': 0, 'publishedAt': '2022-11-04T02:18:42Z', 'updatedAt': '2022-11-04T02:18:42Z'}}, 'canReply': True, 'totalReplyCount': 0, 'isPublic': True}",,UCFHBVFs3yMtYcN5Eq7BzyhQ,2022-11-04T02:18:42Z,Velho vagabundo mentiroso.,QURTSl9pMFNUZ0tHMHlNenNzSmVEb3JMZFBfdy1sNnlJMG91aUtuM0p6YjhrX21hWGlyRm9KSko0QW83OVN6cks3YnprLTU4V0JvaGVvTQ==,2023-06-07 12:46:17.464842
youtube#commentThread,UYyRk__AQNK01wA2nMYBt448dfw,UgwDXmXxEH63r6AE0Gd4AaABAg,"{'videoId': 'XRYjrJJZAME', 'topLevelComment': {'kind': 'youtube#comment', 'etag': 'tzFW-_rIKekN7Q_CvY5t62zSl58', 'id': 'UgwDXmXxEH63r6AE0Gd4AaABAg', 'snippet': {'videoId': 'XRYjrJJZAME', 'textDisplay': 'NÓS Q SOMOS LULA VAMOS MOSTRAR NOSSA EDUCAÇÃO, DEIXA ELES SE SUJAREM. SOMOS MAIS SOMOS LULAAA 🇧🇷🇧🇷🇧🇷🇧🇷🇧🇷🇧🇷. E ELES DIZEM Q NÓS Q NÃO PRESTAMOS . VAMOS ORAR MEU POVO 🙌🙌🙌', 'textOriginal': 'NÓS Q SOMOS LULA VAMOS MOSTRAR NOSSA EDUCAÇÃO, DEIXA ELES SE SUJAREM. SOMOS MAIS SOMOS LULAAA 🇧🇷🇧🇷🇧🇷🇧🇷🇧🇷🇧🇷. E ELES DIZEM Q NÓS Q NÃO PRESTAMOS . VAMOS ORAR MEU POVO 🙌🙌🙌', 'authorDisplayName': 'SOL 🌻', 'authorProfileImageUrl': 'https://yt3.ggpht.com/8De6iXGW3ENxlqbxN8v2Zs3Ucfo6ZcP2x3w97727j0kdxXBlfvtTEznlLWra9cBGp-t1wnhhwA=s48-c-k-c0x00ffffff-no-rj', 'authorChannelUrl': 'http://www.youtube.com/channel/UCODWcRia4knEEK-o4NJmknA', 'authorChannelId': {'value': 'UCODWcRia4knEEK-o4NJmknA'}, 'canRate': True, 'viewerRating': 'none', 'likeCount': 0, 'publishedAt': '2022-11-03T21:58:08Z', 'updatedAt': '2022-11-03T22:01:58Z'}}, 'canReply': True, 'totalReplyCount': 0, 'isPublic': True}",,UCODWcRia4knEEK-o4NJmknA,2022-11-03T21:58:08Z,"NÓS Q SOMOS LULA VAMOS MOSTRAR NOSSA EDUCAÇÃO, DEIXA ELES SE SUJAREM. SOMOS MAIS SOMOS LULAAA 🇧🇷🇧🇷🇧🇷🇧🇷🇧🇷🇧🇷. E ELES DIZEM Q NÓS Q NÃO PRESTAMOS . VAMOS ORAR MEU POVO 🙌🙌🙌",QURTSl9pMFNUZ0tHMHlNenNzSmVEb3JMZFBfdy1sNnlJMG91aUtuM0p6YjhrX21hWGlyRm9KSko0QW83OVN6cks3YnprLTU4V0JvaGVvTQ==,2023-06-07 12:46:17.464842
youtube#commentThread,U68A4rhJPOS6jH4B12nZwnwPfnk,UgylzlDbWPpeYo9XMGV4AaABAg,"{'videoId': 'XRYjrJJZAME', 'topLevelComment': {'kind': 'youtube#comment', 'etag': 'uoiMkTlJ1otpqA22BURGFtUO7WI', 'id': 'UgylzlDbWPpeYo9XMGV4AaABAg', 'snippet': {'videoId': 'XRYjrJJZAME', 'textDisplay': 'Verdade Deputado pimenta orar para Deus abençoar o Lula nosso presidente é uma alegria tão grande que a senhora que não aguenta nem falar muito eu tenho de ir aí onde o Lula está se Deus quiser e dá um abraço no Lula no meu presidente Presidente nosso presidente do Brasil é o meu propósito que eu fiz com meu Jesus', 'textOriginal': 'Verdade Deputado pimenta orar para Deus abençoar o Lula nosso presidente é uma alegria tão grande que a senhora que não aguenta nem falar muito eu tenho de ir aí onde o Lula está se Deus quiser e dá um abraço no Lula no meu presidente Presidente nosso presidente do Brasil é o meu propósito que eu fiz com meu Jesus', 'authorDisplayName': 'Bete Passos', 'authorProfileImageUrl': 'https://yt3.ggpht.com/ytc/AGIKgqMWNMa9_xbSKC54L2vrcudoX4TOTE5mdGCZyg=s48-c-k-c0x00ffffff-no-rj', 'authorChannelUrl': 'http://www.youtube.com/channel/UCwNFdO30dLe3dA_aUk3o7cA', 'authorChannelId': {'value': 'UCwNFdO30dLe3dA_aUk3o7cA'}, 'canRate': True, 'viewerRating': 'none', 'likeCount': 0, 'publishedAt': '2022-11-03T19:52:23Z', 'updatedAt': '2022-11-03T19:52:23Z'}}, 'canReply': True, 'totalReplyCount': 0, 'isPublic': True}",,UCwNFdO30dLe3dA_aUk3o7cA,2022-11-03T19:52:23Z,Verdade Deputado pimenta orar para Deus abençoar o Lula nosso presidente é uma alegria tão grande que a senhora que não aguenta nem falar muito eu tenho de ir aí onde o Lula está se Deus quiser e dá um abraço no Lula no meu presidente Presidente nosso presidente do Brasil é o meu propósito que eu fiz com meu Jesus,QURTSl9pMFNUZ0tHMHlNenNzSmVEb3JMZFBfdy1sNnlJMG91aUtuM0p6YjhrX21hWGlyRm9KSko0QW83OVN6cks3YnprLTU4V0JvaGVvTQ==,2023-06-07 12:46:17.464842
youtube#commentThread,38GueKmio0NgAWFN6t3wgRG3z2Y,UgxeF0xevoZnpk79e414AaABAg,"{'videoId': 'XRYjrJJZAME', 'topLevelComment': {'kind': 'youtube#comment', 'etag': 'JZPFcsDGk1nAKIUUGyxkA3t0HQU', 'id': 'UgxeF0xevoZnpk79e414AaABAg', 'snippet': {'videoId': 'XRYjrJJZAME', 'textDisplay': 'Folha de pagamento da fundae kkk chinelo', 'textOriginal': 'Folha de pagamento da fundae kkk chinelo', 'authorDisplayName': 'daniel lima', 'authorProfileImageUrl': 'https://yt3.ggpht.com/ytc/AGIKgqMyjJz0UfKBrNFSP4vbnEbFTYgny-JF-hn8twHl8Q=s48-c-k-c0x00ffffff-no-rj', 'authorChannelUrl': 'http://www.youtube.com/channel/UCDgLzhQ7m4u1r3MNRWuJw_A', 'authorChannelId': {'value': 'UCDgLzhQ7m4u1r3MNRWuJw_A'}, 'canRate': True, 'viewerRating': 'none', 'likeCount': 0, 'publishedAt': '2022-11-03T17:50:19Z', 'updatedAt': '2022-11-03T17:50:55Z'}}, 'canReply': True, 'totalReplyCount': 0, 'isPublic': True}",,UCDgLzhQ7m4u1r3MNRWuJw_A,2022-11-03T17:50:19Z,Folha de pagamento da fundae kkk chinelo,QURTSl9pMFNUZ0tHMHlNenNzSmVEb3JMZFBfdy1sNnlJMG91aUtuM0p6YjhrX21hWGlyRm9KSko0QW83OVN6cks3YnprLTU4V0JvaGVvTQ==,2023-06-07 12:46:17.464842
youtube#commentThread,R7UJH3vaAsquGPXBvcP3AtZWRcM,UgwJeKYw6ILSzpJEYxZ4AaABAg,"{'videoId': 'XRYjrJJZAME', 'topLevelComment': {'kind': 'youtube#comment', 'etag': 'XujY4T_0zgxP10N0GHrdbxtQNE8', 'id': 'UgwJeKYw6ILSzpJEYxZ4AaABAg', 'snippet': {'videoId': 'XRYjrJJZAME', 'textDisplay': 'Paulo pimenta chinelo', 'textOriginal': 'Paulo pimenta chinelo', 'authorDisplayName': 'daniel lima', 'authorProfileImageUrl': 'https://yt3.ggpht.com/ytc/AGIKgqMyjJz0UfKBrNFSP4vbnEbFTYgny-JF-hn8twHl8Q=s48-c-k-c0x00ffffff-no-rj', 'authorChannelUrl': 'http://www.youtube.com/channel/UCDgLzhQ7m4u1r3MNRWuJw_A', 'authorChannelId': {'value': 'UCDgLzhQ7m4u1r3MNRWuJw_A'}, 'canRate': True, 'viewerRating': 'none', 'likeCount': 0, 'publishedAt': '2022-11-03T17:49:00Z', 'updatedAt': '2022-11-03T17:49:00Z'}}, 'canReply': True, 'totalReplyCount': 0, 'isPublic': True}",,UCDgLzhQ7m4u1r3MNRWuJw_A,2022-11-03T17:49:00Z,Paulo pimenta chinelo,QURTSl9pMFNUZ0tHMHlNenNzSmVEb3JMZFBfdy1sNnlJMG91aUtuM0p6YjhrX21hWGlyRm9KSko0QW83OVN6cks3YnprLTU4V0JvaGVvTQ==,2023-06-07 12:46:17.464842
youtube#commentThread,nH1b-S1v1YxuI8tGzyW4DuT2nsU,UgxWOh0BxpTjTF3T-uF4AaABAg,"{'videoId': 'XRYjrJJZAME', 'topLevelComment': {'kind': 'youtube#comment', 'etag': 'NR1c503wm7SRGDNHEGxTOln_E2k', 'id': 'UgxWOh0BxpTjTF3T-uF4AaABAg', 'snippet': {'videoId': 'XRYjrJJZAME', 'textDisplay': 'CONTE CONOSCO!', 'textOriginal': 'CONTE CONOSCO!', 'authorDisplayName': 'RoseMary Luz', 'authorProfileImageUrl': 'https://yt3.ggpht.com/ytc/AGIKgqPx-S4l1k_st73kPaheByWN8gD4E_f0pg83XmNakYup7KprRz8hunAgYf7cMHOH=s48-c-k-c0x00ffffff-no-rj', 'authorChannelUrl': 'http://www.youtube.com/channel/UC4RTla8XtJVNMUy2meHe9bw', 'authorChannelId': {'value': 'UC4RTla8XtJVNMUy2meHe9bw'}, 'canRate': True, 'viewerRating': 'none', 'likeCount': 0, 'publishedAt': '2022-11-03T16:07:43Z', 'updatedAt': '2022-11-03T16:07:43Z'}}, 'canReply': True, 'totalReplyCount': 0, 'isPublic': True}",,UC4RTla8XtJVNMUy2meHe9bw,2022-11-03T16:07:43Z,CONTE CONOSCO!,QURTSl9pMFNUZ0tHMHlNenNzSmVEb3JMZFBfdy1sNnlJMG91aUtuM0p6YjhrX21hWGlyRm9KSko0QW83OVN6cks3YnprLTU4V0JvaGVvTQ==,2023-06-07 12:46:17.464842
youtube#commentThread,ASm5Shc1xtxlpy0dDOcvxeaGo5I,Ugz5gcro_chob47zrr54AaABAg,"{'videoId': 'XRYjrJJZAME', 'topLevelComment': {'kind': 'youtube#comment', 'etag': 'lXCuP3-WXHbLl77c4kU13mlHa6Y', 'id': 'Ugz5gcro_chob47zrr54AaABAg', 'snippet': {'videoId': 'XRYjrJJZAME', 'textDisplay': 'PIMENTA EU E O NORDESTE ESTAMOS COM LULA SIMMMM!', 'textOriginal': 'PIMENTA EU E O NORDESTE ESTAMOS COM LULA SIMMMM!', 'authorDisplayName': 'RoseMary Luz', 'authorProfileImageUrl': 'https://yt3.ggpht.com/ytc/AGIKgqPx-S4l1k_st73kPaheByWN8gD4E_f0pg83XmNakYup7KprRz8hunAgYf7cMHOH=s48-c-k-c0x00ffffff-no-rj', 'authorChannelUrl': 'http://www.youtube.com/channel/UC4RTla8XtJVNMUy2meHe9bw', 'authorChannelId': {'value': 'UC4RTla8XtJVNMUy2meHe9bw'}, 'canRate': True, 'viewerRating': 'none', 'likeCount': 0, 'publishedAt': '2022-11-03T16:07:22Z', 'updatedAt': '2022-11-03T16:07:22Z'}}, 'canReply': True, 'totalReplyCount': 0, 'isPublic': True}",,UC4RTla8XtJVNMUy2meHe9bw,2022-11-03T16:07:22Z,PIMENTA EU E O NORDESTE ESTAMOS COM LULA SIMMMM!,QURTSl9pMFNUZ0tHMHlNenNzSmVEb3JMZFBfdy1sNnlJMG91aUtuM0p6YjhrX21hWGlyRm9KSko0QW83OVN6cks3YnprLTU4V0JvaGVvTQ==,2023-06-07 12:46:17.464842
youtube#commentThread,MGY0qB-oHMJQd37NOAtMGtZAeU8,Ugxn8k8XgRuVKdDINJN4AaABAg,"{'videoId': 'XRYjrJJZAME', 'topLevelComment': {'kind': 'youtube#comment', 'etag': 'frvA2luVwhpFYrWk2z_ultVzsFw', 'id': 'Ugxn8k8XgRuVKdDINJN4AaABAg', 'snippet': {'videoId': 'XRYjrJJZAME', 'textDisplay': 'Deixa de ser ridículo...somente um povo ignorante elege um descondenado. Vergonha de ser brasileiro.', 'textOriginal': 'Deixa de ser ridículo...somente um povo ignorante elege um descondenado. Vergonha de ser brasileiro.', 'authorDisplayName': 'Maria Da Graça Machado', 'authorProfileImageUrl': 'https://yt3.ggpht.com/ytc/AGIKgqOQBjPaXKTankpPNcIf10ETIudkJPy9U77hAw=s48-c-k-c0x00ffffff-no-rj', 'authorChannelUrl': 'http://www.youtube.com/channel/UCTOSMnoFUIHKU657I21TjCw', 'authorChannelId': {'value': 'UCTOSMnoFUIHKU657I21TjCw'}, 'canRate': True, 'viewerRating': 'none', 'likeCount': 0, 'publishedAt': '2022-11-03T04:18:44Z', 'updatedAt': '2022-11-03T04:18:44Z'}}, 'canReply': True, 'totalReplyCount': 0, 'isPublic': True}",,UCTOSMnoFUIHKU657I21TjCw,2022-11-03T04:18:44Z,Deixa de ser ridículo...somente um povo ignorante elege um descondenado. Vergonha de ser brasileiro.,QURTSl9pMFNUZ0tHMHlNenNzSmVEb3JMZFBfdy1sNnlJMG91aUtuM0p6YjhrX21hWGlyRm9KSko0QW83OVN6cks3YnprLTU4V0JvaGVvTQ==,2023-06-07 12:46:17.464842
youtube#commentThread,BnAvF_jBA7PqXRAlqbBaaaPrn3Q,UgylXqzfp2xnwNim6Kx4AaABAg,"{'videoId': 'XRYjrJJZAME', 'topLevelComment': {'kind': 'youtube#comment', 'etag': '2JDGMa9nKXQk3rK1y7kpai1mZyw', 'id': 'UgylXqzfp2xnwNim6Kx4AaABAg', 'snippet': {'videoId': 'XRYjrJJZAME', 'textDisplay': 'Parabéns a vc e toda equipe PT✌️eu acredito Yausha é quem rege está Nação ! nossa Democracia está nas mãos daquele que faz Justiça !👏 esses desorientados , tem que respeitar , foi a maioria que mostrou nas urnas o desejo de mudar o Brasil 👏 Desejo a toda equipe do PT saúde , discernimento, união , sabedoria , perseverança para governar e mostrar a esses sem noção que o Brasil em 1o Janeiro terá outro rumo , terá igualdade direitos e reconhecimento. O PRESIDENTE volta a brilhar no mundo inteiro ✨ com muita garra e determinação ❤ VIVA A NOSSA DEMOCRACIA ✨✌️👊', 'textOriginal': 'Parabéns a vc e toda equipe PT✌️eu acredito Yausha é quem rege está Nação ! nossa Democracia está nas mãos daquele que faz Justiça !👏 esses desorientados , tem que respeitar , foi a maioria que mostrou nas urnas o desejo de mudar o Brasil 👏 Desejo a toda equipe do PT saúde , discernimento, união , sabedoria , perseverança para governar e mostrar a esses sem noção que o Brasil em 1o Janeiro terá outro rumo , terá igualdade direitos e reconhecimento. O PRESIDENTE volta a brilhar no mundo inteiro ✨ com muita garra e determinação ❤ VIVA A NOSSA DEMOCRACIA ✨✌️👊', 'authorDisplayName': 'Conceição Guimarães', 'authorProfileImageUrl': 'https://yt3.ggpht.com/ytc/AGIKgqOtA5Tl68EVeW9158DxFoNRqVyucKpGl19JsIQHyA=s48-c-k-c0x00ffffff-no-rj', 'authorChannelUrl': 'http://www.youtube.com/channel/UCcYBU6S8AMriJc25XPAfbLw', 'authorChannelId': {'value': 'UCcYBU6S8AMriJc25XPAfbLw'}, 'canRate': True, 'viewerRating': 'none', 'likeCount': 0, 'publishedAt': '2022-11-03T00:41:06Z', 'updatedAt': '2022-11-03T00:41:06Z'}}, 'canReply': True, 'totalReplyCount': 0, 'isPublic': True}",,UCcYBU6S8AMriJc25XPAfbLw,2022-11-03T00:41:06Z,"Parabéns a vc e toda equipe PT✌️eu acredito Yausha é quem rege está Nação ! nossa Democracia está nas mãos daquele que faz Justiça !👏 esses desorientados , tem que respeitar , foi a maioria que mostrou nas urnas o desejo de mudar o Brasil 👏 Desejo a toda equipe do PT saúde , discernimento, união , sabedoria , perseverança para governar e mostrar a esses sem noção que o Brasil em 1o Janeiro terá outro rumo , terá igualdade direitos e reconhecimento. O PRESIDENTE volta a brilhar no mundo inteiro ✨ com muita garra e determinação ❤ VIVA A NOSSA DEMOCRACIA ✨✌️👊",QURTSl9pMFNUZ0tHMHlNenNzSmVEb3JMZFBfdy1sNnlJMG91aUtuM0p6YjhrX21hWGlyRm9KSko0QW83OVN6cks3YnprLTU4V0JvaGVvTQ==,2023-06-07 12:46:17.464842
youtube#commentThread,BiLcKsnk2pZcGyMEka74h2l2A7c,UgwCB53MBzOXSuQyH_N4AaABAg,"{'videoId': 'XRYjrJJZAME', 'topLevelComment': {'kind': 'youtube#comment', 'etag': 'Qpveop-RximGn5JuYqLDfLckQzQ', 'id': 'UgwCB53MBzOXSuQyH_N4AaABAg', 'snippet': {'videoId': 'XRYjrJJZAME', 'textDisplay': 'VREDADE', 'textOriginal': 'VREDADE', 'authorDisplayName': 'Maria José', 'authorProfileImageUrl': 'https://yt3.ggpht.com/ytc/AGIKgqPbasLNMQq5BIVkvUhSZuL4v9W6wuCZPayYtA=s48-c-k-c0x00ffffff-no-rj', 'authorChannelUrl': 'http://www.youtube.com/channel/UCXnY_MbD8iyqmixgVmae9JQ', 'authorChannelId': {'value': 'UCXnY_MbD8iyqmixgVmae9JQ'}, 'canRate': True, 'viewerRating': 'none', 'likeCount': 0, 'publishedAt': '2022-11-02T23:10:38Z', 'updatedAt': '2022-11-02T23:10:38Z'}}, 'canReply': True, 'totalReplyCount': 0, 'isPublic': True}",,UCXnY_MbD8iyqmixgVmae9JQ,2022-11-02T23:10:38Z,VREDADE,QURTSl9pMFNUZ0tHMHlNenNzSmVEb3JMZFBfdy1sNnlJMG91aUtuM0p6YjhrX21hWGlyRm9KSko0QW83OVN6cks3YnprLTU4V0JvaGVvTQ==,2023-06-07 12:46:17.464842
youtube#commentThread,JTCaY3yajnIXzQbP3BgKdVplSN8,UgzReM2sliQQxU6MXeR4AaABAg,"{'videoId': 'XRYjrJJZAME', 'topLevelComment': {'kind': 'youtube#comment', 'etag': 'PG6TNCj5H5c_3JHf2tXM2MbmCts', 'id': 'UgzReM2sliQQxU6MXeR4AaABAg', 'snippet': {'videoId': 'XRYjrJJZAME', 'textDisplay': 'Verdade, eles são covardes mimados!', 'textOriginal': 'Verdade, eles são covardes mimados!', 'authorDisplayName': 'Heliosvaldo Marinho', 'authorProfileImageUrl': 'https://yt3.ggpht.com/ytc/AGIKgqNEPLQwxd-Aw-kHRFHlUujFi7i0FSytPUFHkbfaxXAEcBnVlGhomaw0c_CzceM9=s48-c-k-c0x00ffffff-no-rj', 'authorChannelUrl': 'http://www.youtube.com/channel/UCpZnTJ3i-u4mXyaGu1QkiKg', 'authorChannelId': {'value': 'UCpZnTJ3i-u4mXyaGu1QkiKg'}, 'canRate': True, 'viewerRating': 'none', 'likeCount': 0, 'publishedAt': '2022-11-02T22:12:52Z', 'updatedAt': '2022-11-02T22:12:52Z'}}, 'canReply': True, 'totalReplyCount': 0, 'isPublic': True}",,UCpZnTJ3i-u4mXyaGu1QkiKg,2022-11-02T22:12:52Z,"Verdade, eles são covardes mimados!",QURTSl9pMFNUZ0tHMHlNenNzSmVEb3JMZFBfdy1sNnlJMG91aUtuM0p6YjhrX21hWGlyRm9KSko0QW83OVN6cks3YnprLTU4V0JvaGVvTQ==,2023-06-07 12:46:17.464842
youtube#commentThread,7EKsLHo_aiGfP1xrl9NPD20Okh4,UgyMdCiBfoJtsGPVoEF4AaABAg,"{'videoId': 'XRYjrJJZAME', 'topLevelComment': {'kind': 'youtube#comment', 'etag': '5nK8i9V3aEZHM_utnN9RTccQibM', 'id': 'UgyMdCiBfoJtsGPVoEF4AaABAg', 'snippet': {'videoId': 'XRYjrJJZAME', 'textDisplay': 'Essa baderna estava articulada desde o dia 19 de outubro', 'textOriginal': 'Essa baderna estava articulada desde o dia 19 de outubro', 'authorDisplayName': 'Sirlene no Valeria', 'authorProfileImageUrl': 'https://yt3.ggpht.com/ytc/AGIKgqMgW1AAgEkoqCumCqh51CbIlwOURr8wLraXxw=s48-c-k-c0x00ffffff-no-rj', 'authorChannelUrl': 'http://www.youtube.com/channel/UC1y_BovLaIrGCtekpyIiN0A', 'authorChannelId': {'value': 'UC1y_BovLaIrGCtekpyIiN0A'}, 'canRate': True, 'viewerRating': 'none', 'likeCount': 0, 'publishedAt': '2022-11-02T20:58:00Z', 'updatedAt': '2022-11-02T20:58:00Z'}}, 'canReply': True, 'totalReplyCount': 0, 'isPublic': True}",,UC1y_BovLaIrGCtekpyIiN0A,2022-11-02T20:58:00Z,Essa baderna estava articulada desde o dia 19 de outubro,QURTSl9pMFNUZ0tHMHlNenNzSmVEb3JMZFBfdy1sNnlJMG91aUtuM0p6YjhrX21hWGlyRm9KSko0QW83OVN6cks3YnprLTU4V0JvaGVvTQ==,2023-06-07 12:46:17.464842
youtube#commentThread,ZfgkWTdFnz7e828wtEWDp2lZN4A,Ugwgy9bsjXMXzRF-6bd4AaABAg,"{'videoId': 'XRYjrJJZAME', 'topLevelComment': {'kind': 'youtube#comment', 'etag': '31iZ22xfQwjJsjmsSpCc_gQJDNw', 'id': 'Ugwgy9bsjXMXzRF-6bd4AaABAg', 'snippet': {'videoId': 'XRYjrJJZAME', 'textDisplay': 'Ele espalhou o ódio', 'textOriginal': 'Ele espalhou o ódio', 'authorDisplayName': 'RHope', 'authorProfileImageUrl': 'https://yt3.ggpht.com/EmsTvW4NSc5RNvJdI0B3NFa8B20DcFrk_IadIjVLyjZjMtC4lGMBDUfXw6nCZshRJdUR7QgKcw=s48-c-k-c0x00ffffff-no-rj', 'authorChannelUrl': 'http://www.youtube.com/channel/UCXfYfN-SM-v1YgV9ijFzzOw', 'authorChannelId': {'value': 'UCXfYfN-SM-v1YgV9ijFzzOw'}, 'canRate': True, 'viewerRating': 'none', 'likeCount': 0, 'publishedAt': '2022-11-02T18:40:36Z', 'updatedAt': '2022-11-02T18:40:36Z'}}, 'canReply': True, 'totalReplyCount': 0, 'isPublic': True}",,UCXfYfN-SM-v1YgV9ijFzzOw,2022-11-02T18:40:36Z,Ele espalhou o ódio,QURTSl9pMFNUZ0tHMHlNenNzSmVEb3JMZFBfdy1sNnlJMG91aUtuM0p6YjhrX21hWGlyRm9KSko0QW83OVN6cks3YnprLTU4V0JvaGVvTQ==,2023-06-07 12:46:17.464842
youtube#commentThread,L0sM0wYD1HxbWBi-QNms5VmgdVY,UgxU_94Dr2i9g6HUtK14AaABAg,"{'videoId': 'XRYjrJJZAME', 'topLevelComment': {'kind': 'youtube#comment', 'etag': 'pt0OavGvsejtkTyJ9eg3ewQwEj0', 'id': 'UgxU_94Dr2i9g6HUtK14AaABAg', 'snippet': {'videoId': 'XRYjrJJZAME', 'textDisplay': 'Esse genocida era pra está preso desde 2019<br>O maior erro deste país foi não ter cortado as asas dele Bolsonaro desde quando estava no Exército.', 'textOriginal': 'Esse genocida era pra está preso desde 2019\nO maior erro deste país foi não ter cortado as asas dele Bolsonaro desde quando estava no Exército.', 'authorDisplayName': 'Floriano Costa', 'authorProfileImageUrl': 'https://yt3.ggpht.com/ytc/AGIKgqPI0yhnZJzwI5LBfBxmKLWBjLgEtwKS3H5nQg=s48-c-k-c0x00ffffff-no-rj', 'authorChannelUrl': 'http://www.youtube.com/channel/UC2XN-4qIyhqpULZ3vP-xTpA', 'authorChannelId': {'value': 'UC2XN-4qIyhqpULZ3vP-xTpA'}, 'canRate': True, 'viewerRating': 'none', 'likeCount': 0, 'publishedAt': '2022-11-02T17:22:09Z', 'updatedAt': '2022-11-02T17:22:09Z'}}, 'canReply': True, 'totalReplyCount': 0, 'isPublic': True}",,UC2XN-4qIyhqpULZ3vP-xTpA,2022-11-02T17:22:09Z,"Esse genocida era pra está preso desde 2019
O maior erro deste país foi não ter cortado as asas dele Bolsonaro desde quando estava no Exército.",QURTSl9pMFNUZ0tHMHlNenNzSmVEb3JMZFBfdy1sNnlJMG91aUtuM0p6YjhrX21hWGlyRm9KSko0QW83OVN6cks3YnprLTU4V0JvaGVvTQ==,2023-06-07 12:46:17.464842
youtube#commentThread,9g2XIpEoBVFC8fJ67m0MWf4CeEE,UgxlgD30Yjxj90jmmql4AaABAg,"{'videoId': 'XRYjrJJZAME', 'topLevelComment': {'kind': 'youtube#comment', 'etag': 'X5u19cJ0ChNTUF4BGB_JibFHzrU', 'id': 'UgxlgD30Yjxj90jmmql4AaABAg', 'snippet': {'videoId': 'XRYjrJJZAME', 'textDisplay': 'Lula te que sancionar uma lei para que na haja mais reeleição!', 'textOriginal': 'Lula te que sancionar uma lei para que na haja mais reeleição!', 'authorDisplayName': 'Ignez Maria Cardoso', 'authorProfileImageUrl': 'https://yt3.ggpht.com/ytc/AGIKgqMqSMKrz1nQ9SfPawNwTclJcAI7AkZUvNHavmYqKjAeexZZ-YFao-413zfKm7pR=s48-c-k-c0x00ffffff-no-rj', 'authorChannelUrl': 'http://www.youtube.com/channel/UCk1CPSCXapwjF6h2jDdZAIQ', 'authorChannelId': {'value': 'UCk1CPSCXapwjF6h2jDdZAIQ'}, 'canRate': True, 'viewerRating': 'none', 'likeCount': 0, 'publishedAt': '2022-11-02T11:22:09Z', 'updatedAt': '2022-11-02T11:22:09Z'}}, 'canReply': True, 'totalReplyCount': 0, 'isPublic': True}",,UCk1CPSCXapwjF6h2jDdZAIQ,2022-11-02T11:22:09Z,Lula te que sancionar uma lei para que na haja mais reeleição!,QURTSl9pMFNUZ0tHMHlNenNzSmVEb3JMZFBfdy1sNnlJMG91aUtuM0p6YjhrX21hWGlyRm9KSko0QW83OVN6cks3YnprLTU4V0JvaGVvTQ==,2023-06-07 12:46:17.464842
youtube#commentThread,SneGX2Kb0DrQ0OYpgIhtG97sqjE,UgzufurlcOodQ6_0V3p4AaABAg,"{'videoId': 'XRYjrJJZAME', 'topLevelComment': {'kind': 'youtube#comment', 'etag': 'yD4C19i9o1UkREEyWavm1dPJKDg', 'id': 'UgzufurlcOodQ6_0V3p4AaABAg', 'snippet': {'videoId': 'XRYjrJJZAME', 'textDisplay': 'Bosonaro é  o próprio aquele que leva muitas Almas com ele ! Isso é  triste !', 'textOriginal': 'Bosonaro é  o próprio aquele que leva muitas Almas com ele ! Isso é  triste !', 'authorDisplayName': 'Ignez Maria Cardoso', 'authorProfileImageUrl': 'https://yt3.ggpht.com/ytc/AGIKgqMqSMKrz1nQ9SfPawNwTclJcAI7AkZUvNHavmYqKjAeexZZ-YFao-413zfKm7pR=s48-c-k-c0x00ffffff-no-rj', 'authorChannelUrl': 'http://www.youtube.com/channel/UCk1CPSCXapwjF6h2jDdZAIQ', 'authorChannelId': {'value': 'UCk1CPSCXapwjF6h2jDdZAIQ'}, 'canRate': True, 'viewerRating': 'none', 'likeCount': 0, 'publishedAt': '2022-11-02T11:20:47Z', 'updatedAt': '2022-11-02T11:20:47Z'}}, 'canReply': True, 'totalReplyCount': 0, 'isPublic': True}",,UCk1CPSCXapwjF6h2jDdZAIQ,2022-11-02T11:20:47Z,Bosonaro é  o próprio aquele que leva muitas Almas com ele ! Isso é  triste !,QURTSl9pMFNUZ0tHMHlNenNzSmVEb3JMZFBfdy1sNnlJMG91aUtuM0p6YjhrX21hWGlyRm9KSko0QW83OVN6cks3YnprLTU4V0JvaGVvTQ==,2023-06-07 12:46:17.464842
youtube#commentThread,klTSB1iFaAJyguydb7q_qfpZE-E,UgxffkBflFMeMgmW13Z4AaABAg,"{'videoId': 'XRYjrJJZAME', 'topLevelComment': {'kind': 'youtube#comment', 'etag': 'hfUZo_fVf-KJit3r7LhrZcibazw', 'id': 'UgxffkBflFMeMgmW13Z4AaABAg', 'snippet': {'videoId': 'XRYjrJJZAME', 'textDisplay': 'Bosonaro é  uma árvore  ruim que não da fruto ,  o que se deve fazer quando uma árvore  e ruim  ?', 'textOriginal': 'Bosonaro é  uma árvore  ruim que não da fruto ,  o que se deve fazer quando uma árvore  e ruim  ?', 'authorDisplayName': 'Ignez Maria Cardoso', 'authorProfileImageUrl': 'https://yt3.ggpht.com/ytc/AGIKgqMqSMKrz1nQ9SfPawNwTclJcAI7AkZUvNHavmYqKjAeexZZ-YFao-413zfKm7pR=s48-c-k-c0x00ffffff-no-rj', 'authorChannelUrl': 'http://www.youtube.com/channel/UCk1CPSCXapwjF6h2jDdZAIQ', 'authorChannelId': {'value': 'UCk1CPSCXapwjF6h2jDdZAIQ'}, 'canRate': True, 'viewerRating': 'none', 'likeCount': 0, 'publishedAt': '2022-11-02T11:19:06Z', 'updatedAt': '2022-11-02T11:19:06Z'}}, 'canReply': True, 'totalReplyCount': 0, 'isPublic': True}",,UCk1CPSCXapwjF6h2jDdZAIQ,2022-11-02T11:19:06Z,"Bosonaro é  uma árvore  ruim que não da fruto ,  o que se deve fazer quando uma árvore  e ruim  ?",QURTSl9pMFNUZ0tHMHlNenNzSmVEb3JMZFBfdy1sNnlJMG91aUtuM0p6YjhrX21hWGlyRm9KSko0QW83OVN6cks3YnprLTU4V0JvaGVvTQ==,2023-06-07 12:46:17.464842
youtube#commentThread,uq2-LrjZxQo4QzGb86UoUP-pn2A,UgzL6InXf_jrXn04sfB4AaABAg,"{'videoId': 'XRYjrJJZAME', 'topLevelComment': {'kind': 'youtube#comment', 'etag': 'NNFy-5Hm1dqCmokHzMZjNYB-oeA', 'id': 'UgzL6InXf_jrXn04sfB4AaABAg', 'snippet': {'videoId': 'XRYjrJJZAME', 'textDisplay': 'Tem ke imvestigar esa poliçia do brasil ke nao deicharo 3 milhões de nordestinos não votarem esa poliçia bolsonaristas tão protegendo eses gados pingados eses vagabundos bandidos', 'textOriginal': 'Tem ke imvestigar esa poliçia do brasil ke nao deicharo 3 milhões de nordestinos não votarem esa poliçia bolsonaristas tão protegendo eses gados pingados eses vagabundos bandidos', 'authorDisplayName': 'Joao Gomes', 'authorProfileImageUrl': 'https://yt3.ggpht.com/ytc/AGIKgqOshpVaDKj4s5o-7jXHhnXDbzCCdYw7Mp1Ti1LMl3DDUYYemkqzXmucrxYR9SWs=s48-c-k-c0x00ffffff-no-rj', 'authorChannelUrl': 'http://www.youtube.com/channel/UChhssMJF70YMf5vJd8UFYJQ', 'authorChannelId': {'value': 'UChhssMJF70YMf5vJd8UFYJQ'}, 'canRate': True, 'viewerRating': 'none', 'likeCount': 0, 'publishedAt': '2022-11-02T11:18:44Z', 'updatedAt': '2022-11-02T11:18:44Z'}}, 'canReply': True, 'totalReplyCount': 0, 'isPublic': True}",,UChhssMJF70YMf5vJd8UFYJQ,2022-11-02T11:18:44Z,Tem ke imvestigar esa poliçia do brasil ke nao deicharo 3 milhões de nordestinos não votarem esa poliçia bolsonaristas tão protegendo eses gados pingados eses vagabundos bandidos,QURTSl9pMFNUZ0tHMHlNenNzSmVEb3JMZFBfdy1sNnlJMG91aUtuM0p6YjhrX21hWGlyRm9KSko0QW83OVN6cks3YnprLTU4V0JvaGVvTQ==,2023-06-07 12:46:17.464842
youtube#commentThread,tBtxqh5GB-3s2qg7lmqamIxZCVA,UgzICWOkqIa2XduU7vF4AaABAg,"{'videoId': 'XRYjrJJZAME', 'topLevelComment': {'kind': 'youtube#comment', 'etag': '-fJmyC-ROOiJZnw6YnTtC6Pv6zw', 'id': 'UgzICWOkqIa2XduU7vF4AaABAg', 'snippet': {'videoId': 'XRYjrJJZAME', 'textDisplay': 'Ja teve uma morte em Varzea grande um acidente ceifou uma vida por causa desses caminhõneiros', 'textOriginal': 'Ja teve uma morte em Varzea grande um acidente ceifou uma vida por causa desses caminhõneiros', 'authorDisplayName': 'Rita Duarte', 'authorProfileImageUrl': 'https://yt3.ggpht.com/ytc/AGIKgqPTKf7H-RtpWaOT8rAe06qtXungMbfXdpf88g=s48-c-k-c0x00ffffff-no-rj', 'authorChannelUrl': 'http://www.youtube.com/channel/UCuOXJciWls6XR1HY2TzQuGQ', 'authorChannelId': {'value': 'UCuOXJciWls6XR1HY2TzQuGQ'}, 'canRate': True, 'viewerRating': 'none', 'likeCount': 0, 'publishedAt': '2022-11-01T23:55:47Z', 'updatedAt': '2022-11-01T23:55:47Z'}}, 'canReply': True, 'totalReplyCount': 0, 'isPublic': True}",,UCuOXJciWls6XR1HY2TzQuGQ,2022-11-01T23:55:47Z,Ja teve uma morte em Varzea grande um acidente ceifou uma vida por causa desses caminhõneiros,QURTSl9pMFNUZ0tHMHlNenNzSmVEb3JMZFBfdy1sNnlJMG91aUtuM0p6YjhrX21hWGlyRm9KSko0QW83OVN6cks3YnprLTU4V0JvaGVvTQ==,2023-06-07 12:46:17.464842
youtube#commentThread,sSNIYYDlB730cEutIpI86Zggv8M,Ugx4rUdsf_Ohj_KBvSB4AaABAg,"{'videoId': 'XRYjrJJZAME', 'topLevelComment': {'kind': 'youtube#comment', 'etag': '_jHlGwyQLg38MQTmApHmFGx-sIo', 'id': 'Ugx4rUdsf_Ohj_KBvSB4AaABAg', 'snippet': {'videoId': 'XRYjrJJZAME', 'textDisplay': 'Pozitivo m bom', 'textOriginal': 'Pozitivo m bom', 'authorDisplayName': 'Jose Souza', 'authorProfileImageUrl': 'https://yt3.ggpht.com/ytc/AGIKgqND8MnYf5LoT5xDCyODSiiRqYnyhFMlvxszlg=s48-c-k-c0x00ffffff-no-rj', 'authorChannelUrl': 'http://www.youtube.com/channel/UC0RWmQASbx0xqcU959H1xJQ', 'authorChannelId': {'value': 'UC0RWmQASbx0xqcU959H1xJQ'}, 'canRate': True, 'viewerRating': 'none', 'likeCount': 0, 'publishedAt': '2022-11-01T22:19:46Z', 'updatedAt': '2022-11-01T22:19:46Z'}}, 'canReply': True, 'totalReplyCount': 0, 'isPublic': True}",,UC0RWmQASbx0xqcU959H1xJQ,2022-11-01T22:19:46Z,Pozitivo m bom,QURTSl9pMFNUZ0tHMHlNenNzSmVEb3JMZFBfdy1sNnlJMG91aUtuM0p6YjhrX21hWGlyRm9KSko0QW83OVN6cks3YnprLTU4V0JvaGVvTQ==,2023-06-07 12:46:17.464842
youtube#commentThread,hXdsW0zhvMuM8dKP0EEDYQa08I8,UgxDKQNK0LUAIAGqceN4AaABAg,"{'videoId': 'XRYjrJJZAME', 'topLevelComment': {'kind': 'youtube#comment', 'etag': 'Gfan9xIWZ-IF8nrdUPIkHZTwZM4', 'id': 'UgxDKQNK0LUAIAGqceN4AaABAg', 'snippet': {'videoId': 'XRYjrJJZAME', 'textDisplay': 'Que vergonha dos bolsonaristas paulistanos. Cambada de vagabundos que não aceitam derrota, portanto antidemocráticos.', 'textOriginal': 'Que vergonha dos bolsonaristas paulistanos. Cambada de vagabundos que não aceitam derrota, portanto antidemocráticos.', 'authorDisplayName': 'Elio Leão', 'authorProfileImageUrl': 'https://yt3.ggpht.com/ytc/AGIKgqMvcKiw3o_NqWPdekxSBxdpBBaIODWczkB_Cw=s48-c-k-c0x00ffffff-no-rj', 'authorChannelUrl': 'http://www.youtube.com/channel/UCE2Dx2h1iWGpPGR5rqWlMBA', 'authorChannelId': {'value': 'UCE2Dx2h1iWGpPGR5rqWlMBA'}, 'canRate': True, 'viewerRating': 'none', 'likeCount': 0, 'publishedAt': '2022-11-01T20:32:22Z', 'updatedAt': '2022-11-01T20:32:22Z'}}, 'canReply': True, 'totalReplyCount': 0, 'isPublic': True}",,UCE2Dx2h1iWGpPGR5rqWlMBA,2022-11-01T20:32:22Z,"Que vergonha dos bolsonaristas paulistanos. Cambada de vagabundos que não aceitam derrota, portanto antidemocráticos.",QURTSl9pMFNUZ0tHMHlNenNzSmVEb3JMZFBfdy1sNnlJMG91aUtuM0p6YjhrX21hWGlyRm9KSko0QW83OVN6cks3YnprLTU4V0JvaGVvTQ==,2023-06-07 12:46:17.464842
youtube#commentThread,OGPxyxi2woy5LsDRoFjbKkzx27M,UgzUlgVsE0uZvpOO0EZ4AaABAg,"{'videoId': 'XRYjrJJZAME', 'topLevelComment': {'kind': 'youtube#comment', 'etag': 'ksOs6pieSt1K5p-i-BP_IETb4Hs', 'id': 'UgzUlgVsE0uZvpOO0EZ4AaABAg', 'snippet': {'videoId': 'XRYjrJJZAME', 'textDisplay': 'BOLSONARO é responsável pelos bloqueios das estradas', 'textOriginal': 'BOLSONARO é responsável pelos bloqueios das estradas', 'authorDisplayName': 'Antonio Davoli', 'authorProfileImageUrl': 'https://yt3.ggpht.com/ytc/AGIKgqO6abV0Q3hpTgG_AzgiP2p905BFkGFShVk_z2ePreg=s48-c-k-c0x00ffffff-no-rj', 'authorChannelUrl': 'http://www.youtube.com/channel/UCUuIH7ALwPbr7pMOX4aOJ8g', 'authorChannelId': {'value': 'UCUuIH7ALwPbr7pMOX4aOJ8g'}, 'canRate': True, 'viewerRating': 'none', 'likeCount': 0, 'publishedAt': '2022-11-01T20:26:03Z', 'updatedAt': '2022-11-01T20:26:03Z'}}, 'canReply': True, 'totalReplyCount': 0, 'isPublic': True}",,UCUuIH7ALwPbr7pMOX4aOJ8g,2022-11-01T20:26:03Z,BOLSONARO é responsável pelos bloqueios das estradas,QURTSl9pMFNUZ0tHMHlNenNzSmVEb3JMZFBfdy1sNnlJMG91aUtuM0p6YjhrX21hWGlyRm9KSko0QW83OVN6cks3YnprLTU4V0JvaGVvTQ==,2023-06-07 12:46:17.464842
youtube#commentThread,5Jt0bj5X2qCuabBXuX42HfaCqAo,UgyVqdyj8Zb8owNqif94AaABAg,"{'videoId': 'XRYjrJJZAME', 'topLevelComment': {'kind': 'youtube#comment', 'etag': 'u7_WSnnrVMQ39JTbLIxEAJiyNBM', 'id': 'UgyVqdyj8Zb8owNqif94AaABAg', 'snippet': {'videoId': 'XRYjrJJZAME', 'textDisplay': 'BRASIL ACIMA DE TUDO, DEUS ACIMA DE TODOS', 'textOriginal': 'BRASIL ACIMA DE TUDO, DEUS ACIMA DE TODOS', 'authorDisplayName': 'Reinaldo Evangelista', 'authorProfileImageUrl': 'https://yt3.ggpht.com/ytc/AGIKgqOiXfG-R0I-em_7-rXz017RK-ayfHx5ErXRlY4TiFcaYpBLnGhNN9gh_EZo11Wc=s48-c-k-c0x00ffffff-no-rj', 'authorChannelUrl': 'http://www.youtube.com/channel/UCO75vADDGIhObWAjFe2f1Zg', 'authorChannelId': {'value': 'UCO75vADDGIhObWAjFe2f1Zg'}, 'canRate': True, 'viewerRating': 'none', 'likeCount': 0, 'publishedAt': '2022-11-01T20:07:00Z', 'updatedAt': '2022-11-01T20:07:00Z'}}, 'canReply': True, 'totalReplyCount': 0, 'isPublic': True}",,UCO75vADDGIhObWAjFe2f1Zg,2022-11-01T20:07:00Z,"BRASIL ACIMA DE TUDO, DEUS ACIMA DE TODOS",QURTSl9pMFNUZ0tHMHlNenNzSmVEb3JMZFBfdy1sNnlJMG91aUtuM0p6YjhrX21hWGlyRm9KSko0QW83OVN6cks3YnprLTU4V0JvaGVvTQ==,2023-06-07 12:46:17.464842
youtube#commentThread,C3WgM1D5jeNG1BEax9UWvNahS-k,UgweS7eOXCMdHNuAnCd4AaABAg,"{'videoId': 'XRYjrJJZAME', 'topLevelComment': {'kind': 'youtube#comment', 'etag': 'aHk_VA9BxvH-tcSdWiE2-mtYcms', 'id': 'UgweS7eOXCMdHNuAnCd4AaABAg', 'snippet': {'videoId': 'XRYjrJJZAME', 'textDisplay': 'E isso aí!!', 'textOriginal': 'E isso aí!!', 'authorDisplayName': 'Lenice Carvalho', 'authorProfileImageUrl': 'https://yt3.ggpht.com/ZeQu4MOI_hb60O1sX9PsB0vgIPB16yj_nm1pAGuHmQfFXp_2JUkip8xz8cUmt272ZBmRRBR5tQ=s48-c-k-c0x00ffffff-no-rj', 'authorChannelUrl': 'http://www.youtube.com/channel/UC1mFKd6U7D-sZR82-NW837g', 'authorChannelId': {'value': 'UC1mFKd6U7D-sZR82-NW837g'}, 'canRate': True, 'viewerRating': 'none', 'likeCount': 0, 'publishedAt': '2022-11-01T19:56:42Z', 'updatedAt': '2022-11-01T19:56:42Z'}}, 'canReply': True, 'totalReplyCount': 0, 'isPublic': True}",,UC1mFKd6U7D-sZR82-NW837g,2022-11-01T19:56:42Z,E isso aí!!,QURTSl9pMFNUZ0tHMHlNenNzSmVEb3JMZFBfdy1sNnlJMG91aUtuM0p6YjhrX21hWGlyRm9KSko0QW83OVN6cks3YnprLTU4V0JvaGVvTQ==,2023-06-07 12:46:17.464842
youtube#commentThread,rsgjrbS3vvnXFR2rJWssvo-63GI,UgyOsiMC9nXz626L1X14AaABAg,"{'videoId': 'XRYjrJJZAME', 'topLevelComment': {'kind': 'youtube#comment', 'etag': 'pz_XUWZEv846aaxrXas3z8mlYgc', 'id': 'UgyOsiMC9nXz626L1X14AaABAg', 'snippet': {'videoId': 'XRYjrJJZAME', 'textDisplay': 'Obrigado.O sr. me proporciona segurança.', 'textOriginal': 'Obrigado.O sr. me proporciona segurança.', 'authorDisplayName': 'Cesar Morales', 'authorProfileImageUrl': 'https://yt3.ggpht.com/ytc/AGIKgqPBQRTJq4OZEzZR7oyGqB3BJ6kp4iPMQ4h-fQ=s48-c-k-c0x00ffffff-no-rj', 'authorChannelUrl': 'http://www.youtube.com/channel/UCw33-0aGJKfm56rygep3JYQ', 'authorChannelId': {'value': 'UCw33-0aGJKfm56rygep3JYQ'}, 'canRate': True, 'viewerRating': 'none', 'likeCount': 0, 'publishedAt': '2022-11-01T19:14:04Z', 'updatedAt': '2022-11-01T19:14:04Z'}}, 'canReply': True, 'totalReplyCount': 0, 'isPublic': True}",,UCw33-0aGJKfm56rygep3JYQ,2022-11-01T19:14:04Z,Obrigado.O sr. me proporciona segurança.,QURTSl9pMFNUZ0tHMHlNenNzSmVEb3JMZFBfdy1sNnlJMG91aUtuM0p6YjhrX21hWGlyRm9KSko0QW83OVN6cks3YnprLTU4V0JvaGVvTQ==,2023-06-07 12:46:17.464842
youtube#commentThread,8lgBTlaWfNmSXaJ4aPty_9Qn274,UgzIA974TvE47SWjelN4AaABAg,"{'videoId': 'XRYjrJJZAME', 'topLevelComment': {'kind': 'youtube#comment', 'etag': 'L1o27OIFo5xgZjjLn101vsU-7sU', 'id': 'UgzIA974TvE47SWjelN4AaABAg', 'snippet': {'videoId': 'XRYjrJJZAME', 'textDisplay': 'BOLSONARO  ESTA  MOSTRANDO  A  QULIFICACAO  DELE    DE  ODIO ODIO ODIO ODIO ODIO ODIO ODIO RANCOR INVEJA INVEJA CHEIO DE ODIO ODIO ODIO RANCOR DESESPERO    MAIS  DEUS  E  O  MAIOR  JUSTIÇA ⚖️ ⚖️ ⚖️ ⚖️ ⚖️ ⚖️ ⚖️ ⚖️ ⚖️ JUSTA CORRETA LIMPA CONCIENCIA LIMPA     CORRETA  NOS  PETISTA  PASIFICO   COM  AFINIDADE    DE  QUEM   DEMOSTROU  EDUCAÇÃO EDUCAÇÃO EDUCAÇÃO EDUCAÇÃO EDUCAÇÃO EDUCAÇÃO RESPEITO RESPEITO UNS COM OUTROS PRINCIPALMENTE COM   O  LULA  QUE  DEMOSTROU  AO    SERES  HUMAN9S BRASILEIROS PATRIOTAS TRABALHADORES DESTE PAIS BRASIL ❤️ ❤️ ❤️   ORDEM E PROGRESSO   PROGRESSO  BRASILLLL    E  NAO  DESORDEMMM  E  REGRESSSO   SOMOS  PT  COM  MUITO  ORGULHO      TRABALHISTA  DESTE  PAIS  BRASIL    PATRIA ❤️❤️❤️❤️❤️❤️AMADA  BRASIL   COM  RESPEITO  EDUCAÇÃO EDUCAÇÃO RESPEITO CULTURA PACIENCIA TOLERANCIA COMPREENSÃO FRATERNIDADE BENEVOLENCIA PACIENCIA     POLITICA    COM  RESPEITO    E  EDUCAÇÃO   QUE  OS  HUMANOS  BRASILEIROS PATRIOTAS TRABALHADORES DESTE PAIS BRASIL   COM  ESPERANÇA ESPERANÇAS   DE  UM  PAIS  BRASIL   DE  EDUCACAO   EDUCACAO  RESPEITO HUMANOS IRMAOS BRASILEIROS   BRASILEIROS   QUE  TUDO   NOS  POSSA  FORTALECER      O  PAI  SUPREMO   DEUS  PAICELESTIAL   JESUS  NOS  FOTALECE     SUPORTAR  OS  INSULTOS    DA  POBREZA   ESPIRITUAL  NESTES  IRMÃOS   QUE  NAO  ENCHERGA  A  LUZZZZZZZZ  A  NAO  SER    A    ESCURIDAO  DA  POBREZA  ESPIRITUAL     DE  ODIO  ODIO    NO  CORACAO💔💔💔  VANDALISMO  CONFUSSAO     RANCOROSOS VINGATIVOS INVEJOSOS DESESPERADOS     QUEM  FAZ  PARA  SI  FAZZZ  O  QUE  NAO  QUER  DE  MAL  PARA SI QUE NAO QUEIRA PARA OS OUTROS    VAMOS  AMAR  UNS AOS  OUTROS COMO JESUS CRISTO NOS ENSINOU AMÉM AMÉM AMÉM AMÉM AMÉM AMÉM AMÉM AMÉM AMÉM AMÉM ❤️❤️❤️✌️✌️✌️🙏🙏🙏🇧🇷🇧🇷🇧🇷   PAZZZZ   AMORRRR      E  FE  FE   FE  CONFIANÇA   NO  PAICELESTIAL      UNIVERSAL JUSTO CORRETO JUIZ DOS JUIZES       E  DO  BRASILLLLLLLL MINISTERIO   DA  JUSTIÇAS ⚖️ ⚖️ ⚖️ ⚖️    DIVINA  E  BRASILEIRAS    DIVINA  PARALELO  COM  O    BRASILLLLLLAMEM  AMEM    AMEM❤️✌️🙏🇧🇷', 'textOriginal': 'BOLSONARO  ESTA  MOSTRANDO  A  QULIFICACAO  DELE    DE  ODIO ODIO ODIO ODIO ODIO ODIO ODIO RANCOR INVEJA INVEJA CHEIO DE ODIO ODIO ODIO RANCOR DESESPERO    MAIS  DEUS  E  O  MAIOR  JUSTIÇA ⚖️ ⚖️ ⚖️ ⚖️ ⚖️ ⚖️ ⚖️ ⚖️ ⚖️ JUSTA CORRETA LIMPA CONCIENCIA LIMPA     CORRETA  NOS  PETISTA  PASIFICO   COM  AFINIDADE    DE  QUEM   DEMOSTROU  EDUCAÇÃO EDUCAÇÃO EDUCAÇÃO EDUCAÇÃO EDUCAÇÃO EDUCAÇÃO RESPEITO RESPEITO UNS COM OUTROS PRINCIPALMENTE COM   O  LULA  QUE  DEMOSTROU  AO    SERES  HUMAN9S BRASILEIROS PATRIOTAS TRABALHADORES DESTE PAIS BRASIL ❤️ ❤️ ❤️   ORDEM E PROGRESSO   PROGRESSO  BRASILLLL    E  NAO  DESORDEMMM  E  REGRESSSO   SOMOS  PT  COM  MUITO  ORGULHO      TRABALHISTA  DESTE  PAIS  BRASIL    PATRIA ❤️❤️❤️❤️❤️❤️AMADA  BRASIL   COM  RESPEITO  EDUCAÇÃO EDUCAÇÃO RESPEITO CULTURA PACIENCIA TOLERANCIA COMPREENSÃO FRATERNIDADE BENEVOLENCIA PACIENCIA     POLITICA    COM  RESPEITO    E  EDUCAÇÃO   QUE  OS  HUMANOS  BRASILEIROS PATRIOTAS TRABALHADORES DESTE PAIS BRASIL   COM  ESPERANÇA ESPERANÇAS   DE  UM  PAIS  BRASIL   DE  EDUCACAO   EDUCACAO  RESPEITO HUMANOS IRMAOS BRASILEIROS   BRASILEIROS   QUE  TUDO   NOS  POSSA  FORTALECER      O  PAI  SUPREMO   DEUS  PAICELESTIAL   JESUS  NOS  FOTALECE     SUPORTAR  OS  INSULTOS    DA  POBREZA   ESPIRITUAL  NESTES  IRMÃOS   QUE  NAO  ENCHERGA  A  LUZZZZZZZZ  A  NAO  SER    A    ESCURIDAO  DA  POBREZA  ESPIRITUAL     DE  ODIO  ODIO    NO  CORACAO💔💔💔  VANDALISMO  CONFUSSAO     RANCOROSOS VINGATIVOS INVEJOSOS DESESPERADOS     QUEM  FAZ  PARA  SI  FAZZZ  O  QUE  NAO  QUER  DE  MAL  PARA SI QUE NAO QUEIRA PARA OS OUTROS    VAMOS  AMAR  UNS AOS  OUTROS COMO JESUS CRISTO NOS ENSINOU AMÉM AMÉM AMÉM AMÉM AMÉM AMÉM AMÉM AMÉM AMÉM AMÉM ❤️❤️❤️✌️✌️✌️🙏🙏🙏🇧🇷🇧🇷🇧🇷   PAZZZZ   AMORRRR      E  FE  FE   FE  CONFIANÇA   NO  PAICELESTIAL      UNIVERSAL JUSTO CORRETO JUIZ DOS JUIZES       E  DO  BRASILLLLLLLL MINISTERIO   DA  JUSTIÇAS ⚖️ ⚖️ ⚖️ ⚖️    DIVINA  E  BRASILEIRAS    DIVINA  PARALELO  COM  O    BRASILLLLLLAMEM  AMEM    AMEM❤️✌️🙏🇧🇷', 'authorDisplayName': 'Delfina Conseicao', 'authorProfileImageUrl': 'https://yt3.ggpht.com/ytc/AGIKgqPM5erdaktt07OGeodE5RjLZf0cRIjrKUlNtA=s48-c-k-c0x00ffffff-no-rj', 'authorChannelUrl': 'http://www.youtube.com/channel/UC0A2Sx3Ky_TT_k0a8Sw_2CQ', 'authorChannelId': {'value': 'UC0A2Sx3Ky_TT_k0a8Sw_2CQ'}, 'canRate': True, 'viewerRating': 'none', 'likeCount': 1, 'publishedAt': '2022-11-01T19:11:00Z', 'updatedAt': '2022-11-01T19:11:00Z'}}, 'canReply': True, 'totalReplyCount': 0, 'isPublic': True}",,UC0A2Sx3Ky_TT_k0a8Sw_2CQ,2022-11-01T19:11:00Z,BOLSONARO  ESTA  MOSTRANDO  A  QULIFICACAO  DELE    DE  ODIO ODIO ODIO ODIO ODIO ODIO ODIO RANCOR INVEJA INVEJA CHEIO DE ODIO ODIO ODIO RANCOR DESESPERO    MAIS  DEUS  E  O  MAIOR  JUSTIÇA ⚖️ ⚖️ ⚖️ ⚖️ ⚖️ ⚖️ ⚖️ ⚖️ ⚖️ JUSTA CORRETA LIMPA CONCIENCIA LIMPA     CORRETA  NOS  PETISTA  PASIFICO   COM  AFINIDADE    DE  QUEM   DEMOSTROU  EDUCAÇÃO EDUCAÇÃO EDUCAÇÃO EDUCAÇÃO EDUCAÇÃO EDUCAÇÃO RESPEITO RESPEITO UNS COM OUTROS PRINCIPALMENTE COM   O  LULA  QUE  DEMOSTROU  AO    SERES  HUMAN9S BRASILEIROS PATRIOTAS TRABALHADORES DESTE PAIS BRASIL ❤️ ❤️ ❤️   ORDEM E PROGRESSO   PROGRESSO  BRASILLLL    E  NAO  DESORDEMMM  E  REGRESSSO   SOMOS  PT  COM  MUITO  ORGULHO      TRABALHISTA  DESTE  PAIS  BRASIL    PATRIA ❤️❤️❤️❤️❤️❤️AMADA  BRASIL   COM  RESPEITO  EDUCAÇÃO EDUCAÇÃO RESPEITO CULTURA PACIENCIA TOLERANCIA COMPREENSÃO FRATERNIDADE BENEVOLENCIA PACIENCIA     POLITICA    COM  RESPEITO    E  EDUCAÇÃO   QUE  OS  HUMANOS  BRASILEIROS PATRIOTAS TRABALHADORES DESTE PAIS BRASIL   COM  ESPERANÇA ESPERANÇAS   DE  UM  PAIS  BRASIL   DE  EDUCACAO   EDUCACAO  RESPEITO HUMANOS IRMAOS BRASILEIROS   BRASILEIROS   QUE  TUDO   NOS  POSSA  FORTALECER      O  PAI  SUPREMO   DEUS  PAICELESTIAL   JESUS  NOS  FOTALECE     SUPORTAR  OS  INSULTOS    DA  POBREZA   ESPIRITUAL  NESTES  IRMÃOS   QUE  NAO  ENCHERGA  A  LUZZZZZZZZ  A  NAO  SER    A    ESCURIDAO  DA  POBREZA  ESPIRITUAL     DE  ODIO  ODIO    NO  CORACAO💔💔💔  VANDALISMO  CONFUSSAO     RANCOROSOS VINGATIVOS INVEJOSOS DESESPERADOS     QUEM  FAZ  PARA  SI  FAZZZ  O  QUE  NAO  QUER  DE  MAL  PARA SI QUE NAO QUEIRA PARA OS OUTROS    VAMOS  AMAR  UNS AOS  OUTROS COMO JESUS CRISTO NOS ENSINOU AMÉM AMÉM AMÉM AMÉM AMÉM AMÉM AMÉM AMÉM AMÉM AMÉM ❤️❤️❤️✌️✌️✌️🙏🙏🙏🇧🇷🇧🇷🇧🇷   PAZZZZ   AMORRRR      E  FE  FE   FE  CONFIANÇA   NO  PAICELESTIAL      UNIVERSAL JUSTO CORRETO JUIZ DOS JUIZES       E  DO  BRASILLLLLLLL MINISTERIO   DA  JUSTIÇAS ⚖️ ⚖️ ⚖️ ⚖️    DIVINA  E  BRASILEIRAS    DIVINA  PARALELO  COM  O    BRASILLLLLLAMEM  AMEM    AMEM❤️✌️🙏🇧🇷,QURTSl9pMFNUZ0tHMHlNenNzSmVEb3JMZFBfdy1sNnlJMG91aUtuM0p6YjhrX21hWGlyRm9KSko0QW83OVN6cks3YnprLTU4V0JvaGVvTQ==,2023-06-07 12:46:17.464842
youtube#commentThread,EyaagxKs-xFhUzmaS5EacYnadeY,UgxEQxNzY8TVSwAw5554AaABAg,"{'videoId': 'XRYjrJJZAME', 'topLevelComment': {'kind': 'youtube#comment', 'etag': 'H4ddnEQ1PgD2j9y-UdVGeyi0-LQ', 'id': 'UgxEQxNzY8TVSwAw5554AaABAg', 'snippet': {'videoId': 'XRYjrJJZAME', 'textDisplay': 'Socorro para os aposentados', 'textOriginal': 'Socorro para os aposentados', 'authorDisplayName': 'Maria Aparecida Rigon', 'authorProfileImageUrl': 'https://yt3.ggpht.com/ytc/AGIKgqMD3io9cMLRIq0rn8l8FqUM347PEJaMDfF7yw=s48-c-k-c0x00ffffff-no-rj', 'authorChannelUrl': 'http://www.youtube.com/channel/UCopHkZ1G_XoCQmYo5mMWlSw', 'authorChannelId': {'value': 'UCopHkZ1G_XoCQmYo5mMWlSw'}, 'canRate': True, 'viewerRating': 'none', 'likeCount': 0, 'publishedAt': '2022-11-01T19:02:39Z', 'updatedAt': '2022-11-01T19:02:39Z'}}, 'canReply': True, 'totalReplyCount': 0, 'isPublic': True}",,UCopHkZ1G_XoCQmYo5mMWlSw,2022-11-01T19:02:39Z,Socorro para os aposentados,QURTSl9pMFNUZ0tHMHlNenNzSmVEb3JMZFBfdy1sNnlJMG91aUtuM0p6YjhrX21hWGlyRm9KSko0QW83OVN6cks3YnprLTU4V0JvaGVvTQ==,2023-06-07 12:46:17.464842
youtube#commentThread,EkiTMDRp4tgK9IFbSeggBz7uf98,Ugwu6Oi_f6Rvs7n0UPt4AaABAg,"{'videoId': 'XRYjrJJZAME', 'topLevelComment': {'kind': 'youtube#comment', 'etag': '7L_2x9od2fXaArYsVAAyktz-KX4', 'id': 'Ugwu6Oi_f6Rvs7n0UPt4AaABAg', 'snippet': {'videoId': 'XRYjrJJZAME', 'textDisplay': 'cadê o chefão', 'textOriginal': 'cadê o chefão', 'authorDisplayName': 'emilia cardeli', 'authorProfileImageUrl': 'https://yt3.ggpht.com/ytc/AGIKgqMeXReWYNwwV_gXFvXHn9mHWKhbMLPcv_qGa0yv=s48-c-k-c0x00ffffff-no-rj', 'authorChannelUrl': 'http://www.youtube.com/channel/UCafWf4OZ9QDbjS42IwO6aEw', 'authorChannelId': {'value': 'UCafWf4OZ9QDbjS42IwO6aEw'}, 'canRate': True, 'viewerRating': 'none', 'likeCount': 0, 'publishedAt': '2022-11-01T17:31:09Z', 'updatedAt': '2022-11-01T17:31:09Z'}}, 'canReply': True, 'totalReplyCount': 0, 'isPublic': True}",,UCafWf4OZ9QDbjS42IwO6aEw,2022-11-01T17:31:09Z,cadê o chefão,QURTSl9pMFNUZ0tHMHlNenNzSmVEb3JMZFBfdy1sNnlJMG91aUtuM0p6YjhrX21hWGlyRm9KSko0QW83OVN6cks3YnprLTU4V0JvaGVvTQ==,2023-06-07 12:46:17.464842
youtube#commentThread,X3lI5SsPYnPjCmGcWM0Nyyq8YPk,UgwycAPIhxrwve99k894AaABAg,"{'videoId': 'XRYjrJJZAME', 'topLevelComment': {'kind': 'youtube#comment', 'etag': 'FtWkCULUs3IhBQuNsPip6gIm4J8', 'id': 'UgwycAPIhxrwve99k894AaABAg', 'snippet': {'videoId': 'XRYjrJJZAME', 'textDisplay': 'E Carla Zambelli?', 'textOriginal': 'E Carla Zambelli?', 'authorDisplayName': 'lucia fermiano', 'authorProfileImageUrl': 'https://yt3.ggpht.com/ytc/AGIKgqN8DTX7owjapc_XFONitMUIhszBECSBDMIpKBf2vaM=s48-c-k-c0x00ffffff-no-rj', 'authorChannelUrl': 'http://www.youtube.com/channel/UCKCAKZuSzf0z5TFf9KvKWGw', 'authorChannelId': {'value': 'UCKCAKZuSzf0z5TFf9KvKWGw'}, 'canRate': True, 'viewerRating': 'none', 'likeCount': 0, 'publishedAt': '2022-11-01T16:32:41Z', 'updatedAt': '2022-11-01T16:32:41Z'}}, 'canReply': True, 'totalReplyCount': 0, 'isPublic': True}",,UCKCAKZuSzf0z5TFf9KvKWGw,2022-11-01T16:32:41Z,E Carla Zambelli?,QURTSl9pMFNUZ0tHMHlNenNzSmVEb3JMZFBfdy1sNnlJMG91aUtuM0p6YjhrX21hWGlyRm9KSko0QW83OVN6cks3YnprLTU4V0JvaGVvTQ==,2023-06-07 12:46:17.464842
youtube#commentThread,VMD5WNNJRNDaB-EV04WiMQaCkoc,UgwhBw8qEIm_uIBEe0p4AaABAg,"{'videoId': 'XRYjrJJZAME', 'topLevelComment': {'kind': 'youtube#comment', 'etag': 'h1yh76UtEeiUBQ8aQ4CRKFoyM6Y', 'id': 'UgwhBw8qEIm_uIBEe0p4AaABAg', 'snippet': {'videoId': 'XRYjrJJZAME', 'textDisplay': 'Certo.', 'textOriginal': 'Certo.', 'authorDisplayName': 'lucia fermiano', 'authorProfileImageUrl': 'https://yt3.ggpht.com/ytc/AGIKgqN8DTX7owjapc_XFONitMUIhszBECSBDMIpKBf2vaM=s48-c-k-c0x00ffffff-no-rj', 'authorChannelUrl': 'http://www.youtube.com/channel/UCKCAKZuSzf0z5TFf9KvKWGw', 'authorChannelId': {'value': 'UCKCAKZuSzf0z5TFf9KvKWGw'}, 'canRate': True, 'viewerRating': 'none', 'likeCount': 0, 'publishedAt': '2022-11-01T16:32:21Z', 'updatedAt': '2022-11-01T16:32:21Z'}}, 'canReply': True, 'totalReplyCount': 0, 'isPublic': True}",,UCKCAKZuSzf0z5TFf9KvKWGw,2022-11-01T16:32:21Z,Certo.,QURTSl9pMFNUZ0tHMHlNenNzSmVEb3JMZFBfdy1sNnlJMG91aUtuM0p6YjhrX21hWGlyRm9KSko0QW83OVN6cks3YnprLTU4V0JvaGVvTQ==,2023-06-07 12:46:17.464842
youtube#commentThread,ZOn1_WzJ_MtefcfA3-9SVBUXAs4,Ugx1Z325iHrDMMHWJX94AaABAg,"{'videoId': 'XRYjrJJZAME', 'topLevelComment': {'kind': 'youtube#comment', 'etag': '-2Znhub82BoBfB2y88ridFwh3ZU', 'id': 'Ugx1Z325iHrDMMHWJX94AaABAg', 'snippet': {'videoId': 'XRYjrJJZAME', 'textDisplay': 'gopistas nas nuas', 'textOriginal': 'gopistas nas nuas', 'authorDisplayName': 'Jaime Ciro', 'authorProfileImageUrl': 'https://yt3.ggpht.com/ytc/AGIKgqMApj1GsvxSLClY3Cy9c6DD8mVh6ae2F8p8OKMWBc6AKNy3Jqftki-MSRzhw1mn=s48-c-k-c0x00ffffff-no-rj', 'authorChannelUrl': 'http://www.youtube.com/channel/UCOpzip-AdHLS9_Ktw5dvjCQ', 'authorChannelId': {'value': 'UCOpzip-AdHLS9_Ktw5dvjCQ'}, 'canRate': True, 'viewerRating': 'none', 'likeCount': 0, 'publishedAt': '2022-11-01T15:57:46Z', 'updatedAt': '2022-11-01T15:57:46Z'}}, 'canReply': True, 'totalReplyCount': 0, 'isPublic': True}",,UCOpzip-AdHLS9_Ktw5dvjCQ,2022-11-01T15:57:46Z,gopistas nas nuas,QURTSl9pMFNUZ0tHMHlNenNzSmVEb3JMZFBfdy1sNnlJMG91aUtuM0p6YjhrX21hWGlyRm9KSko0QW83OVN6cks3YnprLTU4V0JvaGVvTQ==,2023-06-07 12:46:17.464842
youtube#commentThread,F50tlFKHUaKhyck9cYjtkPMBI6c,UgxDBNAtXn4rBuK_rXh4AaABAg,"{'videoId': 'XRYjrJJZAME', 'topLevelComment': {'kind': 'youtube#comment', 'etag': 'x96sdH4YkY2lSi0DUrumliBKszQ', 'id': 'UgxDBNAtXn4rBuK_rXh4AaABAg', 'snippet': {'videoId': 'XRYjrJJZAME', 'textDisplay': 'É isso aí Paulo pimenta! Vai lá e prende o presidente', 'textOriginal': 'É isso aí Paulo pimenta! Vai lá e prende o presidente', 'authorDisplayName': 'Luis machado machado', 'authorProfileImageUrl': 'https://yt3.ggpht.com/ytc/AGIKgqPyiOZ4LO57w1u1E4TkM2lEt0Slr5twmV9dUxewUbo=s48-c-k-c0x00ffffff-no-rj', 'authorChannelUrl': 'http://www.youtube.com/channel/UCTCGzOL-zC1lrEj3OsWgH4Q', 'authorChannelId': {'value': 'UCTCGzOL-zC1lrEj3OsWgH4Q'}, 'canRate': True, 'viewerRating': 'none', 'likeCount': 0, 'publishedAt': '2022-11-01T15:53:02Z', 'updatedAt': '2022-11-01T15:53:02Z'}}, 'canReply': True, 'totalReplyCount': 0, 'isPublic': True}",,UCTCGzOL-zC1lrEj3OsWgH4Q,2022-11-01T15:53:02Z,É isso aí Paulo pimenta! Vai lá e prende o presidente,QURTSl9pMFNUZ0tHMHlNenNzSmVEb3JMZFBfdy1sNnlJMG91aUtuM0p6YjhrX21hWGlyRm9KSko0QW83OVN6cks3YnprLTU4V0JvaGVvTQ==,2023-06-07 12:46:17.464842
youtube#commentThread,LiQs5fBE0ldq4hCHLriX_y-Ye1s,UgyiXd_NLxoU-9WmQdB4AaABAg,"{'videoId': 'XRYjrJJZAME', 'topLevelComment': {'kind': 'youtube#comment', 'etag': 'oIqOci_yEVGr0cLlY6qlCv-bYMM', 'id': 'UgyiXd_NLxoU-9WmQdB4AaABAg', 'snippet': {'videoId': 'XRYjrJJZAME', 'textDisplay': 'Bolsonaristas só falam merdas é mentiras…cheira morte', 'textOriginal': 'Bolsonaristas só falam merdas é mentiras…cheira morte', 'authorDisplayName': 'Lucas Dc89', 'authorProfileImageUrl': 'https://yt3.ggpht.com/ytc/AGIKgqM86eGn2KguZ_zqWoUTsueqXO9W9BlglwEWfCszQPq58VZwzPGI-04zutqI5Iwp=s48-c-k-c0x00ffffff-no-rj', 'authorChannelUrl': 'http://www.youtube.com/channel/UCkEIfcYM77HTiTYM0on3SUQ', 'authorChannelId': {'value': 'UCkEIfcYM77HTiTYM0on3SUQ'}, 'canRate': True, 'viewerRating': 'none', 'likeCount': 0, 'publishedAt': '2022-11-01T15:49:27Z', 'updatedAt': '2022-11-01T15:49:27Z'}}, 'canReply': True, 'totalReplyCount': 0, 'isPublic': True}",,UCkEIfcYM77HTiTYM0on3SUQ,2022-11-01T15:49:27Z,Bolsonaristas só falam merdas é mentiras…cheira morte,QURTSl9pMFNUZ0tHMHlNenNzSmVEb3JMZFBfdy1sNnlJMG91aUtuM0p6YjhrX21hWGlyRm9KSko0QW83OVN6cks3YnprLTU4V0JvaGVvTQ==,2023-06-07 12:46:17.464842
youtube#commentThread,mYQzqONDcydkyHw9-LlqkyjXb2s,UgyjPS-ukUUuuGo94JF4AaABAg,"{'videoId': 'XRYjrJJZAME', 'topLevelComment': {'kind': 'youtube#comment', 'etag': 'UcTMRCbEilbDdStIeQM6tDXRbCk', 'id': 'UgyjPS-ukUUuuGo94JF4AaABAg', 'snippet': {'videoId': 'XRYjrJJZAME', 'textDisplay': 'Bolsonaristas só falam merdas é mentiras…cheira morte', 'textOriginal': 'Bolsonaristas só falam merdas é mentiras…cheira morte', 'authorDisplayName': 'Lucas Dc89', 'authorProfileImageUrl': 'https://yt3.ggpht.com/ytc/AGIKgqM86eGn2KguZ_zqWoUTsueqXO9W9BlglwEWfCszQPq58VZwzPGI-04zutqI5Iwp=s48-c-k-c0x00ffffff-no-rj', 'authorChannelUrl': 'http://www.youtube.com/channel/UCkEIfcYM77HTiTYM0on3SUQ', 'authorChannelId': {'value': 'UCkEIfcYM77HTiTYM0on3SUQ'}, 'canRate': True, 'viewerRating': 'none', 'likeCount': 0, 'publishedAt': '2022-11-01T15:49:19Z', 'updatedAt': '2022-11-01T15:49:19Z'}}, 'canReply': True, 'totalReplyCount': 0, 'isPublic': True}",,UCkEIfcYM77HTiTYM0on3SUQ,2022-11-01T15:49:19Z,Bolsonaristas só falam merdas é mentiras…cheira morte,QURTSl9pMFNUZ0tHMHlNenNzSmVEb3JMZFBfdy1sNnlJMG91aUtuM0p6YjhrX21hWGlyRm9KSko0QW83OVN6cks3YnprLTU4V0JvaGVvTQ==,2023-06-07 12:46:17.464842
youtube#commentThread,7pEUgDL6RPNKvBITDFAf3yfCrIw,Ugwh_pS4LJvrRe7Zib14AaABAg,"{'videoId': 'XRYjrJJZAME', 'topLevelComment': {'kind': 'youtube#comment', 'etag': 'jpryxgQ3THi5B3FiN8nSA1jIAmc', 'id': 'Ugwh_pS4LJvrRe7Zib14AaABAg', 'snippet': {'videoId': 'XRYjrJJZAME', 'textDisplay': 'BOLSONARO É DO MAU!', 'textOriginal': 'BOLSONARO É DO MAU!', 'authorDisplayName': 'Fábio', 'authorProfileImageUrl': 'https://yt3.ggpht.com/arR9GLM7gXip0zEzGblgptd3OZjGH41kFpWuMCzlFdawb5jkMLYgYp1RPjhvLr1OrP0miALlASw=s48-c-k-c0x00ffffff-no-rj', 'authorChannelUrl': 'http://www.youtube.com/channel/UCJBCwcBJYnrQy6WsGugJ_xQ', 'authorChannelId': {'value': 'UCJBCwcBJYnrQy6WsGugJ_xQ'}, 'canRate': True, 'viewerRating': 'none', 'likeCount': 0, 'publishedAt': '2022-11-01T15:08:50Z', 'updatedAt': '2022-11-01T15:08:50Z'}}, 'canReply': True, 'totalReplyCount': 0, 'isPublic': True}",,UCJBCwcBJYnrQy6WsGugJ_xQ,2022-11-01T15:08:50Z,BOLSONARO É DO MAU!,QURTSl9pMFNUZ0tHMHlNenNzSmVEb3JMZFBfdy1sNnlJMG91aUtuM0p6YjhrX21hWGlyRm9KSko0QW83OVN6cks3YnprLTU4V0JvaGVvTQ==,2023-06-07 12:46:17.464842
youtube#commentThread,abOqddBGFW7tKb9lRqB7XXNLY7c,Ugzsmsp4qHUS7--v5WJ4AaABAg,"{'videoId': 'XRYjrJJZAME', 'topLevelComment': {'kind': 'youtube#comment', 'etag': 'QYAh1s20qHbx9gznO9WFiFsCqfQ', 'id': 'Ugzsmsp4qHUS7--v5WJ4AaABAg', 'snippet': {'videoId': 'XRYjrJJZAME', 'textDisplay': 'NÃO BASTOU DERROTAR O BOLSONARO, TEM QUE QUEBRAR O ESPINHAÇO DOS BOLSONARISTAS FASCISTAS E RETRÓGRADOS, COM URGÊNCIA. O BRASIL ENTRA EM 2023 INTEIRAMENTE CLEAN', 'textOriginal': 'NÃO BASTOU DERROTAR O BOLSONARO, TEM QUE QUEBRAR O ESPINHAÇO DOS BOLSONARISTAS FASCISTAS E RETRÓGRADOS, COM URGÊNCIA. O BRASIL ENTRA EM 2023 INTEIRAMENTE CLEAN', 'authorDisplayName': 'helder silva', 'authorProfileImageUrl': 'https://yt3.ggpht.com/ytc/AGIKgqO7D4jjypD7HsaUqcBThtCsudTch99BXW-uPXqJJ_ZS-qRRQoAY1Ti4lefwlBee=s48-c-k-c0x00ffffff-no-rj', 'authorChannelUrl': 'http://www.youtube.com/channel/UCUcTnHv4OYK0-vFum3_tWPg', 'authorChannelId': {'value': 'UCUcTnHv4OYK0-vFum3_tWPg'}, 'canRate': True, 'viewerRating': 'none', 'likeCount': 0, 'publishedAt': '2022-11-01T14:46:39Z', 'updatedAt': '2022-11-01T14:46:39Z'}}, 'canReply': True, 'totalReplyCount': 0, 'isPublic': True}",,UCUcTnHv4OYK0-vFum3_tWPg,2022-11-01T14:46:39Z,"NÃO BASTOU DERROTAR O BOLSONARO, TEM QUE QUEBRAR O ESPINHAÇO DOS BOLSONARISTAS FASCISTAS E RETRÓGRADOS, COM URGÊNCIA. O BRASIL ENTRA EM 2023 INTEIRAMENTE CLEAN",QURTSl9pMFNUZ0tHMHlNenNzSmVEb3JMZFBfdy1sNnlJMG91aUtuM0p6YjhrX21hWGlyRm9KSko0QW83OVN6cks3YnprLTU4V0JvaGVvTQ==,2023-06-07 12:46:17.464842
youtube#commentThread,4HbfrWptpA-XvHRQRplmRI5Kp_w,Ugx_H4zpk2r4p54uXb94AaABAg,"{'videoId': 'XRYjrJJZAME', 'topLevelComment': {'kind': 'youtube#comment', 'etag': 'SyP3TW3EB81BijLtldNKjI7fWQw', 'id': 'Ugx_H4zpk2r4p54uXb94AaABAg', 'snippet': {'videoId': 'XRYjrJJZAME', 'textDisplay': 'BOLSONARO TIRANO... CADEIA PRA VC.', 'textOriginal': 'BOLSONARO TIRANO... CADEIA PRA VC.', 'authorDisplayName': 'Rei das Placas Faixas E Banners', 'authorProfileImageUrl': 'https://yt3.ggpht.com/4_Ow5UxyXO7L3FKg7crn2FxAH76MIJ0DK-Zpa1F4jv3-yiTsLJPmlsz4DTyNnpfK1wtvtkPN=s48-c-k-c0x00ffffff-no-rj', 'authorChannelUrl': 'http://www.youtube.com/channel/UC72bFHQ1YzLDCN5bZmmYJ-g', 'authorChannelId': {'value': 'UC72bFHQ1YzLDCN5bZmmYJ-g'}, 'canRate': True, 'viewerRating': 'none', 'likeCount': 0, 'publishedAt': '2022-11-01T14:30:20Z', 'updatedAt': '2022-11-01T14:30:57Z'}}, 'canReply': True, 'totalReplyCount': 0, 'isPublic': True}",,UC72bFHQ1YzLDCN5bZmmYJ-g,2022-11-01T14:30:20Z,BOLSONARO TIRANO... CADEIA PRA VC.,QURTSl9pMFNUZ0tHMHlNenNzSmVEb3JMZFBfdy1sNnlJMG91aUtuM0p6YjhrX21hWGlyRm9KSko0QW83OVN6cks3YnprLTU4V0JvaGVvTQ==,2023-06-07 12:46:17.464842
youtube#commentThread,JzTXK2V5Z2dEPaAf3yeE5a6K-Io,UgwKL4eGpebqBWC2Tzd4AaABAg,"{'videoId': 'XRYjrJJZAME', 'topLevelComment': {'kind': 'youtube#comment', 'etag': 'ejJ4B8pPIm7To3gHJewwUSjm3Ws', 'id': 'UgwKL4eGpebqBWC2Tzd4AaABAg', 'snippet': {'videoId': 'XRYjrJJZAME', 'textDisplay': 'LULA PRESIDENTE.. ACABOU BOLSONARO... SAI FORA.. NÓS NÃO VAMOS ACEITAR BLOQUEIOS NAS ESTRADAS.. O POVO VAI BOTAR PRA CORRER ESSES BADERNEIROS... CADÊ A POLICIA MILITAR GOVERNADORES?', 'textOriginal': 'LULA PRESIDENTE.. ACABOU BOLSONARO... SAI FORA.. NÓS NÃO VAMOS ACEITAR BLOQUEIOS NAS ESTRADAS.. O POVO VAI BOTAR PRA CORRER ESSES BADERNEIROS... CADÊ A POLICIA MILITAR GOVERNADORES?', 'authorDisplayName': 'Rei das Placas Faixas E Banners', 'authorProfileImageUrl': 'https://yt3.ggpht.com/4_Ow5UxyXO7L3FKg7crn2FxAH76MIJ0DK-Zpa1F4jv3-yiTsLJPmlsz4DTyNnpfK1wtvtkPN=s48-c-k-c0x00ffffff-no-rj', 'authorChannelUrl': 'http://www.youtube.com/channel/UC72bFHQ1YzLDCN5bZmmYJ-g', 'authorChannelId': {'value': 'UC72bFHQ1YzLDCN5bZmmYJ-g'}, 'canRate': True, 'viewerRating': 'none', 'likeCount': 0, 'publishedAt': '2022-11-01T14:29:37Z', 'updatedAt': '2022-11-01T14:29:37Z'}}, 'canReply': True, 'totalReplyCount': 0, 'isPublic': True}",,UC72bFHQ1YzLDCN5bZmmYJ-g,2022-11-01T14:29:37Z,LULA PRESIDENTE.. ACABOU BOLSONARO... SAI FORA.. NÓS NÃO VAMOS ACEITAR BLOQUEIOS NAS ESTRADAS.. O POVO VAI BOTAR PRA CORRER ESSES BADERNEIROS... CADÊ A POLICIA MILITAR GOVERNADORES?,QURTSl9pMFNUZ0tHMHlNenNzSmVEb3JMZFBfdy1sNnlJMG91aUtuM0p6YjhrX21hWGlyRm9KSko0QW83OVN6cks3YnprLTU4V0JvaGVvTQ==,2023-06-07 12:46:17.464842
youtube#commentThread,ivLXFiFbTAsG4Tt84kGaISZAz34,UgwVFTWHcqGCw3EzLLJ4AaABAg,"{'videoId': 'XRYjrJJZAME', 'topLevelComment': {'kind': 'youtube#comment', 'etag': 'hIpyAf6kaGvd1W3eVJgohSJ_Lk8', 'id': 'UgwVFTWHcqGCw3EzLLJ4AaABAg', 'snippet': {'videoId': 'XRYjrJJZAME', 'textDisplay': 'Bolsonaro Sai Debaixo da Cama e tira teus verme da rua que o povo quer passar para trabalhar bolsonaro o povo brasileiro são honesto a maior parte dos brasileiros são honesto bolsonaro Nem tudo é igual a você bolsonaro e teus filhos que vivem de roubar tirar o pão de cada dia da mesa do pobrezinho para comprar voto porque você bolsonaro comprou voto desses vermes que estão fazendo protesto na nas estradas essa v*<b>*****</b> bolsonaro que correu com os revólver atrás do rapaz para matar dizer que tá presa Tá incentivando o teu verme lá que não é para desacorsária para continuar indo lá na estrada trancando a estrada conversando então batendo nas pessoas onde é que tá a justiça desse país bolsonaro se você não quer ser mais frio de dentro bolsonaro Zapa cai fora deixa o vício mandar até o dia de passar a faixa para o homem honrado um grande presidente que é o presidente Lula honrado um homem de caráter que foi preso inocente bolsonaro por golpe de vocês bolsonarista agora tão dando outro volte a polícia federal tá passando a mão na cabeça daqueles vermes lá na rua não obedeceu a ordem do ministro tá na hora de prender essas lazarento prender seus bolsonarista vagabundo que só vive de roubar mesmo ladrão usada criminosos cadeia nesses bolsonarista Tá na Hora de Aprender e você deputada que tava muito macho aí um revólver na mão para tirar os outros tá chegando o fogo nos vermes você é pior do que uma verme você nem deputada não é você é uma vaca correr com revólver atrás de uma pessoa cadela Você não tem vergonha na cara bolsonaro', 'textOriginal': 'Bolsonaro Sai Debaixo da Cama e tira teus verme da rua que o povo quer passar para trabalhar bolsonaro o povo brasileiro são honesto a maior parte dos brasileiros são honesto bolsonaro Nem tudo é igual a você bolsonaro e teus filhos que vivem de roubar tirar o pão de cada dia da mesa do pobrezinho para comprar voto porque você bolsonaro comprou voto desses vermes que estão fazendo protesto na nas estradas essa v******** bolsonaro que correu com os revólver atrás do rapaz para matar dizer que tá presa Tá incentivando o teu verme lá que não é para desacorsária para continuar indo lá na estrada trancando a estrada conversando então batendo nas pessoas onde é que tá a justiça desse país bolsonaro se você não quer ser mais frio de dentro bolsonaro Zapa cai fora deixa o vício mandar até o dia de passar a faixa para o homem honrado um grande presidente que é o presidente Lula honrado um homem de caráter que foi preso inocente bolsonaro por golpe de vocês bolsonarista agora tão dando outro volte a polícia federal tá passando a mão na cabeça daqueles vermes lá na rua não obedeceu a ordem do ministro tá na hora de prender essas lazarento prender seus bolsonarista vagabundo que só vive de roubar mesmo ladrão usada criminosos cadeia nesses bolsonarista Tá na Hora de Aprender e você deputada que tava muito macho aí um revólver na mão para tirar os outros tá chegando o fogo nos vermes você é pior do que uma verme você nem deputada não é você é uma vaca correr com revólver atrás de uma pessoa cadela Você não tem vergonha na cara bolsonaro', 'authorDisplayName': 'Neuzalina Leitner', 'authorProfileImageUrl': 'https://yt3.ggpht.com/ytc/AGIKgqOkQVhoiUiNuTD5mEjU_WEysyJY86UTthASKQ=s48-c-k-c0x00ffffff-no-rj', 'authorChannelUrl': 'http://www.youtube.com/channel/UCzBZJKN4aF8eLUMFJ70yTbw', 'authorChannelId': {'value': 'UCzBZJKN4aF8eLUMFJ70yTbw'}, 'canRate': True, 'viewerRating': 'none', 'likeCount': 0, 'publishedAt': '2022-11-01T14:27:56Z', 'updatedAt': '2022-11-01T14:27:56Z'}}, 'canReply': True, 'totalReplyCount': 0, 'isPublic': True}",,UCzBZJKN4aF8eLUMFJ70yTbw,2022-11-01T14:27:56Z,Bolsonaro Sai Debaixo da Cama e tira teus verme da rua que o povo quer passar para trabalhar bolsonaro o povo brasileiro são honesto a maior parte dos brasileiros são honesto bolsonaro Nem tudo é igual a você bolsonaro e teus filhos que vivem de roubar tirar o pão de cada dia da mesa do pobrezinho para comprar voto porque você bolsonaro comprou voto desses vermes que estão fazendo protesto na nas estradas essa v******** bolsonaro que correu com os revólver atrás do rapaz para matar dizer que tá presa Tá incentivando o teu verme lá que não é para desacorsária para continuar indo lá na estrada trancando a estrada conversando então batendo nas pessoas onde é que tá a justiça desse país bolsonaro se você não quer ser mais frio de dentro bolsonaro Zapa cai fora deixa o vício mandar até o dia de passar a faixa para o homem honrado um grande presidente que é o presidente Lula honrado um homem de caráter que foi preso inocente bolsonaro por golpe de vocês bolsonarista agora tão dando outro volte a polícia federal tá passando a mão na cabeça daqueles vermes lá na rua não obedeceu a ordem do ministro tá na hora de prender essas lazarento prender seus bolsonarista vagabundo que só vive de roubar mesmo ladrão usada criminosos cadeia nesses bolsonarista Tá na Hora de Aprender e você deputada que tava muito macho aí um revólver na mão para tirar os outros tá chegando o fogo nos vermes você é pior do que uma verme você nem deputada não é você é uma vaca correr com revólver atrás de uma pessoa cadela Você não tem vergonha na cara bolsonaro,QURTSl9pMFNUZ0tHMHlNenNzSmVEb3JMZFBfdy1sNnlJMG91aUtuM0p6YjhrX21hWGlyRm9KSko0QW83OVN6cks3YnprLTU4V0JvaGVvTQ==,2023-06-07 12:46:17.464842
youtube#commentThread,lP__KqcR2Z3VAJVmk-_SdAJzluk,UgxkudN7oFEk3mvPA854AaABAg,"{'videoId': 'XRYjrJJZAME', 'topLevelComment': {'kind': 'youtube#comment', 'etag': '-BPmljZLN63958pqPoRtYQV3vqc', 'id': 'UgxkudN7oFEk3mvPA854AaABAg', 'snippet': {'videoId': 'XRYjrJJZAME', 'textDisplay': 'Bolsonaro tem que ser preso', 'textOriginal': 'Bolsonaro tem que ser preso', 'authorDisplayName': 'Monica Santana', 'authorProfileImageUrl': 'https://yt3.ggpht.com/ytc/AGIKgqMVTUIqRVZsZZeNBgMf11VEUIoIAyVvQJoszYC3Xg=s48-c-k-c0x00ffffff-no-rj', 'authorChannelUrl': 'http://www.youtube.com/channel/UC4p_0KkDeLmulPn3KdfANJw', 'authorChannelId': {'value': 'UC4p_0KkDeLmulPn3KdfANJw'}, 'canRate': True, 'viewerRating': 'none', 'likeCount': 0, 'publishedAt': '2022-11-01T14:18:30Z', 'updatedAt': '2022-11-01T14:18:30Z'}}, 'canReply': True, 'totalReplyCount': 0, 'isPublic': True}",,UC4p_0KkDeLmulPn3KdfANJw,2022-11-01T14:18:30Z,Bolsonaro tem que ser preso,QURTSl9pMFNUZ0tHMHlNenNzSmVEb3JMZFBfdy1sNnlJMG91aUtuM0p6YjhrX21hWGlyRm9KSko0QW83OVN6cks3YnprLTU4V0JvaGVvTQ==,2023-06-07 12:46:17.464842
youtube#commentThread,9LwaxEVtI9iBsh_lxzaEQq1RCt4,UgyiyPfmnPPU3rN0ngl4AaABAg,"{'videoId': 'XRYjrJJZAME', 'topLevelComment': {'kind': 'youtube#comment', 'etag': 'rL1ab1LUqYWtgQwEVEdA98-Vkl8', 'id': 'UgyiyPfmnPPU3rN0ngl4AaABAg', 'snippet': {'videoId': 'XRYjrJJZAME', 'textDisplay': 'Atenção dos articulistas do novo governo para arrancar os vermes bolsonaristas dos cargos de confiança em todos os níveis de governo! Não se cria cobra!', 'textOriginal': 'Atenção dos articulistas do novo governo para arrancar os vermes bolsonaristas dos cargos de confiança em todos os níveis de governo! Não se cria cobra!', 'authorDisplayName': 'Maria carvalho', 'authorProfileImageUrl': 'https://yt3.ggpht.com/ytc/AGIKgqNFwnK3Wo1tSaBEiODB8knrcL09zTFsElZZTg=s48-c-k-c0x00ffffff-no-rj', 'authorChannelUrl': 'http://www.youtube.com/channel/UCbdvxjwiBmcC3IxeBAuBUeQ', 'authorChannelId': {'value': 'UCbdvxjwiBmcC3IxeBAuBUeQ'}, 'canRate': True, 'viewerRating': 'none', 'likeCount': 1, 'publishedAt': '2022-11-01T14:18:03Z', 'updatedAt': '2022-11-01T14:18:03Z'}}, 'canReply': True, 'totalReplyCount': 0, 'isPublic': True}",,UCbdvxjwiBmcC3IxeBAuBUeQ,2022-11-01T14:18:03Z,Atenção dos articulistas do novo governo para arrancar os vermes bolsonaristas dos cargos de confiança em todos os níveis de governo! Não se cria cobra!,QURTSl9pMFNUZ0tHMHlNenNzSmVEb3JMZFBfdy1sNnlJMG91aUtuM0p6YjhrX21hWGlyRm9KSko0QW83OVN6cks3YnprLTU4V0JvaGVvTQ==,2023-06-07 12:46:17.464842
youtube#commentThread,JLJ6iyNsw2RzHbCx1jCMlPfUTw8,UgzT7l5QAAgp88XB90Z4AaABAg,"{'videoId': 'XRYjrJJZAME', 'topLevelComment': {'kind': 'youtube#comment', 'etag': 'piGdl-iohIDIgdVcrvoZW-XLxMg', 'id': 'UgzT7l5QAAgp88XB90Z4AaABAg', 'snippet': {'videoId': 'XRYjrJJZAME', 'textDisplay': 'Bom dia Paulo Pimenta', 'textOriginal': 'Bom dia Paulo Pimenta', 'authorDisplayName': 'Mario Leopolski', 'authorProfileImageUrl': 'https://yt3.ggpht.com/j5HS1eHbg9S-E3jskVuG5HkD1b1Jlw1t26qxcjMdlu9CwrcvAogFtWXxNUOG8KwSNvofeyKH1bs=s48-c-k-c0x00ffffff-no-rj', 'authorChannelUrl': 'http://www.youtube.com/channel/UCCwgX-erTD6feUiBmGihfkg', 'authorChannelId': {'value': 'UCCwgX-erTD6feUiBmGihfkg'}, 'canRate': True, 'viewerRating': 'none', 'likeCount': 0, 'publishedAt': '2022-11-01T14:14:40Z', 'updatedAt': '2022-11-01T14:14:40Z'}}, 'canReply': True, 'totalReplyCount': 0, 'isPublic': True}",,UCCwgX-erTD6feUiBmGihfkg,2022-11-01T14:14:40Z,Bom dia Paulo Pimenta,QURTSl9pMFNUZ0tHMHlNenNzSmVEb3JMZFBfdy1sNnlJMG91aUtuM0p6YjhrX21hWGlyRm9KSko0QW83OVN6cks3YnprLTU4V0JvaGVvTQ==,2023-06-07 12:46:17.464842
youtube#commentThread,t90_8CmiLBBfcJ39mB8sI-0UgJc,UgxCi6JY2WoSylSlbHB4AaABAg,"{'videoId': 'XRYjrJJZAME', 'topLevelComment': {'kind': 'youtube#comment', 'etag': '9RGQ9pU2e_yEaaVQ6aYD_j5bUMw', 'id': 'UgxCi6JY2WoSylSlbHB4AaABAg', 'snippet': {'videoId': 'XRYjrJJZAME', 'textDisplay': 'Bom dia parabéns presidente Lula', 'textOriginal': 'Bom dia parabéns presidente Lula', 'authorDisplayName': 'Mario Leopolski', 'authorProfileImageUrl': 'https://yt3.ggpht.com/j5HS1eHbg9S-E3jskVuG5HkD1b1Jlw1t26qxcjMdlu9CwrcvAogFtWXxNUOG8KwSNvofeyKH1bs=s48-c-k-c0x00ffffff-no-rj', 'authorChannelUrl': 'http://www.youtube.com/channel/UCCwgX-erTD6feUiBmGihfkg', 'authorChannelId': {'value': 'UCCwgX-erTD6feUiBmGihfkg'}, 'canRate': True, 'viewerRating': 'none', 'likeCount': 0, 'publishedAt': '2022-11-01T14:13:26Z', 'updatedAt': '2022-11-01T14:13:26Z'}}, 'canReply': True, 'totalReplyCount': 0, 'isPublic': True}",,UCCwgX-erTD6feUiBmGihfkg,2022-11-01T14:13:26Z,Bom dia parabéns presidente Lula,QURTSl9pMFNUZ0tHMHlNenNzSmVEb3JMZFBfdy1sNnlJMG91aUtuM0p6YjhrX21hWGlyRm9KSko0QW83OVN6cks3YnprLTU4V0JvaGVvTQ==,2023-06-07 12:46:17.464842
youtube#commentThread,QwwGQHxdiTcUvUtuXiZYXLldmeI,UgxDHNR6xuZT1jCEtul4AaABAg,"{'videoId': 'XRYjrJJZAME', 'topLevelComment': {'kind': 'youtube#comment', 'etag': '6uHQX9DxI3CJc6zaH2pU_ESxaDo', 'id': 'UgxDHNR6xuZT1jCEtul4AaABAg', 'snippet': {'videoId': 'XRYjrJJZAME', 'textDisplay': 'Fora  Damares  fora  Carla Zambele!!!!!', 'textOriginal': 'Fora  Damares  fora  Carla Zambele!!!!!', 'authorDisplayName': 'Miller Pavani', 'authorProfileImageUrl': 'https://yt3.ggpht.com/ytc/AGIKgqOaY1vfxt84EtCbIxlLeVRLrwEUFwmxVZTE8w=s48-c-k-c0x00ffffff-no-rj', 'authorChannelUrl': 'http://www.youtube.com/channel/UChBjRMVJVcaY6I8bYSM4DZw', 'authorChannelId': {'value': 'UChBjRMVJVcaY6I8bYSM4DZw'}, 'canRate': True, 'viewerRating': 'none', 'likeCount': 1, 'publishedAt': '2022-11-01T14:08:36Z', 'updatedAt': '2022-11-01T14:08:36Z'}}, 'canReply': True, 'totalReplyCount': 0, 'isPublic': True}",,UChBjRMVJVcaY6I8bYSM4DZw,2022-11-01T14:08:36Z,Fora  Damares  fora  Carla Zambele!!!!!,QURTSl9pMFNUZ0tHMHlNenNzSmVEb3JMZFBfdy1sNnlJMG91aUtuM0p6YjhrX21hWGlyRm9KSko0QW83OVN6cks3YnprLTU4V0JvaGVvTQ==,2023-06-07 12:46:17.464842
youtube#commentThread,BAM_VWoD-AY2OZd8NQcTrGcSFY8,UgxlWcDLcJ5r3RMGR_h4AaABAg,"{'videoId': 'XRYjrJJZAME', 'topLevelComment': {'kind': 'youtube#comment', 'etag': 'MzDPp1bjovtFuuReh8z25SB9YZ8', 'id': 'UgxlWcDLcJ5r3RMGR_h4AaABAg', 'snippet': {'videoId': 'XRYjrJJZAME', 'textDisplay': 'Manda esse homem se pronuncia está se escondendo porque', 'textOriginal': 'Manda esse homem se pronuncia está se escondendo porque', 'authorDisplayName': 'Maria ivone Telles', 'authorProfileImageUrl': 'https://yt3.ggpht.com/ytc/AGIKgqORlLTPrpDi0CoiIo-1JxAmxlSiZdubAypWjw=s48-c-k-c0x00ffffff-no-rj', 'authorChannelUrl': 'http://www.youtube.com/channel/UCXxUyyIU2odbeScegETyPOQ', 'authorChannelId': {'value': 'UCXxUyyIU2odbeScegETyPOQ'}, 'canRate': True, 'viewerRating': 'none', 'likeCount': 0, 'publishedAt': '2022-11-01T13:34:32Z', 'updatedAt': '2022-11-01T13:34:32Z'}}, 'canReply': True, 'totalReplyCount': 0, 'isPublic': True}",,UCXxUyyIU2odbeScegETyPOQ,2022-11-01T13:34:32Z,Manda esse homem se pronuncia está se escondendo porque,QURTSl9pMFNUZ0tHMHlNenNzSmVEb3JMZFBfdy1sNnlJMG91aUtuM0p6YjhrX21hWGlyRm9KSko0QW83OVN6cks3YnprLTU4V0JvaGVvTQ==,2023-06-07 12:46:17.464842
youtube#commentThread,z-L1WnbREFY5hRK-0jGxUGkuvHc,UgwkiCYGeQ4TOOI8iTt4AaABAg,"{'videoId': 'XRYjrJJZAME', 'topLevelComment': {'kind': 'youtube#comment', 'etag': 'iaW1EvWWWWLOlj9KC3CSWpE5lZw', 'id': 'UgwkiCYGeQ4TOOI8iTt4AaABAg', 'snippet': {'videoId': 'XRYjrJJZAME', 'textDisplay': 'Bom dia,247 parabéns pela cobertura das eleições,graças a todos vocês,e a vontade da maioria,estamos livre desse babaca Bolsonaro,agora e esperar que ele pague por tantos cremes cometido.', 'textOriginal': 'Bom dia,247 parabéns pela cobertura das eleições,graças a todos vocês,e a vontade da maioria,estamos livre desse babaca Bolsonaro,agora e esperar que ele pague por tantos cremes cometido.', 'authorDisplayName': 'Marajo Tom', 'authorProfileImageUrl': 'https://yt3.ggpht.com/ytc/AGIKgqN8CLfceQUXtKwNCRhisDFGdbuBCJ0PxDoEqg=s48-c-k-c0x00ffffff-no-rj', 'authorChannelUrl': 'http://www.youtube.com/channel/UCvZTdplpskd5KhH0uZPNfyw', 'authorChannelId': {'value': 'UCvZTdplpskd5KhH0uZPNfyw'}, 'canRate': True, 'viewerRating': 'none', 'likeCount': 0, 'publishedAt': '2022-11-01T13:25:29Z', 'updatedAt': '2022-11-01T13:25:29Z'}}, 'canReply': True, 'totalReplyCount': 0, 'isPublic': True}",,UCvZTdplpskd5KhH0uZPNfyw,2022-11-01T13:25:29Z,"Bom dia,247 parabéns pela cobertura das eleições,graças a todos vocês,e a vontade da maioria,estamos livre desse babaca Bolsonaro,agora e esperar que ele pague por tantos cremes cometido.",QURTSl9pMFNUZ0tHMHlNenNzSmVEb3JMZFBfdy1sNnlJMG91aUtuM0p6YjhrX21hWGlyRm9KSko0QW83OVN6cks3YnprLTU4V0JvaGVvTQ==,2023-06-07 12:46:17.464842
youtube#commentThread,0FJPviHaRnuwCU-XR_i1z70wqjw,UgzP-_1U1X35yMZj5T94AaABAg,"{'videoId': 'XRYjrJJZAME', 'topLevelComment': {'kind': 'youtube#comment', 'etag': 'SnyGu4wLb5iS8Oi3MMXXBKC6-IY', 'id': 'UgzP-_1U1X35yMZj5T94AaABAg', 'snippet': {'videoId': 'XRYjrJJZAME', 'textDisplay': 'Sim, é isso aí, o que o povo tinha que fazer já fez ... foi lá, votou e ganhou as eleições. Agora cabe às autoridades fazerem o seu papel e garantir o cumprimento das leis. Enquanto isso a gente estoura umas pipocas e assiste como é que vão consertar a cag.... que elas mesmo armaram.', 'textOriginal': 'Sim, é isso aí, o que o povo tinha que fazer já fez ... foi lá, votou e ganhou as eleições. Agora cabe às autoridades fazerem o seu papel e garantir o cumprimento das leis. Enquanto isso a gente estoura umas pipocas e assiste como é que vão consertar a cag.... que elas mesmo armaram.', 'authorDisplayName': 'Khose Neto Batysta', 'authorProfileImageUrl': 'https://yt3.ggpht.com/ytc/AGIKgqOkzEIOzv_KpZrnQRBRlp3n3BuqF7OVx38ZJAItvg=s48-c-k-c0x00ffffff-no-rj', 'authorChannelUrl': 'http://www.youtube.com/channel/UC-PKjuNLGMZHO2yjmFs6S-w', 'authorChannelId': {'value': 'UC-PKjuNLGMZHO2yjmFs6S-w'}, 'canRate': True, 'viewerRating': 'none', 'likeCount': 0, 'publishedAt': '2022-11-01T13:18:38Z', 'updatedAt': '2022-11-01T13:18:38Z'}}, 'canReply': True, 'totalReplyCount': 0, 'isPublic': True}",,UC-PKjuNLGMZHO2yjmFs6S-w,2022-11-01T13:18:38Z,"Sim, é isso aí, o que o povo tinha que fazer já fez ... foi lá, votou e ganhou as eleições. Agora cabe às autoridades fazerem o seu papel e garantir o cumprimento das leis. Enquanto isso a gente estoura umas pipocas e assiste como é que vão consertar a cag.... que elas mesmo armaram.",QURTSl9pMFNUZ0tHMHlNenNzSmVEb3JMZFBfdy1sNnlJMG91aUtuM0p6YjhrX21hWGlyRm9KSko0QW83OVN6cks3YnprLTU4V0JvaGVvTQ==,2023-06-07 12:46:17.464842
youtube#commentThread,3o9omqAn7UHmtDwxIzbNbHE7f8Y,Ugwpc0aAjMXt0uhRFZJ4AaABAg,"{'videoId': 'XRYjrJJZAME', 'topLevelComment': {'kind': 'youtube#comment', 'etag': 'Up56qEJoIZTYUw5mc9OPlfK-ADw', 'id': 'Ugwpc0aAjMXt0uhRFZJ4AaABAg', 'snippet': {'videoId': 'XRYjrJJZAME', 'textDisplay': 'O mundo se dobra a Lula', 'textOriginal': 'O mundo se dobra a Lula', 'authorDisplayName': 'junior borges', 'authorProfileImageUrl': 'https://yt3.ggpht.com/ytc/AGIKgqOT4ZZucfLusHzHn9v-5LaLe7GrlQioXktvzxO8vwBH90O9mqE4pmkBbA6WHcYb=s48-c-k-c0x00ffffff-no-rj', 'authorChannelUrl': 'http://www.youtube.com/channel/UCoUTcgwKQtQpn8e6J-s6GKw', 'authorChannelId': {'value': 'UCoUTcgwKQtQpn8e6J-s6GKw'}, 'canRate': True, 'viewerRating': 'none', 'likeCount': 1, 'publishedAt': '2022-11-01T13:17:24Z', 'updatedAt': '2022-11-01T13:17:24Z'}}, 'canReply': True, 'totalReplyCount': 0, 'isPublic': True}",,UCoUTcgwKQtQpn8e6J-s6GKw,2022-11-01T13:17:24Z,O mundo se dobra a Lula,QURTSl9pMFNUZ0tHMHlNenNzSmVEb3JMZFBfdy1sNnlJMG91aUtuM0p6YjhrX21hWGlyRm9KSko0QW83OVN6cks3YnprLTU4V0JvaGVvTQ==,2023-06-07 12:46:17.464842
youtube#commentThread,j1TgCPgNtnjl-GRdykfxUtg2X4k,UgwfkvCrNqOxit846XB4AaABAg,"{'videoId': 'XRYjrJJZAME', 'topLevelComment': {'kind': 'youtube#comment', 'etag': 'PVIEwLINbOsbWF8UraHzXvwKHCc', 'id': 'UgwfkvCrNqOxit846XB4AaABAg', 'snippet': {'videoId': 'XRYjrJJZAME', 'textDisplay': 'Lula é nosso orgulho', 'textOriginal': 'Lula é nosso orgulho', 'authorDisplayName': 'junior borges', 'authorProfileImageUrl': 'https://yt3.ggpht.com/ytc/AGIKgqOT4ZZucfLusHzHn9v-5LaLe7GrlQioXktvzxO8vwBH90O9mqE4pmkBbA6WHcYb=s48-c-k-c0x00ffffff-no-rj', 'authorChannelUrl': 'http://www.youtube.com/channel/UCoUTcgwKQtQpn8e6J-s6GKw', 'authorChannelId': {'value': 'UCoUTcgwKQtQpn8e6J-s6GKw'}, 'canRate': True, 'viewerRating': 'none', 'likeCount': 1, 'publishedAt': '2022-11-01T13:17:06Z', 'updatedAt': '2022-11-01T13:17:06Z'}}, 'canReply': True, 'totalReplyCount': 0, 'isPublic': True}",,UCoUTcgwKQtQpn8e6J-s6GKw,2022-11-01T13:17:06Z,Lula é nosso orgulho,QURTSl9pMFNUZ0tHMHlNenNzSmVEb3JMZFBfdy1sNnlJMG91aUtuM0p6YjhrX21hWGlyRm9KSko0QW83OVN6cks3YnprLTU4V0JvaGVvTQ==,2023-06-07 12:46:17.464842
youtube#commentThread,2HgnJ8R9oOxYnBulkZUn8rzq6zk,UgxweeAHHtD3S6YTQSJ4AaABAg,"{'videoId': 'XRYjrJJZAME', 'topLevelComment': {'kind': 'youtube#comment', 'etag': 'VV9K5VmUVqDfMxIP-lzZ4-JtxpI', 'id': 'UgxweeAHHtD3S6YTQSJ4AaABAg', 'snippet': {'videoId': 'XRYjrJJZAME', 'textDisplay': 'Tudo bandido na minha opinião esse presidente sabe que vai preso qual o papel do exército dar a paz para o país e não rasgar a constituição Federal então Srs comandantes o povo brasileiro quer paz e tranquilidade o bozo tem que ir direto pra cadeia.', 'textOriginal': 'Tudo bandido na minha opinião esse presidente sabe que vai preso qual o papel do exército dar a paz para o país e não rasgar a constituição Federal então Srs comandantes o povo brasileiro quer paz e tranquilidade o bozo tem que ir direto pra cadeia.', 'authorDisplayName': 'Eloir Alves', 'authorProfileImageUrl': 'https://yt3.ggpht.com/ytc/AGIKgqN-KrsKaORxdaaM5Upu-geqtx28w5_IiCZW_XjJ=s48-c-k-c0x00ffffff-no-rj', 'authorChannelUrl': 'http://www.youtube.com/channel/UCA7UgdEuU9CHwMH51VmI_xg', 'authorChannelId': {'value': 'UCA7UgdEuU9CHwMH51VmI_xg'}, 'canRate': True, 'viewerRating': 'none', 'likeCount': 0, 'publishedAt': '2022-11-01T13:16:29Z', 'updatedAt': '2022-11-01T13:16:29Z'}}, 'canReply': True, 'totalReplyCount': 0, 'isPublic': True}",,UCA7UgdEuU9CHwMH51VmI_xg,2022-11-01T13:16:29Z,Tudo bandido na minha opinião esse presidente sabe que vai preso qual o papel do exército dar a paz para o país e não rasgar a constituição Federal então Srs comandantes o povo brasileiro quer paz e tranquilidade o bozo tem que ir direto pra cadeia.,QURTSl9pMFNUZ0tHMHlNenNzSmVEb3JMZFBfdy1sNnlJMG91aUtuM0p6YjhrX21hWGlyRm9KSko0QW83OVN6cks3YnprLTU4V0JvaGVvTQ==,2023-06-07 12:46:17.464842
youtube#commentThread,su4J6k6_hRyWpCyboGkUf3BY3J8,UgxC_d_1bpu1OqAtCEV4AaABAg,"{'videoId': 'XRYjrJJZAME', 'topLevelComment': {'kind': 'youtube#comment', 'etag': 'vsCzUX6PADRsBHA3DR8jEFgYwKQ', 'id': 'UgxC_d_1bpu1OqAtCEV4AaABAg', 'snippet': {'videoId': 'XRYjrJJZAME', 'textDisplay': 'O BRASIL não merece essa instabilidade liderada por um presidente que não obedece a CONSTITUIÇÃO BRASILEIRA e silencia para promover esse caos de forma covarde por não saber perder. Esses que paralisam as rodovias não são filhos do BRASIL e jamais serão patriotas que amam verdadeiramente o BRASIL. BOLSONARO É COVARDE.', 'textOriginal': 'O BRASIL não merece essa instabilidade liderada por um presidente que não obedece a CONSTITUIÇÃO BRASILEIRA e silencia para promover esse caos de forma covarde por não saber perder. Esses que paralisam as rodovias não são filhos do BRASIL e jamais serão patriotas que amam verdadeiramente o BRASIL. BOLSONARO É COVARDE.', 'authorDisplayName': 'Mirene Silva', 'authorProfileImageUrl': 'https://yt3.ggpht.com/Wc_C6sBeV70pYHq0kRCv0IkntnOOeq3gav1EI8AA6fQdojjpVrFOFD94Iq7_JPVA8-zCjpKHYZo=s48-c-k-c0x00ffffff-no-rj', 'authorChannelUrl': 'http://www.youtube.com/channel/UCFbzeYRy58GOYIaGxkEED5Q', 'authorChannelId': {'value': 'UCFbzeYRy58GOYIaGxkEED5Q'}, 'canRate': True, 'viewerRating': 'none', 'likeCount': 1, 'publishedAt': '2022-11-01T13:07:58Z', 'updatedAt': '2022-11-01T13:07:58Z'}}, 'canReply': True, 'totalReplyCount': 0, 'isPublic': True}",,UCFbzeYRy58GOYIaGxkEED5Q,2022-11-01T13:07:58Z,O BRASIL não merece essa instabilidade liderada por um presidente que não obedece a CONSTITUIÇÃO BRASILEIRA e silencia para promover esse caos de forma covarde por não saber perder. Esses que paralisam as rodovias não são filhos do BRASIL e jamais serão patriotas que amam verdadeiramente o BRASIL. BOLSONARO É COVARDE.,QURTSl9pMFNUZ0tHMHlNenNzSmVEb3JMZFBfdy1sNnlJMG91aUtuM0p6YjhrX21hWGlyRm9KSko0QW83OVN6cks3YnprLTU4V0JvaGVvTQ==,2023-06-07 12:46:17.464842
youtube#commentThread,yBNI4aiz8Mi36GFcqqmqojOgTgw,UgxHEHM7e9nLFFb4vGB4AaABAg,"{'videoId': 'XRYjrJJZAME', 'topLevelComment': {'kind': 'youtube#comment', 'etag': 'tPyQ4agHTvElYw5UrIJPf6iwaKA', 'id': 'UgxHEHM7e9nLFFb4vGB4AaABAg', 'snippet': {'videoId': 'XRYjrJJZAME', 'textDisplay': 'Bozo nazifascista imundo teu lugar é na prisão', 'textOriginal': 'Bozo nazifascista imundo teu lugar é na prisão', 'authorDisplayName': 'Ísis Vitória', 'authorProfileImageUrl': 'https://yt3.ggpht.com/ytc/AGIKgqNCR057R_23L3Ji95zTHNU__1jULMPVF08j6G8Z=s48-c-k-c0x00ffffff-no-rj', 'authorChannelUrl': 'http://www.youtube.com/channel/UCp9iKAx2IQxi0cdRt_EJGKQ', 'authorChannelId': {'value': 'UCp9iKAx2IQxi0cdRt_EJGKQ'}, 'canRate': True, 'viewerRating': 'none', 'likeCount': 1, 'publishedAt': '2022-11-01T13:03:40Z', 'updatedAt': '2022-11-01T13:03:40Z'}}, 'canReply': True, 'totalReplyCount': 0, 'isPublic': True}",,UCp9iKAx2IQxi0cdRt_EJGKQ,2022-11-01T13:03:40Z,Bozo nazifascista imundo teu lugar é na prisão,QURTSl9pMFNUZ0tHMHlNenNzSmVEb3JMZFBfdy1sNnlJMG91aUtuM0p6YjhrX21hWGlyRm9KSko0QW83OVN6cks3YnprLTU4V0JvaGVvTQ==,2023-06-07 12:46:17.464842
youtube#commentThread,QC1BjD9VV1FDRStPyeKh3-yV2a4,Ugw7aQdcL1rMeq0CZ8V4AaABAg,"{'videoId': 'XRYjrJJZAME', 'topLevelComment': {'kind': 'youtube#comment', 'etag': 'CHoWh-xGnx85nZfBgJ-bTUz7nxM', 'id': 'Ugw7aQdcL1rMeq0CZ8V4AaABAg', 'snippet': {'videoId': 'XRYjrJJZAME', 'textDisplay': 'Para o 22 não basta ser mito tem que ter mártires.', 'textOriginal': 'Para o 22 não basta ser mito tem que ter mártires.', 'authorDisplayName': 'Tania Maria', 'authorProfileImageUrl': 'https://yt3.ggpht.com/aSyAPHBeH6nVSgSFzLChHFxT-Imncie1eYzo8JCn_5OihFkoqo4pGWyoeB-7VW3lZc5WMuPeCqA=s48-c-k-c0x00ffffff-no-rj', 'authorChannelUrl': 'http://www.youtube.com/channel/UCCf8Or78kCRqJUq7Lqc6JIQ', 'authorChannelId': {'value': 'UCCf8Or78kCRqJUq7Lqc6JIQ'}, 'canRate': True, 'viewerRating': 'none', 'likeCount': 0, 'publishedAt': '2022-11-01T13:02:39Z', 'updatedAt': '2022-11-01T13:02:39Z'}}, 'canReply': True, 'totalReplyCount': 0, 'isPublic': True}",,UCCf8Or78kCRqJUq7Lqc6JIQ,2022-11-01T13:02:39Z,Para o 22 não basta ser mito tem que ter mártires.,QURTSl9pMFNUZ0tHMHlNenNzSmVEb3JMZFBfdy1sNnlJMG91aUtuM0p6YjhrX21hWGlyRm9KSko0QW83OVN6cks3YnprLTU4V0JvaGVvTQ==,2023-06-07 12:46:17.464842
youtube#commentThread,s4Li6qEUUWzxNA6S6tD6zjxr4xs,Ugwm7NVnSKH8yLxJOFh4AaABAg,"{'videoId': 'XRYjrJJZAME', 'topLevelComment': {'kind': 'youtube#comment', 'etag': 'm4oVin3Gok1GQxeFZQoeAFe46j4', 'id': 'Ugwm7NVnSKH8yLxJOFh4AaABAg', 'snippet': {'videoId': 'XRYjrJJZAME', 'textDisplay': 'Pimenta eu conheci você quando o Lula estava preso lá em Coritiba você não arredo o pé enquanto o Lula não foi solto parabéns.', 'textOriginal': 'Pimenta eu conheci você quando o Lula estava preso lá em Coritiba você não arredo o pé enquanto o Lula não foi solto parabéns.', 'authorDisplayName': 'DAVI GAMER DAYZ', 'authorProfileImageUrl': 'https://yt3.ggpht.com/Zr3aZy9qPLa5uTzjiJo0Kfv6Um7JpI9vMrYZUyVm1ndNYtaZnNuu63NJoVqoO7-lJ9-is9e3yNs=s48-c-k-c0x00ffffff-no-rj', 'authorChannelUrl': 'http://www.youtube.com/channel/UC7PY5wnyFew57uE0aE1r14Q', 'authorChannelId': {'value': 'UC7PY5wnyFew57uE0aE1r14Q'}, 'canRate': True, 'viewerRating': 'none', 'likeCount': 0, 'publishedAt': '2022-11-01T13:02:27Z', 'updatedAt': '2022-11-01T13:02:27Z'}}, 'canReply': True, 'totalReplyCount': 0, 'isPublic': True}",,UC7PY5wnyFew57uE0aE1r14Q,2022-11-01T13:02:27Z,Pimenta eu conheci você quando o Lula estava preso lá em Coritiba você não arredo o pé enquanto o Lula não foi solto parabéns.,QURTSl9pMFNUZ0tHMHlNenNzSmVEb3JMZFBfdy1sNnlJMG91aUtuM0p6YjhrX21hWGlyRm9KSko0QW83OVN6cks3YnprLTU4V0JvaGVvTQ==,2023-06-07 12:46:17.464842
youtube#commentThread,syUt2kyErVC9BpqnqVl-RYj1ik8,UgzZylF1IqLaFTQLf3t4AaABAg,"{'videoId': 'XRYjrJJZAME', 'topLevelComment': {'kind': 'youtube#comment', 'etag': 'YeRo3hK5obuAIM5j7IS8NI53Ic8', 'id': 'UgzZylF1IqLaFTQLf3t4AaABAg', 'snippet': {'videoId': 'XRYjrJJZAME', 'textDisplay': '❤️1️⃣3️⃣0️⃣7️⃣❤️🌶️ este me representa 👏👏👏', 'textOriginal': '❤️1️⃣3️⃣0️⃣7️⃣❤️🌶️ este me representa 👏👏👏', 'authorDisplayName': 'Ana lidia Pereira', 'authorProfileImageUrl': 'https://yt3.ggpht.com/ytc/AGIKgqNbMiSWVjiDXnKGXE6cl-Sfis-4Z079JxCVAg=s48-c-k-c0x00ffffff-no-rj', 'authorChannelUrl': 'http://www.youtube.com/channel/UCChtNhzWjkfc04LrijJ1s5w', 'authorChannelId': {'value': 'UCChtNhzWjkfc04LrijJ1s5w'}, 'canRate': True, 'viewerRating': 'none', 'likeCount': 0, 'publishedAt': '2022-11-01T12:56:16Z', 'updatedAt': '2022-11-01T12:56:16Z'}}, 'canReply': True, 'totalReplyCount': 0, 'isPublic': True}",,UCChtNhzWjkfc04LrijJ1s5w,2022-11-01T12:56:16Z,❤️1️⃣3️⃣0️⃣7️⃣❤️🌶️ este me representa 👏👏👏,QURTSl9pMFNUZ0tHMHlNenNzSmVEb3JMZFBfdy1sNnlJMG91aUtuM0p6YjhrX21hWGlyRm9KSko0QW83OVN6cks3YnprLTU4V0JvaGVvTQ==,2023-06-07 12:46:17.464842
youtube#commentThread,kYm6YtLXZoBbbGhlUoPw_riwrQ0,Ugx6gtova94npOVBuXx4AaABAg,"{'videoId': 'XRYjrJJZAME', 'topLevelComment': {'kind': 'youtube#comment', 'etag': 'ZDZVw6YcAi4MAnLRyhEeDTDZvoQ', 'id': 'Ugx6gtova94npOVBuXx4AaABAg', 'snippet': {'videoId': 'XRYjrJJZAME', 'textDisplay': 'Tem k bsixar o pau nesse povo perdeu somos a maioria', 'textOriginal': 'Tem k bsixar o pau nesse povo perdeu somos a maioria', 'authorDisplayName': 'Natal Scarpini', 'authorProfileImageUrl': 'https://yt3.ggpht.com/ytc/AGIKgqPui0uJeygSfnvsQSPJsPYDuUzfwqVaHFw1_R3FTxkbrX28L6SYNRCKSJnyiayx=s48-c-k-c0x00ffffff-no-rj', 'authorChannelUrl': 'http://www.youtube.com/channel/UCuugo1PbnEIvKw5AHcSRWbQ', 'authorChannelId': {'value': 'UCuugo1PbnEIvKw5AHcSRWbQ'}, 'canRate': True, 'viewerRating': 'none', 'likeCount': 0, 'publishedAt': '2022-11-01T12:24:56Z', 'updatedAt': '2022-11-01T12:24:56Z'}}, 'canReply': True, 'totalReplyCount': 0, 'isPublic': True}",,UCuugo1PbnEIvKw5AHcSRWbQ,2022-11-01T12:24:56Z,Tem k bsixar o pau nesse povo perdeu somos a maioria,QURTSl9pMFNUZ0tHMHlNenNzSmVEb3JMZFBfdy1sNnlJMG91aUtuM0p6YjhrX21hWGlyRm9KSko0QW83OVN6cks3YnprLTU4V0JvaGVvTQ==,2023-06-07 12:46:17.464842
youtube#commentThread,xoocjorT_DKbkmYsWnd5_kMy-wA,UgwFPPUR2V8kPg0G1XR4AaABAg,"{'videoId': 'XRYjrJJZAME', 'topLevelComment': {'kind': 'youtube#comment', 'etag': 'DmKbAZsj1zSQLaWp-s-LVP3AUpQ', 'id': 'UgwFPPUR2V8kPg0G1XR4AaABAg', 'snippet': {'videoId': 'XRYjrJJZAME', 'textDisplay': 'Já esperávamos isso Bolsonaro é um ditador não aceita perder.', 'textOriginal': 'Já esperávamos isso Bolsonaro é um ditador não aceita perder.', 'authorDisplayName': 'Erivaldo Alexandrino Souza Souza', 'authorProfileImageUrl': 'https://yt3.ggpht.com/ytc/AGIKgqOuhkwiaFBIXpQ6u4q6X1zqKx0zhLPZV-7QDg=s48-c-k-c0x00ffffff-no-rj', 'authorChannelUrl': 'http://www.youtube.com/channel/UCG7qlqq8O4OpV5lNTSRKNRQ', 'authorChannelId': {'value': 'UCG7qlqq8O4OpV5lNTSRKNRQ'}, 'canRate': True, 'viewerRating': 'none', 'likeCount': 1, 'publishedAt': '2022-11-01T12:22:45Z', 'updatedAt': '2022-11-01T12:22:45Z'}}, 'canReply': True, 'totalReplyCount': 0, 'isPublic': True}",,UCG7qlqq8O4OpV5lNTSRKNRQ,2022-11-01T12:22:45Z,Já esperávamos isso Bolsonaro é um ditador não aceita perder.,QURTSl9pMFNUZ0tHMHlNenNzSmVEb3JMZFBfdy1sNnlJMG91aUtuM0p6YjhrX21hWGlyRm9KSko0QW83OVN6cks3YnprLTU4V0JvaGVvTQ==,2023-06-07 12:46:17.464842
youtube#commentThread,czGgmvHhRh_oOhOkRBwjtP1vQoE,UgzYHxKz_wJyQWZoE9B4AaABAg,"{'videoId': 'XRYjrJJZAME', 'topLevelComment': {'kind': 'youtube#comment', 'etag': '5qPYI-K4yIvuoqc4bw59P_yy3vE', 'id': 'UgzYHxKz_wJyQWZoE9B4AaABAg', 'snippet': {'videoId': 'XRYjrJJZAME', 'textDisplay': 'Criminosa e o partido dos trabalhadores', 'textOriginal': 'Criminosa e o partido dos trabalhadores', 'authorDisplayName': 'Surf Investimentos', 'authorProfileImageUrl': 'https://yt3.ggpht.com/ytc/AGIKgqM4CiEFP1Ipw7T5jYEAXRVdrwviBwtlQlNxjLNeLA=s48-c-k-c0x00ffffff-no-rj', 'authorChannelUrl': 'http://www.youtube.com/channel/UCBxs6ovNsYrFzlAwLY46jlw', 'authorChannelId': {'value': 'UCBxs6ovNsYrFzlAwLY46jlw'}, 'canRate': True, 'viewerRating': 'none', 'likeCount': 0, 'publishedAt': '2022-11-01T12:13:37Z', 'updatedAt': '2022-11-01T12:13:37Z'}}, 'canReply': True, 'totalReplyCount': 0, 'isPublic': True}",,UCBxs6ovNsYrFzlAwLY46jlw,2022-11-01T12:13:37Z,Criminosa e o partido dos trabalhadores,QURTSl9pMFNUZ0tHMHlNenNzSmVEb3JMZFBfdy1sNnlJMG91aUtuM0p6YjhrX21hWGlyRm9KSko0QW83OVN6cks3YnprLTU4V0JvaGVvTQ==,2023-06-07 12:46:17.464842
youtube#commentThread,I-vluJP80qmGRGRMkfFeTVC9SO0,UgxV2yJbAQXXv_Yi4UJ4AaABAg,"{'videoId': 'XRYjrJJZAME', 'topLevelComment': {'kind': 'youtube#comment', 'etag': 'pjB2jvln0xZqimRNUlZvNUUkUT4', 'id': 'UgxV2yJbAQXXv_Yi4UJ4AaABAg', 'snippet': {'videoId': 'XRYjrJJZAME', 'textDisplay': 'Cadeia bozo', 'textOriginal': 'Cadeia bozo', 'authorDisplayName': 'Alcides Ventura', 'authorProfileImageUrl': 'https://yt3.ggpht.com/ytc/AGIKgqOzRZSStl2tdwgIrMoUCDrp_6TBLUNFq8DEWA=s48-c-k-c0x00ffffff-no-rj', 'authorChannelUrl': 'http://www.youtube.com/channel/UC-ucTjwADbLE2delIoYUKdA', 'authorChannelId': {'value': 'UC-ucTjwADbLE2delIoYUKdA'}, 'canRate': True, 'viewerRating': 'none', 'likeCount': 0, 'publishedAt': '2022-11-01T12:13:20Z', 'updatedAt': '2022-11-01T12:13:20Z'}}, 'canReply': True, 'totalReplyCount': 0, 'isPublic': True}",,UC-ucTjwADbLE2delIoYUKdA,2022-11-01T12:13:20Z,Cadeia bozo,QURTSl9pMFNUZ0tHMHlNenNzSmVEb3JMZFBfdy1sNnlJMG91aUtuM0p6YjhrX21hWGlyRm9KSko0QW83OVN6cks3YnprLTU4V0JvaGVvTQ==,2023-06-07 12:46:17.464842
youtube#commentThread,To9FTb6Kq9tH3Ft2Crz7sQTE3Rc,UgyDw9doknlS8Q2tgAR4AaABAg,"{'videoId': 'XRYjrJJZAME', 'topLevelComment': {'kind': 'youtube#comment', 'etag': 'imK13D4oiSIjq7fN9Zf57qvoiqc', 'id': 'UgyDw9doknlS8Q2tgAR4AaABAg', 'snippet': {'videoId': 'XRYjrJJZAME', 'textDisplay': 'Desrespeito e quem rouba', 'textOriginal': 'Desrespeito e quem rouba', 'authorDisplayName': 'Surf Investimentos', 'authorProfileImageUrl': 'https://yt3.ggpht.com/ytc/AGIKgqM4CiEFP1Ipw7T5jYEAXRVdrwviBwtlQlNxjLNeLA=s48-c-k-c0x00ffffff-no-rj', 'authorChannelUrl': 'http://www.youtube.com/channel/UCBxs6ovNsYrFzlAwLY46jlw', 'authorChannelId': {'value': 'UCBxs6ovNsYrFzlAwLY46jlw'}, 'canRate': True, 'viewerRating': 'none', 'likeCount': 0, 'publishedAt': '2022-11-01T12:12:43Z', 'updatedAt': '2022-11-01T12:12:43Z'}}, 'canReply': True, 'totalReplyCount': 0, 'isPublic': True}",,UCBxs6ovNsYrFzlAwLY46jlw,2022-11-01T12:12:43Z,Desrespeito e quem rouba,QURTSl9pMFNUZ0tHMHlNenNzSmVEb3JMZFBfdy1sNnlJMG91aUtuM0p6YjhrX21hWGlyRm9KSko0QW83OVN6cks3YnprLTU4V0JvaGVvTQ==,2023-06-07 12:46:17.464842
youtube#commentThread,qfJpPTJ_VFCogJN7HU7MTuOKnXk,UgwDq2p2UGKCx6jTLrB4AaABAg,"{'videoId': 'XRYjrJJZAME', 'topLevelComment': {'kind': 'youtube#comment', 'etag': 'DFqeFAdkc6TCKpSwbahUStD9h0M', 'id': 'UgwDq2p2UGKCx6jTLrB4AaABAg', 'snippet': {'videoId': 'XRYjrJJZAME', 'textDisplay': 'O posicionamento do presidente, é extremista, é tá  pondo  a vida de pessoas  é risco', 'textOriginal': 'O posicionamento do presidente, é extremista, é tá  pondo  a vida de pessoas  é risco', 'authorDisplayName': 'Elsa Cordeiro', 'authorProfileImageUrl': 'https://yt3.ggpht.com/ytc/AGIKgqOWMVn82P2FBGagUTLfjhJKRxpy7e5XLY0-Xw=s48-c-k-c0x00ffffff-no-rj', 'authorChannelUrl': 'http://www.youtube.com/channel/UCza6TmK4ZNIeryzi5kLW2Pw', 'authorChannelId': {'value': 'UCza6TmK4ZNIeryzi5kLW2Pw'}, 'canRate': True, 'viewerRating': 'none', 'likeCount': 0, 'publishedAt': '2022-11-01T12:07:38Z', 'updatedAt': '2022-11-01T12:07:38Z'}}, 'canReply': True, 'totalReplyCount': 0, 'isPublic': True}",,UCza6TmK4ZNIeryzi5kLW2Pw,2022-11-01T12:07:38Z,"O posicionamento do presidente, é extremista, é tá  pondo  a vida de pessoas  é risco",QURTSl9pMFNUZ0tHMHlNenNzSmVEb3JMZFBfdy1sNnlJMG91aUtuM0p6YjhrX21hWGlyRm9KSko0QW83OVN6cks3YnprLTU4V0JvaGVvTQ==,2023-06-07 12:46:17.464842
youtube#commentThread,7LphhrA23TSRiKmRFG0_q1QyYXI,Ugx1SYD8pK9g_7NErct4AaABAg,"{'videoId': 'XRYjrJJZAME', 'topLevelComment': {'kind': 'youtube#comment', 'etag': 'aQT4ILfUsEIliXjk4mKnBEj_Jj8', 'id': 'Ugx1SYD8pK9g_7NErct4AaABAg', 'snippet': {'videoId': 'XRYjrJJZAME', 'textDisplay': 'Bolsonaro manda os bolsominions fechar as estradas e se esconde. É covarde mesmo, como bem disse Simone Tebet no debate. <br>Na minha cidade os fazendeiros foram para a Rodovia apoiar. Acredito que o Agro está no meio dessa desordem nas estradas. Os caminhoneiros de verdade estão querendo trabalhar.', 'textOriginal': 'Bolsonaro manda os bolsominions fechar as estradas e se esconde. É covarde mesmo, como bem disse Simone Tebet no debate. \nNa minha cidade os fazendeiros foram para a Rodovia apoiar. Acredito que o Agro está no meio dessa desordem nas estradas. Os caminhoneiros de verdade estão querendo trabalhar.', 'authorDisplayName': 'Dalva Diôgo', 'authorProfileImageUrl': 'https://yt3.ggpht.com/ytc/AGIKgqMPJZ7PdSAXKEt6saMEdUM8BOow1-SxnxkdwcSTmow=s48-c-k-c0x00ffffff-no-rj', 'authorChannelUrl': 'http://www.youtube.com/channel/UC-tM3IXTF1Ie16YNTiFRs0A', 'authorChannelId': {'value': 'UC-tM3IXTF1Ie16YNTiFRs0A'}, 'canRate': True, 'viewerRating': 'none', 'likeCount': 0, 'publishedAt': '2022-11-01T11:49:20Z', 'updatedAt': '2022-11-01T11:49:55Z'}}, 'canReply': True, 'totalReplyCount': 0, 'isPublic': True}",,UC-tM3IXTF1Ie16YNTiFRs0A,2022-11-01T11:49:20Z,"Bolsonaro manda os bolsominions fechar as estradas e se esconde. É covarde mesmo, como bem disse Simone Tebet no debate. 
Na minha cidade os fazendeiros foram para a Rodovia apoiar. Acredito que o Agro está no meio dessa desordem nas estradas. Os caminhoneiros de verdade estão querendo trabalhar.",QURTSl9pMFNUZ0tHMHlNenNzSmVEb3JMZFBfdy1sNnlJMG91aUtuM0p6YjhrX21hWGlyRm9KSko0QW83OVN6cks3YnprLTU4V0JvaGVvTQ==,2023-06-07 12:46:17.464842
youtube#commentThread,ATkTYw9QTCAEtaMMlJdRIpkq1sY,UgzSRgolTS-ttpE4xiV4AaABAg,"{'videoId': 'XRYjrJJZAME', 'topLevelComment': {'kind': 'youtube#comment', 'etag': 'dKF-gCnm38F9KQQXhxLwEE35NCs', 'id': 'UgzSRgolTS-ttpE4xiV4AaABAg', 'snippet': {'videoId': 'XRYjrJJZAME', 'textDisplay': 'Como que um caminhoneiro atravessa o caminhao numa rodovia parando tudo alguem esta apoiando um motorista nao tem forssa pra isso nao os propios usuario da estradas cobre o cara na botina o cara tira o caminhao na hora vamos pra cima s t f sao poucos pcicopatas bois sominios perturbados', 'textOriginal': 'Como que um caminhoneiro atravessa o caminhao numa rodovia parando tudo alguem esta apoiando um motorista nao tem forssa pra isso nao os propios usuario da estradas cobre o cara na botina o cara tira o caminhao na hora vamos pra cima s t f sao poucos pcicopatas bois sominios perturbados', 'authorDisplayName': 'Nivaldo Gomes', 'authorProfileImageUrl': 'https://yt3.ggpht.com/ytc/AGIKgqMw-Du4IBARYcyJF-v36x6ocpXcooLQQGgBdoo-0-GKlOBI2Nshx1MZFM72Hwrl=s48-c-k-c0x00ffffff-no-rj', 'authorChannelUrl': 'http://www.youtube.com/channel/UCJEcUZ2wYDvkU8NnvD16l1w', 'authorChannelId': {'value': 'UCJEcUZ2wYDvkU8NnvD16l1w'}, 'canRate': True, 'viewerRating': 'none', 'likeCount': 0, 'publishedAt': '2022-11-01T11:43:57Z', 'updatedAt': '2022-11-01T11:43:57Z'}}, 'canReply': True, 'totalReplyCount': 0, 'isPublic': True}",,UCJEcUZ2wYDvkU8NnvD16l1w,2022-11-01T11:43:57Z,Como que um caminhoneiro atravessa o caminhao numa rodovia parando tudo alguem esta apoiando um motorista nao tem forssa pra isso nao os propios usuario da estradas cobre o cara na botina o cara tira o caminhao na hora vamos pra cima s t f sao poucos pcicopatas bois sominios perturbados,QURTSl9pMFNUZ0tHMHlNenNzSmVEb3JMZFBfdy1sNnlJMG91aUtuM0p6YjhrX21hWGlyRm9KSko0QW83OVN6cks3YnprLTU4V0JvaGVvTQ==,2023-06-07 12:46:17.464842
youtube#commentThread,__kFAJAXdab3kkMPok6MLLu6gSQ,UgwnhberthI5H9kn0914AaABAg,"{'videoId': 'XRYjrJJZAME', 'topLevelComment': {'kind': 'youtube#comment', 'etag': 'WfAqeb1qmEWu89JOA9eMuXwWIH4', 'id': 'UgwnhberthI5H9kn0914AaABAg', 'snippet': {'videoId': 'XRYjrJJZAME', 'textDisplay': 'O superintendente da policia rodoviária federal em  são paulo Alfredo MARTINELI  Tá a mais de 24 horas  só falando que vai tomar providências em cumprir a ordem de retirar essas pessoas que a maioria  nem são caminhoneiros como já foi confirmado , são pessoas pagas por fazendeiros que não estão deixando os verdadeiros caminhoneiros passarem com gasolina , leite , cargas perecíveis de alimentos , esperando dizem eles o presidente se pronunciar , o pior é que o pais tá sem presidente o homem sumiu e as pessoas começam a ficarem sem gasolina e outras coisas ,  as  ambulâncias  estão chegando atrasadas  em hospitais com pacientes em casos graves . Essa polícia federal está começando a irritar muita gente , Deus tenha dó', 'textOriginal': 'O superintendente da policia rodoviária federal em  são paulo Alfredo MARTINELI  Tá a mais de 24 horas  só falando que vai tomar providências em cumprir a ordem de retirar essas pessoas que a maioria  nem são caminhoneiros como já foi confirmado , são pessoas pagas por fazendeiros que não estão deixando os verdadeiros caminhoneiros passarem com gasolina , leite , cargas perecíveis de alimentos , esperando dizem eles o presidente se pronunciar , o pior é que o pais tá sem presidente o homem sumiu e as pessoas começam a ficarem sem gasolina e outras coisas ,  as  ambulâncias  estão chegando atrasadas  em hospitais com pacientes em casos graves . Essa polícia federal está começando a irritar muita gente , Deus tenha dó', 'authorDisplayName': 'Iluminado Eterno', 'authorProfileImageUrl': 'https://yt3.ggpht.com/ytc/AGIKgqOy2OTcioh8mgY36F0NAaGj027T-x0FqQAB81TA0Q=s48-c-k-c0x00ffffff-no-rj', 'authorChannelUrl': 'http://www.youtube.com/channel/UC8ZMR04iHUUBpZObtsygw0A', 'authorChannelId': {'value': 'UC8ZMR04iHUUBpZObtsygw0A'}, 'canRate': True, 'viewerRating': 'none', 'likeCount': 0, 'publishedAt': '2022-11-01T11:38:01Z', 'updatedAt': '2022-11-01T11:38:01Z'}}, 'canReply': True, 'totalReplyCount': 0, 'isPublic': True}",,UC8ZMR04iHUUBpZObtsygw0A,2022-11-01T11:38:01Z,"O superintendente da policia rodoviária federal em  são paulo Alfredo MARTINELI  Tá a mais de 24 horas  só falando que vai tomar providências em cumprir a ordem de retirar essas pessoas que a maioria  nem são caminhoneiros como já foi confirmado , são pessoas pagas por fazendeiros que não estão deixando os verdadeiros caminhoneiros passarem com gasolina , leite , cargas perecíveis de alimentos , esperando dizem eles o presidente se pronunciar , o pior é que o pais tá sem presidente o homem sumiu e as pessoas começam a ficarem sem gasolina e outras coisas ,  as  ambulâncias  estão chegando atrasadas  em hospitais com pacientes em casos graves . Essa polícia federal está começando a irritar muita gente , Deus tenha dó",QURTSl9pMFNUZ0tHMHlNenNzSmVEb3JMZFBfdy1sNnlJMG91aUtuM0p6YjhrX21hWGlyRm9KSko0QW83OVN6cks3YnprLTU4V0JvaGVvTQ==,2023-06-07 12:46:17.464842
youtube#commentThread,JChNY58nuFUq2qys5FuTwYHxnpY,Ugwhcp-wv-JTrf2C1Yd4AaABAg,"{'videoId': 'XRYjrJJZAME', 'topLevelComment': {'kind': 'youtube#comment', 'etag': 'KoW2E4nyrXYYtOSOyYJ4FupFK6k', 'id': 'Ugwhcp-wv-JTrf2C1Yd4AaABAg', 'snippet': {'videoId': 'XRYjrJJZAME', 'textDisplay': 'O Lula tem diversos processos,  foi preso e solto por amigos  ?', 'textOriginal': 'O Lula tem diversos processos,  foi preso e solto por amigos  ?', 'authorDisplayName': 'Anselmo de Oliveira Santos noel da mere / mofado', 'authorProfileImageUrl': 'https://yt3.ggpht.com/ytc/AGIKgqNdr7K3N9qu7WNw5rQeK1h7uHCoDBSnzEGlIQ=s48-c-k-c0x00ffffff-no-rj', 'authorChannelUrl': 'http://www.youtube.com/channel/UCFQUK-4OQiby4azSMYy2eYg', 'authorChannelId': {'value': 'UCFQUK-4OQiby4azSMYy2eYg'}, 'canRate': True, 'viewerRating': 'none', 'likeCount': 0, 'publishedAt': '2022-11-01T11:31:55Z', 'updatedAt': '2022-11-01T11:31:55Z'}}, 'canReply': True, 'totalReplyCount': 0, 'isPublic': True}",,UCFQUK-4OQiby4azSMYy2eYg,2022-11-01T11:31:55Z,"O Lula tem diversos processos,  foi preso e solto por amigos  ?",QURTSl9pMFNUZ0tHMHlNenNzSmVEb3JMZFBfdy1sNnlJMG91aUtuM0p6YjhrX21hWGlyRm9KSko0QW83OVN6cks3YnprLTU4V0JvaGVvTQ==,2023-06-07 12:46:17.464842
youtube#commentThread,aO6nrwjNNPUew4X6YIs9iDTgb3E,UgyDtat_BHn40zn5zqd4AaABAg,"{'videoId': 'XRYjrJJZAME', 'topLevelComment': {'kind': 'youtube#comment', 'etag': '2wS5QMe5ltsN59d97J0tRby8x1k', 'id': 'UgyDtat_BHn40zn5zqd4AaABAg', 'snippet': {'videoId': 'XRYjrJJZAME', 'textDisplay': 'Isso aí não tem jeito..bolsonarista raiz é em ESSÊNCIA um ignorante....jamais irá mudar...teremos que ficar atentos!', 'textOriginal': 'Isso aí não tem jeito..bolsonarista raiz é em ESSÊNCIA um ignorante....jamais irá mudar...teremos que ficar atentos!', 'authorDisplayName': 'taimadam', 'authorProfileImageUrl': 'https://yt3.ggpht.com/ytc/AGIKgqMU9NHQKVLjjSD5Hn86E9LQ0AzEEKxb2UKfIntM=s48-c-k-c0x00ffffff-no-rj', 'authorChannelUrl': 'http://www.youtube.com/channel/UCUuYaq_WU9Nr9RcnLS6Th_A', 'authorChannelId': {'value': 'UCUuYaq_WU9Nr9RcnLS6Th_A'}, 'canRate': True, 'viewerRating': 'none', 'likeCount': 0, 'publishedAt': '2022-11-01T11:31:52Z', 'updatedAt': '2022-11-01T11:31:52Z'}}, 'canReply': True, 'totalReplyCount': 0, 'isPublic': True}",,UCUuYaq_WU9Nr9RcnLS6Th_A,2022-11-01T11:31:52Z,Isso aí não tem jeito..bolsonarista raiz é em ESSÊNCIA um ignorante....jamais irá mudar...teremos que ficar atentos!,QURTSl9pMFNUZ0tHMHlNenNzSmVEb3JMZFBfdy1sNnlJMG91aUtuM0p6YjhrX21hWGlyRm9KSko0QW83OVN6cks3YnprLTU4V0JvaGVvTQ==,2023-06-07 12:46:17.464842
youtube#commentThread,j3NOMxdCABb0EgJUfvtUZDfpH1o,Ugx2HI523sVy-016Vdd4AaABAg,"{'videoId': 'XRYjrJJZAME', 'topLevelComment': {'kind': 'youtube#comment', 'etag': 'dKQaAZTzy60_LlDH0aGTsYsDrDI', 'id': 'Ugx2HI523sVy-016Vdd4AaABAg', 'snippet': {'videoId': 'XRYjrJJZAME', 'textDisplay': 'Não é o Bolsonaro mas a população que não aceita ter o ex. Pp transformando nossa nação em uma Argentina,  Venezuela, Chile e outros países destruídos aqui é Brasil  ?', 'textOriginal': 'Não é o Bolsonaro mas a população que não aceita ter o ex. Pp transformando nossa nação em uma Argentina,  Venezuela, Chile e outros países destruídos aqui é Brasil  ?', 'authorDisplayName': 'Anselmo de Oliveira Santos noel da mere / mofado', 'authorProfileImageUrl': 'https://yt3.ggpht.com/ytc/AGIKgqNdr7K3N9qu7WNw5rQeK1h7uHCoDBSnzEGlIQ=s48-c-k-c0x00ffffff-no-rj', 'authorChannelUrl': 'http://www.youtube.com/channel/UCFQUK-4OQiby4azSMYy2eYg', 'authorChannelId': {'value': 'UCFQUK-4OQiby4azSMYy2eYg'}, 'canRate': True, 'viewerRating': 'none', 'likeCount': 0, 'publishedAt': '2022-11-01T11:29:22Z', 'updatedAt': '2022-11-01T11:29:22Z'}}, 'canReply': True, 'totalReplyCount': 0, 'isPublic': True}",,UCFQUK-4OQiby4azSMYy2eYg,2022-11-01T11:29:22Z,"Não é o Bolsonaro mas a população que não aceita ter o ex. Pp transformando nossa nação em uma Argentina,  Venezuela, Chile e outros países destruídos aqui é Brasil  ?",QURTSl9pMFNUZ0tHMHlNenNzSmVEb3JMZFBfdy1sNnlJMG91aUtuM0p6YjhrX21hWGlyRm9KSko0QW83OVN6cks3YnprLTU4V0JvaGVvTQ==,2023-06-07 12:46:17.464842
youtube#commentThread,iVWKmA__-waEA48cF9okWM9JPg4,UgxQ93QTgAz5Z6s6-6l4AaABAg,"{'videoId': 'XRYjrJJZAME', 'topLevelComment': {'kind': 'youtube#comment', 'etag': 'cQjQDD-35Ns3ZgVxaVyAlTLKljo', 'id': 'UgxQ93QTgAz5Z6s6-6l4AaABAg', 'snippet': {'videoId': 'XRYjrJJZAME', 'textDisplay': 'Os empresários donos de frotas de caminhões,  são uns bandidos bloqueando as estradas e com a vergonhosa inadimplência da PRF paga pelo povo.', 'textOriginal': 'Os empresários donos de frotas de caminhões,  são uns bandidos bloqueando as estradas e com a vergonhosa inadimplência da PRF paga pelo povo.', 'authorDisplayName': 'Carlos Hebeche', 'authorProfileImageUrl': 'https://yt3.ggpht.com/ytc/AGIKgqM-lz00mAL7mG_dPbUY_-ASt1OuC-wgQiFIew=s48-c-k-c0x00ffffff-no-rj', 'authorChannelUrl': 'http://www.youtube.com/channel/UC6pQRpo2yiJVgee_OpK66kA', 'authorChannelId': {'value': 'UC6pQRpo2yiJVgee_OpK66kA'}, 'canRate': True, 'viewerRating': 'none', 'likeCount': 0, 'publishedAt': '2022-11-01T11:29:21Z', 'updatedAt': '2022-11-01T11:29:21Z'}}, 'canReply': True, 'totalReplyCount': 0, 'isPublic': True}",,UC6pQRpo2yiJVgee_OpK66kA,2022-11-01T11:29:21Z,"Os empresários donos de frotas de caminhões,  são uns bandidos bloqueando as estradas e com a vergonhosa inadimplência da PRF paga pelo povo.",QURTSl9pMFNUZ0tHMHlNenNzSmVEb3JMZFBfdy1sNnlJMG91aUtuM0p6YjhrX21hWGlyRm9KSko0QW83OVN6cks3YnprLTU4V0JvaGVvTQ==,2023-06-07 12:46:17.464842
youtube#commentThread,p4SLTnm0zvpwlYQLktlbwLTbW3c,UgxOTuIBcdF-DVu9cV94AaABAg,"{'videoId': 'XRYjrJJZAME', 'topLevelComment': {'kind': 'youtube#comment', 'etag': 'hBtZtq9Kx0CYoo_FMerBnG3KeTc', 'id': 'UgxOTuIBcdF-DVu9cV94AaABAg', 'snippet': {'videoId': 'XRYjrJJZAME', 'textDisplay': 'Crime lei neles', 'textOriginal': 'Crime lei neles', 'authorDisplayName': 'Marcio almeida', 'authorProfileImageUrl': 'https://yt3.ggpht.com/ytc/AGIKgqNyE-tYD0pyXf507Tt04ToaSZ-f0hWSFFjZ4A=s48-c-k-c0x00ffffff-no-rj', 'authorChannelUrl': 'http://www.youtube.com/channel/UCgHg7dYzoovU27lzS7ihbDw', 'authorChannelId': {'value': 'UCgHg7dYzoovU27lzS7ihbDw'}, 'canRate': True, 'viewerRating': 'none', 'likeCount': 0, 'publishedAt': '2022-11-01T11:23:36Z', 'updatedAt': '2022-11-01T11:23:36Z'}}, 'canReply': True, 'totalReplyCount': 0, 'isPublic': True}",,UCgHg7dYzoovU27lzS7ihbDw,2022-11-01T11:23:36Z,Crime lei neles,QURTSl9pMFNUZ0tHMHlNenNzSmVEb3JMZFBfdy1sNnlJMG91aUtuM0p6YjhrX21hWGlyRm9KSko0QW83OVN6cks3YnprLTU4V0JvaGVvTQ==,2023-06-07 12:46:17.464842
youtube#commentThread,SsvklxtkNmkITbTBj5XC6Sxs4G4,Ugz-h_v3ZojKfCwzBqp4AaABAg,"{'videoId': 'XRYjrJJZAME', 'topLevelComment': {'kind': 'youtube#comment', 'etag': 'RKs2ad6lz2Wb-3Z7TwLYJT4VTmY', 'id': 'Ugz-h_v3ZojKfCwzBqp4AaABAg', 'snippet': {'videoId': 'XRYjrJJZAME', 'textDisplay': 'Essa gente e criminosa.  Querem ganhar a eleição no grito.', 'textOriginal': 'Essa gente e criminosa.  Querem ganhar a eleição no grito.', 'authorDisplayName': 'Ana Lucia Novelino', 'authorProfileImageUrl': 'https://yt3.ggpht.com/ytc/AGIKgqOAnX5kgpxOJaeXY-E3KkMWpFUy1n207snFrg=s48-c-k-c0x00ffffff-no-rj', 'authorChannelUrl': 'http://www.youtube.com/channel/UC77ONdw7gzJ8s1PeEAybllA', 'authorChannelId': {'value': 'UC77ONdw7gzJ8s1PeEAybllA'}, 'canRate': True, 'viewerRating': 'none', 'likeCount': 0, 'publishedAt': '2022-11-01T10:52:39Z', 'updatedAt': '2022-11-01T10:52:39Z'}}, 'canReply': True, 'totalReplyCount': 0, 'isPublic': True}",,UC77ONdw7gzJ8s1PeEAybllA,2022-11-01T10:52:39Z,Essa gente e criminosa.  Querem ganhar a eleição no grito.,QURTSl9pMFNUZ0tHMHlNenNzSmVEb3JMZFBfdy1sNnlJMG91aUtuM0p6YjhrX21hWGlyRm9KSko0QW83OVN6cks3YnprLTU4V0JvaGVvTQ==,2023-06-07 12:46:17.464842
youtube#commentThread,1p8uzXL7VjkrWNl6MBu-_JWsJbw,UgzIj1h9t2aIusv0LU54AaABAg,"{'videoId': 'XRYjrJJZAME', 'topLevelComment': {'kind': 'youtube#comment', 'etag': 'prRhKvxQO2_cA0cinNq2DItg2Rw', 'id': 'UgzIj1h9t2aIusv0LU54AaABAg', 'snippet': {'videoId': 'XRYjrJJZAME', 'textDisplay': 'Verdade verdadeira', 'textOriginal': 'Verdade verdadeira', 'authorDisplayName': 'Cleuza Oliveira Ulian', 'authorProfileImageUrl': 'https://yt3.ggpht.com/ytc/AGIKgqNLfyFFhU0xh0z5GuQbpqUiia5wu8DYcwTuBnwdoW2KL9mfPebyvpJR-1-HDc1V=s48-c-k-c0x00ffffff-no-rj', 'authorChannelUrl': 'http://www.youtube.com/channel/UCZ_FL_csuuu5yS1CYVEUiLA', 'authorChannelId': {'value': 'UCZ_FL_csuuu5yS1CYVEUiLA'}, 'canRate': True, 'viewerRating': 'none', 'likeCount': 1, 'publishedAt': '2022-11-01T10:51:49Z', 'updatedAt': '2022-11-01T10:51:49Z'}}, 'canReply': True, 'totalReplyCount': 0, 'isPublic': True}",,UCZ_FL_csuuu5yS1CYVEUiLA,2022-11-01T10:51:49Z,Verdade verdadeira,QURTSl9pMFNUZ0tHMHlNenNzSmVEb3JMZFBfdy1sNnlJMG91aUtuM0p6YjhrX21hWGlyRm9KSko0QW83OVN6cks3YnprLTU4V0JvaGVvTQ==,2023-06-07 12:46:17.464842
youtube#commentThread,0zUIAz7rOnCmFoESDfPDEtyjWDo,Ugzakh4Tqh8reKVYq8l4AaABAg,"{'videoId': 'XRYjrJJZAME', 'topLevelComment': {'kind': 'youtube#comment', 'etag': '9XNZKOrgXvWeQdJMPc44FpNZQgI', 'id': 'Ugzakh4Tqh8reKVYq8l4AaABAg', 'snippet': {'videoId': 'XRYjrJJZAME', 'textDisplay': 'QDO ERA JOVEM TIVE ORGULHO DE PARTICIPAR DO ATO CONTRA COLLOR E DAI? O COLLOR TA LA NA ALVORADA INFELIZMENTE O POVO ESQUECE MUITO RÁPIDO', 'textOriginal': 'QDO ERA JOVEM TIVE ORGULHO DE PARTICIPAR DO ATO CONTRA COLLOR E DAI? O COLLOR TA LA NA ALVORADA INFELIZMENTE O POVO ESQUECE MUITO RÁPIDO', 'authorDisplayName': 'Adriana Alves', 'authorProfileImageUrl': 'https://yt3.ggpht.com/ytc/AGIKgqMtmh-GprkOzlejgmyf320Ua8higO94zgz0qOUWhVs=s48-c-k-c0x00ffffff-no-rj', 'authorChannelUrl': 'http://www.youtube.com/channel/UC7JaNjpnPXGP7HgKeoK0Pzg', 'authorChannelId': {'value': 'UC7JaNjpnPXGP7HgKeoK0Pzg'}, 'canRate': True, 'viewerRating': 'none', 'likeCount': 0, 'publishedAt': '2022-11-01T10:51:48Z', 'updatedAt': '2022-11-01T10:51:48Z'}}, 'canReply': True, 'totalReplyCount': 0, 'isPublic': True}",,UC7JaNjpnPXGP7HgKeoK0Pzg,2022-11-01T10:51:48Z,QDO ERA JOVEM TIVE ORGULHO DE PARTICIPAR DO ATO CONTRA COLLOR E DAI? O COLLOR TA LA NA ALVORADA INFELIZMENTE O POVO ESQUECE MUITO RÁPIDO,QURTSl9pMFNUZ0tHMHlNenNzSmVEb3JMZFBfdy1sNnlJMG91aUtuM0p6YjhrX21hWGlyRm9KSko0QW83OVN6cks3YnprLTU4V0JvaGVvTQ==,2023-06-07 12:46:17.464842
youtube#commentThread,IQiqtVt5GDsdHVaYFWQq1BUd5Go,UgzJMB5Uw2EK2MpaO714AaABAg,"{'videoId': 'XRYjrJJZAME', 'topLevelComment': {'kind': 'youtube#comment', 'etag': 'LOj8NN8dEUQ7gwauZxUJuT-paDo', 'id': 'UgzJMB5Uw2EK2MpaO714AaABAg', 'snippet': {'videoId': 'XRYjrJJZAME', 'textDisplay': 'Paulo pimenta isto é por pouco tempo<br>Graças a Deus Lula venceu e Moraes este grande ministro a favor do Brasil<br>Agora só agradecer a DEUS', 'textOriginal': 'Paulo pimenta isto é por pouco tempo\nGraças a Deus Lula venceu e Moraes este grande ministro a favor do Brasil\nAgora só agradecer a DEUS', 'authorDisplayName': 'Irene Nery Santos', 'authorProfileImageUrl': 'https://yt3.ggpht.com/ytc/AGIKgqN4zMnbs7cIsU64H-EbTJxJo0faVeu1pXv9zQ=s48-c-k-c0x00ffffff-no-rj', 'authorChannelUrl': 'http://www.youtube.com/channel/UC1u3ftyNz07GgehP-Vec-CA', 'authorChannelId': {'value': 'UC1u3ftyNz07GgehP-Vec-CA'}, 'canRate': True, 'viewerRating': 'none', 'likeCount': 0, 'publishedAt': '2022-11-01T10:51:36Z', 'updatedAt': '2022-11-01T10:51:36Z'}}, 'canReply': True, 'totalReplyCount': 0, 'isPublic': True}",,UC1u3ftyNz07GgehP-Vec-CA,2022-11-01T10:51:36Z,"Paulo pimenta isto é por pouco tempo
Graças a Deus Lula venceu e Moraes este grande ministro a favor do Brasil
Agora só agradecer a DEUS",QURTSl9pMFNUZ0tHMHlNenNzSmVEb3JMZFBfdy1sNnlJMG91aUtuM0p6YjhrX21hWGlyRm9KSko0QW83OVN6cks3YnprLTU4V0JvaGVvTQ==,2023-06-07 12:46:17.464842
youtube#commentThread,BleMmGIuoADfUABSfdMXt7embwM,UgyWmNcwPpYrV5LBfV94AaABAg,"{'videoId': 'XRYjrJJZAME', 'topLevelComment': {'kind': 'youtube#comment', 'etag': 'SztYvikgIW4jVeY-TEOcYxXAMAA', 'id': 'UgyWmNcwPpYrV5LBfV94AaABAg', 'snippet': {'videoId': 'XRYjrJJZAME', 'textDisplay': 'Verdade verdadeira', 'textOriginal': 'Verdade verdadeira', 'authorDisplayName': 'Cleuza Oliveira Ulian', 'authorProfileImageUrl': 'https://yt3.ggpht.com/ytc/AGIKgqNLfyFFhU0xh0z5GuQbpqUiia5wu8DYcwTuBnwdoW2KL9mfPebyvpJR-1-HDc1V=s48-c-k-c0x00ffffff-no-rj', 'authorChannelUrl': 'http://www.youtube.com/channel/UCZ_FL_csuuu5yS1CYVEUiLA', 'authorChannelId': {'value': 'UCZ_FL_csuuu5yS1CYVEUiLA'}, 'canRate': True, 'viewerRating': 'none', 'likeCount': 0, 'publishedAt': '2022-11-01T10:51:34Z', 'updatedAt': '2022-11-01T10:51:34Z'}}, 'canReply': True, 'totalReplyCount': 0, 'isPublic': True}",,UCZ_FL_csuuu5yS1CYVEUiLA,2022-11-01T10:51:34Z,Verdade verdadeira,QURTSl9pMFNUZ0tHMHlNenNzSmVEb3JMZFBfdy1sNnlJMG91aUtuM0p6YjhrX21hWGlyRm9KSko0QW83OVN6cks3YnprLTU4V0JvaGVvTQ==,2023-06-07 12:46:17.464842
youtube#commentThread,FMMT5uBfIooIOPNE4Z3-ZsTmRLQ,UgzaQxOtk1hcImmt7tZ4AaABAg,"{'videoId': 'XRYjrJJZAME', 'topLevelComment': {'kind': 'youtube#comment', 'etag': 'C45_H-NlQwacXejwzULLUEHS1PE', 'id': 'UgzaQxOtk1hcImmt7tZ4AaABAg', 'snippet': {'videoId': 'XRYjrJJZAME', 'textDisplay': 'Ah, todos já estariam na cadeia.', 'textOriginal': 'Ah, todos já estariam na cadeia.', 'authorDisplayName': 'Elida Clementino', 'authorProfileImageUrl': 'https://yt3.ggpht.com/ytc/AGIKgqNBcdiXwNzm9YDAcVztDtrne2p4gOPVpSkY4g=s48-c-k-c0x00ffffff-no-rj', 'authorChannelUrl': 'http://www.youtube.com/channel/UC7xcClWxmOApnsxy2BH5bLA', 'authorChannelId': {'value': 'UC7xcClWxmOApnsxy2BH5bLA'}, 'canRate': True, 'viewerRating': 'none', 'likeCount': 0, 'publishedAt': '2022-11-01T10:50:55Z', 'updatedAt': '2022-11-01T10:50:55Z'}}, 'canReply': True, 'totalReplyCount': 0, 'isPublic': True}",,UC7xcClWxmOApnsxy2BH5bLA,2022-11-01T10:50:55Z,"Ah, todos já estariam na cadeia.",QURTSl9pMFNUZ0tHMHlNenNzSmVEb3JMZFBfdy1sNnlJMG91aUtuM0p6YjhrX21hWGlyRm9KSko0QW83OVN6cks3YnprLTU4V0JvaGVvTQ==,2023-06-07 12:46:17.464842
youtube#commentThread,avOoi8twJ9ZrVN1uTZWJqcXmVu4,UgzpL_jUtxA9b1rTxzd4AaABAg,"{'videoId': 'XRYjrJJZAME', 'topLevelComment': {'kind': 'youtube#comment', 'etag': 'H8SwDxobJZK8OktjwdLuMvwTV1Q', 'id': 'UgzpL_jUtxA9b1rTxzd4AaABAg', 'snippet': {'videoId': 'XRYjrJJZAME', 'textDisplay': 'POR ORA O LULA ESTÁ ELEITO, MAS SÓ ESTAREMOS LIVRES DO BOLSONARO SE ELE FOR PROCESSADO E CONDENADO. CASO CONTRÁRIO DAQUI HÁ 4 ANOS ELE ESTARÁ DE Volta. ELE TEM BASTANTE APOIO PARA ISSO', 'textOriginal': 'POR ORA O LULA ESTÁ ELEITO, MAS SÓ ESTAREMOS LIVRES DO BOLSONARO SE ELE FOR PROCESSADO E CONDENADO. CASO CONTRÁRIO DAQUI HÁ 4 ANOS ELE ESTARÁ DE Volta. ELE TEM BASTANTE APOIO PARA ISSO', 'authorDisplayName': 'Cláudia Dindi', 'authorProfileImageUrl': 'https://yt3.ggpht.com/XNv6o6mC1b3abcCnbV4ccmc7Pw1KzB3CQivJj2zSR33Fn7JZ2K4lePN5EUAWfxX46pVUbwsriQ=s48-c-k-c0x00ffffff-no-rj', 'authorChannelUrl': 'http://www.youtube.com/channel/UC12OLTVTG-GNTnxrBhlgUvg', 'authorChannelId': {'value': 'UC12OLTVTG-GNTnxrBhlgUvg'}, 'canRate': True, 'viewerRating': 'none', 'likeCount': 0, 'publishedAt': '2022-11-01T10:50:32Z', 'updatedAt': '2022-11-01T10:50:32Z'}}, 'canReply': True, 'totalReplyCount': 0, 'isPublic': True}",,UC12OLTVTG-GNTnxrBhlgUvg,2022-11-01T10:50:32Z,"POR ORA O LULA ESTÁ ELEITO, MAS SÓ ESTAREMOS LIVRES DO BOLSONARO SE ELE FOR PROCESSADO E CONDENADO. CASO CONTRÁRIO DAQUI HÁ 4 ANOS ELE ESTARÁ DE Volta. ELE TEM BASTANTE APOIO PARA ISSO",QURTSl9pMFNUZ0tHMHlNenNzSmVEb3JMZFBfdy1sNnlJMG91aUtuM0p6YjhrX21hWGlyRm9KSko0QW83OVN6cks3YnprLTU4V0JvaGVvTQ==,2023-06-07 12:46:17.464842
youtube#commentThread,3NYwDdHcAZOIZ-8_LPEvwxNBJO0,UgxjWO44fZQ7BFQUEkZ4AaABAg,"{'videoId': 'XRYjrJJZAME', 'topLevelComment': {'kind': 'youtube#comment', 'etag': 'ByMqDMvB0rj_XlN1-2KTKU3BkZ0', 'id': 'UgxjWO44fZQ7BFQUEkZ4AaABAg', 'snippet': {'videoId': 'XRYjrJJZAME', 'textDisplay': 'ESTOU TRISTE PELO MEU BRASIL, NUNCA PENSEI DIZER ISSO... SINTO Q FIZEMOS DEMOCRACIA MAIS AO MESMO TEMPO NÃO SINTO A DEMOCRACIA ACONTECER...', 'textOriginal': 'ESTOU TRISTE PELO MEU BRASIL, NUNCA PENSEI DIZER ISSO... SINTO Q FIZEMOS DEMOCRACIA MAIS AO MESMO TEMPO NÃO SINTO A DEMOCRACIA ACONTECER...', 'authorDisplayName': 'Adriana Alves', 'authorProfileImageUrl': 'https://yt3.ggpht.com/ytc/AGIKgqMtmh-GprkOzlejgmyf320Ua8higO94zgz0qOUWhVs=s48-c-k-c0x00ffffff-no-rj', 'authorChannelUrl': 'http://www.youtube.com/channel/UC7JaNjpnPXGP7HgKeoK0Pzg', 'authorChannelId': {'value': 'UC7JaNjpnPXGP7HgKeoK0Pzg'}, 'canRate': True, 'viewerRating': 'none', 'likeCount': 0, 'publishedAt': '2022-11-01T10:50:20Z', 'updatedAt': '2022-11-01T10:50:20Z'}}, 'canReply': True, 'totalReplyCount': 0, 'isPublic': True}",,UC7JaNjpnPXGP7HgKeoK0Pzg,2022-11-01T10:50:20Z,"ESTOU TRISTE PELO MEU BRASIL, NUNCA PENSEI DIZER ISSO... SINTO Q FIZEMOS DEMOCRACIA MAIS AO MESMO TEMPO NÃO SINTO A DEMOCRACIA ACONTECER...",QURTSl9pMFNUZ0tHMHlNenNzSmVEb3JMZFBfdy1sNnlJMG91aUtuM0p6YjhrX21hWGlyRm9KSko0QW83OVN6cks3YnprLTU4V0JvaGVvTQ==,2023-06-07 12:46:17.464842
youtube#commentThread,DEy5UFFaNkk_9M1bC2EGjN-3OVM,UgwTiYL-EmItLhD3-sx4AaABAg,"{'videoId': 'XRYjrJJZAME', 'topLevelComment': {'kind': 'youtube#comment', 'etag': 'sm1Zlc0PHB4S7eQ3zY3Ynmsp1KM', 'id': 'UgwTiYL-EmItLhD3-sx4AaABAg', 'snippet': {'videoId': 'XRYjrJJZAME', 'textDisplay': 'Pra voltar a ordem no Brasil será que não pode dar um impeachment em Bolsonaro?', 'textOriginal': 'Pra voltar a ordem no Brasil será que não pode dar um impeachment em Bolsonaro?', 'authorDisplayName': 'Elida Clementino', 'authorProfileImageUrl': 'https://yt3.ggpht.com/ytc/AGIKgqNBcdiXwNzm9YDAcVztDtrne2p4gOPVpSkY4g=s48-c-k-c0x00ffffff-no-rj', 'authorChannelUrl': 'http://www.youtube.com/channel/UC7xcClWxmOApnsxy2BH5bLA', 'authorChannelId': {'value': 'UC7xcClWxmOApnsxy2BH5bLA'}, 'canRate': True, 'viewerRating': 'none', 'likeCount': 0, 'publishedAt': '2022-11-01T10:50:01Z', 'updatedAt': '2022-11-01T10:50:01Z'}}, 'canReply': True, 'totalReplyCount': 0, 'isPublic': True}",,UC7xcClWxmOApnsxy2BH5bLA,2022-11-01T10:50:01Z,Pra voltar a ordem no Brasil será que não pode dar um impeachment em Bolsonaro?,QURTSl9pMFNUZ0tHMHlNenNzSmVEb3JMZFBfdy1sNnlJMG91aUtuM0p6YjhrX21hWGlyRm9KSko0QW83OVN6cks3YnprLTU4V0JvaGVvTQ==,2023-06-07 12:46:17.464842
youtube#commentThread,PkZL554g1-gXASQOHkcJSXJnP40,UgxL3DLXklLFJnu4DA14AaABAg,"{'videoId': 'XRYjrJJZAME', 'topLevelComment': {'kind': 'youtube#comment', 'etag': '9rWfaSG40hhX8SPemy5X-QzrhFw', 'id': 'UgxL3DLXklLFJnu4DA14AaABAg', 'snippet': {'videoId': 'XRYjrJJZAME', 'textDisplay': 'E isso que ele chama de democracia caminhoneiros desordeiros', 'textOriginal': 'E isso que ele chama de democracia caminhoneiros desordeiros', 'authorDisplayName': 'Maria ivone Telles', 'authorProfileImageUrl': 'https://yt3.ggpht.com/ytc/AGIKgqORlLTPrpDi0CoiIo-1JxAmxlSiZdubAypWjw=s48-c-k-c0x00ffffff-no-rj', 'authorChannelUrl': 'http://www.youtube.com/channel/UCXxUyyIU2odbeScegETyPOQ', 'authorChannelId': {'value': 'UCXxUyyIU2odbeScegETyPOQ'}, 'canRate': True, 'viewerRating': 'none', 'likeCount': 0, 'publishedAt': '2022-11-01T10:49:48Z', 'updatedAt': '2022-11-01T10:49:48Z'}}, 'canReply': True, 'totalReplyCount': 0, 'isPublic': True}",,UCXxUyyIU2odbeScegETyPOQ,2022-11-01T10:49:48Z,E isso que ele chama de democracia caminhoneiros desordeiros,QURTSl9pMFNUZ0tHMHlNenNzSmVEb3JMZFBfdy1sNnlJMG91aUtuM0p6YjhrX21hWGlyRm9KSko0QW83OVN6cks3YnprLTU4V0JvaGVvTQ==,2023-06-07 12:46:17.464842
youtube#commentThread,4gMFZ9kOeAx_NHKfEWvLh2ohQrw,UgzfOnfydRbtZJlqH4t4AaABAg,"{'videoId': 'XRYjrJJZAME', 'topLevelComment': {'kind': 'youtube#comment', 'etag': '4_092az6Np6wC33xQBO-jeCatqs', 'id': 'UgzfOnfydRbtZJlqH4t4AaABAg', 'snippet': {'videoId': 'XRYjrJJZAME', 'textDisplay': 'Caso o protesto fosse do povo, por qualquer motivo, a polícia já tinha batido de cassetete e posto gás de pimenta nos olhos. São covardes. Precisa haver medidas firmes.', 'textOriginal': 'Caso o protesto fosse do povo, por qualquer motivo, a polícia já tinha batido de cassetete e posto gás de pimenta nos olhos. São covardes. Precisa haver medidas firmes.', 'authorDisplayName': 'Ruth Brayner', 'authorProfileImageUrl': 'https://yt3.ggpht.com/ytc/AGIKgqNCEMjauidEAvabfBnyb8L437a1ZCZ8U-QkZA=s48-c-k-c0x00ffffff-no-rj', 'authorChannelUrl': 'http://www.youtube.com/channel/UCi0vgI9HKrNmTqAQYBcpLkQ', 'authorChannelId': {'value': 'UCi0vgI9HKrNmTqAQYBcpLkQ'}, 'canRate': True, 'viewerRating': 'none', 'likeCount': 1, 'publishedAt': '2022-11-01T10:45:18Z', 'updatedAt': '2022-11-01T10:45:18Z'}}, 'canReply': True, 'totalReplyCount': 0, 'isPublic': True}",,UCi0vgI9HKrNmTqAQYBcpLkQ,2022-11-01T10:45:18Z,"Caso o protesto fosse do povo, por qualquer motivo, a polícia já tinha batido de cassetete e posto gás de pimenta nos olhos. São covardes. Precisa haver medidas firmes.",QURTSl9pMFNUZ0tHMHlNenNzSmVEb3JMZFBfdy1sNnlJMG91aUtuM0p6YjhrX21hWGlyRm9KSko0QW83OVN6cks3YnprLTU4V0JvaGVvTQ==,2023-06-07 12:46:17.464842
youtube#commentThread,O1icZbaBpnGJKDqi5RjQFNwkq2Q,UgwSdd4-2cafvIqkqHt4AaABAg,"{'videoId': 'XRYjrJJZAME', 'topLevelComment': {'kind': 'youtube#comment', 'etag': 'EP4c-hzjQbNz3lRhKB3twUVJ_U8', 'id': 'UgwSdd4-2cafvIqkqHt4AaABAg', 'snippet': {'videoId': 'XRYjrJJZAME', 'textDisplay': 'Isso tdo e coisa do bolsonario e seus empresários.ainda bem q deu lula si nao ninguém iria segura mais.e os tolos caminhoneiros caiarao na dele.triste ver isso mas tem q ser assim', 'textOriginal': 'Isso tdo e coisa do bolsonario e seus empresários.ainda bem q deu lula si nao ninguém iria segura mais.e os tolos caminhoneiros caiarao na dele.triste ver isso mas tem q ser assim', 'authorDisplayName': 'Rafael gemer Souza', 'authorProfileImageUrl': 'https://yt3.ggpht.com/ytc/AGIKgqN8FWxWbKA__bT0EldKumOEMS_OQD4QRzORLdfZHQ=s48-c-k-c0x00ffffff-no-rj', 'authorChannelUrl': 'http://www.youtube.com/channel/UCWX_ItpLqKwDrDxz9SpCgkg', 'authorChannelId': {'value': 'UCWX_ItpLqKwDrDxz9SpCgkg'}, 'canRate': True, 'viewerRating': 'none', 'likeCount': 0, 'publishedAt': '2022-11-01T10:36:35Z', 'updatedAt': '2022-11-01T10:36:35Z'}}, 'canReply': True, 'totalReplyCount': 0, 'isPublic': True}",,UCWX_ItpLqKwDrDxz9SpCgkg,2022-11-01T10:36:35Z,Isso tdo e coisa do bolsonario e seus empresários.ainda bem q deu lula si nao ninguém iria segura mais.e os tolos caminhoneiros caiarao na dele.triste ver isso mas tem q ser assim,QURTSl9pMFNUZ0tHMHlNenNzSmVEb3JMZFBfdy1sNnlJMG91aUtuM0p6YjhrX21hWGlyRm9KSko0QW83OVN6cks3YnprLTU4V0JvaGVvTQ==,2023-06-07 12:46:17.464842
youtube#commentThread,RJebP-6IJEJOnVHozkq3UkTfCM0,Ugyvhf5ogevfPga99k94AaABAg,"{'videoId': 'XRYjrJJZAME', 'topLevelComment': {'kind': 'youtube#comment', 'etag': '2Lrq-6A-HIO2K3-keBOWGnNH_QM', 'id': 'Ugyvhf5ogevfPga99k94AaABAg', 'snippet': {'videoId': 'XRYjrJJZAME', 'textDisplay': 'Vencer com fraude é fácil 🐙 kkkkkk, o Brasil vai resistir!! Cidadão que entende realmente sobre política comunismo e socialismo, jamais vai aceitar esse Larápio no poder!! 🇧🇷🇧🇷🇧🇷', 'textOriginal': 'Vencer com fraude é fácil 🐙 kkkkkk, o Brasil vai resistir!! Cidadão que entende realmente sobre política comunismo e socialismo, jamais vai aceitar esse Larápio no poder!! 🇧🇷🇧🇷🇧🇷', 'authorDisplayName': 'Ayumi Lim', 'authorProfileImageUrl': 'https://yt3.ggpht.com/79X-RMLum4KVcynxFTOPKlas_HiV44dC8M_i9sREpC6dROqcemo5IReQvfFfyYHdUXrvwaXJRT4=s48-c-k-c0x00ffffff-no-rj', 'authorChannelUrl': 'http://www.youtube.com/channel/UCrajxDe-fRRdNgbze9sgULA', 'authorChannelId': {'value': 'UCrajxDe-fRRdNgbze9sgULA'}, 'canRate': True, 'viewerRating': 'none', 'likeCount': 0, 'publishedAt': '2022-11-01T10:32:19Z', 'updatedAt': '2022-11-01T10:32:19Z'}}, 'canReply': True, 'totalReplyCount': 0, 'isPublic': True}",,UCrajxDe-fRRdNgbze9sgULA,2022-11-01T10:32:19Z,"Vencer com fraude é fácil 🐙 kkkkkk, o Brasil vai resistir!! Cidadão que entende realmente sobre política comunismo e socialismo, jamais vai aceitar esse Larápio no poder!! 🇧🇷🇧🇷🇧🇷",QURTSl9pMFNUZ0tHMHlNenNzSmVEb3JMZFBfdy1sNnlJMG91aUtuM0p6YjhrX21hWGlyRm9KSko0QW83OVN6cks3YnprLTU4V0JvaGVvTQ==,2023-06-07 12:46:17.464842
youtube#commentThread,B_GUAVlfLY97MguQ-0pZZWzrTMc,UgwnoeNqRNRq5ZoMFVR4AaABAg,"{'videoId': 'XRYjrJJZAME', 'topLevelComment': {'kind': 'youtube#comment', 'etag': 'SvOVHT_RUGlBLL8hr5Ym2Vb6GxM', 'id': 'UgwnoeNqRNRq5ZoMFVR4AaABAg', 'snippet': {'videoId': 'XRYjrJJZAME', 'textDisplay': 'O antipetismo surgiu com a revolta de  ensino sobre desvios de comportamentos amorais ,com aquelas  exposiciones artísticas, sem censura por idade , de  banheiros sem portas nas escolas infantis , de que gays nasciam gays e já não era por opção, de que ninguém nascia homem ou mulher como se já não existissem mulheres  em trabalhos antes ocupados apenas por homens etc.. os conservadores país teriamm de engolir aquilo pois se tornariam leis, os dias dos pais e das mães já não teriam festinhas nas escolas , não por ter crianças órfãs , mas por ter dois pais  e sendo um o homem trans que alimentaria sei filho com leite não materno ,mas sim humano. Pois isso foi chamado de uma política de inclusão e até teria um kit gay. O antipetismo então votou no Bolsonaro como única oposição. Mas Bolsonaro misturou religião com política e ele mesmo disse que nada sabia de economia mas teria um bom ministério. So que nem todo antipetista era  liberal na economia e sim esperava um desenvolvimento nacional de um estadista. Com o tempo os antipetistas se depararam com Lula novo com vice católico e depois com a frente ampla com Simone tebet ,pdt e Marina. Daí a única opção dos agora anti Bolsonaristas era botar em lula/ e frente smpla. Ora nem todo comprador no Brasil de empresas estatais seriam patriotas ou conservadores senso linberais. Então Lula livre com sua frente ampla e seu discurso de tolerancia e respeito a todos e todas .era o único capaz de ganhar as eleições. E ganhou. <br>O STF garantiu respeito aos votos e segurança jurídica e divulgou lula o novo presidente a tomar posse em janeiro. <br>Bolsonaro tem seus fãs e pode passar a presidência de cabeça erguida porque colocou vários governadores e um novo congresso se formará. Fez o que ainda agradou a direita . Mas os caminhoneiros  Bolsonaristas se revoltaram e  não estão   a aceitar as eleições democráticas  garantidas pelo STF e pelos brasileiros. Não estamos na iminência de um partido ateu comunista do materialismo marxista e sim de jovens que querem proteger a natureza e a ecologia humana frente questões climáticas. Além da maioria de pessoas que querem mudar o artigo a e o para e significar sem gênero. Estes últimos simpatizantes de um governo liberal nos costumes como consideram Lula capaz de uma homogênea cultura. Mundial além da preservação das matas no anseio dê que ela absorberá todo o CO2 que ela já consegue reciclar dentro dela mesma<br>Enfim Bolsonaristas estão  se luto e que aguentem o que virá. E o que veio o transporte de caminhões e carretas a impedir a entrega de mercadorias perecíveis e o impedimento do direito de ir e vir de quem está nas estradas. Bolsonaro deve estar preparando a transição de governo a cumprir que passaria a presidência sem mais a fazer se recolheria e pela idade se aposentaria. <br>Espero que o amor ao próximo prevaleça e que cuidem da parte psicológica do Sr Roberto Jeferson que deveria estar em tratamento  e que ele possa estar em segurança junto a leí e a sua família e bem mentalmente. <br>Quanto aos caminhoneiros a entrega por avião e a reconstrução de estradas de ferro poderá reduzir o poder único dos caminhoneiros nesse país desigual para  garantir a ordem e o desenvolvimento dentro da constituição que merece revisões e leis perfeitas para a estabilidade do povo brasileiro. <br>Não há como estagnar a economía de PIB a atrapalhar o agro e ao mesmo top prezar pela preservação no bioma Floresta equatorial. A floresta tropical no sul da Bahia se foi. Lá ha eucaliptos e fazendas antigas de gado..isso durante anos 2000. Há que se colocar ministros com conhecimento convincente de quanto há de ter o tamanho de um. Bioma para que na sua fisiopatologia possa ser eterno. A floresta está em se clímax ela absorve carbono e após a mortes das espécies vegetais e animais ela conserva sua biodiversidade e e uso social de indígenas. <br>A soberanía e as liberdades democráticas individuais e de grupos.  Que se identifican na diversidade cultural brasileira. <br>Ao Brasil em termos de clima e natureza bela e de sua gente  simples e trabalhadora no campo e na cidade mais cidadania e proteção contra o assédio moral em todos os recintos de trabalho federal, estadual e municipal públicos e pprivados. Um infraestrutura forte e um turismo interno intensificado. Paz e bem e alegrias nas suas manifestações culturais populares e conhecimento das culturas clássicas . A geração dos anos 70 foi exemplar quanto a cultura e conhecimento científico. Conta o aumento da densidade populacional  nos meios urbanos e a volta as casas com quintais e  segurança pública e cidadania para todos. E aos moradores de rua  tratamento hiumanosta e sem obrigatoriedade desde que sejam pessoas sem doenças mentais com pousadas para bajo e cama. Não sei de estou completa aqui na exposição para todas as necessidades. Mas um não a minha casa minha vida na cidade sem empregos e sim terras para plantarem e produzirem para as pessoas das cidades próximas. Desenvolvimento das cidades médias e educação pra todos.', 'textOriginal': 'O antipetismo surgiu com a revolta de  ensino sobre desvios de comportamentos amorais ,com aquelas  exposiciones artísticas, sem censura por idade , de  banheiros sem portas nas escolas infantis , de que gays nasciam gays e já não era por opção, de que ninguém nascia homem ou mulher como se já não existissem mulheres  em trabalhos antes ocupados apenas por homens etc.. os conservadores país teriamm de engolir aquilo pois se tornariam leis, os dias dos pais e das mães já não teriam festinhas nas escolas , não por ter crianças órfãs , mas por ter dois pais  e sendo um o homem trans que alimentaria sei filho com leite não materno ,mas sim humano. Pois isso foi chamado de uma política de inclusão e até teria um kit gay. O antipetismo então votou no Bolsonaro como única oposição. Mas Bolsonaro misturou religião com política e ele mesmo disse que nada sabia de economia mas teria um bom ministério. So que nem todo antipetista era  liberal na economia e sim esperava um desenvolvimento nacional de um estadista. Com o tempo os antipetistas se depararam com Lula novo com vice católico e depois com a frente ampla com Simone tebet ,pdt e Marina. Daí a única opção dos agora anti Bolsonaristas era botar em lula/ e frente smpla. Ora nem todo comprador no Brasil de empresas estatais seriam patriotas ou conservadores senso linberais. Então Lula livre com sua frente ampla e seu discurso de tolerancia e respeito a todos e todas .era o único capaz de ganhar as eleições. E ganhou. \nO STF garantiu respeito aos votos e segurança jurídica e divulgou lula o novo presidente a tomar posse em janeiro. \nBolsonaro tem seus fãs e pode passar a presidência de cabeça erguida porque colocou vários governadores e um novo congresso se formará. Fez o que ainda agradou a direita . Mas os caminhoneiros  Bolsonaristas se revoltaram e  não estão   a aceitar as eleições democráticas  garantidas pelo STF e pelos brasileiros. Não estamos na iminência de um partido ateu comunista do materialismo marxista e sim de jovens que querem proteger a natureza e a ecologia humana frente questões climáticas. Além da maioria de pessoas que querem mudar o artigo a e o para e significar sem gênero. Estes últimos simpatizantes de um governo liberal nos costumes como consideram Lula capaz de uma homogênea cultura. Mundial além da preservação das matas no anseio dê que ela absorberá todo o CO2 que ela já consegue reciclar dentro dela mesma\nEnfim Bolsonaristas estão  se luto e que aguentem o que virá. E o que veio o transporte de caminhões e carretas a impedir a entrega de mercadorias perecíveis e o impedimento do direito de ir e vir de quem está nas estradas. Bolsonaro deve estar preparando a transição de governo a cumprir que passaria a presidência sem mais a fazer se recolheria e pela idade se aposentaria. \nEspero que o amor ao próximo prevaleça e que cuidem da parte psicológica do Sr Roberto Jeferson que deveria estar em tratamento  e que ele possa estar em segurança junto a leí e a sua família e bem mentalmente. \nQuanto aos caminhoneiros a entrega por avião e a reconstrução de estradas de ferro poderá reduzir o poder único dos caminhoneiros nesse país desigual para  garantir a ordem e o desenvolvimento dentro da constituição que merece revisões e leis perfeitas para a estabilidade do povo brasileiro. \nNão há como estagnar a economía de PIB a atrapalhar o agro e ao mesmo top prezar pela preservação no bioma Floresta equatorial. A floresta tropical no sul da Bahia se foi. Lá ha eucaliptos e fazendas antigas de gado..isso durante anos 2000. Há que se colocar ministros com conhecimento convincente de quanto há de ter o tamanho de um. Bioma para que na sua fisiopatologia possa ser eterno. A floresta está em se clímax ela absorve carbono e após a mortes das espécies vegetais e animais ela conserva sua biodiversidade e e uso social de indígenas. \nA soberanía e as liberdades democráticas individuais e de grupos.  Que se identifican na diversidade cultural brasileira. \nAo Brasil em termos de clima e natureza bela e de sua gente  simples e trabalhadora no campo e na cidade mais cidadania e proteção contra o assédio moral em todos os recintos de trabalho federal, estadual e municipal públicos e pprivados. Um infraestrutura forte e um turismo interno intensificado. Paz e bem e alegrias nas suas manifestações culturais populares e conhecimento das culturas clássicas . A geração dos anos 70 foi exemplar quanto a cultura e conhecimento científico. Conta o aumento da densidade populacional  nos meios urbanos e a volta as casas com quintais e  segurança pública e cidadania para todos. E aos moradores de rua  tratamento hiumanosta e sem obrigatoriedade desde que sejam pessoas sem doenças mentais com pousadas para bajo e cama. Não sei de estou completa aqui na exposição para todas as necessidades. Mas um não a minha casa minha vida na cidade sem empregos e sim terras para plantarem e produzirem para as pessoas das cidades próximas. Desenvolvimento das cidades médias e educação pra todos.', 'authorDisplayName': 'Dirce Ribeiro de Melo', 'authorProfileImageUrl': 'https://yt3.ggpht.com/ytc/AGIKgqObebyV177_cYEfElbmmUSm7fP3eoPykk1tv68mkQ=s48-c-k-c0x00ffffff-no-rj', 'authorChannelUrl': 'http://www.youtube.com/channel/UC32vjJkFtoyvQhY3HHeL5IA', 'authorChannelId': {'value': 'UC32vjJkFtoyvQhY3HHeL5IA'}, 'canRate': True, 'viewerRating': 'none', 'likeCount': 0, 'publishedAt': '2022-11-01T10:23:36Z', 'updatedAt': '2022-11-01T10:23:36Z'}}, 'canReply': True, 'totalReplyCount': 0, 'isPublic': True}",,UC32vjJkFtoyvQhY3HHeL5IA,2022-11-01T10:23:36Z,"O antipetismo surgiu com a revolta de  ensino sobre desvios de comportamentos amorais ,com aquelas  exposiciones artísticas, sem censura por idade , de  banheiros sem portas nas escolas infantis , de que gays nasciam gays e já não era por opção, de que ninguém nascia homem ou mulher como se já não existissem mulheres  em trabalhos antes ocupados apenas por homens etc.. os conservadores país teriamm de engolir aquilo pois se tornariam leis, os dias dos pais e das mães já não teriam festinhas nas escolas , não por ter crianças órfãs , mas por ter dois pais  e sendo um o homem trans que alimentaria sei filho com leite não materno ,mas sim humano. Pois isso foi chamado de uma política de inclusão e até teria um kit gay. O antipetismo então votou no Bolsonaro como única oposição. Mas Bolsonaro misturou religião com política e ele mesmo disse que nada sabia de economia mas teria um bom ministério. So que nem todo antipetista era  liberal na economia e sim esperava um desenvolvimento nacional de um estadista. Com o tempo os antipetistas se depararam com Lula novo com vice católico e depois com a frente ampla com Simone tebet ,pdt e Marina. Daí a única opção dos agora anti Bolsonaristas era botar em lula/ e frente smpla. Ora nem todo comprador no Brasil de empresas estatais seriam patriotas ou conservadores senso linberais. Então Lula livre com sua frente ampla e seu discurso de tolerancia e respeito a todos e todas .era o único capaz de ganhar as eleições. E ganhou. 
O STF garantiu respeito aos votos e segurança jurídica e divulgou lula o novo presidente a tomar posse em janeiro. 
Bolsonaro tem seus fãs e pode passar a presidência de cabeça erguida porque colocou vários governadores e um novo congresso se formará. Fez o que ainda agradou a direita . Mas os caminhoneiros  Bolsonaristas se revoltaram e  não estão   a aceitar as eleições democráticas  garantidas pelo STF e pelos brasileiros. Não estamos na iminência de um partido ateu comunista do materialismo marxista e sim de jovens que querem proteger a natureza e a ecologia humana frente questões climáticas. Além da maioria de pessoas que querem mudar o artigo a e o para e significar sem gênero. Estes últimos simpatizantes de um governo liberal nos costumes como consideram Lula capaz de uma homogênea cultura. Mundial além da preservação das matas no anseio dê que ela absorberá todo o CO2 que ela já consegue reciclar dentro dela mesma
Enfim Bolsonaristas estão  se luto e que aguentem o que virá. E o que veio o transporte de caminhões e carretas a impedir a entrega de mercadorias perecíveis e o impedimento do direito de ir e vir de quem está nas estradas. Bolsonaro deve estar preparando a transição de governo a cumprir que passaria a presidência sem mais a fazer se recolheria e pela idade se aposentaria. 
Espero que o amor ao próximo prevaleça e que cuidem da parte psicológica do Sr Roberto Jeferson que deveria estar em tratamento  e que ele possa estar em segurança junto a leí e a sua família e bem mentalmente. 
Quanto aos caminhoneiros a entrega por avião e a reconstrução de estradas de ferro poderá reduzir o poder único dos caminhoneiros nesse país desigual para  garantir a ordem e o desenvolvimento dentro da constituição que merece revisões e leis perfeitas para a estabilidade do povo brasileiro. 
Não há como estagnar a economía de PIB a atrapalhar o agro e ao mesmo top prezar pela preservação no bioma Floresta equatorial. A floresta tropical no sul da Bahia se foi. Lá ha eucaliptos e fazendas antigas de gado..isso durante anos 2000. Há que se colocar ministros com conhecimento convincente de quanto há de ter o tamanho de um. Bioma para que na sua fisiopatologia possa ser eterno. A floresta está em se clímax ela absorve carbono e após a mortes das espécies vegetais e animais ela conserva sua biodiversidade e e uso social de indígenas. 
A soberanía e as liberdades democráticas individuais e de grupos.  Que se identifican na diversidade cultural brasileira. 
Ao Brasil em termos de clima e natureza bela e de sua gente  simples e trabalhadora no campo e na cidade mais cidadania e proteção contra o assédio moral em todos os recintos de trabalho federal, estadual e municipal públicos e pprivados. Um infraestrutura forte e um turismo interno intensificado. Paz e bem e alegrias nas suas manifestações culturais populares e conhecimento das culturas clássicas . A geração dos anos 70 foi exemplar quanto a cultura e conhecimento científico. Conta o aumento da densidade populacional  nos meios urbanos e a volta as casas com quintais e  segurança pública e cidadania para todos. E aos moradores de rua  tratamento hiumanosta e sem obrigatoriedade desde que sejam pessoas sem doenças mentais com pousadas para bajo e cama. Não sei de estou completa aqui na exposição para todas as necessidades. Mas um não a minha casa minha vida na cidade sem empregos e sim terras para plantarem e produzirem para as pessoas das cidades próximas. Desenvolvimento das cidades médias e educação pra todos.",QURTSl9pMFNUZ0tHMHlNenNzSmVEb3JMZFBfdy1sNnlJMG91aUtuM0p6YjhrX21hWGlyRm9KSko0QW83OVN6cks3YnprLTU4V0JvaGVvTQ==,2023-06-07 12:46:17.464842
youtube#commentThread,Ie7d5j4SGzzxIdwPrsvGkI8DdfE,UgzpxSU4cxqqmC4wnml4AaABAg,"{'videoId': 'XRYjrJJZAME', 'topLevelComment': {'kind': 'youtube#comment', 'etag': 'EL1U80EQESD-X-MQ5JNFis1mMI4', 'id': 'UgzpxSU4cxqqmC4wnml4AaABAg', 'snippet': {'videoId': 'XRYjrJJZAME', 'textDisplay': 'Bom dia Paulo ..... Vencemos 🙏... Mas já era de se esperar a desordem do Bolsonaro e as corjas dele que não aceitam que o Brasileiro estava cansado desse desgoverno que só governou o ódio e desordem..... Deus proteja a todos que estão com Lula... abraço ♥️', 'textOriginal': 'Bom dia Paulo ..... Vencemos 🙏... Mas já era de se esperar a desordem do Bolsonaro e as corjas dele que não aceitam que o Brasileiro estava cansado desse desgoverno que só governou o ódio e desordem..... Deus proteja a todos que estão com Lula... abraço ♥️', 'authorDisplayName': 'Ezilda Aparecida', 'authorProfileImageUrl': 'https://yt3.ggpht.com/ytc/AGIKgqMP_JcouxJSGmNGXuq4KJdKuZnnW3xgzD0zvA=s48-c-k-c0x00ffffff-no-rj', 'authorChannelUrl': 'http://www.youtube.com/channel/UCCpZbj_SmNbOsxi2hdbsUMw', 'authorChannelId': {'value': 'UCCpZbj_SmNbOsxi2hdbsUMw'}, 'canRate': True, 'viewerRating': 'none', 'likeCount': 0, 'publishedAt': '2022-11-01T10:23:33Z', 'updatedAt': '2022-11-01T10:23:33Z'}}, 'canReply': True, 'totalReplyCount': 0, 'isPublic': True}",,UCCpZbj_SmNbOsxi2hdbsUMw,2022-11-01T10:23:33Z,Bom dia Paulo ..... Vencemos 🙏... Mas já era de se esperar a desordem do Bolsonaro e as corjas dele que não aceitam que o Brasileiro estava cansado desse desgoverno que só governou o ódio e desordem..... Deus proteja a todos que estão com Lula... abraço ♥️,QURTSl9pMFNUZ0tHMHlNenNzSmVEb3JMZFBfdy1sNnlJMG91aUtuM0p6YjhrX21hWGlyRm9KSko0QW83OVN6cks3YnprLTU4V0JvaGVvTQ==,2023-06-07 12:46:17.464842
youtube#commentThread,FN3HsnCumK1y30Nh6yVeNtlcuC4,UgwmKwunHAfkTfEQYsh4AaABAg,"{'videoId': 'XRYjrJJZAME', 'topLevelComment': {'kind': 'youtube#comment', 'etag': 'kXHxWh7bRhMY-Rjzqiq0C5pGp5c', 'id': 'UgwmKwunHAfkTfEQYsh4AaABAg', 'snippet': {'videoId': 'XRYjrJJZAME', 'textDisplay': 'Verdade   nós  brasileiros  que  elegemos  Lula   ele  tem  que  entregar  a cadeira  para  Lula  nos elegemos  o presidente  Lula', 'textOriginal': 'Verdade   nós  brasileiros  que  elegemos  Lula   ele  tem  que  entregar  a cadeira  para  Lula  nos elegemos  o presidente  Lula', 'authorDisplayName': 'vaneci Silva', 'authorProfileImageUrl': 'https://yt3.ggpht.com/ytc/AGIKgqNKaJbtmhh8x8OO2Cj1p2EgDIh5mvg2n3sMtw=s48-c-k-c0x00ffffff-no-rj', 'authorChannelUrl': 'http://www.youtube.com/channel/UCyvMPC9o8KTEAZloKQtVJ3A', 'authorChannelId': {'value': 'UCyvMPC9o8KTEAZloKQtVJ3A'}, 'canRate': True, 'viewerRating': 'none', 'likeCount': 0, 'publishedAt': '2022-11-01T10:23:29Z', 'updatedAt': '2022-11-01T10:23:29Z'}}, 'canReply': True, 'totalReplyCount': 0, 'isPublic': True}",,UCyvMPC9o8KTEAZloKQtVJ3A,2022-11-01T10:23:29Z,Verdade   nós  brasileiros  que  elegemos  Lula   ele  tem  que  entregar  a cadeira  para  Lula  nos elegemos  o presidente  Lula,QURTSl9pMFNUZ0tHMHlNenNzSmVEb3JMZFBfdy1sNnlJMG91aUtuM0p6YjhrX21hWGlyRm9KSko0QW83OVN6cks3YnprLTU4V0JvaGVvTQ==,2023-06-07 12:46:17.464842
youtube#commentThread,Xtmo2ip6-abmpm5J771IjBwViyk,UgycZudO09xCGUwO1hJ4AaABAg,"{'videoId': 'XRYjrJJZAME', 'topLevelComment': {'kind': 'youtube#comment', 'etag': '9g3s2qCv5gKpAskjWqGP439OQgs', 'id': 'UgycZudO09xCGUwO1hJ4AaABAg', 'snippet': {'videoId': 'XRYjrJJZAME', 'textDisplay': 'Esse Bozo é um palhaço 😡', 'textOriginal': 'Esse Bozo é um palhaço 😡', 'authorDisplayName': 'Eliane Moreno', 'authorProfileImageUrl': 'https://yt3.ggpht.com/ytc/AGIKgqPiC9Wp7z7oih1IXw6w1h6VO6ZvPM_INtHJgA=s48-c-k-c0x00ffffff-no-rj', 'authorChannelUrl': 'http://www.youtube.com/channel/UCg5yjLWzqhxuuKG-XZ8aT3A', 'authorChannelId': {'value': 'UCg5yjLWzqhxuuKG-XZ8aT3A'}, 'canRate': True, 'viewerRating': 'none', 'likeCount': 0, 'publishedAt': '2022-11-01T10:22:52Z', 'updatedAt': '2022-11-01T10:22:52Z'}}, 'canReply': True, 'totalReplyCount': 0, 'isPublic': True}",,UCg5yjLWzqhxuuKG-XZ8aT3A,2022-11-01T10:22:52Z,Esse Bozo é um palhaço 😡,QURTSl9pMFNUZ0tHMHlNenNzSmVEb3JMZFBfdy1sNnlJMG91aUtuM0p6YjhrX21hWGlyRm9KSko0QW83OVN6cks3YnprLTU4V0JvaGVvTQ==,2023-06-07 12:46:17.464842
youtube#commentThread,w-jE0L1amDrEot3LQFAwKT10wPk,UgwsVxXsLowRBBkVa6B4AaABAg,"{'videoId': 'XRYjrJJZAME', 'topLevelComment': {'kind': 'youtube#comment', 'etag': 'LmYkzOMgQnxvdczItt5WRjCipII', 'id': 'UgwsVxXsLowRBBkVa6B4AaABAg', 'snippet': {'videoId': 'XRYjrJJZAME', 'textDisplay': 'Deus nos abençoe,e nos guarde dessa gente do mal.', 'textOriginal': 'Deus nos abençoe,e nos guarde dessa gente do mal.', 'authorDisplayName': 'Vera Muline', 'authorProfileImageUrl': 'https://yt3.ggpht.com/ytc/AGIKgqOhRe30h4J38O_PidvoM9RQ9kthqWUf_ELYF2N5UwETlkg9CWjNYy4cVylNWBrA=s48-c-k-c0x00ffffff-no-rj', 'authorChannelUrl': 'http://www.youtube.com/channel/UCSELSmC7294eZS6IC_eAzag', 'authorChannelId': {'value': 'UCSELSmC7294eZS6IC_eAzag'}, 'canRate': True, 'viewerRating': 'none', 'likeCount': 3, 'publishedAt': '2022-11-01T10:16:18Z', 'updatedAt': '2022-11-01T10:16:18Z'}}, 'canReply': True, 'totalReplyCount': 0, 'isPublic': True}",,UCSELSmC7294eZS6IC_eAzag,2022-11-01T10:16:18Z,"Deus nos abençoe,e nos guarde dessa gente do mal.",QURTSl9pMFNUZ0tHMHlNenNzSmVEb3JMZFBfdy1sNnlJMG91aUtuM0p6YjhrX21hWGlyRm9KSko0QW83OVN6cks3YnprLTU4V0JvaGVvTQ==,2023-06-07 12:46:17.464842
youtube#commentThread,FnBcf1Cn8lHTjFrJE-IHlvqr12k,Ugz5EEh0iB1wB0nmcUp4AaABAg,"{'videoId': 'XRYjrJJZAME', 'topLevelComment': {'kind': 'youtube#comment', 'etag': 'lmfu5EKW81G4C3K-rfhZvbGIl8Q', 'id': 'Ugz5EEh0iB1wB0nmcUp4AaABAg', 'snippet': {'videoId': 'XRYjrJJZAME', 'textDisplay': 'A justiça poderia antecipar a posse de Lula e a PF a prisão da família golpista.', 'textOriginal': 'A justiça poderia antecipar a posse de Lula e a PF a prisão da família golpista.', 'authorDisplayName': 'Eliana Torres', 'authorProfileImageUrl': 'https://yt3.ggpht.com/ssFcAWWKd3BZ2baZNmWwe3bEYPQIZeZEvMimNO0LXIUJREP5aRwwIIIWhyaTNtU9E96ucyEx8w=s48-c-k-c0x00ffffff-no-rj', 'authorChannelUrl': 'http://www.youtube.com/channel/UCJQGqEV4uDxF0Lukvwd2O8A', 'authorChannelId': {'value': 'UCJQGqEV4uDxF0Lukvwd2O8A'}, 'canRate': True, 'viewerRating': 'none', 'likeCount': 0, 'publishedAt': '2022-11-01T10:16:04Z', 'updatedAt': '2022-11-01T10:16:04Z'}}, 'canReply': True, 'totalReplyCount': 0, 'isPublic': True}",,UCJQGqEV4uDxF0Lukvwd2O8A,2022-11-01T10:16:04Z,A justiça poderia antecipar a posse de Lula e a PF a prisão da família golpista.,QURTSl9pMDFUME9QR0ZFdlE2dEVSbXRHMTZ5VjNadk1IM3hhMXc2WTAzSmZRQTZ0TW1WMUtxM2FwQUlpRWtxWkpvQmtaaDJWbXZKa09JZw==,2023-06-07 12:46:19.107698
youtube#commentThread,pUQ-Xjt4EFPlOy4JKT4BCDZu_ds,Ugz2dM6kueTsFatGqfF4AaABAg,"{'videoId': 'XRYjrJJZAME', 'topLevelComment': {'kind': 'youtube#comment', 'etag': '6R9ByeSZjCQFbNRPdpq8BFHQzf4', 'id': 'Ugz2dM6kueTsFatGqfF4AaABAg', 'snippet': {'videoId': 'XRYjrJJZAME', 'textDisplay': 'Mentira de jornalistas comunista Bolsonaro nem se pronuncior esquerda tem que ser estinta só no Brasil que um condenado vira presidente', 'textOriginal': 'Mentira de jornalistas comunista Bolsonaro nem se pronuncior esquerda tem que ser estinta só no Brasil que um condenado vira presidente', 'authorDisplayName': 'Joaopedro Morais', 'authorProfileImageUrl': 'https://yt3.ggpht.com/ytc/AGIKgqNPv3IlBYGj6ReWL9xBALmvgc44rUiY0CVsBCKIHblyHX5Jiiv_5AFOO_DlJjmc=s48-c-k-c0x00ffffff-no-rj', 'authorChannelUrl': 'http://www.youtube.com/channel/UCeO95wnSEkqO-oNa4DikxXg', 'authorChannelId': {'value': 'UCeO95wnSEkqO-oNa4DikxXg'}, 'canRate': True, 'viewerRating': 'none', 'likeCount': 0, 'publishedAt': '2022-11-01T10:11:53Z', 'updatedAt': '2022-11-01T10:11:53Z'}}, 'canReply': True, 'totalReplyCount': 0, 'isPublic': True}",,UCeO95wnSEkqO-oNa4DikxXg,2022-11-01T10:11:53Z,Mentira de jornalistas comunista Bolsonaro nem se pronuncior esquerda tem que ser estinta só no Brasil que um condenado vira presidente,QURTSl9pMDFUME9QR0ZFdlE2dEVSbXRHMTZ5VjNadk1IM3hhMXc2WTAzSmZRQTZ0TW1WMUtxM2FwQUlpRWtxWkpvQmtaaDJWbXZKa09JZw==,2023-06-07 12:46:19.107698
youtube#commentThread,QsGjUQSEa5kYVIu5WGOd6xvbKS4,UgxDJ9zZ84j_21WKS4x4AaABAg,"{'videoId': 'XRYjrJJZAME', 'topLevelComment': {'kind': 'youtube#comment', 'etag': 'gxIgvYhdt31G9bx5poC4nN8bcqE', 'id': 'UgxDJ9zZ84j_21WKS4x4AaABAg', 'snippet': {'videoId': 'XRYjrJJZAME', 'textDisplay': 'verdade o PT sobe perde em 2018 os bosomimo não', 'textOriginal': 'verdade o PT sobe perde em 2018 os bosomimo não', 'authorDisplayName': 'Ieda muniz', 'authorProfileImageUrl': 'https://yt3.ggpht.com/ytc/AGIKgqNIjfuJgqdID565lWbgaI0-r0JoHhU0Y10SnA=s48-c-k-c0x00ffffff-no-rj', 'authorChannelUrl': 'http://www.youtube.com/channel/UC1QscjIzuql2rc2NBtO8JtA', 'authorChannelId': {'value': 'UC1QscjIzuql2rc2NBtO8JtA'}, 'canRate': True, 'viewerRating': 'none', 'likeCount': 0, 'publishedAt': '2022-11-01T10:11:26Z', 'updatedAt': '2022-11-01T10:11:49Z'}}, 'canReply': True, 'totalReplyCount': 0, 'isPublic': True}",,UC1QscjIzuql2rc2NBtO8JtA,2022-11-01T10:11:26Z,verdade o PT sobe perde em 2018 os bosomimo não,QURTSl9pMDFUME9QR0ZFdlE2dEVSbXRHMTZ5VjNadk1IM3hhMXc2WTAzSmZRQTZ0TW1WMUtxM2FwQUlpRWtxWkpvQmtaaDJWbXZKa09JZw==,2023-06-07 12:46:19.107698
youtube#commentThread,VBXOXfjJ6DkdrZoD07KSpLd_CZo,Ugz8i73zreGQMHHU6q54AaABAg,"{'videoId': 'XRYjrJJZAME', 'topLevelComment': {'kind': 'youtube#comment', 'etag': 'B-7pMHAG1t0yfmj04Vlro_luKRM', 'id': 'Ugz8i73zreGQMHHU6q54AaABAg', 'snippet': {'videoId': 'XRYjrJJZAME', 'textDisplay': 'sem dúvida vai ficar na história esse ódio bolsonarista imagina se ganhasse novamente aí sim seria muito pior', 'textOriginal': 'sem dúvida vai ficar na história esse ódio bolsonarista imagina se ganhasse novamente aí sim seria muito pior', 'authorDisplayName': 'Luis Freitas', 'authorProfileImageUrl': 'https://yt3.ggpht.com/ytc/AGIKgqOCnQ4dQ0fOJUwTMlAYTOKOY12Oh6QtFNT5uQ=s48-c-k-c0x00ffffff-no-rj', 'authorChannelUrl': 'http://www.youtube.com/channel/UCBAmBp4im_z3Bd6uK5gXwiA', 'authorChannelId': {'value': 'UCBAmBp4im_z3Bd6uK5gXwiA'}, 'canRate': True, 'viewerRating': 'none', 'likeCount': 0, 'publishedAt': '2022-11-01T10:09:19Z', 'updatedAt': '2022-11-01T10:09:19Z'}}, 'canReply': True, 'totalReplyCount': 0, 'isPublic': True}",,UCBAmBp4im_z3Bd6uK5gXwiA,2022-11-01T10:09:19Z,sem dúvida vai ficar na história esse ódio bolsonarista imagina se ganhasse novamente aí sim seria muito pior,QURTSl9pMDFUME9QR0ZFdlE2dEVSbXRHMTZ5VjNadk1IM3hhMXc2WTAzSmZRQTZ0TW1WMUtxM2FwQUlpRWtxWkpvQmtaaDJWbXZKa09JZw==,2023-06-07 12:46:19.107698
youtube#commentThread,AnLKBwyNqGqotks-7gsMDvhwoUE,UgzljWcDM-W8_G7XyUV4AaABAg,"{'videoId': 'XRYjrJJZAME', 'topLevelComment': {'kind': 'youtube#comment', 'etag': 'pwYLdhtP51oeyMd7voJkmN_7uE0', 'id': 'UgzljWcDM-W8_G7XyUV4AaABAg', 'snippet': {'videoId': 'XRYjrJJZAME', 'textDisplay': 'O silêncio dele sinaliza que ele não aceita a derrota,se ele tivesse ganhado os bolsomaristas iam sair pelas ruas atirando a torto e a direita meu Deus o que esse homem fez plantou o medo e o ódio', 'textOriginal': 'O silêncio dele sinaliza que ele não aceita a derrota,se ele tivesse ganhado os bolsomaristas iam sair pelas ruas atirando a torto e a direita meu Deus o que esse homem fez plantou o medo e o ódio', 'authorDisplayName': 'Sueli Ferreira', 'authorProfileImageUrl': 'https://yt3.ggpht.com/ytc/AGIKgqOQbfuH6S0nobltbyPT7gU1zDSkTnKaqtnMIlDT94oIY_r8tUdEBJr-Pvi4PGUd=s48-c-k-c0x00ffffff-no-rj', 'authorChannelUrl': 'http://www.youtube.com/channel/UCm8o5XjzLeSdV2k0e53ctPA', 'authorChannelId': {'value': 'UCm8o5XjzLeSdV2k0e53ctPA'}, 'canRate': True, 'viewerRating': 'none', 'likeCount': 0, 'publishedAt': '2022-11-01T10:07:31Z', 'updatedAt': '2022-11-01T10:07:31Z'}}, 'canReply': True, 'totalReplyCount': 0, 'isPublic': True}",,UCm8o5XjzLeSdV2k0e53ctPA,2022-11-01T10:07:31Z,"O silêncio dele sinaliza que ele não aceita a derrota,se ele tivesse ganhado os bolsomaristas iam sair pelas ruas atirando a torto e a direita meu Deus o que esse homem fez plantou o medo e o ódio",QURTSl9pMDFUME9QR0ZFdlE2dEVSbXRHMTZ5VjNadk1IM3hhMXc2WTAzSmZRQTZ0TW1WMUtxM2FwQUlpRWtxWkpvQmtaaDJWbXZKa09JZw==,2023-06-07 12:46:19.107698
youtube#commentThread,Ej6n66Bm_diOOxYdA5HElVChJJk,UgyCSsVWM9AJdNOM5Qh4AaABAg,"{'videoId': 'XRYjrJJZAME', 'topLevelComment': {'kind': 'youtube#comment', 'etag': 'l121FYXYSgiyhxUuUs05TOjQlhc', 'id': 'UgyCSsVWM9AJdNOM5Qh4AaABAg', 'snippet': {'videoId': 'XRYjrJJZAME', 'textDisplay': 'É realmente um absurdo o que esses bosonaristas estão fazendo, lmpedido o direito de ir e vir, Revoltante.', 'textOriginal': 'É realmente um absurdo o que esses bosonaristas estão fazendo, lmpedido o direito de ir e vir, Revoltante.', 'authorDisplayName': 'Roberto Peixoto Portella', 'authorProfileImageUrl': 'https://yt3.ggpht.com/ytc/AGIKgqNdZpm6wRqBPD9lKMzcszFBxezJMk0j4Kzzdw=s48-c-k-c0x00ffffff-no-rj', 'authorChannelUrl': 'http://www.youtube.com/channel/UCWA2-IC8SFzXP7Kb8BvLgig', 'authorChannelId': {'value': 'UCWA2-IC8SFzXP7Kb8BvLgig'}, 'canRate': True, 'viewerRating': 'none', 'likeCount': 1, 'publishedAt': '2022-11-01T10:07:04Z', 'updatedAt': '2022-11-01T10:07:04Z'}}, 'canReply': True, 'totalReplyCount': 0, 'isPublic': True}",,UCWA2-IC8SFzXP7Kb8BvLgig,2022-11-01T10:07:04Z,"É realmente um absurdo o que esses bosonaristas estão fazendo, lmpedido o direito de ir e vir, Revoltante.",QURTSl9pMDFUME9QR0ZFdlE2dEVSbXRHMTZ5VjNadk1IM3hhMXc2WTAzSmZRQTZ0TW1WMUtxM2FwQUlpRWtxWkpvQmtaaDJWbXZKa09JZw==,2023-06-07 12:46:19.107698
youtube#commentThread,wexrNackWJnlgC8YNEkcH5XRSUk,Ugx0WWDXs0TEUe3uDI94AaABAg,"{'videoId': 'XRYjrJJZAME', 'topLevelComment': {'kind': 'youtube#comment', 'etag': 'V5d5taTqjDcKU--iwUqEF6lZ6Mo', 'id': 'Ugx0WWDXs0TEUe3uDI94AaABAg', 'snippet': {'videoId': 'XRYjrJJZAME', 'textDisplay': 'LulA👏👏👏👏👏👏👏👏👏👏👏👏👏👏👏👏👏👏👏👏👏👏👏👏👏👏👏👏', 'textOriginal': 'LulA👏👏👏👏👏👏👏👏👏👏👏👏👏👏👏👏👏👏👏👏👏👏👏👏👏👏👏👏', 'authorDisplayName': 'Vane cuña', 'authorProfileImageUrl': 'https://yt3.ggpht.com/ytc/AGIKgqP9tOLKGlw6QM85c7vVCA1vzrma_RqDnGRO0TxM=s48-c-k-c0x00ffffff-no-rj', 'authorChannelUrl': 'http://www.youtube.com/channel/UCnlqtdL_OGmRYDLrOsl6eFA', 'authorChannelId': {'value': 'UCnlqtdL_OGmRYDLrOsl6eFA'}, 'canRate': True, 'viewerRating': 'none', 'likeCount': 0, 'publishedAt': '2022-11-01T10:02:14Z', 'updatedAt': '2022-11-01T10:02:14Z'}}, 'canReply': True, 'totalReplyCount': 0, 'isPublic': True}",,UCnlqtdL_OGmRYDLrOsl6eFA,2022-11-01T10:02:14Z,LulA👏👏👏👏👏👏👏👏👏👏👏👏👏👏👏👏👏👏👏👏👏👏👏👏👏👏👏👏,QURTSl9pMDFUME9QR0ZFdlE2dEVSbXRHMTZ5VjNadk1IM3hhMXc2WTAzSmZRQTZ0TW1WMUtxM2FwQUlpRWtxWkpvQmtaaDJWbXZKa09JZw==,2023-06-07 12:46:19.107698
youtube#commentThread,FIf_gl1gbv-x1jYs5DDCTol5Z1A,UgwDPqcEsn2TvJMVb2t4AaABAg,"{'videoId': 'XRYjrJJZAME', 'topLevelComment': {'kind': 'youtube#comment', 'etag': 'aTEa5WAC-n1dy4D10Jf7X1uzl4o', 'id': 'UgwDPqcEsn2TvJMVb2t4AaABAg', 'snippet': {'videoId': 'XRYjrJJZAME', 'textDisplay': 'Poder judiciario SOCORRE O POVO DO BRASIL', 'textOriginal': 'Poder judiciario SOCORRE O POVO DO BRASIL', 'authorDisplayName': 'Vane cuña', 'authorProfileImageUrl': 'https://yt3.ggpht.com/ytc/AGIKgqP9tOLKGlw6QM85c7vVCA1vzrma_RqDnGRO0TxM=s48-c-k-c0x00ffffff-no-rj', 'authorChannelUrl': 'http://www.youtube.com/channel/UCnlqtdL_OGmRYDLrOsl6eFA', 'authorChannelId': {'value': 'UCnlqtdL_OGmRYDLrOsl6eFA'}, 'canRate': True, 'viewerRating': 'none', 'likeCount': 0, 'publishedAt': '2022-11-01T10:00:40Z', 'updatedAt': '2022-11-01T10:00:40Z'}}, 'canReply': True, 'totalReplyCount': 0, 'isPublic': True}",,UCnlqtdL_OGmRYDLrOsl6eFA,2022-11-01T10:00:40Z,Poder judiciario SOCORRE O POVO DO BRASIL,QURTSl9pMDFUME9QR0ZFdlE2dEVSbXRHMTZ5VjNadk1IM3hhMXc2WTAzSmZRQTZ0TW1WMUtxM2FwQUlpRWtxWkpvQmtaaDJWbXZKa09JZw==,2023-06-07 12:46:19.107698
youtube#commentThread,knIOSADflMBzfw14oKDOYPphe3A,UgyJazSUDdkcSjfydzJ4AaABAg,"{'videoId': 'XRYjrJJZAME', 'topLevelComment': {'kind': 'youtube#comment', 'etag': 'Ojn0bhKDyJfElTVCKbn-x_1Hkr4', 'id': 'UgyJazSUDdkcSjfydzJ4AaABAg', 'snippet': {'videoId': 'XRYjrJJZAME', 'textDisplay': 'Algo tem que ser feito para evitar o golpe que esse presidente desastroso prometeu formentar se fosse obrigado a deixar a mamata. Tem que haver  RESPEITO A CONSTITUIÇÃO E AS LEIS. POR FAVOR FAÇAM ALGO PRA SALVAR A POPULAÇÃO BRASILEIRA DESSE LOUCO E SEUS SEGUIDORES(diga-me com quem andas,que direi quem eres)', 'textOriginal': 'Algo tem que ser feito para evitar o golpe que esse presidente desastroso prometeu formentar se fosse obrigado a deixar a mamata. Tem que haver  RESPEITO A CONSTITUIÇÃO E AS LEIS. POR FAVOR FAÇAM ALGO PRA SALVAR A POPULAÇÃO BRASILEIRA DESSE LOUCO E SEUS SEGUIDORES(diga-me com quem andas,que direi quem eres)', 'authorDisplayName': 'Vane cuña', 'authorProfileImageUrl': 'https://yt3.ggpht.com/ytc/AGIKgqP9tOLKGlw6QM85c7vVCA1vzrma_RqDnGRO0TxM=s48-c-k-c0x00ffffff-no-rj', 'authorChannelUrl': 'http://www.youtube.com/channel/UCnlqtdL_OGmRYDLrOsl6eFA', 'authorChannelId': {'value': 'UCnlqtdL_OGmRYDLrOsl6eFA'}, 'canRate': True, 'viewerRating': 'none', 'likeCount': 1, 'publishedAt': '2022-11-01T10:00:03Z', 'updatedAt': '2022-11-01T10:00:03Z'}}, 'canReply': True, 'totalReplyCount': 0, 'isPublic': True}",,UCnlqtdL_OGmRYDLrOsl6eFA,2022-11-01T10:00:03Z,"Algo tem que ser feito para evitar o golpe que esse presidente desastroso prometeu formentar se fosse obrigado a deixar a mamata. Tem que haver  RESPEITO A CONSTITUIÇÃO E AS LEIS. POR FAVOR FAÇAM ALGO PRA SALVAR A POPULAÇÃO BRASILEIRA DESSE LOUCO E SEUS SEGUIDORES(diga-me com quem andas,que direi quem eres)",QURTSl9pMDFUME9QR0ZFdlE2dEVSbXRHMTZ5VjNadk1IM3hhMXc2WTAzSmZRQTZ0TW1WMUtxM2FwQUlpRWtxWkpvQmtaaDJWbXZKa09JZw==,2023-06-07 12:46:19.107698
youtube#commentThread,Kg4buadihYkfgTd8DABa3RID9qE,UgzrqPQpKKRf42Lu6YB4AaABAg,"{'videoId': 'XRYjrJJZAME', 'topLevelComment': {'kind': 'youtube#comment', 'etag': '2ia9_Y5gnnOX9gUcPr4mrurtRG8', 'id': 'UgzrqPQpKKRf42Lu6YB4AaABAg', 'snippet': {'videoId': 'XRYjrJJZAME', 'textDisplay': 'As pessos que fazen isso  nao pensa nem napropia famila noa consigo entender  tanto odio', 'textOriginal': 'As pessos que fazen isso  nao pensa nem napropia famila noa consigo entender  tanto odio', 'authorDisplayName': 'Sirlei Alvelina de Oliveira', 'authorProfileImageUrl': 'https://yt3.ggpht.com/ytc/AGIKgqNxIWiPBmjE3XjoDPot97YDL3TVndkESoEwqQ=s48-c-k-c0x00ffffff-no-rj', 'authorChannelUrl': 'http://www.youtube.com/channel/UCOwtlWejnlLgM7CJLP8JQSQ', 'authorChannelId': {'value': 'UCOwtlWejnlLgM7CJLP8JQSQ'}, 'canRate': True, 'viewerRating': 'none', 'likeCount': 1, 'publishedAt': '2022-11-01T09:59:39Z', 'updatedAt': '2022-11-01T09:59:39Z'}}, 'canReply': True, 'totalReplyCount': 0, 'isPublic': True}",,UCOwtlWejnlLgM7CJLP8JQSQ,2022-11-01T09:59:39Z,As pessos que fazen isso  nao pensa nem napropia famila noa consigo entender  tanto odio,QURTSl9pMDFUME9QR0ZFdlE2dEVSbXRHMTZ5VjNadk1IM3hhMXc2WTAzSmZRQTZ0TW1WMUtxM2FwQUlpRWtxWkpvQmtaaDJWbXZKa09JZw==,2023-06-07 12:46:19.107698
youtube#commentThread,4rg040VduFQjOjrMJIkwev6LOxQ,Ugw1BlFJfqbtXoBnUUN4AaABAg,"{'videoId': 'XRYjrJJZAME', 'topLevelComment': {'kind': 'youtube#comment', 'etag': 'XKGpoe85v6JXcawO4kH3Pw4hcOM', 'id': 'Ugw1BlFJfqbtXoBnUUN4AaABAg', 'snippet': {'videoId': 'XRYjrJJZAME', 'textDisplay': 'O  povo   mereçer  um   presidente  da  República   ladrão?  Tenho nojo  desse  bode velho  ?atura  4anos   de  roubou  ?', 'textOriginal': 'O  povo   mereçer  um   presidente  da  República   ladrão?  Tenho nojo  desse  bode velho  ?atura  4anos   de  roubou  ?', 'authorDisplayName': 'Rachel Oliveira', 'authorProfileImageUrl': 'https://yt3.ggpht.com/ytc/AGIKgqMnzGRzdCk6v6QHC0jNRuNuQm-gnZRZkZNvvg=s48-c-k-c0x00ffffff-no-rj', 'authorChannelUrl': 'http://www.youtube.com/channel/UC1LdgavL0ppKQe7q2imB7wA', 'authorChannelId': {'value': 'UC1LdgavL0ppKQe7q2imB7wA'}, 'canRate': True, 'viewerRating': 'none', 'likeCount': 0, 'publishedAt': '2022-11-01T09:58:36Z', 'updatedAt': '2022-11-01T09:58:36Z'}}, 'canReply': True, 'totalReplyCount': 0, 'isPublic': True}",,UC1LdgavL0ppKQe7q2imB7wA,2022-11-01T09:58:36Z,O  povo   mereçer  um   presidente  da  República   ladrão?  Tenho nojo  desse  bode velho  ?atura  4anos   de  roubou  ?,QURTSl9pMDFUME9QR0ZFdlE2dEVSbXRHMTZ5VjNadk1IM3hhMXc2WTAzSmZRQTZ0TW1WMUtxM2FwQUlpRWtxWkpvQmtaaDJWbXZKa09JZw==,2023-06-07 12:46:19.107698
youtube#commentThread,uAXOjBmIJHOm5rzqnWEyYXg6NEw,UgwEDFVyTs3AmmHe1Ux4AaABAg,"{'videoId': 'XRYjrJJZAME', 'topLevelComment': {'kind': 'youtube#comment', 'etag': 'RAeGGoNp3wO5UO0WnhTojbSpyZ4', 'id': 'UgwEDFVyTs3AmmHe1Ux4AaABAg', 'snippet': {'videoId': 'XRYjrJJZAME', 'textDisplay': 'Se não queria competir com ladrão ,que o impedisse antes! Agora some como um rato! Ninguém é obrigaddo a pensar ,aceitar as mesmas coisas. Democracia, é democracia!', 'textOriginal': 'Se não queria competir com ladrão ,que o impedisse antes! Agora some como um rato! Ninguém é obrigaddo a pensar ,aceitar as mesmas coisas. Democracia, é democracia!', 'authorDisplayName': 'Julia Ferreira', 'authorProfileImageUrl': 'https://yt3.ggpht.com/ytc/AGIKgqOgI5SnkhvsPi6OP8TPOeB-jWqBiY6-Sxb2wQ=s48-c-k-c0x00ffffff-no-rj', 'authorChannelUrl': 'http://www.youtube.com/channel/UC6hm0NlyZhmQZRav38DrItg', 'authorChannelId': {'value': 'UC6hm0NlyZhmQZRav38DrItg'}, 'canRate': True, 'viewerRating': 'none', 'likeCount': 0, 'publishedAt': '2022-11-01T09:56:55Z', 'updatedAt': '2022-11-01T09:56:55Z'}}, 'canReply': True, 'totalReplyCount': 0, 'isPublic': True}",,UC6hm0NlyZhmQZRav38DrItg,2022-11-01T09:56:55Z,"Se não queria competir com ladrão ,que o impedisse antes! Agora some como um rato! Ninguém é obrigaddo a pensar ,aceitar as mesmas coisas. Democracia, é democracia!",QURTSl9pMDFUME9QR0ZFdlE2dEVSbXRHMTZ5VjNadk1IM3hhMXc2WTAzSmZRQTZ0TW1WMUtxM2FwQUlpRWtxWkpvQmtaaDJWbXZKa09JZw==,2023-06-07 12:46:19.107698
youtube#commentThread,gf7KpwXvIVubSPODz61rOSEGKvo,UgxTH3ToWfygN_Hug2B4AaABAg,"{'videoId': 'XRYjrJJZAME', 'topLevelComment': {'kind': 'youtube#comment', 'etag': 'WK5qW-zZ4HLtcK6gG1YIct0BMZI', 'id': 'UgxTH3ToWfygN_Hug2B4AaABAg', 'snippet': {'videoId': 'XRYjrJJZAME', 'textDisplay': 'Parabéns  Deputado, O Brasil  Precisa,De  Gente Assim, Tamos juntos,', 'textOriginal': 'Parabéns  Deputado, O Brasil  Precisa,De  Gente Assim, Tamos juntos,', 'authorDisplayName': 'Jose Maria', 'authorProfileImageUrl': 'https://yt3.ggpht.com/ytc/AGIKgqMA1w_i70fA9NlI_RqEtrqqB2HfJuFbB2eVrA=s48-c-k-c0x00ffffff-no-rj', 'authorChannelUrl': 'http://www.youtube.com/channel/UCoj10YiQ2F__qXZdStF8nfg', 'authorChannelId': {'value': 'UCoj10YiQ2F__qXZdStF8nfg'}, 'canRate': True, 'viewerRating': 'none', 'likeCount': 1, 'publishedAt': '2022-11-01T09:37:36Z', 'updatedAt': '2022-11-01T09:38:19Z'}}, 'canReply': True, 'totalReplyCount': 0, 'isPublic': True}",,UCoj10YiQ2F__qXZdStF8nfg,2022-11-01T09:37:36Z,"Parabéns  Deputado, O Brasil  Precisa,De  Gente Assim, Tamos juntos,",QURTSl9pMDFUME9QR0ZFdlE2dEVSbXRHMTZ5VjNadk1IM3hhMXc2WTAzSmZRQTZ0TW1WMUtxM2FwQUlpRWtxWkpvQmtaaDJWbXZKa09JZw==,2023-06-07 12:46:19.107698
youtube#commentThread,WCt5xIUtCDYKQ5rIHXgREi1yBb0,Ugzr4QulWUpnSDsyhgp4AaABAg,"{'videoId': 'XRYjrJJZAME', 'topLevelComment': {'kind': 'youtube#comment', 'etag': '2q35LgV3NnEixwp55_bYVoQtpNM', 'id': 'Ugzr4QulWUpnSDsyhgp4AaABAg', 'snippet': {'videoId': 'XRYjrJJZAME', 'textDisplay': 'Cadeia para todos Damares juízo ladrão milícias bolso  pedófilo ladrão fasita besta da mentira fasita para o Brasil não não não pode mais', 'textOriginal': 'Cadeia para todos Damares juízo ladrão milícias bolso  pedófilo ladrão fasita besta da mentira fasita para o Brasil não não não pode mais', 'authorDisplayName': 'Mônica Oliveira', 'authorProfileImageUrl': 'https://yt3.ggpht.com/ytc/AGIKgqMzDFbdajrFO4LyIsrqnGS65Synfhce6JUhxQ=s48-c-k-c0x00ffffff-no-rj', 'authorChannelUrl': 'http://www.youtube.com/channel/UC5uNuUjwzF0jMwzmOdTtE8w', 'authorChannelId': {'value': 'UC5uNuUjwzF0jMwzmOdTtE8w'}, 'canRate': True, 'viewerRating': 'none', 'likeCount': 1, 'publishedAt': '2022-11-01T09:33:23Z', 'updatedAt': '2022-11-01T09:33:23Z'}}, 'canReply': True, 'totalReplyCount': 0, 'isPublic': True}",,UC5uNuUjwzF0jMwzmOdTtE8w,2022-11-01T09:33:23Z,Cadeia para todos Damares juízo ladrão milícias bolso  pedófilo ladrão fasita besta da mentira fasita para o Brasil não não não pode mais,QURTSl9pMDFUME9QR0ZFdlE2dEVSbXRHMTZ5VjNadk1IM3hhMXc2WTAzSmZRQTZ0TW1WMUtxM2FwQUlpRWtxWkpvQmtaaDJWbXZKa09JZw==,2023-06-07 12:46:19.107698
youtube#commentThread,srsqbog_gjyzmQKtRXPrtr-xdkE,Ugz9fKxmKhDj2eM17hB4AaABAg,"{'videoId': 'XRYjrJJZAME', 'topLevelComment': {'kind': 'youtube#comment', 'etag': '0aM5GsRgGDkudLIe6DWxDePjehQ', 'id': 'Ugz9fKxmKhDj2eM17hB4AaABAg', 'snippet': {'videoId': 'XRYjrJJZAME', 'textDisplay': 'Isso eu já sabia que tinha o dedo   e a mão desce homem', 'textOriginal': 'Isso eu já sabia que tinha o dedo   e a mão desce homem', 'authorDisplayName': 'Maria ivone Telles', 'authorProfileImageUrl': 'https://yt3.ggpht.com/ytc/AGIKgqORlLTPrpDi0CoiIo-1JxAmxlSiZdubAypWjw=s48-c-k-c0x00ffffff-no-rj', 'authorChannelUrl': 'http://www.youtube.com/channel/UCXxUyyIU2odbeScegETyPOQ', 'authorChannelId': {'value': 'UCXxUyyIU2odbeScegETyPOQ'}, 'canRate': True, 'viewerRating': 'none', 'likeCount': 0, 'publishedAt': '2022-11-01T09:33:06Z', 'updatedAt': '2022-11-01T09:33:06Z'}}, 'canReply': True, 'totalReplyCount': 0, 'isPublic': True}",,UCXxUyyIU2odbeScegETyPOQ,2022-11-01T09:33:06Z,Isso eu já sabia que tinha o dedo   e a mão desce homem,QURTSl9pMDFUME9QR0ZFdlE2dEVSbXRHMTZ5VjNadk1IM3hhMXc2WTAzSmZRQTZ0TW1WMUtxM2FwQUlpRWtxWkpvQmtaaDJWbXZKa09JZw==,2023-06-07 12:46:19.107698
youtube#commentThread,XRXyupQjDrgKVLfR5Wi84ZH3w9k,UgzXCGu-exgLTszk7Ld4AaABAg,"{'videoId': 'XRYjrJJZAME', 'topLevelComment': {'kind': 'youtube#comment', 'etag': 'cOrG-1xp3X98_xETdyVGu5-kwms', 'id': 'UgzXCGu-exgLTszk7Ld4AaABAg', 'snippet': {'videoId': 'XRYjrJJZAME', 'textDisplay': 'A vitoria do Lula foi linda! Deus abençoe e  proteja a sua jotnada', 'textOriginal': 'A vitoria do Lula foi linda! Deus abençoe e  proteja a sua jotnada', 'authorDisplayName': 'Ana Maria', 'authorProfileImageUrl': 'https://yt3.ggpht.com/ytc/AGIKgqMpT-3ja77l7YBYAUfocgNxPF7F7o1fR6KpyA=s48-c-k-c0x00ffffff-no-rj', 'authorChannelUrl': 'http://www.youtube.com/channel/UCGq4yehIIO4sypHZ2COCkaQ', 'authorChannelId': {'value': 'UCGq4yehIIO4sypHZ2COCkaQ'}, 'canRate': True, 'viewerRating': 'none', 'likeCount': 0, 'publishedAt': '2022-11-01T09:31:09Z', 'updatedAt': '2022-11-01T09:31:09Z'}}, 'canReply': True, 'totalReplyCount': 0, 'isPublic': True}",,UCGq4yehIIO4sypHZ2COCkaQ,2022-11-01T09:31:09Z,A vitoria do Lula foi linda! Deus abençoe e  proteja a sua jotnada,QURTSl9pMDFUME9QR0ZFdlE2dEVSbXRHMTZ5VjNadk1IM3hhMXc2WTAzSmZRQTZ0TW1WMUtxM2FwQUlpRWtxWkpvQmtaaDJWbXZKa09JZw==,2023-06-07 12:46:19.107698
youtube#commentThread,OqM_k8PxFxAbsfquHwUo3ATaF6o,UgyulkeO8TIUFnHecSt4AaABAg,"{'videoId': 'XRYjrJJZAME', 'topLevelComment': {'kind': 'youtube#comment', 'etag': '7EsF0qT9MwaHYX2E2y5CikLNMfg', 'id': 'UgyulkeO8TIUFnHecSt4AaABAg', 'snippet': {'videoId': 'XRYjrJJZAME', 'textDisplay': 'Ele ñ  estimulou nada, o honem depois que terminou as eleições  nem se pronuciou ainda!,faca-me o favo!! Povo atribulado!', 'textOriginal': 'Ele ñ  estimulou nada, o honem depois que terminou as eleições  nem se pronuciou ainda!,faca-me o favo!! Povo atribulado!', 'authorDisplayName': 'Tania Rafael', 'authorProfileImageUrl': 'https://yt3.ggpht.com/ytc/AGIKgqPGW9ICSbCMYgSuzhx6oTNwdMIgNiSWMUBvs1_FhuPm7WGKY3nba3FxsWbolb6N=s48-c-k-c0x00ffffff-no-rj', 'authorChannelUrl': 'http://www.youtube.com/channel/UCAUEAjigYo4JUPnhkWC23Gg', 'authorChannelId': {'value': 'UCAUEAjigYo4JUPnhkWC23Gg'}, 'canRate': True, 'viewerRating': 'none', 'likeCount': 0, 'publishedAt': '2022-11-01T09:28:44Z', 'updatedAt': '2022-11-01T09:28:44Z'}}, 'canReply': True, 'totalReplyCount': 0, 'isPublic': True}",,UCAUEAjigYo4JUPnhkWC23Gg,2022-11-01T09:28:44Z,"Ele ñ  estimulou nada, o honem depois que terminou as eleições  nem se pronuciou ainda!,faca-me o favo!! Povo atribulado!",QURTSl9pMDFUME9QR0ZFdlE2dEVSbXRHMTZ5VjNadk1IM3hhMXc2WTAzSmZRQTZ0TW1WMUtxM2FwQUlpRWtxWkpvQmtaaDJWbXZKa09JZw==,2023-06-07 12:46:19.107698
youtube#commentThread,obVrWd5fZlfKM0aYaZ1POd9r2aY,Ugwbd7aZ_62UPrS0O_p4AaABAg,"{'videoId': 'XRYjrJJZAME', 'topLevelComment': {'kind': 'youtube#comment', 'etag': 'q6abxhxzZqeGntsEtgtDmTmj5IE', 'id': 'Ugwbd7aZ_62UPrS0O_p4AaABAg', 'snippet': {'videoId': 'XRYjrJJZAME', 'textDisplay': 'Minha gente vamos acabar com isso pra quer brigar termos quer aceita o novo presidente o tinha quer perder sim lula ganhou foi porque Deus quis Bolsonaro tem quer aceitar quer perdeu  sim fosse o partido de lula quer tivesse perdido não tava assim porque agente perdeu a quatro anos atrás não teve isso não agora vocês bosonarista fica fazendo  isso nas brstem quer saber perder a Jesus viessi agora acabar com tudo vocês iam fazer o quer meu deus acabem com isso', 'textOriginal': 'Minha gente vamos acabar com isso pra quer brigar termos quer aceita o novo presidente o tinha quer perder sim lula ganhou foi porque Deus quis Bolsonaro tem quer aceitar quer perdeu  sim fosse o partido de lula quer tivesse perdido não tava assim porque agente perdeu a quatro anos atrás não teve isso não agora vocês bosonarista fica fazendo  isso nas brstem quer saber perder a Jesus viessi agora acabar com tudo vocês iam fazer o quer meu deus acabem com isso', 'authorDisplayName': 'Sonia Nogueira', 'authorProfileImageUrl': 'https://yt3.ggpht.com/ytc/AGIKgqNogGH1ZyfzdyAOV552N12LxcLalLclGS6tpg=s48-c-k-c0x00ffffff-no-rj', 'authorChannelUrl': 'http://www.youtube.com/channel/UCBySF8UsMJRNDKUNa48_5-Q', 'authorChannelId': {'value': 'UCBySF8UsMJRNDKUNa48_5-Q'}, 'canRate': True, 'viewerRating': 'none', 'likeCount': 1, 'publishedAt': '2022-11-01T09:27:51Z', 'updatedAt': '2022-11-01T09:27:51Z'}}, 'canReply': True, 'totalReplyCount': 0, 'isPublic': True}",,UCBySF8UsMJRNDKUNa48_5-Q,2022-11-01T09:27:51Z,Minha gente vamos acabar com isso pra quer brigar termos quer aceita o novo presidente o tinha quer perder sim lula ganhou foi porque Deus quis Bolsonaro tem quer aceitar quer perdeu  sim fosse o partido de lula quer tivesse perdido não tava assim porque agente perdeu a quatro anos atrás não teve isso não agora vocês bosonarista fica fazendo  isso nas brstem quer saber perder a Jesus viessi agora acabar com tudo vocês iam fazer o quer meu deus acabem com isso,QURTSl9pMDFUME9QR0ZFdlE2dEVSbXRHMTZ5VjNadk1IM3hhMXc2WTAzSmZRQTZ0TW1WMUtxM2FwQUlpRWtxWkpvQmtaaDJWbXZKa09JZw==,2023-06-07 12:46:19.107698
youtube#commentThread,v94oKgxL-e0MH60D2cXWDeMRsGA,Ugzud4rB5FIGKv6zKMl4AaABAg,"{'videoId': 'XRYjrJJZAME', 'topLevelComment': {'kind': 'youtube#comment', 'etag': 'WUH1pmfZSJWpsTWSTuwun6s-4RA', 'id': 'Ugzud4rB5FIGKv6zKMl4AaABAg', 'snippet': {'videoId': 'XRYjrJJZAME', 'textDisplay': 'Perderam ,tem que aceitar o Brasil é um país democrático', 'textOriginal': 'Perderam ,tem que aceitar o Brasil é um país democrático', 'authorDisplayName': 'lucia Tanaka', 'authorProfileImageUrl': 'https://yt3.ggpht.com/ytc/AGIKgqP2JrdDyFe12KWEqxpHOpfy3ZLF91SAjaHS7w=s48-c-k-c0x00ffffff-no-rj', 'authorChannelUrl': 'http://www.youtube.com/channel/UCUhd_z2VD2dzj3awfEe_ECQ', 'authorChannelId': {'value': 'UCUhd_z2VD2dzj3awfEe_ECQ'}, 'canRate': True, 'viewerRating': 'none', 'likeCount': 0, 'publishedAt': '2022-11-01T09:27:38Z', 'updatedAt': '2022-11-01T09:27:38Z'}}, 'canReply': True, 'totalReplyCount': 0, 'isPublic': True}",,UCUhd_z2VD2dzj3awfEe_ECQ,2022-11-01T09:27:38Z,"Perderam ,tem que aceitar o Brasil é um país democrático",QURTSl9pMDFUME9QR0ZFdlE2dEVSbXRHMTZ5VjNadk1IM3hhMXc2WTAzSmZRQTZ0TW1WMUtxM2FwQUlpRWtxWkpvQmtaaDJWbXZKa09JZw==,2023-06-07 12:46:19.107698
youtube#commentThread,qyxkdwahloOfH0cWcFm6zgGN8u0,UgxQtScdM2mpWnZLtI14AaABAg,"{'videoId': 'XRYjrJJZAME', 'topLevelComment': {'kind': 'youtube#comment', 'etag': '5Dccp-YV9ivrHBGm_VSYqz7tb5c', 'id': 'UgxQtScdM2mpWnZLtI14AaABAg', 'snippet': {'videoId': 'XRYjrJJZAME', 'textDisplay': 'Pimenta. Já não está na hora de acabar com essa  palhaçada do gado nas estradas? À justiça precisa tomar providência.tá na hora de retirar estas pessoas e caminhões das pistas. E. No aeroporto internacional de São Paulo Guarulhos.', 'textOriginal': 'Pimenta. Já não está na hora de acabar com essa  palhaçada do gado nas estradas? À justiça precisa tomar providência.tá na hora de retirar estas pessoas e caminhões das pistas. E. No aeroporto internacional de São Paulo Guarulhos.', 'authorDisplayName': 'lucia Tanaka', 'authorProfileImageUrl': 'https://yt3.ggpht.com/ytc/AGIKgqP2JrdDyFe12KWEqxpHOpfy3ZLF91SAjaHS7w=s48-c-k-c0x00ffffff-no-rj', 'authorChannelUrl': 'http://www.youtube.com/channel/UCUhd_z2VD2dzj3awfEe_ECQ', 'authorChannelId': {'value': 'UCUhd_z2VD2dzj3awfEe_ECQ'}, 'canRate': True, 'viewerRating': 'none', 'likeCount': 1, 'publishedAt': '2022-11-01T09:26:19Z', 'updatedAt': '2022-11-01T09:26:19Z'}}, 'canReply': True, 'totalReplyCount': 0, 'isPublic': True}",,UCUhd_z2VD2dzj3awfEe_ECQ,2022-11-01T09:26:19Z,Pimenta. Já não está na hora de acabar com essa  palhaçada do gado nas estradas? À justiça precisa tomar providência.tá na hora de retirar estas pessoas e caminhões das pistas. E. No aeroporto internacional de São Paulo Guarulhos.,QURTSl9pMDFUME9QR0ZFdlE2dEVSbXRHMTZ5VjNadk1IM3hhMXc2WTAzSmZRQTZ0TW1WMUtxM2FwQUlpRWtxWkpvQmtaaDJWbXZKa09JZw==,2023-06-07 12:46:19.107698
youtube#commentThread,z4BqbfXR-OBg3NUG_3toh9hJ214,UgyP2nykrPeFLnXcoVZ4AaABAg,"{'videoId': 'XRYjrJJZAME', 'topLevelComment': {'kind': 'youtube#comment', 'etag': 'X2FS7T9kr8KeuJt5663TBtS03uU', 'id': 'UgyP2nykrPeFLnXcoVZ4AaABAg', 'snippet': {'videoId': 'XRYjrJJZAME', 'textDisplay': 'Verdade os robô  segue o que manda !', 'textOriginal': 'Verdade os robô  segue o que manda !', 'authorDisplayName': 'Ana Lucia Marques', 'authorProfileImageUrl': 'https://yt3.ggpht.com/ZCmQyAK4b5hgu5CUSf_NaQ_2FwSOsc10hur8ktZZhUuiNhAg0Ez4fi1iTBqT0v6C5-AokJWTkg=s48-c-k-c0x00ffffff-no-rj', 'authorChannelUrl': 'http://www.youtube.com/channel/UCckLg4T8josRyAVmoviFpkw', 'authorChannelId': {'value': 'UCckLg4T8josRyAVmoviFpkw'}, 'canRate': True, 'viewerRating': 'none', 'likeCount': 0, 'publishedAt': '2022-11-01T09:25:27Z', 'updatedAt': '2022-11-01T09:25:27Z'}}, 'canReply': True, 'totalReplyCount': 0, 'isPublic': True}",,UCckLg4T8josRyAVmoviFpkw,2022-11-01T09:25:27Z,Verdade os robô  segue o que manda !,QURTSl9pMDFUME9QR0ZFdlE2dEVSbXRHMTZ5VjNadk1IM3hhMXc2WTAzSmZRQTZ0TW1WMUtxM2FwQUlpRWtxWkpvQmtaaDJWbXZKa09JZw==,2023-06-07 12:46:19.107698
youtube#commentThread,FK2d-v3a9eFZkJnhiAI9PKdsY4s,UgxhpIKRGXB6_elMJUN4AaABAg,"{'videoId': 'XRYjrJJZAME', 'topLevelComment': {'kind': 'youtube#comment', 'etag': 'z1lkMPmji-ZWQzeMKQ3KRhxAyIc', 'id': 'UgxhpIKRGXB6_elMJUN4AaABAg', 'snippet': {'videoId': 'XRYjrJJZAME', 'textDisplay': 'Parabéns pela verdade . parabéns 👏👍💐🌹', 'textOriginal': 'Parabéns pela verdade . parabéns 👏👍💐🌹', 'authorDisplayName': 'Nancy Simoes', 'authorProfileImageUrl': 'https://yt3.ggpht.com/ytc/AGIKgqOv1fIH1LnwR7PEKN570H12_3ExqNHKrdzXJKxvDm3nkTEH0ZDHl_sAlM9wMjcY=s48-c-k-c0x00ffffff-no-rj', 'authorChannelUrl': 'http://www.youtube.com/channel/UC_QSARnw2dX40E0P-SHdXAA', 'authorChannelId': {'value': 'UC_QSARnw2dX40E0P-SHdXAA'}, 'canRate': True, 'viewerRating': 'none', 'likeCount': 1, 'publishedAt': '2022-11-01T09:23:25Z', 'updatedAt': '2022-11-01T09:23:25Z'}}, 'canReply': True, 'totalReplyCount': 0, 'isPublic': True}",,UC_QSARnw2dX40E0P-SHdXAA,2022-11-01T09:23:25Z,Parabéns pela verdade . parabéns 👏👍💐🌹,QURTSl9pMDFUME9QR0ZFdlE2dEVSbXRHMTZ5VjNadk1IM3hhMXc2WTAzSmZRQTZ0TW1WMUtxM2FwQUlpRWtxWkpvQmtaaDJWbXZKa09JZw==,2023-06-07 12:46:19.107698
youtube#commentThread,tEMZkvtuOivoC8FhPItxI-KY_-8,UgyTR7Xg-51FsfofHSN4AaABAg,"{'videoId': 'XRYjrJJZAME', 'topLevelComment': {'kind': 'youtube#comment', 'etag': 'AVTsDvOFZvn4f6ZVI6d8C43pyjw', 'id': 'UgyTR7Xg-51FsfofHSN4AaABAg', 'snippet': {'videoId': 'XRYjrJJZAME', 'textDisplay': 'Isso não é verdade', 'textOriginal': 'Isso não é verdade', 'authorDisplayName': 'Daniela Amor e Paz', 'authorProfileImageUrl': 'https://yt3.ggpht.com/ytc/AGIKgqOx8YhbJE0TzuXl-ziHNZUtCt4rsJHHbs856Cs-AEJG-seAx7eAGKyfVt8qA-vD=s48-c-k-c0x00ffffff-no-rj', 'authorChannelUrl': 'http://www.youtube.com/channel/UCTMTJdeiubDiojdxOv1u00A', 'authorChannelId': {'value': 'UCTMTJdeiubDiojdxOv1u00A'}, 'canRate': True, 'viewerRating': 'none', 'likeCount': 0, 'publishedAt': '2022-11-01T09:22:51Z', 'updatedAt': '2022-11-01T09:22:51Z'}}, 'canReply': True, 'totalReplyCount': 0, 'isPublic': True}",,UCTMTJdeiubDiojdxOv1u00A,2022-11-01T09:22:51Z,Isso não é verdade,QURTSl9pMDFUME9QR0ZFdlE2dEVSbXRHMTZ5VjNadk1IM3hhMXc2WTAzSmZRQTZ0TW1WMUtxM2FwQUlpRWtxWkpvQmtaaDJWbXZKa09JZw==,2023-06-07 12:46:19.107698
youtube#commentThread,3fqKdXYxGehh_glQxHCC-RjiRp8,UgwJNPiqjalHfRFT2kN4AaABAg,"{'videoId': 'XRYjrJJZAME', 'topLevelComment': {'kind': 'youtube#comment', 'etag': 'YGMlrbEGPOI9DjcwA2PRZMn4oTc', 'id': 'UgwJNPiqjalHfRFT2kN4AaABAg', 'snippet': {'videoId': 'XRYjrJJZAME', 'textDisplay': 'Está criatura nefasta precisa sair do poder e ir direto para cadeia.', 'textOriginal': 'Está criatura nefasta precisa sair do poder e ir direto para cadeia.', 'authorDisplayName': 'Neuza Maria', 'authorProfileImageUrl': 'https://yt3.ggpht.com/ytc/AGIKgqOGZbzLgtBNpCdtvGi1VC048_cUCVlkWlSJKx6Xqw=s48-c-k-c0x00ffffff-no-rj', 'authorChannelUrl': 'http://www.youtube.com/channel/UCZ5FFnMZfL5Fwh24JwUp4tA', 'authorChannelId': {'value': 'UCZ5FFnMZfL5Fwh24JwUp4tA'}, 'canRate': True, 'viewerRating': 'none', 'likeCount': 0, 'publishedAt': '2022-11-01T09:20:07Z', 'updatedAt': '2022-11-01T09:20:07Z'}}, 'canReply': True, 'totalReplyCount': 0, 'isPublic': True}",,UCZ5FFnMZfL5Fwh24JwUp4tA,2022-11-01T09:20:07Z,Está criatura nefasta precisa sair do poder e ir direto para cadeia.,QURTSl9pMDFUME9QR0ZFdlE2dEVSbXRHMTZ5VjNadk1IM3hhMXc2WTAzSmZRQTZ0TW1WMUtxM2FwQUlpRWtxWkpvQmtaaDJWbXZKa09JZw==,2023-06-07 12:46:19.107698
youtube#commentThread,PzfrKPg22rxvFeueU_QAC6Cebz8,UgzRd12rf07pNOv87fV4AaABAg,"{'videoId': 'XRYjrJJZAME', 'topLevelComment': {'kind': 'youtube#comment', 'etag': 'L9aFGfKZyot0ZoD3bG84lFFtOjU', 'id': 'UgzRd12rf07pNOv87fV4AaABAg', 'snippet': {'videoId': 'XRYjrJJZAME', 'textDisplay': 'Bom dia. Se tivesse feito uma administração transparente usado o consenso nos gastos respeitando a população investindo no tratamento da pandemia respeitando a população a campanha dele teria sucesso não teria opositor', 'textOriginal': 'Bom dia. Se tivesse feito uma administração transparente usado o consenso nos gastos respeitando a população investindo no tratamento da pandemia respeitando a população a campanha dele teria sucesso não teria opositor', 'authorDisplayName': 'Sílvio César Santos da Silva', 'authorProfileImageUrl': 'https://yt3.ggpht.com/ytc/AGIKgqP1wssGvoawae6xvl93kHBZmn6F3T6Lc2KUNB3I=s48-c-k-c0x00ffffff-no-rj', 'authorChannelUrl': 'http://www.youtube.com/channel/UCzJE1XNdKXNcx9GHIvmPPGQ', 'authorChannelId': {'value': 'UCzJE1XNdKXNcx9GHIvmPPGQ'}, 'canRate': True, 'viewerRating': 'none', 'likeCount': 0, 'publishedAt': '2022-11-01T09:15:17Z', 'updatedAt': '2022-11-01T09:15:17Z'}}, 'canReply': True, 'totalReplyCount': 1, 'isPublic': True}","{'comments': [{'kind': 'youtube#comment', 'etag': 'TXo2KkzgfhMZJd2_yKc5A_4PcLw', 'id': 'UgzRd12rf07pNOv87fV4AaABAg.9hswGEYAnPM9hswxx5S_gQ', 'snippet': {'videoId': 'XRYjrJJZAME', 'textDisplay': 'Bolsonaro plantou ódio arrogância maldade desprezo ele colheu agora isso e o resultado plantou a maldade colheu o mau', 'textOriginal': 'Bolsonaro plantou ódio arrogância maldade desprezo ele colheu agora isso e o resultado plantou a maldade colheu o mau', 'parentId': 'UgzRd12rf07pNOv87fV4AaABAg', 'authorDisplayName': 'Sílvio César Santos da Silva', 'authorProfileImageUrl': 'https://yt3.ggpht.com/ytc/AGIKgqP1wssGvoawae6xvl93kHBZmn6F3T6Lc2KUNB3I=s48-c-k-c0x00ffffff-no-rj', 'authorChannelUrl': 'http://www.youtube.com/channel/UCzJE1XNdKXNcx9GHIvmPPGQ', 'authorChannelId': {'value': 'UCzJE1XNdKXNcx9GHIvmPPGQ'}, 'canRate': True, 'viewerRating': 'none', 'likeCount': 0, 'publishedAt': '2022-11-01T09:21:23Z', 'updatedAt': '2022-11-01T09:21:23Z'}}]}",UCzJE1XNdKXNcx9GHIvmPPGQ,2022-11-01T09:15:17Z,Bom dia. Se tivesse feito uma administração transparente usado o consenso nos gastos respeitando a população investindo no tratamento da pandemia respeitando a população a campanha dele teria sucesso não teria opositor,QURTSl9pMDFUME9QR0ZFdlE2dEVSbXRHMTZ5VjNadk1IM3hhMXc2WTAzSmZRQTZ0TW1WMUtxM2FwQUlpRWtxWkpvQmtaaDJWbXZKa09JZw==,2023-06-07 12:46:19.107698
youtube#commentThread,Smg6oudwjEWdwfJZss3xO9GhapY,Ugx4RQEZgutAyBCYjUx4AaABAg,"{'videoId': 'XRYjrJJZAME', 'topLevelComment': {'kind': 'youtube#comment', 'etag': 'wn-CAU74T1ooxVhbRipm5dRg84Q', 'id': 'Ugx4RQEZgutAyBCYjUx4AaABAg', 'snippet': {'videoId': 'XRYjrJJZAME', 'textDisplay': 'Bolsonaro é muito covarde usa o povo de todas as formas.', 'textOriginal': 'Bolsonaro é muito covarde usa o povo de todas as formas.', 'authorDisplayName': 'Keila  Martins', 'authorProfileImageUrl': 'https://yt3.ggpht.com/ytc/AGIKgqMAVCP99gTPVcHanMkaTfwnJRMHKdMvRlOUYuw5bqdztIXOm3k44BkBRmazwPsQ=s48-c-k-c0x00ffffff-no-rj', 'authorChannelUrl': 'http://www.youtube.com/channel/UCK5b5WHtM_EirHah7BAwKhQ', 'authorChannelId': {'value': 'UCK5b5WHtM_EirHah7BAwKhQ'}, 'canRate': True, 'viewerRating': 'none', 'likeCount': 0, 'publishedAt': '2022-11-01T09:15:12Z', 'updatedAt': '2022-11-01T09:15:12Z'}}, 'canReply': True, 'totalReplyCount': 0, 'isPublic': True}",,UCK5b5WHtM_EirHah7BAwKhQ,2022-11-01T09:15:12Z,Bolsonaro é muito covarde usa o povo de todas as formas.,QURTSl9pMDFUME9QR0ZFdlE2dEVSbXRHMTZ5VjNadk1IM3hhMXc2WTAzSmZRQTZ0TW1WMUtxM2FwQUlpRWtxWkpvQmtaaDJWbXZKa09JZw==,2023-06-07 12:46:19.107698
youtube#commentThread,aoySPr99OgqGFXG4Vo-J3uUQNfQ,Ugy-Pjoq-utg_38aDKl4AaABAg,"{'videoId': 'XRYjrJJZAME', 'topLevelComment': {'kind': 'youtube#comment', 'etag': 'tMMwMoiK_DOKVKNYFxt2dWkzRjI', 'id': 'Ugy-Pjoq-utg_38aDKl4AaABAg', 'snippet': {'videoId': 'XRYjrJJZAME', 'textDisplay': 'O que é pior ?  Uma baderna social cívica, ou uma suprema baderna jurídica ? Pensem nisso!', 'textOriginal': 'O que é pior ?  Uma baderna social cívica, ou uma suprema baderna jurídica ? Pensem nisso!', 'authorDisplayName': 'Ailza Quintanilha Celano', 'authorProfileImageUrl': 'https://yt3.ggpht.com/ytc/AGIKgqOFrqbGVs-LmofIlOWagypiPt-sSzESbmme6A=s48-c-k-c0x00ffffff-no-rj', 'authorChannelUrl': 'http://www.youtube.com/channel/UCUUMC8zPAqr5zpZC4sSoTqA', 'authorChannelId': {'value': 'UCUUMC8zPAqr5zpZC4sSoTqA'}, 'canRate': True, 'viewerRating': 'none', 'likeCount': 0, 'publishedAt': '2022-11-01T09:10:12Z', 'updatedAt': '2022-11-01T09:10:12Z'}}, 'canReply': True, 'totalReplyCount': 0, 'isPublic': True}",,UCUUMC8zPAqr5zpZC4sSoTqA,2022-11-01T09:10:12Z,"O que é pior ?  Uma baderna social cívica, ou uma suprema baderna jurídica ? Pensem nisso!",QURTSl9pMDFUME9QR0ZFdlE2dEVSbXRHMTZ5VjNadk1IM3hhMXc2WTAzSmZRQTZ0TW1WMUtxM2FwQUlpRWtxWkpvQmtaaDJWbXZKa09JZw==,2023-06-07 12:46:19.107698
youtube#commentThread,nLvSIpGAj03ZCyarvc1Rd9X1hW4,UgwVjOusojnE6yzfa9h4AaABAg,"{'videoId': 'XRYjrJJZAME', 'topLevelComment': {'kind': 'youtube#comment', 'etag': 'S3SlpZSSqodFROJ1XpD59W0jCCM', 'id': 'UgwVjOusojnE6yzfa9h4AaABAg', 'snippet': {'videoId': 'XRYjrJJZAME', 'textDisplay': 'Parabéns amigo p luta', 'textOriginal': 'Parabéns amigo p luta', 'authorDisplayName': 'Tade', 'authorProfileImageUrl': 'https://yt3.ggpht.com/uRcIChTcmRrkqrLE2gAQyW91qryf3SN4_CLMkgv2fmnYKrcmEpKXJlvG3Idglt3yARehDgOFlg=s48-c-k-c0x00ffffff-no-rj', 'authorChannelUrl': 'http://www.youtube.com/channel/UCVOfo2d7vPyAyxPrb2JsKpg', 'authorChannelId': {'value': 'UCVOfo2d7vPyAyxPrb2JsKpg'}, 'canRate': True, 'viewerRating': 'none', 'likeCount': 0, 'publishedAt': '2022-11-01T09:09:57Z', 'updatedAt': '2022-11-01T09:09:57Z'}}, 'canReply': True, 'totalReplyCount': 0, 'isPublic': True}",,UCVOfo2d7vPyAyxPrb2JsKpg,2022-11-01T09:09:57Z,Parabéns amigo p luta,QURTSl9pMDFUME9QR0ZFdlE2dEVSbXRHMTZ5VjNadk1IM3hhMXc2WTAzSmZRQTZ0TW1WMUtxM2FwQUlpRWtxWkpvQmtaaDJWbXZKa09JZw==,2023-06-07 12:46:19.107698
youtube#commentThread,q4CqXGYCvdinzKLO8Ht4TspZX7g,UgzA3SaIcJoW6gST6bB4AaABAg,"{'videoId': 'XRYjrJJZAME', 'topLevelComment': {'kind': 'youtube#comment', 'etag': 'ktT78TjL7Zuu1zdHiMcdETxLTm8', 'id': 'UgzA3SaIcJoW6gST6bB4AaABAg', 'snippet': {'videoId': 'XRYjrJJZAME', 'textDisplay': 'A cultura de morte tbm será superada', 'textOriginal': 'A cultura de morte tbm será superada', 'authorDisplayName': 'Antonia Félix Sousa', 'authorProfileImageUrl': 'https://yt3.ggpht.com/ytc/AGIKgqMkkoV_I1NP8lveL22p9QSzENd-ghwC85y0sA=s48-c-k-c0x00ffffff-no-rj', 'authorChannelUrl': 'http://www.youtube.com/channel/UCVpHR8n1vQoYMxWGjU9nhHg', 'authorChannelId': {'value': 'UCVpHR8n1vQoYMxWGjU9nhHg'}, 'canRate': True, 'viewerRating': 'none', 'likeCount': 0, 'publishedAt': '2022-11-01T09:07:27Z', 'updatedAt': '2022-11-01T09:07:27Z'}}, 'canReply': True, 'totalReplyCount': 0, 'isPublic': True}",,UCVpHR8n1vQoYMxWGjU9nhHg,2022-11-01T09:07:27Z,A cultura de morte tbm será superada,QURTSl9pMDFUME9QR0ZFdlE2dEVSbXRHMTZ5VjNadk1IM3hhMXc2WTAzSmZRQTZ0TW1WMUtxM2FwQUlpRWtxWkpvQmtaaDJWbXZKa09JZw==,2023-06-07 12:46:19.107698
youtube#commentThread,2JeoVV9aePvdy_q3HROOuI7l0IU,Ugw_x7AO2dxNH52YiNV4AaABAg,"{'videoId': 'XRYjrJJZAME', 'topLevelComment': {'kind': 'youtube#comment', 'etag': 'nee_xjj924tZ98nX70oNj2zSSf4', 'id': 'Ugw_x7AO2dxNH52YiNV4AaABAg', 'snippet': {'videoId': 'XRYjrJJZAME', 'textDisplay': 'Eu emvip luz e paz', 'textOriginal': 'Eu emvip luz e paz', 'authorDisplayName': 'Antonia Félix Sousa', 'authorProfileImageUrl': 'https://yt3.ggpht.com/ytc/AGIKgqMkkoV_I1NP8lveL22p9QSzENd-ghwC85y0sA=s48-c-k-c0x00ffffff-no-rj', 'authorChannelUrl': 'http://www.youtube.com/channel/UCVpHR8n1vQoYMxWGjU9nhHg', 'authorChannelId': {'value': 'UCVpHR8n1vQoYMxWGjU9nhHg'}, 'canRate': True, 'viewerRating': 'none', 'likeCount': 1, 'publishedAt': '2022-11-01T09:06:29Z', 'updatedAt': '2022-11-01T09:06:29Z'}}, 'canReply': True, 'totalReplyCount': 0, 'isPublic': True}",,UCVpHR8n1vQoYMxWGjU9nhHg,2022-11-01T09:06:29Z,Eu emvip luz e paz,QURTSl9pMDFUME9QR0ZFdlE2dEVSbXRHMTZ5VjNadk1IM3hhMXc2WTAzSmZRQTZ0TW1WMUtxM2FwQUlpRWtxWkpvQmtaaDJWbXZKa09JZw==,2023-06-07 12:46:19.107698
youtube#commentThread,BgckIaqFCHx7FeDbMSz-NZr4cR8,UgxabBTnOjutC5vNgXd4AaABAg,"{'videoId': 'XRYjrJJZAME', 'topLevelComment': {'kind': 'youtube#comment', 'etag': '5D7A3t8QIzJUx7D0iI5z4_lnYc4', 'id': 'UgxabBTnOjutC5vNgXd4AaABAg', 'snippet': {'videoId': 'XRYjrJJZAME', 'textDisplay': 'O amor vence sempre', 'textOriginal': 'O amor vence sempre', 'authorDisplayName': 'Antonia Félix Sousa', 'authorProfileImageUrl': 'https://yt3.ggpht.com/ytc/AGIKgqMkkoV_I1NP8lveL22p9QSzENd-ghwC85y0sA=s48-c-k-c0x00ffffff-no-rj', 'authorChannelUrl': 'http://www.youtube.com/channel/UCVpHR8n1vQoYMxWGjU9nhHg', 'authorChannelId': {'value': 'UCVpHR8n1vQoYMxWGjU9nhHg'}, 'canRate': True, 'viewerRating': 'none', 'likeCount': 0, 'publishedAt': '2022-11-01T09:03:48Z', 'updatedAt': '2022-11-01T09:03:48Z'}}, 'canReply': True, 'totalReplyCount': 0, 'isPublic': True}",,UCVpHR8n1vQoYMxWGjU9nhHg,2022-11-01T09:03:48Z,O amor vence sempre,QURTSl9pMDFUME9QR0ZFdlE2dEVSbXRHMTZ5VjNadk1IM3hhMXc2WTAzSmZRQTZ0TW1WMUtxM2FwQUlpRWtxWkpvQmtaaDJWbXZKa09JZw==,2023-06-07 12:46:19.107698
youtube#commentThread,kQDtSTv_lcQ4zH4v92RNXc0ZAmY,UgwtDGkI7lg0wPsngzZ4AaABAg,"{'videoId': 'XRYjrJJZAME', 'topLevelComment': {'kind': 'youtube#comment', 'etag': 'ovAtVf8_bjKZCvFm8m9_W3SAWj0', 'id': 'UgwtDGkI7lg0wPsngzZ4AaABAg', 'snippet': {'videoId': 'XRYjrJJZAME', 'textDisplay': 'Obrigada deputado Pimenta. Deus te abençoe', 'textOriginal': 'Obrigada deputado Pimenta. Deus te abençoe', 'authorDisplayName': 'Antonia Félix Sousa', 'authorProfileImageUrl': 'https://yt3.ggpht.com/ytc/AGIKgqMkkoV_I1NP8lveL22p9QSzENd-ghwC85y0sA=s48-c-k-c0x00ffffff-no-rj', 'authorChannelUrl': 'http://www.youtube.com/channel/UCVpHR8n1vQoYMxWGjU9nhHg', 'authorChannelId': {'value': 'UCVpHR8n1vQoYMxWGjU9nhHg'}, 'canRate': True, 'viewerRating': 'none', 'likeCount': 0, 'publishedAt': '2022-11-01T09:02:32Z', 'updatedAt': '2022-11-01T09:02:32Z'}}, 'canReply': True, 'totalReplyCount': 0, 'isPublic': True}",,UCVpHR8n1vQoYMxWGjU9nhHg,2022-11-01T09:02:32Z,Obrigada deputado Pimenta. Deus te abençoe,QURTSl9pMDFUME9QR0ZFdlE2dEVSbXRHMTZ5VjNadk1IM3hhMXc2WTAzSmZRQTZ0TW1WMUtxM2FwQUlpRWtxWkpvQmtaaDJWbXZKa09JZw==,2023-06-07 12:46:19.107698
youtube#commentThread,2r3SmQ-O_t8oEPlfG8ayCpqR8iA,UgwlfiiTcxZ03OjNOEd4AaABAg,"{'videoId': 'XRYjrJJZAME', 'topLevelComment': {'kind': 'youtube#comment', 'etag': 'WyUIMO3z4Y9F8dHqxvP3tbxND4s', 'id': 'UgwlfiiTcxZ03OjNOEd4AaABAg', 'snippet': {'videoId': 'XRYjrJJZAME', 'textDisplay': 'Vamos superar tbm este momento. A cura está estabelecida. Será geral', 'textOriginal': 'Vamos superar tbm este momento. A cura está estabelecida. Será geral', 'authorDisplayName': 'Antonia Félix Sousa', 'authorProfileImageUrl': 'https://yt3.ggpht.com/ytc/AGIKgqMkkoV_I1NP8lveL22p9QSzENd-ghwC85y0sA=s48-c-k-c0x00ffffff-no-rj', 'authorChannelUrl': 'http://www.youtube.com/channel/UCVpHR8n1vQoYMxWGjU9nhHg', 'authorChannelId': {'value': 'UCVpHR8n1vQoYMxWGjU9nhHg'}, 'canRate': True, 'viewerRating': 'none', 'likeCount': 1, 'publishedAt': '2022-11-01T09:01:55Z', 'updatedAt': '2022-11-01T09:01:55Z'}}, 'canReply': True, 'totalReplyCount': 0, 'isPublic': True}",,UCVpHR8n1vQoYMxWGjU9nhHg,2022-11-01T09:01:55Z,Vamos superar tbm este momento. A cura está estabelecida. Será geral,QURTSl9pMDFUME9QR0ZFdlE2dEVSbXRHMTZ5VjNadk1IM3hhMXc2WTAzSmZRQTZ0TW1WMUtxM2FwQUlpRWtxWkpvQmtaaDJWbXZKa09JZw==,2023-06-07 12:46:19.107698
youtube#commentThread,bC6J-74-fnN3oj3Sk0CLTDR1niE,UgybRPN__B6tI1yU_d14AaABAg,"{'videoId': 'XRYjrJJZAME', 'topLevelComment': {'kind': 'youtube#comment', 'etag': '98Lgv4F0kBXdVNpjpQDTgXT4M0k', 'id': 'UgybRPN__B6tI1yU_d14AaABAg', 'snippet': {'videoId': 'XRYjrJJZAME', 'textDisplay': 'SENHOR DEUS ESTENDA VOSSAS MÃOS SANTAS E PODEROSAS SOBRE NOSSO BRASIL', 'textOriginal': 'SENHOR DEUS ESTENDA VOSSAS MÃOS SANTAS E PODEROSAS SOBRE NOSSO BRASIL', 'authorDisplayName': 'Alice Nunes De Oliveira Carneiro', 'authorProfileImageUrl': 'https://yt3.ggpht.com/ytc/AGIKgqOr7vYOFqfaiqI8Q2XmdZ3aaB1OJTSU2Z6bvd2O5Q=s48-c-k-c0x00ffffff-no-rj', 'authorChannelUrl': 'http://www.youtube.com/channel/UCxZarJZIUMHG75ULekPI3ZA', 'authorChannelId': {'value': 'UCxZarJZIUMHG75ULekPI3ZA'}, 'canRate': True, 'viewerRating': 'none', 'likeCount': 1, 'publishedAt': '2022-11-01T08:50:21Z', 'updatedAt': '2022-11-01T08:50:21Z'}}, 'canReply': True, 'totalReplyCount': 0, 'isPublic': True}",,UCxZarJZIUMHG75ULekPI3ZA,2022-11-01T08:50:21Z,SENHOR DEUS ESTENDA VOSSAS MÃOS SANTAS E PODEROSAS SOBRE NOSSO BRASIL,QURTSl9pMDFUME9QR0ZFdlE2dEVSbXRHMTZ5VjNadk1IM3hhMXc2WTAzSmZRQTZ0TW1WMUtxM2FwQUlpRWtxWkpvQmtaaDJWbXZKa09JZw==,2023-06-07 12:46:19.107698
youtube#commentThread,iUASU0JJX8SiU1Lu2JA4z7gshAQ,Ugye59RQrMzAGmf2tzZ4AaABAg,"{'videoId': 'XRYjrJJZAME', 'topLevelComment': {'kind': 'youtube#comment', 'etag': 'x0Rtku5xk_WysL2yK2YMZjnks8Q', 'id': 'Ugye59RQrMzAGmf2tzZ4AaABAg', 'snippet': {'videoId': 'XRYjrJJZAME', 'textDisplay': 'Pioneiro nas lives contra o bolsonarismo...', 'textOriginal': 'Pioneiro nas lives contra o bolsonarismo...', 'authorDisplayName': 'joão agripino', 'authorProfileImageUrl': 'https://yt3.ggpht.com/ytc/AGIKgqMscrio3ZCMLwZuYzalJbN383S6tv_iX80BNA=s48-c-k-c0x00ffffff-no-rj', 'authorChannelUrl': 'http://www.youtube.com/channel/UCgqK164H79HPF8WSlmxYebA', 'authorChannelId': {'value': 'UCgqK164H79HPF8WSlmxYebA'}, 'canRate': True, 'viewerRating': 'none', 'likeCount': 0, 'publishedAt': '2022-11-01T08:49:24Z', 'updatedAt': '2022-11-01T08:49:24Z'}}, 'canReply': True, 'totalReplyCount': 0, 'isPublic': True}",,UCgqK164H79HPF8WSlmxYebA,2022-11-01T08:49:24Z,Pioneiro nas lives contra o bolsonarismo...,QURTSl9pMDFUME9QR0ZFdlE2dEVSbXRHMTZ5VjNadk1IM3hhMXc2WTAzSmZRQTZ0TW1WMUtxM2FwQUlpRWtxWkpvQmtaaDJWbXZKa09JZw==,2023-06-07 12:46:19.107698
youtube#commentThread,2tbWGY8nSf2fYmnYqQ0zgTtKZyE,UgzIyiw4X5ddho6ltrR4AaABAg,"{'videoId': 'XRYjrJJZAME', 'topLevelComment': {'kind': 'youtube#comment', 'etag': 'XAeUuiow0xRe0Djq-I4vfVh2O14', 'id': 'UgzIyiw4X5ddho6ltrR4AaABAg', 'snippet': {'videoId': 'XRYjrJJZAME', 'textDisplay': 'Bolsonaro não vale nada, a democracia venceu, vão trabalhar cambada de gente desocupada', 'textOriginal': 'Bolsonaro não vale nada, a democracia venceu, vão trabalhar cambada de gente desocupada', 'authorDisplayName': 'Valdecir Kissner', 'authorProfileImageUrl': 'https://yt3.ggpht.com/ytc/AGIKgqPgbjFtVQKdt79KvtquURxQI3FheAnd1V1nYVaaGQ=s48-c-k-c0x00ffffff-no-rj', 'authorChannelUrl': 'http://www.youtube.com/channel/UC1inmXyYFUUsu0anu6fsP1g', 'authorChannelId': {'value': 'UC1inmXyYFUUsu0anu6fsP1g'}, 'canRate': True, 'viewerRating': 'none', 'likeCount': 0, 'publishedAt': '2022-11-01T08:44:23Z', 'updatedAt': '2022-11-01T08:44:23Z'}}, 'canReply': True, 'totalReplyCount': 0, 'isPublic': True}",,UC1inmXyYFUUsu0anu6fsP1g,2022-11-01T08:44:23Z,"Bolsonaro não vale nada, a democracia venceu, vão trabalhar cambada de gente desocupada",QURTSl9pMDFUME9QR0ZFdlE2dEVSbXRHMTZ5VjNadk1IM3hhMXc2WTAzSmZRQTZ0TW1WMUtxM2FwQUlpRWtxWkpvQmtaaDJWbXZKa09JZw==,2023-06-07 12:46:19.107698
youtube#commentThread,unwR3ttaVTu7V1klkkgRidD-D5Y,UgwGbc7lgfGB5EM7R9Z4AaABAg,"{'videoId': 'XRYjrJJZAME', 'topLevelComment': {'kind': 'youtube#comment', 'etag': 'xkrHs7czDUWcLZ206qmg-oeWaTM', 'id': 'UgwGbc7lgfGB5EM7R9Z4AaABAg', 'snippet': {'videoId': 'XRYjrJJZAME', 'textDisplay': 'Messagem quê deixá os brasileiros mais aliviados quê à justiça seja feita com sucesso', 'textOriginal': 'Messagem quê deixá os brasileiros mais aliviados quê à justiça seja feita com sucesso', 'authorDisplayName': 'Luciana Silva', 'authorProfileImageUrl': 'https://yt3.ggpht.com/ytc/AGIKgqMAlYUFPrs5Kd-YqxvzXpt-KrGxuvFD9uvWQQ=s48-c-k-c0x00ffffff-no-rj', 'authorChannelUrl': 'http://www.youtube.com/channel/UCe7oHeLMaC8nWu75ft1RrJA', 'authorChannelId': {'value': 'UCe7oHeLMaC8nWu75ft1RrJA'}, 'canRate': True, 'viewerRating': 'none', 'likeCount': 3, 'publishedAt': '2022-11-01T08:43:44Z', 'updatedAt': '2022-11-01T08:43:44Z'}}, 'canReply': True, 'totalReplyCount': 0, 'isPublic': True}",,UCe7oHeLMaC8nWu75ft1RrJA,2022-11-01T08:43:44Z,Messagem quê deixá os brasileiros mais aliviados quê à justiça seja feita com sucesso,QURTSl9pMDFUME9QR0ZFdlE2dEVSbXRHMTZ5VjNadk1IM3hhMXc2WTAzSmZRQTZ0TW1WMUtxM2FwQUlpRWtxWkpvQmtaaDJWbXZKa09JZw==,2023-06-07 12:46:19.107698
youtube#commentThread,KnAWLX2-nruBg7xIxPA4E30AtA0,UgyEKrF7SDVWTFmfoQx4AaABAg,"{'videoId': 'XRYjrJJZAME', 'topLevelComment': {'kind': 'youtube#comment', 'etag': '3X-FkNfzlwBfFWEBO8DBEDCMvz8', 'id': 'UgyEKrF7SDVWTFmfoQx4AaABAg', 'snippet': {'videoId': 'XRYjrJJZAME', 'textDisplay': 'Bolsonaro? Não seriam os milicos?', 'textOriginal': 'Bolsonaro? Não seriam os milicos?', 'authorDisplayName': 'Francisco Garcia', 'authorProfileImageUrl': 'https://yt3.ggpht.com/ytc/AGIKgqNY0xEhb-cJHK6BdZkXLbnZbhu0fbfSyNqhbg=s48-c-k-c0x00ffffff-no-rj', 'authorChannelUrl': 'http://www.youtube.com/channel/UCXOagr_ePKRlhs04lFUndFw', 'authorChannelId': {'value': 'UCXOagr_ePKRlhs04lFUndFw'}, 'canRate': True, 'viewerRating': 'none', 'likeCount': 0, 'publishedAt': '2022-11-01T08:41:46Z', 'updatedAt': '2022-11-01T08:41:46Z'}}, 'canReply': True, 'totalReplyCount': 0, 'isPublic': True}",,UCXOagr_ePKRlhs04lFUndFw,2022-11-01T08:41:46Z,Bolsonaro? Não seriam os milicos?,QURTSl9pMDFUME9QR0ZFdlE2dEVSbXRHMTZ5VjNadk1IM3hhMXc2WTAzSmZRQTZ0TW1WMUtxM2FwQUlpRWtxWkpvQmtaaDJWbXZKa09JZw==,2023-06-07 12:46:19.107698
youtube#commentThread,zSidM4As_1-cfVJL24gUWaXIfaU,UgwgtufaFGIakPuIRgJ4AaABAg,"{'videoId': 'XRYjrJJZAME', 'topLevelComment': {'kind': 'youtube#comment', 'etag': '6gE9eADo4dG-YfPdDrq4FBONK-A', 'id': 'UgwgtufaFGIakPuIRgJ4AaABAg', 'snippet': {'videoId': 'XRYjrJJZAME', 'textDisplay': 'Isso e um sinal do derrotado essa greve desses indiotas apolicia tem q.usar a forca', 'textOriginal': 'Isso e um sinal do derrotado essa greve desses indiotas apolicia tem q.usar a forca', 'authorDisplayName': 'Mardem Gomes', 'authorProfileImageUrl': 'https://yt3.ggpht.com/ytc/AGIKgqMCGNc9y8EzdGcLcLgAy09rSkcIaIOnlfRgug=s48-c-k-c0x00ffffff-no-rj', 'authorChannelUrl': 'http://www.youtube.com/channel/UCwpEeIVp5YK9fVi8aKzGgfQ', 'authorChannelId': {'value': 'UCwpEeIVp5YK9fVi8aKzGgfQ'}, 'canRate': True, 'viewerRating': 'none', 'likeCount': 0, 'publishedAt': '2022-11-01T08:34:35Z', 'updatedAt': '2022-11-01T08:34:35Z'}}, 'canReply': True, 'totalReplyCount': 0, 'isPublic': True}",,UCwpEeIVp5YK9fVi8aKzGgfQ,2022-11-01T08:34:35Z,Isso e um sinal do derrotado essa greve desses indiotas apolicia tem q.usar a forca,QURTSl9pMDFUME9QR0ZFdlE2dEVSbXRHMTZ5VjNadk1IM3hhMXc2WTAzSmZRQTZ0TW1WMUtxM2FwQUlpRWtxWkpvQmtaaDJWbXZKa09JZw==,2023-06-07 12:46:19.107698
youtube#commentThread,XUyyCn1FbrZ-COr3ZqAbGuNltEM,Ugyh2WCP-nU9u_b72iF4AaABAg,"{'videoId': 'XRYjrJJZAME', 'topLevelComment': {'kind': 'youtube#comment', 'etag': 'hs8_luMpXtLtr4vkO6MYnYaD_9U', 'id': 'Ugyh2WCP-nU9u_b72iF4AaABAg', 'snippet': {'videoId': 'XRYjrJJZAME', 'textDisplay': 'Os motoristas estão obedecendo ordem dos patrões estão brincando com fogo são usados como testa de ferro.', 'textOriginal': 'Os motoristas estão obedecendo ordem dos patrões estão brincando com fogo são usados como testa de ferro.', 'authorDisplayName': 'teresinha lurdes', 'authorProfileImageUrl': 'https://yt3.ggpht.com/ytc/AGIKgqMQaiX3udazKrJ_TRFQUAjxanhZv4UU7e9tJg=s48-c-k-c0x00ffffff-no-rj', 'authorChannelUrl': 'http://www.youtube.com/channel/UCiDF5l_hRCrSFWGfuBogmzQ', 'authorChannelId': {'value': 'UCiDF5l_hRCrSFWGfuBogmzQ'}, 'canRate': True, 'viewerRating': 'none', 'likeCount': 0, 'publishedAt': '2022-11-01T08:28:40Z', 'updatedAt': '2022-11-01T08:28:40Z'}}, 'canReply': True, 'totalReplyCount': 0, 'isPublic': True}",,UCiDF5l_hRCrSFWGfuBogmzQ,2022-11-01T08:28:40Z,Os motoristas estão obedecendo ordem dos patrões estão brincando com fogo são usados como testa de ferro.,QURTSl9pMDFUME9QR0ZFdlE2dEVSbXRHMTZ5VjNadk1IM3hhMXc2WTAzSmZRQTZ0TW1WMUtxM2FwQUlpRWtxWkpvQmtaaDJWbXZKa09JZw==,2023-06-07 12:46:19.107698
youtube#commentThread,wiEBUHPBeXcgqUrCy7VpkxMB1P4,Ugx6q8SAXouRbIpBXMJ4AaABAg,"{'videoId': 'XRYjrJJZAME', 'topLevelComment': {'kind': 'youtube#comment', 'etag': '4hJ2O3WHT50ejISiRlq8BcZshPs', 'id': 'Ugx6q8SAXouRbIpBXMJ4AaABAg', 'snippet': {'videoId': 'XRYjrJJZAME', 'textDisplay': '👏👏👏👏🇧🇷⭐✌️✌️✌️', 'textOriginal': '👏👏👏👏🇧🇷⭐✌️✌️✌️', 'authorDisplayName': 'Adriana Martins', 'authorProfileImageUrl': 'https://yt3.ggpht.com/ytc/AGIKgqMfB1YWGsToQ7Xlg_BmrHx_FT7UlSm9xJyCKVPrVQ=s48-c-k-c0x00ffffff-no-rj', 'authorChannelUrl': 'http://www.youtube.com/channel/UChAT6GAbX91nuLvWoQ1IaHA', 'authorChannelId': {'value': 'UChAT6GAbX91nuLvWoQ1IaHA'}, 'canRate': True, 'viewerRating': 'none', 'likeCount': 1, 'publishedAt': '2022-11-01T08:28:01Z', 'updatedAt': '2022-11-01T08:28:01Z'}}, 'canReply': True, 'totalReplyCount': 0, 'isPublic': True}",,UChAT6GAbX91nuLvWoQ1IaHA,2022-11-01T08:28:01Z,👏👏👏👏🇧🇷⭐✌️✌️✌️,QURTSl9pMDFUME9QR0ZFdlE2dEVSbXRHMTZ5VjNadk1IM3hhMXc2WTAzSmZRQTZ0TW1WMUtxM2FwQUlpRWtxWkpvQmtaaDJWbXZKa09JZw==,2023-06-07 12:46:19.107698
youtube#commentThread,X0h-GbemKvVR6kc2sQoJ9WwFPVI,UgxglYjb2wc7B81BYq94AaABAg,"{'videoId': 'XRYjrJJZAME', 'topLevelComment': {'kind': 'youtube#comment', 'etag': 'dbOetUhSDKxMHsjTanN0QL_jz2g', 'id': 'UgxglYjb2wc7B81BYq94AaABAg', 'snippet': {'videoId': 'XRYjrJJZAME', 'textDisplay': 'Se Bolsonaro tem culpa no cartório, sejam verdadeiros, investiguem e puna ele, a família os cambal, mais não  venha dizer pra nós aceitar um ladrão, cachaceiro que não  sabe mais nem o que ta dizendo, que se contradiz o tempo todo! Voces que divide tudo, rico pobre, feio bonito,  religião, preto indio e os cambal por diante... se vc não  tem vergonha na cara  eu tenho!', 'textOriginal': 'Se Bolsonaro tem culpa no cartório, sejam verdadeiros, investiguem e puna ele, a família os cambal, mais não  venha dizer pra nós aceitar um ladrão, cachaceiro que não  sabe mais nem o que ta dizendo, que se contradiz o tempo todo! Voces que divide tudo, rico pobre, feio bonito,  religião, preto indio e os cambal por diante... se vc não  tem vergonha na cara  eu tenho!', 'authorDisplayName': 'Nelsa Vale', 'authorProfileImageUrl': 'https://yt3.ggpht.com/ytc/AGIKgqOkX17Va5hv2b1el_0sF_U7a7o7P7yZK9LG-Q_hUA=s48-c-k-c0x00ffffff-no-rj', 'authorChannelUrl': 'http://www.youtube.com/channel/UCUYrSlFc4hUX3Ly2FH5FUKQ', 'authorChannelId': {'value': 'UCUYrSlFc4hUX3Ly2FH5FUKQ'}, 'canRate': True, 'viewerRating': 'none', 'likeCount': 0, 'publishedAt': '2022-11-01T08:25:21Z', 'updatedAt': '2022-11-01T08:25:21Z'}}, 'canReply': True, 'totalReplyCount': 0, 'isPublic': True}",,UCUYrSlFc4hUX3Ly2FH5FUKQ,2022-11-01T08:25:21Z,"Se Bolsonaro tem culpa no cartório, sejam verdadeiros, investiguem e puna ele, a família os cambal, mais não  venha dizer pra nós aceitar um ladrão, cachaceiro que não  sabe mais nem o que ta dizendo, que se contradiz o tempo todo! Voces que divide tudo, rico pobre, feio bonito,  religião, preto indio e os cambal por diante... se vc não  tem vergonha na cara  eu tenho!",QURTSl9pMDFUME9QR0ZFdlE2dEVSbXRHMTZ5VjNadk1IM3hhMXc2WTAzSmZRQTZ0TW1WMUtxM2FwQUlpRWtxWkpvQmtaaDJWbXZKa09JZw==,2023-06-07 12:46:19.107698
youtube#commentThread,X7bLCIPwqF5MXEw3lbPmvkmHnU4,Ugz9tx-kVd4s_jVgXfd4AaABAg,"{'videoId': 'XRYjrJJZAME', 'topLevelComment': {'kind': 'youtube#comment', 'etag': 'g4LEXLWxKG67kZ-7OhZMB9Wpj-o', 'id': 'Ugz9tx-kVd4s_jVgXfd4AaABAg', 'snippet': {'videoId': 'XRYjrJJZAME', 'textDisplay': 'Parabéns pela sua fala', 'textOriginal': 'Parabéns pela sua fala', 'authorDisplayName': 'Maria Ines Martim', 'authorProfileImageUrl': 'https://yt3.ggpht.com/ytc/AGIKgqM8U2AZ8l8PI3NjdamnUOQwtrnnKox2a8bOmQ=s48-c-k-c0x00ffffff-no-rj', 'authorChannelUrl': 'http://www.youtube.com/channel/UCDlHM8lkQSvW7v2KZzKthrA', 'authorChannelId': {'value': 'UCDlHM8lkQSvW7v2KZzKthrA'}, 'canRate': True, 'viewerRating': 'none', 'likeCount': 1, 'publishedAt': '2022-11-01T08:22:23Z', 'updatedAt': '2022-11-01T08:22:23Z'}}, 'canReply': True, 'totalReplyCount': 0, 'isPublic': True}",,UCDlHM8lkQSvW7v2KZzKthrA,2022-11-01T08:22:23Z,Parabéns pela sua fala,QURTSl9pMDFUME9QR0ZFdlE2dEVSbXRHMTZ5VjNadk1IM3hhMXc2WTAzSmZRQTZ0TW1WMUtxM2FwQUlpRWtxWkpvQmtaaDJWbXZKa09JZw==,2023-06-07 12:46:19.107698
youtube#commentThread,jTQ3rPTQUx81cA47eYlbOo-oANo,UgxWtAD2gzfehd1sg9V4AaABAg,"{'videoId': 'XRYjrJJZAME', 'topLevelComment': {'kind': 'youtube#comment', 'etag': 'kq-bGIA5Lal_kORALrrLunoq6xo', 'id': 'UgxWtAD2gzfehd1sg9V4AaABAg', 'snippet': {'videoId': 'XRYjrJJZAME', 'textDisplay': 'Mentiroso! Nós não temos amnésia! É  vergonhoso  colocar uma pessoa que traiu nosso país, que roubou bilhões de nós, para governar nosso Brasil.', 'textOriginal': 'Mentiroso! Nós não temos amnésia! É  vergonhoso  colocar uma pessoa que traiu nosso país, que roubou bilhões de nós, para governar nosso Brasil.', 'authorDisplayName': 'Nelsa Vale', 'authorProfileImageUrl': 'https://yt3.ggpht.com/ytc/AGIKgqOkX17Va5hv2b1el_0sF_U7a7o7P7yZK9LG-Q_hUA=s48-c-k-c0x00ffffff-no-rj', 'authorChannelUrl': 'http://www.youtube.com/channel/UCUYrSlFc4hUX3Ly2FH5FUKQ', 'authorChannelId': {'value': 'UCUYrSlFc4hUX3Ly2FH5FUKQ'}, 'canRate': True, 'viewerRating': 'none', 'likeCount': 0, 'publishedAt': '2022-11-01T08:14:11Z', 'updatedAt': '2022-11-01T08:14:11Z'}}, 'canReply': True, 'totalReplyCount': 0, 'isPublic': True}",,UCUYrSlFc4hUX3Ly2FH5FUKQ,2022-11-01T08:14:11Z,"Mentiroso! Nós não temos amnésia! É  vergonhoso  colocar uma pessoa que traiu nosso país, que roubou bilhões de nós, para governar nosso Brasil.",QURTSl9pMDFUME9QR0ZFdlE2dEVSbXRHMTZ5VjNadk1IM3hhMXc2WTAzSmZRQTZ0TW1WMUtxM2FwQUlpRWtxWkpvQmtaaDJWbXZKa09JZw==,2023-06-07 12:46:19.107698
youtube#commentThread,sF14saQ-EZQPHSwEtAsnztIqCAg,UgzxoDgD9qRodCjX0lN4AaABAg,"{'videoId': 'XRYjrJJZAME', 'topLevelComment': {'kind': 'youtube#comment', 'etag': 'i8GpFBo7JfoBJNltjAWtkP-vEhs', 'id': 'UgzxoDgD9qRodCjX0lN4AaABAg', 'snippet': {'videoId': 'XRYjrJJZAME', 'textDisplay': 'Vamos tentar manter o controle,  as autoridades instituidas estão aí para  manter a ordem .Tudo q o maldito quer é guerra , mas mais uma vez o bem,  vencerá o mal🙏🏽, O Criador está no controle...nada acontece sem a sua permissão.', 'textOriginal': 'Vamos tentar manter o controle,  as autoridades instituidas estão aí para  manter a ordem .Tudo q o maldito quer é guerra , mas mais uma vez o bem,  vencerá o mal🙏🏽, O Criador está no controle...nada acontece sem a sua permissão.', 'authorDisplayName': 'Marcia Batista', 'authorProfileImageUrl': 'https://yt3.ggpht.com/ytc/AGIKgqO8RWwAzaugedbekl0QrJvZu4CMpfGHuln36A=s48-c-k-c0x00ffffff-no-rj', 'authorChannelUrl': 'http://www.youtube.com/channel/UCuR4THZVMCJQJynUbAZBRhA', 'authorChannelId': {'value': 'UCuR4THZVMCJQJynUbAZBRhA'}, 'canRate': True, 'viewerRating': 'none', 'likeCount': 0, 'publishedAt': '2022-11-01T08:09:29Z', 'updatedAt': '2022-11-01T08:09:29Z'}}, 'canReply': True, 'totalReplyCount': 0, 'isPublic': True}",,UCuR4THZVMCJQJynUbAZBRhA,2022-11-01T08:09:29Z,"Vamos tentar manter o controle,  as autoridades instituidas estão aí para  manter a ordem .Tudo q o maldito quer é guerra , mas mais uma vez o bem,  vencerá o mal🙏🏽, O Criador está no controle...nada acontece sem a sua permissão.",QURTSl9pMDFUME9QR0ZFdlE2dEVSbXRHMTZ5VjNadk1IM3hhMXc2WTAzSmZRQTZ0TW1WMUtxM2FwQUlpRWtxWkpvQmtaaDJWbXZKa09JZw==,2023-06-07 12:46:19.107698
youtube#commentThread,gyblFWNl76eyFRRwtDl0nKl2N6M,UgwuymgLR38CckFIxOF4AaABAg,"{'videoId': 'XRYjrJJZAME', 'topLevelComment': {'kind': 'youtube#comment', 'etag': 'oFKavkTemh4JEeJrVPCY2Akw0gM', 'id': 'UgwuymgLR38CckFIxOF4AaABAg', 'snippet': {'videoId': 'XRYjrJJZAME', 'textDisplay': 'Bolsonaro ainda está abalado!! só espero que o futuro presidente não fique puxando o saco do presidente da Argentina Venezuela e cuba porque dai vai ter é impeachment! que Lula faça o melhor combatendo a violência e os assaltos!!', 'textOriginal': 'Bolsonaro ainda está abalado!! só espero que o futuro presidente não fique puxando o saco do presidente da Argentina Venezuela e cuba porque dai vai ter é impeachment! que Lula faça o melhor combatendo a violência e os assaltos!!', 'authorDisplayName': 'Helena Peres', 'authorProfileImageUrl': 'https://yt3.ggpht.com/ytc/AGIKgqOR_pdkLn8QcEQohgddnwnPROEvDg6YhqR18MDkjUo=s48-c-k-c0x00ffffff-no-rj', 'authorChannelUrl': 'http://www.youtube.com/channel/UCiAL9ofoHHBYKn7rRRxsQFw', 'authorChannelId': {'value': 'UCiAL9ofoHHBYKn7rRRxsQFw'}, 'canRate': True, 'viewerRating': 'none', 'likeCount': 0, 'publishedAt': '2022-11-01T08:08:20Z', 'updatedAt': '2022-11-01T08:08:20Z'}}, 'canReply': True, 'totalReplyCount': 0, 'isPublic': True}",,UCiAL9ofoHHBYKn7rRRxsQFw,2022-11-01T08:08:20Z,Bolsonaro ainda está abalado!! só espero que o futuro presidente não fique puxando o saco do presidente da Argentina Venezuela e cuba porque dai vai ter é impeachment! que Lula faça o melhor combatendo a violência e os assaltos!!,QURTSl9pMDFUME9QR0ZFdlE2dEVSbXRHMTZ5VjNadk1IM3hhMXc2WTAzSmZRQTZ0TW1WMUtxM2FwQUlpRWtxWkpvQmtaaDJWbXZKa09JZw==,2023-06-07 12:46:19.107698
youtube#commentThread,QFnPpropNgjN__LCh_xo03pEV_0,Ugwa2TQxcg_q623Re2h4AaABAg,"{'videoId': 'XRYjrJJZAME', 'topLevelComment': {'kind': 'youtube#comment', 'etag': 'UWN6CAMhivulHY2xFh9H0gbzo0I', 'id': 'Ugwa2TQxcg_q623Re2h4AaABAg', 'snippet': {'videoId': 'XRYjrJJZAME', 'textDisplay': 'A GRANDE HIPOCRISIA É Q A UM ANO ESTAVAMOS PERDENDO VÁRIAS PESSOAS E UMA MORTE Q DEIXOU TODOS CHOCADOS E EM LUTO FOI A MORTE DA GRANDE CANTORA MARÍLIA MENDONÇA A ONDE TODOS PARECIAM SER UM SÓ,  AGORA PRQ UM LADO NÃO ACEITA PERDER A ELEIÇÃO O PAÍS SE RACHA!!!! MAS SE RACHA SÓ PELO LADO DELES PRQ HÁ 4 ANOS ATRÁS NÃO ACONTECEU ISSO,  ALIÁS É A PRIMEIRA VEZ Q ISSO ACONTECE, SE O CARA FOSSE BOM MESMO ELE ESTARIA REELEITO É SIMPLES ASSIM!!!!', 'textOriginal': 'A GRANDE HIPOCRISIA É Q A UM ANO ESTAVAMOS PERDENDO VÁRIAS PESSOAS E UMA MORTE Q DEIXOU TODOS CHOCADOS E EM LUTO FOI A MORTE DA GRANDE CANTORA MARÍLIA MENDONÇA A ONDE TODOS PARECIAM SER UM SÓ,  AGORA PRQ UM LADO NÃO ACEITA PERDER A ELEIÇÃO O PAÍS SE RACHA!!!! MAS SE RACHA SÓ PELO LADO DELES PRQ HÁ 4 ANOS ATRÁS NÃO ACONTECEU ISSO,  ALIÁS É A PRIMEIRA VEZ Q ISSO ACONTECE, SE O CARA FOSSE BOM MESMO ELE ESTARIA REELEITO É SIMPLES ASSIM!!!!', 'authorDisplayName': 'google google', 'authorProfileImageUrl': 'https://yt3.ggpht.com/ytc/AGIKgqOfbqXAP6CQxJPnrM-SHJMGfnYOIq_KtkBXVw=s48-c-k-c0x00ffffff-no-rj', 'authorChannelUrl': 'http://www.youtube.com/channel/UCKfvys7xv4owKFdTCH9WeyQ', 'authorChannelId': {'value': 'UCKfvys7xv4owKFdTCH9WeyQ'}, 'canRate': True, 'viewerRating': 'none', 'likeCount': 1, 'publishedAt': '2022-11-01T08:06:01Z', 'updatedAt': '2022-11-01T08:06:01Z'}}, 'canReply': True, 'totalReplyCount': 1, 'isPublic': True}","{'comments': [{'kind': 'youtube#comment', 'etag': 'Vhz2bRpXSgmKTEH39tO1RtxSCP0', 'id': 'Ugwa2TQxcg_q623Re2h4AaABAg.9hsoKsiLvil9hsqu5cBEx7', 'snippet': {'videoId': 'XRYjrJJZAME', 'textDisplay': 'Por causa de tantas mentiras que inventaram  isso sim!', 'textOriginal': 'Por causa de tantas mentiras que inventaram  isso sim!', 'parentId': 'Ugwa2TQxcg_q623Re2h4AaABAg', 'authorDisplayName': 'Nelsa Vale', 'authorProfileImageUrl': 'https://yt3.ggpht.com/ytc/AGIKgqOkX17Va5hv2b1el_0sF_U7a7o7P7yZK9LG-Q_hUA=s48-c-k-c0x00ffffff-no-rj', 'authorChannelUrl': 'http://www.youtube.com/channel/UCUYrSlFc4hUX3Ly2FH5FUKQ', 'authorChannelId': {'value': 'UCUYrSlFc4hUX3Ly2FH5FUKQ'}, 'canRate': True, 'viewerRating': 'none', 'likeCount': 0, 'publishedAt': '2022-11-01T08:28:26Z', 'updatedAt': '2022-11-01T08:28:26Z'}}]}",UCKfvys7xv4owKFdTCH9WeyQ,2022-11-01T08:06:01Z,"A GRANDE HIPOCRISIA É Q A UM ANO ESTAVAMOS PERDENDO VÁRIAS PESSOAS E UMA MORTE Q DEIXOU TODOS CHOCADOS E EM LUTO FOI A MORTE DA GRANDE CANTORA MARÍLIA MENDONÇA A ONDE TODOS PARECIAM SER UM SÓ,  AGORA PRQ UM LADO NÃO ACEITA PERDER A ELEIÇÃO O PAÍS SE RACHA!!!! MAS SE RACHA SÓ PELO LADO DELES PRQ HÁ 4 ANOS ATRÁS NÃO ACONTECEU ISSO,  ALIÁS É A PRIMEIRA VEZ Q ISSO ACONTECE, SE O CARA FOSSE BOM MESMO ELE ESTARIA REELEITO É SIMPLES ASSIM!!!!",QURTSl9pMDFUME9QR0ZFdlE2dEVSbXRHMTZ5VjNadk1IM3hhMXc2WTAzSmZRQTZ0TW1WMUtxM2FwQUlpRWtxWkpvQmtaaDJWbXZKa09JZw==,2023-06-07 12:46:19.107698
youtube#commentThread,yY_7wtfhxHLdbtWWxbHw8BKP6YI,UgzAQgPOGt3o7rnkZg14AaABAg,"{'videoId': 'XRYjrJJZAME', 'topLevelComment': {'kind': 'youtube#comment', 'etag': 'anU4ZL8JeJv-wUwC_w-0fLMIsqw', 'id': 'UgzAQgPOGt3o7rnkZg14AaABAg', 'snippet': {'videoId': 'XRYjrJJZAME', 'textDisplay': 'Eu tinha certeza que Bolsonaro não ia aceitar, Ele estava ameacando de não aceitar o resultado das urnas, os filhos dele também sumiram, fiquei tão feliz com a vitoria do Lula, lindo e emocionante o discurso que Ele fez, ver o.Brasil voltando ao normal,.um vitoria reconhecida por lideres do mundo inteiro, Lula tem o apoio mundial isso é exelente para o pais.', 'textOriginal': 'Eu tinha certeza que Bolsonaro não ia aceitar, Ele estava ameacando de não aceitar o resultado das urnas, os filhos dele também sumiram, fiquei tão feliz com a vitoria do Lula, lindo e emocionante o discurso que Ele fez, ver o.Brasil voltando ao normal,.um vitoria reconhecida por lideres do mundo inteiro, Lula tem o apoio mundial isso é exelente para o pais.', 'authorDisplayName': 'Geni Gonçalves Coelho', 'authorProfileImageUrl': 'https://yt3.ggpht.com/ytc/AGIKgqMjUHNPBt6YFBe4iUk6c0pR_bb2b7QxKSkM6Q=s48-c-k-c0x00ffffff-no-rj', 'authorChannelUrl': 'http://www.youtube.com/channel/UCq9fK9ZB_vR9zFmy2td7mRg', 'authorChannelId': {'value': 'UCq9fK9ZB_vR9zFmy2td7mRg'}, 'canRate': True, 'viewerRating': 'none', 'likeCount': 0, 'publishedAt': '2022-11-01T08:01:52Z', 'updatedAt': '2022-11-01T08:01:52Z'}}, 'canReply': True, 'totalReplyCount': 2, 'isPublic': True}","{'comments': [{'kind': 'youtube#comment', 'etag': 'Q1RXEkzkvMqKiKSS6cpy-2DWG5c', 'id': 'UgzAQgPOGt3o7rnkZg14AaABAg.9hsnrWAir_A9hsruPhWZ8x', 'snippet': {'videoId': 'XRYjrJJZAME', 'textDisplay': 'Se fosse dentro da lei, ele, nós aceitariam sim,  Porque não! Só cego que não  viu o azedume da esquerda e o Xandão  para com ele. Ninguém é doido não! Parabéns pra vc e continue feliz com a &quot;vitória&quot; do luladrão!', 'textOriginal': 'Se fosse dentro da lei, ele, nós aceitariam sim,  Porque não! Só cego que não  viu o azedume da esquerda e o Xandão  para com ele. Ninguém é doido não! Parabéns pra vc e continue feliz com a ""vitória"" do luladrão!', 'parentId': 'UgzAQgPOGt3o7rnkZg14AaABAg', 'authorDisplayName': 'Nelsa Vale', 'authorProfileImageUrl': 'https://yt3.ggpht.com/ytc/AGIKgqOkX17Va5hv2b1el_0sF_U7a7o7P7yZK9LG-Q_hUA=s48-c-k-c0x00ffffff-no-rj', 'authorChannelUrl': 'http://www.youtube.com/channel/UCUYrSlFc4hUX3Ly2FH5FUKQ', 'authorChannelId': {'value': 'UCUYrSlFc4hUX3Ly2FH5FUKQ'}, 'canRate': True, 'viewerRating': 'none', 'likeCount': 0, 'publishedAt': '2022-11-01T08:37:13Z', 'updatedAt': '2022-11-01T08:39:02Z'}}, {'kind': 'youtube#comment', 'etag': 'Dl9Ycu-Mps9dhR6xn8DjZDXOOfU', 'id': 'UgzAQgPOGt3o7rnkZg14AaABAg.9hsnrWAir_A9hsrDlOzuF0', 'snippet': {'videoId': 'XRYjrJJZAME', 'textDisplay': 'Apoio mundial.... lindo né? Amnésia pura! Aff!  Parabéns seja feliz!', 'textOriginal': 'Apoio mundial.... lindo né? Amnésia pura! Aff!  Parabéns seja feliz!', 'parentId': 'UgzAQgPOGt3o7rnkZg14AaABAg', 'authorDisplayName': 'Nelsa Vale', 'authorProfileImageUrl': 'https://yt3.ggpht.com/ytc/AGIKgqOkX17Va5hv2b1el_0sF_U7a7o7P7yZK9LG-Q_hUA=s48-c-k-c0x00ffffff-no-rj', 'authorChannelUrl': 'http://www.youtube.com/channel/UCUYrSlFc4hUX3Ly2FH5FUKQ', 'authorChannelId': {'value': 'UCUYrSlFc4hUX3Ly2FH5FUKQ'}, 'canRate': True, 'viewerRating': 'none', 'likeCount': 0, 'publishedAt': '2022-11-01T08:31:16Z', 'updatedAt': '2022-11-01T08:31:16Z'}}]}",UCq9fK9ZB_vR9zFmy2td7mRg,2022-11-01T08:01:52Z,"Eu tinha certeza que Bolsonaro não ia aceitar, Ele estava ameacando de não aceitar o resultado das urnas, os filhos dele também sumiram, fiquei tão feliz com a vitoria do Lula, lindo e emocionante o discurso que Ele fez, ver o.Brasil voltando ao normal,.um vitoria reconhecida por lideres do mundo inteiro, Lula tem o apoio mundial isso é exelente para o pais.",QURTSl9pMDFUME9QR0ZFdlE2dEVSbXRHMTZ5VjNadk1IM3hhMXc2WTAzSmZRQTZ0TW1WMUtxM2FwQUlpRWtxWkpvQmtaaDJWbXZKa09JZw==,2023-06-07 12:46:19.107698
youtube#commentThread,rYK_h50ap5sTGeaKuPp-X4FZ1pE,UgxRAIb_3wCYL4k46Rh4AaABAg,"{'videoId': 'XRYjrJJZAME', 'topLevelComment': {'kind': 'youtube#comment', 'etag': 'BCVq-XbydsYj-JpOTOMehoJvJ3w', 'id': 'UgxRAIb_3wCYL4k46Rh4AaABAg', 'snippet': {'videoId': 'XRYjrJJZAME', 'textDisplay': 'Família Bolsonaro aceita a derrota que dói menos', 'textOriginal': 'Família Bolsonaro aceita a derrota que dói menos', 'authorDisplayName': 'Sandra Regina Furtada', 'authorProfileImageUrl': 'https://yt3.ggpht.com/ytc/AGIKgqOb2-0QJcrcoaumUvw97bbmYC3frEwRbrXWzQxHuBmxi4mYeYgGeeuE6A9pArRS=s48-c-k-c0x00ffffff-no-rj', 'authorChannelUrl': 'http://www.youtube.com/channel/UCRg6fa6_Aalt7V_iQU5y-nw', 'authorChannelId': {'value': 'UCRg6fa6_Aalt7V_iQU5y-nw'}, 'canRate': True, 'viewerRating': 'none', 'likeCount': 0, 'publishedAt': '2022-11-01T07:55:56Z', 'updatedAt': '2022-11-01T07:55:56Z'}}, 'canReply': True, 'totalReplyCount': 0, 'isPublic': True}",,UCRg6fa6_Aalt7V_iQU5y-nw,2022-11-01T07:55:56Z,Família Bolsonaro aceita a derrota que dói menos,QURTSl9pMDFUME9QR0ZFdlE2dEVSbXRHMTZ5VjNadk1IM3hhMXc2WTAzSmZRQTZ0TW1WMUtxM2FwQUlpRWtxWkpvQmtaaDJWbXZKa09JZw==,2023-06-07 12:46:19.107698
youtube#commentThread,41r2N4hwMceZxUhkZmPIg3aohys,UgyEdppB1eDdCkm_aPl4AaABAg,"{'videoId': 'XRYjrJJZAME', 'topLevelComment': {'kind': 'youtube#comment', 'etag': 'Zr0R382y08nMW0HdiqYoqscaUkU', 'id': 'UgyEdppB1eDdCkm_aPl4AaABAg', 'snippet': {'videoId': 'XRYjrJJZAME', 'textDisplay': 'Caro companheiro Pimenta! Este silêncio do Coiso Ruim, não realmente uma estratégia? Ele fica em silêncio, pode ter feito um KG para estimular no silêncio, sem demonstrar que está arquitetando um suposto golpe? Estes bloqueios dos caminhoneiros pode ser uma destas estratégias, aí passa-se 48 horas, começa-se faltar gasolina nos postos de gasolina, alimentos, brigas e aí resolve aplicar o Art. 142 e veria às Forças Armadas com a PF e Militares para sanar a suposta bagunça? Ele não é de ficar tão desbarateado sem reagir por tanto tempo!', 'textOriginal': 'Caro companheiro Pimenta! Este silêncio do Coiso Ruim, não realmente uma estratégia? Ele fica em silêncio, pode ter feito um KG para estimular no silêncio, sem demonstrar que está arquitetando um suposto golpe? Estes bloqueios dos caminhoneiros pode ser uma destas estratégias, aí passa-se 48 horas, começa-se faltar gasolina nos postos de gasolina, alimentos, brigas e aí resolve aplicar o Art. 142 e veria às Forças Armadas com a PF e Militares para sanar a suposta bagunça? Ele não é de ficar tão desbarateado sem reagir por tanto tempo!', 'authorDisplayName': 'ANTONIO DA NOBREGA SANTOS NOBREGA SANTOS', 'authorProfileImageUrl': 'https://yt3.ggpht.com/ytc/AGIKgqOW2kyoM7zCAadIK6DRnUcQ2c0igYUFkzOD6CxeXQ=s48-c-k-c0x00ffffff-no-rj', 'authorChannelUrl': 'http://www.youtube.com/channel/UCwrTdaVNx0bYhlaZg1VAzHw', 'authorChannelId': {'value': 'UCwrTdaVNx0bYhlaZg1VAzHw'}, 'canRate': True, 'viewerRating': 'none', 'likeCount': 0, 'publishedAt': '2022-11-01T07:42:36Z', 'updatedAt': '2022-11-01T07:42:36Z'}}, 'canReply': True, 'totalReplyCount': 0, 'isPublic': True}",,UCwrTdaVNx0bYhlaZg1VAzHw,2022-11-01T07:42:36Z,"Caro companheiro Pimenta! Este silêncio do Coiso Ruim, não realmente uma estratégia? Ele fica em silêncio, pode ter feito um KG para estimular no silêncio, sem demonstrar que está arquitetando um suposto golpe? Estes bloqueios dos caminhoneiros pode ser uma destas estratégias, aí passa-se 48 horas, começa-se faltar gasolina nos postos de gasolina, alimentos, brigas e aí resolve aplicar o Art. 142 e veria às Forças Armadas com a PF e Militares para sanar a suposta bagunça? Ele não é de ficar tão desbarateado sem reagir por tanto tempo!",QURTSl9pMDFUME9QR0ZFdlE2dEVSbXRHMTZ5VjNadk1IM3hhMXc2WTAzSmZRQTZ0TW1WMUtxM2FwQUlpRWtxWkpvQmtaaDJWbXZKa09JZw==,2023-06-07 12:46:19.107698
youtube#commentThread,XhAPvgkQ51JoT9CPRYjYqLRuGuo,Ugwr4TD8tVr0_bOm-ix4AaABAg,"{'videoId': 'XRYjrJJZAME', 'topLevelComment': {'kind': 'youtube#comment', 'etag': 'DGy_O3h_Ob7pbdKO6SYO_UJpZJA', 'id': 'Ugwr4TD8tVr0_bOm-ix4AaABAg', 'snippet': {'videoId': 'XRYjrJJZAME', 'textDisplay': 'Parabéns', 'textOriginal': 'Parabéns', 'authorDisplayName': 'José Antônio', 'authorProfileImageUrl': 'https://yt3.ggpht.com/ytc/AGIKgqP65n9HbM78ciSrfhUfYT51BCtA_kYAg1G90MlV355WSpx8OjtByb6DD2_mxbjI=s48-c-k-c0x00ffffff-no-rj', 'authorChannelUrl': 'http://www.youtube.com/channel/UCdWw2EeuVO8bY44dW-x8lfw', 'authorChannelId': {'value': 'UCdWw2EeuVO8bY44dW-x8lfw'}, 'canRate': True, 'viewerRating': 'none', 'likeCount': 0, 'publishedAt': '2022-11-01T07:38:12Z', 'updatedAt': '2022-11-01T07:38:12Z'}}, 'canReply': True, 'totalReplyCount': 0, 'isPublic': True}",,UCdWw2EeuVO8bY44dW-x8lfw,2022-11-01T07:38:12Z,Parabéns,QURTSl9pMDFUME9QR0ZFdlE2dEVSbXRHMTZ5VjNadk1IM3hhMXc2WTAzSmZRQTZ0TW1WMUtxM2FwQUlpRWtxWkpvQmtaaDJWbXZKa09JZw==,2023-06-07 12:46:19.107698
youtube#commentThread,VMgWrT-kutckMyrlJ_E-zpSM6fY,UgzkATNJDFFsBawDriN4AaABAg,"{'videoId': 'XRYjrJJZAME', 'topLevelComment': {'kind': 'youtube#comment', 'etag': 'dFzHGh9RAeRgzWYEdlz7btVFnnE', 'id': 'UgzkATNJDFFsBawDriN4AaABAg', 'snippet': {'videoId': 'XRYjrJJZAME', 'textDisplay': 'Estimula nada!!! Esses  eleitores dele que são gados e  burros, esperando o Bozomorte soltarem eles do cercado.<br>Mas, a maioria estão em casa, respeitando a escolha do povo.', 'textOriginal': 'Estimula nada!!! Esses  eleitores dele que são gados e  burros, esperando o Bozomorte soltarem eles do cercado.\nMas, a maioria estão em casa, respeitando a escolha do povo.', 'authorDisplayName': 'Beibe Vieira', 'authorProfileImageUrl': 'https://yt3.ggpht.com/ytc/AGIKgqOMlZejuJaB8uAEiDacLtlkHA3UDl-hc2eRrjAMTg=s48-c-k-c0x00ffffff-no-rj', 'authorChannelUrl': 'http://www.youtube.com/channel/UCK6-uk8WNMrCSr_MPl6RsSw', 'authorChannelId': {'value': 'UCK6-uk8WNMrCSr_MPl6RsSw'}, 'canRate': True, 'viewerRating': 'none', 'likeCount': 0, 'publishedAt': '2022-11-01T07:36:10Z', 'updatedAt': '2022-11-01T07:36:10Z'}}, 'canReply': True, 'totalReplyCount': 0, 'isPublic': True}",,UCK6-uk8WNMrCSr_MPl6RsSw,2022-11-01T07:36:10Z,"Estimula nada!!! Esses  eleitores dele que são gados e  burros, esperando o Bozomorte soltarem eles do cercado.
Mas, a maioria estão em casa, respeitando a escolha do povo.",QURTSl9pMDFUME9QR0ZFdlE2dEVSbXRHMTZ5VjNadk1IM3hhMXc2WTAzSmZRQTZ0TW1WMUtxM2FwQUlpRWtxWkpvQmtaaDJWbXZKa09JZw==,2023-06-07 12:46:19.107698
youtube#commentThread,j9Fyd9nzJ1RuXtnMkB9YpcPa8b4,Ugys9zqGYmpV39VVwkh4AaABAg,"{'videoId': 'XRYjrJJZAME', 'topLevelComment': {'kind': 'youtube#comment', 'etag': '-4-CWPHBPKdEtAmpajUv0OxLwlI', 'id': 'Ugys9zqGYmpV39VVwkh4AaABAg', 'snippet': {'videoId': 'XRYjrJJZAME', 'textDisplay': 'Prezado Pimenta eu lhe pergunto porque nós temos que suportar bolsonaro fazendo baderna até depois de derrotado por quê? Eu pergunto ao Senhor onde é que está as autoridades desse país que está deixando esse imbecil desse bolsonaro safado que deu uma de doentinho de sentimental escondido dentro do Palácio com telefone no ouvido dando ordem como se fosse Fernandinho beira-mar de dentro da penitenciária mandando fazer arruaça e barra barbari por todo o país.', 'textOriginal': 'Prezado Pimenta eu lhe pergunto porque nós temos que suportar bolsonaro fazendo baderna até depois de derrotado por quê? Eu pergunto ao Senhor onde é que está as autoridades desse país que está deixando esse imbecil desse bolsonaro safado que deu uma de doentinho de sentimental escondido dentro do Palácio com telefone no ouvido dando ordem como se fosse Fernandinho beira-mar de dentro da penitenciária mandando fazer arruaça e barra barbari por todo o país.', 'authorDisplayName': 'Mirandy Leandro ferreira', 'authorProfileImageUrl': 'https://yt3.ggpht.com/ytc/AGIKgqOd5czpTAgbNAIaf90nNy5pfrSDjuRjkmdEL1vpEtXyHN1WDWMBOKeo6YGPPC6-=s48-c-k-c0x00ffffff-no-rj', 'authorChannelUrl': 'http://www.youtube.com/channel/UCYHLpFOZ8XiJNP6A8ZsPFxg', 'authorChannelId': {'value': 'UCYHLpFOZ8XiJNP6A8ZsPFxg'}, 'canRate': True, 'viewerRating': 'none', 'likeCount': 0, 'publishedAt': '2022-11-01T07:19:33Z', 'updatedAt': '2022-11-01T07:19:33Z'}}, 'canReply': True, 'totalReplyCount': 0, 'isPublic': True}",,UCYHLpFOZ8XiJNP6A8ZsPFxg,2022-11-01T07:19:33Z,Prezado Pimenta eu lhe pergunto porque nós temos que suportar bolsonaro fazendo baderna até depois de derrotado por quê? Eu pergunto ao Senhor onde é que está as autoridades desse país que está deixando esse imbecil desse bolsonaro safado que deu uma de doentinho de sentimental escondido dentro do Palácio com telefone no ouvido dando ordem como se fosse Fernandinho beira-mar de dentro da penitenciária mandando fazer arruaça e barra barbari por todo o país.,QURTSl9pMDFUME9QR0ZFdlE2dEVSbXRHMTZ5VjNadk1IM3hhMXc2WTAzSmZRQTZ0TW1WMUtxM2FwQUlpRWtxWkpvQmtaaDJWbXZKa09JZw==,2023-06-07 12:46:19.107698
youtube#commentThread,drni6laPLDxltgGfi5Ll3KmWx8s,UgxZ1SAIWpSlDFxYwAR4AaABAg,"{'videoId': 'XRYjrJJZAME', 'topLevelComment': {'kind': 'youtube#comment', 'etag': 'obAtMApni8BgOHeYbEGoWqFk1lQ', 'id': 'UgxZ1SAIWpSlDFxYwAR4AaABAg', 'snippet': {'videoId': 'XRYjrJJZAME', 'textDisplay': 'Parabéns deputado Paulo Pimenta uma das maiores lideranças RS que nós representa que teve preponderância na retomada das instituições democratica e a dignidade dos brasileiros Lula presidente para voltar a ser felizes', 'textOriginal': 'Parabéns deputado Paulo Pimenta uma das maiores lideranças RS que nós representa que teve preponderância na retomada das instituições democratica e a dignidade dos brasileiros Lula presidente para voltar a ser felizes', 'authorDisplayName': 'João Silva', 'authorProfileImageUrl': 'https://yt3.ggpht.com/ytc/AGIKgqMbllPwL1BxpU9xQC7-fcntxfganELxfOv9JQ=s48-c-k-c0x00ffffff-no-rj', 'authorChannelUrl': 'http://www.youtube.com/channel/UCyXyO7QTMeEwn4K6KAEAT4Q', 'authorChannelId': {'value': 'UCyXyO7QTMeEwn4K6KAEAT4Q'}, 'canRate': True, 'viewerRating': 'none', 'likeCount': 0, 'publishedAt': '2022-11-01T07:12:06Z', 'updatedAt': '2022-11-01T07:12:06Z'}}, 'canReply': True, 'totalReplyCount': 0, 'isPublic': True}",,UCyXyO7QTMeEwn4K6KAEAT4Q,2022-11-01T07:12:06Z,Parabéns deputado Paulo Pimenta uma das maiores lideranças RS que nós representa que teve preponderância na retomada das instituições democratica e a dignidade dos brasileiros Lula presidente para voltar a ser felizes,QURTSl9pMDFUME9QR0ZFdlE2dEVSbXRHMTZ5VjNadk1IM3hhMXc2WTAzSmZRQTZ0TW1WMUtxM2FwQUlpRWtxWkpvQmtaaDJWbXZKa09JZw==,2023-06-07 12:46:19.107698
youtube#commentThread,1w0fokVBgl3TReHmHVVPcIapb1w,UgwGodQ5IoFWvzc_tk14AaABAg,"{'videoId': 'XRYjrJJZAME', 'topLevelComment': {'kind': 'youtube#comment', 'etag': 'GuAu01l1U2r7doG1rkfrTDNIFjc', 'id': 'UgwGodQ5IoFWvzc_tk14AaABAg', 'snippet': {'videoId': 'XRYjrJJZAME', 'textDisplay': 'Bolsonaro assim como o Tramp são farinha do mesmo saco, assim como Tramp incentivou a invasão do Capitólio, Bozo incentiva o bloqueio de rodovias. Ele tá quietinho deixando a baderna dos revoltosos crescer!', 'textOriginal': 'Bolsonaro assim como o Tramp são farinha do mesmo saco, assim como Tramp incentivou a invasão do Capitólio, Bozo incentiva o bloqueio de rodovias. Ele tá quietinho deixando a baderna dos revoltosos crescer!', 'authorDisplayName': 'Cristina Helena Costa Lima', 'authorProfileImageUrl': 'https://yt3.ggpht.com/ytc/AGIKgqMSFx2ijJ0vX6lyf8aGqdZtsw2rP2_r5YNyww=s48-c-k-c0x00ffffff-no-rj', 'authorChannelUrl': 'http://www.youtube.com/channel/UCVOQ__ow40I5X_rxVDPOJzQ', 'authorChannelId': {'value': 'UCVOQ__ow40I5X_rxVDPOJzQ'}, 'canRate': True, 'viewerRating': 'none', 'likeCount': 0, 'publishedAt': '2022-11-01T07:07:27Z', 'updatedAt': '2022-11-01T07:07:27Z'}}, 'canReply': True, 'totalReplyCount': 0, 'isPublic': True}",,UCVOQ__ow40I5X_rxVDPOJzQ,2022-11-01T07:07:27Z,"Bolsonaro assim como o Tramp são farinha do mesmo saco, assim como Tramp incentivou a invasão do Capitólio, Bozo incentiva o bloqueio de rodovias. Ele tá quietinho deixando a baderna dos revoltosos crescer!",QURTSl9pMDFUME9QR0ZFdlE2dEVSbXRHMTZ5VjNadk1IM3hhMXc2WTAzSmZRQTZ0TW1WMUtxM2FwQUlpRWtxWkpvQmtaaDJWbXZKa09JZw==,2023-06-07 12:46:19.107698
youtube#commentThread,b3-d1suyrsbYY_I0qVHfXlbY8Ug,UgxnDMeTXXSX51yliml4AaABAg,"{'videoId': 'XRYjrJJZAME', 'topLevelComment': {'kind': 'youtube#comment', 'etag': 'x6N7P5lK5m_2ph6V2nnZOMoGnh0', 'id': 'UgxnDMeTXXSX51yliml4AaABAg', 'snippet': {'videoId': 'XRYjrJJZAME', 'textDisplay': 'Continuo falando, quem votou na besta do Apocalipse é canalha e mau- caráter pois concorda com tudo de ruim que o verme promove. Gente doente de cabeça e espírito. 🤮🤬', 'textOriginal': 'Continuo falando, quem votou na besta do Apocalipse é canalha e mau- caráter pois concorda com tudo de ruim que o verme promove. Gente doente de cabeça e espírito. 🤮🤬', 'authorDisplayName': 'Noris Regina M Borges', 'authorProfileImageUrl': 'https://yt3.ggpht.com/ytc/AGIKgqOBuZ1xs6qFHNvBs1TMEdtgZgbgbBq8vM5-bDRl8w=s48-c-k-c0x00ffffff-no-rj', 'authorChannelUrl': 'http://www.youtube.com/channel/UCBRVPoxz0TouUYawDdRcucA', 'authorChannelId': {'value': 'UCBRVPoxz0TouUYawDdRcucA'}, 'canRate': True, 'viewerRating': 'none', 'likeCount': 0, 'publishedAt': '2022-11-01T07:02:20Z', 'updatedAt': '2022-11-01T07:02:20Z'}}, 'canReply': True, 'totalReplyCount': 0, 'isPublic': True}",,UCBRVPoxz0TouUYawDdRcucA,2022-11-01T07:02:20Z,"Continuo falando, quem votou na besta do Apocalipse é canalha e mau- caráter pois concorda com tudo de ruim que o verme promove. Gente doente de cabeça e espírito. 🤮🤬",QURTSl9pMDFUME9QR0ZFdlE2dEVSbXRHMTZ5VjNadk1IM3hhMXc2WTAzSmZRQTZ0TW1WMUtxM2FwQUlpRWtxWkpvQmtaaDJWbXZKa09JZw==,2023-06-07 12:46:19.107698
youtube#commentThread,IUYOZd7qNLZx9Pp_pq1KMb9Uhm0,UgwQxbYT2bGuJyNXT9J4AaABAg,"{'videoId': 'XRYjrJJZAME', 'topLevelComment': {'kind': 'youtube#comment', 'etag': 'PKV20P7aDThSTg08dg8UhCYFt5E', 'id': 'UgwQxbYT2bGuJyNXT9J4AaABAg', 'snippet': {'videoId': 'XRYjrJJZAME', 'textDisplay': 'O que se espera do Bolsonaro e o caos. Não existe ilusão sobre a conduta dos bolsonaristas em quanto o Bolsonaro estiver sentado numa cadeira errada .', 'textOriginal': 'O que se espera do Bolsonaro e o caos. Não existe ilusão sobre a conduta dos bolsonaristas em quanto o Bolsonaro estiver sentado numa cadeira errada .', 'authorDisplayName': 'Rose Aquino', 'authorProfileImageUrl': 'https://yt3.ggpht.com/ytc/AGIKgqOxKzaYwLzWTNcQdj95d3b4bSeUPLehkwbBdw=s48-c-k-c0x00ffffff-no-rj', 'authorChannelUrl': 'http://www.youtube.com/channel/UCt4dYykc2bBXLHtKO-5DYKA', 'authorChannelId': {'value': 'UCt4dYykc2bBXLHtKO-5DYKA'}, 'canRate': True, 'viewerRating': 'none', 'likeCount': 0, 'publishedAt': '2022-11-01T06:43:14Z', 'updatedAt': '2022-11-01T06:43:14Z'}}, 'canReply': True, 'totalReplyCount': 0, 'isPublic': True}",,UCt4dYykc2bBXLHtKO-5DYKA,2022-11-01T06:43:14Z,O que se espera do Bolsonaro e o caos. Não existe ilusão sobre a conduta dos bolsonaristas em quanto o Bolsonaro estiver sentado numa cadeira errada .,QURTSl9pMDFUME9QR0ZFdlE2dEVSbXRHMTZ5VjNadk1IM3hhMXc2WTAzSmZRQTZ0TW1WMUtxM2FwQUlpRWtxWkpvQmtaaDJWbXZKa09JZw==,2023-06-07 12:46:19.107698
youtube#commentThread,YXzqPJmMRSkmiN1uMT0iHs3kj80,UgxGXyf9RSQvdP-nfCF4AaABAg,"{'videoId': 'XRYjrJJZAME', 'topLevelComment': {'kind': 'youtube#comment', 'etag': 'tO2x51Elz6OLtx0fdcVVzkR1058', 'id': 'UgxGXyf9RSQvdP-nfCF4AaABAg', 'snippet': {'videoId': 'XRYjrJJZAME', 'textDisplay': 'Todo próximo a ele , é Psicopata da Laia dele. Todos Criminosos .O Satanaro é feito de Ódio. Ele quer ver o Sangue correr .Lingua. Maldita que já devia ter sido Cortada!', 'textOriginal': 'Todo próximo a ele , é Psicopata da Laia dele. Todos Criminosos .O Satanaro é feito de Ódio. Ele quer ver o Sangue correr .Lingua. Maldita que já devia ter sido Cortada!', 'authorDisplayName': 'Marluce Mares', 'authorProfileImageUrl': 'https://yt3.ggpht.com/ytc/AGIKgqODmEjME03HwtK5TOfCyYNxUZefgyDqZ2YN6ySvimlcFyamAUQ_I3EkP2nLGFGV=s48-c-k-c0x00ffffff-no-rj', 'authorChannelUrl': 'http://www.youtube.com/channel/UCJP1-NlA4o8IBRvisJXIJqQ', 'authorChannelId': {'value': 'UCJP1-NlA4o8IBRvisJXIJqQ'}, 'canRate': True, 'viewerRating': 'none', 'likeCount': 1, 'publishedAt': '2022-11-01T06:33:48Z', 'updatedAt': '2022-11-01T06:33:48Z'}}, 'canReply': True, 'totalReplyCount': 0, 'isPublic': True}",,UCJP1-NlA4o8IBRvisJXIJqQ,2022-11-01T06:33:48Z,"Todo próximo a ele , é Psicopata da Laia dele. Todos Criminosos .O Satanaro é feito de Ódio. Ele quer ver o Sangue correr .Lingua. Maldita que já devia ter sido Cortada!",QURTSl9pMDFUME9QR0ZFdlE2dEVSbXRHMTZ5VjNadk1IM3hhMXc2WTAzSmZRQTZ0TW1WMUtxM2FwQUlpRWtxWkpvQmtaaDJWbXZKa09JZw==,2023-06-07 12:46:19.107698
youtube#commentThread,Z39UXduc62hLI_R-8b-_rxYXqd4,Ugz0tAQxSC5TzdkKynx4AaABAg,"{'videoId': 'XRYjrJJZAME', 'topLevelComment': {'kind': 'youtube#comment', 'etag': 'wn9vvg-tTzf3dDFeha7SSZXcnSM', 'id': 'Ugz0tAQxSC5TzdkKynx4AaABAg', 'snippet': {'videoId': 'XRYjrJJZAME', 'textDisplay': 'A voz do povo é soberana  vamos viver em paz.', 'textOriginal': 'A voz do povo é soberana  vamos viver em paz.', 'authorDisplayName': 'Conceição Fortunato', 'authorProfileImageUrl': 'https://yt3.ggpht.com/ytc/AGIKgqO_LKvL__nkFYq-eAO2myUTxn14zl7YdQCytg=s48-c-k-c0x00ffffff-no-rj', 'authorChannelUrl': 'http://www.youtube.com/channel/UC_hCFGw1NbY-AHuXF8pIXlA', 'authorChannelId': {'value': 'UC_hCFGw1NbY-AHuXF8pIXlA'}, 'canRate': True, 'viewerRating': 'none', 'likeCount': 5, 'publishedAt': '2022-11-01T06:27:00Z', 'updatedAt': '2022-11-01T06:27:00Z'}}, 'canReply': True, 'totalReplyCount': 0, 'isPublic': True}",,UC_hCFGw1NbY-AHuXF8pIXlA,2022-11-01T06:27:00Z,A voz do povo é soberana  vamos viver em paz.,QURTSl9pMDFUME9QR0ZFdlE2dEVSbXRHMTZ5VjNadk1IM3hhMXc2WTAzSmZRQTZ0TW1WMUtxM2FwQUlpRWtxWkpvQmtaaDJWbXZKa09JZw==,2023-06-07 12:46:19.107698
youtube#commentThread,42juOLzZ31SzrIaNTp8xR4_PnKo,Ugx3YrM8-oJ3X2hO6RF4AaABAg,"{'videoId': 'XRYjrJJZAME', 'topLevelComment': {'kind': 'youtube#comment', 'etag': 'LaQF_FBImTA0p4iEsp2SgvGdvaI', 'id': 'Ugx3YrM8-oJ3X2hO6RF4AaABAg', 'snippet': {'videoId': 'XRYjrJJZAME', 'textDisplay': 'Foi pra isso que ele inventou  o auxílio  Brasil  pra  camionheiros  pra ajudar  nesse movimento....', 'textOriginal': 'Foi pra isso que ele inventou  o auxílio  Brasil  pra  camionheiros  pra ajudar  nesse movimento....', 'authorDisplayName': 'Domingas Ximendes', 'authorProfileImageUrl': 'https://yt3.ggpht.com/h-k3CCCZ62-0xy7NIC7ACvlAAvl2kLoYnRYgATM-lK0YmURJKOW99Fxa1m7_6ym_KeGzzi8ebQ=s48-c-k-c0x00ffffff-no-rj', 'authorChannelUrl': 'http://www.youtube.com/channel/UCKoGqopY8UcxZW3QR5FkYpw', 'authorChannelId': {'value': 'UCKoGqopY8UcxZW3QR5FkYpw'}, 'canRate': True, 'viewerRating': 'none', 'likeCount': 1, 'publishedAt': '2022-11-01T06:24:22Z', 'updatedAt': '2022-11-01T06:24:22Z'}}, 'canReply': True, 'totalReplyCount': 0, 'isPublic': True}",,UCKoGqopY8UcxZW3QR5FkYpw,2022-11-01T06:24:22Z,Foi pra isso que ele inventou  o auxílio  Brasil  pra  camionheiros  pra ajudar  nesse movimento....,QURTSl9pMDFUME9QR0ZFdlE2dEVSbXRHMTZ5VjNadk1IM3hhMXc2WTAzSmZRQTZ0TW1WMUtxM2FwQUlpRWtxWkpvQmtaaDJWbXZKa09JZw==,2023-06-07 12:46:19.107698
youtube#commentThread,5rM_UEap8uG0kbirkNR0BWG0zRk,UgzP2VkiscR-H-kf1gV4AaABAg,"{'videoId': 'XRYjrJJZAME', 'topLevelComment': {'kind': 'youtube#comment', 'etag': 'EyTmRFWMofsjg-GogNJ6HOhvf6Y', 'id': 'UgzP2VkiscR-H-kf1gV4AaABAg', 'snippet': {'videoId': 'XRYjrJJZAME', 'textDisplay': 'O  Desgraçado já começou. Ele tem que ser Detido , Caçado, Interditado. A Função dele é causar o Caus , a Desgraça. E o Pior é que ele tel os Capangas, Cúmplices Milicianos .A PF é obrigada a fazer o serviço deles. Prender Mandante e Mandados', 'textOriginal': 'O  Desgraçado já começou. Ele tem que ser Detido , Caçado, Interditado. A Função dele é causar o Caus , a Desgraça. E o Pior é que ele tel os Capangas, Cúmplices Milicianos .A PF é obrigada a fazer o serviço deles. Prender Mandante e Mandados', 'authorDisplayName': 'Marluce Mares', 'authorProfileImageUrl': 'https://yt3.ggpht.com/ytc/AGIKgqODmEjME03HwtK5TOfCyYNxUZefgyDqZ2YN6ySvimlcFyamAUQ_I3EkP2nLGFGV=s48-c-k-c0x00ffffff-no-rj', 'authorChannelUrl': 'http://www.youtube.com/channel/UCJP1-NlA4o8IBRvisJXIJqQ', 'authorChannelId': {'value': 'UCJP1-NlA4o8IBRvisJXIJqQ'}, 'canRate': True, 'viewerRating': 'none', 'likeCount': 1, 'publishedAt': '2022-11-01T06:23:51Z', 'updatedAt': '2022-11-01T06:23:51Z'}}, 'canReply': True, 'totalReplyCount': 0, 'isPublic': True}",,UCJP1-NlA4o8IBRvisJXIJqQ,2022-11-01T06:23:51Z,"O  Desgraçado já começou. Ele tem que ser Detido , Caçado, Interditado. A Função dele é causar o Caus , a Desgraça. E o Pior é que ele tel os Capangas, Cúmplices Milicianos .A PF é obrigada a fazer o serviço deles. Prender Mandante e Mandados",QURTSl9pMDFUME9QR0ZFdlE2dEVSbXRHMTZ5VjNadk1IM3hhMXc2WTAzSmZRQTZ0TW1WMUtxM2FwQUlpRWtxWkpvQmtaaDJWbXZKa09JZw==,2023-06-07 12:46:19.107698
youtube#commentThread,TpL5gZN6CCM_CLGEQWchT3yVyXs,UgzUI7moFdTte7Lt_QF4AaABAg,"{'videoId': 'XRYjrJJZAME', 'topLevelComment': {'kind': 'youtube#comment', 'etag': 'SUptI2f1S2EnxhMIPR2H2ReUeMc', 'id': 'UgzUI7moFdTte7Lt_QF4AaABAg', 'snippet': {'videoId': 'XRYjrJJZAME', 'textDisplay': 'Tem mandar prender o presidente do capim voltou para Ele o presidente tem nome eleito pelo o povão brasileiro lula da Silva presidente do amor presidente da paz pronto arrume as suas malas Bolsonario some de nosso Brasil pela amor de Deus mesmo', 'textOriginal': 'Tem mandar prender o presidente do capim voltou para Ele o presidente tem nome eleito pelo o povão brasileiro lula da Silva presidente do amor presidente da paz pronto arrume as suas malas Bolsonario some de nosso Brasil pela amor de Deus mesmo', 'authorDisplayName': 'Juvenal Caetano da Silva Juvenal Caetano da Silva', 'authorProfileImageUrl': 'https://yt3.ggpht.com/ytc/AGIKgqOQjRhWe3lT2MoFKuMN4VMNFnRdT8W1Fbudp8ZndY2XeZFZYt_BLh1fIIOPq3s6=s48-c-k-c0x00ffffff-no-rj', 'authorChannelUrl': 'http://www.youtube.com/channel/UCMjsKK1_Rkcd3k3jr5S6RKQ', 'authorChannelId': {'value': 'UCMjsKK1_Rkcd3k3jr5S6RKQ'}, 'canRate': True, 'viewerRating': 'none', 'likeCount': 0, 'publishedAt': '2022-11-01T06:21:24Z', 'updatedAt': '2022-11-01T06:21:24Z'}}, 'canReply': True, 'totalReplyCount': 0, 'isPublic': True}",,UCMjsKK1_Rkcd3k3jr5S6RKQ,2022-11-01T06:21:24Z,Tem mandar prender o presidente do capim voltou para Ele o presidente tem nome eleito pelo o povão brasileiro lula da Silva presidente do amor presidente da paz pronto arrume as suas malas Bolsonario some de nosso Brasil pela amor de Deus mesmo,QURTSl9pMDFUME9QR0ZFdlE2dEVSbXRHMTZ5VjNadk1IM3hhMXc2WTAzSmZRQTZ0TW1WMUtxM2FwQUlpRWtxWkpvQmtaaDJWbXZKa09JZw==,2023-06-07 12:46:19.107698
youtube#commentThread,prH6pBOOTcygPgloly8GsRg0enY,Ugytb_V47q64iFRz_gl4AaABAg,"{'videoId': 'XRYjrJJZAME', 'topLevelComment': {'kind': 'youtube#comment', 'etag': 'NQLmaR184yN6P9dwJp2Khg7S88E', 'id': 'Ugytb_V47q64iFRz_gl4AaABAg', 'snippet': {'videoId': 'XRYjrJJZAME', 'textDisplay': 'Esse cara não tem o mínimo de humildade  só pensa em interesse', 'textOriginal': 'Esse cara não tem o mínimo de humildade  só pensa em interesse', 'authorDisplayName': 'Domingas Ximendes', 'authorProfileImageUrl': 'https://yt3.ggpht.com/h-k3CCCZ62-0xy7NIC7ACvlAAvl2kLoYnRYgATM-lK0YmURJKOW99Fxa1m7_6ym_KeGzzi8ebQ=s48-c-k-c0x00ffffff-no-rj', 'authorChannelUrl': 'http://www.youtube.com/channel/UCKoGqopY8UcxZW3QR5FkYpw', 'authorChannelId': {'value': 'UCKoGqopY8UcxZW3QR5FkYpw'}, 'canRate': True, 'viewerRating': 'none', 'likeCount': 0, 'publishedAt': '2022-11-01T06:17:36Z', 'updatedAt': '2022-11-01T06:17:36Z'}}, 'canReply': True, 'totalReplyCount': 0, 'isPublic': True}",,UCKoGqopY8UcxZW3QR5FkYpw,2022-11-01T06:17:36Z,Esse cara não tem o mínimo de humildade  só pensa em interesse,QURTSl9pMDFUME9QR0ZFdlE2dEVSbXRHMTZ5VjNadk1IM3hhMXc2WTAzSmZRQTZ0TW1WMUtxM2FwQUlpRWtxWkpvQmtaaDJWbXZKa09JZw==,2023-06-07 12:46:19.107698
youtube#commentThread,u81bXv_Y4q1ThISv8uCHApH3s0g,Ugz9RY5bci5Us3mlwpJ4AaABAg,"{'videoId': 'XRYjrJJZAME', 'topLevelComment': {'kind': 'youtube#comment', 'etag': 'Jp_l_-vI8csk5ey6kwR9xX0LVV8', 'id': 'Ugz9RY5bci5Us3mlwpJ4AaABAg', 'snippet': {'videoId': 'XRYjrJJZAME', 'textDisplay': 'Eu estou aqui em São José dos Pinhais, Paraná, sou motorista de Caminhão, tenho diabetes e tomo insulina. Não sei o que vou fazer pra sair dessa , precisava estar pelo menos num posto pra tentar deixar meus remédios num refrigerador .', 'textOriginal': 'Eu estou aqui em São José dos Pinhais, Paraná, sou motorista de Caminhão, tenho diabetes e tomo insulina. Não sei o que vou fazer pra sair dessa , precisava estar pelo menos num posto pra tentar deixar meus remédios num refrigerador .', 'authorDisplayName': 'Leão forte', 'authorProfileImageUrl': 'https://yt3.ggpht.com/sPOFRPrDidOMUqFtdkTt_BofjJKXZ5O4eWBMU78yA_pF92ZusCk_pZaBBylV52MTgqnLvTTkIw=s48-c-k-c0x00ffffff-no-rj', 'authorChannelUrl': 'http://www.youtube.com/channel/UCq_Pya6kLCuqHUogv9XBhbQ', 'authorChannelId': {'value': 'UCq_Pya6kLCuqHUogv9XBhbQ'}, 'canRate': True, 'viewerRating': 'none', 'likeCount': 2, 'publishedAt': '2022-11-01T06:15:52Z', 'updatedAt': '2022-11-01T06:15:52Z'}}, 'canReply': True, 'totalReplyCount': 6, 'isPublic': True}","{'comments': [{'kind': 'youtube#comment', 'etag': '2PMTpZYbDfNRvG8lO1LTC2opH8g', 'id': 'Ugz9RY5bci5Us3mlwpJ4AaABAg.9hsbj7MPVUU9htO-gNcPh-', 'snippet': {'videoId': 'XRYjrJJZAME', 'textDisplay': '@Maria Luiza Fernandes Verdade triste é ver conhecidos meus que defende esse sujeito', 'textOriginal': '@Maria Luiza Fernandes Verdade triste é ver conhecidos meus que defende esse sujeito', 'parentId': 'Ugz9RY5bci5Us3mlwpJ4AaABAg', 'authorDisplayName': 'Leão forte', 'authorProfileImageUrl': 'https://yt3.ggpht.com/sPOFRPrDidOMUqFtdkTt_BofjJKXZ5O4eWBMU78yA_pF92ZusCk_pZaBBylV52MTgqnLvTTkIw=s48-c-k-c0x00ffffff-no-rj', 'authorChannelUrl': 'http://www.youtube.com/channel/UCq_Pya6kLCuqHUogv9XBhbQ', 'authorChannelId': {'value': 'UCq_Pya6kLCuqHUogv9XBhbQ'}, 'canRate': True, 'viewerRating': 'none', 'likeCount': 0, 'publishedAt': '2022-11-01T13:26:26Z', 'updatedAt': '2022-11-01T13:26:26Z'}}, {'kind': 'youtube#comment', 'etag': '2-dbEq_POpwB7Amjg-PoTyb3mDE', 'id': 'Ugz9RY5bci5Us3mlwpJ4AaABAg.9hsbj7MPVUU9htNuHl1ntt', 'snippet': {'videoId': 'XRYjrJJZAME', 'textDisplay': '@Maria Luiza Fernandes liberou aqui e agora estou num posto pra aguardar liberar total', 'textOriginal': '@Maria Luiza Fernandes liberou aqui e agora estou num posto pra aguardar liberar total', 'parentId': 'Ugz9RY5bci5Us3mlwpJ4AaABAg', 'authorDisplayName': 'Leão forte', 'authorProfileImageUrl': 'https://yt3.ggpht.com/sPOFRPrDidOMUqFtdkTt_BofjJKXZ5O4eWBMU78yA_pF92ZusCk_pZaBBylV52MTgqnLvTTkIw=s48-c-k-c0x00ffffff-no-rj', 'authorChannelUrl': 'http://www.youtube.com/channel/UCq_Pya6kLCuqHUogv9XBhbQ', 'authorChannelId': {'value': 'UCq_Pya6kLCuqHUogv9XBhbQ'}, 'canRate': True, 'viewerRating': 'none', 'likeCount': 0, 'publishedAt': '2022-11-01T13:25:34Z', 'updatedAt': '2022-11-01T13:25:34Z'}}, {'kind': 'youtube#comment', 'etag': 'qtkbc4rl0eTsJG7UTIpwvesvExY', 'id': 'Ugz9RY5bci5Us3mlwpJ4AaABAg.9hsbj7MPVUU9htNnJ9MnNg', 'snippet': {'videoId': 'XRYjrJJZAME', 'textDisplay': '@Alessandra D Graças à Deus já liberaram achei um posto e agora aguardar liberar total', 'textOriginal': '@Alessandra D Graças à Deus já liberaram achei um posto e agora aguardar liberar total', 'parentId': 'Ugz9RY5bci5Us3mlwpJ4AaABAg', 'authorDisplayName': 'Leão forte', 'authorProfileImageUrl': 'https://yt3.ggpht.com/sPOFRPrDidOMUqFtdkTt_BofjJKXZ5O4eWBMU78yA_pF92ZusCk_pZaBBylV52MTgqnLvTTkIw=s48-c-k-c0x00ffffff-no-rj', 'authorChannelUrl': 'http://www.youtube.com/channel/UCq_Pya6kLCuqHUogv9XBhbQ', 'authorChannelId': {'value': 'UCq_Pya6kLCuqHUogv9XBhbQ'}, 'canRate': True, 'viewerRating': 'none', 'likeCount': 0, 'publishedAt': '2022-11-01T13:24:36Z', 'updatedAt': '2022-11-01T13:24:36Z'}}, {'kind': 'youtube#comment', 'etag': 'ibpw2Jj1ZLeqiVOoe8NI2jgczR8', 'id': 'Ugz9RY5bci5Us3mlwpJ4AaABAg.9hsbj7MPVUU9ht2bKOQtmm', 'snippet': {'videoId': 'XRYjrJJZAME', 'textDisplay': 'Por favor,faça como a Alessandra lhe recomendou,chame os bombeiros.<br>Estes caminhoneiros,e acredito muitos infiltrados que estão nas estradas não tem noção do quanto estão fazendo mal e prejudicando muitas pessoas.', 'textOriginal': 'Por favor,faça como a Alessandra lhe recomendou,chame os bombeiros.\nEstes caminhoneiros,e acredito muitos infiltrados que estão nas estradas não tem noção do quanto estão fazendo mal e prejudicando muitas pessoas.', 'parentId': 'Ugz9RY5bci5Us3mlwpJ4AaABAg', 'authorDisplayName': 'Maria Luiza Fernandes', 'authorProfileImageUrl': 'https://yt3.ggpht.com/ytc/AGIKgqME-Wg-pGQ36oPYjrhodW1ZwN-CH6rpkbDVJA=s48-c-k-c0x00ffffff-no-rj', 'authorChannelUrl': 'http://www.youtube.com/channel/UCK66zYDAhOvPiugld_logNw', 'authorChannelId': {'value': 'UCK66zYDAhOvPiugld_logNw'}, 'canRate': True, 'viewerRating': 'none', 'likeCount': 0, 'publishedAt': '2022-11-01T10:19:28Z', 'updatedAt': '2022-11-01T10:19:28Z'}}, {'kind': 'youtube#comment', 'etag': 'sfsxA4vfOzzynqy9Eje7DT4DtPo', 'id': 'Ugz9RY5bci5Us3mlwpJ4AaABAg.9hsbj7MPVUU9ht1ihJZDe0', 'snippet': {'videoId': 'XRYjrJJZAME', 'textDisplay': 'Que tristeza!<br>As pessoas acham que desordem e violência,falta de respeito ao direito do outro é do bem e resolvem as coisas,pelo contrário só mostra o quanto este homem desde que assumiu o poder contaminou com seu ódio e desrespeito às instituições e pessoas,trazendo como consequência a divisão entre a população resultando o que estamos vendo hoje.<br>Árvores boas não dão maus frutos,e tudo o quanto estamos vendo  pelo menos a mim como ser humano e brasileiro não me fez acreditar que este homem poderia  continuar governando por mais quatro anos.<br>Que a paz,o bom senso,a união entre as pessoas e famílias,a ordem e o progresso retornem ao nosso país e aos corações de todos os brasileiros!', 'textOriginal': 'Que tristeza!\nAs pessoas acham que desordem e violência,falta de respeito ao direito do outro é do bem e resolvem as coisas,pelo contrário só mostra o quanto este homem desde que assumiu o poder contaminou com seu ódio e desrespeito às instituições e pessoas,trazendo como consequência a divisão entre a população resultando o que estamos vendo hoje.\nÁrvores boas não dão maus frutos,e tudo o quanto estamos vendo  pelo menos a mim como ser humano e brasileiro não me fez acreditar que este homem poderia  continuar governando por mais quatro anos.\nQue a paz,o bom senso,a união entre as pessoas e famílias,a ordem e o progresso retornem ao nosso país e aos corações de todos os brasileiros!', 'parentId': 'Ugz9RY5bci5Us3mlwpJ4AaABAg', 'authorDisplayName': 'Maria Luiza Fernandes', 'authorProfileImageUrl': 'https://yt3.ggpht.com/ytc/AGIKgqME-Wg-pGQ36oPYjrhodW1ZwN-CH6rpkbDVJA=s48-c-k-c0x00ffffff-no-rj', 'authorChannelUrl': 'http://www.youtube.com/channel/UCK66zYDAhOvPiugld_logNw', 'authorChannelId': {'value': 'UCK66zYDAhOvPiugld_logNw'}, 'canRate': True, 'viewerRating': 'none', 'likeCount': 0, 'publishedAt': '2022-11-01T10:11:44Z', 'updatedAt': '2022-11-01T10:11:44Z'}}]}",UCq_Pya6kLCuqHUogv9XBhbQ,2022-11-01T06:15:52Z,"Eu estou aqui em São José dos Pinhais, Paraná, sou motorista de Caminhão, tenho diabetes e tomo insulina. Não sei o que vou fazer pra sair dessa , precisava estar pelo menos num posto pra tentar deixar meus remédios num refrigerador .",QURTSl9pMDFUME9QR0ZFdlE2dEVSbXRHMTZ5VjNadk1IM3hhMXc2WTAzSmZRQTZ0TW1WMUtxM2FwQUlpRWtxWkpvQmtaaDJWbXZKa09JZw==,2023-06-07 12:46:19.107698
youtube#commentThread,lPg7eABD1fZdA1ON58jlGbTKNJE,Ugyi3tD6yBhtfePi4U54AaABAg,"{'videoId': 'XRYjrJJZAME', 'topLevelComment': {'kind': 'youtube#comment', 'etag': 'DbaJ0KaiLSfZpcT2heRbv5c50Us', 'id': 'Ugyi3tD6yBhtfePi4U54AaABAg', 'snippet': {'videoId': 'XRYjrJJZAME', 'textDisplay': 'POR  ISSO NUNCA VOTEI NESSE LIXO.<br>MEU VOTO SEMPRE FOI 13 13 13', 'textOriginal': 'POR  ISSO NUNCA VOTEI NESSE LIXO.\nMEU VOTO SEMPRE FOI 13 13 13', 'authorDisplayName': 'Ana Guilherme', 'authorProfileImageUrl': 'https://yt3.ggpht.com/Lfg4FdcTiKVOzoL5HSMh7eBlY3Po_reRhufdQtt26RNps6KKA6A6G4E4ht0ZTHUAdUnMmrtruXA=s48-c-k-c0x00ffffff-no-rj', 'authorChannelUrl': 'http://www.youtube.com/channel/UCo17IwGxPQYzO4pLUu80d9Q', 'authorChannelId': {'value': 'UCo17IwGxPQYzO4pLUu80d9Q'}, 'canRate': True, 'viewerRating': 'none', 'likeCount': 0, 'publishedAt': '2022-11-01T06:00:41Z', 'updatedAt': '2022-11-01T06:00:41Z'}}, 'canReply': True, 'totalReplyCount': 0, 'isPublic': True}",,UCo17IwGxPQYzO4pLUu80d9Q,2022-11-01T06:00:41Z,"POR  ISSO NUNCA VOTEI NESSE LIXO.
MEU VOTO SEMPRE FOI 13 13 13",QURTSl9pMDFUME9QR0ZFdlE2dEVSbXRHMTZ5VjNadk1IM3hhMXc2WTAzSmZRQTZ0TW1WMUtxM2FwQUlpRWtxWkpvQmtaaDJWbXZKa09JZw==,2023-06-07 12:46:19.107698
youtube#commentThread,pLv0VpU7Zp-i-5hyFK3WtTN2wko,UgxuOy9vB2JOR6bQjRh4AaABAg,"{'videoId': 'XRYjrJJZAME', 'topLevelComment': {'kind': 'youtube#comment', 'etag': 'CCJQ5N_w9OpdUbpfJ6-9O8-OzNA', 'id': 'UgxuOy9vB2JOR6bQjRh4AaABAg', 'snippet': {'videoId': 'XRYjrJJZAME', 'textDisplay': 'É  TUDO ELE QUE FAZ ESSAS COISAS.<br>LULA JAMAIS FEZ ISSO NEM PRESO.<br>ELE JÁ  É  UM PERDEDOR.<br>ESPERAMOS JUSTIÇA. <br>CADÊ  AS FORÇAS  ARMADAS???<br>CADÊ  A FORÇAS DO EXÉRCITO????', 'textOriginal': 'É  TUDO ELE QUE FAZ ESSAS COISAS.\nLULA JAMAIS FEZ ISSO NEM PRESO.\nELE JÁ  É  UM PERDEDOR.\nESPERAMOS JUSTIÇA. \nCADÊ  AS FORÇAS  ARMADAS???\nCADÊ  A FORÇAS DO EXÉRCITO????', 'authorDisplayName': 'Ana Guilherme', 'authorProfileImageUrl': 'https://yt3.ggpht.com/Lfg4FdcTiKVOzoL5HSMh7eBlY3Po_reRhufdQtt26RNps6KKA6A6G4E4ht0ZTHUAdUnMmrtruXA=s48-c-k-c0x00ffffff-no-rj', 'authorChannelUrl': 'http://www.youtube.com/channel/UCo17IwGxPQYzO4pLUu80d9Q', 'authorChannelId': {'value': 'UCo17IwGxPQYzO4pLUu80d9Q'}, 'canRate': True, 'viewerRating': 'none', 'likeCount': 0, 'publishedAt': '2022-11-01T05:59:50Z', 'updatedAt': '2022-11-01T05:59:50Z'}}, 'canReply': True, 'totalReplyCount': 0, 'isPublic': True}",,UCo17IwGxPQYzO4pLUu80d9Q,2022-11-01T05:59:50Z,"É  TUDO ELE QUE FAZ ESSAS COISAS.
LULA JAMAIS FEZ ISSO NEM PRESO.
ELE JÁ  É  UM PERDEDOR.
ESPERAMOS JUSTIÇA. 
CADÊ  AS FORÇAS  ARMADAS???
CADÊ  A FORÇAS DO EXÉRCITO????",QURTSl9pMDFUME9QR0ZFdlE2dEVSbXRHMTZ5VjNadk1IM3hhMXc2WTAzSmZRQTZ0TW1WMUtxM2FwQUlpRWtxWkpvQmtaaDJWbXZKa09JZw==,2023-06-07 12:46:19.107698
youtube#commentThread,BCLY4xGfURx-bPeD4Jxr49yc6GA,UgzV2YlH_cxm32xdxpJ4AaABAg,"{'videoId': 'XRYjrJJZAME', 'topLevelComment': {'kind': 'youtube#comment', 'etag': 'X5sq2NIQLogxFhgNGhi2x6mJaeo', 'id': 'UgzV2YlH_cxm32xdxpJ4AaABAg', 'snippet': {'videoId': 'XRYjrJJZAME', 'textDisplay': 'SÃO  É  TUDO BANDODO', 'textOriginal': 'SÃO  É  TUDO BANDODO', 'authorDisplayName': 'Ana Guilherme', 'authorProfileImageUrl': 'https://yt3.ggpht.com/Lfg4FdcTiKVOzoL5HSMh7eBlY3Po_reRhufdQtt26RNps6KKA6A6G4E4ht0ZTHUAdUnMmrtruXA=s48-c-k-c0x00ffffff-no-rj', 'authorChannelUrl': 'http://www.youtube.com/channel/UCo17IwGxPQYzO4pLUu80d9Q', 'authorChannelId': {'value': 'UCo17IwGxPQYzO4pLUu80d9Q'}, 'canRate': True, 'viewerRating': 'none', 'likeCount': 0, 'publishedAt': '2022-11-01T05:57:02Z', 'updatedAt': '2022-11-01T05:57:02Z'}}, 'canReply': True, 'totalReplyCount': 0, 'isPublic': True}",,UCo17IwGxPQYzO4pLUu80d9Q,2022-11-01T05:57:02Z,SÃO  É  TUDO BANDODO,QURTSl9pMDFUME9QR0ZFdlE2dEVSbXRHMTZ5VjNadk1IM3hhMXc2WTAzSmZRQTZ0TW1WMUtxM2FwQUlpRWtxWkpvQmtaaDJWbXZKa09JZw==,2023-06-07 12:46:19.107698
youtube#commentThread,LBn3KIFWMvK9fIv9jI8tYUowxDs,UgxE0LNxmI94iTsBeG14AaABAg,"{'videoId': 'XRYjrJJZAME', 'topLevelComment': {'kind': 'youtube#comment', 'etag': 'zzt4y5c5w00Xgrih-U85BkMWI6k', 'id': 'UgxE0LNxmI94iTsBeG14AaABAg', 'snippet': {'videoId': 'XRYjrJJZAME', 'textDisplay': 'Fora Bolsonaro', 'textOriginal': 'Fora Bolsonaro', 'authorDisplayName': 'Nizael Andrade', 'authorProfileImageUrl': 'https://yt3.ggpht.com/ytc/AGIKgqN0FRBkVyPoqC70c6AIbimpmyjntw2NTAy4QA=s48-c-k-c0x00ffffff-no-rj', 'authorChannelUrl': 'http://www.youtube.com/channel/UCzgjBJKhaudshsLB7nb4vtQ', 'authorChannelId': {'value': 'UCzgjBJKhaudshsLB7nb4vtQ'}, 'canRate': True, 'viewerRating': 'none', 'likeCount': 0, 'publishedAt': '2022-11-01T05:56:32Z', 'updatedAt': '2022-11-01T05:56:32Z'}}, 'canReply': True, 'totalReplyCount': 0, 'isPublic': True}",,UCzgjBJKhaudshsLB7nb4vtQ,2022-11-01T05:56:32Z,Fora Bolsonaro,QURTSl9pMDFUME9QR0ZFdlE2dEVSbXRHMTZ5VjNadk1IM3hhMXc2WTAzSmZRQTZ0TW1WMUtxM2FwQUlpRWtxWkpvQmtaaDJWbXZKa09JZw==,2023-06-07 12:46:19.107698
youtube#commentThread,vpyerxjACP4IBewziFPtOx-tY98,UgytyUCREsDPlkLXgql4AaABAg,"{'videoId': 'XRYjrJJZAME', 'topLevelComment': {'kind': 'youtube#comment', 'etag': 'bEzYQkomM4R5wyDMvYJ47XKCJ8Q', 'id': 'UgytyUCREsDPlkLXgql4AaABAg', 'snippet': {'videoId': 'XRYjrJJZAME', 'textDisplay': 'NÃO  ACEITA ADERROTA COISA NENHUMA. <br>ESSES CRENTES BESTAS WUE SCREDITAM NELE.<br>UM CARA VIOLENTO.<br>AONDE DEUS TÁ  NISSO?', 'textOriginal': 'NÃO  ACEITA ADERROTA COISA NENHUMA. \nESSES CRENTES BESTAS WUE SCREDITAM NELE.\nUM CARA VIOLENTO.\nAONDE DEUS TÁ  NISSO?', 'authorDisplayName': 'Ana Guilherme', 'authorProfileImageUrl': 'https://yt3.ggpht.com/Lfg4FdcTiKVOzoL5HSMh7eBlY3Po_reRhufdQtt26RNps6KKA6A6G4E4ht0ZTHUAdUnMmrtruXA=s48-c-k-c0x00ffffff-no-rj', 'authorChannelUrl': 'http://www.youtube.com/channel/UCo17IwGxPQYzO4pLUu80d9Q', 'authorChannelId': {'value': 'UCo17IwGxPQYzO4pLUu80d9Q'}, 'canRate': True, 'viewerRating': 'none', 'likeCount': 0, 'publishedAt': '2022-11-01T05:56:22Z', 'updatedAt': '2022-11-01T05:56:22Z'}}, 'canReply': True, 'totalReplyCount': 0, 'isPublic': True}",,UCo17IwGxPQYzO4pLUu80d9Q,2022-11-01T05:56:22Z,"NÃO  ACEITA ADERROTA COISA NENHUMA. 
ESSES CRENTES BESTAS WUE SCREDITAM NELE.
UM CARA VIOLENTO.
AONDE DEUS TÁ  NISSO?",QURTSl9pMDFUME9QR0ZFdlE2dEVSbXRHMTZ5VjNadk1IM3hhMXc2WTAzSmZRQTZ0TW1WMUtxM2FwQUlpRWtxWkpvQmtaaDJWbXZKa09JZw==,2023-06-07 12:46:19.107698
youtube#commentThread,KipMK5jLgHYbqhuK1QLdtWrX7Pc,Ugy1sXTFE7QYysGKkk94AaABAg,"{'videoId': 'XRYjrJJZAME', 'topLevelComment': {'kind': 'youtube#comment', 'etag': 'zA4XPSyWCATlGABQAqtswqzd56w', 'id': 'Ugy1sXTFE7QYysGKkk94AaABAg', 'snippet': {'videoId': 'XRYjrJJZAME', 'textDisplay': 'TÁ  NA CARA QUE TEM DEDO DESSE CRÁPULA', 'textOriginal': 'TÁ  NA CARA QUE TEM DEDO DESSE CRÁPULA', 'authorDisplayName': 'Ana Guilherme', 'authorProfileImageUrl': 'https://yt3.ggpht.com/Lfg4FdcTiKVOzoL5HSMh7eBlY3Po_reRhufdQtt26RNps6KKA6A6G4E4ht0ZTHUAdUnMmrtruXA=s48-c-k-c0x00ffffff-no-rj', 'authorChannelUrl': 'http://www.youtube.com/channel/UCo17IwGxPQYzO4pLUu80d9Q', 'authorChannelId': {'value': 'UCo17IwGxPQYzO4pLUu80d9Q'}, 'canRate': True, 'viewerRating': 'none', 'likeCount': 0, 'publishedAt': '2022-11-01T05:54:56Z', 'updatedAt': '2022-11-01T05:54:56Z'}}, 'canReply': True, 'totalReplyCount': 0, 'isPublic': True}",,UCo17IwGxPQYzO4pLUu80d9Q,2022-11-01T05:54:56Z,TÁ  NA CARA QUE TEM DEDO DESSE CRÁPULA,QURTSl9pMDFUME9QR0ZFdlE2dEVSbXRHMTZ5VjNadk1IM3hhMXc2WTAzSmZRQTZ0TW1WMUtxM2FwQUlpRWtxWkpvQmtaaDJWbXZKa09JZw==,2023-06-07 12:46:19.107698
youtube#commentThread,tdoicQsVm4187Go44UOtCnZr5Cs,Ugxp5XwsRjbny8iwTwl4AaABAg,"{'videoId': 'XRYjrJJZAME', 'topLevelComment': {'kind': 'youtube#comment', 'etag': 'Lr4qJ_uSZ_k2B8z55hcfSryuub8', 'id': 'Ugxp5XwsRjbny8iwTwl4AaABAg', 'snippet': {'videoId': 'XRYjrJJZAME', 'textDisplay': 'Uma vez pensei que ser cristão e patriota fosse amar o próximo, ajudar quem precisa, ser ciente dos deveres civis, ser paciente, ter paz e amor no coração🙄!!! Pelo exemplo dessa gente, acho que me enganei.', 'textOriginal': 'Uma vez pensei que ser cristão e patriota fosse amar o próximo, ajudar quem precisa, ser ciente dos deveres civis, ser paciente, ter paz e amor no coração🙄!!! Pelo exemplo dessa gente, acho que me enganei.', 'authorDisplayName': 'Helio alves Da Silva', 'authorProfileImageUrl': 'https://yt3.ggpht.com/ytc/AGIKgqOahnLkF01_NdGhMZiaLbbPATKi4NNiwuYQ6A=s48-c-k-c0x00ffffff-no-rj', 'authorChannelUrl': 'http://www.youtube.com/channel/UCV1mnWEH5rz-uwtEBuK95Ig', 'authorChannelId': {'value': 'UCV1mnWEH5rz-uwtEBuK95Ig'}, 'canRate': True, 'viewerRating': 'none', 'likeCount': 0, 'publishedAt': '2022-11-01T05:34:16Z', 'updatedAt': '2022-11-01T05:34:16Z'}}, 'canReply': True, 'totalReplyCount': 0, 'isPublic': True}",,UCV1mnWEH5rz-uwtEBuK95Ig,2022-11-01T05:34:16Z,"Uma vez pensei que ser cristão e patriota fosse amar o próximo, ajudar quem precisa, ser ciente dos deveres civis, ser paciente, ter paz e amor no coração🙄!!! Pelo exemplo dessa gente, acho que me enganei.",QURTSl9pMDFUME9QR0ZFdlE2dEVSbXRHMTZ5VjNadk1IM3hhMXc2WTAzSmZRQTZ0TW1WMUtxM2FwQUlpRWtxWkpvQmtaaDJWbXZKa09JZw==,2023-06-07 12:46:19.107698
youtube#commentThread,8zcO71i0TEPYICzg6rdqYr4yDis,UgwUME2yoVBIRe8iN754AaABAg,"{'videoId': 'XRYjrJJZAME', 'topLevelComment': {'kind': 'youtube#comment', 'etag': 'oxR1cZzfb_A-fTLGbZ4_C2-ezyo', 'id': 'UgwUME2yoVBIRe8iN754AaABAg', 'snippet': {'videoId': 'XRYjrJJZAME', 'textDisplay': 'Espero,que sejam presos Bolsonaro e a corja toda.', 'textOriginal': 'Espero,que sejam presos Bolsonaro e a corja toda.', 'authorDisplayName': 'Simone Mello', 'authorProfileImageUrl': 'https://yt3.ggpht.com/ytc/AGIKgqOStuyivRq9rp5Q0dAx_HU1C7o8-kl1_V5Q=s48-c-k-c0x00ffffff-no-rj', 'authorChannelUrl': 'http://www.youtube.com/channel/UCMo-75oTEkrdHr2OHzIgXHQ', 'authorChannelId': {'value': 'UCMo-75oTEkrdHr2OHzIgXHQ'}, 'canRate': True, 'viewerRating': 'none', 'likeCount': 0, 'publishedAt': '2022-11-01T05:33:40Z', 'updatedAt': '2022-11-01T05:33:40Z'}}, 'canReply': True, 'totalReplyCount': 0, 'isPublic': True}",,UCMo-75oTEkrdHr2OHzIgXHQ,2022-11-01T05:33:40Z,"Espero,que sejam presos Bolsonaro e a corja toda.",QURTSl9pMDFUME9QR0ZFdlE2dEVSbXRHMTZ5VjNadk1IM3hhMXc2WTAzSmZRQTZ0TW1WMUtxM2FwQUlpRWtxWkpvQmtaaDJWbXZKa09JZw==,2023-06-07 12:46:19.107698
youtube#commentThread,cdrDlfIAXFFSIMrITvBMt8Fmm4A,Ugz6_PmOUO8Z5OT46Lx4AaABAg,"{'videoId': 'XRYjrJJZAME', 'topLevelComment': {'kind': 'youtube#comment', 'etag': 'minZAONsoR4eCUfIYErpIFByTlM', 'id': 'Ugz6_PmOUO8Z5OT46Lx4AaABAg', 'snippet': {'videoId': 'XRYjrJJZAME', 'textDisplay': 'A jovem pan esta jogando a culpa no Presente Lula estão dizendo que foi o Lula que colocou aqueles caminhão e carros nas rodovias esta inventando tantas mentiras do presidente Lula não tem com tirar a jovem pan do ar tira a jovem pan do ar', 'textOriginal': 'A jovem pan esta jogando a culpa no Presente Lula estão dizendo que foi o Lula que colocou aqueles caminhão e carros nas rodovias esta inventando tantas mentiras do presidente Lula não tem com tirar a jovem pan do ar tira a jovem pan do ar', 'authorDisplayName': 'Maria Dolci', 'authorProfileImageUrl': 'https://yt3.ggpht.com/ytc/AGIKgqOGoB63VJHclZW_wPo0YLgM-kooXv88a_pTMUJX=s48-c-k-c0x00ffffff-no-rj', 'authorChannelUrl': 'http://www.youtube.com/channel/UCwu2ykFXpwMcDc8ebe8uquw', 'authorChannelId': {'value': 'UCwu2ykFXpwMcDc8ebe8uquw'}, 'canRate': True, 'viewerRating': 'none', 'likeCount': 0, 'publishedAt': '2022-11-01T05:32:15Z', 'updatedAt': '2022-11-01T05:32:15Z'}}, 'canReply': True, 'totalReplyCount': 0, 'isPublic': True}",,UCwu2ykFXpwMcDc8ebe8uquw,2022-11-01T05:32:15Z,A jovem pan esta jogando a culpa no Presente Lula estão dizendo que foi o Lula que colocou aqueles caminhão e carros nas rodovias esta inventando tantas mentiras do presidente Lula não tem com tirar a jovem pan do ar tira a jovem pan do ar,QURTSl9pMDFUME9QR0ZFdlE2dEVSbXRHMTZ5VjNadk1IM3hhMXc2WTAzSmZRQTZ0TW1WMUtxM2FwQUlpRWtxWkpvQmtaaDJWbXZKa09JZw==,2023-06-07 12:46:19.107698
youtube#commentThread,iL3ipVyd5Eo4J5k7kkKbr2oVkas,Ugwep7Ch8FGXr5zVLV14AaABAg,"{'videoId': 'XRYjrJJZAME', 'topLevelComment': {'kind': 'youtube#comment', 'etag': '4aG1i80eo1DYC9X8YAZIHfJKkQ8', 'id': 'Ugwep7Ch8FGXr5zVLV14AaABAg', 'snippet': {'videoId': 'XRYjrJJZAME', 'textDisplay': 'NÃO tenho a menor dúvida de que o gabinete do ódio e as máquinas de &quot;fake news&quot; está funcionando a todo vapor. O silêncio do excrementíssimo é mais uma daquelas cortinas de fumaça. Ele precisa de tempo pra por fogo no país!  Ainda bem que o Alexandre de Moraes agiu rápido!', 'textOriginal': 'NÃO tenho a menor dúvida de que o gabinete do ódio e as máquinas de ""fake news"" está funcionando a todo vapor. O silêncio do excrementíssimo é mais uma daquelas cortinas de fumaça. Ele precisa de tempo pra por fogo no país!  Ainda bem que o Alexandre de Moraes agiu rápido!', 'authorDisplayName': 'Helio alves Da Silva', 'authorProfileImageUrl': 'https://yt3.ggpht.com/ytc/AGIKgqOahnLkF01_NdGhMZiaLbbPATKi4NNiwuYQ6A=s48-c-k-c0x00ffffff-no-rj', 'authorChannelUrl': 'http://www.youtube.com/channel/UCV1mnWEH5rz-uwtEBuK95Ig', 'authorChannelId': {'value': 'UCV1mnWEH5rz-uwtEBuK95Ig'}, 'canRate': True, 'viewerRating': 'none', 'likeCount': 0, 'publishedAt': '2022-11-01T05:29:56Z', 'updatedAt': '2022-11-01T05:29:56Z'}}, 'canReply': True, 'totalReplyCount': 0, 'isPublic': True}",,UCV1mnWEH5rz-uwtEBuK95Ig,2022-11-01T05:29:56Z,"NÃO tenho a menor dúvida de que o gabinete do ódio e as máquinas de ""fake news"" está funcionando a todo vapor. O silêncio do excrementíssimo é mais uma daquelas cortinas de fumaça. Ele precisa de tempo pra por fogo no país!  Ainda bem que o Alexandre de Moraes agiu rápido!",QURTSl9pMDFUME9QR0ZFdlE2dEVSbXRHMTZ5VjNadk1IM3hhMXc2WTAzSmZRQTZ0TW1WMUtxM2FwQUlpRWtxWkpvQmtaaDJWbXZKa09JZw==,2023-06-07 12:46:19.107698
youtube#commentThread,lyOUUWCij5sv8BmLi-zDJRpvjKo,UgzG7n-bITTtWgdeGhV4AaABAg,"{'videoId': 'XRYjrJJZAME', 'topLevelComment': {'kind': 'youtube#comment', 'etag': 'yJ4184-YLtnBOFGmg9HJecy-md4', 'id': 'UgzG7n-bITTtWgdeGhV4AaABAg', 'snippet': {'videoId': 'XRYjrJJZAME', 'textDisplay': 'São arruaceiros , gente ignorante demais.!  Baderneiros', 'textOriginal': 'São arruaceiros , gente ignorante demais.!  Baderneiros', 'authorDisplayName': 'Flavia Cristina', 'authorProfileImageUrl': 'https://yt3.ggpht.com/ytc/AGIKgqOlsTsJ9g9r0FiI-LKAa7qFwwgpUlnbUHAhUA=s48-c-k-c0x00ffffff-no-rj', 'authorChannelUrl': 'http://www.youtube.com/channel/UCbaWtq3V4pjJjELbcIg8dVQ', 'authorChannelId': {'value': 'UCbaWtq3V4pjJjELbcIg8dVQ'}, 'canRate': True, 'viewerRating': 'none', 'likeCount': 0, 'publishedAt': '2022-11-01T05:22:23Z', 'updatedAt': '2022-11-01T05:22:23Z'}}, 'canReply': True, 'totalReplyCount': 0, 'isPublic': True}",,UCbaWtq3V4pjJjELbcIg8dVQ,2022-11-01T05:22:23Z,"São arruaceiros , gente ignorante demais.!  Baderneiros",QURTSl9pMDFUME9QR0ZFdlE2dEVSbXRHMTZ5VjNadk1IM3hhMXc2WTAzSmZRQTZ0TW1WMUtxM2FwQUlpRWtxWkpvQmtaaDJWbXZKa09JZw==,2023-06-07 12:46:19.107698
youtube#commentThread,Kb1SsvzCgSuDHOJus87ihPEQHgI,Ugy6gM6afn4buvx9HSh4AaABAg,"{'videoId': 'XRYjrJJZAME', 'topLevelComment': {'kind': 'youtube#comment', 'etag': 'AIc5d3k1IqBmgRMuw0dJdiUgt3k', 'id': 'Ugy6gM6afn4buvx9HSh4AaABAg', 'snippet': {'videoId': 'XRYjrJJZAME', 'textDisplay': 'Isso aí 👏👏👏👏👏', 'textOriginal': 'Isso aí 👏👏👏👏👏', 'authorDisplayName': 'Sandra Duarte dos Santos', 'authorProfileImageUrl': 'https://yt3.ggpht.com/ytc/AGIKgqM6csgmjYSfSeKWsLqrFIGi0Y9d2tszl2CtEPOO-RZJLkdKopVAAZeenHsG86Hn=s48-c-k-c0x00ffffff-no-rj', 'authorChannelUrl': 'http://www.youtube.com/channel/UCABoFWL3sFEZExFBZlerm_A', 'authorChannelId': {'value': 'UCABoFWL3sFEZExFBZlerm_A'}, 'canRate': True, 'viewerRating': 'none', 'likeCount': 1, 'publishedAt': '2022-11-01T05:17:17Z', 'updatedAt': '2022-11-01T05:17:17Z'}}, 'canReply': True, 'totalReplyCount': 0, 'isPublic': True}",,UCABoFWL3sFEZExFBZlerm_A,2022-11-01T05:17:17Z,Isso aí 👏👏👏👏👏,QURTSl9pMDFUME9QR0ZFdlE2dEVSbXRHMTZ5VjNadk1IM3hhMXc2WTAzSmZRQTZ0TW1WMUtxM2FwQUlpRWtxWkpvQmtaaDJWbXZKa09JZw==,2023-06-07 12:46:19.107698
youtube#commentThread,AQ8ZpLl-j7bXcrg8h2r1HbC5ytE,UgxSIv793p8-9dbord54AaABAg,"{'videoId': 'XRYjrJJZAME', 'topLevelComment': {'kind': 'youtube#comment', 'etag': 'vZ9fmtUf-lTobg3H9CSWoXIQ1tE', 'id': 'UgxSIv793p8-9dbord54AaABAg', 'snippet': {'videoId': 'XRYjrJJZAME', 'textDisplay': 'O silêncio dele é para estimular a &quot;revolta&quot; dos caminhoneiros.', 'textOriginal': 'O silêncio dele é para estimular a ""revolta"" dos caminhoneiros.', 'authorDisplayName': 'Ilsa Menegazzo', 'authorProfileImageUrl': 'https://yt3.ggpht.com/YmYT8Lz6tR1obCpgi8yhrAsopDlh-hzYIwMXjYAnNplTvszrCtLASHKP3--DlQG5jxCwN7gW=s48-c-k-c0x00ffffff-no-rj', 'authorChannelUrl': 'http://www.youtube.com/channel/UCUqbpU7XPPXcoSNfieXPfLQ', 'authorChannelId': {'value': 'UCUqbpU7XPPXcoSNfieXPfLQ'}, 'canRate': True, 'viewerRating': 'none', 'likeCount': 0, 'publishedAt': '2022-11-01T05:00:50Z', 'updatedAt': '2022-11-01T05:00:50Z'}}, 'canReply': True, 'totalReplyCount': 0, 'isPublic': True}",,UCUqbpU7XPPXcoSNfieXPfLQ,2022-11-01T05:00:50Z,"O silêncio dele é para estimular a ""revolta"" dos caminhoneiros.",QURTSl9pMDFUME9QR0ZFdlE2dEVSbXRHMTZ5VjNadk1IM3hhMXc2WTAzSmZRQTZ0TW1WMUtxM2FwQUlpRWtxWkpvQmtaaDJWbXZKa09JZw==,2023-06-07 12:46:19.107698
youtube#commentThread,cydNYdhzV6Ft4VM_BiktifsojlM,UgwJL1Wf1ye9ucsMUtt4AaABAg,"{'videoId': 'XRYjrJJZAME', 'topLevelComment': {'kind': 'youtube#comment', 'etag': 'hZLDOTnzevkobgpJVUOn8vk_Ijw', 'id': 'UgwJL1Wf1ye9ucsMUtt4AaABAg', 'snippet': {'videoId': 'XRYjrJJZAME', 'textDisplay': 'Verdade ! Bozo agora quer desvincular-se desas arruaças dos seus, mas bem antes combinou,caso perdesse, que saíssemos ruas para ações reativas ,clamar intervenção Militar para declrar-se ditador escapando da cadeia e a seu cla', 'textOriginal': 'Verdade ! Bozo agora quer desvincular-se desas arruaças dos seus, mas bem antes combinou,caso perdesse, que saíssemos ruas para ações reativas ,clamar intervenção Militar para declrar-se ditador escapando da cadeia e a seu cla', 'authorDisplayName': 'Lorena Machado', 'authorProfileImageUrl': 'https://yt3.ggpht.com/ytc/AGIKgqPQ2nAOfrg9BmJwbLK7Nt_xgX_RvHN5wVHzmRgiLQ=s48-c-k-c0x00ffffff-no-rj', 'authorChannelUrl': 'http://www.youtube.com/channel/UCtzjBH2eLCZtGbqyx2j0G9g', 'authorChannelId': {'value': 'UCtzjBH2eLCZtGbqyx2j0G9g'}, 'canRate': True, 'viewerRating': 'none', 'likeCount': 0, 'publishedAt': '2022-11-01T04:55:44Z', 'updatedAt': '2022-11-01T04:55:44Z'}}, 'canReply': True, 'totalReplyCount': 0, 'isPublic': True}",,UCtzjBH2eLCZtGbqyx2j0G9g,2022-11-01T04:55:44Z,"Verdade ! Bozo agora quer desvincular-se desas arruaças dos seus, mas bem antes combinou,caso perdesse, que saíssemos ruas para ações reativas ,clamar intervenção Militar para declrar-se ditador escapando da cadeia e a seu cla",QURTSl9pMDFUME9QR0ZFdlE2dEVSbXRHMTZ5VjNadk1IM3hhMXc2WTAzSmZRQTZ0TW1WMUtxM2FwQUlpRWtxWkpvQmtaaDJWbXZKa09JZw==,2023-06-07 12:46:19.107698
youtube#commentThread,tGrKkMGzcbO-jvn68gPTZU9Z8TI,UgzsaD7ikdei4NRzcKp4AaABAg,"{'videoId': 'XRYjrJJZAME', 'topLevelComment': {'kind': 'youtube#comment', 'etag': 'rLxr4t3KzKshrmeLZ6mV0mvLnp4', 'id': 'UgzsaD7ikdei4NRzcKp4AaABAg', 'snippet': {'videoId': 'XRYjrJJZAME', 'textDisplay': 'Acho que não?', 'textOriginal': 'Acho que não?', 'authorDisplayName': 'A. Farias', 'authorProfileImageUrl': 'https://yt3.ggpht.com/ytc/AGIKgqNLOw5HUiXFX7-7RaFqGGPvysTjyh79WvdvzUn7Agw=s48-c-k-c0x00ffffff-no-rj', 'authorChannelUrl': 'http://www.youtube.com/channel/UCR4b2nbCBHKDTJ_5P1VGN9A', 'authorChannelId': {'value': 'UCR4b2nbCBHKDTJ_5P1VGN9A'}, 'canRate': True, 'viewerRating': 'none', 'likeCount': 0, 'publishedAt': '2022-11-01T04:53:12Z', 'updatedAt': '2022-11-01T04:53:12Z'}}, 'canReply': True, 'totalReplyCount': 0, 'isPublic': True}",,UCR4b2nbCBHKDTJ_5P1VGN9A,2022-11-01T04:53:12Z,Acho que não?,QURTSl9pMDFUME9QR0ZFdlE2dEVSbXRHMTZ5VjNadk1IM3hhMXc2WTAzSmZRQTZ0TW1WMUtxM2FwQUlpRWtxWkpvQmtaaDJWbXZKa09JZw==,2023-06-07 12:46:19.107698
youtube#commentThread,FSvtNcnalU0U-303-xmzU-QKsSc,Ugyi49YaL1gtwPJmLPB4AaABAg,"{'videoId': 'XRYjrJJZAME', 'topLevelComment': {'kind': 'youtube#comment', 'etag': '_KjyqgVT7sM0_AXugOS1kPy8ajQ', 'id': 'Ugyi49YaL1gtwPJmLPB4AaABAg', 'snippet': {'videoId': 'XRYjrJJZAME', 'textDisplay': 'ONU é a solução', 'textOriginal': 'ONU é a solução', 'authorDisplayName': 'Rafael Da Silva Góes', 'authorProfileImageUrl': 'https://yt3.ggpht.com/ytc/AGIKgqOouEPHYTQqSsyIT6FxZZsSb2AHEBMjmwrXVOWc_YjKF6Ez0oELMF6kdtrw4O8h=s48-c-k-c0x00ffffff-no-rj', 'authorChannelUrl': 'http://www.youtube.com/channel/UCHtQv6lxg6_XZw8iFxbE6SQ', 'authorChannelId': {'value': 'UCHtQv6lxg6_XZw8iFxbE6SQ'}, 'canRate': True, 'viewerRating': 'none', 'likeCount': 0, 'publishedAt': '2022-11-01T04:52:40Z', 'updatedAt': '2022-11-01T04:52:40Z'}}, 'canReply': True, 'totalReplyCount': 0, 'isPublic': True}",,UCHtQv6lxg6_XZw8iFxbE6SQ,2022-11-01T04:52:40Z,ONU é a solução,QURTSl9pMDFUME9QR0ZFdlE2dEVSbXRHMTZ5VjNadk1IM3hhMXc2WTAzSmZRQTZ0TW1WMUtxM2FwQUlpRWtxWkpvQmtaaDJWbXZKa09JZw==,2023-06-07 12:46:19.107698
youtube#commentThread,A2fr5vzzirVQIuSVkefWx-50HoQ,Ugy-VNKWEuCSwDr2a-J4AaABAg,"{'videoId': 'XRYjrJJZAME', 'topLevelComment': {'kind': 'youtube#comment', 'etag': '_HQWZnOkoRzllx9GuA-zWig3aXE', 'id': 'Ugy-VNKWEuCSwDr2a-J4AaABAg', 'snippet': {'videoId': 'XRYjrJJZAME', 'textDisplay': 'Quem disse que é legítimo queimar pneu ,foi o LULADRÃO', 'textOriginal': 'Quem disse que é legítimo queimar pneu ,foi o LULADRÃO', 'authorDisplayName': 'A. Farias', 'authorProfileImageUrl': 'https://yt3.ggpht.com/ytc/AGIKgqNLOw5HUiXFX7-7RaFqGGPvysTjyh79WvdvzUn7Agw=s48-c-k-c0x00ffffff-no-rj', 'authorChannelUrl': 'http://www.youtube.com/channel/UCR4b2nbCBHKDTJ_5P1VGN9A', 'authorChannelId': {'value': 'UCR4b2nbCBHKDTJ_5P1VGN9A'}, 'canRate': True, 'viewerRating': 'none', 'likeCount': 0, 'publishedAt': '2022-11-01T04:52:19Z', 'updatedAt': '2022-11-01T04:52:19Z'}}, 'canReply': True, 'totalReplyCount': 0, 'isPublic': True}",,UCR4b2nbCBHKDTJ_5P1VGN9A,2022-11-01T04:52:19Z,"Quem disse que é legítimo queimar pneu ,foi o LULADRÃO",QURTSl9pMDFUME9QR0ZFdlE2dEVSbXRHMTZ5VjNadk1IM3hhMXc2WTAzSmZRQTZ0TW1WMUtxM2FwQUlpRWtxWkpvQmtaaDJWbXZKa09JZw==,2023-06-07 12:46:19.107698
youtube#commentThread,okn3_B2pu_yDN_YZfX-kWg-MFfI,Ugxno5kTd2vQ-jaYsCF4AaABAg,"{'videoId': 'XRYjrJJZAME', 'topLevelComment': {'kind': 'youtube#comment', 'etag': 'Z7akyVs6Vq_gkmoDbjAG0Wm8cL4', 'id': 'Ugxno5kTd2vQ-jaYsCF4AaABAg', 'snippet': {'videoId': 'XRYjrJJZAME', 'textDisplay': 'Porrisso ele está escondido, enquanto o gado briga, pra depois dizer que ele não tem culpa, safado já foi Jair..', 'textOriginal': 'Porrisso ele está escondido, enquanto o gado briga, pra depois dizer que ele não tem culpa, safado já foi Jair..', 'authorDisplayName': 'juliana carvalho', 'authorProfileImageUrl': 'https://yt3.ggpht.com/ytc/AGIKgqMY2OQ1upVgwpCk7GrhhiYLeiH-TSxuUMrS8A=s48-c-k-c0x00ffffff-no-rj', 'authorChannelUrl': 'http://www.youtube.com/channel/UCZNl3zOC3ReW0EGfPNuqBNw', 'authorChannelId': {'value': 'UCZNl3zOC3ReW0EGfPNuqBNw'}, 'canRate': True, 'viewerRating': 'none', 'likeCount': 1, 'publishedAt': '2022-11-01T04:50:42Z', 'updatedAt': '2022-11-01T04:50:42Z'}}, 'canReply': True, 'totalReplyCount': 0, 'isPublic': True}",,UCZNl3zOC3ReW0EGfPNuqBNw,2022-11-01T04:50:42Z,"Porrisso ele está escondido, enquanto o gado briga, pra depois dizer que ele não tem culpa, safado já foi Jair..",QURTSl9pMDFUME9QR0ZFdlE2dEVSbXRHMTZ5VjNadk1IM3hhMXc2WTAzSmZRQTZ0TW1WMUtxM2FwQUlpRWtxWkpvQmtaaDJWbXZKa09JZw==,2023-06-07 12:46:19.107698
youtube#commentThread,eG8dmYBerLaiJQWgFeBdNhGz68w,Ugy2R0MEzhsjXiNyssR4AaABAg,"{'videoId': 'XRYjrJJZAME', 'topLevelComment': {'kind': 'youtube#comment', 'etag': 'ukqD9KuDei_KWjp6aELtouV3ayM', 'id': 'Ugy2R0MEzhsjXiNyssR4AaABAg', 'snippet': {'videoId': 'XRYjrJJZAME', 'textDisplay': 'Inacreditável o que estamos vendo ,quando vejo esta situação mais eu tenho certeza salvamos esse país.', 'textOriginal': 'Inacreditável o que estamos vendo ,quando vejo esta situação mais eu tenho certeza salvamos esse país.', 'authorDisplayName': 'Ana Paula de Sousa', 'authorProfileImageUrl': 'https://yt3.ggpht.com/eseSvfzhwZFCiTlVy1JNlxourGQxjhgZhgEOwZIcbS25FF3f311egcyiEUkukGTfokC9fFPY6as=s48-c-k-c0x00ffffff-no-rj', 'authorChannelUrl': 'http://www.youtube.com/channel/UCw5SRc_cGmHQzjzuGH3vcmg', 'authorChannelId': {'value': 'UCw5SRc_cGmHQzjzuGH3vcmg'}, 'canRate': True, 'viewerRating': 'none', 'likeCount': 4, 'publishedAt': '2022-11-01T04:49:00Z', 'updatedAt': '2022-11-01T04:49:00Z'}}, 'canReply': True, 'totalReplyCount': 0, 'isPublic': True}",,UCw5SRc_cGmHQzjzuGH3vcmg,2022-11-01T04:49:00Z,"Inacreditável o que estamos vendo ,quando vejo esta situação mais eu tenho certeza salvamos esse país.",QURTSl9pMDFUME9QR0ZFdlE2dEVSbXRHMTZ5VjNadk1IM3hhMXc2WTAzSmZRQTZ0TW1WMUtxM2FwQUlpRWtxWkpvQmtaaDJWbXZKa09JZw==,2023-06-07 12:46:19.107698
youtube#commentThread,5UxBKfaUuUnE5vS40H4nnAeF0Ng,UgycyCAL3DgXwURBIWF4AaABAg,"{'videoId': 'XRYjrJJZAME', 'topLevelComment': {'kind': 'youtube#comment', 'etag': 'uyaZuH-sWNvg1xblz40p1pkjYB8', 'id': 'UgycyCAL3DgXwURBIWF4AaABAg', 'snippet': {'videoId': 'XRYjrJJZAME', 'textDisplay': 'No governo bolsonaro, aflorou, a raiva, o odio, que essas pessoas ja tinham mas nao tinham coragem e expor, com a eleiçao do inominavel, esse povo cresceu, bolsonaro e um covarde,sera que seus seguidores nao tem vergonha de ter um presidente sem moral, ficar se escondendo, que povo e esse que apoia um covarde, um ser que onde poe a mao so destroi que, gente vcs prescisam acordar.', 'textOriginal': 'No governo bolsonaro, aflorou, a raiva, o odio, que essas pessoas ja tinham mas nao tinham coragem e expor, com a eleiçao do inominavel, esse povo cresceu, bolsonaro e um covarde,sera que seus seguidores nao tem vergonha de ter um presidente sem moral, ficar se escondendo, que povo e esse que apoia um covarde, um ser que onde poe a mao so destroi que, gente vcs prescisam acordar.', 'authorDisplayName': 'Dirce Franco de Souza', 'authorProfileImageUrl': 'https://yt3.ggpht.com/ytc/AGIKgqPB4C7cLuVWzQWoGu4K2uspA87d9f7oCuoN2g=s48-c-k-c0x00ffffff-no-rj', 'authorChannelUrl': 'http://www.youtube.com/channel/UCZRVVU9_Q4bPrf75V9Y29BQ', 'authorChannelId': {'value': 'UCZRVVU9_Q4bPrf75V9Y29BQ'}, 'canRate': True, 'viewerRating': 'none', 'likeCount': 0, 'publishedAt': '2022-11-01T04:43:47Z', 'updatedAt': '2022-11-01T04:43:47Z'}}, 'canReply': True, 'totalReplyCount': 0, 'isPublic': True}",,UCZRVVU9_Q4bPrf75V9Y29BQ,2022-11-01T04:43:47Z,"No governo bolsonaro, aflorou, a raiva, o odio, que essas pessoas ja tinham mas nao tinham coragem e expor, com a eleiçao do inominavel, esse povo cresceu, bolsonaro e um covarde,sera que seus seguidores nao tem vergonha de ter um presidente sem moral, ficar se escondendo, que povo e esse que apoia um covarde, um ser que onde poe a mao so destroi que, gente vcs prescisam acordar.",QURTSl9pMDFUME9QR0ZFdlE2dEVSbXRHMTZ5VjNadk1IM3hhMXc2WTAzSmZRQTZ0TW1WMUtxM2FwQUlpRWtxWkpvQmtaaDJWbXZKa09JZw==,2023-06-07 12:46:19.107698
youtube#commentThread,oLPS_22e9iG53UdJjrQ1Q8vo7u0,UgyoWnZbDVgjgsQ2DMB4AaABAg,"{'videoId': 'XRYjrJJZAME', 'topLevelComment': {'kind': 'youtube#comment', 'etag': 'AC75m2QlxEzVTceIhmvgNG-u2CM', 'id': 'UgyoWnZbDVgjgsQ2DMB4AaABAg', 'snippet': {'videoId': 'XRYjrJJZAME', 'textDisplay': 'Aguentem firme irmãos de pátria...', 'textOriginal': 'Aguentem firme irmãos de pátria...', 'authorDisplayName': 'iphone goes', 'authorProfileImageUrl': 'https://yt3.ggpht.com/ytc/AGIKgqNg1oyE0B5eoSzdfoxn9ZwEBA0yJMcrA55e1QA2SwJpWhxxl3OCBDvRXkhKBnzO=s48-c-k-c0x00ffffff-no-rj', 'authorChannelUrl': 'http://www.youtube.com/channel/UCf20eVm8B5Msy545_ZV7gjA', 'authorChannelId': {'value': 'UCf20eVm8B5Msy545_ZV7gjA'}, 'canRate': True, 'viewerRating': 'none', 'likeCount': 0, 'publishedAt': '2022-11-01T04:40:46Z', 'updatedAt': '2022-11-01T04:40:46Z'}}, 'canReply': True, 'totalReplyCount': 0, 'isPublic': True}",,UCf20eVm8B5Msy545_ZV7gjA,2022-11-01T04:40:46Z,Aguentem firme irmãos de pátria...,QURTSl9pMDFUME9QR0ZFdlE2dEVSbXRHMTZ5VjNadk1IM3hhMXc2WTAzSmZRQTZ0TW1WMUtxM2FwQUlpRWtxWkpvQmtaaDJWbXZKa09JZw==,2023-06-07 12:46:19.107698
youtube#commentThread,G0CCzooiiPgMjG2Bc1sMnekTTfk,UgzdibLAcL9OHRJG5DJ4AaABAg,"{'videoId': 'XRYjrJJZAME', 'topLevelComment': {'kind': 'youtube#comment', 'etag': 'qxOsgKyEVVZYBs-XSeu1Ve_Ah2M', 'id': 'UgzdibLAcL9OHRJG5DJ4AaABAg', 'snippet': {'videoId': 'XRYjrJJZAME', 'textDisplay': 'Tomem cuidado meu povo com os facistas.', 'textOriginal': 'Tomem cuidado meu povo com os facistas.', 'authorDisplayName': 'iphone goes', 'authorProfileImageUrl': 'https://yt3.ggpht.com/ytc/AGIKgqNg1oyE0B5eoSzdfoxn9ZwEBA0yJMcrA55e1QA2SwJpWhxxl3OCBDvRXkhKBnzO=s48-c-k-c0x00ffffff-no-rj', 'authorChannelUrl': 'http://www.youtube.com/channel/UCf20eVm8B5Msy545_ZV7gjA', 'authorChannelId': {'value': 'UCf20eVm8B5Msy545_ZV7gjA'}, 'canRate': True, 'viewerRating': 'none', 'likeCount': 0, 'publishedAt': '2022-11-01T04:39:30Z', 'updatedAt': '2022-11-01T04:39:30Z'}}, 'canReply': True, 'totalReplyCount': 0, 'isPublic': True}",,UCf20eVm8B5Msy545_ZV7gjA,2022-11-01T04:39:30Z,Tomem cuidado meu povo com os facistas.,QURTSl9pMDFUME9QR0ZFdlE2dEVSbXRHMTZ5VjNadk1IM3hhMXc2WTAzSmZRQTZ0TW1WMUtxM2FwQUlpRWtxWkpvQmtaaDJWbXZKa09JZw==,2023-06-07 12:46:19.107698
youtube#commentThread,sUZzivgOfS6psNilbg_VdrUEZ2U,UgyU3efu11zaJMBvybd4AaABAg,"{'videoId': 'XRYjrJJZAME', 'topLevelComment': {'kind': 'youtube#comment', 'etag': '1N9aP1BXZB9mR6UTaNgFF3htqqw', 'id': 'UgyU3efu11zaJMBvybd4AaABAg', 'snippet': {'videoId': 'XRYjrJJZAME', 'textDisplay': 'Todo policial que apoia está baderna nas estradas e cidades têm que ser presos e expulsos das corporações, ou viveremos dias terríveis mesmo com Lula presidente.', 'textOriginal': 'Todo policial que apoia está baderna nas estradas e cidades têm que ser presos e expulsos das corporações, ou viveremos dias terríveis mesmo com Lula presidente.', 'authorDisplayName': 'Mr Mesquita', 'authorProfileImageUrl': 'https://yt3.ggpht.com/ytc/AGIKgqN3QABdc-ZYCUl8AApGtwHPL03DXdicint5rXVfpdo=s48-c-k-c0x00ffffff-no-rj', 'authorChannelUrl': 'http://www.youtube.com/channel/UCRhxW_MgaNYZjutz-F-Gx6w', 'authorChannelId': {'value': 'UCRhxW_MgaNYZjutz-F-Gx6w'}, 'canRate': True, 'viewerRating': 'none', 'likeCount': 1, 'publishedAt': '2022-11-01T04:35:20Z', 'updatedAt': '2022-11-01T04:35:54Z'}}, 'canReply': True, 'totalReplyCount': 0, 'isPublic': True}",,UCRhxW_MgaNYZjutz-F-Gx6w,2022-11-01T04:35:20Z,"Todo policial que apoia está baderna nas estradas e cidades têm que ser presos e expulsos das corporações, ou viveremos dias terríveis mesmo com Lula presidente.",QURTSl9pMDFUME9QR0ZFdlE2dEVSbXRHMTZ5VjNadk1IM3hhMXc2WTAzSmZRQTZ0TW1WMUtxM2FwQUlpRWtxWkpvQmtaaDJWbXZKa09JZw==,2023-06-07 12:46:19.107698
youtube#commentThread,mk05zjp7xTC3ze1_wWmpYpcHu1I,UgzRT8_jCep11V7DePV4AaABAg,"{'videoId': 'XRYjrJJZAME', 'topLevelComment': {'kind': 'youtube#comment', 'etag': 'AYL4jbGxHlcR_oFX2ntnbspaP9A', 'id': 'UgzRT8_jCep11V7DePV4AaABAg', 'snippet': {'videoId': 'XRYjrJJZAME', 'textDisplay': 'Temos de tomar as ruas não dá para ficar olhando mais!!<br><br>Se nos não tomarmos as ruas eles vão se avolumar!', 'textOriginal': 'Temos de tomar as ruas não dá para ficar olhando mais!!\n\nSe nos não tomarmos as ruas eles vão se avolumar!', 'authorDisplayName': 'Jairmoura1236fl Moura', 'authorProfileImageUrl': 'https://yt3.ggpht.com/ytc/AGIKgqO0tGcS2PIjgVdwhffC_HcXnmigV_Pty4lz8OEb04ycKs1wriWZc4GXwRt41kfm=s48-c-k-c0x00ffffff-no-rj', 'authorChannelUrl': 'http://www.youtube.com/channel/UClS5B9q_g25TEnhLbRKb8Ig', 'authorChannelId': {'value': 'UClS5B9q_g25TEnhLbRKb8Ig'}, 'canRate': True, 'viewerRating': 'none', 'likeCount': 0, 'publishedAt': '2022-11-01T04:28:37Z', 'updatedAt': '2022-11-01T04:28:37Z'}}, 'canReply': True, 'totalReplyCount': 0, 'isPublic': True}",,UClS5B9q_g25TEnhLbRKb8Ig,2022-11-01T04:28:37Z,"Temos de tomar as ruas não dá para ficar olhando mais!!

Se nos não tomarmos as ruas eles vão se avolumar!",QURTSl9pMDFUME9QR0ZFdlE2dEVSbXRHMTZ5VjNadk1IM3hhMXc2WTAzSmZRQTZ0TW1WMUtxM2FwQUlpRWtxWkpvQmtaaDJWbXZKa09JZw==,2023-06-07 12:46:19.107698
youtube#commentThread,i2kVMN4AfGnp6MrL6ypmJY5wUeE,Ugzzp2d7H2cgipo-2_B4AaABAg,"{'videoId': 'XRYjrJJZAME', 'topLevelComment': {'kind': 'youtube#comment', 'etag': 'VZy6kHlWGB-iXMcRe84jDEmuYXA', 'id': 'Ugzzp2d7H2cgipo-2_B4AaABAg', 'snippet': {'videoId': 'XRYjrJJZAME', 'textDisplay': 'Esse DITADOR covarde,é bem típico dele agir com covardia,ele sempre quis fazer isso,ele nunca respeitou a democracia.<br>Ele quer imitar o ex presidente D.Trump,vai se lascar bandido!', 'textOriginal': 'Esse DITADOR covarde,é bem típico dele agir com covardia,ele sempre quis fazer isso,ele nunca respeitou a democracia.\nEle quer imitar o ex presidente D.Trump,vai se lascar bandido!', 'authorDisplayName': 'Alice Sasha Sousa', 'authorProfileImageUrl': 'https://yt3.ggpht.com/ytc/AGIKgqO722L_bFI47P4QVQGgQQ-e0DbX-WgEl0aHtQaYO9uNaM7V0ObgZSGxvMbPI7l_=s48-c-k-c0x00ffffff-no-rj', 'authorChannelUrl': 'http://www.youtube.com/channel/UCmrvysku78mMGlGlyW6jfZA', 'authorChannelId': {'value': 'UCmrvysku78mMGlGlyW6jfZA'}, 'canRate': True, 'viewerRating': 'none', 'likeCount': 0, 'publishedAt': '2022-11-01T04:26:43Z', 'updatedAt': '2022-11-01T04:26:43Z'}}, 'canReply': True, 'totalReplyCount': 0, 'isPublic': True}",,UCmrvysku78mMGlGlyW6jfZA,2022-11-01T04:26:43Z,"Esse DITADOR covarde,é bem típico dele agir com covardia,ele sempre quis fazer isso,ele nunca respeitou a democracia.
Ele quer imitar o ex presidente D.Trump,vai se lascar bandido!",QURTSl9pMDFUME9QR0ZFdlE2dEVSbXRHMTZ5VjNadk1IM3hhMXc2WTAzSmZRQTZ0TW1WMUtxM2FwQUlpRWtxWkpvQmtaaDJWbXZKa09JZw==,2023-06-07 12:46:19.107698
youtube#commentThread,Bn4yeAvLaG3yauAvOB7_iZHyKUk,UgxZcK240mVG8MeheCB4AaABAg,"{'videoId': 'XRYjrJJZAME', 'topLevelComment': {'kind': 'youtube#comment', 'etag': 'PKwEcfT_1EMqU1_s-Sl21wKMGaU', 'id': 'UgxZcK240mVG8MeheCB4AaABAg', 'snippet': {'videoId': 'XRYjrJJZAME', 'textDisplay': 'Malditos Bolsonaro pedofilo velho safado, vai para cadeia.', 'textOriginal': 'Malditos Bolsonaro pedofilo velho safado, vai para cadeia.', 'authorDisplayName': 'Anna Luisa Farias', 'authorProfileImageUrl': 'https://yt3.ggpht.com/ytc/AGIKgqMxJx7P4krGVU9DIZOHwlowuuFpo8rpFsuC6Q=s48-c-k-c0x00ffffff-no-rj', 'authorChannelUrl': 'http://www.youtube.com/channel/UC1BMohhfZyVNv1YL-oP5Vcw', 'authorChannelId': {'value': 'UC1BMohhfZyVNv1YL-oP5Vcw'}, 'canRate': True, 'viewerRating': 'none', 'likeCount': 1, 'publishedAt': '2022-11-01T04:18:34Z', 'updatedAt': '2022-11-01T04:18:34Z'}}, 'canReply': True, 'totalReplyCount': 0, 'isPublic': True}",,UC1BMohhfZyVNv1YL-oP5Vcw,2022-11-01T04:18:34Z,"Malditos Bolsonaro pedofilo velho safado, vai para cadeia.",QURTSl9pMDFUME9QR0ZFdlE2dEVSbXRHMTZ5VjNadk1IM3hhMXc2WTAzSmZRQTZ0TW1WMUtxM2FwQUlpRWtxWkpvQmtaaDJWbXZKa09JZw==,2023-06-07 12:46:19.107698
youtube#commentThread,Zrpg-Q7oaWvk8S78Qsj9PT-mkCw,Ugzqc8ReEDavKjjNt4x4AaABAg,"{'videoId': 'XRYjrJJZAME', 'topLevelComment': {'kind': 'youtube#comment', 'etag': '4gskqIA94k0MsXRtUdIWURct2IE', 'id': 'Ugzqc8ReEDavKjjNt4x4AaABAg', 'snippet': {'videoId': 'XRYjrJJZAME', 'textDisplay': 'Devo a minha vida ao Presidente Lula e ao Partido dos Trabalhadores', 'textOriginal': 'Devo a minha vida ao Presidente Lula e ao Partido dos Trabalhadores', 'authorDisplayName': 'Jose Marcio Padua', 'authorProfileImageUrl': 'https://yt3.ggpht.com/ytc/AGIKgqMXsHAuQ8VzCwXosTMotkA8tGCqWYGRBM84Iw=s48-c-k-c0x00ffffff-no-rj', 'authorChannelUrl': 'http://www.youtube.com/channel/UCBz8Zr2GJ3y0abQAlICZOiA', 'authorChannelId': {'value': 'UCBz8Zr2GJ3y0abQAlICZOiA'}, 'canRate': True, 'viewerRating': 'none', 'likeCount': 0, 'publishedAt': '2022-11-01T04:12:04Z', 'updatedAt': '2022-11-01T04:12:04Z'}}, 'canReply': True, 'totalReplyCount': 0, 'isPublic': True}",,UCBz8Zr2GJ3y0abQAlICZOiA,2022-11-01T04:12:04Z,Devo a minha vida ao Presidente Lula e ao Partido dos Trabalhadores,QURTSl9pMDFUME9QR0ZFdlE2dEVSbXRHMTZ5VjNadk1IM3hhMXc2WTAzSmZRQTZ0TW1WMUtxM2FwQUlpRWtxWkpvQmtaaDJWbXZKa09JZw==,2023-06-07 12:46:19.107698
youtube#commentThread,3ajfAjZNdLYEe3OFuRUXwHdoeXE,Ugw6kpnit8bOLPSuD6N4AaABAg,"{'videoId': 'XRYjrJJZAME', 'topLevelComment': {'kind': 'youtube#comment', 'etag': 'LgcUaV5H-jp3aYC1Lrn03AJlNcM', 'id': 'Ugw6kpnit8bOLPSuD6N4AaABAg', 'snippet': {'videoId': 'XRYjrJJZAME', 'textDisplay': 'Sr. Pimenta, política é coisa para homens, tem que ir lá na PRF e botar o dedo na cara desse comandante corrupto e dizer, cumpre agora o CTB, senão te darei voz de prisão por prevaricação, aplique as multas, limpe as rodovias, daqui dois meses teu chefe poderá ser eu, e o Brasil pode ganhar mais um desempregado e pode ser tu, de não fazer cumprir o CTB. Sr. Pimenta o senhor é deputado pode muito bem dar voz de prisão a esse comandante da PRF se não for imparcial. Enfrentar, passar medo, política é enfrentamento, aí o comandante vai ficar com o rabo entre as pernas.', 'textOriginal': 'Sr. Pimenta, política é coisa para homens, tem que ir lá na PRF e botar o dedo na cara desse comandante corrupto e dizer, cumpre agora o CTB, senão te darei voz de prisão por prevaricação, aplique as multas, limpe as rodovias, daqui dois meses teu chefe poderá ser eu, e o Brasil pode ganhar mais um desempregado e pode ser tu, de não fazer cumprir o CTB. Sr. Pimenta o senhor é deputado pode muito bem dar voz de prisão a esse comandante da PRF se não for imparcial. Enfrentar, passar medo, política é enfrentamento, aí o comandante vai ficar com o rabo entre as pernas.', 'authorDisplayName': 'Fernando Coutinho Borges da Cunha', 'authorProfileImageUrl': 'https://yt3.ggpht.com/ytc/AGIKgqPYQe9n6TS-Z6VFEowrfC17vzjoYKm05_E10o0PL9RAeW0ly3oK1X5JaTQoIQds=s48-c-k-c0x00ffffff-no-rj', 'authorChannelUrl': 'http://www.youtube.com/channel/UCUfkaseuLCz1c4n45gS2k3w', 'authorChannelId': {'value': 'UCUfkaseuLCz1c4n45gS2k3w'}, 'canRate': True, 'viewerRating': 'none', 'likeCount': 0, 'publishedAt': '2022-11-01T04:08:22Z', 'updatedAt': '2022-11-01T04:08:22Z'}}, 'canReply': True, 'totalReplyCount': 0, 'isPublic': True}",,UCUfkaseuLCz1c4n45gS2k3w,2022-11-01T04:08:22Z,"Sr. Pimenta, política é coisa para homens, tem que ir lá na PRF e botar o dedo na cara desse comandante corrupto e dizer, cumpre agora o CTB, senão te darei voz de prisão por prevaricação, aplique as multas, limpe as rodovias, daqui dois meses teu chefe poderá ser eu, e o Brasil pode ganhar mais um desempregado e pode ser tu, de não fazer cumprir o CTB. Sr. Pimenta o senhor é deputado pode muito bem dar voz de prisão a esse comandante da PRF se não for imparcial. Enfrentar, passar medo, política é enfrentamento, aí o comandante vai ficar com o rabo entre as pernas.",QURTSl9pMDFUME9QR0ZFdlE2dEVSbXRHMTZ5VjNadk1IM3hhMXc2WTAzSmZRQTZ0TW1WMUtxM2FwQUlpRWtxWkpvQmtaaDJWbXZKa09JZw==,2023-06-07 12:46:19.107698
youtube#commentThread,TRGeG_3ropeolDYdGvyXuO3polE,UgzVi9LFF0-6ACgBPcZ4AaABAg,"{'videoId': 'XRYjrJJZAME', 'topLevelComment': {'kind': 'youtube#comment', 'etag': 'az9pN6B828lUeu2eQ4Zv9tjvhBI', 'id': 'UgzVi9LFF0-6ACgBPcZ4AaABAg', 'snippet': {'videoId': 'XRYjrJJZAME', 'textDisplay': 'É isso aí, tem de pagar pelo atraso nesse país .', 'textOriginal': 'É isso aí, tem de pagar pelo atraso nesse país .', 'authorDisplayName': 'RONI FERRI', 'authorProfileImageUrl': 'https://yt3.ggpht.com/ytc/AGIKgqPGatvY7mVejUtnnxm9h1RyNFH16trqdwbu_g=s48-c-k-c0x00ffffff-no-rj', 'authorChannelUrl': 'http://www.youtube.com/channel/UC8ptOS92KxstQ02fmiB7wEg', 'authorChannelId': {'value': 'UC8ptOS92KxstQ02fmiB7wEg'}, 'canRate': True, 'viewerRating': 'none', 'likeCount': 0, 'publishedAt': '2022-11-01T04:03:50Z', 'updatedAt': '2022-11-01T04:03:50Z'}}, 'canReply': True, 'totalReplyCount': 0, 'isPublic': True}",,UC8ptOS92KxstQ02fmiB7wEg,2022-11-01T04:03:50Z,"É isso aí, tem de pagar pelo atraso nesse país .",QURTSl9pMDFUME9QR0ZFdlE2dEVSbXRHMTZ5VjNadk1IM3hhMXc2WTAzSmZRQTZ0TW1WMUtxM2FwQUlpRWtxWkpvQmtaaDJWbXZKa09JZw==,2023-06-07 12:46:19.107698
youtube#commentThread,bvrEaqwuPgjPAUkN4lqtD95FLqk,UgxLT3_31K3pqok8GwZ4AaABAg,"{'videoId': 'XRYjrJJZAME', 'topLevelComment': {'kind': 'youtube#comment', 'etag': 'F1ZwgJIx33DMWrD0OIouY-O3OGg', 'id': 'UgxLT3_31K3pqok8GwZ4AaABAg', 'snippet': {'videoId': 'XRYjrJJZAME', 'textDisplay': 'Vai nada. Democracia não mata fome e nem paga boleto.', 'textOriginal': 'Vai nada. Democracia não mata fome e nem paga boleto.', 'authorDisplayName': 'Cristina Bozarcov', 'authorProfileImageUrl': 'https://yt3.ggpht.com/ytc/AGIKgqM5Lsrj6ku6P3vLbbltcJGy1wc8eo_4PBruc3oxTRS5tnv0FGX3vgnKKcGqIMMI=s48-c-k-c0x00ffffff-no-rj', 'authorChannelUrl': 'http://www.youtube.com/channel/UCB6BxL7155GetIf6011UetQ', 'authorChannelId': {'value': 'UCB6BxL7155GetIf6011UetQ'}, 'canRate': True, 'viewerRating': 'none', 'likeCount': 0, 'publishedAt': '2022-11-01T03:57:07Z', 'updatedAt': '2022-11-01T03:57:07Z'}}, 'canReply': True, 'totalReplyCount': 0, 'isPublic': True}",,UCB6BxL7155GetIf6011UetQ,2022-11-01T03:57:07Z,Vai nada. Democracia não mata fome e nem paga boleto.,QURTSl9pMDFUME9QR0ZFdlE2dEVSbXRHMTZ5VjNadk1IM3hhMXc2WTAzSmZRQTZ0TW1WMUtxM2FwQUlpRWtxWkpvQmtaaDJWbXZKa09JZw==,2023-06-07 12:46:19.107698
youtube#commentThread,cUVXaI8aAaE8cPpB3i_5ItlLiOU,UgzfoE5eTbeosEm0dyN4AaABAg,"{'videoId': 'XRYjrJJZAME', 'topLevelComment': {'kind': 'youtube#comment', 'etag': 'NRpkkxIb6TlhlP0nR_kMUntmBBI', 'id': 'UgzfoE5eTbeosEm0dyN4AaABAg', 'snippet': {'videoId': 'XRYjrJJZAME', 'textDisplay': 'Quanto bla bla bla. Hahahahahaha. Nem um nem outro. Hahahahahaha. Bla bla bla.', 'textOriginal': 'Quanto bla bla bla. Hahahahahaha. Nem um nem outro. Hahahahahaha. Bla bla bla.', 'authorDisplayName': 'Cristina Bozarcov', 'authorProfileImageUrl': 'https://yt3.ggpht.com/ytc/AGIKgqM5Lsrj6ku6P3vLbbltcJGy1wc8eo_4PBruc3oxTRS5tnv0FGX3vgnKKcGqIMMI=s48-c-k-c0x00ffffff-no-rj', 'authorChannelUrl': 'http://www.youtube.com/channel/UCB6BxL7155GetIf6011UetQ', 'authorChannelId': {'value': 'UCB6BxL7155GetIf6011UetQ'}, 'canRate': True, 'viewerRating': 'none', 'likeCount': 0, 'publishedAt': '2022-11-01T03:56:41Z', 'updatedAt': '2022-11-01T03:56:41Z'}}, 'canReply': True, 'totalReplyCount': 0, 'isPublic': True}",,UCB6BxL7155GetIf6011UetQ,2022-11-01T03:56:41Z,Quanto bla bla bla. Hahahahahaha. Nem um nem outro. Hahahahahaha. Bla bla bla.,QURTSl9pMDFUME9QR0ZFdlE2dEVSbXRHMTZ5VjNadk1IM3hhMXc2WTAzSmZRQTZ0TW1WMUtxM2FwQUlpRWtxWkpvQmtaaDJWbXZKa09JZw==,2023-06-07 12:46:19.107698
youtube#commentThread,46SmewqJkewODhVdw8o7FuzvFi4,UgyphLw0vKS1rqz_qKF4AaABAg,"{'videoId': 'XRYjrJJZAME', 'topLevelComment': {'kind': 'youtube#comment', 'etag': '_RZPssFTbg5Jo-vFKUCyP6NM2gY', 'id': 'UgyphLw0vKS1rqz_qKF4AaABAg', 'snippet': {'videoId': 'XRYjrJJZAME', 'textDisplay': 'Estamos com vc Bolsonaro', 'textOriginal': 'Estamos com vc Bolsonaro', 'authorDisplayName': 'Vera Lucia Maia Brandi VERA', 'authorProfileImageUrl': 'https://yt3.ggpht.com/ytc/AGIKgqMzyCoXQHCpqfB2UTmTpHhkK0sj54Cg5cngZw=s48-c-k-c0x00ffffff-no-rj', 'authorChannelUrl': 'http://www.youtube.com/channel/UC04mh8ya7mdy2YrOE64YhnA', 'authorChannelId': {'value': 'UC04mh8ya7mdy2YrOE64YhnA'}, 'canRate': True, 'viewerRating': 'none', 'likeCount': 0, 'publishedAt': '2022-11-01T03:56:33Z', 'updatedAt': '2022-11-01T03:56:33Z'}}, 'canReply': True, 'totalReplyCount': 0, 'isPublic': True}",,UC04mh8ya7mdy2YrOE64YhnA,2022-11-01T03:56:33Z,Estamos com vc Bolsonaro,QURTSl9pMDFUME9QR0ZFdlE2dEVSbXRHMTZ5VjNadk1IM3hhMXc2WTAzSmZRQTZ0TW1WMUtxM2FwQUlpRWtxWkpvQmtaaDJWbXZKa09JZw==,2023-06-07 12:46:19.107698
youtube#commentThread,vJk-7r3CzzAIFQTYxgJirzmX_wY,UgygubxaE4AQRwSFcK94AaABAg,"{'videoId': 'XRYjrJJZAME', 'topLevelComment': {'kind': 'youtube#comment', 'etag': 'Pl9f8Q-YziSpbej4_4dwAvz17ro', 'id': 'UgygubxaE4AQRwSFcK94AaABAg', 'snippet': {'videoId': 'XRYjrJJZAME', 'textDisplay': 'Só se prender o carluxo, p ele desentocar, a tal da Cristina  vale já  se mandou do país,  foi p Noruega!!!!', 'textOriginal': 'Só se prender o carluxo, p ele desentocar, a tal da Cristina  vale já  se mandou do país,  foi p Noruega!!!!', 'authorDisplayName': 'Silvana Jesus', 'authorProfileImageUrl': 'https://yt3.ggpht.com/ytc/AGIKgqM-LGjUiRHOPM3B7omI-YSRlC6AYxP4JhVx04-xyi7zwxlr8yfTbV0pN9llRu2j=s48-c-k-c0x00ffffff-no-rj', 'authorChannelUrl': 'http://www.youtube.com/channel/UCRpAhZjS52s_sxStSjOK9fw', 'authorChannelId': {'value': 'UCRpAhZjS52s_sxStSjOK9fw'}, 'canRate': True, 'viewerRating': 'none', 'likeCount': 0, 'publishedAt': '2022-11-01T03:56:17Z', 'updatedAt': '2022-11-01T03:56:17Z'}}, 'canReply': True, 'totalReplyCount': 0, 'isPublic': True}",,UCRpAhZjS52s_sxStSjOK9fw,2022-11-01T03:56:17Z,"Só se prender o carluxo, p ele desentocar, a tal da Cristina  vale já  se mandou do país,  foi p Noruega!!!!",QURTSl9pMDFUME9QR0ZFdlE2dEVSbXRHMTZ5VjNadk1IM3hhMXc2WTAzSmZRQTZ0TW1WMUtxM2FwQUlpRWtxWkpvQmtaaDJWbXZKa09JZw==,2023-06-07 12:46:19.107698
youtube#commentThread,po6wgufYbdd9RAbPnb3XfsZ3p_o,Ugz09g0Q2mE8Kr0CrOd4AaABAg,"{'videoId': 'XRYjrJJZAME', 'topLevelComment': {'kind': 'youtube#comment', 'etag': 'EO_3XzuacQFLwHfpz23-cFHM79Q', 'id': 'Ugz09g0Q2mE8Kr0CrOd4AaABAg', 'snippet': {'videoId': 'XRYjrJJZAME', 'textDisplay': 'Isso mesmo! Manter a tranquilidade e executar o projeto eleito. Melhores condições de vida para todos nós. Pela democracia !', 'textOriginal': 'Isso mesmo! Manter a tranquilidade e executar o projeto eleito. Melhores condições de vida para todos nós. Pela democracia !', 'authorDisplayName': 'Ceiça', 'authorProfileImageUrl': 'https://yt3.ggpht.com/FqJuX7SRdEPkcPf23CzPXYuK5vQXtEQEQXHNYe789wU8H0PuesijisTJ34jo8rNlHAteDYoNUg=s48-c-k-c0x00ffffff-no-rj', 'authorChannelUrl': 'http://www.youtube.com/channel/UC1S_5JpIOiqBWYp3mPEgXvg', 'authorChannelId': {'value': 'UC1S_5JpIOiqBWYp3mPEgXvg'}, 'canRate': True, 'viewerRating': 'none', 'likeCount': 1, 'publishedAt': '2022-11-01T03:48:12Z', 'updatedAt': '2022-11-01T03:48:12Z'}}, 'canReply': True, 'totalReplyCount': 0, 'isPublic': True}",,UC1S_5JpIOiqBWYp3mPEgXvg,2022-11-01T03:48:12Z,Isso mesmo! Manter a tranquilidade e executar o projeto eleito. Melhores condições de vida para todos nós. Pela democracia !,QURTSl9pMDFUME9QR0ZFdlE2dEVSbXRHMTZ5VjNadk1IM3hhMXc2WTAzSmZRQTZ0TW1WMUtxM2FwQUlpRWtxWkpvQmtaaDJWbXZKa09JZw==,2023-06-07 12:46:19.107698
youtube#commentThread,j5oOaeXs3ej6F4ybVLpm2rqWslI,Ugw88kaQXx2W5C2nI414AaABAg,"{'videoId': 'XRYjrJJZAME', 'topLevelComment': {'kind': 'youtube#comment', 'etag': 'gzcF42cCggRzfsGPspBoLoIvbgM', 'id': 'Ugw88kaQXx2W5C2nI414AaABAg', 'snippet': {'videoId': 'XRYjrJJZAME', 'textDisplay': 'Não tem dúvidas nenhuma . deles. Bolsonaro tem que pagar pôr tudo que já fez e ainda está fazendo', 'textOriginal': 'Não tem dúvidas nenhuma . deles. Bolsonaro tem que pagar pôr tudo que já fez e ainda está fazendo', 'authorDisplayName': 'realves', 'authorProfileImageUrl': 'https://yt3.ggpht.com/R-E8sD6ZMSafHF-jawtuw0-w9uaTPCqsmHWy7EGiRaowSU9tmtCQhBYBUuur0RPenOrIMYHsVw=s48-c-k-c0x00ffffff-no-rj', 'authorChannelUrl': 'http://www.youtube.com/channel/UC6joggoGZwAlpgG9JOUMbJg', 'authorChannelId': {'value': 'UC6joggoGZwAlpgG9JOUMbJg'}, 'canRate': True, 'viewerRating': 'none', 'likeCount': 0, 'publishedAt': '2022-11-01T03:47:33Z', 'updatedAt': '2022-11-01T03:47:33Z'}}, 'canReply': True, 'totalReplyCount': 0, 'isPublic': True}",,UC6joggoGZwAlpgG9JOUMbJg,2022-11-01T03:47:33Z,Não tem dúvidas nenhuma . deles. Bolsonaro tem que pagar pôr tudo que já fez e ainda está fazendo,QURTSl9pMDFUME9QR0ZFdlE2dEVSbXRHMTZ5VjNadk1IM3hhMXc2WTAzSmZRQTZ0TW1WMUtxM2FwQUlpRWtxWkpvQmtaaDJWbXZKa09JZw==,2023-06-07 12:46:19.107698
youtube#commentThread,ACzHqc5hcgMg3lxNUV26nJGuUKQ,Ugz3fFwDG8LZDEFrF8d4AaABAg,"{'videoId': 'XRYjrJJZAME', 'topLevelComment': {'kind': 'youtube#comment', 'etag': 'fvy7Sn-E4OJmxDF8BqPwYo6VcKk', 'id': 'Ugz3fFwDG8LZDEFrF8d4AaABAg', 'snippet': {'videoId': 'XRYjrJJZAME', 'textDisplay': 'Tudo isto e culpa deste diabo deste perverso bolsonaro', 'textOriginal': 'Tudo isto e culpa deste diabo deste perverso bolsonaro', 'authorDisplayName': 'Zelia Souza', 'authorProfileImageUrl': 'https://yt3.ggpht.com/ytc/AGIKgqNoLpjB7jMmE3YGCL1smAO24AyYs_LEWCcss0ElImMq6969Ct2cNKQi9PgCq11X=s48-c-k-c0x00ffffff-no-rj', 'authorChannelUrl': 'http://www.youtube.com/channel/UCog1TpQFb5OMc-63vxJBh0Q', 'authorChannelId': {'value': 'UCog1TpQFb5OMc-63vxJBh0Q'}, 'canRate': True, 'viewerRating': 'none', 'likeCount': 0, 'publishedAt': '2022-11-01T03:46:58Z', 'updatedAt': '2022-11-01T03:46:58Z'}}, 'canReply': True, 'totalReplyCount': 0, 'isPublic': True}",,UCog1TpQFb5OMc-63vxJBh0Q,2022-11-01T03:46:58Z,Tudo isto e culpa deste diabo deste perverso bolsonaro,QURTSl9pMDFUME9QR0ZFdlE2dEVSbXRHMTZ5VjNadk1IM3hhMXc2WTAzSmZRQTZ0TW1WMUtxM2FwQUlpRWtxWkpvQmtaaDJWbXZKa09JZw==,2023-06-07 12:46:19.107698
youtube#commentThread,maCzK94ihZHi9CBONOSBm1Oghz4,UgyoSH1Va3cyWvT6G5N4AaABAg,"{'videoId': 'XRYjrJJZAME', 'topLevelComment': {'kind': 'youtube#comment', 'etag': 'obZNoqWFl0Yq-aB3KKA4V-kBJQs', 'id': 'UgyoSH1Va3cyWvT6G5N4AaABAg', 'snippet': {'videoId': 'XRYjrJJZAME', 'textDisplay': 'ESSE SER, MERECE É IR PRESO POR INCENTIVAR A BADERNA.... NOSSO PAIS É UM PAÍS LIVRE, OS BRASILEIROS OU MELHOR 50,90% FOI DE VOTOS VÁLIDOS!!! É LULA PRESIDENTE. EU NÃO ME CABO DE TANTAS FELICIDADES &quot;TE AMOOOOO MEU PRESIDENTE LUIZ INÁCIO LULA DA SILVA&quot; ❤️❤️❤️❤️❤️❤️❤️❤️❤️❤️❤️✨✨✨✨✨🍀🍀🍀🌻🌻🌻 CUIDADO LULA, SUA VIDA É IMPORTANTÍSSIMA PARA TODOS OS BRASILEIROS!!! &quot;QUE O BOM DEUS TE ABENÇOE TE PROTEJA SEMPREEEEEEEEE&quot; 🙌🙌🙌🙏🙏🙏 FICA BEM PRESIDENTE LULA&quot; ❤️❤️❤️❤️❤️❤️❤️❤️❤️❤️❤️❤️❤️❤️❤️❤️❤️❤️❤️❤️❤️❤️', 'textOriginal': 'ESSE SER, MERECE É IR PRESO POR INCENTIVAR A BADERNA.... NOSSO PAIS É UM PAÍS LIVRE, OS BRASILEIROS OU MELHOR 50,90% FOI DE VOTOS VÁLIDOS!!! É LULA PRESIDENTE. EU NÃO ME CABO DE TANTAS FELICIDADES ""TE AMOOOOO MEU PRESIDENTE LUIZ INÁCIO LULA DA SILVA"" ❤️❤️❤️❤️❤️❤️❤️❤️❤️❤️❤️✨✨✨✨✨🍀🍀🍀🌻🌻🌻 CUIDADO LULA, SUA VIDA É IMPORTANTÍSSIMA PARA TODOS OS BRASILEIROS!!! ""QUE O BOM DEUS TE ABENÇOE TE PROTEJA SEMPREEEEEEEEE"" 🙌🙌🙌🙏🙏🙏 FICA BEM PRESIDENTE LULA"" ❤️❤️❤️❤️❤️❤️❤️❤️❤️❤️❤️❤️❤️❤️❤️❤️❤️❤️❤️❤️❤️❤️', 'authorDisplayName': 'rilcin lanchonete', 'authorProfileImageUrl': 'https://yt3.ggpht.com/ytc/AGIKgqM_DU1VjXc0CnVTeJVYY4LfjVJ4c2_uNxrIL7IU=s48-c-k-c0x00ffffff-no-rj', 'authorChannelUrl': 'http://www.youtube.com/channel/UCG_Bj6fylseVoHJXegnJTxQ', 'authorChannelId': {'value': 'UCG_Bj6fylseVoHJXegnJTxQ'}, 'canRate': True, 'viewerRating': 'none', 'likeCount': 0, 'publishedAt': '2022-11-01T03:46:55Z', 'updatedAt': '2022-11-01T03:46:55Z'}}, 'canReply': True, 'totalReplyCount': 0, 'isPublic': True}",,UCG_Bj6fylseVoHJXegnJTxQ,2022-11-01T03:46:55Z,"ESSE SER, MERECE É IR PRESO POR INCENTIVAR A BADERNA.... NOSSO PAIS É UM PAÍS LIVRE, OS BRASILEIROS OU MELHOR 50,90% FOI DE VOTOS VÁLIDOS!!! É LULA PRESIDENTE. EU NÃO ME CABO DE TANTAS FELICIDADES ""TE AMOOOOO MEU PRESIDENTE LUIZ INÁCIO LULA DA SILVA"" ❤️❤️❤️❤️❤️❤️❤️❤️❤️❤️❤️✨✨✨✨✨🍀🍀🍀🌻🌻🌻 CUIDADO LULA, SUA VIDA É IMPORTANTÍSSIMA PARA TODOS OS BRASILEIROS!!! ""QUE O BOM DEUS TE ABENÇOE TE PROTEJA SEMPREEEEEEEEE"" 🙌🙌🙌🙏🙏🙏 FICA BEM PRESIDENTE LULA"" ❤️❤️❤️❤️❤️❤️❤️❤️❤️❤️❤️❤️❤️❤️❤️❤️❤️❤️❤️❤️❤️❤️",QURTSl9pM1ZGZUdfMlFEcXZ6eHgtSlp0NExTcWh1QnAyUlRSVTc1YWhveWt0R3A4UThybFZaZzdvdmMzU050WlRWYTVadXo0d05WNnVfQQ==,2023-06-07 12:46:20.721337
youtube#commentThread,sg49JqaWC_XJEMtpf_T5_tcz9w0,Ugwse3cYXsZp_0CyxfR4AaABAg,"{'videoId': 'XRYjrJJZAME', 'topLevelComment': {'kind': 'youtube#comment', 'etag': 'VoG50mYLDO-RZAiDHMupCu1jIV8', 'id': 'Ugwse3cYXsZp_0CyxfR4AaABAg', 'snippet': {'videoId': 'XRYjrJJZAME', 'textDisplay': 'Nós escolheu. Lula e pronto acabou não teve fraude nenhuma fora Bolsonaro', 'textOriginal': 'Nós escolheu. Lula e pronto acabou não teve fraude nenhuma fora Bolsonaro', 'authorDisplayName': 'realves', 'authorProfileImageUrl': 'https://yt3.ggpht.com/R-E8sD6ZMSafHF-jawtuw0-w9uaTPCqsmHWy7EGiRaowSU9tmtCQhBYBUuur0RPenOrIMYHsVw=s48-c-k-c0x00ffffff-no-rj', 'authorChannelUrl': 'http://www.youtube.com/channel/UC6joggoGZwAlpgG9JOUMbJg', 'authorChannelId': {'value': 'UC6joggoGZwAlpgG9JOUMbJg'}, 'canRate': True, 'viewerRating': 'none', 'likeCount': 0, 'publishedAt': '2022-11-01T03:44:24Z', 'updatedAt': '2022-11-01T03:44:59Z'}}, 'canReply': True, 'totalReplyCount': 0, 'isPublic': True}",,UC6joggoGZwAlpgG9JOUMbJg,2022-11-01T03:44:24Z,Nós escolheu. Lula e pronto acabou não teve fraude nenhuma fora Bolsonaro,QURTSl9pM1ZGZUdfMlFEcXZ6eHgtSlp0NExTcWh1QnAyUlRSVTc1YWhveWt0R3A4UThybFZaZzdvdmMzU050WlRWYTVadXo0d05WNnVfQQ==,2023-06-07 12:46:20.721337
youtube#commentThread,sICmOzsiyMoHmdBddX7SWbe5HKk,UgyLYKaSy5yifFaSzHt4AaABAg,"{'videoId': 'XRYjrJJZAME', 'topLevelComment': {'kind': 'youtube#comment', 'etag': 'xec1Asq1jXHpS8H_hKXyJglO8PU', 'id': 'UgyLYKaSy5yifFaSzHt4AaABAg', 'snippet': {'videoId': 'XRYjrJJZAME', 'textDisplay': 'Protesto nas estradas? Que nada! Na verdade são lesa-pátria traidores Aécistas amantes de corruptos machistas que não aceitaram até hoje a vitória da nossa Amada presidenta Dilma daí ficam ano a ano bagunçado a cúpula do país ou a sociedade<br>Este cara entrou só porquê lembrou um torturador e o império traidor fez o jogo para nosso país retroceder da 6° economia mundial para a 17° como éramos antes do governo Lula e Dilma', 'textOriginal': 'Protesto nas estradas? Que nada! Na verdade são lesa-pátria traidores Aécistas amantes de corruptos machistas que não aceitaram até hoje a vitória da nossa Amada presidenta Dilma daí ficam ano a ano bagunçado a cúpula do país ou a sociedade\nEste cara entrou só porquê lembrou um torturador e o império traidor fez o jogo para nosso país retroceder da 6° economia mundial para a 17° como éramos antes do governo Lula e Dilma', 'authorDisplayName': 'G S', 'authorProfileImageUrl': 'https://yt3.ggpht.com/ytc/AGIKgqM_bbw3nimcgTlVQ__5to9NPkUoMIWSOjp3KDIca00=s48-c-k-c0x00ffffff-no-rj', 'authorChannelUrl': 'http://www.youtube.com/channel/UCCVFQn-hGzWc3EHGg3JWScw', 'authorChannelId': {'value': 'UCCVFQn-hGzWc3EHGg3JWScw'}, 'canRate': True, 'viewerRating': 'none', 'likeCount': 0, 'publishedAt': '2022-11-01T03:41:32Z', 'updatedAt': '2022-11-01T03:41:32Z'}}, 'canReply': True, 'totalReplyCount': 0, 'isPublic': True}",,UCCVFQn-hGzWc3EHGg3JWScw,2022-11-01T03:41:32Z,"Protesto nas estradas? Que nada! Na verdade são lesa-pátria traidores Aécistas amantes de corruptos machistas que não aceitaram até hoje a vitória da nossa Amada presidenta Dilma daí ficam ano a ano bagunçado a cúpula do país ou a sociedade
Este cara entrou só porquê lembrou um torturador e o império traidor fez o jogo para nosso país retroceder da 6° economia mundial para a 17° como éramos antes do governo Lula e Dilma",QURTSl9pM1ZGZUdfMlFEcXZ6eHgtSlp0NExTcWh1QnAyUlRSVTc1YWhveWt0R3A4UThybFZaZzdvdmMzU050WlRWYTVadXo0d05WNnVfQQ==,2023-06-07 12:46:20.721337
youtube#commentThread,hWw5cMugXV-CMoyIlvqiRUXqFP0,UgyavtK7X9o7gv5vMEZ4AaABAg,"{'videoId': 'XRYjrJJZAME', 'topLevelComment': {'kind': 'youtube#comment', 'etag': 'HEQ5Z-5q4LCxcsi4ig_ReXB3DZM', 'id': 'UgyavtK7X9o7gv5vMEZ4AaABAg', 'snippet': {'videoId': 'XRYjrJJZAME', 'textDisplay': 'O Brasil conta com você pimenta!', 'textOriginal': 'O Brasil conta com você pimenta!', 'authorDisplayName': 'alemao amarildo', 'authorProfileImageUrl': 'https://yt3.ggpht.com/ytc/AGIKgqP1xqz2AwzmIZutSUnCNfggSRu0iYOPSrTFUw=s48-c-k-c0x00ffffff-no-rj', 'authorChannelUrl': 'http://www.youtube.com/channel/UCbWMjzeFlC93RoXlpWclzYw', 'authorChannelId': {'value': 'UCbWMjzeFlC93RoXlpWclzYw'}, 'canRate': True, 'viewerRating': 'none', 'likeCount': 3, 'publishedAt': '2022-11-01T03:39:50Z', 'updatedAt': '2022-11-01T03:39:50Z'}}, 'canReply': True, 'totalReplyCount': 0, 'isPublic': True}",,UCbWMjzeFlC93RoXlpWclzYw,2022-11-01T03:39:50Z,O Brasil conta com você pimenta!,QURTSl9pM1ZGZUdfMlFEcXZ6eHgtSlp0NExTcWh1QnAyUlRSVTc1YWhveWt0R3A4UThybFZaZzdvdmMzU050WlRWYTVadXo0d05WNnVfQQ==,2023-06-07 12:46:20.721337
youtube#commentThread,x8f6opeEBUX5hxAvqFK2JqlcOk8,Ugyq0UxiRwHNvkufJBZ4AaABAg,"{'videoId': 'XRYjrJJZAME', 'topLevelComment': {'kind': 'youtube#comment', 'etag': 'DR90pslH0Qg7o8pebmOElf7lKwk', 'id': 'Ugyq0UxiRwHNvkufJBZ4AaABAg', 'snippet': {'videoId': 'XRYjrJJZAME', 'textDisplay': 'A PRF está ajudando fechar as estradas ,as autoridades não vão reagir? Bolsolixo está tentando um golpe!', 'textOriginal': 'A PRF está ajudando fechar as estradas ,as autoridades não vão reagir? Bolsolixo está tentando um golpe!', 'authorDisplayName': 'alemao amarildo', 'authorProfileImageUrl': 'https://yt3.ggpht.com/ytc/AGIKgqP1xqz2AwzmIZutSUnCNfggSRu0iYOPSrTFUw=s48-c-k-c0x00ffffff-no-rj', 'authorChannelUrl': 'http://www.youtube.com/channel/UCbWMjzeFlC93RoXlpWclzYw', 'authorChannelId': {'value': 'UCbWMjzeFlC93RoXlpWclzYw'}, 'canRate': True, 'viewerRating': 'none', 'likeCount': 0, 'publishedAt': '2022-11-01T03:38:32Z', 'updatedAt': '2022-11-01T03:38:32Z'}}, 'canReply': True, 'totalReplyCount': 0, 'isPublic': True}",,UCbWMjzeFlC93RoXlpWclzYw,2022-11-01T03:38:32Z,"A PRF está ajudando fechar as estradas ,as autoridades não vão reagir? Bolsolixo está tentando um golpe!",QURTSl9pM1ZGZUdfMlFEcXZ6eHgtSlp0NExTcWh1QnAyUlRSVTc1YWhveWt0R3A4UThybFZaZzdvdmMzU050WlRWYTVadXo0d05WNnVfQQ==,2023-06-07 12:46:20.721337
youtube#commentThread,TckD2V0zTUnpkELsff5VX6Nrkyk,Ugz_Fap04RNNkQuYjNt4AaABAg,"{'videoId': 'XRYjrJJZAME', 'topLevelComment': {'kind': 'youtube#comment', 'etag': 'cKKXjwtuirphL-DA3eTx_Efy750', 'id': 'Ugz_Fap04RNNkQuYjNt4AaABAg', 'snippet': {'videoId': 'XRYjrJJZAME', 'textDisplay': 'Aqui uma desgraçada revoltada passou o carro por cima de três crianças, uma delas morreu. E outra causou 5 mortes , isso é uma situação muito triste porque são várias mortes por dia por causa da derrota de BOlSONARO', 'textOriginal': 'Aqui uma desgraçada revoltada passou o carro por cima de três crianças, uma delas morreu. E outra causou 5 mortes , isso é uma situação muito triste porque são várias mortes por dia por causa da derrota de BOlSONARO', 'authorDisplayName': 'Selma Silva Santos', 'authorProfileImageUrl': 'https://yt3.ggpht.com/ytc/AGIKgqM5BCAYOFquAGHcRem6tJGxYDsF5m61xabIP332=s48-c-k-c0x00ffffff-no-rj', 'authorChannelUrl': 'http://www.youtube.com/channel/UCOD7ODSSlwxF9JnKJq8Xwlg', 'authorChannelId': {'value': 'UCOD7ODSSlwxF9JnKJq8Xwlg'}, 'canRate': True, 'viewerRating': 'none', 'likeCount': 0, 'publishedAt': '2022-11-01T03:37:36Z', 'updatedAt': '2022-11-01T03:37:36Z'}}, 'canReply': True, 'totalReplyCount': 0, 'isPublic': True}",,UCOD7ODSSlwxF9JnKJq8Xwlg,2022-11-01T03:37:36Z,"Aqui uma desgraçada revoltada passou o carro por cima de três crianças, uma delas morreu. E outra causou 5 mortes , isso é uma situação muito triste porque são várias mortes por dia por causa da derrota de BOlSONARO",QURTSl9pM1ZGZUdfMlFEcXZ6eHgtSlp0NExTcWh1QnAyUlRSVTc1YWhveWt0R3A4UThybFZaZzdvdmMzU050WlRWYTVadXo0d05WNnVfQQ==,2023-06-07 12:46:20.721337
youtube#commentThread,nkJWtGhSwjDIMB8QblO9Y3aIOek,UgwGjmkF5MVe_IXezQV4AaABAg,"{'videoId': 'XRYjrJJZAME', 'topLevelComment': {'kind': 'youtube#comment', 'etag': 'GYEGRgMkkL8m45GTcwthBMwFCVM', 'id': 'UgwGjmkF5MVe_IXezQV4AaABAg', 'snippet': {'videoId': 'XRYjrJJZAME', 'textDisplay': 'Bolsonaro está tentando dar um golpe', 'textOriginal': 'Bolsonaro está tentando dar um golpe', 'authorDisplayName': 'alemao amarildo', 'authorProfileImageUrl': 'https://yt3.ggpht.com/ytc/AGIKgqP1xqz2AwzmIZutSUnCNfggSRu0iYOPSrTFUw=s48-c-k-c0x00ffffff-no-rj', 'authorChannelUrl': 'http://www.youtube.com/channel/UCbWMjzeFlC93RoXlpWclzYw', 'authorChannelId': {'value': 'UCbWMjzeFlC93RoXlpWclzYw'}, 'canRate': True, 'viewerRating': 'none', 'likeCount': 0, 'publishedAt': '2022-11-01T03:36:18Z', 'updatedAt': '2022-11-01T03:36:18Z'}}, 'canReply': True, 'totalReplyCount': 0, 'isPublic': True}",,UCbWMjzeFlC93RoXlpWclzYw,2022-11-01T03:36:18Z,Bolsonaro está tentando dar um golpe,QURTSl9pM1ZGZUdfMlFEcXZ6eHgtSlp0NExTcWh1QnAyUlRSVTc1YWhveWt0R3A4UThybFZaZzdvdmMzU050WlRWYTVadXo0d05WNnVfQQ==,2023-06-07 12:46:20.721337
youtube#commentThread,otJN6wB06epQyKphHBKfoYJLFWo,Ugx83WnPSUuKYYwyGzh4AaABAg,"{'videoId': 'XRYjrJJZAME', 'topLevelComment': {'kind': 'youtube#comment', 'etag': '7w_aKJBk8q-EGJjYNn4f7DHIboQ', 'id': 'Ugx83WnPSUuKYYwyGzh4AaABAg', 'snippet': {'videoId': 'XRYjrJJZAME', 'textDisplay': 'Estamos sendo vítimas destes desajustados e ninguém está tomando providência pra acabar com esta bagunça nos tirando o direito de ir e vir e a mercê da violência?', 'textOriginal': 'Estamos sendo vítimas destes desajustados e ninguém está tomando providência pra acabar com esta bagunça nos tirando o direito de ir e vir e a mercê da violência?', 'authorDisplayName': 'Nelci Moraes', 'authorProfileImageUrl': 'https://yt3.ggpht.com/ytc/AGIKgqNgIwVuubQNltVzDAVw-L6iD2-xiB0mBdl1=s48-c-k-c0x00ffffff-no-rj', 'authorChannelUrl': 'http://www.youtube.com/channel/UC20VsdjnwmPVsAwDvLzLVJw', 'authorChannelId': {'value': 'UC20VsdjnwmPVsAwDvLzLVJw'}, 'canRate': True, 'viewerRating': 'none', 'likeCount': 1, 'publishedAt': '2022-11-01T03:31:56Z', 'updatedAt': '2022-11-01T03:31:56Z'}}, 'canReply': True, 'totalReplyCount': 0, 'isPublic': True}",,UC20VsdjnwmPVsAwDvLzLVJw,2022-11-01T03:31:56Z,Estamos sendo vítimas destes desajustados e ninguém está tomando providência pra acabar com esta bagunça nos tirando o direito de ir e vir e a mercê da violência?,QURTSl9pM1ZGZUdfMlFEcXZ6eHgtSlp0NExTcWh1QnAyUlRSVTc1YWhveWt0R3A4UThybFZaZzdvdmMzU050WlRWYTVadXo0d05WNnVfQQ==,2023-06-07 12:46:20.721337
youtube#commentThread,-207gr0gEu9fHAJPsPqsfbVuKhQ,UgyLRC5LyIGbRnQ01RF4AaABAg,"{'videoId': 'XRYjrJJZAME', 'topLevelComment': {'kind': 'youtube#comment', 'etag': 'iX-qZscW0T1ssitOJoExCTsrmrc', 'id': 'UgyLRC5LyIGbRnQ01RF4AaABAg', 'snippet': {'videoId': 'XRYjrJJZAME', 'textDisplay': 'O Brasil precisa de paz e amor esperança humildade e sabedoria todos nós somos irmãos brasileiros e brasileiras  somos uma só nação.❤🇧🇷❤👆🏾', 'textOriginal': 'O Brasil precisa de paz e amor esperança humildade e sabedoria todos nós somos irmãos brasileiros e brasileiras  somos uma só nação.❤🇧🇷❤👆🏾', 'authorDisplayName': 'Maria da Conceição A. F. Azevedo Azevedo', 'authorProfileImageUrl': 'https://yt3.ggpht.com/_Hl90Gxmf09znmjlrSGAs_WAd0w4GUgbALYycNaXJBiLluEgX5VuCsWmNKMbQm8HKfcVLoxZUBY=s48-c-k-c0x00ffffff-no-rj', 'authorChannelUrl': 'http://www.youtube.com/channel/UCLE0Y5XNL9_6u8aBEUaOpRw', 'authorChannelId': {'value': 'UCLE0Y5XNL9_6u8aBEUaOpRw'}, 'canRate': True, 'viewerRating': 'none', 'likeCount': 6, 'publishedAt': '2022-11-01T03:31:24Z', 'updatedAt': '2022-11-01T03:31:24Z'}}, 'canReply': True, 'totalReplyCount': 0, 'isPublic': True}",,UCLE0Y5XNL9_6u8aBEUaOpRw,2022-11-01T03:31:24Z,O Brasil precisa de paz e amor esperança humildade e sabedoria todos nós somos irmãos brasileiros e brasileiras  somos uma só nação.❤🇧🇷❤👆🏾,QURTSl9pM1ZGZUdfMlFEcXZ6eHgtSlp0NExTcWh1QnAyUlRSVTc1YWhveWt0R3A4UThybFZaZzdvdmMzU050WlRWYTVadXo0d05WNnVfQQ==,2023-06-07 12:46:20.721337
youtube#commentThread,hmdSo7jNEfjvuPGw98FxjvUkttc,Ugwt24MrsFaGctu9EVt4AaABAg,"{'videoId': 'XRYjrJJZAME', 'topLevelComment': {'kind': 'youtube#comment', 'etag': 'LPVvsqWpOBglPADI51oedghGTNE', 'id': 'Ugwt24MrsFaGctu9EVt4AaABAg', 'snippet': {'videoId': 'XRYjrJJZAME', 'textDisplay': 'Deus e as autoridades faz justiça ! O amor e paz triunfam E Lula e Paz no Brasil 👏👏🇧🇷🇧🇷', 'textOriginal': 'Deus e as autoridades faz justiça ! O amor e paz triunfam E Lula e Paz no Brasil 👏👏🇧🇷🇧🇷', 'authorDisplayName': 'Eva Soares', 'authorProfileImageUrl': 'https://yt3.ggpht.com/Pb_GBuhuqDBQUYFU8Or-hEJ2CqDoNLGZIMz-QhthM7FD0NWTCTHr1ez571AkWyDh1bKzIruLTA=s48-c-k-c0x00ffffff-no-rj', 'authorChannelUrl': 'http://www.youtube.com/channel/UC9_wSJzuFMmxpGqNeStlnTA', 'authorChannelId': {'value': 'UC9_wSJzuFMmxpGqNeStlnTA'}, 'canRate': True, 'viewerRating': 'none', 'likeCount': 1, 'publishedAt': '2022-11-01T03:25:23Z', 'updatedAt': '2022-11-01T03:25:23Z'}}, 'canReply': True, 'totalReplyCount': 0, 'isPublic': True}",,UC9_wSJzuFMmxpGqNeStlnTA,2022-11-01T03:25:23Z,Deus e as autoridades faz justiça ! O amor e paz triunfam E Lula e Paz no Brasil 👏👏🇧🇷🇧🇷,QURTSl9pM1ZGZUdfMlFEcXZ6eHgtSlp0NExTcWh1QnAyUlRSVTc1YWhveWt0R3A4UThybFZaZzdvdmMzU050WlRWYTVadXo0d05WNnVfQQ==,2023-06-07 12:46:20.721337
youtube#commentThread,ZzbFnW3lZam-mdo8x0c7PRRJUhA,UgxNr47nrktajfKlG_h4AaABAg,"{'videoId': 'XRYjrJJZAME', 'topLevelComment': {'kind': 'youtube#comment', 'etag': '9mSW0JXS3L5T8x7-_CiVNR7SXL8', 'id': 'UgxNr47nrktajfKlG_h4AaABAg', 'snippet': {'videoId': 'XRYjrJJZAME', 'textDisplay': 'Os filhos dele é quem ta agitandoo povo ,incentivando a gadaiada a bagunçar o país tem que prender esses baderneiros ,eles tem que ve que agora eles vão ter que trabalhar pq não tem mais teta não se tão pagando pra eles fazerem isso ,recebe o dinheiro e vai pra casa,pq vcs fazendo isso não vai dá em nada ,acabou não existemas gado existe pessoas que tem que trabalhar temos muito trabalho pela frente', 'textOriginal': 'Os filhos dele é quem ta agitandoo povo ,incentivando a gadaiada a bagunçar o país tem que prender esses baderneiros ,eles tem que ve que agora eles vão ter que trabalhar pq não tem mais teta não se tão pagando pra eles fazerem isso ,recebe o dinheiro e vai pra casa,pq vcs fazendo isso não vai dá em nada ,acabou não existemas gado existe pessoas que tem que trabalhar temos muito trabalho pela frente', 'authorDisplayName': 'Sebastiana Araujo', 'authorProfileImageUrl': 'https://yt3.ggpht.com/ytc/AGIKgqPB8LHyq59KQRY0M8OL0o2dLAlLiuWASwC5KRwE=s48-c-k-c0x00ffffff-no-rj', 'authorChannelUrl': 'http://www.youtube.com/channel/UCLMvF27pxebe6bcv2CdwtVA', 'authorChannelId': {'value': 'UCLMvF27pxebe6bcv2CdwtVA'}, 'canRate': True, 'viewerRating': 'none', 'likeCount': 0, 'publishedAt': '2022-11-01T03:24:34Z', 'updatedAt': '2022-11-01T03:24:34Z'}}, 'canReply': True, 'totalReplyCount': 0, 'isPublic': True}",,UCLMvF27pxebe6bcv2CdwtVA,2022-11-01T03:24:34Z,"Os filhos dele é quem ta agitandoo povo ,incentivando a gadaiada a bagunçar o país tem que prender esses baderneiros ,eles tem que ve que agora eles vão ter que trabalhar pq não tem mais teta não se tão pagando pra eles fazerem isso ,recebe o dinheiro e vai pra casa,pq vcs fazendo isso não vai dá em nada ,acabou não existemas gado existe pessoas que tem que trabalhar temos muito trabalho pela frente",QURTSl9pM1ZGZUdfMlFEcXZ6eHgtSlp0NExTcWh1QnAyUlRSVTc1YWhveWt0R3A4UThybFZaZzdvdmMzU050WlRWYTVadXo0d05WNnVfQQ==,2023-06-07 12:46:20.721337
youtube#commentThread,3SgeY9FInUpo12PgTrI36G4SR90,UgwGKuLBa1lzbs-_BHt4AaABAg,"{'videoId': 'XRYjrJJZAME', 'topLevelComment': {'kind': 'youtube#comment', 'etag': 'C6roaMniE5bgyFd6YshY9rS2fYY', 'id': 'UgwGKuLBa1lzbs-_BHt4AaABAg', 'snippet': {'videoId': 'XRYjrJJZAME', 'textDisplay': 'Tá na cara que tem a mão de Bolsonaro nesta interdição de rodovias. Isto não é greve isto é baderna e falta de respeito. Vc não sabe aceitar uma derrota Bolsonaro? Pode se sentir orgulho,pq vc perdeu para o melhor Presidente que nosso País já teve.Este que o derrotou vc,a máquina pública, os auxílios políticos para compra de votos,foi O GRANDE LUIZ INÁCIO LULA DA SILVA. Aceita que dói menos.', 'textOriginal': 'Tá na cara que tem a mão de Bolsonaro nesta interdição de rodovias. Isto não é greve isto é baderna e falta de respeito. Vc não sabe aceitar uma derrota Bolsonaro? Pode se sentir orgulho,pq vc perdeu para o melhor Presidente que nosso País já teve.Este que o derrotou vc,a máquina pública, os auxílios políticos para compra de votos,foi O GRANDE LUIZ INÁCIO LULA DA SILVA. Aceita que dói menos.', 'authorDisplayName': 'Clodoaldo De souza vaz', 'authorProfileImageUrl': 'https://yt3.ggpht.com/ytc/AGIKgqNJGrkG62_EWgrThzJdyakcp9zGWbDqtr8GRZNz=s48-c-k-c0x00ffffff-no-rj', 'authorChannelUrl': 'http://www.youtube.com/channel/UCjlW1aVnPuPHBYRA-YRP23A', 'authorChannelId': {'value': 'UCjlW1aVnPuPHBYRA-YRP23A'}, 'canRate': True, 'viewerRating': 'none', 'likeCount': 0, 'publishedAt': '2022-11-01T03:23:57Z', 'updatedAt': '2022-11-01T03:23:57Z'}}, 'canReply': True, 'totalReplyCount': 0, 'isPublic': True}",,UCjlW1aVnPuPHBYRA-YRP23A,2022-11-01T03:23:57Z,"Tá na cara que tem a mão de Bolsonaro nesta interdição de rodovias. Isto não é greve isto é baderna e falta de respeito. Vc não sabe aceitar uma derrota Bolsonaro? Pode se sentir orgulho,pq vc perdeu para o melhor Presidente que nosso País já teve.Este que o derrotou vc,a máquina pública, os auxílios políticos para compra de votos,foi O GRANDE LUIZ INÁCIO LULA DA SILVA. Aceita que dói menos.",QURTSl9pM1ZGZUdfMlFEcXZ6eHgtSlp0NExTcWh1QnAyUlRSVTc1YWhveWt0R3A4UThybFZaZzdvdmMzU050WlRWYTVadXo0d05WNnVfQQ==,2023-06-07 12:46:20.721337
youtube#commentThread,Xpqswym_JQOD47L8Fowz6lPc3UE,UgxUvq4i4R_wCgXvO2x4AaABAg,"{'videoId': 'XRYjrJJZAME', 'topLevelComment': {'kind': 'youtube#comment', 'etag': 'Rt2UTpLq2rl6FL4gKqUo23kFSX8', 'id': 'UgxUvq4i4R_wCgXvO2x4AaABAg', 'snippet': {'videoId': 'XRYjrJJZAME', 'textDisplay': 'Maravilhoso o Lula e paz e amor e o Brasil quer uniao e felicidades !! Deus sempre Vance o odio', 'textOriginal': 'Maravilhoso o Lula e paz e amor e o Brasil quer uniao e felicidades !! Deus sempre Vance o odio', 'authorDisplayName': 'Eva Soares', 'authorProfileImageUrl': 'https://yt3.ggpht.com/Pb_GBuhuqDBQUYFU8Or-hEJ2CqDoNLGZIMz-QhthM7FD0NWTCTHr1ez571AkWyDh1bKzIruLTA=s48-c-k-c0x00ffffff-no-rj', 'authorChannelUrl': 'http://www.youtube.com/channel/UC9_wSJzuFMmxpGqNeStlnTA', 'authorChannelId': {'value': 'UC9_wSJzuFMmxpGqNeStlnTA'}, 'canRate': True, 'viewerRating': 'none', 'likeCount': 1, 'publishedAt': '2022-11-01T03:23:33Z', 'updatedAt': '2022-11-01T03:23:33Z'}}, 'canReply': True, 'totalReplyCount': 0, 'isPublic': True}",,UC9_wSJzuFMmxpGqNeStlnTA,2022-11-01T03:23:33Z,Maravilhoso o Lula e paz e amor e o Brasil quer uniao e felicidades !! Deus sempre Vance o odio,QURTSl9pM1ZGZUdfMlFEcXZ6eHgtSlp0NExTcWh1QnAyUlRSVTc1YWhveWt0R3A4UThybFZaZzdvdmMzU050WlRWYTVadXo0d05WNnVfQQ==,2023-06-07 12:46:20.721337
youtube#commentThread,VwiDkdd8hCud8zA14z4fmfT4Xuw,UgxQudjw9g5RjWpbYAB4AaABAg,"{'videoId': 'XRYjrJJZAME', 'topLevelComment': {'kind': 'youtube#comment', 'etag': 'dBgTjgaFbiUi0Dtur-00Z-YZXqE', 'id': 'UgxQudjw9g5RjWpbYAB4AaABAg', 'snippet': {'videoId': 'XRYjrJJZAME', 'textDisplay': 'Acho que é  preciso chamar o conselheiro dele o Pastor SILAS MALAFAIA PARA ACONSELHAR.O BOLSONARO É EXORCISAR ELE', 'textOriginal': 'Acho que é  preciso chamar o conselheiro dele o Pastor SILAS MALAFAIA PARA ACONSELHAR.O BOLSONARO É EXORCISAR ELE', 'authorDisplayName': 'Gilmar Sarmento', 'authorProfileImageUrl': 'https://yt3.ggpht.com/ytc/AGIKgqPtrEviPdPRKY4ho4YVN9OA4q6p5bsz0KOfIg=s48-c-k-c0x00ffffff-no-rj', 'authorChannelUrl': 'http://www.youtube.com/channel/UCXHDZF5aP0Fku5SKQltFWHg', 'authorChannelId': {'value': 'UCXHDZF5aP0Fku5SKQltFWHg'}, 'canRate': True, 'viewerRating': 'none', 'likeCount': 0, 'publishedAt': '2022-11-01T03:19:21Z', 'updatedAt': '2022-11-01T03:19:21Z'}}, 'canReply': True, 'totalReplyCount': 0, 'isPublic': True}",,UCXHDZF5aP0Fku5SKQltFWHg,2022-11-01T03:19:21Z,Acho que é  preciso chamar o conselheiro dele o Pastor SILAS MALAFAIA PARA ACONSELHAR.O BOLSONARO É EXORCISAR ELE,QURTSl9pM1ZGZUdfMlFEcXZ6eHgtSlp0NExTcWh1QnAyUlRSVTc1YWhveWt0R3A4UThybFZaZzdvdmMzU050WlRWYTVadXo0d05WNnVfQQ==,2023-06-07 12:46:20.721337
youtube#commentThread,6hwAsqtNIkkl-IZ-4YM9exSq6Lo,Ugz6tXoJkSLqxUvt-gR4AaABAg,"{'videoId': 'XRYjrJJZAME', 'topLevelComment': {'kind': 'youtube#comment', 'etag': 'aCgfxaB3WmrS_MXrMS9C4GcQEAs', 'id': 'Ugz6tXoJkSLqxUvt-gR4AaABAg', 'snippet': {'videoId': 'XRYjrJJZAME', 'textDisplay': 'O presidente bem falou, cara. Fala a verdade. Nem você acredita no seu líder!', 'textOriginal': 'O presidente bem falou, cara. Fala a verdade. Nem você acredita no seu líder!', 'authorDisplayName': 'Samuel Sa', 'authorProfileImageUrl': 'https://yt3.ggpht.com/ytc/AGIKgqN6-p_Q5tnDBV6vNFUChF0k7YEMGz_lhHP7QQhHcyMD6t_Fd-3xPl6cOvQdi6tW=s48-c-k-c0x00ffffff-no-rj', 'authorChannelUrl': 'http://www.youtube.com/channel/UCOY09ymkLbcMSr7dNkc0m0g', 'authorChannelId': {'value': 'UCOY09ymkLbcMSr7dNkc0m0g'}, 'canRate': True, 'viewerRating': 'none', 'likeCount': 0, 'publishedAt': '2022-11-01T03:18:11Z', 'updatedAt': '2022-11-01T03:18:11Z'}}, 'canReply': True, 'totalReplyCount': 0, 'isPublic': True}",,UCOY09ymkLbcMSr7dNkc0m0g,2022-11-01T03:18:11Z,"O presidente bem falou, cara. Fala a verdade. Nem você acredita no seu líder!",QURTSl9pM1ZGZUdfMlFEcXZ6eHgtSlp0NExTcWh1QnAyUlRSVTc1YWhveWt0R3A4UThybFZaZzdvdmMzU050WlRWYTVadXo0d05WNnVfQQ==,2023-06-07 12:46:20.721337
youtube#commentThread,_AXYB-MVsTtpUXgsiYrBQaHr-3U,UgyDpNyEkHd__7DOLnN4AaABAg,"{'videoId': 'XRYjrJJZAME', 'topLevelComment': {'kind': 'youtube#comment', 'etag': 'CHTLHY3nr95JlNE4TL9N3z0e2Q4', 'id': 'UgyDpNyEkHd__7DOLnN4AaABAg', 'snippet': {'videoId': 'XRYjrJJZAME', 'textDisplay': 'Ele devia pensar no futuro político dos que apoiaram ele, a democracia é  a solução', 'textOriginal': 'Ele devia pensar no futuro político dos que apoiaram ele, a democracia é  a solução', 'authorDisplayName': 'João Machado', 'authorProfileImageUrl': 'https://yt3.ggpht.com/ytc/AGIKgqNaMF7AnYBtLRO1szHoHP074ANAQFyBhVYLp1NNFHSH0n9dMJci2oOYiJb6xHTz=s48-c-k-c0x00ffffff-no-rj', 'authorChannelUrl': 'http://www.youtube.com/channel/UCQ6XNEaNGSjdKd7BxlXrNfA', 'authorChannelId': {'value': 'UCQ6XNEaNGSjdKd7BxlXrNfA'}, 'canRate': True, 'viewerRating': 'none', 'likeCount': 0, 'publishedAt': '2022-11-01T03:17:01Z', 'updatedAt': '2022-11-01T03:17:01Z'}}, 'canReply': True, 'totalReplyCount': 0, 'isPublic': True}",,UCQ6XNEaNGSjdKd7BxlXrNfA,2022-11-01T03:17:01Z,"Ele devia pensar no futuro político dos que apoiaram ele, a democracia é  a solução",QURTSl9pM1ZGZUdfMlFEcXZ6eHgtSlp0NExTcWh1QnAyUlRSVTc1YWhveWt0R3A4UThybFZaZzdvdmMzU050WlRWYTVadXo0d05WNnVfQQ==,2023-06-07 12:46:20.721337
youtube#commentThread,WoboTharYqXD6001mFnOXvf8Dlo,UgzQ4edJ1IRVIJG1Xip4AaABAg,"{'videoId': 'XRYjrJJZAME', 'topLevelComment': {'kind': 'youtube#comment', 'etag': 'KNsZCmn1tnpBotM0mqOCnDF5Z2E', 'id': 'UgzQ4edJ1IRVIJG1Xip4AaABAg', 'snippet': {'videoId': 'XRYjrJJZAME', 'textDisplay': 'XORA GADOS RAIVOSOS kkkkkkkkk', 'textOriginal': 'XORA GADOS RAIVOSOS kkkkkkkkk', 'authorDisplayName': 'Maria Patrocinia da Costa Soares', 'authorProfileImageUrl': 'https://yt3.ggpht.com/0llqkZaHPYrWbCbeO97cvHh9o-5Uvi4Zgkvv4cbrNsLw3-_mbVrIHajyWfxuqnFxqyXOMhl_Cw=s48-c-k-c0x00ffffff-no-rj', 'authorChannelUrl': 'http://www.youtube.com/channel/UCDqlWXewrV8Z6MxHqSQMmeA', 'authorChannelId': {'value': 'UCDqlWXewrV8Z6MxHqSQMmeA'}, 'canRate': True, 'viewerRating': 'none', 'likeCount': 1, 'publishedAt': '2022-11-01T03:14:29Z', 'updatedAt': '2022-11-01T03:14:29Z'}}, 'canReply': True, 'totalReplyCount': 0, 'isPublic': True}",,UCDqlWXewrV8Z6MxHqSQMmeA,2022-11-01T03:14:29Z,XORA GADOS RAIVOSOS kkkkkkkkk,QURTSl9pM1ZGZUdfMlFEcXZ6eHgtSlp0NExTcWh1QnAyUlRSVTc1YWhveWt0R3A4UThybFZaZzdvdmMzU050WlRWYTVadXo0d05WNnVfQQ==,2023-06-07 12:46:20.721337
youtube#commentThread,y0ekrVvXXnMDvvfTUMmbPDV1Mps,Ugw5OEsXOLUNdFeK5gh4AaABAg,"{'videoId': 'XRYjrJJZAME', 'topLevelComment': {'kind': 'youtube#comment', 'etag': 'fuv91Im0T8FBhMSY26bpqXRfcPo', 'id': 'Ugw5OEsXOLUNdFeK5gh4AaABAg', 'snippet': {'videoId': 'XRYjrJJZAME', 'textDisplay': 'O miliciano corrupto,  criminoso broxonazibaphomet e os seus amigos destruidores, mortíferos estão em cilencio até agora pra poderem apagarem pistas e estratégias de seus malditos crimes, mas não ficarão impunes porque no Brasil existem homens e mulheres que são honestas, hidonias responsaveis que prezam a  DEMOCRACIA E RESPEITAM A CONSTITUICAO EM PROL DE TODA NAÇÃO BRASILEIRA', 'textOriginal': 'O miliciano corrupto,  criminoso broxonazibaphomet e os seus amigos destruidores, mortíferos estão em cilencio até agora pra poderem apagarem pistas e estratégias de seus malditos crimes, mas não ficarão impunes porque no Brasil existem homens e mulheres que são honestas, hidonias responsaveis que prezam a  DEMOCRACIA E RESPEITAM A CONSTITUICAO EM PROL DE TODA NAÇÃO BRASILEIRA', 'authorDisplayName': 'Maria De Lourdes Azidorio', 'authorProfileImageUrl': 'https://yt3.ggpht.com/ytc/AGIKgqPuHg9A6CXwNAukMGXyNNWzghVX4g9U-Ntk4vAJkA=s48-c-k-c0x00ffffff-no-rj', 'authorChannelUrl': 'http://www.youtube.com/channel/UC1eAS7EhK3-Rz9IY0ZEUl2w', 'authorChannelId': {'value': 'UC1eAS7EhK3-Rz9IY0ZEUl2w'}, 'canRate': True, 'viewerRating': 'none', 'likeCount': 0, 'publishedAt': '2022-11-01T03:12:43Z', 'updatedAt': '2022-11-01T03:12:43Z'}}, 'canReply': True, 'totalReplyCount': 0, 'isPublic': True}",,UC1eAS7EhK3-Rz9IY0ZEUl2w,2022-11-01T03:12:43Z,"O miliciano corrupto,  criminoso broxonazibaphomet e os seus amigos destruidores, mortíferos estão em cilencio até agora pra poderem apagarem pistas e estratégias de seus malditos crimes, mas não ficarão impunes porque no Brasil existem homens e mulheres que são honestas, hidonias responsaveis que prezam a  DEMOCRACIA E RESPEITAM A CONSTITUICAO EM PROL DE TODA NAÇÃO BRASILEIRA",QURTSl9pM1ZGZUdfMlFEcXZ6eHgtSlp0NExTcWh1QnAyUlRSVTc1YWhveWt0R3A4UThybFZaZzdvdmMzU050WlRWYTVadXo0d05WNnVfQQ==,2023-06-07 12:46:20.721337
youtube#commentThread,zBiSmcW2PokXthAIkwxWxpIc-GI,Ugx1NTUgu56eaHsc8Th4AaABAg,"{'videoId': 'XRYjrJJZAME', 'topLevelComment': {'kind': 'youtube#comment', 'etag': 'lpyUeZKFoVfYl_UJaSO8jfu23eQ', 'id': 'Ugx1NTUgu56eaHsc8Th4AaABAg', 'snippet': {'videoId': 'XRYjrJJZAME', 'textDisplay': 'A  PRF AJUDOU A PARALISAÇÃO DAS ESTRADAS,COM O BLOQUEIO COM O MOVIMENTO DOS AREUACEIROS,E O MAÇOMNARO E O CULPADO DESTA ARRUAÇA DESORDE,E É O B RASIL QUE ESTA SENDO PREJUDICADO E O POVO,NOS EUA DOI O CAPITOLIO INVADIDO,E AQUI SÃO AS ESTRADAS.CADE AS FORÇAS ARMADAS', 'textOriginal': 'A  PRF AJUDOU A PARALISAÇÃO DAS ESTRADAS,COM O BLOQUEIO COM O MOVIMENTO DOS AREUACEIROS,E O MAÇOMNARO E O CULPADO DESTA ARRUAÇA DESORDE,E É O B RASIL QUE ESTA SENDO PREJUDICADO E O POVO,NOS EUA DOI O CAPITOLIO INVADIDO,E AQUI SÃO AS ESTRADAS.CADE AS FORÇAS ARMADAS', 'authorDisplayName': 'Laureano Acorsi', 'authorProfileImageUrl': 'https://yt3.ggpht.com/ytc/AGIKgqPUVo1UJuUSbjZW4voJsBHti8TqgqCBdQCJcYesK22jZpZGkOBmaABPLrEk8sI9=s48-c-k-c0x00ffffff-no-rj', 'authorChannelUrl': 'http://www.youtube.com/channel/UCltinU5OMXmp_IJUDS6ARVw', 'authorChannelId': {'value': 'UCltinU5OMXmp_IJUDS6ARVw'}, 'canRate': True, 'viewerRating': 'none', 'likeCount': 0, 'publishedAt': '2022-11-01T03:00:36Z', 'updatedAt': '2022-11-01T03:00:36Z'}}, 'canReply': True, 'totalReplyCount': 0, 'isPublic': True}",,UCltinU5OMXmp_IJUDS6ARVw,2022-11-01T03:00:36Z,"A  PRF AJUDOU A PARALISAÇÃO DAS ESTRADAS,COM O BLOQUEIO COM O MOVIMENTO DOS AREUACEIROS,E O MAÇOMNARO E O CULPADO DESTA ARRUAÇA DESORDE,E É O B RASIL QUE ESTA SENDO PREJUDICADO E O POVO,NOS EUA DOI O CAPITOLIO INVADIDO,E AQUI SÃO AS ESTRADAS.CADE AS FORÇAS ARMADAS",QURTSl9pM1ZGZUdfMlFEcXZ6eHgtSlp0NExTcWh1QnAyUlRSVTc1YWhveWt0R3A4UThybFZaZzdvdmMzU050WlRWYTVadXo0d05WNnVfQQ==,2023-06-07 12:46:20.721337
youtube#commentThread,J9PrgEbE6ftOyNzEkyyKYvFJd6s,Ugw_PbE7n-UR8tHbfTB4AaABAg,"{'videoId': 'XRYjrJJZAME', 'topLevelComment': {'kind': 'youtube#comment', 'etag': 'Etdy7xT25h6FgpTWnU3Kcv0e2Lg', 'id': 'Ugw_PbE7n-UR8tHbfTB4AaABAg', 'snippet': {'videoId': 'XRYjrJJZAME', 'textDisplay': 'Não parece que é Bolsonaro, que isso é papel de bandido, será que estão acabando com a democracia, ditadura não, violência não, queremos Paz e não guerra...', 'textOriginal': 'Não parece que é Bolsonaro, que isso é papel de bandido, será que estão acabando com a democracia, ditadura não, violência não, queremos Paz e não guerra...', 'authorDisplayName': 'Dilermando Justino', 'authorProfileImageUrl': 'https://yt3.ggpht.com/ytc/AGIKgqOxEwjHiaq2819si-G7Wqq43aLr6cex3JHACA=s48-c-k-c0x00ffffff-no-rj', 'authorChannelUrl': 'http://www.youtube.com/channel/UCCZixvL6HJKvJkGAuuazKoA', 'authorChannelId': {'value': 'UCCZixvL6HJKvJkGAuuazKoA'}, 'canRate': True, 'viewerRating': 'none', 'likeCount': 0, 'publishedAt': '2022-11-01T03:00:30Z', 'updatedAt': '2022-11-01T03:00:30Z'}}, 'canReply': True, 'totalReplyCount': 0, 'isPublic': True}",,UCCZixvL6HJKvJkGAuuazKoA,2022-11-01T03:00:30Z,"Não parece que é Bolsonaro, que isso é papel de bandido, será que estão acabando com a democracia, ditadura não, violência não, queremos Paz e não guerra...",QURTSl9pM1ZGZUdfMlFEcXZ6eHgtSlp0NExTcWh1QnAyUlRSVTc1YWhveWt0R3A4UThybFZaZzdvdmMzU050WlRWYTVadXo0d05WNnVfQQ==,2023-06-07 12:46:20.721337
youtube#commentThread,_2IfOdZXyHA9DC1RuYEO5zNMSzA,UgwX3Mc1BNXA4LpewEl4AaABAg,"{'videoId': 'XRYjrJJZAME', 'topLevelComment': {'kind': 'youtube#comment', 'etag': 'QvLHfcM-L7kBob-r7lwmWaVZa4k', 'id': 'UgwX3Mc1BNXA4LpewEl4AaABAg', 'snippet': {'videoId': 'XRYjrJJZAME', 'textDisplay': 'Este cara vai desencadear uma guerra civil. São bandidos sim senhor, se fossem pais e mães decentes não seriam apoiadores deste FDP.', 'textOriginal': 'Este cara vai desencadear uma guerra civil. São bandidos sim senhor, se fossem pais e mães decentes não seriam apoiadores deste FDP.', 'authorDisplayName': 'Maria Lúcia Medeiros Teixeira', 'authorProfileImageUrl': 'https://yt3.ggpht.com/ytc/AGIKgqOtIqTZLlGUEKnFo4oXJ2ZVJRGP_Wpq99K9aN22UOY=s48-c-k-c0x00ffffff-no-rj', 'authorChannelUrl': 'http://www.youtube.com/channel/UCg-r37xqohzMV1aZGHh3MyQ', 'authorChannelId': {'value': 'UCg-r37xqohzMV1aZGHh3MyQ'}, 'canRate': True, 'viewerRating': 'none', 'likeCount': 0, 'publishedAt': '2022-11-01T03:00:03Z', 'updatedAt': '2022-11-01T03:00:03Z'}}, 'canReply': True, 'totalReplyCount': 0, 'isPublic': True}",,UCg-r37xqohzMV1aZGHh3MyQ,2022-11-01T03:00:03Z,"Este cara vai desencadear uma guerra civil. São bandidos sim senhor, se fossem pais e mães decentes não seriam apoiadores deste FDP.",QURTSl9pM1ZGZUdfMlFEcXZ6eHgtSlp0NExTcWh1QnAyUlRSVTc1YWhveWt0R3A4UThybFZaZzdvdmMzU050WlRWYTVadXo0d05WNnVfQQ==,2023-06-07 12:46:20.721337
youtube#commentThread,0RLj1sDH7TTRYkFOcuX7pGzIfjQ,UgzQZKZOwWNWGuNPNa14AaABAg,"{'videoId': 'XRYjrJJZAME', 'topLevelComment': {'kind': 'youtube#comment', 'etag': 'hYv6joxF2nYeceCmtLdgITDZ3vY', 'id': 'UgzQZKZOwWNWGuNPNa14AaABAg', 'snippet': {'videoId': 'XRYjrJJZAME', 'textDisplay': 'O MUNDO RECONHECEU E HONROU LULA<br>NAO VAO VENCER POIS JA PERDERAM', 'textOriginal': 'O MUNDO RECONHECEU E HONROU LULA\nNAO VAO VENCER POIS JA PERDERAM', 'authorDisplayName': 'Ana Luisa', 'authorProfileImageUrl': 'https://yt3.ggpht.com/ytc/AGIKgqOMEOC3GtAaZXmg1-MDeIzyuEKgr4hSHa5kFg=s48-c-k-c0x00ffffff-no-rj', 'authorChannelUrl': 'http://www.youtube.com/channel/UCEXAEnO9iZw7WVEp-xpPcmQ', 'authorChannelId': {'value': 'UCEXAEnO9iZw7WVEp-xpPcmQ'}, 'canRate': True, 'viewerRating': 'none', 'likeCount': 0, 'publishedAt': '2022-11-01T02:59:34Z', 'updatedAt': '2022-11-01T02:59:34Z'}}, 'canReply': True, 'totalReplyCount': 0, 'isPublic': True}",,UCEXAEnO9iZw7WVEp-xpPcmQ,2022-11-01T02:59:34Z,"O MUNDO RECONHECEU E HONROU LULA
NAO VAO VENCER POIS JA PERDERAM",QURTSl9pM1ZGZUdfMlFEcXZ6eHgtSlp0NExTcWh1QnAyUlRSVTc1YWhveWt0R3A4UThybFZaZzdvdmMzU050WlRWYTVadXo0d05WNnVfQQ==,2023-06-07 12:46:20.721337
youtube#commentThread,uiX8M1OcANcryuUsrdxar_Y392A,Ugzev5hKtHrrstOBOkF4AaABAg,"{'videoId': 'XRYjrJJZAME', 'topLevelComment': {'kind': 'youtube#comment', 'etag': 'n2w3L-AbcQ-ktByEE3GGIcMiqBU', 'id': 'Ugzev5hKtHrrstOBOkF4AaABAg', 'snippet': {'videoId': 'XRYjrJJZAME', 'textDisplay': 'Suspeitei desde o princípio q  tinha  dedo podre  desse  manipulador   Bolsonaro    ele  não  aceita q  perdeu    q foi fim de  linha   pra  ele      então ele  fica  tirando  a  paz  à   moral  e o  boms costume  das pessoas', 'textOriginal': 'Suspeitei desde o princípio q  tinha  dedo podre  desse  manipulador   Bolsonaro    ele  não  aceita q  perdeu    q foi fim de  linha   pra  ele      então ele  fica  tirando  a  paz  à   moral  e o  boms costume  das pessoas', 'authorDisplayName': 'Damiana Cerqueira', 'authorProfileImageUrl': 'https://yt3.ggpht.com/ytc/AGIKgqNc24zWTj-aFhYJAm0SpaG5BQaJ7ix5ExC1tB-TOQaIqmRQWiI9uEKCjCstLT7V=s48-c-k-c0x00ffffff-no-rj', 'authorChannelUrl': 'http://www.youtube.com/channel/UCS5qx84BlpZ6g5XDho9VBug', 'authorChannelId': {'value': 'UCS5qx84BlpZ6g5XDho9VBug'}, 'canRate': True, 'viewerRating': 'none', 'likeCount': 0, 'publishedAt': '2022-11-01T02:57:15Z', 'updatedAt': '2022-11-01T02:57:15Z'}}, 'canReply': True, 'totalReplyCount': 0, 'isPublic': True}",,UCS5qx84BlpZ6g5XDho9VBug,2022-11-01T02:57:15Z,Suspeitei desde o princípio q  tinha  dedo podre  desse  manipulador   Bolsonaro    ele  não  aceita q  perdeu    q foi fim de  linha   pra  ele      então ele  fica  tirando  a  paz  à   moral  e o  boms costume  das pessoas,QURTSl9pM1ZGZUdfMlFEcXZ6eHgtSlp0NExTcWh1QnAyUlRSVTc1YWhveWt0R3A4UThybFZaZzdvdmMzU050WlRWYTVadXo0d05WNnVfQQ==,2023-06-07 12:46:20.721337
youtube#commentThread,PsM2x3aKqBf1zWAJ387_FKCEpM4,UgxSQuCwtjfAaEuZDMp4AaABAg,"{'videoId': 'XRYjrJJZAME', 'topLevelComment': {'kind': 'youtube#comment', 'etag': 'pH7Yu-56CQkIhoJexqz6hSsXQTU', 'id': 'UgxSQuCwtjfAaEuZDMp4AaABAg', 'snippet': {'videoId': 'XRYjrJJZAME', 'textDisplay': 'O Bolsonaro se trancou, pra tentar golpe? Tem que arrancar ele debaixo da cama. E levar pra cadeia. Afinal ele é um  presidente, sem poder ou com poder?', 'textOriginal': 'O Bolsonaro se trancou, pra tentar golpe? Tem que arrancar ele debaixo da cama. E levar pra cadeia. Afinal ele é um  presidente, sem poder ou com poder?', 'authorDisplayName': 'Manoel Pereira Neto', 'authorProfileImageUrl': 'https://yt3.ggpht.com/ytc/AGIKgqPYge62lO0MEoKGzN3j3JrtziE6mzfEZrLAFA=s48-c-k-c0x00ffffff-no-rj', 'authorChannelUrl': 'http://www.youtube.com/channel/UCqX3tMreAGQjHBRLIOoh47Q', 'authorChannelId': {'value': 'UCqX3tMreAGQjHBRLIOoh47Q'}, 'canRate': True, 'viewerRating': 'none', 'likeCount': 0, 'publishedAt': '2022-11-01T02:56:43Z', 'updatedAt': '2022-11-01T02:57:03Z'}}, 'canReply': True, 'totalReplyCount': 0, 'isPublic': True}",,UCqX3tMreAGQjHBRLIOoh47Q,2022-11-01T02:56:43Z,"O Bolsonaro se trancou, pra tentar golpe? Tem que arrancar ele debaixo da cama. E levar pra cadeia. Afinal ele é um  presidente, sem poder ou com poder?",QURTSl9pM1ZGZUdfMlFEcXZ6eHgtSlp0NExTcWh1QnAyUlRSVTc1YWhveWt0R3A4UThybFZaZzdvdmMzU050WlRWYTVadXo0d05WNnVfQQ==,2023-06-07 12:46:20.721337
youtube#commentThread,jnh6_QyrNRLMQjmRcSkwxp8hpK4,Ugx-BMV3CRlaLmKg8XR4AaABAg,"{'videoId': 'XRYjrJJZAME', 'topLevelComment': {'kind': 'youtube#comment', 'etag': 'wftMPa0s1bzfavVgFxR6jj10ENw', 'id': 'Ugx-BMV3CRlaLmKg8XR4AaABAg', 'snippet': {'videoId': 'XRYjrJJZAME', 'textDisplay': 'VAMOS LIMPAR O BRASIL, DESAPARELHAR AS INSTITUIÇÕES E &quot;DESFASCISTIZAR&#39;&quot; A NAÇÃO BRASILEIRA CUSTE O QUE CUSTAR ... NÃO TEM PERDÃO A NINGUÉM ... TODOS CRIMINOSOS NA CADEIA.', 'textOriginal': 'VAMOS LIMPAR O BRASIL, DESAPARELHAR AS INSTITUIÇÕES E ""DESFASCISTIZAR\'"" A NAÇÃO BRASILEIRA CUSTE O QUE CUSTAR ... NÃO TEM PERDÃO A NINGUÉM ... TODOS CRIMINOSOS NA CADEIA.', 'authorDisplayName': 'José Sgarbi', 'authorProfileImageUrl': 'https://yt3.ggpht.com/ytc/AGIKgqMl3wsLE3l5Le2Ng4pfXdwbbKJwFXfGzsaPsUyhyg141gKqIowJ94LEUpN3LXeq=s48-c-k-c0x00ffffff-no-rj', 'authorChannelUrl': 'http://www.youtube.com/channel/UCvkbjiPx_nVpfzel7JUOfww', 'authorChannelId': {'value': 'UCvkbjiPx_nVpfzel7JUOfww'}, 'canRate': True, 'viewerRating': 'none', 'likeCount': 0, 'publishedAt': '2022-11-01T02:56:24Z', 'updatedAt': '2022-11-01T02:56:24Z'}}, 'canReply': True, 'totalReplyCount': 0, 'isPublic': True}",,UCvkbjiPx_nVpfzel7JUOfww,2022-11-01T02:56:24Z,"VAMOS LIMPAR O BRASIL, DESAPARELHAR AS INSTITUIÇÕES E ""DESFASCISTIZAR'"" A NAÇÃO BRASILEIRA CUSTE O QUE CUSTAR ... NÃO TEM PERDÃO A NINGUÉM ... TODOS CRIMINOSOS NA CADEIA.",QURTSl9pM1ZGZUdfMlFEcXZ6eHgtSlp0NExTcWh1QnAyUlRSVTc1YWhveWt0R3A4UThybFZaZzdvdmMzU050WlRWYTVadXo0d05WNnVfQQ==,2023-06-07 12:46:20.721337
youtube#commentThread,vzqc4uTHA5fcVEM2kEgAfFEN-fs,UgyOpBOHNiAT8GKxRmV4AaABAg,"{'videoId': 'XRYjrJJZAME', 'topLevelComment': {'kind': 'youtube#comment', 'etag': 'RxGSyy555PRPlhsH1UpfuWrLVvE', 'id': 'UgyOpBOHNiAT8GKxRmV4AaABAg', 'snippet': {'videoId': 'XRYjrJJZAME', 'textDisplay': 'Botar um aboilhador pra aprumar esses Gado perdido kkk', 'textOriginal': 'Botar um aboilhador pra aprumar esses Gado perdido kkk', 'authorDisplayName': 'Hilton jhon', 'authorProfileImageUrl': 'https://yt3.ggpht.com/ytc/AGIKgqPP2Got0ZvRUNX-tIbvIcUoNbj_KTuEDS7wLADwWO_08UVL_SJDFj1gqKC9XX0m=s48-c-k-c0x00ffffff-no-rj', 'authorChannelUrl': 'http://www.youtube.com/channel/UC5hhz-vXzlbLeUWNOqGhxlQ', 'authorChannelId': {'value': 'UC5hhz-vXzlbLeUWNOqGhxlQ'}, 'canRate': True, 'viewerRating': 'none', 'likeCount': 0, 'publishedAt': '2022-11-01T02:54:44Z', 'updatedAt': '2022-11-01T02:55:14Z'}}, 'canReply': True, 'totalReplyCount': 0, 'isPublic': True}",,UC5hhz-vXzlbLeUWNOqGhxlQ,2022-11-01T02:54:44Z,Botar um aboilhador pra aprumar esses Gado perdido kkk,QURTSl9pM1ZGZUdfMlFEcXZ6eHgtSlp0NExTcWh1QnAyUlRSVTc1YWhveWt0R3A4UThybFZaZzdvdmMzU050WlRWYTVadXo0d05WNnVfQQ==,2023-06-07 12:46:20.721337
youtube#commentThread,iwjw4tyuTMkssnbGOnlSwPiUgAY,Ugy8AOffigkxk_zfxCV4AaABAg,"{'videoId': 'XRYjrJJZAME', 'topLevelComment': {'kind': 'youtube#comment', 'etag': 'frqDx-QboemzpnmMPVle0r_rkf0', 'id': 'Ugy8AOffigkxk_zfxCV4AaABAg', 'snippet': {'videoId': 'XRYjrJJZAME', 'textDisplay': 'Tem que haver intervenção da ONU, nesse governo opressor', 'textOriginal': 'Tem que haver intervenção da ONU, nesse governo opressor', 'authorDisplayName': 'Jones Vasconcelos', 'authorProfileImageUrl': 'https://yt3.ggpht.com/ytc/AGIKgqPXZkGX2Ekj_6VygiYyzfgqvN2R12idQu092Q=s48-c-k-c0x00ffffff-no-rj', 'authorChannelUrl': 'http://www.youtube.com/channel/UCaAaQfkGhTeLBs6l8JrHBAw', 'authorChannelId': {'value': 'UCaAaQfkGhTeLBs6l8JrHBAw'}, 'canRate': True, 'viewerRating': 'none', 'likeCount': 0, 'publishedAt': '2022-11-01T02:53:35Z', 'updatedAt': '2022-11-01T02:53:35Z'}}, 'canReply': True, 'totalReplyCount': 0, 'isPublic': True}",,UCaAaQfkGhTeLBs6l8JrHBAw,2022-11-01T02:53:35Z,"Tem que haver intervenção da ONU, nesse governo opressor",QURTSl9pM1ZGZUdfMlFEcXZ6eHgtSlp0NExTcWh1QnAyUlRSVTc1YWhveWt0R3A4UThybFZaZzdvdmMzU050WlRWYTVadXo0d05WNnVfQQ==,2023-06-07 12:46:20.721337
youtube#commentThread,3-9-VCld4vu9_qe76QBttjZB0EM,UgxCCPYFXCOnKzADkUZ4AaABAg,"{'videoId': 'XRYjrJJZAME', 'topLevelComment': {'kind': 'youtube#comment', 'etag': 'qX9T11IjzauoGlxb_TTBCMj7MFM', 'id': 'UgxCCPYFXCOnKzADkUZ4AaABAg', 'snippet': {'videoId': 'XRYjrJJZAME', 'textDisplay': 'Pimenta no cu dos outros é refresco para muitos', 'textOriginal': 'Pimenta no cu dos outros é refresco para muitos', 'authorDisplayName': 'manuel carvalho', 'authorProfileImageUrl': 'https://yt3.ggpht.com/ytc/AGIKgqONOh5DPf3541q317IN2mKNXgbh0SRa8Gci1Q=s48-c-k-c0x00ffffff-no-rj', 'authorChannelUrl': 'http://www.youtube.com/channel/UCNalwSGv-RsJIxceJ7hyuXA', 'authorChannelId': {'value': 'UCNalwSGv-RsJIxceJ7hyuXA'}, 'canRate': True, 'viewerRating': 'none', 'likeCount': 0, 'publishedAt': '2022-11-01T02:52:07Z', 'updatedAt': '2022-11-01T02:52:41Z'}}, 'canReply': True, 'totalReplyCount': 0, 'isPublic': True}",,UCNalwSGv-RsJIxceJ7hyuXA,2022-11-01T02:52:07Z,Pimenta no cu dos outros é refresco para muitos,QURTSl9pM1ZGZUdfMlFEcXZ6eHgtSlp0NExTcWh1QnAyUlRSVTc1YWhveWt0R3A4UThybFZaZzdvdmMzU050WlRWYTVadXo0d05WNnVfQQ==,2023-06-07 12:46:20.721337
youtube#commentThread,KWZF54DJtnP3XMCxVh-4E1sm9Ec,UgwNdBYrw-V_g4rMerB4AaABAg,"{'videoId': 'XRYjrJJZAME', 'topLevelComment': {'kind': 'youtube#comment', 'etag': '7xfYuIsWIBq00H1he_rdZ6iOPZk', 'id': 'UgwNdBYrw-V_g4rMerB4AaABAg', 'snippet': {'videoId': 'XRYjrJJZAME', 'textDisplay': 'Obrigada Deputado.', 'textOriginal': 'Obrigada Deputado.', 'authorDisplayName': 'Natacha G', 'authorProfileImageUrl': 'https://yt3.ggpht.com/ytc/AGIKgqO7apMUFDsJIrPF39F9QapswGuniX2d1Lla4Q=s48-c-k-c0x00ffffff-no-rj', 'authorChannelUrl': 'http://www.youtube.com/channel/UCiECAwjrSE9hi9kdV3FV0LQ', 'authorChannelId': {'value': 'UCiECAwjrSE9hi9kdV3FV0LQ'}, 'canRate': True, 'viewerRating': 'none', 'likeCount': 0, 'publishedAt': '2022-11-01T02:50:38Z', 'updatedAt': '2022-11-01T02:50:38Z'}}, 'canReply': True, 'totalReplyCount': 0, 'isPublic': True}",,UCiECAwjrSE9hi9kdV3FV0LQ,2022-11-01T02:50:38Z,Obrigada Deputado.,QURTSl9pM1ZGZUdfMlFEcXZ6eHgtSlp0NExTcWh1QnAyUlRSVTc1YWhveWt0R3A4UThybFZaZzdvdmMzU050WlRWYTVadXo0d05WNnVfQQ==,2023-06-07 12:46:20.721337
youtube#commentThread,xq1AaB6R3zHLGB_cFysC70i9y9U,Ugwxx76uj-ALyJyjnyl4AaABAg,"{'videoId': 'XRYjrJJZAME', 'topLevelComment': {'kind': 'youtube#comment', 'etag': 'lMkfBywPKrgli0dyjUuOYBLmvck', 'id': 'Ugwxx76uj-ALyJyjnyl4AaABAg', 'snippet': {'videoId': 'XRYjrJJZAME', 'textDisplay': '131313', 'textOriginal': '131313', 'authorDisplayName': 'Vanderson a. the wood', 'authorProfileImageUrl': 'https://yt3.ggpht.com/ytc/AGIKgqPTonHirJerqM3x_u-jPyZCzXrV6FCj_9bB8nZf=s48-c-k-c0x00ffffff-no-rj', 'authorChannelUrl': 'http://www.youtube.com/channel/UCBhVkNZsZzZzsX3Ns35TZnw', 'authorChannelId': {'value': 'UCBhVkNZsZzZzsX3Ns35TZnw'}, 'canRate': True, 'viewerRating': 'none', 'likeCount': 0, 'publishedAt': '2022-11-01T02:48:09Z', 'updatedAt': '2022-11-01T02:48:09Z'}}, 'canReply': True, 'totalReplyCount': 0, 'isPublic': True}",,UCBhVkNZsZzZzsX3Ns35TZnw,2022-11-01T02:48:09Z,131313,QURTSl9pM1ZGZUdfMlFEcXZ6eHgtSlp0NExTcWh1QnAyUlRSVTc1YWhveWt0R3A4UThybFZaZzdvdmMzU050WlRWYTVadXo0d05WNnVfQQ==,2023-06-07 12:46:20.721337
youtube#commentThread,DAi9eZglCqI6oiLUjSccSd3zMPs,Ugw4JoDC0OFr6S4FeEl4AaABAg,"{'videoId': 'XRYjrJJZAME', 'topLevelComment': {'kind': 'youtube#comment', 'etag': 'V7Jzqx0iHH5shERsmf2mc3tv7Ng', 'id': 'Ugw4JoDC0OFr6S4FeEl4AaABAg', 'snippet': {'videoId': 'XRYjrJJZAME', 'textDisplay': 'O presidente Lula tem todo meu apoio 🙌✋🙌✋🙌🙌🇧🇷👏🇧🇷👏🇧🇷👏🇧🇷👏👏🇧🇷', 'textOriginal': 'O presidente Lula tem todo meu apoio 🙌✋🙌✋🙌🙌🇧🇷👏🇧🇷👏🇧🇷👏🇧🇷👏👏🇧🇷', 'authorDisplayName': 'Silviacristinagomes Gomes', 'authorProfileImageUrl': 'https://yt3.ggpht.com/ytc/AGIKgqOC5zGDtj8u_z5qgYFEt65wkhMgCZJ38kngGw=s48-c-k-c0x00ffffff-no-rj', 'authorChannelUrl': 'http://www.youtube.com/channel/UCIv244EGRKHaM5Aqs79DvTQ', 'authorChannelId': {'value': 'UCIv244EGRKHaM5Aqs79DvTQ'}, 'canRate': True, 'viewerRating': 'none', 'likeCount': 0, 'publishedAt': '2022-11-01T02:47:55Z', 'updatedAt': '2022-11-01T02:47:55Z'}}, 'canReply': True, 'totalReplyCount': 0, 'isPublic': True}",,UCIv244EGRKHaM5Aqs79DvTQ,2022-11-01T02:47:55Z,O presidente Lula tem todo meu apoio 🙌✋🙌✋🙌🙌🇧🇷👏🇧🇷👏🇧🇷👏🇧🇷👏👏🇧🇷,QURTSl9pM1ZGZUdfMlFEcXZ6eHgtSlp0NExTcWh1QnAyUlRSVTc1YWhveWt0R3A4UThybFZaZzdvdmMzU050WlRWYTVadXo0d05WNnVfQQ==,2023-06-07 12:46:20.721337
youtube#commentThread,m_RIiLkDXnQbnlNVsvGLeQqNZVQ,UgwICnyjiBlK6aErwUN4AaABAg,"{'videoId': 'XRYjrJJZAME', 'topLevelComment': {'kind': 'youtube#comment', 'etag': 'R_iUiK8vI7DkQIm69h9DYg5vkqo', 'id': 'UgwICnyjiBlK6aErwUN4AaABAg', 'snippet': {'videoId': 'XRYjrJJZAME', 'textDisplay': 'Q ridículo esse povo q só sabem fazer guerra e discórdia no Brasil isso tem totalmente meu repúdio o presidente Lula foi elegido legitimamente pelo povo que o senhor Jesus tenha misericórdia do Brasil ninguém merece um governo tão abusivo como esse desse bonsonaro 😡👆👆👆👆👆👆👆', 'textOriginal': 'Q ridículo esse povo q só sabem fazer guerra e discórdia no Brasil isso tem totalmente meu repúdio o presidente Lula foi elegido legitimamente pelo povo que o senhor Jesus tenha misericórdia do Brasil ninguém merece um governo tão abusivo como esse desse bonsonaro 😡👆👆👆👆👆👆👆', 'authorDisplayName': 'Silviacristinagomes Gomes', 'authorProfileImageUrl': 'https://yt3.ggpht.com/ytc/AGIKgqOC5zGDtj8u_z5qgYFEt65wkhMgCZJ38kngGw=s48-c-k-c0x00ffffff-no-rj', 'authorChannelUrl': 'http://www.youtube.com/channel/UCIv244EGRKHaM5Aqs79DvTQ', 'authorChannelId': {'value': 'UCIv244EGRKHaM5Aqs79DvTQ'}, 'canRate': True, 'viewerRating': 'none', 'likeCount': 0, 'publishedAt': '2022-11-01T02:45:58Z', 'updatedAt': '2022-11-01T02:45:58Z'}}, 'canReply': True, 'totalReplyCount': 0, 'isPublic': True}",,UCIv244EGRKHaM5Aqs79DvTQ,2022-11-01T02:45:58Z,Q ridículo esse povo q só sabem fazer guerra e discórdia no Brasil isso tem totalmente meu repúdio o presidente Lula foi elegido legitimamente pelo povo que o senhor Jesus tenha misericórdia do Brasil ninguém merece um governo tão abusivo como esse desse bonsonaro 😡👆👆👆👆👆👆👆,QURTSl9pM1ZGZUdfMlFEcXZ6eHgtSlp0NExTcWh1QnAyUlRSVTc1YWhveWt0R3A4UThybFZaZzdvdmMzU050WlRWYTVadXo0d05WNnVfQQ==,2023-06-07 12:46:20.721337
youtube#commentThread,sFNjmmxygJNk0MVVq_-yMJCFbMA,UgwJWDWNi1Yl34vNxpZ4AaABAg,"{'videoId': 'XRYjrJJZAME', 'topLevelComment': {'kind': 'youtube#comment', 'etag': 'muhs3vOVbWY3-doROOBIDD2-YiA', 'id': 'UgwJWDWNi1Yl34vNxpZ4AaABAg', 'snippet': {'videoId': 'XRYjrJJZAME', 'textDisplay': 'Mais um motivo pra prender o Bozo', 'textOriginal': 'Mais um motivo pra prender o Bozo', 'authorDisplayName': 'Francisco Júnior', 'authorProfileImageUrl': 'https://yt3.ggpht.com/ytc/AGIKgqNaKMzpDoszZzZ-p8NNTr_P_UrItc0jZM0I1adGpw=s48-c-k-c0x00ffffff-no-rj', 'authorChannelUrl': 'http://www.youtube.com/channel/UCrbkyk4Q9TvBtxpv7oHJwUQ', 'authorChannelId': {'value': 'UCrbkyk4Q9TvBtxpv7oHJwUQ'}, 'canRate': True, 'viewerRating': 'none', 'likeCount': 0, 'publishedAt': '2022-11-01T02:45:25Z', 'updatedAt': '2022-11-01T02:45:25Z'}}, 'canReply': True, 'totalReplyCount': 0, 'isPublic': True}",,UCrbkyk4Q9TvBtxpv7oHJwUQ,2022-11-01T02:45:25Z,Mais um motivo pra prender o Bozo,QURTSl9pM1ZGZUdfMlFEcXZ6eHgtSlp0NExTcWh1QnAyUlRSVTc1YWhveWt0R3A4UThybFZaZzdvdmMzU050WlRWYTVadXo0d05WNnVfQQ==,2023-06-07 12:46:20.721337
youtube#commentThread,5AKxQpuuhkS0yK1Ncd9POZyAzKE,UgwgjFAupinav6m8di94AaABAg,"{'videoId': 'XRYjrJJZAME', 'topLevelComment': {'kind': 'youtube#comment', 'etag': 'cKj2txvJ69to2ZjgtWbxsSdXR_4', 'id': 'UgwgjFAupinav6m8di94AaABAg', 'snippet': {'videoId': 'XRYjrJJZAME', 'textDisplay': 'Vc e patético  uma eleição  aonde só o pt  pode tudo   STF  e a corda da esquerda   loka pra volta  a rouba   prefiro que as forças Armadas e o exército   tome conta do Brasil  🇧🇷    <br>Lula não foi   obisolvido e  ele poriso não pode assumir   <br>Nos Brasil não  aceitamos  lula ba presidência', 'textOriginal': 'Vc e patético  uma eleição  aonde só o pt  pode tudo   STF  e a corda da esquerda   loka pra volta  a rouba   prefiro que as forças Armadas e o exército   tome conta do Brasil  🇧🇷    \nLula não foi   obisolvido e  ele poriso não pode assumir   \nNos Brasil não  aceitamos  lula ba presidência', 'authorDisplayName': 'Andreia Nascimento', 'authorProfileImageUrl': 'https://yt3.ggpht.com/ytc/AGIKgqPc7rDsHJ7ORCE6U2tpdo33AGPMQUN_SGKhnpBGEzsw54z4gBhgDaOzIx1WJ-zs=s48-c-k-c0x00ffffff-no-rj', 'authorChannelUrl': 'http://www.youtube.com/channel/UCK4gfANh-oBr_BfBN-qCSSg', 'authorChannelId': {'value': 'UCK4gfANh-oBr_BfBN-qCSSg'}, 'canRate': True, 'viewerRating': 'none', 'likeCount': 1, 'publishedAt': '2022-11-01T02:44:43Z', 'updatedAt': '2022-11-01T02:44:43Z'}}, 'canReply': True, 'totalReplyCount': 0, 'isPublic': True}",,UCK4gfANh-oBr_BfBN-qCSSg,2022-11-01T02:44:43Z,"Vc e patético  uma eleição  aonde só o pt  pode tudo   STF  e a corda da esquerda   loka pra volta  a rouba   prefiro que as forças Armadas e o exército   tome conta do Brasil  🇧🇷    
Lula não foi   obisolvido e  ele poriso não pode assumir   
Nos Brasil não  aceitamos  lula ba presidência",QURTSl9pM1ZGZUdfMlFEcXZ6eHgtSlp0NExTcWh1QnAyUlRSVTc1YWhveWt0R3A4UThybFZaZzdvdmMzU050WlRWYTVadXo0d05WNnVfQQ==,2023-06-07 12:46:20.721337
youtube#commentThread,B5cBIe5sP_FDykGswacsIDgxahc,UgzZYGNl_VBSpgf2RVd4AaABAg,"{'videoId': 'XRYjrJJZAME', 'topLevelComment': {'kind': 'youtube#comment', 'etag': 'YjyyGgiiGmCmFFnXbyaJ8Edij2Q', 'id': 'UgzZYGNl_VBSpgf2RVd4AaABAg', 'snippet': {'videoId': 'XRYjrJJZAME', 'textDisplay': 'Meu presidente é  lula', 'textOriginal': 'Meu presidente é  lula', 'authorDisplayName': 'Gealuzi Carvalho', 'authorProfileImageUrl': 'https://yt3.ggpht.com/ytc/AGIKgqM_wTGHn9cyBjdeEMPoGig11jjgZj2NPG6pGI2O-gd80fFrcMdjr6bIvVlX3MgD=s48-c-k-c0x00ffffff-no-rj', 'authorChannelUrl': 'http://www.youtube.com/channel/UCLrXh7l7dyM8qWZXMsC9fgA', 'authorChannelId': {'value': 'UCLrXh7l7dyM8qWZXMsC9fgA'}, 'canRate': True, 'viewerRating': 'none', 'likeCount': 0, 'publishedAt': '2022-11-01T02:42:32Z', 'updatedAt': '2022-11-01T02:42:32Z'}}, 'canReply': True, 'totalReplyCount': 0, 'isPublic': True}",,UCLrXh7l7dyM8qWZXMsC9fgA,2022-11-01T02:42:32Z,Meu presidente é  lula,QURTSl9pM1ZGZUdfMlFEcXZ6eHgtSlp0NExTcWh1QnAyUlRSVTc1YWhveWt0R3A4UThybFZaZzdvdmMzU050WlRWYTVadXo0d05WNnVfQQ==,2023-06-07 12:46:20.721337
youtube#commentThread,m1s8UFdaTHlBsD_GEoGdapKsgW0,UgyKeIfxbESCt6jjxI94AaABAg,"{'videoId': 'XRYjrJJZAME', 'topLevelComment': {'kind': 'youtube#comment', 'etag': '_B7xLbqSo3WTkMzN0un7U9ifF_M', 'id': 'UgyKeIfxbESCt6jjxI94AaABAg', 'snippet': {'videoId': 'XRYjrJJZAME', 'textDisplay': 'Se fosse nós; nos chamariam de vagabundos!', 'textOriginal': 'Se fosse nós; nos chamariam de vagabundos!', 'authorDisplayName': 'Elaine Wathier', 'authorProfileImageUrl': 'https://yt3.ggpht.com/ytc/AGIKgqOQ3NQSvCwc9-6qKcfqD-m6UNjR-48qlbTNBGTVaw=s48-c-k-c0x00ffffff-no-rj', 'authorChannelUrl': 'http://www.youtube.com/channel/UCVNewHOv_BiuJBEDMCv2Zsg', 'authorChannelId': {'value': 'UCVNewHOv_BiuJBEDMCv2Zsg'}, 'canRate': True, 'viewerRating': 'none', 'likeCount': 0, 'publishedAt': '2022-11-01T02:41:57Z', 'updatedAt': '2022-11-01T02:41:57Z'}}, 'canReply': True, 'totalReplyCount': 0, 'isPublic': True}",,UCVNewHOv_BiuJBEDMCv2Zsg,2022-11-01T02:41:57Z,Se fosse nós; nos chamariam de vagabundos!,QURTSl9pM1ZGZUdfMlFEcXZ6eHgtSlp0NExTcWh1QnAyUlRSVTc1YWhveWt0R3A4UThybFZaZzdvdmMzU050WlRWYTVadXo0d05WNnVfQQ==,2023-06-07 12:46:20.721337
youtube#commentThread,OJz6LgsYazjDRCoBWOLoAF5KTM8,UgyL7UQKPJ_BIABdnMp4AaABAg,"{'videoId': 'XRYjrJJZAME', 'topLevelComment': {'kind': 'youtube#comment', 'etag': '9XtfeXIxNPcIwMP3kLP3OZN5wjA', 'id': 'UgyL7UQKPJ_BIABdnMp4AaABAg', 'snippet': {'videoId': 'XRYjrJJZAME', 'textDisplay': 'Eu concordo!', 'textOriginal': 'Eu concordo!', 'authorDisplayName': 'Dulce Santos', 'authorProfileImageUrl': 'https://yt3.ggpht.com/ytc/AGIKgqOqBmzEW4zbHZCxkD7SIeFl6gAH1FUSivoiJw=s48-c-k-c0x00ffffff-no-rj', 'authorChannelUrl': 'http://www.youtube.com/channel/UCwdBhTSLTFZt_HpwGSH3N1Q', 'authorChannelId': {'value': 'UCwdBhTSLTFZt_HpwGSH3N1Q'}, 'canRate': True, 'viewerRating': 'none', 'likeCount': 1, 'publishedAt': '2022-11-01T02:40:32Z', 'updatedAt': '2022-11-01T02:40:32Z'}}, 'canReply': True, 'totalReplyCount': 0, 'isPublic': True}",,UCwdBhTSLTFZt_HpwGSH3N1Q,2022-11-01T02:40:32Z,Eu concordo!,QURTSl9pM1ZGZUdfMlFEcXZ6eHgtSlp0NExTcWh1QnAyUlRSVTc1YWhveWt0R3A4UThybFZaZzdvdmMzU050WlRWYTVadXo0d05WNnVfQQ==,2023-06-07 12:46:20.721337
youtube#commentThread,Vkivl4sd58yI46puS5BGg9qu9Uw,UgxtWcAov3PHUvZv9D14AaABAg,"{'videoId': 'XRYjrJJZAME', 'topLevelComment': {'kind': 'youtube#comment', 'etag': 'OobkjVKqiLReF65m69A7tJZWApM', 'id': 'UgxtWcAov3PHUvZv9D14AaABAg', 'snippet': {'videoId': 'XRYjrJJZAME', 'textDisplay': 'As instituições precisam agir com mais rigidez com o discurso golpista.', 'textOriginal': 'As instituições precisam agir com mais rigidez com o discurso golpista.', 'authorDisplayName': 'Marcio Guarino de Souza', 'authorProfileImageUrl': 'https://yt3.ggpht.com/ytc/AGIKgqOK3p6UC989r6xwyafDYZEHieC6-nkMGpqo8-MF1A=s48-c-k-c0x00ffffff-no-rj', 'authorChannelUrl': 'http://www.youtube.com/channel/UCbR-2mcv86mCGW03C7jpMxg', 'authorChannelId': {'value': 'UCbR-2mcv86mCGW03C7jpMxg'}, 'canRate': True, 'viewerRating': 'none', 'likeCount': 0, 'publishedAt': '2022-11-01T02:39:58Z', 'updatedAt': '2022-11-01T02:39:58Z'}}, 'canReply': True, 'totalReplyCount': 0, 'isPublic': True}",,UCbR-2mcv86mCGW03C7jpMxg,2022-11-01T02:39:58Z,As instituições precisam agir com mais rigidez com o discurso golpista.,QURTSl9pM1ZGZUdfMlFEcXZ6eHgtSlp0NExTcWh1QnAyUlRSVTc1YWhveWt0R3A4UThybFZaZzdvdmMzU050WlRWYTVadXo0d05WNnVfQQ==,2023-06-07 12:46:20.721337
youtube#commentThread,XVgP9pBxf6N1d7dA3qO85YoD2dA,Ugym4qrvWsJHhiuIBLZ4AaABAg,"{'videoId': 'XRYjrJJZAME', 'topLevelComment': {'kind': 'youtube#comment', 'etag': 'Q0tQ2V4OVvDJvBXtzxMOTb7JZ1M', 'id': 'Ugym4qrvWsJHhiuIBLZ4AaABAg', 'snippet': {'videoId': 'XRYjrJJZAME', 'textDisplay': 'O povo tá pagando um preço alto por ter colocado esse doente no poder.', 'textOriginal': 'O povo tá pagando um preço alto por ter colocado esse doente no poder.', 'authorDisplayName': 'maria da conceição belchior do nascimento', 'authorProfileImageUrl': 'https://yt3.ggpht.com/ytc/AGIKgqM73GttYgVI5xQccSoFLX_HSj5FsxdwH2uf-Q=s48-c-k-c0x00ffffff-no-rj', 'authorChannelUrl': 'http://www.youtube.com/channel/UCEFzyubdMhfwc5tVMXdyoSA', 'authorChannelId': {'value': 'UCEFzyubdMhfwc5tVMXdyoSA'}, 'canRate': True, 'viewerRating': 'none', 'likeCount': 1, 'publishedAt': '2022-11-01T02:39:36Z', 'updatedAt': '2022-11-01T02:39:36Z'}}, 'canReply': True, 'totalReplyCount': 0, 'isPublic': True}",,UCEFzyubdMhfwc5tVMXdyoSA,2022-11-01T02:39:36Z,O povo tá pagando um preço alto por ter colocado esse doente no poder.,QURTSl9pM1ZGZUdfMlFEcXZ6eHgtSlp0NExTcWh1QnAyUlRSVTc1YWhveWt0R3A4UThybFZaZzdvdmMzU050WlRWYTVadXo0d05WNnVfQQ==,2023-06-07 12:46:20.721337
youtube#commentThread,Fs6RoCrFhrinkUJyF-KBYumvLu4,UgxZwbgo58XDOs7O4Kd4AaABAg,"{'videoId': 'XRYjrJJZAME', 'topLevelComment': {'kind': 'youtube#comment', 'etag': 'yCXUfHDo2rVXW-tMEhwAtUbHClk', 'id': 'UgxZwbgo58XDOs7O4Kd4AaABAg', 'snippet': {'videoId': 'XRYjrJJZAME', 'textDisplay': 'Lamentavel essa situação e muito idiotas esses caminhoneiros aclamando pelo golpe devido porq receberam auxílio de compra de voto..a culpa é toda dp Bolsonaro sim..', 'textOriginal': 'Lamentavel essa situação e muito idiotas esses caminhoneiros aclamando pelo golpe devido porq receberam auxílio de compra de voto..a culpa é toda dp Bolsonaro sim..', 'authorDisplayName': 'Daniel Bezerra da silva', 'authorProfileImageUrl': 'https://yt3.ggpht.com/ytc/AGIKgqNpPaH6gaeVLkMwFxplH9HuYT1SahsPVZMJ_Q=s48-c-k-c0x00ffffff-no-rj', 'authorChannelUrl': 'http://www.youtube.com/channel/UC-PG8B4EDLYWu9zpXrsPtzg', 'authorChannelId': {'value': 'UC-PG8B4EDLYWu9zpXrsPtzg'}, 'canRate': True, 'viewerRating': 'none', 'likeCount': 1, 'publishedAt': '2022-11-01T02:37:36Z', 'updatedAt': '2022-11-01T02:37:36Z'}}, 'canReply': True, 'totalReplyCount': 0, 'isPublic': True}",,UC-PG8B4EDLYWu9zpXrsPtzg,2022-11-01T02:37:36Z,Lamentavel essa situação e muito idiotas esses caminhoneiros aclamando pelo golpe devido porq receberam auxílio de compra de voto..a culpa é toda dp Bolsonaro sim..,QURTSl9pM1ZGZUdfMlFEcXZ6eHgtSlp0NExTcWh1QnAyUlRSVTc1YWhveWt0R3A4UThybFZaZzdvdmMzU050WlRWYTVadXo0d05WNnVfQQ==,2023-06-07 12:46:20.721337
youtube#commentThread,6fhseXJ_L8ErX9SoijVTjmfWYHs,UgzoKgIBvPDksnaqWMV4AaABAg,"{'videoId': 'XRYjrJJZAME', 'topLevelComment': {'kind': 'youtube#comment', 'etag': 'xAym0SfZ9GpQdO6ksLBOq-kQsnc', 'id': 'UgzoKgIBvPDksnaqWMV4AaABAg', 'snippet': {'videoId': 'XRYjrJJZAME', 'textDisplay': 'Mais mortes???? Tomara que não.<br>Que tenhamos a calma e deixar de este povo se enforcar com a própria corda.', 'textOriginal': 'Mais mortes???? Tomara que não.\nQue tenhamos a calma e deixar de este povo se enforcar com a própria corda.', 'authorDisplayName': 'geralda carvalho', 'authorProfileImageUrl': 'https://yt3.ggpht.com/ytc/AGIKgqMeBDG8nXrHpe3_nMXl0sUGVgz__P-x5rSWHA=s48-c-k-c0x00ffffff-no-rj', 'authorChannelUrl': 'http://www.youtube.com/channel/UCM62scmaU1vnADvQDceKT-w', 'authorChannelId': {'value': 'UCM62scmaU1vnADvQDceKT-w'}, 'canRate': True, 'viewerRating': 'none', 'likeCount': 0, 'publishedAt': '2022-11-01T02:37:10Z', 'updatedAt': '2022-11-01T02:37:10Z'}}, 'canReply': True, 'totalReplyCount': 0, 'isPublic': True}",,UCM62scmaU1vnADvQDceKT-w,2022-11-01T02:37:10Z,"Mais mortes???? Tomara que não.
Que tenhamos a calma e deixar de este povo se enforcar com a própria corda.",QURTSl9pM1ZGZUdfMlFEcXZ6eHgtSlp0NExTcWh1QnAyUlRSVTc1YWhveWt0R3A4UThybFZaZzdvdmMzU050WlRWYTVadXo0d05WNnVfQQ==,2023-06-07 12:46:20.721337
youtube#commentThread,qLOGIulxkE9CLacoDN5VY7HJwv0,UgzkSlz8zUPD9reRirp4AaABAg,"{'videoId': 'XRYjrJJZAME', 'topLevelComment': {'kind': 'youtube#comment', 'etag': 't2vC7mp14KFmxT-lOAEnLBmkspc', 'id': 'UgzkSlz8zUPD9reRirp4AaABAg', 'snippet': {'videoId': 'XRYjrJJZAME', 'textDisplay': 'É 13', 'textOriginal': 'É 13', 'authorDisplayName': 'givanildo Araujo', 'authorProfileImageUrl': 'https://yt3.ggpht.com/ytc/AGIKgqN1dBSeSIgs87ljEpUZ0yYQzMC_6Wq2ujdf9qqx=s48-c-k-c0x00ffffff-no-rj', 'authorChannelUrl': 'http://www.youtube.com/channel/UCwEdBfIizeVUk_NCW9aeZDQ', 'authorChannelId': {'value': 'UCwEdBfIizeVUk_NCW9aeZDQ'}, 'canRate': True, 'viewerRating': 'none', 'likeCount': 0, 'publishedAt': '2022-11-01T02:36:29Z', 'updatedAt': '2022-11-01T02:36:29Z'}}, 'canReply': True, 'totalReplyCount': 0, 'isPublic': True}",,UCwEdBfIizeVUk_NCW9aeZDQ,2022-11-01T02:36:29Z,É 13,QURTSl9pM1ZGZUdfMlFEcXZ6eHgtSlp0NExTcWh1QnAyUlRSVTc1YWhveWt0R3A4UThybFZaZzdvdmMzU050WlRWYTVadXo0d05WNnVfQQ==,2023-06-07 12:46:20.721337
youtube#commentThread,faaICeTHUYnPpkQxe7QGap5XWUQ,UgxvyRDTusHWfpJaMVV4AaABAg,"{'videoId': 'XRYjrJJZAME', 'topLevelComment': {'kind': 'youtube#comment', 'etag': '0IMbyynyP1XBmyrceAxxha4iYgE', 'id': 'UgxvyRDTusHWfpJaMVV4AaABAg', 'snippet': {'videoId': 'XRYjrJJZAME', 'textDisplay': 'o BOZO tem que ser preso mesmo...', 'textOriginal': 'o BOZO tem que ser preso mesmo...', 'authorDisplayName': 'Sérgio Enrique', 'authorProfileImageUrl': 'https://yt3.ggpht.com/ytc/AGIKgqPcmNEZqbE7cDkQ8x1G7fNoqj_8Cvgq1rGZ09dKPWoBzVfqG6Sied0A0ko7vRTr=s48-c-k-c0x00ffffff-no-rj', 'authorChannelUrl': 'http://www.youtube.com/channel/UCRSoWUZRbqdDeXX_J9sC1NA', 'authorChannelId': {'value': 'UCRSoWUZRbqdDeXX_J9sC1NA'}, 'canRate': True, 'viewerRating': 'none', 'likeCount': 0, 'publishedAt': '2022-11-01T02:35:05Z', 'updatedAt': '2022-11-01T02:35:05Z'}}, 'canReply': True, 'totalReplyCount': 0, 'isPublic': True}",,UCRSoWUZRbqdDeXX_J9sC1NA,2022-11-01T02:35:05Z,o BOZO tem que ser preso mesmo...,QURTSl9pM1ZGZUdfMlFEcXZ6eHgtSlp0NExTcWh1QnAyUlRSVTc1YWhveWt0R3A4UThybFZaZzdvdmMzU050WlRWYTVadXo0d05WNnVfQQ==,2023-06-07 12:46:20.721337
youtube#commentThread,Q_I22aDKdpmyLXpm-zLi3hv5R78,UgxYAy8ltSOCtiEpEAp4AaABAg,"{'videoId': 'XRYjrJJZAME', 'topLevelComment': {'kind': 'youtube#comment', 'etag': '3yidf-tfAd0xAy_wmvfH5r65rg4', 'id': 'UgxYAy8ltSOCtiEpEAp4AaABAg', 'snippet': {'videoId': 'XRYjrJJZAME', 'textDisplay': 'O foro privilegiado dele vai acabar, ele deve ficar calminho pq já  tem muita sujeira na costa  dele.', 'textOriginal': 'O foro privilegiado dele vai acabar, ele deve ficar calminho pq já  tem muita sujeira na costa  dele.', 'authorDisplayName': 'INES AZEVEDO', 'authorProfileImageUrl': 'https://yt3.ggpht.com/ytc/AGIKgqOxe7_BQyuX_bSCK6QAUs9RSyFBh4nTWdHutcbG=s48-c-k-c0x00ffffff-no-rj', 'authorChannelUrl': 'http://www.youtube.com/channel/UCkxtbEv_5jHCsySyA6Xvpgw', 'authorChannelId': {'value': 'UCkxtbEv_5jHCsySyA6Xvpgw'}, 'canRate': True, 'viewerRating': 'none', 'likeCount': 0, 'publishedAt': '2022-11-01T02:33:48Z', 'updatedAt': '2022-11-01T02:33:48Z'}}, 'canReply': True, 'totalReplyCount': 0, 'isPublic': True}",,UCkxtbEv_5jHCsySyA6Xvpgw,2022-11-01T02:33:48Z,"O foro privilegiado dele vai acabar, ele deve ficar calminho pq já  tem muita sujeira na costa  dele.",QURTSl9pM1ZGZUdfMlFEcXZ6eHgtSlp0NExTcWh1QnAyUlRSVTc1YWhveWt0R3A4UThybFZaZzdvdmMzU050WlRWYTVadXo0d05WNnVfQQ==,2023-06-07 12:46:20.721337
youtube#commentThread,2KfAa6MaLbzhN5zH_jU3HiANgYA,UgwpMLRVjHF512NdtVp4AaABAg,"{'videoId': 'XRYjrJJZAME', 'topLevelComment': {'kind': 'youtube#comment', 'etag': 'Dv0KgtjQ7gPa_s9psus7lt7lIV4', 'id': 'UgwpMLRVjHF512NdtVp4AaABAg', 'snippet': {'videoId': 'XRYjrJJZAME', 'textDisplay': 'Precisamos denunciar a ação policial de confraternização com os baderneiros nas estradas. É preciso agir.', 'textOriginal': 'Precisamos denunciar a ação policial de confraternização com os baderneiros nas estradas. É preciso agir.', 'authorDisplayName': 'marcelo vasconcelos', 'authorProfileImageUrl': 'https://yt3.ggpht.com/ytc/AGIKgqPEAAXQzy7UNrcDK3yvCMzPptx27WnsoR7p8Q=s48-c-k-c0x00ffffff-no-rj', 'authorChannelUrl': 'http://www.youtube.com/channel/UCReYipmrh_W6QCkrBhMIpug', 'authorChannelId': {'value': 'UCReYipmrh_W6QCkrBhMIpug'}, 'canRate': True, 'viewerRating': 'none', 'likeCount': 1, 'publishedAt': '2022-11-01T02:32:34Z', 'updatedAt': '2022-11-01T02:32:34Z'}}, 'canReply': True, 'totalReplyCount': 0, 'isPublic': True}",,UCReYipmrh_W6QCkrBhMIpug,2022-11-01T02:32:34Z,Precisamos denunciar a ação policial de confraternização com os baderneiros nas estradas. É preciso agir.,QURTSl9pM1ZGZUdfMlFEcXZ6eHgtSlp0NExTcWh1QnAyUlRSVTc1YWhveWt0R3A4UThybFZaZzdvdmMzU050WlRWYTVadXo0d05WNnVfQQ==,2023-06-07 12:46:20.721337
youtube#commentThread,KXgQbqBcKfNXPZ5pYj9LhW3xNhY,Ugyc8nZW4Anm5p6hAs54AaABAg,"{'videoId': 'XRYjrJJZAME', 'topLevelComment': {'kind': 'youtube#comment', 'etag': 'bdCmiI3aUBB23VabGkg5USj0Qzs', 'id': 'Ugyc8nZW4Anm5p6hAs54AaABAg', 'snippet': {'videoId': 'XRYjrJJZAME', 'textDisplay': 'Deus é maior que o Brasil e o Brasil é maior que o Bolsonaro! Viva a democracia!!!', 'textOriginal': 'Deus é maior que o Brasil e o Brasil é maior que o Bolsonaro! Viva a democracia!!!', 'authorDisplayName': 'Girly Souza', 'authorProfileImageUrl': 'https://yt3.ggpht.com/ytc/AGIKgqPusk8lLuWYIOZH1JgVH1qC082T9GfFEUjlxDzLGDXMe7t3WjYr0q6YDgnxKeUU=s48-c-k-c0x00ffffff-no-rj', 'authorChannelUrl': 'http://www.youtube.com/channel/UCmai3IasOI-Ez5cm9JL1c5Q', 'authorChannelId': {'value': 'UCmai3IasOI-Ez5cm9JL1c5Q'}, 'canRate': True, 'viewerRating': 'none', 'likeCount': 0, 'publishedAt': '2022-11-01T02:32:26Z', 'updatedAt': '2022-11-01T02:32:26Z'}}, 'canReply': True, 'totalReplyCount': 0, 'isPublic': True}",,UCmai3IasOI-Ez5cm9JL1c5Q,2022-11-01T02:32:26Z,Deus é maior que o Brasil e o Brasil é maior que o Bolsonaro! Viva a democracia!!!,QURTSl9pM1ZGZUdfMlFEcXZ6eHgtSlp0NExTcWh1QnAyUlRSVTc1YWhveWt0R3A4UThybFZaZzdvdmMzU050WlRWYTVadXo0d05WNnVfQQ==,2023-06-07 12:46:20.721337
youtube#commentThread,PvRKYwCClQ-NhJI0xYO66-CuXrQ,Ugxupe1ypFNgeUXXK9B4AaABAg,"{'videoId': 'XRYjrJJZAME', 'topLevelComment': {'kind': 'youtube#comment', 'etag': 'wqQtMlDAa5m08Sfr2qZthJrS4Gw', 'id': 'Ugxupe1ypFNgeUXXK9B4AaABAg', 'snippet': {'videoId': 'XRYjrJJZAME', 'textDisplay': 'Peta voltar para casa aqueles policiais???<br>Eles se condenam em vidro.<br>Casa.<br>Eles precisam ser acionados pela justiça.', 'textOriginal': 'Peta voltar para casa aqueles policiais???\nEles se condenam em vidro.\nCasa.\nEles precisam ser acionados pela justiça.', 'authorDisplayName': 'Maria Elione Almeida gomes', 'authorProfileImageUrl': 'https://yt3.ggpht.com/ytc/AGIKgqOF063ABVIgNrvTg7g8GHLwfN9Ehl0MKlT5u75XNQXdPwIQFD9bDE-IMbZB6Ppw=s48-c-k-c0x00ffffff-no-rj', 'authorChannelUrl': 'http://www.youtube.com/channel/UCzYtSOJwi_bbd6yAvBOku3w', 'authorChannelId': {'value': 'UCzYtSOJwi_bbd6yAvBOku3w'}, 'canRate': True, 'viewerRating': 'none', 'likeCount': 0, 'publishedAt': '2022-11-01T02:31:24Z', 'updatedAt': '2022-11-01T02:31:24Z'}}, 'canReply': True, 'totalReplyCount': 0, 'isPublic': True}",,UCzYtSOJwi_bbd6yAvBOku3w,2022-11-01T02:31:24Z,"Peta voltar para casa aqueles policiais???
Eles se condenam em vidro.
Casa.
Eles precisam ser acionados pela justiça.",QURTSl9pM1ZGZUdfMlFEcXZ6eHgtSlp0NExTcWh1QnAyUlRSVTc1YWhveWt0R3A4UThybFZaZzdvdmMzU050WlRWYTVadXo0d05WNnVfQQ==,2023-06-07 12:46:20.721337
youtube#commentThread,WZqHa6-_yb0PZxHZ024U-vHT8I4,UgxlnjUy6tr_3Ad6CD54AaABAg,"{'videoId': 'XRYjrJJZAME', 'topLevelComment': {'kind': 'youtube#comment', 'etag': '-aDM4RFegZNJ-9rsf1smA4Esdkw', 'id': 'UgxlnjUy6tr_3Ad6CD54AaABAg', 'snippet': {'videoId': 'XRYjrJJZAME', 'textDisplay': 'Porém, pior que meia dúzia de vagabundos caminhoneiros, seguidores do bozismo miliciano, trancando algumas rodovias, é a PRF covarde e conivente com esses criminosos, que já poderia ter dado fim a essa anarquia bolsonarenta.', 'textOriginal': 'Porém, pior que meia dúzia de vagabundos caminhoneiros, seguidores do bozismo miliciano, trancando algumas rodovias, é a PRF covarde e conivente com esses criminosos, que já poderia ter dado fim a essa anarquia bolsonarenta.', 'authorDisplayName': 'miguel angelo', 'authorProfileImageUrl': 'https://yt3.ggpht.com/ytc/AGIKgqM20BZbYxTcoNmKmAN2duCAzf88g3HD18pXRQ=s48-c-k-c0x00ffffff-no-rj', 'authorChannelUrl': 'http://www.youtube.com/channel/UC8P46fyu2HeGP50YOg6ZGNQ', 'authorChannelId': {'value': 'UC8P46fyu2HeGP50YOg6ZGNQ'}, 'canRate': True, 'viewerRating': 'none', 'likeCount': 0, 'publishedAt': '2022-11-01T02:30:52Z', 'updatedAt': '2022-11-01T02:30:52Z'}}, 'canReply': True, 'totalReplyCount': 1, 'isPublic': True}","{'comments': [{'kind': 'youtube#comment', 'etag': '3GSjtNquBu7NsQmJOTfEUbky8Bg', 'id': 'UgxlnjUy6tr_3Ad6CD54AaABAg.9hsCz6gIahr9hsEqw5xmrt', 'snippet': {'videoId': 'XRYjrJJZAME', 'textDisplay': 'Caminhoneiro bandido  mas se não for os Caminhoneiros  não chega comida na sua mesa   <br>Bandidos   e quem vota em expresidiario  condenado', 'textOriginal': 'Caminhoneiro bandido  mas se não for os Caminhoneiros  não chega comida na sua mesa   \nBandidos   e quem vota em expresidiario  condenado', 'parentId': 'UgxlnjUy6tr_3Ad6CD54AaABAg', 'authorDisplayName': 'Andreia Nascimento', 'authorProfileImageUrl': 'https://yt3.ggpht.com/ytc/AGIKgqPc7rDsHJ7ORCE6U2tpdo33AGPMQUN_SGKhnpBGEzsw54z4gBhgDaOzIx1WJ-zs=s48-c-k-c0x00ffffff-no-rj', 'authorChannelUrl': 'http://www.youtube.com/channel/UCK4gfANh-oBr_BfBN-qCSSg', 'authorChannelId': {'value': 'UCK4gfANh-oBr_BfBN-qCSSg'}, 'canRate': True, 'viewerRating': 'none', 'likeCount': 0, 'publishedAt': '2022-11-01T02:47:13Z', 'updatedAt': '2022-11-01T02:47:13Z'}}]}",UC8P46fyu2HeGP50YOg6ZGNQ,2022-11-01T02:30:52Z,"Porém, pior que meia dúzia de vagabundos caminhoneiros, seguidores do bozismo miliciano, trancando algumas rodovias, é a PRF covarde e conivente com esses criminosos, que já poderia ter dado fim a essa anarquia bolsonarenta.",QURTSl9pM1ZGZUdfMlFEcXZ6eHgtSlp0NExTcWh1QnAyUlRSVTc1YWhveWt0R3A4UThybFZaZzdvdmMzU050WlRWYTVadXo0d05WNnVfQQ==,2023-06-07 12:46:20.721337
youtube#commentThread,Ac6zMYsmy-eSBMVWPfpR_XnIfL0,UgwJmrj1dmwbG6FMZIl4AaABAg,"{'videoId': 'XRYjrJJZAME', 'topLevelComment': {'kind': 'youtube#comment', 'etag': 'AmJW64pi6Iqp4gIqbGbCnBVcC5U', 'id': 'UgwJmrj1dmwbG6FMZIl4AaABAg', 'snippet': {'videoId': 'XRYjrJJZAME', 'textDisplay': 'Escutem Pedro Serrano.<br>Tenha por favor humildade e busque quem conhece a fundo o que hoje está ocorrendo.', 'textOriginal': 'Escutem Pedro Serrano.\nTenha por favor humildade e busque quem conhece a fundo o que hoje está ocorrendo.', 'authorDisplayName': 'Maria Elione Almeida gomes', 'authorProfileImageUrl': 'https://yt3.ggpht.com/ytc/AGIKgqOF063ABVIgNrvTg7g8GHLwfN9Ehl0MKlT5u75XNQXdPwIQFD9bDE-IMbZB6Ppw=s48-c-k-c0x00ffffff-no-rj', 'authorChannelUrl': 'http://www.youtube.com/channel/UCzYtSOJwi_bbd6yAvBOku3w', 'authorChannelId': {'value': 'UCzYtSOJwi_bbd6yAvBOku3w'}, 'canRate': True, 'viewerRating': 'none', 'likeCount': 0, 'publishedAt': '2022-11-01T02:29:28Z', 'updatedAt': '2022-11-01T02:29:28Z'}}, 'canReply': True, 'totalReplyCount': 0, 'isPublic': True}",,UCzYtSOJwi_bbd6yAvBOku3w,2022-11-01T02:29:28Z,"Escutem Pedro Serrano.
Tenha por favor humildade e busque quem conhece a fundo o que hoje está ocorrendo.",QURTSl9pM1ZGZUdfMlFEcXZ6eHgtSlp0NExTcWh1QnAyUlRSVTc1YWhveWt0R3A4UThybFZaZzdvdmMzU050WlRWYTVadXo0d05WNnVfQQ==,2023-06-07 12:46:20.721337
youtube#commentThread,MOq0nMrHm-PYp03AxKd9eHauKgs,UgwwVK_97nJ_ThoG5IV4AaABAg,"{'videoId': 'XRYjrJJZAME', 'topLevelComment': {'kind': 'youtube#comment', 'etag': 'oXyPbSnCN5sglrJyKOpHjlhuM2g', 'id': 'UgwwVK_97nJ_ThoG5IV4AaABAg', 'snippet': {'videoId': 'XRYjrJJZAME', 'textDisplay': 'Caso isso tenha acontecido,a polícia Rodoviária já tinha decido gás em todos, essa polícia vendida,viva nossa democracia', 'textOriginal': 'Caso isso tenha acontecido,a polícia Rodoviária já tinha decido gás em todos, essa polícia vendida,viva nossa democracia', 'authorDisplayName': 'Maria Claudinete', 'authorProfileImageUrl': 'https://yt3.ggpht.com/ytc/AGIKgqNjMQgHcdtcWHfQYJH9nxeShZSoEJUnJ48ggZ3clj4YVGgOEQKAly5Tl19CFX1_=s48-c-k-c0x00ffffff-no-rj', 'authorChannelUrl': 'http://www.youtube.com/channel/UCczVmRgizFW_XUcZTAA5elg', 'authorChannelId': {'value': 'UCczVmRgizFW_XUcZTAA5elg'}, 'canRate': True, 'viewerRating': 'none', 'likeCount': 1, 'publishedAt': '2022-11-01T02:29:09Z', 'updatedAt': '2022-11-01T02:29:28Z'}}, 'canReply': True, 'totalReplyCount': 0, 'isPublic': True}",,UCczVmRgizFW_XUcZTAA5elg,2022-11-01T02:29:09Z,"Caso isso tenha acontecido,a polícia Rodoviária já tinha decido gás em todos, essa polícia vendida,viva nossa democracia",QURTSl9pM1ZGZUdfMlFEcXZ6eHgtSlp0NExTcWh1QnAyUlRSVTc1YWhveWt0R3A4UThybFZaZzdvdmMzU050WlRWYTVadXo0d05WNnVfQQ==,2023-06-07 12:46:20.721337
youtube#commentThread,TrldLAPlKRHjMNAWCoqGR3PD0oA,UgxauLxEpqiAqsO2nHR4AaABAg,"{'videoId': 'XRYjrJJZAME', 'topLevelComment': {'kind': 'youtube#comment', 'etag': 'Q6XNBrp3DSCSWAdUn25ZKsT7Fyk', 'id': 'UgxauLxEpqiAqsO2nHR4AaABAg', 'snippet': {'videoId': 'XRYjrJJZAME', 'textDisplay': 'Exatamente  escolha democrática  tem respeitar se fosse o Bolsonaro estaba saltando  foguetes andando de moto  muito triste  um homem  já com idade  e triste  medonho', 'textOriginal': 'Exatamente  escolha democrática  tem respeitar se fosse o Bolsonaro estaba saltando  foguetes andando de moto  muito triste  um homem  já com idade  e triste  medonho', 'authorDisplayName': 'Shirley Ferreira Damas', 'authorProfileImageUrl': 'https://yt3.ggpht.com/ytc/AGIKgqM-LGjUiRHOPM3B7omI-YSRlC6AYxP4JhVx04-xyi7zwxlr8yfTbV0pN9llRu2j=s48-c-k-c0x00ffffff-no-rj', 'authorChannelUrl': 'http://www.youtube.com/channel/UC-8vUV48cAz5yD7HAggJsqA', 'authorChannelId': {'value': 'UC-8vUV48cAz5yD7HAggJsqA'}, 'canRate': True, 'viewerRating': 'none', 'likeCount': 0, 'publishedAt': '2022-11-01T02:28:41Z', 'updatedAt': '2022-11-01T02:28:41Z'}}, 'canReply': True, 'totalReplyCount': 0, 'isPublic': True}",,UC-8vUV48cAz5yD7HAggJsqA,2022-11-01T02:28:41Z,Exatamente  escolha democrática  tem respeitar se fosse o Bolsonaro estaba saltando  foguetes andando de moto  muito triste  um homem  já com idade  e triste  medonho,QURTSl9pM1ZGZUdfMlFEcXZ6eHgtSlp0NExTcWh1QnAyUlRSVTc1YWhveWt0R3A4UThybFZaZzdvdmMzU050WlRWYTVadXo0d05WNnVfQQ==,2023-06-07 12:46:20.721337
youtube#commentThread,E2ZIZ3Z2xghetVtYWkgFO3lb1LE,UgwEcXaxycmPpA0s5Jd4AaABAg,"{'videoId': 'XRYjrJJZAME', 'topLevelComment': {'kind': 'youtube#comment', 'etag': '2Z5s-zlEYY1Hec8Ez7JAsDCjYug', 'id': 'UgwEcXaxycmPpA0s5Jd4AaABAg', 'snippet': {'videoId': 'XRYjrJJZAME', 'textDisplay': 'Sim. Precisamos de uma certeza.<br>A lei para TODOS!!<br>PROCUREM FORMA DE FAZER ELA SER EXECUTADA URGENTE<br>SEM MEDO. SEM MEDO MESMO.<br>SINTO, MAS A ESQUERDA ERA  ESPERANDO O QUE??..', 'textOriginal': 'Sim. Precisamos de uma certeza.\nA lei para TODOS!!\nPROCUREM FORMA DE FAZER ELA SER EXECUTADA URGENTE\nSEM MEDO. SEM MEDO MESMO.\nSINTO, MAS A ESQUERDA ERA  ESPERANDO O QUE??..', 'authorDisplayName': 'Maria Elione Almeida gomes', 'authorProfileImageUrl': 'https://yt3.ggpht.com/ytc/AGIKgqOF063ABVIgNrvTg7g8GHLwfN9Ehl0MKlT5u75XNQXdPwIQFD9bDE-IMbZB6Ppw=s48-c-k-c0x00ffffff-no-rj', 'authorChannelUrl': 'http://www.youtube.com/channel/UCzYtSOJwi_bbd6yAvBOku3w', 'authorChannelId': {'value': 'UCzYtSOJwi_bbd6yAvBOku3w'}, 'canRate': True, 'viewerRating': 'none', 'likeCount': 0, 'publishedAt': '2022-11-01T02:27:50Z', 'updatedAt': '2022-11-01T02:27:50Z'}}, 'canReply': True, 'totalReplyCount': 0, 'isPublic': True}",,UCzYtSOJwi_bbd6yAvBOku3w,2022-11-01T02:27:50Z,"Sim. Precisamos de uma certeza.
A lei para TODOS!!
PROCUREM FORMA DE FAZER ELA SER EXECUTADA URGENTE
SEM MEDO. SEM MEDO MESMO.
SINTO, MAS A ESQUERDA ERA  ESPERANDO O QUE??..",QURTSl9pM1ZGZUdfMlFEcXZ6eHgtSlp0NExTcWh1QnAyUlRSVTc1YWhveWt0R3A4UThybFZaZzdvdmMzU050WlRWYTVadXo0d05WNnVfQQ==,2023-06-07 12:46:20.721337
youtube#commentThread,rVu7NVk5q6jhAxj3M2ZeyEqmLSU,UgyD7Do50e5MZQ9WA7J4AaABAg,"{'videoId': 'XRYjrJJZAME', 'topLevelComment': {'kind': 'youtube#comment', 'etag': 'wzM16xKct2A0aCIGBKKV7kSUirA', 'id': 'UgyD7Do50e5MZQ9WA7J4AaABAg', 'snippet': {'videoId': 'XRYjrJJZAME', 'textDisplay': 'Essa é a sub-raça de cães raivosos que emergiram das fossas neonazistas e das facções milicianas assassinas, a partir do surgimento do anti-presidente que destruiu o Brasil, jair corrupto bolsonaro em 2018.', 'textOriginal': 'Essa é a sub-raça de cães raivosos que emergiram das fossas neonazistas e das facções milicianas assassinas, a partir do surgimento do anti-presidente que destruiu o Brasil, jair corrupto bolsonaro em 2018.', 'authorDisplayName': 'miguel angelo', 'authorProfileImageUrl': 'https://yt3.ggpht.com/ytc/AGIKgqM20BZbYxTcoNmKmAN2duCAzf88g3HD18pXRQ=s48-c-k-c0x00ffffff-no-rj', 'authorChannelUrl': 'http://www.youtube.com/channel/UC8P46fyu2HeGP50YOg6ZGNQ', 'authorChannelId': {'value': 'UC8P46fyu2HeGP50YOg6ZGNQ'}, 'canRate': True, 'viewerRating': 'none', 'likeCount': 0, 'publishedAt': '2022-11-01T02:27:17Z', 'updatedAt': '2022-11-01T02:27:17Z'}}, 'canReply': True, 'totalReplyCount': 0, 'isPublic': True}",,UC8P46fyu2HeGP50YOg6ZGNQ,2022-11-01T02:27:17Z,"Essa é a sub-raça de cães raivosos que emergiram das fossas neonazistas e das facções milicianas assassinas, a partir do surgimento do anti-presidente que destruiu o Brasil, jair corrupto bolsonaro em 2018.",QURTSl9pM1ZGZUdfMlFEcXZ6eHgtSlp0NExTcWh1QnAyUlRSVTc1YWhveWt0R3A4UThybFZaZzdvdmMzU050WlRWYTVadXo0d05WNnVfQQ==,2023-06-07 12:46:20.721337
youtube#commentThread,dnthmgDRJu_g4j_BRZJipw0Q0tU,UgzKUvg12mXa44sANL94AaABAg,"{'videoId': 'XRYjrJJZAME', 'topLevelComment': {'kind': 'youtube#comment', 'etag': 'gyZ-1jCF_dr6ea46gSM2u4pbIDk', 'id': 'UgzKUvg12mXa44sANL94AaABAg', 'snippet': {'videoId': 'XRYjrJJZAME', 'textDisplay': 'Democracia nada  só fraude', 'textOriginal': 'Democracia nada  só fraude', 'authorDisplayName': 'Sandra Medeiros', 'authorProfileImageUrl': 'https://yt3.ggpht.com/ytc/AGIKgqNFx-xR4tYKBIvMyki0AaSE5jmmoabqs265tQ=s48-c-k-c0x00ffffff-no-rj', 'authorChannelUrl': 'http://www.youtube.com/channel/UC4vouMJ2TmQkGr00HZ5M1LQ', 'authorChannelId': {'value': 'UC4vouMJ2TmQkGr00HZ5M1LQ'}, 'canRate': True, 'viewerRating': 'none', 'likeCount': 0, 'publishedAt': '2022-11-01T02:26:39Z', 'updatedAt': '2022-11-01T02:26:39Z'}}, 'canReply': True, 'totalReplyCount': 0, 'isPublic': True}",,UC4vouMJ2TmQkGr00HZ5M1LQ,2022-11-01T02:26:39Z,Democracia nada  só fraude,QURTSl9pM1ZGZUdfMlFEcXZ6eHgtSlp0NExTcWh1QnAyUlRSVTc1YWhveWt0R3A4UThybFZaZzdvdmMzU050WlRWYTVadXo0d05WNnVfQQ==,2023-06-07 12:46:20.721337
youtube#commentThread,O-Z0bLAI50N1OE5wffhP5-8tNxA,Ugw7OF4dFK4UTJN48qx4AaABAg,"{'videoId': 'XRYjrJJZAME', 'topLevelComment': {'kind': 'youtube#comment', 'etag': 'U4k2Z2tLlPiiXuWisqgV_8trrrs', 'id': 'Ugw7OF4dFK4UTJN48qx4AaABAg', 'snippet': {'videoId': 'XRYjrJJZAME', 'textDisplay': 'Companheiro Pimenta,tristeza desse desgoverno maldito e assassino. LULA HOMEM HONRADO DE GRANDE VALOR ESPIRITUAL GÊNIO POLÍTICO E UM EXCELENTE GESTOR PARA O BRASIL EO POVO BRASILEIRO. 🇧🇷🏳🙏🏳🙏🇧🇷', 'textOriginal': 'Companheiro Pimenta,tristeza desse desgoverno maldito e assassino. LULA HOMEM HONRADO DE GRANDE VALOR ESPIRITUAL GÊNIO POLÍTICO E UM EXCELENTE GESTOR PARA O BRASIL EO POVO BRASILEIRO. 🇧🇷🏳🙏🏳🙏🇧🇷', 'authorDisplayName': 'Elvira Baptista', 'authorProfileImageUrl': 'https://yt3.ggpht.com/ytc/AGIKgqOWKIUjAbJCTgD0AZZiXoJHkigCULiQjkBMVRgjf7DuU324mkZ4ENqQVs_hJsJT=s48-c-k-c0x00ffffff-no-rj', 'authorChannelUrl': 'http://www.youtube.com/channel/UC0GqGTMH00sPDxG7eV5Yh-Q', 'authorChannelId': {'value': 'UC0GqGTMH00sPDxG7eV5Yh-Q'}, 'canRate': True, 'viewerRating': 'none', 'likeCount': 1, 'publishedAt': '2022-11-01T02:26:15Z', 'updatedAt': '2022-11-01T02:26:15Z'}}, 'canReply': True, 'totalReplyCount': 0, 'isPublic': True}",,UC0GqGTMH00sPDxG7eV5Yh-Q,2022-11-01T02:26:15Z,"Companheiro Pimenta,tristeza desse desgoverno maldito e assassino. LULA HOMEM HONRADO DE GRANDE VALOR ESPIRITUAL GÊNIO POLÍTICO E UM EXCELENTE GESTOR PARA O BRASIL EO POVO BRASILEIRO. 🇧🇷🏳🙏🏳🙏🇧🇷",QURTSl9pM1ZGZUdfMlFEcXZ6eHgtSlp0NExTcWh1QnAyUlRSVTc1YWhveWt0R3A4UThybFZaZzdvdmMzU050WlRWYTVadXo0d05WNnVfQQ==,2023-06-07 12:46:20.721337
youtube#commentThread,GAv9ImjP_pG_daoD235KRHZFLsE,Ugz3xXi9wmHcmAQLT4t4AaABAg,"{'videoId': 'XRYjrJJZAME', 'topLevelComment': {'kind': 'youtube#comment', 'etag': '6qZAAd_6gKVlZbJDQZKxQTXQ_6s', 'id': 'Ugz3xXi9wmHcmAQLT4t4AaABAg', 'snippet': {'videoId': 'XRYjrJJZAME', 'textDisplay': 'Boa Noite companheiro deputado pimenta é Lula É Alckmin É PT companheiro', 'textOriginal': 'Boa Noite companheiro deputado pimenta é Lula É Alckmin É PT companheiro', 'authorDisplayName': 'Josenias Martins', 'authorProfileImageUrl': 'https://yt3.ggpht.com/ytc/AGIKgqOgEe6GcgEPSXXefsu8joc3xHLa7y57oC2Rpw=s48-c-k-c0x00ffffff-no-rj', 'authorChannelUrl': 'http://www.youtube.com/channel/UCjwDWVhevmXCcXw_hfsL1yg', 'authorChannelId': {'value': 'UCjwDWVhevmXCcXw_hfsL1yg'}, 'canRate': True, 'viewerRating': 'none', 'likeCount': 0, 'publishedAt': '2022-11-01T02:23:57Z', 'updatedAt': '2022-11-01T02:23:57Z'}}, 'canReply': True, 'totalReplyCount': 0, 'isPublic': True}",,UCjwDWVhevmXCcXw_hfsL1yg,2022-11-01T02:23:57Z,Boa Noite companheiro deputado pimenta é Lula É Alckmin É PT companheiro,QURTSl9pM1ZGZUdfMlFEcXZ6eHgtSlp0NExTcWh1QnAyUlRSVTc1YWhveWt0R3A4UThybFZaZzdvdmMzU050WlRWYTVadXo0d05WNnVfQQ==,2023-06-07 12:46:20.721337
youtube#commentThread,SUNjbYzqKW44-Bkl3IHKIXU5K8k,Ugw8A3CxU_Zq0ENEQ714AaABAg,"{'videoId': 'XRYjrJJZAME', 'topLevelComment': {'kind': 'youtube#comment', 'etag': 'Ch-QufRUzPVHxT65Ew7oDHNgXoI', 'id': 'Ugw8A3CxU_Zq0ENEQ714AaABAg', 'snippet': {'videoId': 'XRYjrJJZAME', 'textDisplay': 'Ele e covarde e canalha.<br>A verdade e essa.', 'textOriginal': 'Ele e covarde e canalha.\nA verdade e essa.', 'authorDisplayName': 'Reginaldo Ville', 'authorProfileImageUrl': 'https://yt3.ggpht.com/ytc/AGIKgqPnafFlvkUinfBn1ZNkcF948BwQ42dbsF_cOg=s48-c-k-c0x00ffffff-no-rj', 'authorChannelUrl': 'http://www.youtube.com/channel/UC25u5DxHmUdqJRmIUKis78g', 'authorChannelId': {'value': 'UC25u5DxHmUdqJRmIUKis78g'}, 'canRate': True, 'viewerRating': 'none', 'likeCount': 0, 'publishedAt': '2022-11-01T02:22:20Z', 'updatedAt': '2022-11-01T02:22:20Z'}}, 'canReply': True, 'totalReplyCount': 0, 'isPublic': True}",,UC25u5DxHmUdqJRmIUKis78g,2022-11-01T02:22:20Z,"Ele e covarde e canalha.
A verdade e essa.",QURTSl9pM1ZGZUdfMlFEcXZ6eHgtSlp0NExTcWh1QnAyUlRSVTc1YWhveWt0R3A4UThybFZaZzdvdmMzU050WlRWYTVadXo0d05WNnVfQQ==,2023-06-07 12:46:20.721337
youtube#commentThread,Zpwrw41hUKiKsIdiUVaFzhY3Y_E,Ugz5IK_-1OpSEebFT-l4AaABAg,"{'videoId': 'XRYjrJJZAME', 'topLevelComment': {'kind': 'youtube#comment', 'etag': '_5R1NZLzBbIj4EU7DoE4f_drdqQ', 'id': 'Ugz5IK_-1OpSEebFT-l4AaABAg', 'snippet': {'videoId': 'XRYjrJJZAME', 'textDisplay': 'Lula é p todos Lula nosso presidente guerreiro orgulho do nosso Brasil q o Senhor Jesus abençoe sempre proteja sempre 🙏🙏 Lula', 'textOriginal': 'Lula é p todos Lula nosso presidente guerreiro orgulho do nosso Brasil q o Senhor Jesus abençoe sempre proteja sempre 🙏🙏 Lula', 'authorDisplayName': 'Carmelita Patricio', 'authorProfileImageUrl': 'https://yt3.ggpht.com/ytc/AGIKgqOuKdxXjOPMqjCoZZVabV76VNTo7qiu3PWRZQ=s48-c-k-c0x00ffffff-no-rj', 'authorChannelUrl': 'http://www.youtube.com/channel/UCeNs4VuBzsnIfdb9zA3cDzw', 'authorChannelId': {'value': 'UCeNs4VuBzsnIfdb9zA3cDzw'}, 'canRate': True, 'viewerRating': 'none', 'likeCount': 0, 'publishedAt': '2022-11-01T02:19:15Z', 'updatedAt': '2022-11-01T02:19:15Z'}}, 'canReply': True, 'totalReplyCount': 0, 'isPublic': True}",,UCeNs4VuBzsnIfdb9zA3cDzw,2022-11-01T02:19:15Z,Lula é p todos Lula nosso presidente guerreiro orgulho do nosso Brasil q o Senhor Jesus abençoe sempre proteja sempre 🙏🙏 Lula,QURTSl9pM1ZGZUdfMlFEcXZ6eHgtSlp0NExTcWh1QnAyUlRSVTc1YWhveWt0R3A4UThybFZaZzdvdmMzU050WlRWYTVadXo0d05WNnVfQQ==,2023-06-07 12:46:20.721337
youtube#commentThread,p9Io1QLsm_2Z5XQPZZdKPfFGpUg,Ugxk7i4pd-yOdUV16P54AaABAg,"{'videoId': 'XRYjrJJZAME', 'topLevelComment': {'kind': 'youtube#comment', 'etag': 'BWCTlNQITeIfDKRYBvGYYehfGBk', 'id': 'Ugxk7i4pd-yOdUV16P54AaABAg', 'snippet': {'videoId': 'XRYjrJJZAME', 'textDisplay': 'VIOLENCIA GERARÁ REAÇÕES AINDA MAIS VIOLENTAS DOS PREJUDICADOS. MILHÕES NÃO ESTÃO GOSTANDO NADA NADA   É BOM PARAR JÁ.', 'textOriginal': 'VIOLENCIA GERARÁ REAÇÕES AINDA MAIS VIOLENTAS DOS PREJUDICADOS. MILHÕES NÃO ESTÃO GOSTANDO NADA NADA   É BOM PARAR JÁ.', 'authorDisplayName': 'Jose Tonssique', 'authorProfileImageUrl': 'https://yt3.ggpht.com/ytc/AGIKgqMDx-TX5atzg1n6Hn1RhckdqZpIlhwKz0mnXA=s48-c-k-c0x00ffffff-no-rj', 'authorChannelUrl': 'http://www.youtube.com/channel/UCvSzhWEWNDemQKSdt-KLc6w', 'authorChannelId': {'value': 'UCvSzhWEWNDemQKSdt-KLc6w'}, 'canRate': True, 'viewerRating': 'none', 'likeCount': 0, 'publishedAt': '2022-11-01T02:18:13Z', 'updatedAt': '2022-11-01T02:18:13Z'}}, 'canReply': True, 'totalReplyCount': 0, 'isPublic': True}",,UCvSzhWEWNDemQKSdt-KLc6w,2022-11-01T02:18:13Z,VIOLENCIA GERARÁ REAÇÕES AINDA MAIS VIOLENTAS DOS PREJUDICADOS. MILHÕES NÃO ESTÃO GOSTANDO NADA NADA   É BOM PARAR JÁ.,QURTSl9pM1ZGZUdfMlFEcXZ6eHgtSlp0NExTcWh1QnAyUlRSVTc1YWhveWt0R3A4UThybFZaZzdvdmMzU050WlRWYTVadXo0d05WNnVfQQ==,2023-06-07 12:46:20.721337
youtube#commentThread,rEHvLdlGm1x65e_kDDExNI55NJE,UgwMXmon0oDgCBycZId4AaABAg,"{'videoId': 'XRYjrJJZAME', 'topLevelComment': {'kind': 'youtube#comment', 'etag': 'x8HuHP0tU2pt1QARcoRYZLJehNk', 'id': 'UgwMXmon0oDgCBycZId4AaABAg', 'snippet': {'videoId': 'XRYjrJJZAME', 'textDisplay': 'Justiça p Bolsonaro', 'textOriginal': 'Justiça p Bolsonaro', 'authorDisplayName': 'Carmelita Patricio', 'authorProfileImageUrl': 'https://yt3.ggpht.com/ytc/AGIKgqOuKdxXjOPMqjCoZZVabV76VNTo7qiu3PWRZQ=s48-c-k-c0x00ffffff-no-rj', 'authorChannelUrl': 'http://www.youtube.com/channel/UCeNs4VuBzsnIfdb9zA3cDzw', 'authorChannelId': {'value': 'UCeNs4VuBzsnIfdb9zA3cDzw'}, 'canRate': True, 'viewerRating': 'none', 'likeCount': 0, 'publishedAt': '2022-11-01T02:17:52Z', 'updatedAt': '2022-11-01T02:17:52Z'}}, 'canReply': True, 'totalReplyCount': 0, 'isPublic': True}",,UCeNs4VuBzsnIfdb9zA3cDzw,2022-11-01T02:17:52Z,Justiça p Bolsonaro,QURTSl9pM1ZGZUdfMlFEcXZ6eHgtSlp0NExTcWh1QnAyUlRSVTc1YWhveWt0R3A4UThybFZaZzdvdmMzU050WlRWYTVadXo0d05WNnVfQQ==,2023-06-07 12:46:20.721337
youtube#commentThread,wgNLhGm6RzuX9jIkvhSMHU5tP10,Ugy-yMRuNeZoWgIYNwl4AaABAg,"{'videoId': 'XRYjrJJZAME', 'topLevelComment': {'kind': 'youtube#comment', 'etag': 'xaVw1WJhiCFN52VEfXaxmWpXh1o', 'id': 'Ugy-yMRuNeZoWgIYNwl4AaABAg', 'snippet': {'videoId': 'XRYjrJJZAME', 'textDisplay': 'Acho que é mais um tiro pela culatra.<br>Fora Bolsonaro.', 'textOriginal': 'Acho que é mais um tiro pela culatra.\nFora Bolsonaro.', 'authorDisplayName': 'Antonio Carlos', 'authorProfileImageUrl': 'https://yt3.ggpht.com/ytc/AGIKgqOobOCib4V99rvjgQlLY8sOH5C4io9pBcjpHMbO_14=s48-c-k-c0x00ffffff-no-rj', 'authorChannelUrl': 'http://www.youtube.com/channel/UC4DnZo0uB-GTi-5DvDIbFsA', 'authorChannelId': {'value': 'UC4DnZo0uB-GTi-5DvDIbFsA'}, 'canRate': True, 'viewerRating': 'none', 'likeCount': 0, 'publishedAt': '2022-11-01T02:17:50Z', 'updatedAt': '2022-11-01T02:17:50Z'}}, 'canReply': True, 'totalReplyCount': 0, 'isPublic': True}",,UC4DnZo0uB-GTi-5DvDIbFsA,2022-11-01T02:17:50Z,"Acho que é mais um tiro pela culatra.
Fora Bolsonaro.",QURTSl9pM1ZGZUdfMlFEcXZ6eHgtSlp0NExTcWh1QnAyUlRSVTc1YWhveWt0R3A4UThybFZaZzdvdmMzU050WlRWYTVadXo0d05WNnVfQQ==,2023-06-07 12:46:20.721337
youtube#commentThread,I7RuYzT-nUQ7gUha3Kyu1XiyIhg,UgzuY1LYt3Ma1s5Iu554AaABAg,"{'videoId': 'XRYjrJJZAME', 'topLevelComment': {'kind': 'youtube#comment', 'etag': 'UbjhMeHC7NJvJfTTzRcu1VfDhM4', 'id': 'UgzuY1LYt3Ma1s5Iu554AaABAg', 'snippet': {'videoId': 'XRYjrJJZAME', 'textDisplay': 'ATUAÇÃO CRIMINOSA TEM QUE TER A JUSTIÇA EM AÇÃO COM PENALIZAÇÕES DURÍSSIMAS.', 'textOriginal': 'ATUAÇÃO CRIMINOSA TEM QUE TER A JUSTIÇA EM AÇÃO COM PENALIZAÇÕES DURÍSSIMAS.', 'authorDisplayName': 'Jose Tonssique', 'authorProfileImageUrl': 'https://yt3.ggpht.com/ytc/AGIKgqMDx-TX5atzg1n6Hn1RhckdqZpIlhwKz0mnXA=s48-c-k-c0x00ffffff-no-rj', 'authorChannelUrl': 'http://www.youtube.com/channel/UCvSzhWEWNDemQKSdt-KLc6w', 'authorChannelId': {'value': 'UCvSzhWEWNDemQKSdt-KLc6w'}, 'canRate': True, 'viewerRating': 'none', 'likeCount': 1, 'publishedAt': '2022-11-01T02:13:46Z', 'updatedAt': '2022-11-01T02:13:46Z'}}, 'canReply': True, 'totalReplyCount': 0, 'isPublic': True}",,UCvSzhWEWNDemQKSdt-KLc6w,2022-11-01T02:13:46Z,ATUAÇÃO CRIMINOSA TEM QUE TER A JUSTIÇA EM AÇÃO COM PENALIZAÇÕES DURÍSSIMAS.,QURTSl9pM1ZGZUdfMlFEcXZ6eHgtSlp0NExTcWh1QnAyUlRSVTc1YWhveWt0R3A4UThybFZaZzdvdmMzU050WlRWYTVadXo0d05WNnVfQQ==,2023-06-07 12:46:20.721337
youtube#commentThread,8MJoqDtgZRi1xw74tLMHnlVbYrc,Ugxk6XVgkGyVvS4miUN4AaABAg,"{'videoId': 'XRYjrJJZAME', 'topLevelComment': {'kind': 'youtube#comment', 'etag': '7ZI9fvwgoj5iJCVW8meIZkY8EgE', 'id': 'Ugxk6XVgkGyVvS4miUN4AaABAg', 'snippet': {'videoId': 'XRYjrJJZAME', 'textDisplay': 'Parabéns 👏👏👏👏👏', 'textOriginal': 'Parabéns 👏👏👏👏👏', 'authorDisplayName': 'Rodrigo souza', 'authorProfileImageUrl': 'https://yt3.ggpht.com/ISijIx1xNRGnQSn1iHa7zpQCeZWsBhVS4b3APEueVxRNZ2YcqfEUXnaSZqk0RaBiM2Wtfv2MUA=s48-c-k-c0x00ffffff-no-rj', 'authorChannelUrl': 'http://www.youtube.com/channel/UCssBTjEKez1ku9zhS422VWw', 'authorChannelId': {'value': 'UCssBTjEKez1ku9zhS422VWw'}, 'canRate': True, 'viewerRating': 'none', 'likeCount': 4, 'publishedAt': '2022-11-01T02:12:43Z', 'updatedAt': '2022-11-01T02:12:43Z'}}, 'canReply': True, 'totalReplyCount': 0, 'isPublic': True}",,UCssBTjEKez1ku9zhS422VWw,2022-11-01T02:12:43Z,Parabéns 👏👏👏👏👏,QURTSl9pM1ZGZUdfMlFEcXZ6eHgtSlp0NExTcWh1QnAyUlRSVTc1YWhveWt0R3A4UThybFZaZzdvdmMzU050WlRWYTVadXo0d05WNnVfQQ==,2023-06-07 12:46:20.721337
youtube#commentThread,xYAvgOcRPY-oBqIazMmbKyIQ8OE,UgxqEOMZ2zQspwDx4514AaABAg,"{'videoId': 'XRYjrJJZAME', 'topLevelComment': {'kind': 'youtube#comment', 'etag': 'nTotd2tbYTM40uLHjVUVivL7w30', 'id': 'UgxqEOMZ2zQspwDx4514AaABAg', 'snippet': {'videoId': 'XRYjrJJZAME', 'textDisplay': 'Boa noite General . muito bem obrigado.', 'textOriginal': 'Boa noite General . muito bem obrigado.', 'authorDisplayName': 'Edvaldo Alves', 'authorProfileImageUrl': 'https://yt3.ggpht.com/ytc/AGIKgqMhsGSYbBD_hdknWBrobtaAr2uRWi-cZkQeTg=s48-c-k-c0x00ffffff-no-rj', 'authorChannelUrl': 'http://www.youtube.com/channel/UCvqUq6NuzvA7U9uN2gTdFwA', 'authorChannelId': {'value': 'UCvqUq6NuzvA7U9uN2gTdFwA'}, 'canRate': True, 'viewerRating': 'none', 'likeCount': 1, 'publishedAt': '2022-11-01T02:12:42Z', 'updatedAt': '2022-11-01T02:12:42Z'}}, 'canReply': True, 'totalReplyCount': 0, 'isPublic': True}",,UCvqUq6NuzvA7U9uN2gTdFwA,2022-11-01T02:12:42Z,Boa noite General . muito bem obrigado.,QURTSl9pM1ZGZUdfMlFEcXZ6eHgtSlp0NExTcWh1QnAyUlRSVTc1YWhveWt0R3A4UThybFZaZzdvdmMzU050WlRWYTVadXo0d05WNnVfQQ==,2023-06-07 12:46:20.721337
youtube#commentThread,cGZebQU_PtbBSb0lDWMQ6QJBFvU,UgzAyuMclLc4rso4a3B4AaABAg,"{'videoId': 'XRYjrJJZAME', 'topLevelComment': {'kind': 'youtube#comment', 'etag': 'sKcKnjN2BEOmLS_iGMbmVYi2oIs', 'id': 'UgzAyuMclLc4rso4a3B4AaABAg', 'snippet': {'videoId': 'XRYjrJJZAME', 'textDisplay': 'Boa Noite,grande Lula', 'textOriginal': 'Boa Noite,grande Lula', 'authorDisplayName': 'Elciane elcianemoraes683', 'authorProfileImageUrl': 'https://yt3.ggpht.com/ytc/AGIKgqMx4NAXU-M7HciZeCai9FaPCywCry5fDHyvF6k7vB4QY2pQ_Pg1baavwqiL3iWA=s48-c-k-c0x00ffffff-no-rj', 'authorChannelUrl': 'http://www.youtube.com/channel/UCxUGUv_sPrVa53fwBEGQXPA', 'authorChannelId': {'value': 'UCxUGUv_sPrVa53fwBEGQXPA'}, 'canRate': True, 'viewerRating': 'none', 'likeCount': 1, 'publishedAt': '2022-11-01T02:11:52Z', 'updatedAt': '2022-11-01T02:11:52Z'}}, 'canReply': True, 'totalReplyCount': 0, 'isPublic': True}",,UCxUGUv_sPrVa53fwBEGQXPA,2022-11-01T02:11:52Z,"Boa Noite,grande Lula",QURTSl9pM1ZGZUdfMlFEcXZ6eHgtSlp0NExTcWh1QnAyUlRSVTc1YWhveWt0R3A4UThybFZaZzdvdmMzU050WlRWYTVadXo0d05WNnVfQQ==,2023-06-07 12:46:20.721337
youtube#commentThread,38ZfMErLTm7QhhURen-2TQv59yU,UgyDQnhOpRqNPCOffEl4AaABAg,"{'videoId': 'XRYjrJJZAME', 'topLevelComment': {'kind': 'youtube#comment', 'etag': 'jEqTz40PVGoYqNaPTjoFYztJSrY', 'id': 'UgyDQnhOpRqNPCOffEl4AaABAg', 'snippet': {'videoId': 'XRYjrJJZAME', 'textDisplay': 'REIVINDICAÇÕES PEDINDO INTERVENÇÃO MILITAR É, CRIME E, ESSE POVO QUE ESTÃO PROTESTANDO PEDINDO GOLPE, TEM QUE SER PRESOS!!! ✏✏✏⚖⚖⚖', 'textOriginal': 'REIVINDICAÇÕES PEDINDO INTERVENÇÃO MILITAR É, CRIME E, ESSE POVO QUE ESTÃO PROTESTANDO PEDINDO GOLPE, TEM QUE SER PRESOS!!! ✏✏✏⚖⚖⚖', 'authorDisplayName': 'LAERCIO CARLOS', 'authorProfileImageUrl': 'https://yt3.ggpht.com/ytc/AGIKgqO6iVKqiMjSAeSJlxd3Lh3bM5jk4AZEOos0HJHIhyPioehTOLMycgIEagsVzBsY=s48-c-k-c0x00ffffff-no-rj', 'authorChannelUrl': 'http://www.youtube.com/channel/UCrnOb8FcoP9xADPVW9ICDoA', 'authorChannelId': {'value': 'UCrnOb8FcoP9xADPVW9ICDoA'}, 'canRate': True, 'viewerRating': 'none', 'likeCount': 0, 'publishedAt': '2022-11-01T02:10:42Z', 'updatedAt': '2022-11-01T02:10:42Z'}}, 'canReply': True, 'totalReplyCount': 0, 'isPublic': True}",,UCrnOb8FcoP9xADPVW9ICDoA,2022-11-01T02:10:42Z,"REIVINDICAÇÕES PEDINDO INTERVENÇÃO MILITAR É, CRIME E, ESSE POVO QUE ESTÃO PROTESTANDO PEDINDO GOLPE, TEM QUE SER PRESOS!!! ✏✏✏⚖⚖⚖",QURTSl9pM1ZGZUdfMlFEcXZ6eHgtSlp0NExTcWh1QnAyUlRSVTc1YWhveWt0R3A4UThybFZaZzdvdmMzU050WlRWYTVadXo0d05WNnVfQQ==,2023-06-07 12:46:20.721337
youtube#commentThread,568uLVEcmaTNGsyL3QhBJCj9kKQ,Ugy0TZHFNobbfN2IppB4AaABAg,"{'videoId': 'XRYjrJJZAME', 'topLevelComment': {'kind': 'youtube#comment', 'etag': 'rloxSOMPNYf_DQe0tSAnu4kmdms', 'id': 'Ugy0TZHFNobbfN2IppB4AaABAg', 'snippet': {'videoId': 'XRYjrJJZAME', 'textDisplay': 'Vamos acabar com essa patifaria já passaram muito a mão na cabeça desses caminhoneiros k que a polícia entre em ação é acabe com essa baderna', 'textOriginal': 'Vamos acabar com essa patifaria já passaram muito a mão na cabeça desses caminhoneiros k que a polícia entre em ação é acabe com essa baderna', 'authorDisplayName': 'Verinha :)', 'authorProfileImageUrl': 'https://yt3.ggpht.com/ytc/AGIKgqOxBKeohZUY9X5hRpORd2M3JM1s9x950IyOzV3fYr8Hu9xaL4qiNLplVtkHffJL=s48-c-k-c0x00ffffff-no-rj', 'authorChannelUrl': 'http://www.youtube.com/channel/UCNcaQ683U_9kPo8tbLuA7ug', 'authorChannelId': {'value': 'UCNcaQ683U_9kPo8tbLuA7ug'}, 'canRate': True, 'viewerRating': 'none', 'likeCount': 1, 'publishedAt': '2022-11-01T02:10:32Z', 'updatedAt': '2022-11-01T02:10:32Z'}}, 'canReply': True, 'totalReplyCount': 0, 'isPublic': True}",,UCNcaQ683U_9kPo8tbLuA7ug,2022-11-01T02:10:32Z,Vamos acabar com essa patifaria já passaram muito a mão na cabeça desses caminhoneiros k que a polícia entre em ação é acabe com essa baderna,QURTSl9pM1ZGZUdfMlFEcXZ6eHgtSlp0NExTcWh1QnAyUlRSVTc1YWhveWt0R3A4UThybFZaZzdvdmMzU050WlRWYTVadXo0d05WNnVfQQ==,2023-06-07 12:46:20.721337
youtube#commentThread,rgBGhwUuPZnVYY8g1YtMMBFbb0U,Ugx8BtX8IYPlx6ht3St4AaABAg,"{'videoId': 'XRYjrJJZAME', 'topLevelComment': {'kind': 'youtube#comment', 'etag': '6y33NvwGZPnW2DynbvTzzazb7hw', 'id': 'Ugx8BtX8IYPlx6ht3St4AaABAg', 'snippet': {'videoId': 'XRYjrJJZAME', 'textDisplay': 'É isso aí meu deputado viva Lula viva a nossa democracia 👏👏👏💞', 'textOriginal': 'É isso aí meu deputado viva Lula viva a nossa democracia 👏👏👏💞', 'authorDisplayName': 'Salete W Tidra', 'authorProfileImageUrl': 'https://yt3.ggpht.com/ytc/AGIKgqPm_40Pnl8oMqQzE5ZBc-3iiWQdnZt_7kxQkg=s48-c-k-c0x00ffffff-no-rj', 'authorChannelUrl': 'http://www.youtube.com/channel/UCUvu5bonoSm7O2EGlVkn1GA', 'authorChannelId': {'value': 'UCUvu5bonoSm7O2EGlVkn1GA'}, 'canRate': True, 'viewerRating': 'none', 'likeCount': 0, 'publishedAt': '2022-11-01T02:07:53Z', 'updatedAt': '2022-11-01T02:07:53Z'}}, 'canReply': True, 'totalReplyCount': 0, 'isPublic': True}",,UCUvu5bonoSm7O2EGlVkn1GA,2022-11-01T02:07:53Z,É isso aí meu deputado viva Lula viva a nossa democracia 👏👏👏💞,QURTSl9pM1ZGZUdfMlFEcXZ6eHgtSlp0NExTcWh1QnAyUlRSVTc1YWhveWt0R3A4UThybFZaZzdvdmMzU050WlRWYTVadXo0d05WNnVfQQ==,2023-06-07 12:46:20.721337
youtube#commentThread,gakEZVkNO8JSmjn-bDUlx8hy9MY,Ugz9cykDnPTSjLFen_Z4AaABAg,"{'videoId': 'XRYjrJJZAME', 'topLevelComment': {'kind': 'youtube#comment', 'etag': 'S98xG9YZ4ZbX2eMFZJfzZ99pbjs', 'id': 'Ugz9cykDnPTSjLFen_Z4AaABAg', 'snippet': {'videoId': 'XRYjrJJZAME', 'textDisplay': 'Estão todos endiabrados,ñ aceitam a derrota e culpam as urnas mesmo depois do que a PRF aprontou. Gostam mesmo é de ditadura!', 'textOriginal': 'Estão todos endiabrados,ñ aceitam a derrota e culpam as urnas mesmo depois do que a PRF aprontou. Gostam mesmo é de ditadura!', 'authorDisplayName': 'Jô Batista', 'authorProfileImageUrl': 'https://yt3.ggpht.com/ytc/AGIKgqNpyCLvYs7doq_TsP-n0ElWkQguO0cp-WB_73dt=s48-c-k-c0x00ffffff-no-rj', 'authorChannelUrl': 'http://www.youtube.com/channel/UCIBgmaBgyLD1EmA6Akr1ibQ', 'authorChannelId': {'value': 'UCIBgmaBgyLD1EmA6Akr1ibQ'}, 'canRate': True, 'viewerRating': 'none', 'likeCount': 0, 'publishedAt': '2022-11-01T02:07:27Z', 'updatedAt': '2022-11-01T02:07:27Z'}}, 'canReply': True, 'totalReplyCount': 0, 'isPublic': True}",,UCIBgmaBgyLD1EmA6Akr1ibQ,2022-11-01T02:07:27Z,"Estão todos endiabrados,ñ aceitam a derrota e culpam as urnas mesmo depois do que a PRF aprontou. Gostam mesmo é de ditadura!",QURTSl9pM1ZGZUdfMlFEcXZ6eHgtSlp0NExTcWh1QnAyUlRSVTc1YWhveWt0R3A4UThybFZaZzdvdmMzU050WlRWYTVadXo0d05WNnVfQQ==,2023-06-07 12:46:20.721337
youtube#commentThread,NcI-CbabyH_s2DG6pGpWvJagLmE,UgxuI_lfdJDQW6Wq6nV4AaABAg,"{'videoId': 'XRYjrJJZAME', 'topLevelComment': {'kind': 'youtube#comment', 'etag': '8dFTnfSkQz1j_K9HXRKpx7adQGQ', 'id': 'UgxuI_lfdJDQW6Wq6nV4AaABAg', 'snippet': {'videoId': 'XRYjrJJZAME', 'textDisplay': 'O maior covarde da história do Brasil, agora por mais que ele queira, não sairá de cabeça erguida, perdeu a chance quando não aceitou a  derrota,e ainda incita seus fiéis seguidores a odiar cada vez mais,lastimável, e pensar que ainda ficará no poder por mais 60 dias.', 'textOriginal': 'O maior covarde da história do Brasil, agora por mais que ele queira, não sairá de cabeça erguida, perdeu a chance quando não aceitou a  derrota,e ainda incita seus fiéis seguidores a odiar cada vez mais,lastimável, e pensar que ainda ficará no poder por mais 60 dias.', 'authorDisplayName': 'Solange Reis', 'authorProfileImageUrl': 'https://yt3.ggpht.com/ytc/AGIKgqNqu26JS684_omsnXiO5h0q7rizlU5m7GZLnw=s48-c-k-c0x00ffffff-no-rj', 'authorChannelUrl': 'http://www.youtube.com/channel/UCc0VrL3dlK3eyjEf_0WOwfQ', 'authorChannelId': {'value': 'UCc0VrL3dlK3eyjEf_0WOwfQ'}, 'canRate': True, 'viewerRating': 'none', 'likeCount': 0, 'publishedAt': '2022-11-01T02:05:45Z', 'updatedAt': '2022-11-01T02:05:45Z'}}, 'canReply': True, 'totalReplyCount': 0, 'isPublic': True}",,UCc0VrL3dlK3eyjEf_0WOwfQ,2022-11-01T02:05:45Z,"O maior covarde da história do Brasil, agora por mais que ele queira, não sairá de cabeça erguida, perdeu a chance quando não aceitou a  derrota,e ainda incita seus fiéis seguidores a odiar cada vez mais,lastimável, e pensar que ainda ficará no poder por mais 60 dias.",QURTSl9pM1ZGZUdfMlFEcXZ6eHgtSlp0NExTcWh1QnAyUlRSVTc1YWhveWt0R3A4UThybFZaZzdvdmMzU050WlRWYTVadXo0d05WNnVfQQ==,2023-06-07 12:46:20.721337
youtube#commentThread,G6gE0fX1khIjIjMLIK8xGM24iEU,UgzGbQJ76gDAPwKwlgt4AaABAg,"{'videoId': 'XRYjrJJZAME', 'topLevelComment': {'kind': 'youtube#comment', 'etag': 'Z6pca6MOcR8o9vBd9N8Bj194aZU', 'id': 'UgzGbQJ76gDAPwKwlgt4AaABAg', 'snippet': {'videoId': 'XRYjrJJZAME', 'textDisplay': 'Pimenta , irmão ,não, estou muito feliz , só médico ,Cubano ,fique em Brasil cumpri com meu dever com Brasil ,com minha amada Cuba ,de a Lula minha gratidão por defender os médicos cubanos em no último debate ,e por favor que no nos olvide porque esperamos com muito amor sua volta ,minha família Brasileira botaram em ele porque amamos a Lula e o que ele representa para o mundo e.para o Brasil .Cuidem pela saúde de Lula como médico ,aconselho e peso para manter por muitos anos junto a nos esse grande líder .meu nome é,Daniel Castro Lastre desde Maranhão ,Município Balsas .Tô em na foto com minha neta que fico muito alegre com sua vitória .', 'textOriginal': 'Pimenta , irmão ,não, estou muito feliz , só médico ,Cubano ,fique em Brasil cumpri com meu dever com Brasil ,com minha amada Cuba ,de a Lula minha gratidão por defender os médicos cubanos em no último debate ,e por favor que no nos olvide porque esperamos com muito amor sua volta ,minha família Brasileira botaram em ele porque amamos a Lula e o que ele representa para o mundo e.para o Brasil .Cuidem pela saúde de Lula como médico ,aconselho e peso para manter por muitos anos junto a nos esse grande líder .meu nome é,Daniel Castro Lastre desde Maranhão ,Município Balsas .Tô em na foto com minha neta que fico muito alegre com sua vitória .', 'authorDisplayName': 'DANIEL  E ISA', 'authorProfileImageUrl': 'https://yt3.ggpht.com/7AHH4E8iqyfnUvrlY-mxZHe_ZN5idyavYRqcwQgFNwERS25S1f0jayTVSa0MVcqbNN3Pz6Lrwg=s48-c-k-c0x00ffffff-no-rj', 'authorChannelUrl': 'http://www.youtube.com/channel/UCJhmHhXJPuP72pUAN9dhvNQ', 'authorChannelId': {'value': 'UCJhmHhXJPuP72pUAN9dhvNQ'}, 'canRate': True, 'viewerRating': 'none', 'likeCount': 1, 'publishedAt': '2022-11-01T02:04:53Z', 'updatedAt': '2022-11-01T02:04:53Z'}}, 'canReply': True, 'totalReplyCount': 2, 'isPublic': True}","{'comments': [{'kind': 'youtube#comment', 'etag': 'Fhp-2Yr9SiBcC-DINO0i7il7jVI', 'id': 'UgzGbQJ76gDAPwKwlgt4AaABAg.9hsA-oBOH5s9ht3u-SO3rA', 'snippet': {'videoId': 'XRYjrJJZAME', 'textDisplay': 'Deus abençoe a você e a sua família!', 'textOriginal': 'Deus abençoe a você e a sua família!', 'parentId': 'UgzGbQJ76gDAPwKwlgt4AaABAg', 'authorDisplayName': 'Maria Luiza Fernandes', 'authorProfileImageUrl': 'https://yt3.ggpht.com/ytc/AGIKgqME-Wg-pGQ36oPYjrhodW1ZwN-CH6rpkbDVJA=s48-c-k-c0x00ffffff-no-rj', 'authorChannelUrl': 'http://www.youtube.com/channel/UCK66zYDAhOvPiugld_logNw', 'authorChannelId': {'value': 'UCK66zYDAhOvPiugld_logNw'}, 'canRate': True, 'viewerRating': 'none', 'likeCount': 0, 'publishedAt': '2022-11-01T10:30:45Z', 'updatedAt': '2022-11-01T10:30:45Z'}}, {'kind': 'youtube#comment', 'etag': 'q86WO5SVx6-b_qyYMD0n8VoLP8I', 'id': 'UgzGbQJ76gDAPwKwlgt4AaABAg.9hsA-oBOH5s9hsAAdW6hqb', 'snippet': {'videoId': 'XRYjrJJZAME', 'textDisplay': 'Estou muito feliz , abraço.', 'textOriginal': 'Estou muito feliz , abraço.', 'parentId': 'UgzGbQJ76gDAPwKwlgt4AaABAg', 'authorDisplayName': 'DANIEL  E ISA', 'authorProfileImageUrl': 'https://yt3.ggpht.com/7AHH4E8iqyfnUvrlY-mxZHe_ZN5idyavYRqcwQgFNwERS25S1f0jayTVSa0MVcqbNN3Pz6Lrwg=s48-c-k-c0x00ffffff-no-rj', 'authorChannelUrl': 'http://www.youtube.com/channel/UCJhmHhXJPuP72pUAN9dhvNQ', 'authorChannelId': {'value': 'UCJhmHhXJPuP72pUAN9dhvNQ'}, 'canRate': True, 'viewerRating': 'none', 'likeCount': 0, 'publishedAt': '2022-11-01T02:06:21Z', 'updatedAt': '2022-11-01T02:06:21Z'}}]}",UCJhmHhXJPuP72pUAN9dhvNQ,2022-11-01T02:04:53Z,"Pimenta , irmão ,não, estou muito feliz , só médico ,Cubano ,fique em Brasil cumpri com meu dever com Brasil ,com minha amada Cuba ,de a Lula minha gratidão por defender os médicos cubanos em no último debate ,e por favor que no nos olvide porque esperamos com muito amor sua volta ,minha família Brasileira botaram em ele porque amamos a Lula e o que ele representa para o mundo e.para o Brasil .Cuidem pela saúde de Lula como médico ,aconselho e peso para manter por muitos anos junto a nos esse grande líder .meu nome é,Daniel Castro Lastre desde Maranhão ,Município Balsas .Tô em na foto com minha neta que fico muito alegre com sua vitória .",QURTSl9pM1ZGZUdfMlFEcXZ6eHgtSlp0NExTcWh1QnAyUlRSVTc1YWhveWt0R3A4UThybFZaZzdvdmMzU050WlRWYTVadXo0d05WNnVfQQ==,2023-06-07 12:46:20.721337
youtube#commentThread,bYQdcJ1Acw1ECZWU6gYD6P26nGg,Ugw4R7DPHq1c7MqN-nd4AaABAg,"{'videoId': 'XRYjrJJZAME', 'topLevelComment': {'kind': 'youtube#comment', 'etag': 'hXHphIEo3JIzaWn0WcBfY4QnwDU', 'id': 'Ugw4R7DPHq1c7MqN-nd4AaABAg', 'snippet': {'videoId': 'XRYjrJJZAME', 'textDisplay': 'Que todos nós tenhamos uma linda e abençoada noite de descanso cheio das bençãos de Deus 🙏🙏 Ótimo início de semana 🙏', 'textOriginal': 'Que todos nós tenhamos uma linda e abençoada noite de descanso cheio das bençãos de Deus 🙏🙏 Ótimo início de semana 🙏', 'authorDisplayName': 'Maria Dolci', 'authorProfileImageUrl': 'https://yt3.ggpht.com/ytc/AGIKgqOGoB63VJHclZW_wPo0YLgM-kooXv88a_pTMUJX=s48-c-k-c0x00ffffff-no-rj', 'authorChannelUrl': 'http://www.youtube.com/channel/UCwu2ykFXpwMcDc8ebe8uquw', 'authorChannelId': {'value': 'UCwu2ykFXpwMcDc8ebe8uquw'}, 'canRate': True, 'viewerRating': 'none', 'likeCount': 7, 'publishedAt': '2022-11-01T02:04:48Z', 'updatedAt': '2022-11-01T02:04:48Z'}}, 'canReply': True, 'totalReplyCount': 0, 'isPublic': True}",,UCwu2ykFXpwMcDc8ebe8uquw,2022-11-01T02:04:48Z,Que todos nós tenhamos uma linda e abençoada noite de descanso cheio das bençãos de Deus 🙏🙏 Ótimo início de semana 🙏,QURTSl9pM1ZGZUdfMlFEcXZ6eHgtSlp0NExTcWh1QnAyUlRSVTc1YWhveWt0R3A4UThybFZaZzdvdmMzU050WlRWYTVadXo0d05WNnVfQQ==,2023-06-07 12:46:20.721337
youtube#commentThread,DDgMxUfnTe30Kw82qjZ_MXD-Axc,Ugx_6TRrqW64_i575sV4AaABAg,"{'videoId': 'XRYjrJJZAME', 'topLevelComment': {'kind': 'youtube#comment', 'etag': 'bG6kljI3ZRJ19q6kJOk5LrsGLMA', 'id': 'Ugx_6TRrqW64_i575sV4AaABAg', 'snippet': {'videoId': 'XRYjrJJZAME', 'textDisplay': 'Eu sempre gostei das falas do Deputado Paulo.  Um baita petista.', 'textOriginal': 'Eu sempre gostei das falas do Deputado Paulo.  Um baita petista.', 'authorDisplayName': 'Marco Santos', 'authorProfileImageUrl': 'https://yt3.ggpht.com/ytc/AGIKgqOOhpmq77lD7RWUrx8DLge51Ah0jwh9KunYOQ=s48-c-k-c0x00ffffff-no-rj', 'authorChannelUrl': 'http://www.youtube.com/channel/UCoeBVVvJYJVbobxgr7EbyYQ', 'authorChannelId': {'value': 'UCoeBVVvJYJVbobxgr7EbyYQ'}, 'canRate': True, 'viewerRating': 'none', 'likeCount': 0, 'publishedAt': '2022-11-01T02:03:04Z', 'updatedAt': '2022-11-01T02:03:04Z'}}, 'canReply': True, 'totalReplyCount': 0, 'isPublic': True}",,UCoeBVVvJYJVbobxgr7EbyYQ,2022-11-01T02:03:04Z,Eu sempre gostei das falas do Deputado Paulo.  Um baita petista.,QURTSl9pM1ZGZUdfMlFEcXZ6eHgtSlp0NExTcWh1QnAyUlRSVTc1YWhveWt0R3A4UThybFZaZzdvdmMzU050WlRWYTVadXo0d05WNnVfQQ==,2023-06-07 12:46:20.721337
youtube#commentThread,2H0OZiCiXh6kjWJh-5O0tUlI5zs,UgzS9TKgg4KrRsK8l2t4AaABAg,"{'videoId': 'XRYjrJJZAME', 'topLevelComment': {'kind': 'youtube#comment', 'etag': 'dITM11A9zuRZxteg18kfR80o7Rg', 'id': 'UgzS9TKgg4KrRsK8l2t4AaABAg', 'snippet': {'videoId': 'XRYjrJJZAME', 'textDisplay': 'QUE ALÍVIO ESSA VITÓRIA', 'textOriginal': 'QUE ALÍVIO ESSA VITÓRIA', 'authorDisplayName': 'elaine souto', 'authorProfileImageUrl': 'https://yt3.ggpht.com/ytc/AGIKgqNxiUouRR70FrQs4h5zcx4MKRI8kaI1y8ceyw=s48-c-k-c0x00ffffff-no-rj', 'authorChannelUrl': 'http://www.youtube.com/channel/UC5M2Ttj3b7FUIbUvjPf54WA', 'authorChannelId': {'value': 'UC5M2Ttj3b7FUIbUvjPf54WA'}, 'canRate': True, 'viewerRating': 'none', 'likeCount': 0, 'publishedAt': '2022-11-01T02:02:42Z', 'updatedAt': '2022-11-01T02:02:42Z'}}, 'canReply': True, 'totalReplyCount': 0, 'isPublic': True}",,UC5M2Ttj3b7FUIbUvjPf54WA,2022-11-01T02:02:42Z,QUE ALÍVIO ESSA VITÓRIA,QURTSl9pM1ZGZUdfMlFEcXZ6eHgtSlp0NExTcWh1QnAyUlRSVTc1YWhveWt0R3A4UThybFZaZzdvdmMzU050WlRWYTVadXo0d05WNnVfQQ==,2023-06-07 12:46:20.721337
youtube#commentThread,UGzRI2KpQFLKmgeps6vQnWUPnD8,Ugw4GJKQ99RkkBmMuN94AaABAg,"{'videoId': 'XRYjrJJZAME', 'topLevelComment': {'kind': 'youtube#comment', 'etag': 'RzDjDtwk817iOFBASTP2FAvTsaQ', 'id': 'Ugw4GJKQ99RkkBmMuN94AaABAg', 'snippet': {'videoId': 'XRYjrJJZAME', 'textDisplay': 'Como pessoas com essas atitudes se diz ser pela família e Deus acima de tudo🤦', 'textOriginal': 'Como pessoas com essas atitudes se diz ser pela família e Deus acima de tudo🤦', 'authorDisplayName': 'Iracema Dias', 'authorProfileImageUrl': 'https://yt3.ggpht.com/ytc/AGIKgqOvKpizg61MOThsiTQKJTQNI48_GKE-uN7w2g=s48-c-k-c0x00ffffff-no-rj', 'authorChannelUrl': 'http://www.youtube.com/channel/UCYCQPC0srHZ0HetHqCNRT8A', 'authorChannelId': {'value': 'UCYCQPC0srHZ0HetHqCNRT8A'}, 'canRate': True, 'viewerRating': 'none', 'likeCount': 3, 'publishedAt': '2022-11-01T02:01:40Z', 'updatedAt': '2022-11-01T02:01:40Z'}}, 'canReply': True, 'totalReplyCount': 0, 'isPublic': True}",,UCYCQPC0srHZ0HetHqCNRT8A,2022-11-01T02:01:40Z,Como pessoas com essas atitudes se diz ser pela família e Deus acima de tudo🤦,QURTSl9pM1ZGZUdfMlFEcXZ6eHgtSlp0NExTcWh1QnAyUlRSVTc1YWhveWt0R3A4UThybFZaZzdvdmMzU050WlRWYTVadXo0d05WNnVfQQ==,2023-06-07 12:46:20.721337
youtube#commentThread,obD3sMnLpgBMHZvRb7Rld30G_3A,UgyeYDGUsAvxSg-T4OZ4AaABAg,"{'videoId': 'XRYjrJJZAME', 'topLevelComment': {'kind': 'youtube#comment', 'etag': 'lkXfp09FSTPkmGkn2CVZOg5Ta1w', 'id': 'UgyeYDGUsAvxSg-T4OZ4AaABAg', 'snippet': {'videoId': 'XRYjrJJZAME', 'textDisplay': 'ESSA FAMÍLIA BOLSONARO É UMA PRAGA QUE SE ABATEU EM NOSSO PAÍS QUE PODRIDÃO.', 'textOriginal': 'ESSA FAMÍLIA BOLSONARO É UMA PRAGA QUE SE ABATEU EM NOSSO PAÍS QUE PODRIDÃO.', 'authorDisplayName': 'elaine souto', 'authorProfileImageUrl': 'https://yt3.ggpht.com/ytc/AGIKgqNxiUouRR70FrQs4h5zcx4MKRI8kaI1y8ceyw=s48-c-k-c0x00ffffff-no-rj', 'authorChannelUrl': 'http://www.youtube.com/channel/UC5M2Ttj3b7FUIbUvjPf54WA', 'authorChannelId': {'value': 'UC5M2Ttj3b7FUIbUvjPf54WA'}, 'canRate': True, 'viewerRating': 'none', 'likeCount': 0, 'publishedAt': '2022-11-01T02:01:27Z', 'updatedAt': '2022-11-01T02:01:27Z'}}, 'canReply': True, 'totalReplyCount': 0, 'isPublic': True}",,UC5M2Ttj3b7FUIbUvjPf54WA,2022-11-01T02:01:27Z,ESSA FAMÍLIA BOLSONARO É UMA PRAGA QUE SE ABATEU EM NOSSO PAÍS QUE PODRIDÃO.,QURTSl9pM1ZGZUdfMlFEcXZ6eHgtSlp0NExTcWh1QnAyUlRSVTc1YWhveWt0R3A4UThybFZaZzdvdmMzU050WlRWYTVadXo0d05WNnVfQQ==,2023-06-07 12:46:20.721337
youtube#commentThread,TE8C6my_XY0ocugY9Y1BW5OX7FE,Ugw0lN7bPzcOynScfDV4AaABAg,"{'videoId': 'XRYjrJJZAME', 'topLevelComment': {'kind': 'youtube#comment', 'etag': 'WfX0tpmRozt20BaMnp0Zl5bOJt0', 'id': 'Ugw0lN7bPzcOynScfDV4AaABAg', 'snippet': {'videoId': 'XRYjrJJZAME', 'textDisplay': 'Desordeiros', 'textOriginal': 'Desordeiros', 'authorDisplayName': 'Arlei Livramento', 'authorProfileImageUrl': 'https://yt3.ggpht.com/ytc/AGIKgqP_dtCOcTngKq6YCFk70rlmTrxktUlhZtrgg9hhnw=s48-c-k-c0x00ffffff-no-rj', 'authorChannelUrl': 'http://www.youtube.com/channel/UCr-IFL9dJmxLQkpERYKqz-g', 'authorChannelId': {'value': 'UCr-IFL9dJmxLQkpERYKqz-g'}, 'canRate': True, 'viewerRating': 'none', 'likeCount': 0, 'publishedAt': '2022-11-01T02:01:06Z', 'updatedAt': '2022-11-01T02:01:06Z'}}, 'canReply': True, 'totalReplyCount': 0, 'isPublic': True}",,UCr-IFL9dJmxLQkpERYKqz-g,2022-11-01T02:01:06Z,Desordeiros,QURTSl9pM1ZGZUdfMlFEcXZ6eHgtSlp0NExTcWh1QnAyUlRSVTc1YWhveWt0R3A4UThybFZaZzdvdmMzU050WlRWYTVadXo0d05WNnVfQQ==,2023-06-07 12:46:20.721337
youtube#commentThread,IqnkT4MOrVN5bRTbLB6DRCm3tWo,Ugz5PaOXfq2cypVz6yN4AaABAg,"{'videoId': 'XRYjrJJZAME', 'topLevelComment': {'kind': 'youtube#comment', 'etag': 'UZ8U9BdjNwpeKPbRhjjhUCVHLYo', 'id': 'Ugz5PaOXfq2cypVz6yN4AaABAg', 'snippet': {'videoId': 'XRYjrJJZAME', 'textDisplay': 'Up', 'textOriginal': 'Up', 'authorDisplayName': 'MUSA Morro de São Paulo Escola de música', 'authorProfileImageUrl': 'https://yt3.ggpht.com/ytc/AGIKgqODmEjME03HwtK5TOfCyYNxUZefgyDqZ2YN6ySvimlcFyamAUQ_I3EkP2nLGFGV=s48-c-k-c0x00ffffff-no-rj', 'authorChannelUrl': 'http://www.youtube.com/channel/UC4Pf3HeVoRlMSLpnAmlVfOw', 'authorChannelId': {'value': 'UC4Pf3HeVoRlMSLpnAmlVfOw'}, 'canRate': True, 'viewerRating': 'none', 'likeCount': 0, 'publishedAt': '2022-11-01T02:00:45Z', 'updatedAt': '2022-11-01T02:00:45Z'}}, 'canReply': True, 'totalReplyCount': 0, 'isPublic': True}",,UC4Pf3HeVoRlMSLpnAmlVfOw,2022-11-01T02:00:45Z,Up,QURTSl9pM1ZGZUdfMlFEcXZ6eHgtSlp0NExTcWh1QnAyUlRSVTc1YWhveWt0R3A4UThybFZaZzdvdmMzU050WlRWYTVadXo0d05WNnVfQQ==,2023-06-07 12:46:20.721337
youtube#commentThread,5Yk5XWSE9BTat1nNrEPB4mPam58,Ugz0UrVuWCURak-wESJ4AaABAg,"{'videoId': 'XRYjrJJZAME', 'topLevelComment': {'kind': 'youtube#comment', 'etag': 'PcBncTZOVljpVfI5SAiAelqh5eM', 'id': 'Ugz0UrVuWCURak-wESJ4AaABAg', 'snippet': {'videoId': 'XRYjrJJZAME', 'textDisplay': 'Bolssonaro não aceita a derrota. Lula venceu com dignidade, o povo ama ele. E eu também. Salve a vida a democracia amor ao próximo. Viva lula 13.', 'textOriginal': 'Bolssonaro não aceita a derrota. Lula venceu com dignidade, o povo ama ele. E eu também. Salve a vida a democracia amor ao próximo. Viva lula 13.', 'authorDisplayName': 'Rose rosa', 'authorProfileImageUrl': 'https://yt3.ggpht.com/ytc/AGIKgqPywWpVWpAMYL4sip2pKoLjykUvKp8aZRSMkYfBvw=s48-c-k-c0x00ffffff-no-rj', 'authorChannelUrl': 'http://www.youtube.com/channel/UCYwTOndtkiGJGkjiZsT9OvA', 'authorChannelId': {'value': 'UCYwTOndtkiGJGkjiZsT9OvA'}, 'canRate': True, 'viewerRating': 'none', 'likeCount': 0, 'publishedAt': '2022-11-01T01:59:53Z', 'updatedAt': '2022-11-01T01:59:53Z'}}, 'canReply': True, 'totalReplyCount': 0, 'isPublic': True}",,UCYwTOndtkiGJGkjiZsT9OvA,2022-11-01T01:59:53Z,"Bolssonaro não aceita a derrota. Lula venceu com dignidade, o povo ama ele. E eu também. Salve a vida a democracia amor ao próximo. Viva lula 13.",QURTSl9pM1ZGZUdfMlFEcXZ6eHgtSlp0NExTcWh1QnAyUlRSVTc1YWhveWt0R3A4UThybFZaZzdvdmMzU050WlRWYTVadXo0d05WNnVfQQ==,2023-06-07 12:46:20.721337
youtube#commentThread,385fXJEbrw2UCEgS-mL39Gk1fzI,UgzlN9lxmLPHyDp7Qht4AaABAg,"{'videoId': 'XRYjrJJZAME', 'topLevelComment': {'kind': 'youtube#comment', 'etag': 'VDDJEPz9GbcbkiCZ0thwFO8imJY', 'id': 'UgzlN9lxmLPHyDp7Qht4AaABAg', 'snippet': {'videoId': 'XRYjrJJZAME', 'textDisplay': 'São empresários de emplacamento agrícola e empresas que estão fazendo isso', 'textOriginal': 'São empresários de emplacamento agrícola e empresas que estão fazendo isso', 'authorDisplayName': 'fabiano s cabreira Cabreira', 'authorProfileImageUrl': 'https://yt3.ggpht.com/ytc/AGIKgqN1UdDHJFIC754WMM-QG3_iUNVQLnX5TQaAig=s48-c-k-c0x00ffffff-no-rj', 'authorChannelUrl': 'http://www.youtube.com/channel/UCjnZsAs5HKnW5-QXPgNrJ6g', 'authorChannelId': {'value': 'UCjnZsAs5HKnW5-QXPgNrJ6g'}, 'canRate': True, 'viewerRating': 'none', 'likeCount': 0, 'publishedAt': '2022-11-01T01:57:11Z', 'updatedAt': '2022-11-01T01:57:11Z'}}, 'canReply': True, 'totalReplyCount': 0, 'isPublic': True}",,UCjnZsAs5HKnW5-QXPgNrJ6g,2022-11-01T01:57:11Z,São empresários de emplacamento agrícola e empresas que estão fazendo isso,QURTSl9pM1ZGZUdfMlFEcXZ6eHgtSlp0NExTcWh1QnAyUlRSVTc1YWhveWt0R3A4UThybFZaZzdvdmMzU050WlRWYTVadXo0d05WNnVfQQ==,2023-06-07 12:46:20.721337
youtube#commentThread,JwAWV7jFl2FS63S28D9DDDTwdNs,UgxuMOTjxp-uh_BxnSl4AaABAg,"{'videoId': 'XRYjrJJZAME', 'topLevelComment': {'kind': 'youtube#comment', 'etag': '8rOWi6sfgtzOreToNYHA4AJcqcw', 'id': 'UgxuMOTjxp-uh_BxnSl4AaABAg', 'snippet': {'videoId': 'XRYjrJJZAME', 'textDisplay': 'Ele e um covarde não sabe perder afff', 'textOriginal': 'Ele e um covarde não sabe perder afff', 'authorDisplayName': 'Hilda Carveche', 'authorProfileImageUrl': 'https://yt3.ggpht.com/ytc/AGIKgqPI4zTtcN3zcLUbMP87E2jjl7uaxzVaY9zGEA=s48-c-k-c0x00ffffff-no-rj', 'authorChannelUrl': 'http://www.youtube.com/channel/UCl9NyYlLog6wOheLMyjct4g', 'authorChannelId': {'value': 'UCl9NyYlLog6wOheLMyjct4g'}, 'canRate': True, 'viewerRating': 'none', 'likeCount': 0, 'publishedAt': '2022-11-01T01:57:00Z', 'updatedAt': '2022-11-01T01:57:00Z'}}, 'canReply': True, 'totalReplyCount': 0, 'isPublic': True}",,UCl9NyYlLog6wOheLMyjct4g,2022-11-01T01:57:00Z,Ele e um covarde não sabe perder afff,QURTSl9pM1ZGZUdfMlFEcXZ6eHgtSlp0NExTcWh1QnAyUlRSVTc1YWhveWt0R3A4UThybFZaZzdvdmMzU050WlRWYTVadXo0d05WNnVfQQ==,2023-06-07 12:46:20.721337
youtube#commentThread,fZ5VsHIvgAMeP5DlpLBdGOzyZUQ,UgwdI2hHZHmQCvVjhNx4AaABAg,"{'videoId': 'XRYjrJJZAME', 'topLevelComment': {'kind': 'youtube#comment', 'etag': '8oWmEm0a0_BLByi7dHmcx0VGldw', 'id': 'UgwdI2hHZHmQCvVjhNx4AaABAg', 'snippet': {'videoId': 'XRYjrJJZAME', 'textDisplay': 'No Brasil tem em média 100 milhões de psicopatas seguindo Bolsonaro e o Luciano Hunter', 'textOriginal': 'No Brasil tem em média 100 milhões de psicopatas seguindo Bolsonaro e o Luciano Hunter', 'authorDisplayName': 'Lilian Maria Marinho', 'authorProfileImageUrl': 'https://yt3.ggpht.com/ytc/AGIKgqO1_k0zUiCZfgsspwJcbXn7EozA0hz0V2Ero0vvsAye_QGJQRpKl5clpqhOWDXF=s48-c-k-c0x00ffffff-no-rj', 'authorChannelUrl': 'http://www.youtube.com/channel/UC69VAlylzgTOwuPyFNLBPug', 'authorChannelId': {'value': 'UC69VAlylzgTOwuPyFNLBPug'}, 'canRate': True, 'viewerRating': 'none', 'likeCount': 0, 'publishedAt': '2022-11-01T01:56:43Z', 'updatedAt': '2022-11-01T01:56:43Z'}}, 'canReply': True, 'totalReplyCount': 0, 'isPublic': True}",,UC69VAlylzgTOwuPyFNLBPug,2022-11-01T01:56:43Z,No Brasil tem em média 100 milhões de psicopatas seguindo Bolsonaro e o Luciano Hunter,QURTSl9pM1ZGZUdfMlFEcXZ6eHgtSlp0NExTcWh1QnAyUlRSVTc1YWhveWt0R3A4UThybFZaZzdvdmMzU050WlRWYTVadXo0d05WNnVfQQ==,2023-06-07 12:46:20.721337
youtube#commentThread,rmQM2AOw34OvxWG022H5i0fWfrY,UgzFN80-cO7Q67i4cch4AaABAg,"{'videoId': 'XRYjrJJZAME', 'topLevelComment': {'kind': 'youtube#comment', 'etag': 'H4dca5NLangAMjRrjQ1S62anLBE', 'id': 'UgzFN80-cO7Q67i4cch4AaABAg', 'snippet': {'videoId': 'XRYjrJJZAME', 'textDisplay': 'Tô apostando nisso meu amigo pode acreditar , estou me sentindo em um manicômio  nunca pensei em ver o Brasil assim ,', 'textOriginal': 'Tô apostando nisso meu amigo pode acreditar , estou me sentindo em um manicômio  nunca pensei em ver o Brasil assim ,', 'authorDisplayName': 'jarbas joca de oliveira', 'authorProfileImageUrl': 'https://yt3.ggpht.com/ytc/AGIKgqNBeaMiy45qX2eXy1NXhOvY32j7nAiT5S0rrQ=s48-c-k-c0x00ffffff-no-rj', 'authorChannelUrl': 'http://www.youtube.com/channel/UCl61il8PLCm9RKvD32JYHlg', 'authorChannelId': {'value': 'UCl61il8PLCm9RKvD32JYHlg'}, 'canRate': True, 'viewerRating': 'none', 'likeCount': 0, 'publishedAt': '2022-11-01T01:55:35Z', 'updatedAt': '2022-11-01T01:55:35Z'}}, 'canReply': True, 'totalReplyCount': 0, 'isPublic': True}",,UCl61il8PLCm9RKvD32JYHlg,2022-11-01T01:55:35Z,"Tô apostando nisso meu amigo pode acreditar , estou me sentindo em um manicômio  nunca pensei em ver o Brasil assim ,",QURTSl9pM1ZGZUdfMlFEcXZ6eHgtSlp0NExTcWh1QnAyUlRSVTc1YWhveWt0R3A4UThybFZaZzdvdmMzU050WlRWYTVadXo0d05WNnVfQQ==,2023-06-07 12:46:20.721337
youtube#commentThread,oMMi9oBNh3F5hxtuNsRy384ix_0,UgwYAMIYtYGBpQPPh5t4AaABAg,"{'videoId': 'XRYjrJJZAME', 'topLevelComment': {'kind': 'youtube#comment', 'etag': 'nQNB8KLdqlIPAexUoVrB5Mp_b6A', 'id': 'UgwYAMIYtYGBpQPPh5t4AaABAg', 'snippet': {'videoId': 'XRYjrJJZAME', 'textDisplay': 'BOLSONARO COM TODO O SEU PODER,COM TODO O DINHEIRO GUE TEM NÃO SEI SE É DIGNO DE ALGUM SENTIMENTO , MAS EU TENHO PENA DESTA CRIATURA,TEVE A OPORTUNIDADE DE SER UM GRANDE PRESIDENTE E FICAR NA HISTÓRIA DO BRASIL,MAS FOI O PIOR PRESIDENTE, E O ÚNICO PRESIDENTE GUE NÃO CONSEGUIU SER REELEITO, PERDE ATÉ PARA FERNANDO COLOR É TRISTE VER UMA CRIATURA DOENTE COMO O BOLSONARO ,MAS VAMOS VENCER E VOLTAREMOS A SER FELIZES NOVAMENTE COM LULA LÁ.', 'textOriginal': 'BOLSONARO COM TODO O SEU PODER,COM TODO O DINHEIRO GUE TEM NÃO SEI SE É DIGNO DE ALGUM SENTIMENTO , MAS EU TENHO PENA DESTA CRIATURA,TEVE A OPORTUNIDADE DE SER UM GRANDE PRESIDENTE E FICAR NA HISTÓRIA DO BRASIL,MAS FOI O PIOR PRESIDENTE, E O ÚNICO PRESIDENTE GUE NÃO CONSEGUIU SER REELEITO, PERDE ATÉ PARA FERNANDO COLOR É TRISTE VER UMA CRIATURA DOENTE COMO O BOLSONARO ,MAS VAMOS VENCER E VOLTAREMOS A SER FELIZES NOVAMENTE COM LULA LÁ.', 'authorDisplayName': 'Delfino Felix', 'authorProfileImageUrl': 'https://yt3.ggpht.com/ytc/AGIKgqPYFAMuu3wuXWfooFzlPXv3NRgeoPeikSNy9B00E_qP8zLNKAMuxNDAIUxNYzJ0=s48-c-k-c0x00ffffff-no-rj', 'authorChannelUrl': 'http://www.youtube.com/channel/UCRyn81kauPcjkSNwfiToEkg', 'authorChannelId': {'value': 'UCRyn81kauPcjkSNwfiToEkg'}, 'canRate': True, 'viewerRating': 'none', 'likeCount': 0, 'publishedAt': '2022-11-01T01:53:42Z', 'updatedAt': '2022-11-01T01:53:42Z'}}, 'canReply': True, 'totalReplyCount': 0, 'isPublic': True}",,UCRyn81kauPcjkSNwfiToEkg,2022-11-01T01:53:42Z,"BOLSONARO COM TODO O SEU PODER,COM TODO O DINHEIRO GUE TEM NÃO SEI SE É DIGNO DE ALGUM SENTIMENTO , MAS EU TENHO PENA DESTA CRIATURA,TEVE A OPORTUNIDADE DE SER UM GRANDE PRESIDENTE E FICAR NA HISTÓRIA DO BRASIL,MAS FOI O PIOR PRESIDENTE, E O ÚNICO PRESIDENTE GUE NÃO CONSEGUIU SER REELEITO, PERDE ATÉ PARA FERNANDO COLOR É TRISTE VER UMA CRIATURA DOENTE COMO O BOLSONARO ,MAS VAMOS VENCER E VOLTAREMOS A SER FELIZES NOVAMENTE COM LULA LÁ.",QURTSl9pM1ZGZUdfMlFEcXZ6eHgtSlp0NExTcWh1QnAyUlRSVTc1YWhveWt0R3A4UThybFZaZzdvdmMzU050WlRWYTVadXo0d05WNnVfQQ==,2023-06-07 12:46:20.721337
youtube#commentThread,H_MMEAtdKnZKQ09glM0HpAl8OQQ,Ugy9kZOPJZb_7L_bQ294AaABAg,"{'videoId': 'XRYjrJJZAME', 'topLevelComment': {'kind': 'youtube#comment', 'etag': 'UsBq9d1dnvAzpROnh8NvlQJhflo', 'id': 'Ugy9kZOPJZb_7L_bQ294AaABAg', 'snippet': {'videoId': 'XRYjrJJZAME', 'textDisplay': 'Isso e golpe tem que chama a guarda nacional, dispersa antes que esse fogo saia do controle e para de fica so filosofando acorda', 'textOriginal': 'Isso e golpe tem que chama a guarda nacional, dispersa antes que esse fogo saia do controle e para de fica so filosofando acorda', 'authorDisplayName': 'HISTORIAS DE AMOR E TRAIÇAO', 'authorProfileImageUrl': 'https://yt3.ggpht.com/A8ytb2hjR-bpM5KLl9UVs1Sf44cZMQnaWxUgkDDGkM2oxq2E-iGjVfPgdtHc6RnDmS2eWAOi=s48-c-k-c0x00ffffff-no-rj', 'authorChannelUrl': 'http://www.youtube.com/channel/UCA8uTFJ8-PdSBBAcdA8ZQNA', 'authorChannelId': {'value': 'UCA8uTFJ8-PdSBBAcdA8ZQNA'}, 'canRate': True, 'viewerRating': 'none', 'likeCount': 0, 'publishedAt': '2022-11-01T01:53:23Z', 'updatedAt': '2022-11-01T01:53:23Z'}}, 'canReply': True, 'totalReplyCount': 0, 'isPublic': True}",,UCA8uTFJ8-PdSBBAcdA8ZQNA,2022-11-01T01:53:23Z,"Isso e golpe tem que chama a guarda nacional, dispersa antes que esse fogo saia do controle e para de fica so filosofando acorda",QURTSl9pM1ZGZUdfMlFEcXZ6eHgtSlp0NExTcWh1QnAyUlRSVTc1YWhveWt0R3A4UThybFZaZzdvdmMzU050WlRWYTVadXo0d05WNnVfQQ==,2023-06-07 12:46:20.721337
youtube#commentThread,Jc6hRzXuPLE-OLw744ZmbFafdcw,Ugz8JL8iVuTqqMFE-LF4AaABAg,"{'videoId': 'XRYjrJJZAME', 'topLevelComment': {'kind': 'youtube#comment', 'etag': 'A2s8p1T_PgISwKwvToI5rWeeP44', 'id': 'Ugz8JL8iVuTqqMFE-LF4AaABAg', 'snippet': {'videoId': 'XRYjrJJZAME', 'textDisplay': 'É  verdade  esse Bolsonario  fez tudo de caso pensado, deu um auxílio  de R$1000,aos caminhoneiros ,e eles achavam que iam mamá  na teta do governo  pro  mais 4 anos, agora tão aí revoltados,o PRF tão  lá  só  fazendo  vistas grossas, comandados pelo  Bolsonario', 'textOriginal': 'É  verdade  esse Bolsonario  fez tudo de caso pensado, deu um auxílio  de R$1000,aos caminhoneiros ,e eles achavam que iam mamá  na teta do governo  pro  mais 4 anos, agora tão aí revoltados,o PRF tão  lá  só  fazendo  vistas grossas, comandados pelo  Bolsonario', 'authorDisplayName': 'Vanilda Santos', 'authorProfileImageUrl': 'https://yt3.ggpht.com/ytc/AGIKgqOz-2bmnRPTcM4FF5j08VL72AlLwTiBGrs9XCZE=s48-c-k-c0x00ffffff-no-rj', 'authorChannelUrl': 'http://www.youtube.com/channel/UCQqdn-NK4TwVXMVdko9X7wQ', 'authorChannelId': {'value': 'UCQqdn-NK4TwVXMVdko9X7wQ'}, 'canRate': True, 'viewerRating': 'none', 'likeCount': 0, 'publishedAt': '2022-11-01T01:50:05Z', 'updatedAt': '2022-11-01T01:50:05Z'}}, 'canReply': True, 'totalReplyCount': 0, 'isPublic': True}",,UCQqdn-NK4TwVXMVdko9X7wQ,2022-11-01T01:50:05Z,"É  verdade  esse Bolsonario  fez tudo de caso pensado, deu um auxílio  de R$1000,aos caminhoneiros ,e eles achavam que iam mamá  na teta do governo  pro  mais 4 anos, agora tão aí revoltados,o PRF tão  lá  só  fazendo  vistas grossas, comandados pelo  Bolsonario",QURTSl9pM1ZGZUdfMlFEcXZ6eHgtSlp0NExTcWh1QnAyUlRSVTc1YWhveWt0R3A4UThybFZaZzdvdmMzU050WlRWYTVadXo0d05WNnVfQQ==,2023-06-07 12:46:20.721337
youtube#commentThread,aJpy2U-zBChxFEp8RkhsnWYAbw0,UgyVBdP2ZdReTKmAhPR4AaABAg,"{'videoId': 'XRYjrJJZAME', 'topLevelComment': {'kind': 'youtube#comment', 'etag': 'JXv2gFbMKGJVPMg-NZ013LxRCak', 'id': 'UgyVBdP2ZdReTKmAhPR4AaABAg', 'snippet': {'videoId': 'XRYjrJJZAME', 'textDisplay': 'Este bolsdonaro é  uma vergonha  desgraçado maldito.', 'textOriginal': 'Este bolsdonaro é  uma vergonha  desgraçado maldito.', 'authorDisplayName': 'Carmem Honório', 'authorProfileImageUrl': 'https://yt3.ggpht.com/ytc/AGIKgqMX2K_8jN1X7z_zYBsZCmH0ocEDe8JeBH2iFA=s48-c-k-c0x00ffffff-no-rj', 'authorChannelUrl': 'http://www.youtube.com/channel/UCxbOSAbMS7OuuhdIxYzTO5A', 'authorChannelId': {'value': 'UCxbOSAbMS7OuuhdIxYzTO5A'}, 'canRate': True, 'viewerRating': 'none', 'likeCount': 0, 'publishedAt': '2022-11-01T01:49:18Z', 'updatedAt': '2022-11-01T01:49:18Z'}}, 'canReply': True, 'totalReplyCount': 0, 'isPublic': True}",,UCxbOSAbMS7OuuhdIxYzTO5A,2022-11-01T01:49:18Z,Este bolsdonaro é  uma vergonha  desgraçado maldito.,QURTSl9pM1ZGZUdfMlFEcXZ6eHgtSlp0NExTcWh1QnAyUlRSVTc1YWhveWt0R3A4UThybFZaZzdvdmMzU050WlRWYTVadXo0d05WNnVfQQ==,2023-06-07 12:46:20.721337
youtube#commentThread,TqsKw5DAhKD1-cMt-UUmNmxWai4,UgxI1d7PSXCfju1fP7p4AaABAg,"{'videoId': 'XRYjrJJZAME', 'topLevelComment': {'kind': 'youtube#comment', 'etag': '-8VisDcgmhezl61WsOJF9THF3q0', 'id': 'UgxI1d7PSXCfju1fP7p4AaABAg', 'snippet': {'videoId': 'XRYjrJJZAME', 'textDisplay': 'Você é um guerreiro considerado o Brasil te ama', 'textOriginal': 'Você é um guerreiro considerado o Brasil te ama', 'authorDisplayName': 'Ataliba Lima', 'authorProfileImageUrl': 'https://yt3.ggpht.com/ytc/AGIKgqPNKkKDkLbggoJvdYPPBiY3I55hYRg8HcsQJXO4-eRtlbHWISykMGsrGRb6RbJi=s48-c-k-c0x00ffffff-no-rj', 'authorChannelUrl': 'http://www.youtube.com/channel/UCm4-4EgG2VG2DnOR3vbNq-A', 'authorChannelId': {'value': 'UCm4-4EgG2VG2DnOR3vbNq-A'}, 'canRate': True, 'viewerRating': 'none', 'likeCount': 5, 'publishedAt': '2022-11-01T01:49:06Z', 'updatedAt': '2022-11-01T01:49:06Z'}}, 'canReply': True, 'totalReplyCount': 0, 'isPublic': True}",,UCm4-4EgG2VG2DnOR3vbNq-A,2022-11-01T01:49:06Z,Você é um guerreiro considerado o Brasil te ama,QURTSl9pM1ZGZUdfMlFEcXZ6eHgtSlp0NExTcWh1QnAyUlRSVTc1YWhveWt0R3A4UThybFZaZzdvdmMzU050WlRWYTVadXo0d05WNnVfQQ==,2023-06-07 12:46:20.721337
youtube#commentThread,IqMTkx6Rl4AR3FKCjd8GZgsctw0,UgzWFvzmfxixN69ZwCR4AaABAg,"{'videoId': 'XRYjrJJZAME', 'topLevelComment': {'kind': 'youtube#comment', 'etag': 'cyvIKPemtgwO6iJUmqaGu538Zhk', 'id': 'UgzWFvzmfxixN69ZwCR4AaABAg', 'snippet': {'videoId': 'XRYjrJJZAME', 'textDisplay': 'Parabéns nosso guerreiro', 'textOriginal': 'Parabéns nosso guerreiro', 'authorDisplayName': 'Ataliba Lima', 'authorProfileImageUrl': 'https://yt3.ggpht.com/ytc/AGIKgqPNKkKDkLbggoJvdYPPBiY3I55hYRg8HcsQJXO4-eRtlbHWISykMGsrGRb6RbJi=s48-c-k-c0x00ffffff-no-rj', 'authorChannelUrl': 'http://www.youtube.com/channel/UCm4-4EgG2VG2DnOR3vbNq-A', 'authorChannelId': {'value': 'UCm4-4EgG2VG2DnOR3vbNq-A'}, 'canRate': True, 'viewerRating': 'none', 'likeCount': 1, 'publishedAt': '2022-11-01T01:48:40Z', 'updatedAt': '2022-11-01T01:48:40Z'}}, 'canReply': True, 'totalReplyCount': 0, 'isPublic': True}",,UCm4-4EgG2VG2DnOR3vbNq-A,2022-11-01T01:48:40Z,Parabéns nosso guerreiro,QURTSl9pM1ZGZUdfMlFEcXZ6eHgtSlp0NExTcWh1QnAyUlRSVTc1YWhveWt0R3A4UThybFZaZzdvdmMzU050WlRWYTVadXo0d05WNnVfQQ==,2023-06-07 12:46:20.721337
youtube#commentThread,bpCt6rurHts3iE9JCtrMrWS58y4,Ugw5HK5kI2dv-6rlcBx4AaABAg,"{'videoId': 'XRYjrJJZAME', 'topLevelComment': {'kind': 'youtube#comment', 'etag': 'K1DtTUamHoTa5zGf1eSR_lnsKRc', 'id': 'Ugw5HK5kI2dv-6rlcBx4AaABAg', 'snippet': {'videoId': 'XRYjrJJZAME', 'textDisplay': 'Olha só quem está falando besteira logo   um militante do partido das trevas que são acostumados a fazer baderna', 'textOriginal': 'Olha só quem está falando besteira logo   um militante do partido das trevas que são acostumados a fazer baderna', 'authorDisplayName': 'Sergio Da Silva cardoso', 'authorProfileImageUrl': 'https://yt3.ggpht.com/ytc/AGIKgqNYYf3wYLXdLxe2TqmzQSytmRc3D4IuScRTW_pFkvWuioHnIT7WmtZz6kiihB6B=s48-c-k-c0x00ffffff-no-rj', 'authorChannelUrl': 'http://www.youtube.com/channel/UCwY0Jw5e--R4CY9fSu7V9sA', 'authorChannelId': {'value': 'UCwY0Jw5e--R4CY9fSu7V9sA'}, 'canRate': True, 'viewerRating': 'none', 'likeCount': 0, 'publishedAt': '2022-11-01T01:47:57Z', 'updatedAt': '2022-11-01T01:47:57Z'}}, 'canReply': True, 'totalReplyCount': 0, 'isPublic': True}",,UCwY0Jw5e--R4CY9fSu7V9sA,2022-11-01T01:47:57Z,Olha só quem está falando besteira logo   um militante do partido das trevas que são acostumados a fazer baderna,QURTSl9pM1ZGZUdfMlFEcXZ6eHgtSlp0NExTcWh1QnAyUlRSVTc1YWhveWt0R3A4UThybFZaZzdvdmMzU050WlRWYTVadXo0d05WNnVfQQ==,2023-06-07 12:46:20.721337
youtube#commentThread,uYUDWMLTdoXfK40lKpfGFxu4Yhk,Ugzg7yuYTTmvwzhE-DN4AaABAg,"{'videoId': 'XRYjrJJZAME', 'topLevelComment': {'kind': 'youtube#comment', 'etag': 'UfIuShHPc72vTkrpce2AJUj2dMs', 'id': 'Ugzg7yuYTTmvwzhE-DN4AaABAg', 'snippet': {'videoId': 'XRYjrJJZAME', 'textDisplay': 'Isso que os manifestantes bolsonaristas estão fazendo é um crime gravissimo, e a situação deles vão ficar mais complicada.', 'textOriginal': 'Isso que os manifestantes bolsonaristas estão fazendo é um crime gravissimo, e a situação deles vão ficar mais complicada.', 'authorDisplayName': 'Alexison Alcantara do Nascimento', 'authorProfileImageUrl': 'https://yt3.ggpht.com/ytc/AGIKgqPW6Zsakw_o_ElfiLMYw2aGlVn0F16kbom6Og=s48-c-k-c0x00ffffff-no-rj', 'authorChannelUrl': 'http://www.youtube.com/channel/UC0fzlt3QLKjo3M_7EFCypQw', 'authorChannelId': {'value': 'UC0fzlt3QLKjo3M_7EFCypQw'}, 'canRate': True, 'viewerRating': 'none', 'likeCount': 0, 'publishedAt': '2022-11-01T01:47:11Z', 'updatedAt': '2022-11-01T01:47:11Z'}}, 'canReply': True, 'totalReplyCount': 0, 'isPublic': True}",,UC0fzlt3QLKjo3M_7EFCypQw,2022-11-01T01:47:11Z,"Isso que os manifestantes bolsonaristas estão fazendo é um crime gravissimo, e a situação deles vão ficar mais complicada.",QURTSl9pM1ZGZUdfMlFEcXZ6eHgtSlp0NExTcWh1QnAyUlRSVTc1YWhveWt0R3A4UThybFZaZzdvdmMzU050WlRWYTVadXo0d05WNnVfQQ==,2023-06-07 12:46:20.721337
youtube#commentThread,agYlqx28Prg--ZJLH-KAKyv2ZyQ,UgxdrepCRNBRFXzo0Hh4AaABAg,"{'videoId': 'XRYjrJJZAME', 'topLevelComment': {'kind': 'youtube#comment', 'etag': 'eYQ_Re8rqtO89cl86VO3bPBUz-c', 'id': 'UgxdrepCRNBRFXzo0Hh4AaABAg', 'snippet': {'videoId': 'XRYjrJJZAME', 'textDisplay': '👏👏👏👏🇧🇷', 'textOriginal': '👏👏👏👏🇧🇷', 'authorDisplayName': 'Maria De Lima', 'authorProfileImageUrl': 'https://yt3.ggpht.com/ytc/AGIKgqPbFcWwAZx9FYKwA47_NRIVyXUP5D6SPArS0w=s48-c-k-c0x00ffffff-no-rj', 'authorChannelUrl': 'http://www.youtube.com/channel/UCPnrBmVMHDVGs60UFAB51XA', 'authorChannelId': {'value': 'UCPnrBmVMHDVGs60UFAB51XA'}, 'canRate': True, 'viewerRating': 'none', 'likeCount': 1, 'publishedAt': '2022-11-01T01:45:35Z', 'updatedAt': '2022-11-01T01:45:35Z'}}, 'canReply': True, 'totalReplyCount': 0, 'isPublic': True}",,UCPnrBmVMHDVGs60UFAB51XA,2022-11-01T01:45:35Z,👏👏👏👏🇧🇷,QURTSl9pM1ZGZUdfMlFEcXZ6eHgtSlp0NExTcWh1QnAyUlRSVTc1YWhveWt0R3A4UThybFZaZzdvdmMzU050WlRWYTVadXo0d05WNnVfQQ==,2023-06-07 12:46:20.721337
youtube#commentThread,5FpljZkaUlC7c5iiwdqJDC7Iee8,UgzkEgjyLiR8vo_VoGh4AaABAg,"{'videoId': 'XRYjrJJZAME', 'topLevelComment': {'kind': 'youtube#comment', 'etag': 'azl4uQx9t2sN_Vl9TLzDwSrFDh4', 'id': 'UgzkEgjyLiR8vo_VoGh4AaABAg', 'snippet': {'videoId': 'XRYjrJJZAME', 'textDisplay': 'Parabéns pelas suas palavras e obrigado!', 'textOriginal': 'Parabéns pelas suas palavras e obrigado!', 'authorDisplayName': 'Ana Lucia Corrêa', 'authorProfileImageUrl': 'https://yt3.ggpht.com/ytc/AGIKgqMODot1lN0AjjsNLt7k3VtuXJDWl3oHd4EMTQ=s48-c-k-c0x00ffffff-no-rj', 'authorChannelUrl': 'http://www.youtube.com/channel/UCB5AHORsXEC6fyRI6ZBh0aw', 'authorChannelId': {'value': 'UCB5AHORsXEC6fyRI6ZBh0aw'}, 'canRate': True, 'viewerRating': 'none', 'likeCount': 8, 'publishedAt': '2022-11-01T01:45:24Z', 'updatedAt': '2022-11-01T01:45:24Z'}}, 'canReply': True, 'totalReplyCount': 0, 'isPublic': True}",,UCB5AHORsXEC6fyRI6ZBh0aw,2022-11-01T01:45:24Z,Parabéns pelas suas palavras e obrigado!,QURTSl9pM1ZGZUdfMlFEcXZ6eHgtSlp0NExTcWh1QnAyUlRSVTc1YWhveWt0R3A4UThybFZaZzdvdmMzU050WlRWYTVadXo0d05WNnVfQQ==,2023-06-07 12:46:20.721337
youtube#commentThread,1hoXQJ-0d_zj1f17u0LAK9DgLuM,UgwbymniYwy9rz1g6Wl4AaABAg,"{'videoId': 'XRYjrJJZAME', 'topLevelComment': {'kind': 'youtube#comment', 'etag': 'Lov30V2yvfKMGOoOo-MZQcr33OM', 'id': 'UgwbymniYwy9rz1g6Wl4AaABAg', 'snippet': {'videoId': 'XRYjrJJZAME', 'textDisplay': 'O Alexandre de Moraes,pode interver , estão falando em golpe', 'textOriginal': 'O Alexandre de Moraes,pode interver , estão falando em golpe', 'authorDisplayName': 'Conceição Baldez', 'authorProfileImageUrl': 'https://yt3.ggpht.com/ytc/AGIKgqMDQQeGYK9ZNmwI5Wk5tWXNN4ztComd6B2cMmvefSXRGSFQq2ENPC6lrGML_Giu=s48-c-k-c0x00ffffff-no-rj', 'authorChannelUrl': 'http://www.youtube.com/channel/UCD4kRnnfi5GrFBnBRZ4On4g', 'authorChannelId': {'value': 'UCD4kRnnfi5GrFBnBRZ4On4g'}, 'canRate': True, 'viewerRating': 'none', 'likeCount': 0, 'publishedAt': '2022-11-01T01:44:14Z', 'updatedAt': '2022-11-01T01:44:14Z'}}, 'canReply': True, 'totalReplyCount': 0, 'isPublic': True}",,UCD4kRnnfi5GrFBnBRZ4On4g,2022-11-01T01:44:14Z,"O Alexandre de Moraes,pode interver , estão falando em golpe",QURTSl9pM1ZGZUdfMlFEcXZ6eHgtSlp0NExTcWh1QnAyUlRSVTc1YWhveWt0R3A4UThybFZaZzdvdmMzU050WlRWYTVadXo0d05WNnVfQQ==,2023-06-07 12:46:20.721337
youtube#commentThread,R5JFLns_S9F4o21ThxjHbM2xKfE,UgwA1lOkAgTEX_Lqs7R4AaABAg,"{'videoId': 'XRYjrJJZAME', 'topLevelComment': {'kind': 'youtube#comment', 'etag': 'Hixae4lzkXXVi9r1hx1R_H7I-0k', 'id': 'UgwA1lOkAgTEX_Lqs7R4AaABAg', 'snippet': {'videoId': 'XRYjrJJZAME', 'textDisplay': 'Acabou a mamata do dinheiro público pra estes baderneiros, quando passar o efeito do rebites eles cai na real e vida que segue, vamos trabalhar cambada aceita a derrota do MINTO', 'textOriginal': 'Acabou a mamata do dinheiro público pra estes baderneiros, quando passar o efeito do rebites eles cai na real e vida que segue, vamos trabalhar cambada aceita a derrota do MINTO', 'authorDisplayName': 'REINALDO MELAO', 'authorProfileImageUrl': 'https://yt3.ggpht.com/ytc/AGIKgqO4fcIEwr1CCsEbAIctPMeKcOExT9_gH6GLmQ=s48-c-k-c0x00ffffff-no-rj', 'authorChannelUrl': 'http://www.youtube.com/channel/UChEUKLmD-kSa0a1Crn_vliQ', 'authorChannelId': {'value': 'UChEUKLmD-kSa0a1Crn_vliQ'}, 'canRate': True, 'viewerRating': 'none', 'likeCount': 0, 'publishedAt': '2022-11-01T01:43:57Z', 'updatedAt': '2022-11-01T01:43:57Z'}}, 'canReply': True, 'totalReplyCount': 0, 'isPublic': True}",,UChEUKLmD-kSa0a1Crn_vliQ,2022-11-01T01:43:57Z,"Acabou a mamata do dinheiro público pra estes baderneiros, quando passar o efeito do rebites eles cai na real e vida que segue, vamos trabalhar cambada aceita a derrota do MINTO",QURTSl9pM1ZGZUdfMlFEcXZ6eHgtSlp0NExTcWh1QnAyUlRSVTc1YWhveWt0R3A4UThybFZaZzdvdmMzU050WlRWYTVadXo0d05WNnVfQQ==,2023-06-07 12:46:20.721337
youtube#commentThread,AWkYy_cuWpcgnNnU4S8yElQ28D8,UgywMAxRsMthaKDUc5R4AaABAg,"{'videoId': 'XRYjrJJZAME', 'topLevelComment': {'kind': 'youtube#comment', 'etag': 'C85kuJ3o6cum1K9g_fvJdMmDs3s', 'id': 'UgywMAxRsMthaKDUc5R4AaABAg', 'snippet': {'videoId': 'XRYjrJJZAME', 'textDisplay': 'Não é discursos de ódio como todos da esquerda prega ...e indignação revolta vergonha onde um candidato com passado vergonhoso com desvio de verbas      corrupto  que não foi inocentado, vai ser dinovo presidente. Um País que as leis não funciona onde um bandido tem fórum privilegiado..a Sociedade desprotegida e o bandido protegido como não se revoltar em pensar que vamos voltar pra esse governo isso vergonhoso sai o tal ginocida como muitos falam e entra o Bandido..', 'textOriginal': 'Não é discursos de ódio como todos da esquerda prega ...e indignação revolta vergonha onde um candidato com passado vergonhoso com desvio de verbas      corrupto  que não foi inocentado, vai ser dinovo presidente. Um País que as leis não funciona onde um bandido tem fórum privilegiado..a Sociedade desprotegida e o bandido protegido como não se revoltar em pensar que vamos voltar pra esse governo isso vergonhoso sai o tal ginocida como muitos falam e entra o Bandido..', 'authorDisplayName': 'Sara Gasquez', 'authorProfileImageUrl': 'https://yt3.ggpht.com/ytc/AGIKgqMiJDCi8MX0N7us1LRI7b-8UffoBE2MzUZeZlP4=s48-c-k-c0x00ffffff-no-rj', 'authorChannelUrl': 'http://www.youtube.com/channel/UC6GR1NBPDTiLRjEmR8DqErw', 'authorChannelId': {'value': 'UC6GR1NBPDTiLRjEmR8DqErw'}, 'canRate': True, 'viewerRating': 'none', 'likeCount': 0, 'publishedAt': '2022-11-01T01:43:43Z', 'updatedAt': '2022-11-01T01:43:43Z'}}, 'canReply': True, 'totalReplyCount': 0, 'isPublic': True}",,UC6GR1NBPDTiLRjEmR8DqErw,2022-11-01T01:43:43Z,"Não é discursos de ódio como todos da esquerda prega ...e indignação revolta vergonha onde um candidato com passado vergonhoso com desvio de verbas      corrupto  que não foi inocentado, vai ser dinovo presidente. Um País que as leis não funciona onde um bandido tem fórum privilegiado..a Sociedade desprotegida e o bandido protegido como não se revoltar em pensar que vamos voltar pra esse governo isso vergonhoso sai o tal ginocida como muitos falam e entra o Bandido..",QURTSl9pM1ZGZUdfMlFEcXZ6eHgtSlp0NExTcWh1QnAyUlRSVTc1YWhveWt0R3A4UThybFZaZzdvdmMzU050WlRWYTVadXo0d05WNnVfQQ==,2023-06-07 12:46:20.721337
youtube#commentThread,nMYFZKGTZyOOgKJnV3b4BHoT4lc,UgxLo4mGaeQ3FMbksf14AaABAg,"{'videoId': 'XRYjrJJZAME', 'topLevelComment': {'kind': 'youtube#comment', 'etag': 'XBnFGwAX8jV69oh0QOv8Yc05v5o', 'id': 'UgxLo4mGaeQ3FMbksf14AaABAg', 'snippet': {'videoId': 'XRYjrJJZAME', 'textDisplay': 'SOMEM OS VOTOS, O LULA NAO GANHOU A MIDIA MENTIU', 'textOriginal': 'SOMEM OS VOTOS, O LULA NAO GANHOU A MIDIA MENTIU', 'authorDisplayName': 'CHACAL', 'authorProfileImageUrl': 'https://yt3.ggpht.com/ytc/AGIKgqN8U8KMsK32sJJwOlyL2VFmBH8R0-1pPz8tGPv2j3zWALcYG9DHJwjHc-JGpLGH=s48-c-k-c0x00ffffff-no-rj', 'authorChannelUrl': 'http://www.youtube.com/channel/UC4h_KIgu8LPqOaM65eWXyMw', 'authorChannelId': {'value': 'UC4h_KIgu8LPqOaM65eWXyMw'}, 'canRate': True, 'viewerRating': 'none', 'likeCount': 1, 'publishedAt': '2022-11-01T01:43:42Z', 'updatedAt': '2022-11-01T01:43:42Z'}}, 'canReply': True, 'totalReplyCount': 0, 'isPublic': True}",,UC4h_KIgu8LPqOaM65eWXyMw,2022-11-01T01:43:42Z,"SOMEM OS VOTOS, O LULA NAO GANHOU A MIDIA MENTIU",QURTSl9pM1ZGZUdfMlFEcXZ6eHgtSlp0NExTcWh1QnAyUlRSVTc1YWhveWt0R3A4UThybFZaZzdvdmMzU050WlRWYTVadXo0d05WNnVfQQ==,2023-06-07 12:46:20.721337
youtube#commentThread,GlHmUs4ATkuWVHGKEdmci8psCW8,UgxvbclW_YBgvdgOLE94AaABAg,"{'videoId': 'XRYjrJJZAME', 'topLevelComment': {'kind': 'youtube#comment', 'etag': 'vBO2X3ayds0NZQ0Ye2NA3DZsF1I', 'id': 'UgxvbclW_YBgvdgOLE94AaABAg', 'snippet': {'videoId': 'XRYjrJJZAME', 'textDisplay': 'Isso  vai  dura até  quando porque  não  coloca  um basta  nisso  meu Deus  Campina Grande Paraíba', 'textOriginal': 'Isso  vai  dura até  quando porque  não  coloca  um basta  nisso  meu Deus  Campina Grande Paraíba', 'authorDisplayName': 'Maria das gracas Santos', 'authorProfileImageUrl': 'https://yt3.ggpht.com/ytc/AGIKgqOkPqMe9mbAxxDfErlKbNrFJ7btGL2oXX2pHg=s48-c-k-c0x00ffffff-no-rj', 'authorChannelUrl': 'http://www.youtube.com/channel/UCLJLtqSANLs-zUhMAEaggJw', 'authorChannelId': {'value': 'UCLJLtqSANLs-zUhMAEaggJw'}, 'canRate': True, 'viewerRating': 'none', 'likeCount': 0, 'publishedAt': '2022-11-01T01:42:14Z', 'updatedAt': '2022-11-01T01:42:14Z'}}, 'canReply': True, 'totalReplyCount': 0, 'isPublic': True}",,UCLJLtqSANLs-zUhMAEaggJw,2022-11-01T01:42:14Z,Isso  vai  dura até  quando porque  não  coloca  um basta  nisso  meu Deus  Campina Grande Paraíba,QURTSl9pM1ZGZUdfMlFEcXZ6eHgtSlp0NExTcWh1QnAyUlRSVTc1YWhveWt0R3A4UThybFZaZzdvdmMzU050WlRWYTVadXo0d05WNnVfQQ==,2023-06-07 12:46:20.721337
youtube#commentThread,u9SMtBQudCSGJI6ftLUzJYqWJqw,Ugz-dcSBugRZwB5FoVJ4AaABAg,"{'videoId': 'XRYjrJJZAME', 'topLevelComment': {'kind': 'youtube#comment', 'etag': 'nr7UdB_Sda2TV4Pv4oN021Nxc5Q', 'id': 'Ugz-dcSBugRZwB5FoVJ4AaABAg', 'snippet': {'videoId': 'XRYjrJJZAME', 'textDisplay': 'ESSE SUMIÇO ELE TAVA BADERNANDO', 'textOriginal': 'ESSE SUMIÇO ELE TAVA BADERNANDO', 'authorDisplayName': 'MARIA DE FATIMA DE MORAIS', 'authorProfileImageUrl': 'https://yt3.ggpht.com/ytc/AGIKgqMOdox8xOAHIrCQbMR-vVcNyEBT8ygUk4O1EckfgA=s48-c-k-c0x00ffffff-no-rj', 'authorChannelUrl': 'http://www.youtube.com/channel/UCVZN5ZiXvAxh8LLJtwkayuw', 'authorChannelId': {'value': 'UCVZN5ZiXvAxh8LLJtwkayuw'}, 'canRate': True, 'viewerRating': 'none', 'likeCount': 1, 'publishedAt': '2022-11-01T01:41:55Z', 'updatedAt': '2022-11-01T01:41:55Z'}}, 'canReply': True, 'totalReplyCount': 0, 'isPublic': True}",,UCVZN5ZiXvAxh8LLJtwkayuw,2022-11-01T01:41:55Z,ESSE SUMIÇO ELE TAVA BADERNANDO,QURTSl9pM1ZGZUdfMlFEcXZ6eHgtSlp0NExTcWh1QnAyUlRSVTc1YWhveWt0R3A4UThybFZaZzdvdmMzU050WlRWYTVadXo0d05WNnVfQQ==,2023-06-07 12:46:20.721337
youtube#commentThread,9PvLE_9NCoeYz2WAR-KtUDlMw1o,UgyhJt3T3XuHAM3dJd94AaABAg,"{'videoId': 'XRYjrJJZAME', 'topLevelComment': {'kind': 'youtube#comment', 'etag': 'FxBAnQW70AlMHV6KH4-g2O9E4rc', 'id': 'UgyhJt3T3XuHAM3dJd94AaABAg', 'snippet': {'videoId': 'XRYjrJJZAME', 'textDisplay': 'Saudações de Xangri-lá Deputado Paulo Pimenta. Eduardo Leite deve sua vitória ao PT.', 'textOriginal': 'Saudações de Xangri-lá Deputado Paulo Pimenta. Eduardo Leite deve sua vitória ao PT.', 'authorDisplayName': 'Pedro Ramos', 'authorProfileImageUrl': 'https://yt3.ggpht.com/ytc/AGIKgqPUF1S_upAHTZYWSzdvpiBjWrYjde4HTYi-7A=s48-c-k-c0x00ffffff-no-rj', 'authorChannelUrl': 'http://www.youtube.com/channel/UCYc_HbSfonk0m0VriI4RXQw', 'authorChannelId': {'value': 'UCYc_HbSfonk0m0VriI4RXQw'}, 'canRate': True, 'viewerRating': 'none', 'likeCount': 1, 'publishedAt': '2022-11-01T01:41:51Z', 'updatedAt': '2022-11-01T01:41:51Z'}}, 'canReply': True, 'totalReplyCount': 0, 'isPublic': True}",,UCYc_HbSfonk0m0VriI4RXQw,2022-11-01T01:41:51Z,Saudações de Xangri-lá Deputado Paulo Pimenta. Eduardo Leite deve sua vitória ao PT.,QURTSl9pM1ZGZUdfMlFEcXZ6eHgtSlp0NExTcWh1QnAyUlRSVTc1YWhveWt0R3A4UThybFZaZzdvdmMzU050WlRWYTVadXo0d05WNnVfQQ==,2023-06-07 12:46:20.721337
youtube#commentThread,-3Z3c65laRZbaxefKEIvKvdsJ3Y,UgzyRIruEikzG09sKGN4AaABAg,"{'videoId': 'XRYjrJJZAME', 'topLevelComment': {'kind': 'youtube#comment', 'etag': 'j8DW9TU1tuB26Jj9QFDOG8J4XmM', 'id': 'UgzyRIruEikzG09sKGN4AaABAg', 'snippet': {'videoId': 'XRYjrJJZAME', 'textDisplay': 'E podem espera k vem mas por aí né um ponto e bom quem sabe os idólatras não se arrependa né porque até o momento ele sumiu não deu uma satisfação pros idólatras dele', 'textOriginal': 'E podem espera k vem mas por aí né um ponto e bom quem sabe os idólatras não se arrependa né porque até o momento ele sumiu não deu uma satisfação pros idólatras dele', 'authorDisplayName': 'Cecilia Candido', 'authorProfileImageUrl': 'https://yt3.ggpht.com/ytc/AGIKgqOugko4nTfOCpRtPOJQj4-qsCi10qEtPd8wb-5Qh4ZHrFbUz1HmC48enSi0LHk2=s48-c-k-c0x00ffffff-no-rj', 'authorChannelUrl': 'http://www.youtube.com/channel/UC6_Y1JmDuaU9PjiWVq6iebQ', 'authorChannelId': {'value': 'UC6_Y1JmDuaU9PjiWVq6iebQ'}, 'canRate': True, 'viewerRating': 'none', 'likeCount': 1, 'publishedAt': '2022-11-01T01:41:27Z', 'updatedAt': '2022-11-01T01:41:27Z'}}, 'canReply': True, 'totalReplyCount': 0, 'isPublic': True}",,UC6_Y1JmDuaU9PjiWVq6iebQ,2022-11-01T01:41:27Z,E podem espera k vem mas por aí né um ponto e bom quem sabe os idólatras não se arrependa né porque até o momento ele sumiu não deu uma satisfação pros idólatras dele,QURTSl9pMVJVYVdsakhCSk1FYUk2aTJHa202VEdrRjFYTDllc3RKUTBMRExGeGxSeElUZTF3TlFjZ3dGZl9TdTFDYmZFZWFaNGFiU2Q0SQ==,2023-06-07 12:46:22.499649
youtube#commentThread,jNeO3qqSkTI1zmXEr5EyhyPZZgE,UgzRdRNGtN3HrvHo1QR4AaABAg,"{'videoId': 'XRYjrJJZAME', 'topLevelComment': {'kind': 'youtube#comment', 'etag': 'I9JdIjvoYRCIPaSx-JBefA3Co4o', 'id': 'UgzRdRNGtN3HrvHo1QR4AaABAg', 'snippet': {'videoId': 'XRYjrJJZAME', 'textDisplay': 'Tdos tem que ir pra cadeia .', 'textOriginal': 'Tdos tem que ir pra cadeia .', 'authorDisplayName': 'anjo do amor umanjochamadoamor', 'authorProfileImageUrl': 'https://yt3.ggpht.com/ytc/AGIKgqMpsa6jEOak4wbPQSfS6Smb478IZ4OxLLvxJhZT8A=s48-c-k-c0x00ffffff-no-rj', 'authorChannelUrl': 'http://www.youtube.com/channel/UC_KRmn1IrGzw6mVDJca8Y2g', 'authorChannelId': {'value': 'UC_KRmn1IrGzw6mVDJca8Y2g'}, 'canRate': True, 'viewerRating': 'none', 'likeCount': 0, 'publishedAt': '2022-11-01T01:41:21Z', 'updatedAt': '2022-11-01T01:41:21Z'}}, 'canReply': True, 'totalReplyCount': 0, 'isPublic': True}",,UC_KRmn1IrGzw6mVDJca8Y2g,2022-11-01T01:41:21Z,Tdos tem que ir pra cadeia .,QURTSl9pMVJVYVdsakhCSk1FYUk2aTJHa202VEdrRjFYTDllc3RKUTBMRExGeGxSeElUZTF3TlFjZ3dGZl9TdTFDYmZFZWFaNGFiU2Q0SQ==,2023-06-07 12:46:22.499649
youtube#commentThread,HaUK5ciCz4hdOUgipoA1NsrwUmQ,UgzCbut-xcVwzZ6sYSV4AaABAg,"{'videoId': 'XRYjrJJZAME', 'topLevelComment': {'kind': 'youtube#comment', 'etag': 'mp04lZqxugG-XWwqM4DNwv2abJ8', 'id': 'UgzCbut-xcVwzZ6sYSV4AaABAg', 'snippet': {'videoId': 'XRYjrJJZAME', 'textDisplay': 'Tu é outro severgonha que tem o rabo preso com os corruptos esta acabando tudo seus dias bando de canalhas', 'textOriginal': 'Tu é outro severgonha que tem o rabo preso com os corruptos esta acabando tudo seus dias bando de canalhas', 'authorDisplayName': 'Anderson Oliveira', 'authorProfileImageUrl': 'https://yt3.ggpht.com/ytc/AGIKgqNU463e2QP1tU3pTFll6dBmhQpLStKhSWH2SIpL6cI=s48-c-k-c0x00ffffff-no-rj', 'authorChannelUrl': 'http://www.youtube.com/channel/UCQPFPii4kUKABTiSVQr89QQ', 'authorChannelId': {'value': 'UCQPFPii4kUKABTiSVQr89QQ'}, 'canRate': True, 'viewerRating': 'none', 'likeCount': 0, 'publishedAt': '2022-11-01T01:41:16Z', 'updatedAt': '2022-11-01T01:41:16Z'}}, 'canReply': True, 'totalReplyCount': 0, 'isPublic': True}",,UCQPFPii4kUKABTiSVQr89QQ,2022-11-01T01:41:16Z,Tu é outro severgonha que tem o rabo preso com os corruptos esta acabando tudo seus dias bando de canalhas,QURTSl9pMVJVYVdsakhCSk1FYUk2aTJHa202VEdrRjFYTDllc3RKUTBMRExGeGxSeElUZTF3TlFjZ3dGZl9TdTFDYmZFZWFaNGFiU2Q0SQ==,2023-06-07 12:46:22.499649
youtube#commentThread,7Ea2rW7aC4TGwwLa86C1Xwhuo8w,Ugxbrxct61TMjBHGuJx4AaABAg,"{'videoId': 'XRYjrJJZAME', 'topLevelComment': {'kind': 'youtube#comment', 'etag': 'vuI_20yVETesZbfNFH_0aRNdC4c', 'id': 'Ugxbrxct61TMjBHGuJx4AaABAg', 'snippet': {'videoId': 'XRYjrJJZAME', 'textDisplay': 'Nao é o Bolsonaro, é o povo que nao quer entregar o poder!!', 'textOriginal': 'Nao é o Bolsonaro, é o povo que nao quer entregar o poder!!', 'authorDisplayName': 'CHACAL', 'authorProfileImageUrl': 'https://yt3.ggpht.com/ytc/AGIKgqN8U8KMsK32sJJwOlyL2VFmBH8R0-1pPz8tGPv2j3zWALcYG9DHJwjHc-JGpLGH=s48-c-k-c0x00ffffff-no-rj', 'authorChannelUrl': 'http://www.youtube.com/channel/UC4h_KIgu8LPqOaM65eWXyMw', 'authorChannelId': {'value': 'UC4h_KIgu8LPqOaM65eWXyMw'}, 'canRate': True, 'viewerRating': 'none', 'likeCount': 0, 'publishedAt': '2022-11-01T01:40:49Z', 'updatedAt': '2022-11-01T01:40:49Z'}}, 'canReply': True, 'totalReplyCount': 0, 'isPublic': True}",,UC4h_KIgu8LPqOaM65eWXyMw,2022-11-01T01:40:49Z,"Nao é o Bolsonaro, é o povo que nao quer entregar o poder!!",QURTSl9pMVJVYVdsakhCSk1FYUk2aTJHa202VEdrRjFYTDllc3RKUTBMRExGeGxSeElUZTF3TlFjZ3dGZl9TdTFDYmZFZWFaNGFiU2Q0SQ==,2023-06-07 12:46:22.499649
youtube#commentThread,J4i8sZmrpVY-35Z25AIjoRvZNhA,Ugzx30qDKk4QtE-FrS94AaABAg,"{'videoId': 'XRYjrJJZAME', 'topLevelComment': {'kind': 'youtube#comment', 'etag': 'WUWy4sXpDk5psuoOuDWuhKerCBA', 'id': 'Ugzx30qDKk4QtE-FrS94AaABAg', 'snippet': {'videoId': 'XRYjrJJZAME', 'textDisplay': 'Como podemos daqui pra frente,  acreditar na PFR ?', 'textOriginal': 'Como podemos daqui pra frente,  acreditar na PFR ?', 'authorDisplayName': 'anjo do amor umanjochamadoamor', 'authorProfileImageUrl': 'https://yt3.ggpht.com/ytc/AGIKgqMpsa6jEOak4wbPQSfS6Smb478IZ4OxLLvxJhZT8A=s48-c-k-c0x00ffffff-no-rj', 'authorChannelUrl': 'http://www.youtube.com/channel/UC_KRmn1IrGzw6mVDJca8Y2g', 'authorChannelId': {'value': 'UC_KRmn1IrGzw6mVDJca8Y2g'}, 'canRate': True, 'viewerRating': 'none', 'likeCount': 0, 'publishedAt': '2022-11-01T01:40:15Z', 'updatedAt': '2022-11-01T01:40:15Z'}}, 'canReply': True, 'totalReplyCount': 0, 'isPublic': True}",,UC_KRmn1IrGzw6mVDJca8Y2g,2022-11-01T01:40:15Z,"Como podemos daqui pra frente,  acreditar na PFR ?",QURTSl9pMVJVYVdsakhCSk1FYUk2aTJHa202VEdrRjFYTDllc3RKUTBMRExGeGxSeElUZTF3TlFjZ3dGZl9TdTFDYmZFZWFaNGFiU2Q0SQ==,2023-06-07 12:46:22.499649
youtube#commentThread,IK0tQAoEidJiUGI6CnqkzGSEHac,UgwzjOIsthPe4MQMewJ4AaABAg,"{'videoId': 'XRYjrJJZAME', 'topLevelComment': {'kind': 'youtube#comment', 'etag': 'tnODaZP4oyy1UfC1ywKK7I8kjSk', 'id': 'UgwzjOIsthPe4MQMewJ4AaABAg', 'snippet': {'videoId': 'XRYjrJJZAME', 'textDisplay': 'Paz e amor. Lula é o cara', 'textOriginal': 'Paz e amor. Lula é o cara', 'authorDisplayName': 'Ana Lucia Corrêa', 'authorProfileImageUrl': 'https://yt3.ggpht.com/ytc/AGIKgqMODot1lN0AjjsNLt7k3VtuXJDWl3oHd4EMTQ=s48-c-k-c0x00ffffff-no-rj', 'authorChannelUrl': 'http://www.youtube.com/channel/UCB5AHORsXEC6fyRI6ZBh0aw', 'authorChannelId': {'value': 'UCB5AHORsXEC6fyRI6ZBh0aw'}, 'canRate': True, 'viewerRating': 'none', 'likeCount': 0, 'publishedAt': '2022-11-01T01:40:14Z', 'updatedAt': '2022-11-01T01:40:14Z'}}, 'canReply': True, 'totalReplyCount': 0, 'isPublic': True}",,UCB5AHORsXEC6fyRI6ZBh0aw,2022-11-01T01:40:14Z,Paz e amor. Lula é o cara,QURTSl9pMVJVYVdsakhCSk1FYUk2aTJHa202VEdrRjFYTDllc3RKUTBMRExGeGxSeElUZTF3TlFjZ3dGZl9TdTFDYmZFZWFaNGFiU2Q0SQ==,2023-06-07 12:46:22.499649
youtube#commentThread,zSqRaPC6tcxY1VoD5i8IGvkBT5U,Ugy_VSrN-dEu-C2-cHl4AaABAg,"{'videoId': 'XRYjrJJZAME', 'topLevelComment': {'kind': 'youtube#comment', 'etag': 'WVculLyW94ZoA2XfyUJfaYwmGE0', 'id': 'Ugy_VSrN-dEu-C2-cHl4AaABAg', 'snippet': {'videoId': 'XRYjrJJZAME', 'textDisplay': 'Creio que seja ele mesmo que deu a ordem 😂😂😂😂 é retardado viu', 'textOriginal': 'Creio que seja ele mesmo que deu a ordem 😂😂😂😂 é retardado viu', 'authorDisplayName': 'Cecilia Candido', 'authorProfileImageUrl': 'https://yt3.ggpht.com/ytc/AGIKgqOugko4nTfOCpRtPOJQj4-qsCi10qEtPd8wb-5Qh4ZHrFbUz1HmC48enSi0LHk2=s48-c-k-c0x00ffffff-no-rj', 'authorChannelUrl': 'http://www.youtube.com/channel/UC6_Y1JmDuaU9PjiWVq6iebQ', 'authorChannelId': {'value': 'UC6_Y1JmDuaU9PjiWVq6iebQ'}, 'canRate': True, 'viewerRating': 'none', 'likeCount': 0, 'publishedAt': '2022-11-01T01:39:56Z', 'updatedAt': '2022-11-01T01:39:56Z'}}, 'canReply': True, 'totalReplyCount': 0, 'isPublic': True}",,UC6_Y1JmDuaU9PjiWVq6iebQ,2022-11-01T01:39:56Z,Creio que seja ele mesmo que deu a ordem 😂😂😂😂 é retardado viu,QURTSl9pMVJVYVdsakhCSk1FYUk2aTJHa202VEdrRjFYTDllc3RKUTBMRExGeGxSeElUZTF3TlFjZ3dGZl9TdTFDYmZFZWFaNGFiU2Q0SQ==,2023-06-07 12:46:22.499649
youtube#commentThread,CkuolYSX3WokbfMdeEoTFGqYjg4,UgxG589KGtMGwlvjWzp4AaABAg,"{'videoId': 'XRYjrJJZAME', 'topLevelComment': {'kind': 'youtube#comment', 'etag': '-tMzXu-3McoZinyNL_ZY1S5m4UQ', 'id': 'UgxG589KGtMGwlvjWzp4AaABAg', 'snippet': {'videoId': 'XRYjrJJZAME', 'textDisplay': 'Verdade bolsonaro tá estimulando e polícia PRF tá envolvidas', 'textOriginal': 'Verdade bolsonaro tá estimulando e polícia PRF tá envolvidas', 'authorDisplayName': 'Joao Bastistà', 'authorProfileImageUrl': 'https://yt3.ggpht.com/ytc/AGIKgqOshpVaDKj4s5o-7jXHhnXDbzCCdYw7Mp1Ti1LMl3DDUYYemkqzXmucrxYR9SWs=s48-c-k-c0x00ffffff-no-rj', 'authorChannelUrl': 'http://www.youtube.com/channel/UCFw_cqvjd_DsRim8sIZskqw', 'authorChannelId': {'value': 'UCFw_cqvjd_DsRim8sIZskqw'}, 'canRate': True, 'viewerRating': 'none', 'likeCount': 0, 'publishedAt': '2022-11-01T01:39:32Z', 'updatedAt': '2022-11-01T01:39:32Z'}}, 'canReply': True, 'totalReplyCount': 0, 'isPublic': True}",,UCFw_cqvjd_DsRim8sIZskqw,2022-11-01T01:39:32Z,Verdade bolsonaro tá estimulando e polícia PRF tá envolvidas,QURTSl9pMVJVYVdsakhCSk1FYUk2aTJHa202VEdrRjFYTDllc3RKUTBMRExGeGxSeElUZTF3TlFjZ3dGZl9TdTFDYmZFZWFaNGFiU2Q0SQ==,2023-06-07 12:46:22.499649
youtube#commentThread,oLGGZVS4QT-vV7Ad4j2qXLy3pBk,UgyYHP0U_DNT8zjcCH14AaABAg,"{'videoId': 'XRYjrJJZAME', 'topLevelComment': {'kind': 'youtube#comment', 'etag': 'RjRHKY1Ee7zzsKl0ABdH3-t_JQk', 'id': 'UgyYHP0U_DNT8zjcCH14AaABAg', 'snippet': {'videoId': 'XRYjrJJZAME', 'textDisplay': 'Vamos investigar Sta Catarina ? O fascismo  impera naquele estado . Pode ver que tdo começou por lá.', 'textOriginal': 'Vamos investigar Sta Catarina ? O fascismo  impera naquele estado . Pode ver que tdo começou por lá.', 'authorDisplayName': 'anjo do amor umanjochamadoamor', 'authorProfileImageUrl': 'https://yt3.ggpht.com/ytc/AGIKgqMpsa6jEOak4wbPQSfS6Smb478IZ4OxLLvxJhZT8A=s48-c-k-c0x00ffffff-no-rj', 'authorChannelUrl': 'http://www.youtube.com/channel/UC_KRmn1IrGzw6mVDJca8Y2g', 'authorChannelId': {'value': 'UC_KRmn1IrGzw6mVDJca8Y2g'}, 'canRate': True, 'viewerRating': 'none', 'likeCount': 0, 'publishedAt': '2022-11-01T01:39:11Z', 'updatedAt': '2022-11-01T01:39:11Z'}}, 'canReply': True, 'totalReplyCount': 0, 'isPublic': True}",,UC_KRmn1IrGzw6mVDJca8Y2g,2022-11-01T01:39:11Z,Vamos investigar Sta Catarina ? O fascismo  impera naquele estado . Pode ver que tdo começou por lá.,QURTSl9pMVJVYVdsakhCSk1FYUk2aTJHa202VEdrRjFYTDllc3RKUTBMRExGeGxSeElUZTF3TlFjZ3dGZl9TdTFDYmZFZWFaNGFiU2Q0SQ==,2023-06-07 12:46:22.499649
youtube#commentThread,49vQ6qNQYx5ilTHzpFx8LLhIXbI,UgwPswTyNE6a5UjnJap4AaABAg,"{'videoId': 'XRYjrJJZAME', 'topLevelComment': {'kind': 'youtube#comment', 'etag': 'QSfzriN3PuM5JJ7uWK9YWfOkCCM', 'id': 'UgwPswTyNE6a5UjnJap4AaABAg', 'snippet': {'videoId': 'XRYjrJJZAME', 'textDisplay': 'Cadê o exercito que não intervém nesse protesto inconstitucional ?', 'textOriginal': 'Cadê o exercito que não intervém nesse protesto inconstitucional ?', 'authorDisplayName': 'Conceição Baldez', 'authorProfileImageUrl': 'https://yt3.ggpht.com/ytc/AGIKgqMDQQeGYK9ZNmwI5Wk5tWXNN4ztComd6B2cMmvefSXRGSFQq2ENPC6lrGML_Giu=s48-c-k-c0x00ffffff-no-rj', 'authorChannelUrl': 'http://www.youtube.com/channel/UCD4kRnnfi5GrFBnBRZ4On4g', 'authorChannelId': {'value': 'UCD4kRnnfi5GrFBnBRZ4On4g'}, 'canRate': True, 'viewerRating': 'none', 'likeCount': 1, 'publishedAt': '2022-11-01T01:39:11Z', 'updatedAt': '2022-11-01T01:39:11Z'}}, 'canReply': True, 'totalReplyCount': 0, 'isPublic': True}",,UCD4kRnnfi5GrFBnBRZ4On4g,2022-11-01T01:39:11Z,Cadê o exercito que não intervém nesse protesto inconstitucional ?,QURTSl9pMVJVYVdsakhCSk1FYUk2aTJHa202VEdrRjFYTDllc3RKUTBMRExGeGxSeElUZTF3TlFjZ3dGZl9TdTFDYmZFZWFaNGFiU2Q0SQ==,2023-06-07 12:46:22.499649
youtube#commentThread,QbPm5o0XtMCwE95MM4E2dWbqSXU,UgyLsv_f1ycGELcsZrJ4AaABAg,"{'videoId': 'XRYjrJJZAME', 'topLevelComment': {'kind': 'youtube#comment', 'etag': 'QKNLzu20z9ciRy1MxTNOjbS5leQ', 'id': 'UgyLsv_f1ycGELcsZrJ4AaABAg', 'snippet': {'videoId': 'XRYjrJJZAME', 'textDisplay': 'Aceita que dói menos Bolsonaro', 'textOriginal': 'Aceita que dói menos Bolsonaro', 'authorDisplayName': 'Ana Lucia Corrêa', 'authorProfileImageUrl': 'https://yt3.ggpht.com/ytc/AGIKgqMODot1lN0AjjsNLt7k3VtuXJDWl3oHd4EMTQ=s48-c-k-c0x00ffffff-no-rj', 'authorChannelUrl': 'http://www.youtube.com/channel/UCB5AHORsXEC6fyRI6ZBh0aw', 'authorChannelId': {'value': 'UCB5AHORsXEC6fyRI6ZBh0aw'}, 'canRate': True, 'viewerRating': 'none', 'likeCount': 0, 'publishedAt': '2022-11-01T01:39:03Z', 'updatedAt': '2022-11-01T01:39:03Z'}}, 'canReply': True, 'totalReplyCount': 0, 'isPublic': True}",,UCB5AHORsXEC6fyRI6ZBh0aw,2022-11-01T01:39:03Z,Aceita que dói menos Bolsonaro,QURTSl9pMVJVYVdsakhCSk1FYUk2aTJHa202VEdrRjFYTDllc3RKUTBMRExGeGxSeElUZTF3TlFjZ3dGZl9TdTFDYmZFZWFaNGFiU2Q0SQ==,2023-06-07 12:46:22.499649
youtube#commentThread,6lfOoq-52VUXTjo00kqG_ke9J1E,UgxyPfCLd4CxmACVAIB4AaABAg,"{'videoId': 'XRYjrJJZAME', 'topLevelComment': {'kind': 'youtube#comment', 'etag': 'iRna1uBuURYhf8cUmNOl5Vhsqns', 'id': 'UgxyPfCLd4CxmACVAIB4AaABAg', 'snippet': {'videoId': 'XRYjrJJZAME', 'textDisplay': 'Não voto mais', 'textOriginal': 'Não voto mais', 'authorDisplayName': 'Warlley Ferreira', 'authorProfileImageUrl': 'https://yt3.ggpht.com/ytc/AGIKgqPeruMi9QO9Gb_r07-z17WDfODsHBAUx0_NQ5Xz1v6-Feo1qV27mD6fkp9Z9frd=s48-c-k-c0x00ffffff-no-rj', 'authorChannelUrl': 'http://www.youtube.com/channel/UCSYakJKVQ1vP88dfPFbFJ_A', 'authorChannelId': {'value': 'UCSYakJKVQ1vP88dfPFbFJ_A'}, 'canRate': True, 'viewerRating': 'none', 'likeCount': 0, 'publishedAt': '2022-11-01T01:38:27Z', 'updatedAt': '2022-11-01T01:38:27Z'}}, 'canReply': True, 'totalReplyCount': 0, 'isPublic': True}",,UCSYakJKVQ1vP88dfPFbFJ_A,2022-11-01T01:38:27Z,Não voto mais,QURTSl9pMVJVYVdsakhCSk1FYUk2aTJHa202VEdrRjFYTDllc3RKUTBMRExGeGxSeElUZTF3TlFjZ3dGZl9TdTFDYmZFZWFaNGFiU2Q0SQ==,2023-06-07 12:46:22.499649
youtube#commentThread,ZHO6RETLJ_5q_57kifEHWL3S1Vg,Ugyhn7cWkDNsGiKvpA54AaABAg,"{'videoId': 'XRYjrJJZAME', 'topLevelComment': {'kind': 'youtube#comment', 'etag': 'q_g5-eaoOrqjTn_iSiuJUOgk22s', 'id': 'Ugyhn7cWkDNsGiKvpA54AaABAg', 'snippet': {'videoId': 'XRYjrJJZAME', 'textDisplay': 'Bolsonaro quer é guerra.', 'textOriginal': 'Bolsonaro quer é guerra.', 'authorDisplayName': 'Ana Lucia Corrêa', 'authorProfileImageUrl': 'https://yt3.ggpht.com/ytc/AGIKgqMODot1lN0AjjsNLt7k3VtuXJDWl3oHd4EMTQ=s48-c-k-c0x00ffffff-no-rj', 'authorChannelUrl': 'http://www.youtube.com/channel/UCB5AHORsXEC6fyRI6ZBh0aw', 'authorChannelId': {'value': 'UCB5AHORsXEC6fyRI6ZBh0aw'}, 'canRate': True, 'viewerRating': 'none', 'likeCount': 0, 'publishedAt': '2022-11-01T01:37:57Z', 'updatedAt': '2022-11-01T01:37:57Z'}}, 'canReply': True, 'totalReplyCount': 0, 'isPublic': True}",,UCB5AHORsXEC6fyRI6ZBh0aw,2022-11-01T01:37:57Z,Bolsonaro quer é guerra.,QURTSl9pMVJVYVdsakhCSk1FYUk2aTJHa202VEdrRjFYTDllc3RKUTBMRExGeGxSeElUZTF3TlFjZ3dGZl9TdTFDYmZFZWFaNGFiU2Q0SQ==,2023-06-07 12:46:22.499649
youtube#commentThread,ouBM4PYALpgAiJYnlXaayBA6ELw,UgydRZlLTw-vN4QMCwx4AaABAg,"{'videoId': 'XRYjrJJZAME', 'topLevelComment': {'kind': 'youtube#comment', 'etag': 'suv2Q14NNBf6HaY8Oeu2YwdsEBE', 'id': 'UgydRZlLTw-vN4QMCwx4AaABAg', 'snippet': {'videoId': 'XRYjrJJZAME', 'textDisplay': 'O Brasil tem um amor tão grande por Lula q até está respirando aliviado d  pois deste  tornado f 5 Jair e seus filhos devastar os nossos sentimentos d respeito d fraternidades  d união brasileiros Vante norte nordeste todos os q , protegerão a nossa democracia parabéns', 'textOriginal': 'O Brasil tem um amor tão grande por Lula q até está respirando aliviado d  pois deste  tornado f 5 Jair e seus filhos devastar os nossos sentimentos d respeito d fraternidades  d união brasileiros Vante norte nordeste todos os q , protegerão a nossa democracia parabéns', 'authorDisplayName': 'Dalva Almeida', 'authorProfileImageUrl': 'https://yt3.ggpht.com/ytc/AGIKgqOk_wfjqUXuc6RDqbxm20c8FEAavDNao0T3CA=s48-c-k-c0x00ffffff-no-rj', 'authorChannelUrl': 'http://www.youtube.com/channel/UCHH6-54SKfkSYi9-t-pTRNA', 'authorChannelId': {'value': 'UCHH6-54SKfkSYi9-t-pTRNA'}, 'canRate': True, 'viewerRating': 'none', 'likeCount': 0, 'publishedAt': '2022-11-01T01:37:02Z', 'updatedAt': '2022-11-01T01:37:02Z'}}, 'canReply': True, 'totalReplyCount': 0, 'isPublic': True}",,UCHH6-54SKfkSYi9-t-pTRNA,2022-11-01T01:37:02Z,"O Brasil tem um amor tão grande por Lula q até está respirando aliviado d  pois deste  tornado f 5 Jair e seus filhos devastar os nossos sentimentos d respeito d fraternidades  d união brasileiros Vante norte nordeste todos os q , protegerão a nossa democracia parabéns",QURTSl9pMVJVYVdsakhCSk1FYUk2aTJHa202VEdrRjFYTDllc3RKUTBMRExGeGxSeElUZTF3TlFjZ3dGZl9TdTFDYmZFZWFaNGFiU2Q0SQ==,2023-06-07 12:46:22.499649
youtube#commentThread,GJJ7VtQ9K3ll5mEkbUY2H4EGx2o,UgwDHwYU_TLL9pV8Bvp4AaABAg,"{'videoId': 'XRYjrJJZAME', 'topLevelComment': {'kind': 'youtube#comment', 'etag': 'XTQS0QHISjj9_ebAT-JdeG4i5Dc', 'id': 'UgwDHwYU_TLL9pV8Bvp4AaABAg', 'snippet': {'videoId': 'XRYjrJJZAME', 'textDisplay': 'Só a verdadeira justiça pode trazer a paz. Algumas dessas pessoas que permitem, toleram ou incentivam esse tipo de manifestação precisam responder à justiça para servirem de exemplo.', 'textOriginal': 'Só a verdadeira justiça pode trazer a paz. Algumas dessas pessoas que permitem, toleram ou incentivam esse tipo de manifestação precisam responder à justiça para servirem de exemplo.', 'authorDisplayName': 'Eliana Matte', 'authorProfileImageUrl': 'https://yt3.ggpht.com/ytc/AGIKgqO9RKX4Ceo5I4dvrW9N-6qbiuumK5VQS-wPwg=s48-c-k-c0x00ffffff-no-rj', 'authorChannelUrl': 'http://www.youtube.com/channel/UCClDVA_9IpmrOQ2TXme2GYw', 'authorChannelId': {'value': 'UCClDVA_9IpmrOQ2TXme2GYw'}, 'canRate': True, 'viewerRating': 'none', 'likeCount': 1, 'publishedAt': '2022-11-01T01:36:55Z', 'updatedAt': '2022-11-01T01:36:55Z'}}, 'canReply': True, 'totalReplyCount': 0, 'isPublic': True}",,UCClDVA_9IpmrOQ2TXme2GYw,2022-11-01T01:36:55Z,"Só a verdadeira justiça pode trazer a paz. Algumas dessas pessoas que permitem, toleram ou incentivam esse tipo de manifestação precisam responder à justiça para servirem de exemplo.",QURTSl9pMVJVYVdsakhCSk1FYUk2aTJHa202VEdrRjFYTDllc3RKUTBMRExGeGxSeElUZTF3TlFjZ3dGZl9TdTFDYmZFZWFaNGFiU2Q0SQ==,2023-06-07 12:46:22.499649
youtube#commentThread,CH6Y5ntLMnHHRh7yW6BVN0sX0Uc,Ugzv7p9xdyY6OEm6-wh4AaABAg,"{'videoId': 'XRYjrJJZAME', 'topLevelComment': {'kind': 'youtube#comment', 'etag': 'y38tdi4XlOeBQ0AWSe6pbVH5mHc', 'id': 'Ugzv7p9xdyY6OEm6-wh4AaABAg', 'snippet': {'videoId': 'XRYjrJJZAME', 'textDisplay': 'Verdade Bolsonaro vai paga por tudo que ele fés, ele trás mote por Brasil', 'textOriginal': 'Verdade Bolsonaro vai paga por tudo que ele fés, ele trás mote por Brasil', 'authorDisplayName': 'Luzia Rodrigues-Ammeling', 'authorProfileImageUrl': 'https://yt3.ggpht.com/yCtIH3RaWNVgoxYdoisT5zaP9dfolTmfSARjO44lGrZStT6c3Xh2QBbXx3zjJh5SC6eyDAHH-1E=s48-c-k-c0x00ffffff-no-rj', 'authorChannelUrl': 'http://www.youtube.com/channel/UCK6QZnw-tIVNQZsBCQ1wMlA', 'authorChannelId': {'value': 'UCK6QZnw-tIVNQZsBCQ1wMlA'}, 'canRate': True, 'viewerRating': 'none', 'likeCount': 0, 'publishedAt': '2022-11-01T01:36:46Z', 'updatedAt': '2022-11-01T01:36:46Z'}}, 'canReply': True, 'totalReplyCount': 0, 'isPublic': True}",,UCK6QZnw-tIVNQZsBCQ1wMlA,2022-11-01T01:36:46Z,"Verdade Bolsonaro vai paga por tudo que ele fés, ele trás mote por Brasil",QURTSl9pMVJVYVdsakhCSk1FYUk2aTJHa202VEdrRjFYTDllc3RKUTBMRExGeGxSeElUZTF3TlFjZ3dGZl9TdTFDYmZFZWFaNGFiU2Q0SQ==,2023-06-07 12:46:22.499649
youtube#commentThread,qlaNbIJhYs2pK4xnhOk2ZXT5nyU,UgxtojrxsLPYHBNRJ_14AaABAg,"{'videoId': 'XRYjrJJZAME', 'topLevelComment': {'kind': 'youtube#comment', 'etag': 'mgxI1XLksiUUz0XRBYDKfBx4Ub0', 'id': 'UgxtojrxsLPYHBNRJ_14AaABAg', 'snippet': {'videoId': 'XRYjrJJZAME', 'textDisplay': 'O remédio  é cadeia pra esses baderneiros', 'textOriginal': 'O remédio  é cadeia pra esses baderneiros', 'authorDisplayName': 'Aldaci Lopes', 'authorProfileImageUrl': 'https://yt3.ggpht.com/ytc/AGIKgqMFzch9Uzr18rQgCQoKFxE6zXcylR1DLgNwgw=s48-c-k-c0x00ffffff-no-rj', 'authorChannelUrl': 'http://www.youtube.com/channel/UCg4lnKU-CJgLhKv7EG326PQ', 'authorChannelId': {'value': 'UCg4lnKU-CJgLhKv7EG326PQ'}, 'canRate': True, 'viewerRating': 'none', 'likeCount': 0, 'publishedAt': '2022-11-01T01:36:37Z', 'updatedAt': '2022-11-01T01:36:37Z'}}, 'canReply': True, 'totalReplyCount': 0, 'isPublic': True}",,UCg4lnKU-CJgLhKv7EG326PQ,2022-11-01T01:36:37Z,O remédio  é cadeia pra esses baderneiros,QURTSl9pMVJVYVdsakhCSk1FYUk2aTJHa202VEdrRjFYTDllc3RKUTBMRExGeGxSeElUZTF3TlFjZ3dGZl9TdTFDYmZFZWFaNGFiU2Q0SQ==,2023-06-07 12:46:22.499649
youtube#commentThread,yFlxZuQ7zpjNHMdTlZkH18gnvKY,Ugx2pKJEYPtEHc9TZNl4AaABAg,"{'videoId': 'XRYjrJJZAME', 'topLevelComment': {'kind': 'youtube#comment', 'etag': 'GiZJlgoBQ7cf9IsQcNYdkeC6EpQ', 'id': 'Ugx2pKJEYPtEHc9TZNl4AaABAg', 'snippet': {'videoId': 'XRYjrJJZAME', 'textDisplay': 'Confesso que sinto saudades do tempo que se votava para exercer o direito de cidadania não para indolatra polico <br>comício era quase uma diversão sem se preocupar com a escolha com a escolha do outro <br>E no dia da Vitória estava todo mundo lá comemorando todos juntos eu desconhecia a palavra adversário', 'textOriginal': 'Confesso que sinto saudades do tempo que se votava para exercer o direito de cidadania não para indolatra polico \ncomício era quase uma diversão sem se preocupar com a escolha com a escolha do outro \nE no dia da Vitória estava todo mundo lá comemorando todos juntos eu desconhecia a palavra adversário', 'authorDisplayName': 'Ucrânia', 'authorProfileImageUrl': 'https://yt3.ggpht.com/ytc/AGIKgqMZ1sXKyaq0C8dJwmJS-8C1TE0chLE_lCpb-Dhx5egsR_XNJ30mdsU2sdUGPZmX=s48-c-k-c0x00ffffff-no-rj', 'authorChannelUrl': 'http://www.youtube.com/channel/UCYCu82O2gOV6zI9iAfRXLOg', 'authorChannelId': {'value': 'UCYCu82O2gOV6zI9iAfRXLOg'}, 'canRate': True, 'viewerRating': 'none', 'likeCount': 7, 'publishedAt': '2022-11-01T01:36:33Z', 'updatedAt': '2022-11-01T01:36:33Z'}}, 'canReply': True, 'totalReplyCount': 0, 'isPublic': True}",,UCYCu82O2gOV6zI9iAfRXLOg,2022-11-01T01:36:33Z,"Confesso que sinto saudades do tempo que se votava para exercer o direito de cidadania não para indolatra polico 
comício era quase uma diversão sem se preocupar com a escolha com a escolha do outro 
E no dia da Vitória estava todo mundo lá comemorando todos juntos eu desconhecia a palavra adversário",QURTSl9pMVJVYVdsakhCSk1FYUk2aTJHa202VEdrRjFYTDllc3RKUTBMRExGeGxSeElUZTF3TlFjZ3dGZl9TdTFDYmZFZWFaNGFiU2Q0SQ==,2023-06-07 12:46:22.499649
youtube#commentThread,cxodSQ9pV6FZLBkc_ND8TZUai8I,UgwXl0DHtF8WgqteY5d4AaABAg,"{'videoId': 'XRYjrJJZAME', 'topLevelComment': {'kind': 'youtube#comment', 'etag': 'RGqDmmhGkTbmz2HDxE5rd7F4w-I', 'id': 'UgwXl0DHtF8WgqteY5d4AaABAg', 'snippet': {'videoId': 'XRYjrJJZAME', 'textDisplay': 'É   que  vai   ser   difícil   ser  governado   por  um   ladrão  corrupto   por  4  anos   o  que  dizer   p   nossos   filhos   que  o  crime   no  Brasil   compensa', 'textOriginal': 'É   que  vai   ser   difícil   ser  governado   por  um   ladrão  corrupto   por  4  anos   o  que  dizer   p   nossos   filhos   que  o  crime   no  Brasil   compensa', 'authorDisplayName': 'Viprata Comércio de Vidros', 'authorProfileImageUrl': 'https://yt3.ggpht.com/ytc/AGIKgqMW54MiuhSZytyLfY8_dCfpMkixN_S1GS_DTtOVcg=s48-c-k-c0x00ffffff-no-rj', 'authorChannelUrl': 'http://www.youtube.com/channel/UC0gEbbFEPdm9GtAOjx3kKnA', 'authorChannelId': {'value': 'UC0gEbbFEPdm9GtAOjx3kKnA'}, 'canRate': True, 'viewerRating': 'none', 'likeCount': 0, 'publishedAt': '2022-11-01T01:36:14Z', 'updatedAt': '2022-11-01T01:36:14Z'}}, 'canReply': True, 'totalReplyCount': 1, 'isPublic': True}","{'comments': [{'kind': 'youtube#comment', 'etag': 'rP3fY6edWOVgPNot504WxjSMalM', 'id': 'UgwXl0DHtF8WgqteY5d4AaABAg.9hs6j-Z_jGB9hs7N_0c7Vb', 'snippet': {'videoId': 'XRYjrJJZAME', 'textDisplay': 'O que está agora é corrupto também, só não foi preso ainda. Vamos ver no que vai dar o escândalo do MEC tendo gravação citando o nome dele pelo ex-ministro dele.', 'textOriginal': 'O que está agora é corrupto também, só não foi preso ainda. Vamos ver no que vai dar o escândalo do MEC tendo gravação citando o nome dele pelo ex-ministro dele.', 'parentId': 'UgwXl0DHtF8WgqteY5d4AaABAg', 'authorDisplayName': 'Venenom', 'authorProfileImageUrl': 'https://yt3.ggpht.com/ytc/AGIKgqO7ddA1BhUHV-8eYmEHYeUZc542IgdpqDThZzJQ4g=s48-c-k-c0x00ffffff-no-rj', 'authorChannelUrl': 'http://www.youtube.com/channel/UCp18WCSi4TUj6C1AVW0ajcg', 'authorChannelId': {'value': 'UCp18WCSi4TUj6C1AVW0ajcg'}, 'canRate': True, 'viewerRating': 'none', 'likeCount': 0, 'publishedAt': '2022-11-01T01:41:54Z', 'updatedAt': '2022-11-01T01:42:21Z'}}]}",UC0gEbbFEPdm9GtAOjx3kKnA,2022-11-01T01:36:14Z,É   que  vai   ser   difícil   ser  governado   por  um   ladrão  corrupto   por  4  anos   o  que  dizer   p   nossos   filhos   que  o  crime   no  Brasil   compensa,QURTSl9pMVJVYVdsakhCSk1FYUk2aTJHa202VEdrRjFYTDllc3RKUTBMRExGeGxSeElUZTF3TlFjZ3dGZl9TdTFDYmZFZWFaNGFiU2Q0SQ==,2023-06-07 12:46:22.499649
youtube#commentThread,cP_GQigETuPC00tG7iDmK0QEuxg,UgwBcgivdBGB6MY8tZt4AaABAg,"{'videoId': 'XRYjrJJZAME', 'topLevelComment': {'kind': 'youtube#comment', 'etag': 'mLv1cCYqMpkcQFJROy1Bf8KaArU', 'id': 'UgwBcgivdBGB6MY8tZt4AaABAg', 'snippet': {'videoId': 'XRYjrJJZAME', 'textDisplay': 'E bom que estes caminhoneiros saibam que quem está governando ainda é o Bozo, portanto toda a depredação é vandalismo dos locais públicos é da sua responsabilidade. Então o Bozo que mande a policia executar as suas funções colocando a ordem nas estradas, nem que seja na base do cacetete.', 'textOriginal': 'E bom que estes caminhoneiros saibam que quem está governando ainda é o Bozo, portanto toda a depredação é vandalismo dos locais públicos é da sua responsabilidade. Então o Bozo que mande a policia executar as suas funções colocando a ordem nas estradas, nem que seja na base do cacetete.', 'authorDisplayName': 'Sinvaldo Comunista', 'authorProfileImageUrl': 'https://yt3.ggpht.com/ytc/AGIKgqPE__xO5QUM-f_ZDFQHj5WPtWHxUwZaQhTtQQ=s48-c-k-c0x00ffffff-no-rj', 'authorChannelUrl': 'http://www.youtube.com/channel/UCg6BT01n1p7FckU9n53_hvw', 'authorChannelId': {'value': 'UCg6BT01n1p7FckU9n53_hvw'}, 'canRate': True, 'viewerRating': 'none', 'likeCount': 0, 'publishedAt': '2022-11-01T01:36:10Z', 'updatedAt': '2022-11-01T01:36:10Z'}}, 'canReply': True, 'totalReplyCount': 0, 'isPublic': True}",,UCg6BT01n1p7FckU9n53_hvw,2022-11-01T01:36:10Z,"E bom que estes caminhoneiros saibam que quem está governando ainda é o Bozo, portanto toda a depredação é vandalismo dos locais públicos é da sua responsabilidade. Então o Bozo que mande a policia executar as suas funções colocando a ordem nas estradas, nem que seja na base do cacetete.",QURTSl9pMVJVYVdsakhCSk1FYUk2aTJHa202VEdrRjFYTDllc3RKUTBMRExGeGxSeElUZTF3TlFjZ3dGZl9TdTFDYmZFZWFaNGFiU2Q0SQ==,2023-06-07 12:46:22.499649
youtube#commentThread,J3znI8kjMhX5aHjfnKgd_3T36jE,Ugxc-l-V9K8T9mZ-Gol4AaABAg,"{'videoId': 'XRYjrJJZAME', 'topLevelComment': {'kind': 'youtube#comment', 'etag': 'F1BEdB7YG5jrs6WKE7kjVi7-I18', 'id': 'Ugxc-l-V9K8T9mZ-Gol4AaABAg', 'snippet': {'videoId': 'XRYjrJJZAME', 'textDisplay': '<b>bolsonaro é o cara</b>', 'textOriginal': '*bolsonaro é o cara*', 'authorDisplayName': 'Tiago Lossi', 'authorProfileImageUrl': 'https://yt3.ggpht.com/q9VG2xSK9qarEONJJURsYu2JecZL6jjOEBysiuTO4m0aDLvB9avnr9tareONKjUr6bMfal7eGPY=s48-c-k-c0x00ffffff-no-rj', 'authorChannelUrl': 'http://www.youtube.com/channel/UCASNkGh035K1OmgJBfAXCfA', 'authorChannelId': {'value': 'UCASNkGh035K1OmgJBfAXCfA'}, 'canRate': True, 'viewerRating': 'none', 'likeCount': 0, 'publishedAt': '2022-11-01T01:35:24Z', 'updatedAt': '2022-11-01T01:35:24Z'}}, 'canReply': True, 'totalReplyCount': 0, 'isPublic': True}",,UCASNkGh035K1OmgJBfAXCfA,2022-11-01T01:35:24Z,*bolsonaro é o cara*,QURTSl9pMVJVYVdsakhCSk1FYUk2aTJHa202VEdrRjFYTDllc3RKUTBMRExGeGxSeElUZTF3TlFjZ3dGZl9TdTFDYmZFZWFaNGFiU2Q0SQ==,2023-06-07 12:46:22.499649
youtube#commentThread,AtrbLi3nWjx39we1KyJ-w1VOlaE,Ugy9g-9rz_6t6yZyxOt4AaABAg,"{'videoId': 'XRYjrJJZAME', 'topLevelComment': {'kind': 'youtube#comment', 'etag': 'Y_PTPBPMfCYtTTdiDK42cdiamk4', 'id': 'Ugy9g-9rz_6t6yZyxOt4AaABAg', 'snippet': {'videoId': 'XRYjrJJZAME', 'textDisplay': 'Que o senhor jesus abemçoe lula todos povo Brasileiro ilumine ele faça um Bom trabalhor com sabedoria inteligencia Gloria a Deus...', 'textOriginal': 'Que o senhor jesus abemçoe lula todos povo Brasileiro ilumine ele faça um Bom trabalhor com sabedoria inteligencia Gloria a Deus...', 'authorDisplayName': 'o', 'authorProfileImageUrl': 'https://yt3.ggpht.com/HzsmBi77_MrkjwoicwNm4SzDrY4Xl1j3RGlwbDlMfkS9vNBLMusiU_iJAGighWGw8pDRbn5Pwg=s48-c-k-c0x00ffffff-no-rj', 'authorChannelUrl': 'http://www.youtube.com/channel/UC9sxXbws2dTtfx9WTMtKu3w', 'authorChannelId': {'value': 'UC9sxXbws2dTtfx9WTMtKu3w'}, 'canRate': True, 'viewerRating': 'none', 'likeCount': 0, 'publishedAt': '2022-11-01T01:34:41Z', 'updatedAt': '2022-11-01T01:34:41Z'}}, 'canReply': True, 'totalReplyCount': 0, 'isPublic': True}",,UC9sxXbws2dTtfx9WTMtKu3w,2022-11-01T01:34:41Z,Que o senhor jesus abemçoe lula todos povo Brasileiro ilumine ele faça um Bom trabalhor com sabedoria inteligencia Gloria a Deus...,QURTSl9pMVJVYVdsakhCSk1FYUk2aTJHa202VEdrRjFYTDllc3RKUTBMRExGeGxSeElUZTF3TlFjZ3dGZl9TdTFDYmZFZWFaNGFiU2Q0SQ==,2023-06-07 12:46:22.499649
youtube#commentThread,s4hthUNDFIyN6wt4zVd6yzeyowM,UgyaYLepGAxKRxLgx1Z4AaABAg,"{'videoId': 'XRYjrJJZAME', 'topLevelComment': {'kind': 'youtube#comment', 'etag': 'T_coaFmbQMZ-GmOSu1AqNNvl2hc', 'id': 'UgyaYLepGAxKRxLgx1Z4AaABAg', 'snippet': {'videoId': 'XRYjrJJZAME', 'textDisplay': 'Pimenta nosso Guerreiro!!!', 'textOriginal': 'Pimenta nosso Guerreiro!!!', 'authorDisplayName': 'Festejar E Brincar', 'authorProfileImageUrl': 'https://yt3.ggpht.com/O2aFaNWP2550JYaaxSo_GY0t-6xXa_rXfrMdQQZcecb12MvbFif9xu9rHDcb1LTH1a8sjd0zAQ=s48-c-k-c0x00ffffff-no-rj', 'authorChannelUrl': 'http://www.youtube.com/channel/UCk9bgsMtGbSaaGXDCGHd2wg', 'authorChannelId': {'value': 'UCk9bgsMtGbSaaGXDCGHd2wg'}, 'canRate': True, 'viewerRating': 'none', 'likeCount': 0, 'publishedAt': '2022-11-01T01:34:30Z', 'updatedAt': '2022-11-01T01:34:30Z'}}, 'canReply': True, 'totalReplyCount': 0, 'isPublic': True}",,UCk9bgsMtGbSaaGXDCGHd2wg,2022-11-01T01:34:30Z,Pimenta nosso Guerreiro!!!,QURTSl9pMVJVYVdsakhCSk1FYUk2aTJHa202VEdrRjFYTDllc3RKUTBMRExGeGxSeElUZTF3TlFjZ3dGZl9TdTFDYmZFZWFaNGFiU2Q0SQ==,2023-06-07 12:46:22.499649
youtube#commentThread,vd35UNqFH-Tehe45olmHE3AB9qI,UgxycGfwr8c5U812MQF4AaABAg,"{'videoId': 'XRYjrJJZAME', 'topLevelComment': {'kind': 'youtube#comment', 'etag': '6KRD60P_qNUiE6GBYv1B4Geq2No', 'id': 'UgxycGfwr8c5U812MQF4AaABAg', 'snippet': {'videoId': 'XRYjrJJZAME', 'textDisplay': 'Verdade, Bolsonaro tem espírito mau com ele, esse sim tem o capeta com ele', 'textOriginal': 'Verdade, Bolsonaro tem espírito mau com ele, esse sim tem o capeta com ele', 'authorDisplayName': 'Luzia Rodrigues-Ammeling', 'authorProfileImageUrl': 'https://yt3.ggpht.com/yCtIH3RaWNVgoxYdoisT5zaP9dfolTmfSARjO44lGrZStT6c3Xh2QBbXx3zjJh5SC6eyDAHH-1E=s48-c-k-c0x00ffffff-no-rj', 'authorChannelUrl': 'http://www.youtube.com/channel/UCK6QZnw-tIVNQZsBCQ1wMlA', 'authorChannelId': {'value': 'UCK6QZnw-tIVNQZsBCQ1wMlA'}, 'canRate': True, 'viewerRating': 'none', 'likeCount': 0, 'publishedAt': '2022-11-01T01:34:15Z', 'updatedAt': '2022-11-01T01:34:15Z'}}, 'canReply': True, 'totalReplyCount': 0, 'isPublic': True}",,UCK6QZnw-tIVNQZsBCQ1wMlA,2022-11-01T01:34:15Z,"Verdade, Bolsonaro tem espírito mau com ele, esse sim tem o capeta com ele",QURTSl9pMVJVYVdsakhCSk1FYUk2aTJHa202VEdrRjFYTDllc3RKUTBMRExGeGxSeElUZTF3TlFjZ3dGZl9TdTFDYmZFZWFaNGFiU2Q0SQ==,2023-06-07 12:46:22.499649
youtube#commentThread,IONZrY83EN3tKDkQoYWsRw_tW88,UgxTY2a274jNMqYI9-l4AaABAg,"{'videoId': 'XRYjrJJZAME', 'topLevelComment': {'kind': 'youtube#comment', 'etag': 'dcRI2y-Ub48-LTw8WLK8G-YrUPE', 'id': 'UgxTY2a274jNMqYI9-l4AaABAg', 'snippet': {'videoId': 'XRYjrJJZAME', 'textDisplay': 'Verdade', 'textOriginal': 'Verdade', 'authorDisplayName': 'maria gorete de vasconcelos', 'authorProfileImageUrl': 'https://yt3.ggpht.com/ytc/AGIKgqNSe2-o_xiUdLcqZu97d68JLhhw2LB_Ok9eiA=s48-c-k-c0x00ffffff-no-rj', 'authorChannelUrl': 'http://www.youtube.com/channel/UCvTHLSZJSWUJttr6oHsm6-Q', 'authorChannelId': {'value': 'UCvTHLSZJSWUJttr6oHsm6-Q'}, 'canRate': True, 'viewerRating': 'none', 'likeCount': 0, 'publishedAt': '2022-11-01T01:33:20Z', 'updatedAt': '2022-11-01T01:33:20Z'}}, 'canReply': True, 'totalReplyCount': 0, 'isPublic': True}",,UCvTHLSZJSWUJttr6oHsm6-Q,2022-11-01T01:33:20Z,Verdade,QURTSl9pMVJVYVdsakhCSk1FYUk2aTJHa202VEdrRjFYTDllc3RKUTBMRExGeGxSeElUZTF3TlFjZ3dGZl9TdTFDYmZFZWFaNGFiU2Q0SQ==,2023-06-07 12:46:22.499649
youtube#commentThread,Z_tNiF09VCiLzQeTMP4Qp67qHGU,Ugw4AoyCzxArJuiqtIl4AaABAg,"{'videoId': 'XRYjrJJZAME', 'topLevelComment': {'kind': 'youtube#comment', 'etag': 'ZGvq2TLWR1ixwjSCGHNfc5VL_Eg', 'id': 'Ugw4AoyCzxArJuiqtIl4AaABAg', 'snippet': {'videoId': 'XRYjrJJZAME', 'textDisplay': 'Bolsonaro é covarde e frouxo , sempre usa quem quer que seja , pra tentar um golpe .', 'textOriginal': 'Bolsonaro é covarde e frouxo , sempre usa quem quer que seja , pra tentar um golpe .', 'authorDisplayName': 'Sonia Andrade', 'authorProfileImageUrl': 'https://yt3.ggpht.com/ytc/AGIKgqMBfuIrDOlze0VQPikxHmXBRf5WZT3xE8MPbg=s48-c-k-c0x00ffffff-no-rj', 'authorChannelUrl': 'http://www.youtube.com/channel/UC2gyrBNuZ98y9i38YsA24OQ', 'authorChannelId': {'value': 'UC2gyrBNuZ98y9i38YsA24OQ'}, 'canRate': True, 'viewerRating': 'none', 'likeCount': 0, 'publishedAt': '2022-11-01T01:32:48Z', 'updatedAt': '2022-11-01T01:32:48Z'}}, 'canReply': True, 'totalReplyCount': 0, 'isPublic': True}",,UC2gyrBNuZ98y9i38YsA24OQ,2022-11-01T01:32:48Z,"Bolsonaro é covarde e frouxo , sempre usa quem quer que seja , pra tentar um golpe .",QURTSl9pMVJVYVdsakhCSk1FYUk2aTJHa202VEdrRjFYTDllc3RKUTBMRExGeGxSeElUZTF3TlFjZ3dGZl9TdTFDYmZFZWFaNGFiU2Q0SQ==,2023-06-07 12:46:22.499649
youtube#commentThread,_B4q8Ge6Yy0DThmVmD3073SKDmI,UgxrwCGPi2XaUajrzSx4AaABAg,"{'videoId': 'XRYjrJJZAME', 'topLevelComment': {'kind': 'youtube#comment', 'etag': 'KF5dhIO1yAX9EsvIPTYOdLYT5UY', 'id': 'UgxrwCGPi2XaUajrzSx4AaABAg', 'snippet': {'videoId': 'XRYjrJJZAME', 'textDisplay': 'Verdade', 'textOriginal': 'Verdade', 'authorDisplayName': 'Onofre Cardoso da luz Da luz', 'authorProfileImageUrl': 'https://yt3.ggpht.com/ytc/AGIKgqP_CrsFJkhyinp4rSMX_x7RRZIySU3pGguAfA=s48-c-k-c0x00ffffff-no-rj', 'authorChannelUrl': 'http://www.youtube.com/channel/UCx41YteeBbNu9kgMk8MCD_Q', 'authorChannelId': {'value': 'UCx41YteeBbNu9kgMk8MCD_Q'}, 'canRate': True, 'viewerRating': 'none', 'likeCount': 0, 'publishedAt': '2022-11-01T01:32:29Z', 'updatedAt': '2022-11-01T01:32:29Z'}}, 'canReply': True, 'totalReplyCount': 0, 'isPublic': True}",,UCx41YteeBbNu9kgMk8MCD_Q,2022-11-01T01:32:29Z,Verdade,QURTSl9pMVJVYVdsakhCSk1FYUk2aTJHa202VEdrRjFYTDllc3RKUTBMRExGeGxSeElUZTF3TlFjZ3dGZl9TdTFDYmZFZWFaNGFiU2Q0SQ==,2023-06-07 12:46:22.499649
youtube#commentThread,-IMV9LGfcPINGGf09VbUHhPe-5Q,UgyjlrP60E3PB-eWPFB4AaABAg,"{'videoId': 'XRYjrJJZAME', 'topLevelComment': {'kind': 'youtube#comment', 'etag': 'et9mLklFrYI5wChxXjr7_4QVblU', 'id': 'UgyjlrP60E3PB-eWPFB4AaABAg', 'snippet': {'videoId': 'XRYjrJJZAME', 'textDisplay': 'Nunca imaginei que poderia ter um bandido na direção da PRF', 'textOriginal': 'Nunca imaginei que poderia ter um bandido na direção da PRF', 'authorDisplayName': 'Mascarenhas', 'authorProfileImageUrl': 'https://yt3.ggpht.com/3BylsonRKC3QjFs9YgRd4pvEIml_iNmBBARQP3ugBuUlJh6gCFcnmqZgY_McDeh-wPdHnqA7d78=s48-c-k-c0x00ffffff-no-rj', 'authorChannelUrl': 'http://www.youtube.com/channel/UCGz3snFC28yFg-FtS9Po-yQ', 'authorChannelId': {'value': 'UCGz3snFC28yFg-FtS9Po-yQ'}, 'canRate': True, 'viewerRating': 'none', 'likeCount': 12, 'publishedAt': '2022-11-01T01:32:25Z', 'updatedAt': '2022-11-01T01:32:25Z'}}, 'canReply': True, 'totalReplyCount': 0, 'isPublic': True}",,UCGz3snFC28yFg-FtS9Po-yQ,2022-11-01T01:32:25Z,Nunca imaginei que poderia ter um bandido na direção da PRF,QURTSl9pMVJVYVdsakhCSk1FYUk2aTJHa202VEdrRjFYTDllc3RKUTBMRExGeGxSeElUZTF3TlFjZ3dGZl9TdTFDYmZFZWFaNGFiU2Q0SQ==,2023-06-07 12:46:22.499649
youtube#commentThread,PS21J3DyjZz3qTuVqsdSJlL9amU,UgwHSkGbJG6gbjqjOgt4AaABAg,"{'videoId': 'XRYjrJJZAME', 'topLevelComment': {'kind': 'youtube#comment', 'etag': 'eHwwNr6ZiAN7Y6nbloI1hEYw29M', 'id': 'UgwHSkGbJG6gbjqjOgt4AaABAg', 'snippet': {'videoId': 'XRYjrJJZAME', 'textDisplay': 'Meu nordeste salvou o Brasil do nazifascismo do bolsonarismo! A bandeira brasileira agora é de todos os brasileiros!', 'textOriginal': 'Meu nordeste salvou o Brasil do nazifascismo do bolsonarismo! A bandeira brasileira agora é de todos os brasileiros!', 'authorDisplayName': 'Célio Pereira', 'authorProfileImageUrl': 'https://yt3.ggpht.com/ytc/AGIKgqN4LRhKmwbqTNWhewLJwogVMbQ-y-gRfYYZAw=s48-c-k-c0x00ffffff-no-rj', 'authorChannelUrl': 'http://www.youtube.com/channel/UCg2UflLDCBG3R-qoWXg7FzQ', 'authorChannelId': {'value': 'UCg2UflLDCBG3R-qoWXg7FzQ'}, 'canRate': True, 'viewerRating': 'none', 'likeCount': 1, 'publishedAt': '2022-11-01T01:32:00Z', 'updatedAt': '2022-11-01T01:32:00Z'}}, 'canReply': True, 'totalReplyCount': 0, 'isPublic': True}",,UCg2UflLDCBG3R-qoWXg7FzQ,2022-11-01T01:32:00Z,Meu nordeste salvou o Brasil do nazifascismo do bolsonarismo! A bandeira brasileira agora é de todos os brasileiros!,QURTSl9pMVJVYVdsakhCSk1FYUk2aTJHa202VEdrRjFYTDllc3RKUTBMRExGeGxSeElUZTF3TlFjZ3dGZl9TdTFDYmZFZWFaNGFiU2Q0SQ==,2023-06-07 12:46:22.499649
youtube#commentThread,KEclWmnoyja9LsuLRxUMPnSwstY,UgxFjz1uZXOJnisf8Fl4AaABAg,"{'videoId': 'XRYjrJJZAME', 'topLevelComment': {'kind': 'youtube#comment', 'etag': '3t1acHyD9wjr0Ipbo9CcXKiQ7ks', 'id': 'UgxFjz1uZXOJnisf8Fl4AaABAg', 'snippet': {'videoId': 'XRYjrJJZAME', 'textDisplay': 'Nunca vi isso existir,Bolsonaro estigou o ódio. As pessoas ficaram muito + violentas depois dele,ta uma coisa muito estranha!', 'textOriginal': 'Nunca vi isso existir,Bolsonaro estigou o ódio. As pessoas ficaram muito + violentas depois dele,ta uma coisa muito estranha!', 'authorDisplayName': 'Annynha Lima', 'authorProfileImageUrl': 'https://yt3.ggpht.com/ytc/AGIKgqPUc8qFdZfb-A6_GlnG0zKmr4sarzFDew6PCAKBLQ=s48-c-k-c0x00ffffff-no-rj', 'authorChannelUrl': 'http://www.youtube.com/channel/UC9hxQK8yUDyv5i7vo5pzkMA', 'authorChannelId': {'value': 'UC9hxQK8yUDyv5i7vo5pzkMA'}, 'canRate': True, 'viewerRating': 'none', 'likeCount': 0, 'publishedAt': '2022-11-01T01:31:12Z', 'updatedAt': '2022-11-01T01:31:12Z'}}, 'canReply': True, 'totalReplyCount': 0, 'isPublic': True}",,UC9hxQK8yUDyv5i7vo5pzkMA,2022-11-01T01:31:12Z,"Nunca vi isso existir,Bolsonaro estigou o ódio. As pessoas ficaram muito + violentas depois dele,ta uma coisa muito estranha!",QURTSl9pMVJVYVdsakhCSk1FYUk2aTJHa202VEdrRjFYTDllc3RKUTBMRExGeGxSeElUZTF3TlFjZ3dGZl9TdTFDYmZFZWFaNGFiU2Q0SQ==,2023-06-07 12:46:22.499649
youtube#commentThread,M5fGdN_skV6dYM3myvDM5MYpeTs,UgwTU-reiJ5SxOv5s8N4AaABAg,"{'videoId': 'XRYjrJJZAME', 'topLevelComment': {'kind': 'youtube#comment', 'etag': 'vXX1YsFy4tT3C_fTm8Ub7Ws2UfU', 'id': 'UgwTU-reiJ5SxOv5s8N4AaABAg', 'snippet': {'videoId': 'XRYjrJJZAME', 'textDisplay': 'O Bozo vai pagar pelos crimes dele', 'textOriginal': 'O Bozo vai pagar pelos crimes dele', 'authorDisplayName': 'Ana Cristina Bressan', 'authorProfileImageUrl': 'https://yt3.ggpht.com/ytc/AGIKgqOSvkK-FN1FaXweExpMgZjIEIz1OWgwHi3bfA=s48-c-k-c0x00ffffff-no-rj', 'authorChannelUrl': 'http://www.youtube.com/channel/UConcXv8uPFxj310T1QD9shA', 'authorChannelId': {'value': 'UConcXv8uPFxj310T1QD9shA'}, 'canRate': True, 'viewerRating': 'none', 'likeCount': 0, 'publishedAt': '2022-11-01T01:31:02Z', 'updatedAt': '2022-11-01T01:31:02Z'}}, 'canReply': True, 'totalReplyCount': 0, 'isPublic': True}",,UConcXv8uPFxj310T1QD9shA,2022-11-01T01:31:02Z,O Bozo vai pagar pelos crimes dele,QURTSl9pMVJVYVdsakhCSk1FYUk2aTJHa202VEdrRjFYTDllc3RKUTBMRExGeGxSeElUZTF3TlFjZ3dGZl9TdTFDYmZFZWFaNGFiU2Q0SQ==,2023-06-07 12:46:22.499649
youtube#commentThread,l4LxC4AuG-OkE3NcEhotHELHy_Q,UgwOLanf3Ni87E7oWf54AaABAg,"{'videoId': 'XRYjrJJZAME', 'topLevelComment': {'kind': 'youtube#comment', 'etag': 'ohbPoamv1W3kChTIEzIE7QXI4mU', 'id': 'UgwOLanf3Ni87E7oWf54AaABAg', 'snippet': {'videoId': 'XRYjrJJZAME', 'textDisplay': 'Queremos paz, respeito, amor pelo próximo.', 'textOriginal': 'Queremos paz, respeito, amor pelo próximo.', 'authorDisplayName': 'Telma Camara', 'authorProfileImageUrl': 'https://yt3.ggpht.com/ytc/AGIKgqP9JNDpvBvz2zjDhYVRTkxA3fTKc0AqUZ5AncJ_eg=s48-c-k-c0x00ffffff-no-rj', 'authorChannelUrl': 'http://www.youtube.com/channel/UCeM1l-HmyMxqTcoz1mGLB_Q', 'authorChannelId': {'value': 'UCeM1l-HmyMxqTcoz1mGLB_Q'}, 'canRate': True, 'viewerRating': 'none', 'likeCount': 11, 'publishedAt': '2022-11-01T01:30:32Z', 'updatedAt': '2022-11-01T01:30:32Z'}}, 'canReply': True, 'totalReplyCount': 0, 'isPublic': True}",,UCeM1l-HmyMxqTcoz1mGLB_Q,2022-11-01T01:30:32Z,"Queremos paz, respeito, amor pelo próximo.",QURTSl9pMVJVYVdsakhCSk1FYUk2aTJHa202VEdrRjFYTDllc3RKUTBMRExGeGxSeElUZTF3TlFjZ3dGZl9TdTFDYmZFZWFaNGFiU2Q0SQ==,2023-06-07 12:46:22.499649
youtube#commentThread,B0ngh3exWWGZ-QxCzodIED4Y_5g,UgzIjV9L96PoyZc9J8R4AaABAg,"{'videoId': 'XRYjrJJZAME', 'topLevelComment': {'kind': 'youtube#comment', 'etag': '5rtNjO9sxz1E4mAa5Dpgwqrqs1c', 'id': 'UgzIjV9L96PoyZc9J8R4AaABAg', 'snippet': {'videoId': 'XRYjrJJZAME', 'textDisplay': 'Governo do Bozo è o pior governo que o Brasil já teve', 'textOriginal': 'Governo do Bozo è o pior governo que o Brasil já teve', 'authorDisplayName': 'Ana Cristina Bressan', 'authorProfileImageUrl': 'https://yt3.ggpht.com/ytc/AGIKgqOSvkK-FN1FaXweExpMgZjIEIz1OWgwHi3bfA=s48-c-k-c0x00ffffff-no-rj', 'authorChannelUrl': 'http://www.youtube.com/channel/UConcXv8uPFxj310T1QD9shA', 'authorChannelId': {'value': 'UConcXv8uPFxj310T1QD9shA'}, 'canRate': True, 'viewerRating': 'none', 'likeCount': 0, 'publishedAt': '2022-11-01T01:30:30Z', 'updatedAt': '2022-11-01T01:30:30Z'}}, 'canReply': True, 'totalReplyCount': 0, 'isPublic': True}",,UConcXv8uPFxj310T1QD9shA,2022-11-01T01:30:30Z,Governo do Bozo è o pior governo que o Brasil já teve,QURTSl9pMVJVYVdsakhCSk1FYUk2aTJHa202VEdrRjFYTDllc3RKUTBMRExGeGxSeElUZTF3TlFjZ3dGZl9TdTFDYmZFZWFaNGFiU2Q0SQ==,2023-06-07 12:46:22.499649
youtube#commentThread,qU4YzMUup8EdvXeMqPAQ5LYJJAU,UgyKKx9vWVtwkXYBmwB4AaABAg,"{'videoId': 'XRYjrJJZAME', 'topLevelComment': {'kind': 'youtube#comment', 'etag': 'hKe2CwSH6sFfdR1K_B0W2dMCMvI', 'id': 'UgyKKx9vWVtwkXYBmwB4AaABAg', 'snippet': {'videoId': 'XRYjrJJZAME', 'textDisplay': 'Diretor da PRF já deveria ter sido expulso domingo da corporação.', 'textOriginal': 'Diretor da PRF já deveria ter sido expulso domingo da corporação.', 'authorDisplayName': 'Márcio H', 'authorProfileImageUrl': 'https://yt3.ggpht.com/ytc/AGIKgqOR2wjhmxnhv_QSVaKAUnAkLGtwUPUgMrY5ow=s48-c-k-c0x00ffffff-no-rj', 'authorChannelUrl': 'http://www.youtube.com/channel/UCeTrtBd5Q4qnPef32LVsAXg', 'authorChannelId': {'value': 'UCeTrtBd5Q4qnPef32LVsAXg'}, 'canRate': True, 'viewerRating': 'none', 'likeCount': 0, 'publishedAt': '2022-11-01T01:29:46Z', 'updatedAt': '2022-11-01T01:29:46Z'}}, 'canReply': True, 'totalReplyCount': 0, 'isPublic': True}",,UCeTrtBd5Q4qnPef32LVsAXg,2022-11-01T01:29:46Z,Diretor da PRF já deveria ter sido expulso domingo da corporação.,QURTSl9pMVJVYVdsakhCSk1FYUk2aTJHa202VEdrRjFYTDllc3RKUTBMRExGeGxSeElUZTF3TlFjZ3dGZl9TdTFDYmZFZWFaNGFiU2Q0SQ==,2023-06-07 12:46:22.499649
youtube#commentThread,Ni3NG6gtWCMXv8UAjzXGrt-FMQQ,Ugz8YqAG1I7fs92Kl2p4AaABAg,"{'videoId': 'XRYjrJJZAME', 'topLevelComment': {'kind': 'youtube#comment', 'etag': 'UUSC6hwyUn53MhaOenAiBS8SlI0', 'id': 'Ugz8YqAG1I7fs92Kl2p4AaABAg', 'snippet': {'videoId': 'XRYjrJJZAME', 'textDisplay': 'Esse Bostonaro tem que ser preso', 'textOriginal': 'Esse Bostonaro tem que ser preso', 'authorDisplayName': 'Ana Cristina Bressan', 'authorProfileImageUrl': 'https://yt3.ggpht.com/ytc/AGIKgqOSvkK-FN1FaXweExpMgZjIEIz1OWgwHi3bfA=s48-c-k-c0x00ffffff-no-rj', 'authorChannelUrl': 'http://www.youtube.com/channel/UConcXv8uPFxj310T1QD9shA', 'authorChannelId': {'value': 'UConcXv8uPFxj310T1QD9shA'}, 'canRate': True, 'viewerRating': 'none', 'likeCount': 0, 'publishedAt': '2022-11-01T01:29:19Z', 'updatedAt': '2022-11-01T01:29:19Z'}}, 'canReply': True, 'totalReplyCount': 0, 'isPublic': True}",,UConcXv8uPFxj310T1QD9shA,2022-11-01T01:29:19Z,Esse Bostonaro tem que ser preso,QURTSl9pMVJVYVdsakhCSk1FYUk2aTJHa202VEdrRjFYTDllc3RKUTBMRExGeGxSeElUZTF3TlFjZ3dGZl9TdTFDYmZFZWFaNGFiU2Q0SQ==,2023-06-07 12:46:22.499649
youtube#commentThread,7Fy4mxW_yKruFhIWqzqTdUO_0T4,UgzhHlY6zsRlAI3Lmrl4AaABAg,"{'videoId': 'XRYjrJJZAME', 'topLevelComment': {'kind': 'youtube#comment', 'etag': 'Dws3IWvPub8gqhp2kEXz_Quo8gM', 'id': 'UgzhHlY6zsRlAI3Lmrl4AaABAg', 'snippet': {'videoId': 'XRYjrJJZAME', 'textDisplay': 'Ele é um pilantra', 'textOriginal': 'Ele é um pilantra', 'authorDisplayName': 'Ana Cristina Bressan', 'authorProfileImageUrl': 'https://yt3.ggpht.com/ytc/AGIKgqOSvkK-FN1FaXweExpMgZjIEIz1OWgwHi3bfA=s48-c-k-c0x00ffffff-no-rj', 'authorChannelUrl': 'http://www.youtube.com/channel/UConcXv8uPFxj310T1QD9shA', 'authorChannelId': {'value': 'UConcXv8uPFxj310T1QD9shA'}, 'canRate': True, 'viewerRating': 'none', 'likeCount': 0, 'publishedAt': '2022-11-01T01:28:40Z', 'updatedAt': '2022-11-01T01:28:40Z'}}, 'canReply': True, 'totalReplyCount': 0, 'isPublic': True}",,UConcXv8uPFxj310T1QD9shA,2022-11-01T01:28:40Z,Ele é um pilantra,QURTSl9pMVJVYVdsakhCSk1FYUk2aTJHa202VEdrRjFYTDllc3RKUTBMRExGeGxSeElUZTF3TlFjZ3dGZl9TdTFDYmZFZWFaNGFiU2Q0SQ==,2023-06-07 12:46:22.499649
youtube#commentThread,Jf7bn8Sox111QDXwh_Pe13wEQ9k,UgwNQvne9VLZ4AcMFmx4AaABAg,"{'videoId': 'XRYjrJJZAME', 'topLevelComment': {'kind': 'youtube#comment', 'etag': 'MWiYA3IMQVipGRbb3Mq_Kz3wm5s', 'id': 'UgwNQvne9VLZ4AcMFmx4AaABAg', 'snippet': {'videoId': 'XRYjrJJZAME', 'textDisplay': 'Conte uma novidade alguma avisa para esse demente para aceitar que dói menos kkkkkkk', 'textOriginal': 'Conte uma novidade alguma avisa para esse demente para aceitar que dói menos kkkkkkk', 'authorDisplayName': 'Cinara Cinara', 'authorProfileImageUrl': 'https://yt3.ggpht.com/ytc/AGIKgqMnghQ5OfZgpcR8fKFM8HYoteXO6nUhbuCSAA=s48-c-k-c0x00ffffff-no-rj', 'authorChannelUrl': 'http://www.youtube.com/channel/UCzh3TeYK64yrSNJT3n8I8mw', 'authorChannelId': {'value': 'UCzh3TeYK64yrSNJT3n8I8mw'}, 'canRate': True, 'viewerRating': 'none', 'likeCount': 0, 'publishedAt': '2022-11-01T01:28:38Z', 'updatedAt': '2022-11-01T01:28:38Z'}}, 'canReply': True, 'totalReplyCount': 0, 'isPublic': True}",,UCzh3TeYK64yrSNJT3n8I8mw,2022-11-01T01:28:38Z,Conte uma novidade alguma avisa para esse demente para aceitar que dói menos kkkkkkk,QURTSl9pMVJVYVdsakhCSk1FYUk2aTJHa202VEdrRjFYTDllc3RKUTBMRExGeGxSeElUZTF3TlFjZ3dGZl9TdTFDYmZFZWFaNGFiU2Q0SQ==,2023-06-07 12:46:22.499649
youtube#commentThread,Ed16mZOyqQ4Kt5dDIDMUypXA1HA,UgxRmHTNQ9LzwhhvyiB4AaABAg,"{'videoId': 'XRYjrJJZAME', 'topLevelComment': {'kind': 'youtube#comment', 'etag': '9Qlm2SNFxO_WcvP3065uu75mJi8', 'id': 'UgxRmHTNQ9LzwhhvyiB4AaABAg', 'snippet': {'videoId': 'XRYjrJJZAME', 'textDisplay': 'É bem a cara do Bolsonaro e seus bosolminios. VIOLENCIA E TUMULTO , como diz a galera....O CHORO É LIVRE.', 'textOriginal': 'É bem a cara do Bolsonaro e seus bosolminios. VIOLENCIA E TUMULTO , como diz a galera....O CHORO É LIVRE.', 'authorDisplayName': 'Wange Paixao', 'authorProfileImageUrl': 'https://yt3.ggpht.com/ytc/AGIKgqNeM0DNxR2CNL0FCWeQxo1g2Rln-QksanBHxg=s48-c-k-c0x00ffffff-no-rj', 'authorChannelUrl': 'http://www.youtube.com/channel/UCGR8-1aUMBmX9BHVqMJq_1A', 'authorChannelId': {'value': 'UCGR8-1aUMBmX9BHVqMJq_1A'}, 'canRate': True, 'viewerRating': 'none', 'likeCount': 1, 'publishedAt': '2022-11-01T01:28:01Z', 'updatedAt': '2022-11-01T01:28:01Z'}}, 'canReply': True, 'totalReplyCount': 0, 'isPublic': True}",,UCGR8-1aUMBmX9BHVqMJq_1A,2022-11-01T01:28:01Z,"É bem a cara do Bolsonaro e seus bosolminios. VIOLENCIA E TUMULTO , como diz a galera....O CHORO É LIVRE.",QURTSl9pMVJVYVdsakhCSk1FYUk2aTJHa202VEdrRjFYTDllc3RKUTBMRExGeGxSeElUZTF3TlFjZ3dGZl9TdTFDYmZFZWFaNGFiU2Q0SQ==,2023-06-07 12:46:22.499649
youtube#commentThread,B0zpVx4OJxTZfyk-r6Hel82XpZ0,UgzIb8MYzcLgfX3gnYB4AaABAg,"{'videoId': 'XRYjrJJZAME', 'topLevelComment': {'kind': 'youtube#comment', 'etag': 'eS7RAsW6mp38E7xkeUttjyQAAU4', 'id': 'UgzIb8MYzcLgfX3gnYB4AaABAg', 'snippet': {'videoId': 'XRYjrJJZAME', 'textDisplay': 'pessoas frustradas', 'textOriginal': 'pessoas frustradas', 'authorDisplayName': 'barbara barretto Barretto', 'authorProfileImageUrl': 'https://yt3.ggpht.com/ytc/AGIKgqO5tcaxKPP5lWD_Y-ZQY0tz0OakigjfcaWdeRRM0-g=s48-c-k-c0x00ffffff-no-rj', 'authorChannelUrl': 'http://www.youtube.com/channel/UCiZiiFSyDJXQIhi-PTngSlw', 'authorChannelId': {'value': 'UCiZiiFSyDJXQIhi-PTngSlw'}, 'canRate': True, 'viewerRating': 'none', 'likeCount': 0, 'publishedAt': '2022-11-01T01:26:56Z', 'updatedAt': '2022-11-01T01:26:56Z'}}, 'canReply': True, 'totalReplyCount': 0, 'isPublic': True}",,UCiZiiFSyDJXQIhi-PTngSlw,2022-11-01T01:26:56Z,pessoas frustradas,QURTSl9pMVJVYVdsakhCSk1FYUk2aTJHa202VEdrRjFYTDllc3RKUTBMRExGeGxSeElUZTF3TlFjZ3dGZl9TdTFDYmZFZWFaNGFiU2Q0SQ==,2023-06-07 12:46:22.499649
youtube#commentThread,Gn2iuo_5-tS8UsHgc5NZ4aX-neo,UgxdwwvpJdfr_rBCPhp4AaABAg,"{'videoId': 'XRYjrJJZAME', 'topLevelComment': {'kind': 'youtube#comment', 'etag': 'xonvEKaVRAygrvuP_wfCM2kZ7cM', 'id': 'UgxdwwvpJdfr_rBCPhp4AaABAg', 'snippet': {'videoId': 'XRYjrJJZAME', 'textDisplay': 'isso  PAULO FORÇA!!!!!!', 'textOriginal': 'isso  PAULO FORÇA!!!!!!', 'authorDisplayName': 'barbara barretto Barretto', 'authorProfileImageUrl': 'https://yt3.ggpht.com/ytc/AGIKgqO5tcaxKPP5lWD_Y-ZQY0tz0OakigjfcaWdeRRM0-g=s48-c-k-c0x00ffffff-no-rj', 'authorChannelUrl': 'http://www.youtube.com/channel/UCiZiiFSyDJXQIhi-PTngSlw', 'authorChannelId': {'value': 'UCiZiiFSyDJXQIhi-PTngSlw'}, 'canRate': True, 'viewerRating': 'none', 'likeCount': 0, 'publishedAt': '2022-11-01T01:26:30Z', 'updatedAt': '2022-11-01T01:26:30Z'}}, 'canReply': True, 'totalReplyCount': 0, 'isPublic': True}",,UCiZiiFSyDJXQIhi-PTngSlw,2022-11-01T01:26:30Z,isso  PAULO FORÇA!!!!!!,QURTSl9pMVJVYVdsakhCSk1FYUk2aTJHa202VEdrRjFYTDllc3RKUTBMRExGeGxSeElUZTF3TlFjZ3dGZl9TdTFDYmZFZWFaNGFiU2Q0SQ==,2023-06-07 12:46:22.499649
youtube#commentThread,lXunHfJ8LErlPs0xGq-m6VxdJio,UgxNHNFpTqS4z9kn1xl4AaABAg,"{'videoId': 'XRYjrJJZAME', 'topLevelComment': {'kind': 'youtube#comment', 'etag': 'h9wyPj0R3xsaEi1AQ7r6MBJoWS4', 'id': 'UgxNHNFpTqS4z9kn1xl4AaABAg', 'snippet': {'videoId': 'XRYjrJJZAME', 'textDisplay': 'Esse bozo não teve a coragem de agradecer os eleitores pelo os votos que ganhou', 'textOriginal': 'Esse bozo não teve a coragem de agradecer os eleitores pelo os votos que ganhou', 'authorDisplayName': 'Odete Borba Rosa', 'authorProfileImageUrl': 'https://yt3.ggpht.com/ytc/AGIKgqNaOzI1LXjW8d5kc2jBWeu_fDb1bQ4OSb3LAA=s48-c-k-c0x00ffffff-no-rj', 'authorChannelUrl': 'http://www.youtube.com/channel/UCU5VuzTwVMoMh4dlM6YgMPg', 'authorChannelId': {'value': 'UCU5VuzTwVMoMh4dlM6YgMPg'}, 'canRate': True, 'viewerRating': 'none', 'likeCount': 1, 'publishedAt': '2022-11-01T01:26:03Z', 'updatedAt': '2022-11-01T01:26:03Z'}}, 'canReply': True, 'totalReplyCount': 0, 'isPublic': True}",,UCU5VuzTwVMoMh4dlM6YgMPg,2022-11-01T01:26:03Z,Esse bozo não teve a coragem de agradecer os eleitores pelo os votos que ganhou,QURTSl9pMVJVYVdsakhCSk1FYUk2aTJHa202VEdrRjFYTDllc3RKUTBMRExGeGxSeElUZTF3TlFjZ3dGZl9TdTFDYmZFZWFaNGFiU2Q0SQ==,2023-06-07 12:46:22.499649
youtube#commentThread,__KasukYsj49jAbY1E4_5PnkjZA,UgwGKta7YOZrE9rhM-F4AaABAg,"{'videoId': 'XRYjrJJZAME', 'topLevelComment': {'kind': 'youtube#comment', 'etag': 'E_zSdBcDAMM-kuLAHwR_vRIQ6q8', 'id': 'UgwGKta7YOZrE9rhM-F4AaABAg', 'snippet': {'videoId': 'XRYjrJJZAME', 'textDisplay': 'Que vergonha1', 'textOriginal': 'Que vergonha1', 'authorDisplayName': 'Renato Primi', 'authorProfileImageUrl': 'https://yt3.ggpht.com/ytc/AGIKgqN7J1GWTohbjFzsW_u9FFr1AYgt_vxKJ6FBE3cCGg=s48-c-k-c0x00ffffff-no-rj', 'authorChannelUrl': 'http://www.youtube.com/channel/UCEMu9-0OTdQ3lEcp7kAhniA', 'authorChannelId': {'value': 'UCEMu9-0OTdQ3lEcp7kAhniA'}, 'canRate': True, 'viewerRating': 'none', 'likeCount': 0, 'publishedAt': '2022-11-01T01:25:56Z', 'updatedAt': '2022-11-01T01:25:56Z'}}, 'canReply': True, 'totalReplyCount': 0, 'isPublic': True}",,UCEMu9-0OTdQ3lEcp7kAhniA,2022-11-01T01:25:56Z,Que vergonha1,QURTSl9pMVJVYVdsakhCSk1FYUk2aTJHa202VEdrRjFYTDllc3RKUTBMRExGeGxSeElUZTF3TlFjZ3dGZl9TdTFDYmZFZWFaNGFiU2Q0SQ==,2023-06-07 12:46:22.499649
youtube#commentThread,o5I6alWBdPyJOMWmEhucE_Kw4qY,UgyEJQTbWjwf24kwJnJ4AaABAg,"{'videoId': 'XRYjrJJZAME', 'topLevelComment': {'kind': 'youtube#comment', 'etag': 'WB5QWC4JBN9-iUpFxBzfFcjpwKM', 'id': 'UgyEJQTbWjwf24kwJnJ4AaABAg', 'snippet': {'videoId': 'XRYjrJJZAME', 'textDisplay': 'Paulo ele iria fazer isso cabe nos combater e transformar essa situaçâo e juntos venceremos!!!!!!Com sabedoria que ele nÂO tem!!!!!!!', 'textOriginal': 'Paulo ele iria fazer isso cabe nos combater e transformar essa situaçâo e juntos venceremos!!!!!!Com sabedoria que ele nÂO tem!!!!!!!', 'authorDisplayName': 'barbara barretto Barretto', 'authorProfileImageUrl': 'https://yt3.ggpht.com/ytc/AGIKgqO5tcaxKPP5lWD_Y-ZQY0tz0OakigjfcaWdeRRM0-g=s48-c-k-c0x00ffffff-no-rj', 'authorChannelUrl': 'http://www.youtube.com/channel/UCiZiiFSyDJXQIhi-PTngSlw', 'authorChannelId': {'value': 'UCiZiiFSyDJXQIhi-PTngSlw'}, 'canRate': True, 'viewerRating': 'none', 'likeCount': 0, 'publishedAt': '2022-11-01T01:25:11Z', 'updatedAt': '2022-11-01T01:25:11Z'}}, 'canReply': True, 'totalReplyCount': 0, 'isPublic': True}",,UCiZiiFSyDJXQIhi-PTngSlw,2022-11-01T01:25:11Z,Paulo ele iria fazer isso cabe nos combater e transformar essa situaçâo e juntos venceremos!!!!!!Com sabedoria que ele nÂO tem!!!!!!!,QURTSl9pMVJVYVdsakhCSk1FYUk2aTJHa202VEdrRjFYTDllc3RKUTBMRExGeGxSeElUZTF3TlFjZ3dGZl9TdTFDYmZFZWFaNGFiU2Q0SQ==,2023-06-07 12:46:22.499649
youtube#commentThread,buFUSpvx6KONUcp5kZ5ycgZJbvM,Ugxl9tDmIGgrgFaCoZh4AaABAg,"{'videoId': 'XRYjrJJZAME', 'topLevelComment': {'kind': 'youtube#comment', 'etag': '-H7il9GK02gtPqcC9kEEz84AGA8', 'id': 'Ugxl9tDmIGgrgFaCoZh4AaABAg', 'snippet': {'videoId': 'XRYjrJJZAME', 'textDisplay': 'Eles não querem aceitar a vitória do Lula numa disputa democrática, e o bozo não aceita e fica estimulando os bloqueios nas estradas, querem criar caos no país.', 'textOriginal': 'Eles não querem aceitar a vitória do Lula numa disputa democrática, e o bozo não aceita e fica estimulando os bloqueios nas estradas, querem criar caos no país.', 'authorDisplayName': 'myriamil', 'authorProfileImageUrl': 'https://yt3.ggpht.com/ytc/AGIKgqPakA40BGeVYn0Q0hfF7AgekBaTw9rIdwjobdpd=s48-c-k-c0x00ffffff-no-rj', 'authorChannelUrl': 'http://www.youtube.com/channel/UCrhzif5B24x5F_d50RNTcjg', 'authorChannelId': {'value': 'UCrhzif5B24x5F_d50RNTcjg'}, 'canRate': True, 'viewerRating': 'none', 'likeCount': 1, 'publishedAt': '2022-11-01T01:25:00Z', 'updatedAt': '2022-11-01T01:25:00Z'}}, 'canReply': True, 'totalReplyCount': 0, 'isPublic': True}",,UCrhzif5B24x5F_d50RNTcjg,2022-11-01T01:25:00Z,"Eles não querem aceitar a vitória do Lula numa disputa democrática, e o bozo não aceita e fica estimulando os bloqueios nas estradas, querem criar caos no país.",QURTSl9pMVJVYVdsakhCSk1FYUk2aTJHa202VEdrRjFYTDllc3RKUTBMRExGeGxSeElUZTF3TlFjZ3dGZl9TdTFDYmZFZWFaNGFiU2Q0SQ==,2023-06-07 12:46:22.499649
youtube#commentThread,V4if7Qk9Wd9PgviGwPypQndTR2E,UgyW-nR427PQVTV2Gg14AaABAg,"{'videoId': 'XRYjrJJZAME', 'topLevelComment': {'kind': 'youtube#comment', 'etag': 'vP3RLHD5AhHHOfrotXIoi5NCPDY', 'id': 'UgyW-nR427PQVTV2Gg14AaABAg', 'snippet': {'videoId': 'XRYjrJJZAME', 'textDisplay': 'Só começar exonerar esse comando da PRF  e aplicar muita nessas transportadoras golpistas que acaba amanhã já.', 'textOriginal': 'Só começar exonerar esse comando da PRF  e aplicar muita nessas transportadoras golpistas que acaba amanhã já.', 'authorDisplayName': 'Márcio H', 'authorProfileImageUrl': 'https://yt3.ggpht.com/ytc/AGIKgqOR2wjhmxnhv_QSVaKAUnAkLGtwUPUgMrY5ow=s48-c-k-c0x00ffffff-no-rj', 'authorChannelUrl': 'http://www.youtube.com/channel/UCeTrtBd5Q4qnPef32LVsAXg', 'authorChannelId': {'value': 'UCeTrtBd5Q4qnPef32LVsAXg'}, 'canRate': True, 'viewerRating': 'none', 'likeCount': 0, 'publishedAt': '2022-11-01T01:24:58Z', 'updatedAt': '2022-11-01T01:24:58Z'}}, 'canReply': True, 'totalReplyCount': 0, 'isPublic': True}",,UCeTrtBd5Q4qnPef32LVsAXg,2022-11-01T01:24:58Z,Só começar exonerar esse comando da PRF  e aplicar muita nessas transportadoras golpistas que acaba amanhã já.,QURTSl9pMVJVYVdsakhCSk1FYUk2aTJHa202VEdrRjFYTDllc3RKUTBMRExGeGxSeElUZTF3TlFjZ3dGZl9TdTFDYmZFZWFaNGFiU2Q0SQ==,2023-06-07 12:46:22.499649
youtube#commentThread,AyWj0c8Xzs3aGpfRqeMl87qYWA0,UgxRYqN74p3NXkd9_Bp4AaABAg,"{'videoId': 'XRYjrJJZAME', 'topLevelComment': {'kind': 'youtube#comment', 'etag': '090aveCxZnup3ojAAzNUBNMlYhk', 'id': 'UgxRYqN74p3NXkd9_Bp4AaABAg', 'snippet': {'videoId': 'XRYjrJJZAME', 'textDisplay': 'Grande montanha!', 'textOriginal': 'Grande montanha!', 'authorDisplayName': 'jolucard1', 'authorProfileImageUrl': 'https://yt3.ggpht.com/ytc/AGIKgqP66et8p9ZBA9E7ptZagwoyPC3X8EuXI5Ea4t-n=s48-c-k-c0x00ffffff-no-rj', 'authorChannelUrl': 'http://www.youtube.com/channel/UC0GHcs3rryRwElHvmdiEZ8w', 'authorChannelId': {'value': 'UC0GHcs3rryRwElHvmdiEZ8w'}, 'canRate': True, 'viewerRating': 'none', 'likeCount': 2, 'publishedAt': '2022-11-01T01:24:33Z', 'updatedAt': '2022-11-01T01:24:33Z'}}, 'canReply': True, 'totalReplyCount': 0, 'isPublic': True}",,UC0GHcs3rryRwElHvmdiEZ8w,2022-11-01T01:24:33Z,Grande montanha!,QURTSl9pMVJVYVdsakhCSk1FYUk2aTJHa202VEdrRjFYTDllc3RKUTBMRExGeGxSeElUZTF3TlFjZ3dGZl9TdTFDYmZFZWFaNGFiU2Q0SQ==,2023-06-07 12:46:22.499649
youtube#commentThread,s5FRCivFcdd2011oO4pQQj4-dIM,UgwpMKhuOs3cbRwDMzR4AaABAg,"{'videoId': 'XRYjrJJZAME', 'topLevelComment': {'kind': 'youtube#comment', 'etag': 'tRFC_N_RLeSorzdZ2pLaAe_kut0', 'id': 'UgwpMKhuOs3cbRwDMzR4AaABAg', 'snippet': {'videoId': 'XRYjrJJZAME', 'textDisplay': 'fora bolsonaro', 'textOriginal': 'fora bolsonaro', 'authorDisplayName': 'Zélia Vieira', 'authorProfileImageUrl': 'https://yt3.ggpht.com/ytc/AGIKgqOu86rvitdszygFX4Xi3l69k0OEZbCVxCdbLg=s48-c-k-c0x00ffffff-no-rj', 'authorChannelUrl': 'http://www.youtube.com/channel/UCCglvX3LzsynNvL0IwcSKIw', 'authorChannelId': {'value': 'UCCglvX3LzsynNvL0IwcSKIw'}, 'canRate': True, 'viewerRating': 'none', 'likeCount': 0, 'publishedAt': '2022-11-01T01:23:28Z', 'updatedAt': '2022-11-01T01:23:28Z'}}, 'canReply': True, 'totalReplyCount': 0, 'isPublic': True}",,UCCglvX3LzsynNvL0IwcSKIw,2022-11-01T01:23:28Z,fora bolsonaro,QURTSl9pMVJVYVdsakhCSk1FYUk2aTJHa202VEdrRjFYTDllc3RKUTBMRExGeGxSeElUZTF3TlFjZ3dGZl9TdTFDYmZFZWFaNGFiU2Q0SQ==,2023-06-07 12:46:22.499649
youtube#commentThread,eEKxSUfQIO6MR2EdQa9eefIXTpY,UgxxddcMwoQNZrlAusd4AaABAg,"{'videoId': 'XRYjrJJZAME', 'topLevelComment': {'kind': 'youtube#comment', 'etag': 'RZGa3BryyyDt9p8kUCQ5lRV3Fa0', 'id': 'UgxxddcMwoQNZrlAusd4AaABAg', 'snippet': {'videoId': 'XRYjrJJZAME', 'textDisplay': 'Bolsonarismo é isso! O líder da seita icentiva a baderna e fica escondido! Seguidores lunáticos de um covarde!', 'textOriginal': 'Bolsonarismo é isso! O líder da seita icentiva a baderna e fica escondido! Seguidores lunáticos de um covarde!', 'authorDisplayName': 'Rdixe', 'authorProfileImageUrl': 'https://yt3.ggpht.com/ytc/AGIKgqMKxIbZin8iMODmyP1DZYyEhPlHvxaRofM3kQ=s48-c-k-c0x00ffffff-no-rj', 'authorChannelUrl': 'http://www.youtube.com/channel/UCUF22CAHhfFjlRXf6Wsqr_g', 'authorChannelId': {'value': 'UCUF22CAHhfFjlRXf6Wsqr_g'}, 'canRate': True, 'viewerRating': 'none', 'likeCount': 0, 'publishedAt': '2022-11-01T01:23:26Z', 'updatedAt': '2022-11-01T01:23:26Z'}}, 'canReply': True, 'totalReplyCount': 0, 'isPublic': True}",,UCUF22CAHhfFjlRXf6Wsqr_g,2022-11-01T01:23:26Z,Bolsonarismo é isso! O líder da seita icentiva a baderna e fica escondido! Seguidores lunáticos de um covarde!,QURTSl9pMVJVYVdsakhCSk1FYUk2aTJHa202VEdrRjFYTDllc3RKUTBMRExGeGxSeElUZTF3TlFjZ3dGZl9TdTFDYmZFZWFaNGFiU2Q0SQ==,2023-06-07 12:46:22.499649
youtube#commentThread,FZnrGSCZjnpmICglvSOLyWQCOW4,UgzK5NRE4ztB_bRGczN4AaABAg,"{'videoId': 'XRYjrJJZAME', 'topLevelComment': {'kind': 'youtube#comment', 'etag': 'Msf_o_cL6_G0S_JciFtnDAMBuIM', 'id': 'UgzK5NRE4ztB_bRGczN4AaABAg', 'snippet': {'videoId': 'XRYjrJJZAME', 'textDisplay': 'A FRANGUINHA DO PLANALTO ESTÁ ARRANCANDO AS PENAS DE TANTO DESESPERO kkk', 'textOriginal': 'A FRANGUINHA DO PLANALTO ESTÁ ARRANCANDO AS PENAS DE TANTO DESESPERO kkk', 'authorDisplayName': 'Erandir Bezerra', 'authorProfileImageUrl': 'https://yt3.ggpht.com/ytc/AGIKgqObItUEvuK8HR9jSY6jOBUAsVs5ajkxc4vTLA=s48-c-k-c0x00ffffff-no-rj', 'authorChannelUrl': 'http://www.youtube.com/channel/UCfXGjU9DbNNA_LUbP8pO09Q', 'authorChannelId': {'value': 'UCfXGjU9DbNNA_LUbP8pO09Q'}, 'canRate': True, 'viewerRating': 'none', 'likeCount': 0, 'publishedAt': '2022-11-01T01:23:10Z', 'updatedAt': '2022-11-01T01:23:10Z'}}, 'canReply': True, 'totalReplyCount': 0, 'isPublic': True}",,UCfXGjU9DbNNA_LUbP8pO09Q,2022-11-01T01:23:10Z,A FRANGUINHA DO PLANALTO ESTÁ ARRANCANDO AS PENAS DE TANTO DESESPERO kkk,QURTSl9pMVJVYVdsakhCSk1FYUk2aTJHa202VEdrRjFYTDllc3RKUTBMRExGeGxSeElUZTF3TlFjZ3dGZl9TdTFDYmZFZWFaNGFiU2Q0SQ==,2023-06-07 12:46:22.499649
youtube#commentThread,jsb-Cg-m-Ig1Vl5BHJsBvxK8cls,Ugw3YpDiVE4HEumJK1Z4AaABAg,"{'videoId': 'XRYjrJJZAME', 'topLevelComment': {'kind': 'youtube#comment', 'etag': 'MYsZ1lKoTCmKk4CN2X06An6uBHI', 'id': 'Ugw3YpDiVE4HEumJK1Z4AaABAg', 'snippet': {'videoId': 'XRYjrJJZAME', 'textDisplay': 'Acho que ele está ganhando tempo, agora a corrida é para excluir a podridão do governo. Bozo sabe que fez muita besteira e o objetivo agora é tentar sumir com tudo.', 'textOriginal': 'Acho que ele está ganhando tempo, agora a corrida é para excluir a podridão do governo. Bozo sabe que fez muita besteira e o objetivo agora é tentar sumir com tudo.', 'authorDisplayName': 'Milton Alberto Dantas', 'authorProfileImageUrl': 'https://yt3.ggpht.com/ytc/AGIKgqNa9STCw7fHuGSBo0ip01EAC7jbZbhKKF3zuw=s48-c-k-c0x00ffffff-no-rj', 'authorChannelUrl': 'http://www.youtube.com/channel/UC7ePb2Vkl_dx3iCfp3DTH4w', 'authorChannelId': {'value': 'UC7ePb2Vkl_dx3iCfp3DTH4w'}, 'canRate': True, 'viewerRating': 'none', 'likeCount': 0, 'publishedAt': '2022-11-01T01:22:40Z', 'updatedAt': '2022-11-01T01:22:40Z'}}, 'canReply': True, 'totalReplyCount': 0, 'isPublic': True}",,UC7ePb2Vkl_dx3iCfp3DTH4w,2022-11-01T01:22:40Z,"Acho que ele está ganhando tempo, agora a corrida é para excluir a podridão do governo. Bozo sabe que fez muita besteira e o objetivo agora é tentar sumir com tudo.",QURTSl9pMVJVYVdsakhCSk1FYUk2aTJHa202VEdrRjFYTDllc3RKUTBMRExGeGxSeElUZTF3TlFjZ3dGZl9TdTFDYmZFZWFaNGFiU2Q0SQ==,2023-06-07 12:46:22.499649
youtube#commentThread,-y31e1ebjjh88UhjTh9yuxqxw5k,UgyXSC7wNjTs8Lsuypt4AaABAg,"{'videoId': 'XRYjrJJZAME', 'topLevelComment': {'kind': 'youtube#comment', 'etag': 'pLEIFyqGcELwF2ZXhh2gcLxlzL8', 'id': 'UgyXSC7wNjTs8Lsuypt4AaABAg', 'snippet': {'videoId': 'XRYjrJJZAME', 'textDisplay': '# procurando o Bozo kkkk', 'textOriginal': '# procurando o Bozo kkkk', 'authorDisplayName': 'Charles Moreira Da Silva', 'authorProfileImageUrl': 'https://yt3.ggpht.com/ytc/AGIKgqO8y8p5hrAxIeNw_rlAS1lSj505cWJBhoWvaQ=s48-c-k-c0x00ffffff-no-rj', 'authorChannelUrl': 'http://www.youtube.com/channel/UCcIOAWbDwxPqmrZe28T_mkg', 'authorChannelId': {'value': 'UCcIOAWbDwxPqmrZe28T_mkg'}, 'canRate': True, 'viewerRating': 'none', 'likeCount': 1, 'publishedAt': '2022-11-01T01:22:36Z', 'updatedAt': '2022-11-01T01:22:36Z'}}, 'canReply': True, 'totalReplyCount': 0, 'isPublic': True}",,UCcIOAWbDwxPqmrZe28T_mkg,2022-11-01T01:22:36Z,# procurando o Bozo kkkk,QURTSl9pMVJVYVdsakhCSk1FYUk2aTJHa202VEdrRjFYTDllc3RKUTBMRExGeGxSeElUZTF3TlFjZ3dGZl9TdTFDYmZFZWFaNGFiU2Q0SQ==,2023-06-07 12:46:22.499649
youtube#commentThread,l83hmSEgLFT9DNdF_4TNmBbCymM,UgyNYpYyaBbRBieQSg14AaABAg,"{'videoId': 'XRYjrJJZAME', 'topLevelComment': {'kind': 'youtube#comment', 'etag': 'taN1X83CzaJZKOscg5gTJFXA6Vc', 'id': 'UgyNYpYyaBbRBieQSg14AaABAg', 'snippet': {'videoId': 'XRYjrJJZAME', 'textDisplay': 'Acho que tudo isso é planejado e que com a determinação de Alexandre agora a pouco, o circo vai pegar fogo.', 'textOriginal': 'Acho que tudo isso é planejado e que com a determinação de Alexandre agora a pouco, o circo vai pegar fogo.', 'authorDisplayName': 'Marcilene Andrade', 'authorProfileImageUrl': 'https://yt3.ggpht.com/ytc/AGIKgqNNjXpMVTVVBuZfuyJ-mV6cU7MfBm2a3UAgwwUd4As=s48-c-k-c0x00ffffff-no-rj', 'authorChannelUrl': 'http://www.youtube.com/channel/UCyeO4Vdb10xDcEyIAFqS8Yg', 'authorChannelId': {'value': 'UCyeO4Vdb10xDcEyIAFqS8Yg'}, 'canRate': True, 'viewerRating': 'none', 'likeCount': 0, 'publishedAt': '2022-11-01T01:22:23Z', 'updatedAt': '2022-11-01T01:22:23Z'}}, 'canReply': True, 'totalReplyCount': 0, 'isPublic': True}",,UCyeO4Vdb10xDcEyIAFqS8Yg,2022-11-01T01:22:23Z,"Acho que tudo isso é planejado e que com a determinação de Alexandre agora a pouco, o circo vai pegar fogo.",QURTSl9pMVJVYVdsakhCSk1FYUk2aTJHa202VEdrRjFYTDllc3RKUTBMRExGeGxSeElUZTF3TlFjZ3dGZl9TdTFDYmZFZWFaNGFiU2Q0SQ==,2023-06-07 12:46:22.499649
youtube#commentThread,XzsFhRievFx0Y6M-Ohl3wE3ubAA,UgwSfL1b8ZK90zcfRuN4AaABAg,"{'videoId': 'XRYjrJJZAME', 'topLevelComment': {'kind': 'youtube#comment', 'etag': 'pkRAwVbD4aJvnmqS0RJV8bTcK1s', 'id': 'UgwSfL1b8ZK90zcfRuN4AaABAg', 'snippet': {'videoId': 'XRYjrJJZAME', 'textDisplay': 'Antônio Horácio Albuquerque', 'textOriginal': 'Antônio Horácio Albuquerque', 'authorDisplayName': 'Antonio Horácio', 'authorProfileImageUrl': 'https://yt3.ggpht.com/ytc/AGIKgqOPVWA7ts6klTmxsgjJHdytCECa7GA4WGLDbw=s48-c-k-c0x00ffffff-no-rj', 'authorChannelUrl': 'http://www.youtube.com/channel/UCsCl8Gu00m0Mu_HwyTvf6NQ', 'authorChannelId': {'value': 'UCsCl8Gu00m0Mu_HwyTvf6NQ'}, 'canRate': True, 'viewerRating': 'none', 'likeCount': 1, 'publishedAt': '2022-11-01T01:21:41Z', 'updatedAt': '2022-11-01T01:21:41Z'}}, 'canReply': True, 'totalReplyCount': 0, 'isPublic': True}",,UCsCl8Gu00m0Mu_HwyTvf6NQ,2022-11-01T01:21:41Z,Antônio Horácio Albuquerque,QURTSl9pMVJVYVdsakhCSk1FYUk2aTJHa202VEdrRjFYTDllc3RKUTBMRExGeGxSeElUZTF3TlFjZ3dGZl9TdTFDYmZFZWFaNGFiU2Q0SQ==,2023-06-07 12:46:22.499649
youtube#commentThread,Ngu2xd2Un2HjEQolPvIdhJSPR14,UgzSKdRvy4OMfhlRLeJ4AaABAg,"{'videoId': 'XRYjrJJZAME', 'topLevelComment': {'kind': 'youtube#comment', 'etag': 'Vxr1iDVsqnE8RFzmpTN0h6PJwBU', 'id': 'UgzSKdRvy4OMfhlRLeJ4AaABAg', 'snippet': {'videoId': 'XRYjrJJZAME', 'textDisplay': 'Mordaça, tortura e fuzilamento nunca mais. LULA2022!', 'textOriginal': 'Mordaça, tortura e fuzilamento nunca mais. LULA2022!', 'authorDisplayName': 'Damásio Pereira de Castro', 'authorProfileImageUrl': 'https://yt3.ggpht.com/ytc/AGIKgqP-BsvCLbyo17-O8aOz7ca_LTNlDp8wHfJmuA=s48-c-k-c0x00ffffff-no-rj', 'authorChannelUrl': 'http://www.youtube.com/channel/UCbBg21JhE5MGqWYQEu1NCaQ', 'authorChannelId': {'value': 'UCbBg21JhE5MGqWYQEu1NCaQ'}, 'canRate': True, 'viewerRating': 'none', 'likeCount': 0, 'publishedAt': '2022-11-01T01:21:36Z', 'updatedAt': '2022-11-01T01:21:36Z'}}, 'canReply': True, 'totalReplyCount': 0, 'isPublic': True}",,UCbBg21JhE5MGqWYQEu1NCaQ,2022-11-01T01:21:36Z,"Mordaça, tortura e fuzilamento nunca mais. LULA2022!",QURTSl9pMVJVYVdsakhCSk1FYUk2aTJHa202VEdrRjFYTDllc3RKUTBMRExGeGxSeElUZTF3TlFjZ3dGZl9TdTFDYmZFZWFaNGFiU2Q0SQ==,2023-06-07 12:46:22.499649
youtube#commentThread,kFtcK21EOzKevJupGlKb0ceXSzU,Ugw3C0hMfcdBZMcXgOt4AaABAg,"{'videoId': 'XRYjrJJZAME', 'topLevelComment': {'kind': 'youtube#comment', 'etag': '6kDXhu0DphdG2n9gke0IF3fN9jo', 'id': 'Ugw3C0hMfcdBZMcXgOt4AaABAg', 'snippet': {'videoId': 'XRYjrJJZAME', 'textDisplay': 'E ESSE PROCURADOR ARAS, CONIVENTE COM TODOS OS ERROS DO BOZO? QUANDO ELE SERÁ CASSADO E PAGARÁ POR SUA CONIVÊNCIA?', 'textOriginal': 'E ESSE PROCURADOR ARAS, CONIVENTE COM TODOS OS ERROS DO BOZO? QUANDO ELE SERÁ CASSADO E PAGARÁ POR SUA CONIVÊNCIA?', 'authorDisplayName': 'Edemar Mendes', 'authorProfileImageUrl': 'https://yt3.ggpht.com/ytc/AGIKgqOXJGdVlHKEpNR0c6wzY4xhw0XPxxBmCEmGjQ=s48-c-k-c0x00ffffff-no-rj', 'authorChannelUrl': 'http://www.youtube.com/channel/UCMn3Nwg7G75U7l8yvhtqg9A', 'authorChannelId': {'value': 'UCMn3Nwg7G75U7l8yvhtqg9A'}, 'canRate': True, 'viewerRating': 'none', 'likeCount': 0, 'publishedAt': '2022-11-01T01:20:59Z', 'updatedAt': '2022-11-01T01:20:59Z'}}, 'canReply': True, 'totalReplyCount': 0, 'isPublic': True}",,UCMn3Nwg7G75U7l8yvhtqg9A,2022-11-01T01:20:59Z,"E ESSE PROCURADOR ARAS, CONIVENTE COM TODOS OS ERROS DO BOZO? QUANDO ELE SERÁ CASSADO E PAGARÁ POR SUA CONIVÊNCIA?",QURTSl9pMVJVYVdsakhCSk1FYUk2aTJHa202VEdrRjFYTDllc3RKUTBMRExGeGxSeElUZTF3TlFjZ3dGZl9TdTFDYmZFZWFaNGFiU2Q0SQ==,2023-06-07 12:46:22.499649
youtube#commentThread,dV8nMzqXKkk1ORkF1Kea41n-6OU,UgzgaEnov7Hq7EGfzuR4AaABAg,"{'videoId': 'XRYjrJJZAME', 'topLevelComment': {'kind': 'youtube#comment', 'etag': 'nPnMh5hbM1KrQ8-SmuXJDRZ9xso', 'id': 'UgzgaEnov7Hq7EGfzuR4AaABAg', 'snippet': {'videoId': 'XRYjrJJZAME', 'textDisplay': 'Bolsonaro devia ter um pouco de dignidade assumir que perdeu.Agradecer quem votou nele aí os caminhoneiros iam embora não ia ficar atrapalhando a vida dos outros.', 'textOriginal': 'Bolsonaro devia ter um pouco de dignidade assumir que perdeu.Agradecer quem votou nele aí os caminhoneiros iam embora não ia ficar atrapalhando a vida dos outros.', 'authorDisplayName': 'Rosangela Flores', 'authorProfileImageUrl': 'https://yt3.ggpht.com/ytc/AGIKgqNsFXhtW_DRakbnrRyIBkWBQQpqRiRYrE-EXg=s48-c-k-c0x00ffffff-no-rj', 'authorChannelUrl': 'http://www.youtube.com/channel/UC7zy3upSvC8TKe5H8OUBnyg', 'authorChannelId': {'value': 'UC7zy3upSvC8TKe5H8OUBnyg'}, 'canRate': True, 'viewerRating': 'none', 'likeCount': 0, 'publishedAt': '2022-11-01T01:20:51Z', 'updatedAt': '2022-11-01T01:20:51Z'}}, 'canReply': True, 'totalReplyCount': 0, 'isPublic': True}",,UC7zy3upSvC8TKe5H8OUBnyg,2022-11-01T01:20:51Z,Bolsonaro devia ter um pouco de dignidade assumir que perdeu.Agradecer quem votou nele aí os caminhoneiros iam embora não ia ficar atrapalhando a vida dos outros.,QURTSl9pMVJVYVdsakhCSk1FYUk2aTJHa202VEdrRjFYTDllc3RKUTBMRExGeGxSeElUZTF3TlFjZ3dGZl9TdTFDYmZFZWFaNGFiU2Q0SQ==,2023-06-07 12:46:22.499649
youtube#commentThread,Cju4FyXlgpo_IoDLylMSa9q5JWA,Ugzw2Ktu4xwKkCNptEt4AaABAg,"{'videoId': 'XRYjrJJZAME', 'topLevelComment': {'kind': 'youtube#comment', 'etag': 'jw5wgA7uD2eJ2weuxRJeXACabik', 'id': 'Ugzw2Ktu4xwKkCNptEt4AaABAg', 'snippet': {'videoId': 'XRYjrJJZAME', 'textDisplay': 'Pego como exemplo, o rapaz que a PRF matou porque ele estava sem capacete. E o Jefferson,  que  atirou contra a Polícia,  feriu dois, teve até ministro fazendo intervenção. Meu Deus,  o que é isso? Parece um pesadelo...', 'textOriginal': 'Pego como exemplo, o rapaz que a PRF matou porque ele estava sem capacete. E o Jefferson,  que  atirou contra a Polícia,  feriu dois, teve até ministro fazendo intervenção. Meu Deus,  o que é isso? Parece um pesadelo...', 'authorDisplayName': 'CLEIDE FARIA', 'authorProfileImageUrl': 'https://yt3.ggpht.com/ytc/AGIKgqOkpLtzuytbEPs8xCy8pA3oLWGwLRVRV25RwA=s48-c-k-c0x00ffffff-no-rj', 'authorChannelUrl': 'http://www.youtube.com/channel/UCrProwjxPRSXa8Rpa8MEMkw', 'authorChannelId': {'value': 'UCrProwjxPRSXa8Rpa8MEMkw'}, 'canRate': True, 'viewerRating': 'none', 'likeCount': 6, 'publishedAt': '2022-11-01T01:20:47Z', 'updatedAt': '2022-11-01T01:20:47Z'}}, 'canReply': True, 'totalReplyCount': 0, 'isPublic': True}",,UCrProwjxPRSXa8Rpa8MEMkw,2022-11-01T01:20:47Z,"Pego como exemplo, o rapaz que a PRF matou porque ele estava sem capacete. E o Jefferson,  que  atirou contra a Polícia,  feriu dois, teve até ministro fazendo intervenção. Meu Deus,  o que é isso? Parece um pesadelo...",QURTSl9pMVJVYVdsakhCSk1FYUk2aTJHa202VEdrRjFYTDllc3RKUTBMRExGeGxSeElUZTF3TlFjZ3dGZl9TdTFDYmZFZWFaNGFiU2Q0SQ==,2023-06-07 12:46:22.499649
youtube#commentThread,MJ0bySNv63yZjT6TXNa7m2Kt_rY,UgxzDPMbUYeDrOXyBrB4AaABAg,"{'videoId': 'XRYjrJJZAME', 'topLevelComment': {'kind': 'youtube#comment', 'etag': 'giyJiIhUhHW0-avvFdO0rHr3e1A', 'id': 'UgxzDPMbUYeDrOXyBrB4AaABAg', 'snippet': {'videoId': 'XRYjrJJZAME', 'textDisplay': 'A polícia tem que acabar com essa manifestação se fosse por aumento de gasolina ou por corrupção mas não é', 'textOriginal': 'A polícia tem que acabar com essa manifestação se fosse por aumento de gasolina ou por corrupção mas não é', 'authorDisplayName': 'José Garcia', 'authorProfileImageUrl': 'https://yt3.ggpht.com/Q-aUBpNeW6-vWKyKNv9C4tIvc1yu0-EN6jiNWTHXSBCqp3H0e1F_CLAQhAwHpCiG6IrkWzWwxw=s48-c-k-c0x00ffffff-no-rj', 'authorChannelUrl': 'http://www.youtube.com/channel/UCe9bN65lR1Dsc2gedckbh0A', 'authorChannelId': {'value': 'UCe9bN65lR1Dsc2gedckbh0A'}, 'canRate': True, 'viewerRating': 'none', 'likeCount': 1, 'publishedAt': '2022-11-01T01:20:42Z', 'updatedAt': '2022-11-01T01:20:42Z'}}, 'canReply': True, 'totalReplyCount': 0, 'isPublic': True}",,UCe9bN65lR1Dsc2gedckbh0A,2022-11-01T01:20:42Z,A polícia tem que acabar com essa manifestação se fosse por aumento de gasolina ou por corrupção mas não é,QURTSl9pMVJVYVdsakhCSk1FYUk2aTJHa202VEdrRjFYTDllc3RKUTBMRExGeGxSeElUZTF3TlFjZ3dGZl9TdTFDYmZFZWFaNGFiU2Q0SQ==,2023-06-07 12:46:22.499649
youtube#commentThread,0G877omvKXv_Py622Xn9Nw0Re3o,UgzIR83mbgB1xb7JkD94AaABAg,"{'videoId': 'XRYjrJJZAME', 'topLevelComment': {'kind': 'youtube#comment', 'etag': '73b22nV-jbj90RqxRdOH0kaShCA', 'id': 'UgzIR83mbgB1xb7JkD94AaABAg', 'snippet': {'videoId': 'XRYjrJJZAME', 'textDisplay': 'Só envagelico mas tô chateado com envagelico que estão indolatrando presidente eu odeio pai passa mão na cabeça filio', 'textOriginal': 'Só envagelico mas tô chateado com envagelico que estão indolatrando presidente eu odeio pai passa mão na cabeça filio', 'authorDisplayName': 'Gerado', 'authorProfileImageUrl': 'https://yt3.ggpht.com/2VFM-jRE8rEPBN1Vzr7UzTisz46omln3gdmt9CCEfyFb9vXFD5w5k6-hIGFRY_tXyVhkbshE8A=s48-c-k-c0x00ffffff-no-rj', 'authorChannelUrl': 'http://www.youtube.com/channel/UCsYqF0cwWBk1ddNQKt4kYwA', 'authorChannelId': {'value': 'UCsYqF0cwWBk1ddNQKt4kYwA'}, 'canRate': True, 'viewerRating': 'none', 'likeCount': 0, 'publishedAt': '2022-11-01T01:20:40Z', 'updatedAt': '2022-11-01T01:20:40Z'}}, 'canReply': True, 'totalReplyCount': 0, 'isPublic': True}",,UCsYqF0cwWBk1ddNQKt4kYwA,2022-11-01T01:20:40Z,Só envagelico mas tô chateado com envagelico que estão indolatrando presidente eu odeio pai passa mão na cabeça filio,QURTSl9pMVJVYVdsakhCSk1FYUk2aTJHa202VEdrRjFYTDllc3RKUTBMRExGeGxSeElUZTF3TlFjZ3dGZl9TdTFDYmZFZWFaNGFiU2Q0SQ==,2023-06-07 12:46:22.499649
youtube#commentThread,Zh3w2jzcmHp8qqBvdY4Z5aSdzuw,UgydP5ONorXY7DaxQUZ4AaABAg,"{'videoId': 'XRYjrJJZAME', 'topLevelComment': {'kind': 'youtube#comment', 'etag': '64mrhsH0FASHIycHkUM7Ii0SwSQ', 'id': 'UgydP5ONorXY7DaxQUZ4AaABAg', 'snippet': {'videoId': 'XRYjrJJZAME', 'textDisplay': 'Vamos ficar em paz', 'textOriginal': 'Vamos ficar em paz', 'authorDisplayName': 'Maria Trigolo', 'authorProfileImageUrl': 'https://yt3.ggpht.com/ytc/AGIKgqPtHX3tfSnZurQvAwPnnnxnvWgTrwg-nVKNzw=s48-c-k-c0x00ffffff-no-rj', 'authorChannelUrl': 'http://www.youtube.com/channel/UC1JJEVYszyjHcCdsIpAvSBg', 'authorChannelId': {'value': 'UC1JJEVYszyjHcCdsIpAvSBg'}, 'canRate': True, 'viewerRating': 'none', 'likeCount': 0, 'publishedAt': '2022-11-01T01:20:02Z', 'updatedAt': '2022-11-01T01:20:02Z'}}, 'canReply': True, 'totalReplyCount': 0, 'isPublic': True}",,UC1JJEVYszyjHcCdsIpAvSBg,2022-11-01T01:20:02Z,Vamos ficar em paz,QURTSl9pMVJVYVdsakhCSk1FYUk2aTJHa202VEdrRjFYTDllc3RKUTBMRExGeGxSeElUZTF3TlFjZ3dGZl9TdTFDYmZFZWFaNGFiU2Q0SQ==,2023-06-07 12:46:22.499649
youtube#commentThread,ff5ySGEZySRlFT81MqmOMIZV8EI,UgzJbIEu65AYOWhaQvt4AaABAg,"{'videoId': 'XRYjrJJZAME', 'topLevelComment': {'kind': 'youtube#comment', 'etag': 'vP9uawIn4lWo7wnIf7_tdJmQhtI', 'id': 'UgzJbIEu65AYOWhaQvt4AaABAg', 'snippet': {'videoId': 'XRYjrJJZAME', 'textDisplay': 'Eu nunca considerei o bolsonaro como presidente', 'textOriginal': 'Eu nunca considerei o bolsonaro como presidente', 'authorDisplayName': 'José Garcia', 'authorProfileImageUrl': 'https://yt3.ggpht.com/Q-aUBpNeW6-vWKyKNv9C4tIvc1yu0-EN6jiNWTHXSBCqp3H0e1F_CLAQhAwHpCiG6IrkWzWwxw=s48-c-k-c0x00ffffff-no-rj', 'authorChannelUrl': 'http://www.youtube.com/channel/UCe9bN65lR1Dsc2gedckbh0A', 'authorChannelId': {'value': 'UCe9bN65lR1Dsc2gedckbh0A'}, 'canRate': True, 'viewerRating': 'none', 'likeCount': 1, 'publishedAt': '2022-11-01T01:19:57Z', 'updatedAt': '2022-11-01T01:19:57Z'}}, 'canReply': True, 'totalReplyCount': 0, 'isPublic': True}",,UCe9bN65lR1Dsc2gedckbh0A,2022-11-01T01:19:57Z,Eu nunca considerei o bolsonaro como presidente,QURTSl9pMVJVYVdsakhCSk1FYUk2aTJHa202VEdrRjFYTDllc3RKUTBMRExGeGxSeElUZTF3TlFjZ3dGZl9TdTFDYmZFZWFaNGFiU2Q0SQ==,2023-06-07 12:46:22.499649
youtube#commentThread,35LL7AGzOplY25lyoyFl3XI_Fm4,Ugx6LRCnmOZftSvOeuZ4AaABAg,"{'videoId': 'XRYjrJJZAME', 'topLevelComment': {'kind': 'youtube#comment', 'etag': '5oftqeZXvTVC8P5nVZeF5QLn6fI', 'id': 'Ugx6LRCnmOZftSvOeuZ4AaABAg', 'snippet': {'videoId': 'XRYjrJJZAME', 'textDisplay': 'Boa noite jornalistas e comunidade.', 'textOriginal': 'Boa noite jornalistas e comunidade.', 'authorDisplayName': 'Antonio Cortijo', 'authorProfileImageUrl': 'https://yt3.ggpht.com/ytc/AGIKgqOf_4nbvhivDmejQBbNP-i094ixiPYIRo0qK2LXiA=s48-c-k-c0x00ffffff-no-rj', 'authorChannelUrl': 'http://www.youtube.com/channel/UC25TYOUGofAkd1UMaAMa2mg', 'authorChannelId': {'value': 'UC25TYOUGofAkd1UMaAMa2mg'}, 'canRate': True, 'viewerRating': 'none', 'likeCount': 4, 'publishedAt': '2022-11-01T01:19:08Z', 'updatedAt': '2022-11-01T01:19:08Z'}}, 'canReply': True, 'totalReplyCount': 0, 'isPublic': True}",,UC25TYOUGofAkd1UMaAMa2mg,2022-11-01T01:19:08Z,Boa noite jornalistas e comunidade.,QURTSl9pMVJVYVdsakhCSk1FYUk2aTJHa202VEdrRjFYTDllc3RKUTBMRExGeGxSeElUZTF3TlFjZ3dGZl9TdTFDYmZFZWFaNGFiU2Q0SQ==,2023-06-07 12:46:22.499649
youtube#commentThread,NnoWoK3IdR-PXrALT0Meq6NZVhM,UgwJvxAh7VvbhwFdH414AaABAg,"{'videoId': 'XRYjrJJZAME', 'topLevelComment': {'kind': 'youtube#comment', 'etag': 'aTwHDlHsnVB6WeuYqn3A-DJh3eg', 'id': 'UgwJvxAh7VvbhwFdH414AaABAg', 'snippet': {'videoId': 'XRYjrJJZAME', 'textDisplay': 'boa noite PIMENTA...E A JUSTIÇA FARÁ ALGUMA COISA COM ESSE CANALHA-CRIMINOSO?', 'textOriginal': 'boa noite PIMENTA...E A JUSTIÇA FARÁ ALGUMA COISA COM ESSE CANALHA-CRIMINOSO?', 'authorDisplayName': 'Edemar Mendes', 'authorProfileImageUrl': 'https://yt3.ggpht.com/ytc/AGIKgqOXJGdVlHKEpNR0c6wzY4xhw0XPxxBmCEmGjQ=s48-c-k-c0x00ffffff-no-rj', 'authorChannelUrl': 'http://www.youtube.com/channel/UCMn3Nwg7G75U7l8yvhtqg9A', 'authorChannelId': {'value': 'UCMn3Nwg7G75U7l8yvhtqg9A'}, 'canRate': True, 'viewerRating': 'none', 'likeCount': 0, 'publishedAt': '2022-11-01T01:18:15Z', 'updatedAt': '2022-11-01T01:18:15Z'}}, 'canReply': True, 'totalReplyCount': 0, 'isPublic': True}",,UCMn3Nwg7G75U7l8yvhtqg9A,2022-11-01T01:18:15Z,boa noite PIMENTA...E A JUSTIÇA FARÁ ALGUMA COISA COM ESSE CANALHA-CRIMINOSO?,QURTSl9pMVJVYVdsakhCSk1FYUk2aTJHa202VEdrRjFYTDllc3RKUTBMRExGeGxSeElUZTF3TlFjZ3dGZl9TdTFDYmZFZWFaNGFiU2Q0SQ==,2023-06-07 12:46:22.499649
youtube#commentThread,LW4-g4tvuVpM8HIaf7RxAC2dIVg,Ugzg0FLEFtYyt9Ui_wd4AaABAg,"{'videoId': 'XRYjrJJZAME', 'topLevelComment': {'kind': 'youtube#comment', 'etag': '1vknF-t8Nri6skL-DrA_Eye6wmE', 'id': 'Ugzg0FLEFtYyt9Ui_wd4AaABAg', 'snippet': {'videoId': 'XRYjrJJZAME', 'textDisplay': 'Esses caminhoneiros fechando estradas são perigosos e criminosos', 'textOriginal': 'Esses caminhoneiros fechando estradas são perigosos e criminosos', 'authorDisplayName': 'Daniel Barbosa', 'authorProfileImageUrl': 'https://yt3.ggpht.com/ytc/AGIKgqNI3wE6LJEqXv3xZ8arUDOEzM8Ret_OaBCss6pbRiU4hlPq6RmstJI3Taftnx1P=s48-c-k-c0x00ffffff-no-rj', 'authorChannelUrl': 'http://www.youtube.com/channel/UC89Lx71_QShLVUzU82RXhAg', 'authorChannelId': {'value': 'UC89Lx71_QShLVUzU82RXhAg'}, 'canRate': True, 'viewerRating': 'none', 'likeCount': 0, 'publishedAt': '2022-11-01T01:17:16Z', 'updatedAt': '2022-11-01T01:17:16Z'}}, 'canReply': True, 'totalReplyCount': 0, 'isPublic': True}",,UC89Lx71_QShLVUzU82RXhAg,2022-11-01T01:17:16Z,Esses caminhoneiros fechando estradas são perigosos e criminosos,QURTSl9pMVJVYVdsakhCSk1FYUk2aTJHa202VEdrRjFYTDllc3RKUTBMRExGeGxSeElUZTF3TlFjZ3dGZl9TdTFDYmZFZWFaNGFiU2Q0SQ==,2023-06-07 12:46:22.499649
youtube#commentThread,vjF7rsEF_baQFfdpneBC6ZTT03A,UgywI_37wLbebPMseux4AaABAg,"{'videoId': 'XRYjrJJZAME', 'topLevelComment': {'kind': 'youtube#comment', 'etag': 'e1YWAotS08kK0_TCwslue3Ra1_c', 'id': 'UgywI_37wLbebPMseux4AaABAg', 'snippet': {'videoId': 'XRYjrJJZAME', 'textDisplay': 'Aonde Deus põe as mãos o inimigo não ponhe os pés', 'textOriginal': 'Aonde Deus põe as mãos o inimigo não ponhe os pés', 'authorDisplayName': 'Cleusa Santos', 'authorProfileImageUrl': 'https://yt3.ggpht.com/ytc/AGIKgqOZ2mvBH93lb4vD9cVo8O28iCSYNc3Azwp1qw=s48-c-k-c0x00ffffff-no-rj', 'authorChannelUrl': 'http://www.youtube.com/channel/UCS3ixd4j4vCRFVucMpn5Daw', 'authorChannelId': {'value': 'UCS3ixd4j4vCRFVucMpn5Daw'}, 'canRate': True, 'viewerRating': 'none', 'likeCount': 3, 'publishedAt': '2022-11-01T01:17:11Z', 'updatedAt': '2022-11-01T01:17:11Z'}}, 'canReply': True, 'totalReplyCount': 0, 'isPublic': True}",,UCS3ixd4j4vCRFVucMpn5Daw,2022-11-01T01:17:11Z,Aonde Deus põe as mãos o inimigo não ponhe os pés,QURTSl9pMVJVYVdsakhCSk1FYUk2aTJHa202VEdrRjFYTDllc3RKUTBMRExGeGxSeElUZTF3TlFjZ3dGZl9TdTFDYmZFZWFaNGFiU2Q0SQ==,2023-06-07 12:46:22.499649
youtube#commentThread,zEGY_sVo6f3Y-kipvfnVqM4dCms,UgwZJWaJysSRmUoVGgp4AaABAg,"{'videoId': 'XRYjrJJZAME', 'topLevelComment': {'kind': 'youtube#comment', 'etag': 'saEcMLQpupui5BmVKFgK0vJRlPs', 'id': 'UgwZJWaJysSRmUoVGgp4AaABAg', 'snippet': {'videoId': 'XRYjrJJZAME', 'textDisplay': 'companheiro Pimenta não podemos deixar de lembrar dos companheiro que perderam a vida pelos bolsominhos intolerantes...', 'textOriginal': 'companheiro Pimenta não podemos deixar de lembrar dos companheiro que perderam a vida pelos bolsominhos intolerantes...', 'authorDisplayName': 'Alfeu Tramontin', 'authorProfileImageUrl': 'https://yt3.ggpht.com/ytc/AGIKgqO5OKpjgtXN9KFdCVVGwuYOwma0qoxXvOF_l2uI4A=s48-c-k-c0x00ffffff-no-rj', 'authorChannelUrl': 'http://www.youtube.com/channel/UCoUGXQuK33hoak93VulUfwA', 'authorChannelId': {'value': 'UCoUGXQuK33hoak93VulUfwA'}, 'canRate': True, 'viewerRating': 'none', 'likeCount': 1, 'publishedAt': '2022-11-01T01:16:21Z', 'updatedAt': '2022-11-01T01:16:21Z'}}, 'canReply': True, 'totalReplyCount': 0, 'isPublic': True}",,UCoUGXQuK33hoak93VulUfwA,2022-11-01T01:16:21Z,companheiro Pimenta não podemos deixar de lembrar dos companheiro que perderam a vida pelos bolsominhos intolerantes...,QURTSl9pMVJVYVdsakhCSk1FYUk2aTJHa202VEdrRjFYTDllc3RKUTBMRExGeGxSeElUZTF3TlFjZ3dGZl9TdTFDYmZFZWFaNGFiU2Q0SQ==,2023-06-07 12:46:22.499649
youtube#commentThread,UkYfFX2i27sjTu8iDl4_KwsZ7Hw,UgxZ2ApNVDyL1UC-FBF4AaABAg,"{'videoId': 'XRYjrJJZAME', 'topLevelComment': {'kind': 'youtube#comment', 'etag': '-DrAjz-GjjCBBe-HzcNsGLatkms', 'id': 'UgxZ2ApNVDyL1UC-FBF4AaABAg', 'snippet': {'videoId': 'XRYjrJJZAME', 'textDisplay': 'Lula está sendo o primeiro presidente com o terceiro mandato.', 'textOriginal': 'Lula está sendo o primeiro presidente com o terceiro mandato.', 'authorDisplayName': 'Alba Nisia', 'authorProfileImageUrl': 'https://yt3.ggpht.com/ytc/AGIKgqNGxLQvvItxHbX3u4Lpa6MfDUW5lUcAf_1lvQ=s48-c-k-c0x00ffffff-no-rj', 'authorChannelUrl': 'http://www.youtube.com/channel/UCj50yw815nDZ8M4ZFnfLd2w', 'authorChannelId': {'value': 'UCj50yw815nDZ8M4ZFnfLd2w'}, 'canRate': True, 'viewerRating': 'none', 'likeCount': 0, 'publishedAt': '2022-11-01T01:16:11Z', 'updatedAt': '2022-11-01T01:16:11Z'}}, 'canReply': True, 'totalReplyCount': 0, 'isPublic': True}",,UCj50yw815nDZ8M4ZFnfLd2w,2022-11-01T01:16:11Z,Lula está sendo o primeiro presidente com o terceiro mandato.,QURTSl9pMVJVYVdsakhCSk1FYUk2aTJHa202VEdrRjFYTDllc3RKUTBMRExGeGxSeElUZTF3TlFjZ3dGZl9TdTFDYmZFZWFaNGFiU2Q0SQ==,2023-06-07 12:46:22.499649
youtube#commentThread,mt-HTFVgOePC64JPS2v7Kz5Zq6M,UgxhiI9fGp9fGcST3uJ4AaABAg,"{'videoId': 'XRYjrJJZAME', 'topLevelComment': {'kind': 'youtube#comment', 'etag': 'nsIsxUkCwhPt_yDu4xwVP6tEb8E', 'id': 'UgxhiI9fGp9fGcST3uJ4AaABAg', 'snippet': {'videoId': 'XRYjrJJZAME', 'textDisplay': 'bosonarismo tá fechando as estrada tem muta essa debmental', 'textOriginal': 'bosonarismo tá fechando as estrada tem muta essa debmental', 'authorDisplayName': 'Francisco luiz Monte', 'authorProfileImageUrl': 'https://yt3.ggpht.com/ytc/AGIKgqNer_NAvcJnqW_IA3c55yaFepF3aklyk_4YWw=s48-c-k-c0x00ffffff-no-rj', 'authorChannelUrl': 'http://www.youtube.com/channel/UCW-qhgc_bo2SEm7diYsOpCQ', 'authorChannelId': {'value': 'UCW-qhgc_bo2SEm7diYsOpCQ'}, 'canRate': True, 'viewerRating': 'none', 'likeCount': 0, 'publishedAt': '2022-11-01T01:14:52Z', 'updatedAt': '2022-11-01T01:14:52Z'}}, 'canReply': True, 'totalReplyCount': 0, 'isPublic': True}",,UCW-qhgc_bo2SEm7diYsOpCQ,2022-11-01T01:14:52Z,bosonarismo tá fechando as estrada tem muta essa debmental,QURTSl9pMVJVYVdsakhCSk1FYUk2aTJHa202VEdrRjFYTDllc3RKUTBMRExGeGxSeElUZTF3TlFjZ3dGZl9TdTFDYmZFZWFaNGFiU2Q0SQ==,2023-06-07 12:46:22.499649
youtube#commentThread,dLvaW-7ZU4W8gyyDsz7YWzCiNf8,UgxCHS26nS59WPjq2hp4AaABAg,"{'videoId': 'XRYjrJJZAME', 'topLevelComment': {'kind': 'youtube#comment', 'etag': '3E-fKamxggncVP5OVDWFD4JM0zo', 'id': 'UgxCHS26nS59WPjq2hp4AaABAg', 'snippet': {'videoId': 'XRYjrJJZAME', 'textDisplay': 'Eu não tenho dúvida 13', 'textOriginal': 'Eu não tenho dúvida 13', 'authorDisplayName': 'Cleusa Santos', 'authorProfileImageUrl': 'https://yt3.ggpht.com/ytc/AGIKgqOZ2mvBH93lb4vD9cVo8O28iCSYNc3Azwp1qw=s48-c-k-c0x00ffffff-no-rj', 'authorChannelUrl': 'http://www.youtube.com/channel/UCS3ixd4j4vCRFVucMpn5Daw', 'authorChannelId': {'value': 'UCS3ixd4j4vCRFVucMpn5Daw'}, 'canRate': True, 'viewerRating': 'none', 'likeCount': 0, 'publishedAt': '2022-11-01T01:13:23Z', 'updatedAt': '2022-11-01T01:13:23Z'}}, 'canReply': True, 'totalReplyCount': 0, 'isPublic': True}",,UCS3ixd4j4vCRFVucMpn5Daw,2022-11-01T01:13:23Z,Eu não tenho dúvida 13,QURTSl9pMVJVYVdsakhCSk1FYUk2aTJHa202VEdrRjFYTDllc3RKUTBMRExGeGxSeElUZTF3TlFjZ3dGZl9TdTFDYmZFZWFaNGFiU2Q0SQ==,2023-06-07 12:46:22.499649
youtube#commentThread,XdF6nIIm201Mtc1ssEZG4WuK9N4,UgzkVHeaC6l7UHHBrYd4AaABAg,"{'videoId': 'XRYjrJJZAME', 'topLevelComment': {'kind': 'youtube#comment', 'etag': 'GlKcJ7kcC2Blj1AyKbx8H3dCHVs', 'id': 'UgzkVHeaC6l7UHHBrYd4AaABAg', 'snippet': {'videoId': 'XRYjrJJZAME', 'textDisplay': 'Bolsonaro tem que se confirmar', 'textOriginal': 'Bolsonaro tem que se confirmar', 'authorDisplayName': 'Maria José', 'authorProfileImageUrl': 'https://yt3.ggpht.com/ytc/AGIKgqN4QVWZnAdpaPVy0q9BPtc-OE8qKGIYR_-XkQ=s48-c-k-c0x00ffffff-no-rj', 'authorChannelUrl': 'http://www.youtube.com/channel/UC0IT2izQhSPsp4yx3OUrjeQ', 'authorChannelId': {'value': 'UC0IT2izQhSPsp4yx3OUrjeQ'}, 'canRate': True, 'viewerRating': 'none', 'likeCount': 0, 'publishedAt': '2022-11-01T01:13:23Z', 'updatedAt': '2022-11-01T01:13:23Z'}}, 'canReply': True, 'totalReplyCount': 0, 'isPublic': True}",,UC0IT2izQhSPsp4yx3OUrjeQ,2022-11-01T01:13:23Z,Bolsonaro tem que se confirmar,QURTSl9pMVJVYVdsakhCSk1FYUk2aTJHa202VEdrRjFYTDllc3RKUTBMRExGeGxSeElUZTF3TlFjZ3dGZl9TdTFDYmZFZWFaNGFiU2Q0SQ==,2023-06-07 12:46:22.499649
youtube#commentThread,iIZR429ZboKKv3jY7FgYq1Tm8B8,UgxKFc8nLZcxJSysgcl4AaABAg,"{'videoId': 'XRYjrJJZAME', 'topLevelComment': {'kind': 'youtube#comment', 'etag': '-bGt86C9maeOGu87wMz_AtUP5Xg', 'id': 'UgxKFc8nLZcxJSysgcl4AaABAg', 'snippet': {'videoId': 'XRYjrJJZAME', 'textDisplay': 'Estes caminhoneiros são criminosos! Pedem ditadura do exército! Cade a Polícia Rodoviária que não faz nada? Sabe-se que ela é bolsonarista radical, é tudo combinado!', 'textOriginal': 'Estes caminhoneiros são criminosos! Pedem ditadura do exército! Cade a Polícia Rodoviária que não faz nada? Sabe-se que ela é bolsonarista radical, é tudo combinado!', 'authorDisplayName': 'Jose Lucio Correa', 'authorProfileImageUrl': 'https://yt3.ggpht.com/ytc/AGIKgqP7k3sh04idchqHVUX6kY-xht-Q4EtL_awvXMv8=s48-c-k-c0x00ffffff-no-rj', 'authorChannelUrl': 'http://www.youtube.com/channel/UCsUfzZP-2sOR46zT2JhjE2Q', 'authorChannelId': {'value': 'UCsUfzZP-2sOR46zT2JhjE2Q'}, 'canRate': True, 'viewerRating': 'none', 'likeCount': 0, 'publishedAt': '2022-11-01T01:12:43Z', 'updatedAt': '2022-11-01T01:12:43Z'}}, 'canReply': True, 'totalReplyCount': 0, 'isPublic': True}",,UCsUfzZP-2sOR46zT2JhjE2Q,2022-11-01T01:12:43Z,"Estes caminhoneiros são criminosos! Pedem ditadura do exército! Cade a Polícia Rodoviária que não faz nada? Sabe-se que ela é bolsonarista radical, é tudo combinado!",QURTSl9pMVJVYVdsakhCSk1FYUk2aTJHa202VEdrRjFYTDllc3RKUTBMRExGeGxSeElUZTF3TlFjZ3dGZl9TdTFDYmZFZWFaNGFiU2Q0SQ==,2023-06-07 12:46:22.499649
youtube#commentThread,AyDqMEcB3nRhqCwQOu81yuC_Lx8,UgzcM8efLGqSyTGn3Xl4AaABAg,"{'videoId': 'XRYjrJJZAME', 'topLevelComment': {'kind': 'youtube#comment', 'etag': 'SjdwvkMnoxN6naHFqb0_owxNfkU', 'id': 'UgzcM8efLGqSyTGn3Xl4AaABAg', 'snippet': {'videoId': 'XRYjrJJZAME', 'textDisplay': 'Bolsonaro insufla movimento terrorista para não reconhecer a derrota eleitoral!', 'textOriginal': 'Bolsonaro insufla movimento terrorista para não reconhecer a derrota eleitoral!', 'authorDisplayName': 'Maria Helena', 'authorProfileImageUrl': 'https://yt3.ggpht.com/ytc/AGIKgqNTT3Z05RxMBoSYZCDAKw4zcB8deC4L8WvGQRcQYHA=s48-c-k-c0x00ffffff-no-rj', 'authorChannelUrl': 'http://www.youtube.com/channel/UCU2yaP1W8jDciV6ReLDOirg', 'authorChannelId': {'value': 'UCU2yaP1W8jDciV6ReLDOirg'}, 'canRate': True, 'viewerRating': 'none', 'likeCount': 0, 'publishedAt': '2022-11-01T01:12:42Z', 'updatedAt': '2022-11-01T01:12:42Z'}}, 'canReply': True, 'totalReplyCount': 0, 'isPublic': True}",,UCU2yaP1W8jDciV6ReLDOirg,2022-11-01T01:12:42Z,Bolsonaro insufla movimento terrorista para não reconhecer a derrota eleitoral!,QURTSl9pMVJVYVdsakhCSk1FYUk2aTJHa202VEdrRjFYTDllc3RKUTBMRExGeGxSeElUZTF3TlFjZ3dGZl9TdTFDYmZFZWFaNGFiU2Q0SQ==,2023-06-07 12:46:22.499649
youtube#commentThread,hQaQBsGRt3dQ9uoLZvo8cN6LnN8,Ugw4t3PIdTpW4Ux1iGh4AaABAg,"{'videoId': 'XRYjrJJZAME', 'topLevelComment': {'kind': 'youtube#comment', 'etag': 'pAwweGMy2OzFPxKdBvzbAsRRIXQ', 'id': 'Ugw4t3PIdTpW4Ux1iGh4AaABAg', 'snippet': {'videoId': 'XRYjrJJZAME', 'textDisplay': 'Parabéns Deputado Pimenta,por nós representar,com coragem e dedicação.Abraco', 'textOriginal': 'Parabéns Deputado Pimenta,por nós representar,com coragem e dedicação.Abraco', 'authorDisplayName': 'gilberto prestes araujo', 'authorProfileImageUrl': 'https://yt3.ggpht.com/ytc/AGIKgqMeApNjbgukWe3TR-mpGRIx5nnBx0B53iI0GQ=s48-c-k-c0x00ffffff-no-rj', 'authorChannelUrl': 'http://www.youtube.com/channel/UCLFzBTsaMDDAvg5VfuuMyUg', 'authorChannelId': {'value': 'UCLFzBTsaMDDAvg5VfuuMyUg'}, 'canRate': True, 'viewerRating': 'none', 'likeCount': 2, 'publishedAt': '2022-11-01T01:12:18Z', 'updatedAt': '2022-11-01T01:12:18Z'}}, 'canReply': True, 'totalReplyCount': 0, 'isPublic': True}",,UCLFzBTsaMDDAvg5VfuuMyUg,2022-11-01T01:12:18Z,"Parabéns Deputado Pimenta,por nós representar,com coragem e dedicação.Abraco",QURTSl9pMVJVYVdsakhCSk1FYUk2aTJHa202VEdrRjFYTDllc3RKUTBMRExGeGxSeElUZTF3TlFjZ3dGZl9TdTFDYmZFZWFaNGFiU2Q0SQ==,2023-06-07 12:46:22.499649
youtube#commentThread,_tO-112M9ltCAoXiSW37FHlrFws,UgwLKqeGeWP9VnW1jG94AaABAg,"{'videoId': 'XRYjrJJZAME', 'topLevelComment': {'kind': 'youtube#comment', 'etag': 'nHCDEfKfX3BD9KcPqB5E89Sp_F0', 'id': 'UgwLKqeGeWP9VnW1jG94AaABAg', 'snippet': {'videoId': 'XRYjrJJZAME', 'textDisplay': 'Amém', 'textOriginal': 'Amém', 'authorDisplayName': 'Ligia Rapozo', 'authorProfileImageUrl': 'https://yt3.ggpht.com/ytc/AGIKgqN2LfOGCkWNzJ2NMG0P9gsvMnvV-PltNJx0yA=s48-c-k-c0x00ffffff-no-rj', 'authorChannelUrl': 'http://www.youtube.com/channel/UCJ22AO1t6DUh4qWDjzLMX8Q', 'authorChannelId': {'value': 'UCJ22AO1t6DUh4qWDjzLMX8Q'}, 'canRate': True, 'viewerRating': 'none', 'likeCount': 0, 'publishedAt': '2022-11-01T01:12:07Z', 'updatedAt': '2022-11-01T01:12:07Z'}}, 'canReply': True, 'totalReplyCount': 0, 'isPublic': True}",,UCJ22AO1t6DUh4qWDjzLMX8Q,2022-11-01T01:12:07Z,Amém,QURTSl9pMVJVYVdsakhCSk1FYUk2aTJHa202VEdrRjFYTDllc3RKUTBMRExGeGxSeElUZTF3TlFjZ3dGZl9TdTFDYmZFZWFaNGFiU2Q0SQ==,2023-06-07 12:46:22.499649
youtube#commentThread,X3QPmZUzhVbQ-F4AC8nHdKtefRI,Ugybgp6eLQvGWpuKdmB4AaABAg,"{'videoId': 'XRYjrJJZAME', 'topLevelComment': {'kind': 'youtube#comment', 'etag': 'vhlj8nQXeBanJFJYyCLwxNyJIdU', 'id': 'Ugybgp6eLQvGWpuKdmB4AaABAg', 'snippet': {'videoId': 'XRYjrJJZAME', 'textDisplay': 'Nós assentamento  não esquece  nós  Lula', 'textOriginal': 'Nós assentamento  não esquece  nós  Lula', 'authorDisplayName': 'Rosa Galvao De Araujo', 'authorProfileImageUrl': 'https://yt3.ggpht.com/ytc/AGIKgqMenqx6tbHwGYyVYe5lWCeOnVSrkkLn69vFyA=s48-c-k-c0x00ffffff-no-rj', 'authorChannelUrl': 'http://www.youtube.com/channel/UCjxQL6YkTCcEpt4tc-DfuwQ', 'authorChannelId': {'value': 'UCjxQL6YkTCcEpt4tc-DfuwQ'}, 'canRate': True, 'viewerRating': 'none', 'likeCount': 0, 'publishedAt': '2022-11-01T01:10:49Z', 'updatedAt': '2022-11-01T01:10:49Z'}}, 'canReply': True, 'totalReplyCount': 0, 'isPublic': True}",,UCjxQL6YkTCcEpt4tc-DfuwQ,2022-11-01T01:10:49Z,Nós assentamento  não esquece  nós  Lula,QURTSl9pMVJVYVdsakhCSk1FYUk2aTJHa202VEdrRjFYTDllc3RKUTBMRExGeGxSeElUZTF3TlFjZ3dGZl9TdTFDYmZFZWFaNGFiU2Q0SQ==,2023-06-07 12:46:22.499649
youtube#commentThread,5w54sj3DYUnHF-KqF5ZBy-Mmhto,UgyL30OKPXFs7_6pFW14AaABAg,"{'videoId': 'XRYjrJJZAME', 'topLevelComment': {'kind': 'youtube#comment', 'etag': '_3j6-1iIfw1NlP8nnG8ZKdxmb44', 'id': 'UgyL30OKPXFs7_6pFW14AaABAg', 'snippet': {'videoId': 'XRYjrJJZAME', 'textDisplay': 'Desde que eles falaram que ia começar eu falei que o genocida milicianos está por trás de tudo isso !!!quem mandou ser incompetente não governou por igual para todos estava tirando dos pobres para dar aos ricos !😭😴 Já o lulinhaaaaaaaaaaaaa vai governar para todos em nome de Jesus amém obrigada meu amigo pelas orientações 🙌🙌🙌🙏🙏🙏', 'textOriginal': 'Desde que eles falaram que ia começar eu falei que o genocida milicianos está por trás de tudo isso !!!quem mandou ser incompetente não governou por igual para todos estava tirando dos pobres para dar aos ricos !😭😴 Já o lulinhaaaaaaaaaaaaa vai governar para todos em nome de Jesus amém obrigada meu amigo pelas orientações 🙌🙌🙌🙏🙏🙏', 'authorDisplayName': 'Maria Fatima', 'authorProfileImageUrl': 'https://yt3.ggpht.com/ytc/AGIKgqMzrg44BWG5a2RsDbZ0Pva5PcIwaRIWkDAInw=s48-c-k-c0x00ffffff-no-rj', 'authorChannelUrl': 'http://www.youtube.com/channel/UCbjiCPxfOtC4M1RgODiQaJw', 'authorChannelId': {'value': 'UCbjiCPxfOtC4M1RgODiQaJw'}, 'canRate': True, 'viewerRating': 'none', 'likeCount': 0, 'publishedAt': '2022-11-01T01:10:16Z', 'updatedAt': '2022-11-01T01:10:16Z'}}, 'canReply': True, 'totalReplyCount': 0, 'isPublic': True}",,UCbjiCPxfOtC4M1RgODiQaJw,2022-11-01T01:10:16Z,Desde que eles falaram que ia começar eu falei que o genocida milicianos está por trás de tudo isso !!!quem mandou ser incompetente não governou por igual para todos estava tirando dos pobres para dar aos ricos !😭😴 Já o lulinhaaaaaaaaaaaaa vai governar para todos em nome de Jesus amém obrigada meu amigo pelas orientações 🙌🙌🙌🙏🙏🙏,QURTSl9pMVJVYVdsakhCSk1FYUk2aTJHa202VEdrRjFYTDllc3RKUTBMRExGeGxSeElUZTF3TlFjZ3dGZl9TdTFDYmZFZWFaNGFiU2Q0SQ==,2023-06-07 12:46:22.499649
youtube#commentThread,cO6HKv7c9FuqUb4FgEtJf9-roEQ,UgxbMrQsUIHIngQQakZ4AaABAg,"{'videoId': 'XRYjrJJZAME', 'topLevelComment': {'kind': 'youtube#comment', 'etag': 'bdxwhHw7Mdd0uELTIPQrytZyo28', 'id': 'UgxbMrQsUIHIngQQakZ4AaABAg', 'snippet': {'videoId': 'XRYjrJJZAME', 'textDisplay': 'Bozo e família tem que ser investigado', 'textOriginal': 'Bozo e família tem que ser investigado', 'authorDisplayName': 'Nilde Goes', 'authorProfileImageUrl': 'https://yt3.ggpht.com/ytc/AGIKgqOJ_P2s0bjHwZ7h4FBNyIP1tUK1SjUV54gUyA=s48-c-k-c0x00ffffff-no-rj', 'authorChannelUrl': 'http://www.youtube.com/channel/UC682RN5JqPytjtV-iyM8aIA', 'authorChannelId': {'value': 'UC682RN5JqPytjtV-iyM8aIA'}, 'canRate': True, 'viewerRating': 'none', 'likeCount': 0, 'publishedAt': '2022-11-01T01:09:51Z', 'updatedAt': '2022-11-01T01:09:51Z'}}, 'canReply': True, 'totalReplyCount': 0, 'isPublic': True}",,UC682RN5JqPytjtV-iyM8aIA,2022-11-01T01:09:51Z,Bozo e família tem que ser investigado,QURTSl9pMVJVYVdsakhCSk1FYUk2aTJHa202VEdrRjFYTDllc3RKUTBMRExGeGxSeElUZTF3TlFjZ3dGZl9TdTFDYmZFZWFaNGFiU2Q0SQ==,2023-06-07 12:46:22.499649
youtube#commentThread,sbkHlbIiZeD5GFnEbIkjVHDY1-g,UgzCwWQux_bOy7-uvEZ4AaABAg,"{'videoId': 'XRYjrJJZAME', 'topLevelComment': {'kind': 'youtube#comment', 'etag': 'OAw0yik-kvRtLTJBT2obOKPLtO0', 'id': 'UgzCwWQux_bOy7-uvEZ4AaABAg', 'snippet': {'videoId': 'XRYjrJJZAME', 'textDisplay': 'Oi boa  noite o Alexandre de Morais não  vai tomar prividencias ? Por favor bjso', 'textOriginal': 'Oi boa  noite o Alexandre de Morais não  vai tomar prividencias ? Por favor bjso', 'authorDisplayName': 'Marici Goncalves', 'authorProfileImageUrl': 'https://yt3.ggpht.com/ytc/AGIKgqMYAIeae5bySeLz2JhH_3sN0h1Azh9sDNXaUg=s48-c-k-c0x00ffffff-no-rj', 'authorChannelUrl': 'http://www.youtube.com/channel/UCcxXMe147_H-7wRsnDo8Fuw', 'authorChannelId': {'value': 'UCcxXMe147_H-7wRsnDo8Fuw'}, 'canRate': True, 'viewerRating': 'none', 'likeCount': 1, 'publishedAt': '2022-11-01T01:09:48Z', 'updatedAt': '2022-11-01T01:09:48Z'}}, 'canReply': True, 'totalReplyCount': 0, 'isPublic': True}",,UCcxXMe147_H-7wRsnDo8Fuw,2022-11-01T01:09:48Z,Oi boa  noite o Alexandre de Morais não  vai tomar prividencias ? Por favor bjso,QURTSl9pMVJVYVdsakhCSk1FYUk2aTJHa202VEdrRjFYTDllc3RKUTBMRExGeGxSeElUZTF3TlFjZ3dGZl9TdTFDYmZFZWFaNGFiU2Q0SQ==,2023-06-07 12:46:22.499649
youtube#commentThread,Ldf47yIon2tsXqbL39SAsnG7HWw,Ugyp8jUEN0Is3uuwHf54AaABAg,"{'videoId': 'XRYjrJJZAME', 'topLevelComment': {'kind': 'youtube#comment', 'etag': 'pSrjy4EIaTX2sZeOrHNlVEgqGEI', 'id': 'Ugyp8jUEN0Is3uuwHf54AaABAg', 'snippet': {'videoId': 'XRYjrJJZAME', 'textDisplay': 'O amor venceu o odio', 'textOriginal': 'O amor venceu o odio', 'authorDisplayName': 'Sandra Comicholli', 'authorProfileImageUrl': 'https://yt3.ggpht.com/ytc/AGIKgqO75OInkj39CZCoG_FmYmsIT6knDGteLLdhOA=s48-c-k-c0x00ffffff-no-rj', 'authorChannelUrl': 'http://www.youtube.com/channel/UCdtiQCmNQxb1tVB5n8YzrNQ', 'authorChannelId': {'value': 'UCdtiQCmNQxb1tVB5n8YzrNQ'}, 'canRate': True, 'viewerRating': 'none', 'likeCount': 4, 'publishedAt': '2022-11-01T01:09:42Z', 'updatedAt': '2022-11-01T01:09:42Z'}}, 'canReply': True, 'totalReplyCount': 0, 'isPublic': True}",,UCdtiQCmNQxb1tVB5n8YzrNQ,2022-11-01T01:09:42Z,O amor venceu o odio,QURTSl9pMVJVYVdsakhCSk1FYUk2aTJHa202VEdrRjFYTDllc3RKUTBMRExGeGxSeElUZTF3TlFjZ3dGZl9TdTFDYmZFZWFaNGFiU2Q0SQ==,2023-06-07 12:46:22.499649
youtube#commentThread,nCYpC4b0nSdpMdC_ysXnAsXkQ3U,UgyX34vEBAe7lyL6T3J4AaABAg,"{'videoId': 'XRYjrJJZAME', 'topLevelComment': {'kind': 'youtube#comment', 'etag': 'tsRDCVHT8daFTlqie3kQO_6jPJE', 'id': 'UgyX34vEBAe7lyL6T3J4AaABAg', 'snippet': {'videoId': 'XRYjrJJZAME', 'textDisplay': 'Não dá pra esperar nada desse governo, são uns covardes e todo esse ódio sem sentindo .', 'textOriginal': 'Não dá pra esperar nada desse governo, são uns covardes e todo esse ódio sem sentindo .', 'authorDisplayName': 'Milene Canuto', 'authorProfileImageUrl': 'https://yt3.ggpht.com/p9wOoHAZIgi9udVbkZnUR492CR3L9jinrDlkcREGC5hg8DhmxifmKsppYzAmdkFxfdO0OhKLyU4=s48-c-k-c0x00ffffff-no-rj', 'authorChannelUrl': 'http://www.youtube.com/channel/UCa5oMegO9R33vgXfpWPjBcg', 'authorChannelId': {'value': 'UCa5oMegO9R33vgXfpWPjBcg'}, 'canRate': True, 'viewerRating': 'none', 'likeCount': 0, 'publishedAt': '2022-11-01T01:09:28Z', 'updatedAt': '2022-11-01T01:09:28Z'}}, 'canReply': True, 'totalReplyCount': 0, 'isPublic': True}",,UCa5oMegO9R33vgXfpWPjBcg,2022-11-01T01:09:28Z,"Não dá pra esperar nada desse governo, são uns covardes e todo esse ódio sem sentindo .",QURTSl9pMVJVYVdsakhCSk1FYUk2aTJHa202VEdrRjFYTDllc3RKUTBMRExGeGxSeElUZTF3TlFjZ3dGZl9TdTFDYmZFZWFaNGFiU2Q0SQ==,2023-06-07 12:46:22.499649
youtube#commentThread,UbY55iZaT92PBXwFa9zQEhTopQ4,Ugx6luPASiOB8BZkngl4AaABAg,"{'videoId': 'XRYjrJJZAME', 'topLevelComment': {'kind': 'youtube#comment', 'etag': '6jrjJkuNBD_YQkrtq227jksoFFU', 'id': 'Ugx6luPASiOB8BZkngl4AaABAg', 'snippet': {'videoId': 'XRYjrJJZAME', 'textDisplay': 'Para mim Bolsonaro é um Maltito nogento tem com ele o próprio Demônio esse cara não merece ninguém por perto dele foi repudiado por todo o planeta Terra esse sentimento é O que eu sinto profundo e sofrido nunca deu uma resposta com seriedade e educacaote nunca eu vi ele fazer uma pergunta com seriedade educação e respeito esse aí é um ovo do diabo', 'textOriginal': 'Para mim Bolsonaro é um Maltito nogento tem com ele o próprio Demônio esse cara não merece ninguém por perto dele foi repudiado por todo o planeta Terra esse sentimento é O que eu sinto profundo e sofrido nunca deu uma resposta com seriedade e educacaote nunca eu vi ele fazer uma pergunta com seriedade educação e respeito esse aí é um ovo do diabo', 'authorDisplayName': 'Ines Almeida', 'authorProfileImageUrl': 'https://yt3.ggpht.com/ytc/AGIKgqPq3Gqr6ClZa0d6ut6XP26TwsmUFgwAW1RZkA=s48-c-k-c0x00ffffff-no-rj', 'authorChannelUrl': 'http://www.youtube.com/channel/UCiocTEetknX-WbQmJNqcUxw', 'authorChannelId': {'value': 'UCiocTEetknX-WbQmJNqcUxw'}, 'canRate': True, 'viewerRating': 'none', 'likeCount': 0, 'publishedAt': '2022-11-01T01:09:27Z', 'updatedAt': '2022-11-01T01:09:27Z'}}, 'canReply': True, 'totalReplyCount': 0, 'isPublic': True}",,UCiocTEetknX-WbQmJNqcUxw,2022-11-01T01:09:27Z,Para mim Bolsonaro é um Maltito nogento tem com ele o próprio Demônio esse cara não merece ninguém por perto dele foi repudiado por todo o planeta Terra esse sentimento é O que eu sinto profundo e sofrido nunca deu uma resposta com seriedade e educacaote nunca eu vi ele fazer uma pergunta com seriedade educação e respeito esse aí é um ovo do diabo,QURTSl9pMVJVYVdsakhCSk1FYUk2aTJHa202VEdrRjFYTDllc3RKUTBMRExGeGxSeElUZTF3TlFjZ3dGZl9TdTFDYmZFZWFaNGFiU2Q0SQ==,2023-06-07 12:46:22.499649
youtube#commentThread,NYraatSOe8RuIvSAOMnUdTj2svI,Ugx56ZcJMud9meoAdmd4AaABAg,"{'videoId': 'XRYjrJJZAME', 'topLevelComment': {'kind': 'youtube#comment', 'etag': 'AYhhDxYrweQ90gPliM5uXQJMVv0', 'id': 'Ugx56ZcJMud9meoAdmd4AaABAg', 'snippet': {'videoId': 'XRYjrJJZAME', 'textDisplay': 'Boa  noite   Paulo  pimenta  e  às  pessoas  estão  sendo  usadas  para  massa  de manobra  lamentável  .', 'textOriginal': 'Boa  noite   Paulo  pimenta  e  às  pessoas  estão  sendo  usadas  para  massa  de manobra  lamentável  .', 'authorDisplayName': 'Joaquim Andrade', 'authorProfileImageUrl': 'https://yt3.ggpht.com/ytc/AGIKgqPXZkrjIgM6esmLRvBK6aFUo-rGE6A9kKclmoN4e3XrKMAIqFLdM7ALlJo4X9yj=s48-c-k-c0x00ffffff-no-rj', 'authorChannelUrl': 'http://www.youtube.com/channel/UC-RLTPrTmGqS-JL-cphC7gw', 'authorChannelId': {'value': 'UC-RLTPrTmGqS-JL-cphC7gw'}, 'canRate': True, 'viewerRating': 'none', 'likeCount': 0, 'publishedAt': '2022-11-01T01:09:24Z', 'updatedAt': '2022-11-01T01:09:24Z'}}, 'canReply': True, 'totalReplyCount': 0, 'isPublic': True}",,UC-RLTPrTmGqS-JL-cphC7gw,2022-11-01T01:09:24Z,Boa  noite   Paulo  pimenta  e  às  pessoas  estão  sendo  usadas  para  massa  de manobra  lamentável  .,QURTSl9pMVJVYVdsakhCSk1FYUk2aTJHa202VEdrRjFYTDllc3RKUTBMRExGeGxSeElUZTF3TlFjZ3dGZl9TdTFDYmZFZWFaNGFiU2Q0SQ==,2023-06-07 12:46:22.499649
youtube#commentThread,idoUT38UJ5tu3WJ1_SIiMZAKPPU,UgycOHZsjxeZfPUBc6x4AaABAg,"{'videoId': 'XRYjrJJZAME', 'topLevelComment': {'kind': 'youtube#comment', 'etag': 'MNvwbxKVgN2160elaAbwPt80KBM', 'id': 'UgycOHZsjxeZfPUBc6x4AaABAg', 'snippet': {'videoId': 'XRYjrJJZAME', 'textDisplay': 'Boa noite. eles são assim  mesmos,eles sa antidemocráticos,  são igual ao  presidente,  esses bando de  fanático.', 'textOriginal': 'Boa noite. eles são assim  mesmos,eles sa antidemocráticos,  são igual ao  presidente,  esses bando de  fanático.', 'authorDisplayName': 'Joseilton de Morais Zeilton', 'authorProfileImageUrl': 'https://yt3.ggpht.com/ytc/AGIKgqMApj1GsvxSLClY3Cy9c6DD8mVh6ae2F8p8OKMWBc6AKNy3Jqftki-MSRzhw1mn=s48-c-k-c0x00ffffff-no-rj', 'authorChannelUrl': 'http://www.youtube.com/channel/UCjI8pLHjWRXEgtJhfNyJCYg', 'authorChannelId': {'value': 'UCjI8pLHjWRXEgtJhfNyJCYg'}, 'canRate': True, 'viewerRating': 'none', 'likeCount': 0, 'publishedAt': '2022-11-01T01:09:08Z', 'updatedAt': '2022-11-01T01:09:08Z'}}, 'canReply': True, 'totalReplyCount': 0, 'isPublic': True}",,UCjI8pLHjWRXEgtJhfNyJCYg,2022-11-01T01:09:08Z,"Boa noite. eles são assim  mesmos,eles sa antidemocráticos,  são igual ao  presidente,  esses bando de  fanático.",QURTSl9pMVJVYVdsakhCSk1FYUk2aTJHa202VEdrRjFYTDllc3RKUTBMRExGeGxSeElUZTF3TlFjZ3dGZl9TdTFDYmZFZWFaNGFiU2Q0SQ==,2023-06-07 12:46:22.499649
youtube#commentThread,iPRmeXJCxmR-PeA2bu-cE-10_jU,Ugwbh5MBke2qyEvsbDZ4AaABAg,"{'videoId': 'XRYjrJJZAME', 'topLevelComment': {'kind': 'youtube#comment', 'etag': '_ZYZ5Dw_CX-XTvBsl9Ndxlu07n8', 'id': 'Ugwbh5MBke2qyEvsbDZ4AaABAg', 'snippet': {'videoId': 'XRYjrJJZAME', 'textDisplay': 'Bolsonaro é um bandido', 'textOriginal': 'Bolsonaro é um bandido', 'authorDisplayName': 'Conhecimentos', 'authorProfileImageUrl': 'https://yt3.ggpht.com/dy4MPgR8viGdCQZy36UNdYedEi3Pc-MCpFz8HO4FseMVqLjkVQgbvpU10r-W5x1WTzgtulBCtA=s48-c-k-c0x00ffffff-no-rj', 'authorChannelUrl': 'http://www.youtube.com/channel/UCQV3r-vlATDqPYIh2rtbQsw', 'authorChannelId': {'value': 'UCQV3r-vlATDqPYIh2rtbQsw'}, 'canRate': True, 'viewerRating': 'none', 'likeCount': 0, 'publishedAt': '2022-11-01T01:09:07Z', 'updatedAt': '2022-11-01T01:09:07Z'}}, 'canReply': True, 'totalReplyCount': 0, 'isPublic': True}",,UCQV3r-vlATDqPYIh2rtbQsw,2022-11-01T01:09:07Z,Bolsonaro é um bandido,QURTSl9pMVJVYVdsakhCSk1FYUk2aTJHa202VEdrRjFYTDllc3RKUTBMRExGeGxSeElUZTF3TlFjZ3dGZl9TdTFDYmZFZWFaNGFiU2Q0SQ==,2023-06-07 12:46:22.499649
youtube#commentThread,DqBRvg7DNiyMA8JBfSkmFz4t63E,UgwyhJzMkT3096YBNH94AaABAg,"{'videoId': 'XRYjrJJZAME', 'topLevelComment': {'kind': 'youtube#comment', 'etag': 'wgh1Ksw0N1nCBACWoXaa5IlaMeA', 'id': 'UgwyhJzMkT3096YBNH94AaABAg', 'snippet': {'videoId': 'XRYjrJJZAME', 'textDisplay': 'KD o STF?', 'textOriginal': 'KD o STF?', 'authorDisplayName': 'Beatriz Wiermann', 'authorProfileImageUrl': 'https://yt3.ggpht.com/dFV0E_MN9OIEDHmatC7uF3Y7OUIxCqo8bFfwYDA9pJ9cNMG8i9_Swo4TDLMjR8bYDbAB07bj=s48-c-k-c0x00ffffff-no-rj', 'authorChannelUrl': 'http://www.youtube.com/channel/UCtAOKeZW7CSVecRLi42hLKw', 'authorChannelId': {'value': 'UCtAOKeZW7CSVecRLi42hLKw'}, 'canRate': True, 'viewerRating': 'none', 'likeCount': 0, 'publishedAt': '2022-11-01T01:08:54Z', 'updatedAt': '2022-11-01T01:08:54Z'}}, 'canReply': True, 'totalReplyCount': 0, 'isPublic': True}",,UCtAOKeZW7CSVecRLi42hLKw,2022-11-01T01:08:54Z,KD o STF?,QURTSl9pMVJVYVdsakhCSk1FYUk2aTJHa202VEdrRjFYTDllc3RKUTBMRExGeGxSeElUZTF3TlFjZ3dGZl9TdTFDYmZFZWFaNGFiU2Q0SQ==,2023-06-07 12:46:22.499649
youtube#commentThread,5snL5LwIfGa19tbvWLRMqtBHc7k,UgzM4NfsbL0wewXjrXl4AaABAg,"{'videoId': 'XRYjrJJZAME', 'topLevelComment': {'kind': 'youtube#comment', 'etag': 'H1_g0FygNkUHO5f2Th1lgMUe5MM', 'id': 'UgzM4NfsbL0wewXjrXl4AaABAg', 'snippet': {'videoId': 'XRYjrJJZAME', 'textDisplay': 'Fatosvsão fatos.Gratidão.', 'textOriginal': 'Fatosvsão fatos.Gratidão.', 'authorDisplayName': 'Maria do Carmo Duarte Campos', 'authorProfileImageUrl': 'https://yt3.ggpht.com/ytc/AGIKgqN2z-62bior-HNGxkWry3pss_Ya9aT4DbWq9ai2=s48-c-k-c0x00ffffff-no-rj', 'authorChannelUrl': 'http://www.youtube.com/channel/UCGOVFXiHiO4GRp-nKA88ZOQ', 'authorChannelId': {'value': 'UCGOVFXiHiO4GRp-nKA88ZOQ'}, 'canRate': True, 'viewerRating': 'none', 'likeCount': 1, 'publishedAt': '2022-11-01T01:08:48Z', 'updatedAt': '2022-11-01T01:08:48Z'}}, 'canReply': True, 'totalReplyCount': 0, 'isPublic': True}",,UCGOVFXiHiO4GRp-nKA88ZOQ,2022-11-01T01:08:48Z,Fatosvsão fatos.Gratidão.,QURTSl9pMVJVYVdsakhCSk1FYUk2aTJHa202VEdrRjFYTDllc3RKUTBMRExGeGxSeElUZTF3TlFjZ3dGZl9TdTFDYmZFZWFaNGFiU2Q0SQ==,2023-06-07 12:46:22.499649
youtube#commentThread,YjKbGJiT3VbDmttQGayczf8RBGo,Ugw7p67Mc1qszc6AgUZ4AaABAg,"{'videoId': 'XRYjrJJZAME', 'topLevelComment': {'kind': 'youtube#comment', 'etag': '4XC57Rb82jha__1jcELKCiZ2Ylk', 'id': 'Ugw7p67Mc1qszc6AgUZ4AaABAg', 'snippet': {'videoId': 'XRYjrJJZAME', 'textDisplay': 'Verdade', 'textOriginal': 'Verdade', 'authorDisplayName': 'Rosa Galvao De Araujo', 'authorProfileImageUrl': 'https://yt3.ggpht.com/ytc/AGIKgqMenqx6tbHwGYyVYe5lWCeOnVSrkkLn69vFyA=s48-c-k-c0x00ffffff-no-rj', 'authorChannelUrl': 'http://www.youtube.com/channel/UCjxQL6YkTCcEpt4tc-DfuwQ', 'authorChannelId': {'value': 'UCjxQL6YkTCcEpt4tc-DfuwQ'}, 'canRate': True, 'viewerRating': 'none', 'likeCount': 0, 'publishedAt': '2022-11-01T01:08:48Z', 'updatedAt': '2022-11-01T01:08:48Z'}}, 'canReply': True, 'totalReplyCount': 0, 'isPublic': True}",,UCjxQL6YkTCcEpt4tc-DfuwQ,2022-11-01T01:08:48Z,Verdade,QURTSl9pMVJVYVdsakhCSk1FYUk2aTJHa202VEdrRjFYTDllc3RKUTBMRExGeGxSeElUZTF3TlFjZ3dGZl9TdTFDYmZFZWFaNGFiU2Q0SQ==,2023-06-07 12:46:22.499649
youtube#commentThread,9I-_z6jOsc6r6rTeHo67S4C921Y,UgyyqCEiSueQOu8aKsd4AaABAg,"{'videoId': 'XRYjrJJZAME', 'topLevelComment': {'kind': 'youtube#comment', 'etag': 'DSiffWYfh_kTbQw94TimksuG0So', 'id': 'UgyyqCEiSueQOu8aKsd4AaABAg', 'snippet': {'videoId': 'XRYjrJJZAME', 'textDisplay': 'Queremos paz e não guerra', 'textOriginal': 'Queremos paz e não guerra', 'authorDisplayName': 'Ligia Rapozo', 'authorProfileImageUrl': 'https://yt3.ggpht.com/ytc/AGIKgqN2LfOGCkWNzJ2NMG0P9gsvMnvV-PltNJx0yA=s48-c-k-c0x00ffffff-no-rj', 'authorChannelUrl': 'http://www.youtube.com/channel/UCJ22AO1t6DUh4qWDjzLMX8Q', 'authorChannelId': {'value': 'UCJ22AO1t6DUh4qWDjzLMX8Q'}, 'canRate': True, 'viewerRating': 'none', 'likeCount': 4, 'publishedAt': '2022-11-01T01:08:41Z', 'updatedAt': '2022-11-01T01:08:41Z'}}, 'canReply': True, 'totalReplyCount': 0, 'isPublic': True}",,UCJ22AO1t6DUh4qWDjzLMX8Q,2022-11-01T01:08:41Z,Queremos paz e não guerra,QURTSl9pMVJVYVdsakhCSk1FYUk2aTJHa202VEdrRjFYTDllc3RKUTBMRExGeGxSeElUZTF3TlFjZ3dGZl9TdTFDYmZFZWFaNGFiU2Q0SQ==,2023-06-07 12:46:22.499649
youtube#commentThread,dl81_6fOhDivEUO2PEjglXrh7JY,UgzWxJopnFusN7JSHN54AaABAg,"{'videoId': 'XRYjrJJZAME', 'topLevelComment': {'kind': 'youtube#comment', 'etag': 'CX9cbbuUXEP5uW_vXUWXtBe0gC0', 'id': 'UgzWxJopnFusN7JSHN54AaABAg', 'snippet': {'videoId': 'XRYjrJJZAME', 'textDisplay': 'Cadeia pra esse povo', 'textOriginal': 'Cadeia pra esse povo', 'authorDisplayName': 'Vilmar Branco', 'authorProfileImageUrl': 'https://yt3.ggpht.com/ytc/AGIKgqNPAldT98Jdj1h6E_mewcDIjrywg7WbVV7JOQ=s48-c-k-c0x00ffffff-no-rj', 'authorChannelUrl': 'http://www.youtube.com/channel/UCeMYHz6z2IciRMSK0WNKsyg', 'authorChannelId': {'value': 'UCeMYHz6z2IciRMSK0WNKsyg'}, 'canRate': True, 'viewerRating': 'none', 'likeCount': 0, 'publishedAt': '2022-11-01T01:07:22Z', 'updatedAt': '2022-11-01T01:07:22Z'}}, 'canReply': True, 'totalReplyCount': 0, 'isPublic': True}",,UCeMYHz6z2IciRMSK0WNKsyg,2022-11-01T01:07:22Z,Cadeia pra esse povo,QURTSl9pMVJVYVdsakhCSk1FYUk2aTJHa202VEdrRjFYTDllc3RKUTBMRExGeGxSeElUZTF3TlFjZ3dGZl9TdTFDYmZFZWFaNGFiU2Q0SQ==,2023-06-07 12:46:22.499649
youtube#commentThread,6W-kkMu7EEcwRVKaYnpfmq6xst8,UgwHGZvjL6u25zuQkvp4AaABAg,"{'videoId': 'XRYjrJJZAME', 'topLevelComment': {'kind': 'youtube#comment', 'etag': '3wfIeowBCqjF2w4vkJ-nI4u0qhA', 'id': 'UgwHGZvjL6u25zuQkvp4AaABAg', 'snippet': {'videoId': 'XRYjrJJZAME', 'textDisplay': 'Triste o que está acontecendo hj 😢 aqui em Mg,  Bolsonaro não se Pronuncia, ele está por trás disso.', 'textOriginal': 'Triste o que está acontecendo hj 😢 aqui em Mg,  Bolsonaro não se Pronuncia, ele está por trás disso.', 'authorDisplayName': 'Actrix Paty', 'authorProfileImageUrl': 'https://yt3.ggpht.com/nZG9vmddVuiqrqQhrGPwoLZtZu2vFHfdLPFpFfRAuhbfnHLHgU2mQssT13JpCW8nF-PLXmQo=s48-c-k-c0x00ffffff-no-rj', 'authorChannelUrl': 'http://www.youtube.com/channel/UCaQIgo_VLqsMaV9yiOdlhOw', 'authorChannelId': {'value': 'UCaQIgo_VLqsMaV9yiOdlhOw'}, 'canRate': True, 'viewerRating': 'none', 'likeCount': 12, 'publishedAt': '2022-11-01T01:07:14Z', 'updatedAt': '2022-11-01T01:07:14Z'}}, 'canReply': True, 'totalReplyCount': 0, 'isPublic': True}",,UCaQIgo_VLqsMaV9yiOdlhOw,2022-11-01T01:07:14Z,"Triste o que está acontecendo hj 😢 aqui em Mg,  Bolsonaro não se Pronuncia, ele está por trás disso.",QURTSl9pMVJVYVdsakhCSk1FYUk2aTJHa202VEdrRjFYTDllc3RKUTBMRExGeGxSeElUZTF3TlFjZ3dGZl9TdTFDYmZFZWFaNGFiU2Q0SQ==,2023-06-07 12:46:22.499649
youtube#commentThread,2a5qdrBGPc5BG1tryuv3vpf1HTM,Ugyg_kqiANO3HGOCx154AaABAg,"{'videoId': 'XRYjrJJZAME', 'topLevelComment': {'kind': 'youtube#comment', 'etag': 'LBIgoZDrGK5Sw7eGbTfhybW2W4A', 'id': 'Ugyg_kqiANO3HGOCx154AaABAg', 'snippet': {'videoId': 'XRYjrJJZAME', 'textDisplay': 'Eles vão ter de engolir !', 'textOriginal': 'Eles vão ter de engolir !', 'authorDisplayName': 'Flamarion Félix', 'authorProfileImageUrl': 'https://yt3.ggpht.com/ytc/AGIKgqOQCyvjpuFzIi2MG4gM4T3G0YCX_mR1_hbRrKgXWz_x2nhrrMzHpq1wCV8kbYks=s48-c-k-c0x00ffffff-no-rj', 'authorChannelUrl': 'http://www.youtube.com/channel/UCt4fT8B66PXw02BNCl36R_g', 'authorChannelId': {'value': 'UCt4fT8B66PXw02BNCl36R_g'}, 'canRate': True, 'viewerRating': 'none', 'likeCount': 0, 'publishedAt': '2022-11-01T01:05:52Z', 'updatedAt': '2022-11-01T01:05:52Z'}}, 'canReply': True, 'totalReplyCount': 0, 'isPublic': True}",,UCt4fT8B66PXw02BNCl36R_g,2022-11-01T01:05:52Z,Eles vão ter de engolir !,QURTSl9pMVJVYVdsakhCSk1FYUk2aTJHa202VEdrRjFYTDllc3RKUTBMRExGeGxSeElUZTF3TlFjZ3dGZl9TdTFDYmZFZWFaNGFiU2Q0SQ==,2023-06-07 12:46:22.499649
youtube#commentThread,Zpm6XEAZGUW-Mc9ak7UwSXpm0CI,UgzqzvJTNXmkBBCd4yl4AaABAg,"{'videoId': 'XRYjrJJZAME', 'topLevelComment': {'kind': 'youtube#comment', 'etag': 'DFz9jKAPVv0P-DALbQw31NZhjFo', 'id': 'UgzqzvJTNXmkBBCd4yl4AaABAg', 'snippet': {'videoId': 'XRYjrJJZAME', 'textDisplay': 'Parabéns guerreiro, obrigado.', 'textOriginal': 'Parabéns guerreiro, obrigado.', 'authorDisplayName': 'Luiz André Lanzuolo', 'authorProfileImageUrl': 'https://yt3.ggpht.com/ytc/AGIKgqOjQpeWqsZrUgoPvFho8P2b8bh0roko7uaaTA=s48-c-k-c0x00ffffff-no-rj', 'authorChannelUrl': 'http://www.youtube.com/channel/UC7vi8iVHwEjcBtKWnhPQDDw', 'authorChannelId': {'value': 'UC7vi8iVHwEjcBtKWnhPQDDw'}, 'canRate': True, 'viewerRating': 'none', 'likeCount': 8, 'publishedAt': '2022-11-01T01:05:09Z', 'updatedAt': '2022-11-01T01:05:09Z'}}, 'canReply': True, 'totalReplyCount': 0, 'isPublic': True}",,UC7vi8iVHwEjcBtKWnhPQDDw,2022-11-01T01:05:09Z,"Parabéns guerreiro, obrigado.",QURTSl9pMVJVYVdsakhCSk1FYUk2aTJHa202VEdrRjFYTDllc3RKUTBMRExGeGxSeElUZTF3TlFjZ3dGZl9TdTFDYmZFZWFaNGFiU2Q0SQ==,2023-06-07 12:46:22.499649
youtube#commentThread,gyj1uPttbEoHjNZ_2IpJCexY0AY,UgxM2JiY3_9kVKXi1ed4AaABAg,"{'videoId': 'XRYjrJJZAME', 'topLevelComment': {'kind': 'youtube#comment', 'etag': 'EEj1_QybZ-eW-FnVQbtEhVDrtsw', 'id': 'UgxM2JiY3_9kVKXi1ed4AaABAg', 'snippet': {'videoId': 'XRYjrJJZAME', 'textDisplay': 'É o que ele sabe fazer, incitar o ódio e a violência', 'textOriginal': 'É o que ele sabe fazer, incitar o ódio e a violência', 'authorDisplayName': 'Pessoa de Lima', 'authorProfileImageUrl': 'https://yt3.ggpht.com/wjrM_-kkNRnecW59PrTLq4ArDch-vcrxFvP3-cfwrJoZ9zifiBnBvh25kuaf4C7PlF5pOF7V=s48-c-k-c0x00ffffff-no-rj', 'authorChannelUrl': 'http://www.youtube.com/channel/UC4cKhZLvzu3q0HA2oK6lmNw', 'authorChannelId': {'value': 'UC4cKhZLvzu3q0HA2oK6lmNw'}, 'canRate': True, 'viewerRating': 'none', 'likeCount': 1, 'publishedAt': '2022-11-01T01:05:03Z', 'updatedAt': '2022-11-01T01:05:03Z'}}, 'canReply': True, 'totalReplyCount': 0, 'isPublic': True}",,UC4cKhZLvzu3q0HA2oK6lmNw,2022-11-01T01:05:03Z,"É o que ele sabe fazer, incitar o ódio e a violência",QURTSl9pMVJVYVdsakhCSk1FYUk2aTJHa202VEdrRjFYTDllc3RKUTBMRExGeGxSeElUZTF3TlFjZ3dGZl9TdTFDYmZFZWFaNGFiU2Q0SQ==,2023-06-07 12:46:22.499649
youtube#commentThread,y08Pbpt2z-Vb_iiO_2b7I7jKegs,UgyCPN169ziGLJ92LrZ4AaABAg,"{'videoId': 'XRYjrJJZAME', 'topLevelComment': {'kind': 'youtube#comment', 'etag': 'mksCAPlewT57mBX_xwcQyNYH4GM', 'id': 'UgyCPN169ziGLJ92LrZ4AaABAg', 'snippet': {'videoId': 'XRYjrJJZAME', 'textDisplay': 'Lula ganhou  e pronto. Gente  grande  aceita frustração. Mi  mi mi .Na pandemia  não  mandaram todos trabalhar pra não  parar a economia? E a economia  que bolsonaro  se preocupa tanto? Não  entendi', 'textOriginal': 'Lula ganhou  e pronto. Gente  grande  aceita frustração. Mi  mi mi .Na pandemia  não  mandaram todos trabalhar pra não  parar a economia? E a economia  que bolsonaro  se preocupa tanto? Não  entendi', 'authorDisplayName': 'Mirian Ramos', 'authorProfileImageUrl': 'https://yt3.ggpht.com/ytc/AGIKgqNjMQgHcdtcWHfQYJH9nxeShZSoEJUnJ48ggZ3clj4YVGgOEQKAly5Tl19CFX1_=s48-c-k-c0x00ffffff-no-rj', 'authorChannelUrl': 'http://www.youtube.com/channel/UCXGwP4YDlVtzksMAdreaibg', 'authorChannelId': {'value': 'UCXGwP4YDlVtzksMAdreaibg'}, 'canRate': True, 'viewerRating': 'none', 'likeCount': 0, 'publishedAt': '2022-11-01T01:04:48Z', 'updatedAt': '2022-11-01T01:04:48Z'}}, 'canReply': True, 'totalReplyCount': 0, 'isPublic': True}",,UCXGwP4YDlVtzksMAdreaibg,2022-11-01T01:04:48Z,Lula ganhou  e pronto. Gente  grande  aceita frustração. Mi  mi mi .Na pandemia  não  mandaram todos trabalhar pra não  parar a economia? E a economia  que bolsonaro  se preocupa tanto? Não  entendi,QURTSl9pMVJVYVdsakhCSk1FYUk2aTJHa202VEdrRjFYTDllc3RKUTBMRExGeGxSeElUZTF3TlFjZ3dGZl9TdTFDYmZFZWFaNGFiU2Q0SQ==,2023-06-07 12:46:22.499649
youtube#commentThread,93KCaeqJELGqp15kijHwsqVByEI,UgwbSuRFoCFswNjO3JF4AaABAg,"{'videoId': 'XRYjrJJZAME', 'topLevelComment': {'kind': 'youtube#comment', 'etag': 'IXhvDCzpKocHhGIgw72CkM874rA', 'id': 'UgwbSuRFoCFswNjO3JF4AaABAg', 'snippet': {'videoId': 'XRYjrJJZAME', 'textDisplay': 'Minha familia inteira é Lulala,e olha que minha família e grande ,metade em Minas Gerais e temos amigos nordestinos', 'textOriginal': 'Minha familia inteira é Lulala,e olha que minha família e grande ,metade em Minas Gerais e temos amigos nordestinos', 'authorDisplayName': 'Maria José Pereira', 'authorProfileImageUrl': 'https://yt3.ggpht.com/ytc/AGIKgqNsRycjQJuI-AlzuZ_7XfXeCi_4dcM-3W1GdYMkE-LqoC2U27ho0zZZ-7hrir56=s48-c-k-c0x00ffffff-no-rj', 'authorChannelUrl': 'http://www.youtube.com/channel/UCh0U3iDY0Gni4dV1zWZWmpQ', 'authorChannelId': {'value': 'UCh0U3iDY0Gni4dV1zWZWmpQ'}, 'canRate': True, 'viewerRating': 'none', 'likeCount': 0, 'publishedAt': '2022-11-01T01:03:11Z', 'updatedAt': '2022-11-01T01:03:11Z'}}, 'canReply': True, 'totalReplyCount': 0, 'isPublic': True}",,UCh0U3iDY0Gni4dV1zWZWmpQ,2022-11-01T01:03:11Z,"Minha familia inteira é Lulala,e olha que minha família e grande ,metade em Minas Gerais e temos amigos nordestinos",QURTSl9pMVJVYVdsakhCSk1FYUk2aTJHa202VEdrRjFYTDllc3RKUTBMRExGeGxSeElUZTF3TlFjZ3dGZl9TdTFDYmZFZWFaNGFiU2Q0SQ==,2023-06-07 12:46:22.499649
youtube#commentThread,s8GvHB4EPQrmc3bXoj5XUCnaoGc,Ugwfe62X3U2F0Tp0yL54AaABAg,"{'videoId': 'XRYjrJJZAME', 'topLevelComment': {'kind': 'youtube#comment', 'etag': '2fH3cBK1CVxAQqgXPUdD9ZWgQHs', 'id': 'Ugwfe62X3U2F0Tp0yL54AaABAg', 'snippet': {'videoId': 'XRYjrJJZAME', 'textDisplay': 'Vamos manter firmes e em paz ?!<br>Isso é baderneiros e de ver ser tratos como tal.', 'textOriginal': 'Vamos manter firmes e em paz ?!\nIsso é baderneiros e de ver ser tratos como tal.', 'authorDisplayName': 'Cristiana Breve de Cássia Breve de Azevedo Oliveira', 'authorProfileImageUrl': 'https://yt3.ggpht.com/h-LE0tV9KrIxglvWjifTx1UT4x0Qo6LSQCL6Zg3eCvIs345esjNxus_vum-itYjJTu0VaIeQnAg=s48-c-k-c0x00ffffff-no-rj', 'authorChannelUrl': 'http://www.youtube.com/channel/UC8_Ze_1MclWcLJmYxig7o7Q', 'authorChannelId': {'value': 'UC8_Ze_1MclWcLJmYxig7o7Q'}, 'canRate': True, 'viewerRating': 'none', 'likeCount': 0, 'publishedAt': '2022-11-01T01:02:49Z', 'updatedAt': '2022-11-01T01:02:49Z'}}, 'canReply': True, 'totalReplyCount': 0, 'isPublic': True}",,UC8_Ze_1MclWcLJmYxig7o7Q,2022-11-01T01:02:49Z,"Vamos manter firmes e em paz ?!
Isso é baderneiros e de ver ser tratos como tal.",QURTSl9pMVJVYVdsakhCSk1FYUk2aTJHa202VEdrRjFYTDllc3RKUTBMRExGeGxSeElUZTF3TlFjZ3dGZl9TdTFDYmZFZWFaNGFiU2Q0SQ==,2023-06-07 12:46:22.499649
youtube#commentThread,0q0fwGShOpsG5mlrb3zMM6MPLA0,UgyklIOMN6E6ouY2vhZ4AaABAg,"{'videoId': 'XRYjrJJZAME', 'topLevelComment': {'kind': 'youtube#comment', 'etag': 'OzeUH4VRHMtKy2HKizsjloFIggQ', 'id': 'UgyklIOMN6E6ouY2vhZ4AaABAg', 'snippet': {'videoId': 'XRYjrJJZAME', 'textDisplay': 'Ninguém se mete , deixa eles ciscar até cansar !!!', 'textOriginal': 'Ninguém se mete , deixa eles ciscar até cansar !!!', 'authorDisplayName': 'Flamarion Félix', 'authorProfileImageUrl': 'https://yt3.ggpht.com/ytc/AGIKgqOQCyvjpuFzIi2MG4gM4T3G0YCX_mR1_hbRrKgXWz_x2nhrrMzHpq1wCV8kbYks=s48-c-k-c0x00ffffff-no-rj', 'authorChannelUrl': 'http://www.youtube.com/channel/UCt4fT8B66PXw02BNCl36R_g', 'authorChannelId': {'value': 'UCt4fT8B66PXw02BNCl36R_g'}, 'canRate': True, 'viewerRating': 'none', 'likeCount': 1, 'publishedAt': '2022-11-01T01:02:32Z', 'updatedAt': '2022-11-01T01:02:32Z'}}, 'canReply': True, 'totalReplyCount': 0, 'isPublic': True}",,UCt4fT8B66PXw02BNCl36R_g,2022-11-01T01:02:32Z,"Ninguém se mete , deixa eles ciscar até cansar !!!",QURTSl9pMVJVYVdsakhCSk1FYUk2aTJHa202VEdrRjFYTDllc3RKUTBMRExGeGxSeElUZTF3TlFjZ3dGZl9TdTFDYmZFZWFaNGFiU2Q0SQ==,2023-06-07 12:46:22.499649
youtube#commentThread,fP6QQKALYn476QFhLxzUBJVA4tU,UgysPGWKQR9_aDY8Fs14AaABAg,"{'videoId': 'XRYjrJJZAME', 'topLevelComment': {'kind': 'youtube#comment', 'etag': 'sxJvdvCLwv1FhN1vmpGwaPlS3Ug', 'id': 'UgysPGWKQR9_aDY8Fs14AaABAg', 'snippet': {'videoId': 'XRYjrJJZAME', 'textDisplay': 'Vc petistas votaram no corrupto; criminoso na chapa na corja venenosa achando q o Lula vai melhorar alguma coisa esqueçam pode ter certeza q vai custar caro o q vcs fizeram para os brasileiros de verdade q amam a pátria liberdade e família; depois a hora q apertar as coisas lembra do L ta bom , Bolsonaro tem o defeitos dele mas não é ladrão; nos tem orgulho de ser patriotas ; vcs q votaram errado sao traidores da pátria; nos teve orgulho do Bolsonaro ser nosso presidente , perseguido por todos , mas amados por nós; mostraram q o crime compensa para o mundo inteiro isso  é uma vergonha nacional e internacional', 'textOriginal': 'Vc petistas votaram no corrupto; criminoso na chapa na corja venenosa achando q o Lula vai melhorar alguma coisa esqueçam pode ter certeza q vai custar caro o q vcs fizeram para os brasileiros de verdade q amam a pátria liberdade e família; depois a hora q apertar as coisas lembra do L ta bom , Bolsonaro tem o defeitos dele mas não é ladrão; nos tem orgulho de ser patriotas ; vcs q votaram errado sao traidores da pátria; nos teve orgulho do Bolsonaro ser nosso presidente , perseguido por todos , mas amados por nós; mostraram q o crime compensa para o mundo inteiro isso  é uma vergonha nacional e internacional', 'authorDisplayName': 'Central de Doações Lar dos Velhinhos', 'authorProfileImageUrl': 'https://yt3.ggpht.com/ytc/AGIKgqOu5gEHcf-NIlcikU9Qy14WE3qayvF3TUDaMQ=s48-c-k-c0x00ffffff-no-rj', 'authorChannelUrl': 'http://www.youtube.com/channel/UCZ-3d53yEaaOLRX75cbddqQ', 'authorChannelId': {'value': 'UCZ-3d53yEaaOLRX75cbddqQ'}, 'canRate': True, 'viewerRating': 'none', 'likeCount': 0, 'publishedAt': '2022-11-01T01:02:24Z', 'updatedAt': '2022-11-01T01:02:24Z'}}, 'canReply': True, 'totalReplyCount': 0, 'isPublic': True}",,UCZ-3d53yEaaOLRX75cbddqQ,2022-11-01T01:02:24Z,"Vc petistas votaram no corrupto; criminoso na chapa na corja venenosa achando q o Lula vai melhorar alguma coisa esqueçam pode ter certeza q vai custar caro o q vcs fizeram para os brasileiros de verdade q amam a pátria liberdade e família; depois a hora q apertar as coisas lembra do L ta bom , Bolsonaro tem o defeitos dele mas não é ladrão; nos tem orgulho de ser patriotas ; vcs q votaram errado sao traidores da pátria; nos teve orgulho do Bolsonaro ser nosso presidente , perseguido por todos , mas amados por nós; mostraram q o crime compensa para o mundo inteiro isso  é uma vergonha nacional e internacional",QURTSl9pMVJVYVdsakhCSk1FYUk2aTJHa202VEdrRjFYTDllc3RKUTBMRExGeGxSeElUZTF3TlFjZ3dGZl9TdTFDYmZFZWFaNGFiU2Q0SQ==,2023-06-07 12:46:22.499649
youtube#commentThread,c4pnMxANcWpgfyqRdvFqkZE_GW0,UgxcC6MpKqa62WvOXbR4AaABAg,"{'videoId': 'XRYjrJJZAME', 'topLevelComment': {'kind': 'youtube#comment', 'etag': 'phW9_g5t8Bx4ryWfpIA8CShn94E', 'id': 'UgxcC6MpKqa62WvOXbR4AaABAg', 'snippet': {'videoId': 'XRYjrJJZAME', 'textDisplay': 'Sábias  palavras! 👏👏👏👏👏', 'textOriginal': 'Sábias  palavras! 👏👏👏👏👏', 'authorDisplayName': 'Soninha Silveira', 'authorProfileImageUrl': 'https://yt3.ggpht.com/qtSwMgf-soCfXrE4F9ZyCdAnnwaNNubvzlbgse0t53YvKhUOObXsk-qr-19YqDTwilPxQRllRw=s48-c-k-c0x00ffffff-no-rj', 'authorChannelUrl': 'http://www.youtube.com/channel/UCOP_rpxoF6i78KGv8bwbG6g', 'authorChannelId': {'value': 'UCOP_rpxoF6i78KGv8bwbG6g'}, 'canRate': True, 'viewerRating': 'none', 'likeCount': 7, 'publishedAt': '2022-11-01T01:02:18Z', 'updatedAt': '2022-11-01T01:02:18Z'}}, 'canReply': True, 'totalReplyCount': 0, 'isPublic': True}",,UCOP_rpxoF6i78KGv8bwbG6g,2022-11-01T01:02:18Z,Sábias  palavras! 👏👏👏👏👏,QURTSl9pMVJVYVdsakhCSk1FYUk2aTJHa202VEdrRjFYTDllc3RKUTBMRExGeGxSeElUZTF3TlFjZ3dGZl9TdTFDYmZFZWFaNGFiU2Q0SQ==,2023-06-07 12:46:22.499649
youtube#commentThread,H_BqAKApCBo5nimeMcnexbBIqNc,UgwBL3ovzKNweNcaBaV4AaABAg,"{'videoId': 'XRYjrJJZAME', 'topLevelComment': {'kind': 'youtube#comment', 'etag': '328tOmRgRojE1sUD_Qsa4BB8tL8', 'id': 'UgwBL3ovzKNweNcaBaV4AaABAg', 'snippet': {'videoId': 'XRYjrJJZAME', 'textDisplay': 'Falou e disse', 'textOriginal': 'Falou e disse', 'authorDisplayName': 'Hermitão', 'authorProfileImageUrl': 'https://yt3.ggpht.com/AteiRo3d8d2IpcSk_ARQLC8ovZDwyqklgIHBEd75S4frewSMGWoWLH44P1wOjFWRZ042nvgntg=s48-c-k-c0x00ffffff-no-rj', 'authorChannelUrl': 'http://www.youtube.com/channel/UC0JlTKKczjfXGpSvPlFZrfQ', 'authorChannelId': {'value': 'UC0JlTKKczjfXGpSvPlFZrfQ'}, 'canRate': True, 'viewerRating': 'none', 'likeCount': 3, 'publishedAt': '2022-11-01T01:02:01Z', 'updatedAt': '2022-11-01T01:02:01Z'}}, 'canReply': True, 'totalReplyCount': 0, 'isPublic': True}",,UC0JlTKKczjfXGpSvPlFZrfQ,2022-11-01T01:02:01Z,Falou e disse,QURTSl9pMVJVYVdsakhCSk1FYUk2aTJHa202VEdrRjFYTDllc3RKUTBMRExGeGxSeElUZTF3TlFjZ3dGZl9TdTFDYmZFZWFaNGFiU2Q0SQ==,2023-06-07 12:46:22.499649
youtube#commentThread,dXCT7vnw9Zi6T2ezH94Q5BHBzjg,UgzObSZvSOC-9bsm8614AaABAg,"{'videoId': 'XRYjrJJZAME', 'topLevelComment': {'kind': 'youtube#comment', 'etag': 'B3gD1YZqu7HnanqhVtUxaCxDkbs', 'id': 'UgzObSZvSOC-9bsm8614AaABAg', 'snippet': {'videoId': 'XRYjrJJZAME', 'textDisplay': 'Tem gente passando mau e folas nas BR causado por bolsonarista covardes', 'textOriginal': 'Tem gente passando mau e folas nas BR causado por bolsonarista covardes', 'authorDisplayName': 'Valdenor Wayers', 'authorProfileImageUrl': 'https://yt3.ggpht.com/ytc/AGIKgqPGGj_aSru5cjILuZ667_5qy_EEtAbAsYhp_K37FVmzQFdqL5ku9_0BvOJJ6Pqh=s48-c-k-c0x00ffffff-no-rj', 'authorChannelUrl': 'http://www.youtube.com/channel/UCazf5yj-Jjj7QDRz0MAC44A', 'authorChannelId': {'value': 'UCazf5yj-Jjj7QDRz0MAC44A'}, 'canRate': True, 'viewerRating': 'none', 'likeCount': 0, 'publishedAt': '2022-11-01T01:01:22Z', 'updatedAt': '2022-11-01T01:01:22Z'}}, 'canReply': True, 'totalReplyCount': 0, 'isPublic': True}",,UCazf5yj-Jjj7QDRz0MAC44A,2022-11-01T01:01:22Z,Tem gente passando mau e folas nas BR causado por bolsonarista covardes,QURTSl9pM1ZQS3BIYWlPZzk0Y0RsYnBoZURlTDFNWXNWeHhDV1E4dGFYeUZPbzZ0VC1iQ1lQNEZxbV96N2FNTWZja0s3UWRkOE1XVkpqdw==,2023-06-07 12:46:24.204611
youtube#commentThread,v0lJry7xq8WXeE8lJ-HrIUgiDj0,UgztVTkR_W7tv_0ishx4AaABAg,"{'videoId': 'XRYjrJJZAME', 'topLevelComment': {'kind': 'youtube#comment', 'etag': 'pfobxgCh_co7E3ANLdXG2ndX_9M', 'id': 'UgztVTkR_W7tv_0ishx4AaABAg', 'snippet': {'videoId': 'XRYjrJJZAME', 'textDisplay': 'Muito bem Deputado Paulo Pimenta, mas não devemos subestimar esse bolsonarismo pervertido em autoritarismo Militar infringindo a Constituição Federal e violando Direitos Institucionais na cara dura 🇧🇷🙏', 'textOriginal': 'Muito bem Deputado Paulo Pimenta, mas não devemos subestimar esse bolsonarismo pervertido em autoritarismo Militar infringindo a Constituição Federal e violando Direitos Institucionais na cara dura 🇧🇷🙏', 'authorDisplayName': 'Maria de Lourdes Medeiros Mota', 'authorProfileImageUrl': 'https://yt3.ggpht.com/ytc/AGIKgqNAe7O5c3iKGKkt25MuvwYAhb_ovEnavuyIew=s48-c-k-c0x00ffffff-no-rj', 'authorChannelUrl': 'http://www.youtube.com/channel/UCUmHQ3_Je1uM183Ozc16Eag', 'authorChannelId': {'value': 'UCUmHQ3_Je1uM183Ozc16Eag'}, 'canRate': True, 'viewerRating': 'none', 'likeCount': 0, 'publishedAt': '2022-11-01T01:01:17Z', 'updatedAt': '2022-11-01T01:01:17Z'}}, 'canReply': True, 'totalReplyCount': 0, 'isPublic': True}",,UCUmHQ3_Je1uM183Ozc16Eag,2022-11-01T01:01:17Z,"Muito bem Deputado Paulo Pimenta, mas não devemos subestimar esse bolsonarismo pervertido em autoritarismo Militar infringindo a Constituição Federal e violando Direitos Institucionais na cara dura 🇧🇷🙏",QURTSl9pM1ZQS3BIYWlPZzk0Y0RsYnBoZURlTDFNWXNWeHhDV1E4dGFYeUZPbzZ0VC1iQ1lQNEZxbV96N2FNTWZja0s3UWRkOE1XVkpqdw==,2023-06-07 12:46:24.204611
youtube#commentThread,j9Tak52n_Vq8wRBVG6AJgM9-Z44,UgyYTpbJBcQkjT2qhdV4AaABAg,"{'videoId': 'XRYjrJJZAME', 'topLevelComment': {'kind': 'youtube#comment', 'etag': 'J7MbU_JmGXB-pkvBtHWMv0-qSCc', 'id': 'UgyYTpbJBcQkjT2qhdV4AaABAg', 'snippet': {'videoId': 'XRYjrJJZAME', 'textDisplay': 'Vamos olhar para o futuro dos bandidos, ladrões', 'textOriginal': 'Vamos olhar para o futuro dos bandidos, ladrões', 'authorDisplayName': 'Juliana Nogueir', 'authorProfileImageUrl': 'https://yt3.ggpht.com/ytc/AGIKgqOM-a5YakyPC0-MPK6wGqHJ_f33vHsAHMjYhg=s48-c-k-c0x00ffffff-no-rj', 'authorChannelUrl': 'http://www.youtube.com/channel/UCJHL_0Sob55d-puEiJX9eUw', 'authorChannelId': {'value': 'UCJHL_0Sob55d-puEiJX9eUw'}, 'canRate': True, 'viewerRating': 'none', 'likeCount': 0, 'publishedAt': '2022-11-01T01:01:02Z', 'updatedAt': '2022-11-01T01:01:02Z'}}, 'canReply': True, 'totalReplyCount': 0, 'isPublic': True}",,UCJHL_0Sob55d-puEiJX9eUw,2022-11-01T01:01:02Z,"Vamos olhar para o futuro dos bandidos, ladrões",QURTSl9pM1ZQS3BIYWlPZzk0Y0RsYnBoZURlTDFNWXNWeHhDV1E4dGFYeUZPbzZ0VC1iQ1lQNEZxbV96N2FNTWZja0s3UWRkOE1XVkpqdw==,2023-06-07 12:46:24.204611
youtube#commentThread,4xKAsbctKo21ZyREmp2-yCmCHiI,UgzqHIG9jddHGtCpys14AaABAg,"{'videoId': 'XRYjrJJZAME', 'topLevelComment': {'kind': 'youtube#comment', 'etag': 'Z7IDdsEy2YFv72qCbLxvpFrEgKk', 'id': 'UgzqHIG9jddHGtCpys14AaABAg', 'snippet': {'videoId': 'XRYjrJJZAME', 'textDisplay': 'Ele não quer que Lula assuma ,pois ele tem medo do segredo dos 100 anos , é a primeira coisa que quero ver', 'textOriginal': 'Ele não quer que Lula assuma ,pois ele tem medo do segredo dos 100 anos , é a primeira coisa que quero ver', 'authorDisplayName': 'Maria José Pereira', 'authorProfileImageUrl': 'https://yt3.ggpht.com/ytc/AGIKgqNsRycjQJuI-AlzuZ_7XfXeCi_4dcM-3W1GdYMkE-LqoC2U27ho0zZZ-7hrir56=s48-c-k-c0x00ffffff-no-rj', 'authorChannelUrl': 'http://www.youtube.com/channel/UCh0U3iDY0Gni4dV1zWZWmpQ', 'authorChannelId': {'value': 'UCh0U3iDY0Gni4dV1zWZWmpQ'}, 'canRate': True, 'viewerRating': 'none', 'likeCount': 0, 'publishedAt': '2022-11-01T01:00:59Z', 'updatedAt': '2022-11-01T01:00:59Z'}}, 'canReply': True, 'totalReplyCount': 0, 'isPublic': True}",,UCh0U3iDY0Gni4dV1zWZWmpQ,2022-11-01T01:00:59Z,"Ele não quer que Lula assuma ,pois ele tem medo do segredo dos 100 anos , é a primeira coisa que quero ver",QURTSl9pM1ZQS3BIYWlPZzk0Y0RsYnBoZURlTDFNWXNWeHhDV1E4dGFYeUZPbzZ0VC1iQ1lQNEZxbV96N2FNTWZja0s3UWRkOE1XVkpqdw==,2023-06-07 12:46:24.204611
youtube#commentThread,whRvbYduB6Ds7G80WHfeLtd7qMI,Ugx7oL-_xoRQ5JiweTF4AaABAg,"{'videoId': 'XRYjrJJZAME', 'topLevelComment': {'kind': 'youtube#comment', 'etag': 'L_hL1jR9Mxl9OIPR32oEk1xNPS0', 'id': 'Ugx7oL-_xoRQ5JiweTF4AaABAg', 'snippet': {'videoId': 'XRYjrJJZAME', 'textDisplay': 'O ministro Alexandre de Moraes acaba de pedir o fim desta palhaçada dos camioneiros que estão bloqueando estrada no país.parabens ao ministro.', 'textOriginal': 'O ministro Alexandre de Moraes acaba de pedir o fim desta palhaçada dos camioneiros que estão bloqueando estrada no país.parabens ao ministro.', 'authorDisplayName': 'Moacirdominguesoliveira Domingues Oliveira', 'authorProfileImageUrl': 'https://yt3.ggpht.com/ytc/AGIKgqOLmx2SbXhGYto_Og8lIo-bE-kHSPRvjyW8AQ=s48-c-k-c0x00ffffff-no-rj', 'authorChannelUrl': 'http://www.youtube.com/channel/UCSOnln5jQ6ESsEFfXXJDO2A', 'authorChannelId': {'value': 'UCSOnln5jQ6ESsEFfXXJDO2A'}, 'canRate': True, 'viewerRating': 'none', 'likeCount': 7, 'publishedAt': '2022-11-01T01:00:10Z', 'updatedAt': '2022-11-01T01:00:10Z'}}, 'canReply': True, 'totalReplyCount': 1, 'isPublic': True}","{'comments': [{'kind': 'youtube#comment', 'etag': 'ACEAHcROs23p3IgWjGzzS4hah28', 'id': 'Ugx7oL-_xoRQ5JiweTF4AaABAg.9hs2atRTZ8U9hs7zK0qAYS', 'snippet': {'videoId': 'XRYjrJJZAME', 'textDisplay': 'Tem que mandar o exercito para rodovias federais e tirar esses vândalos de la', 'textOriginal': 'Tem que mandar o exercito para rodovias federais e tirar esses vândalos de la', 'parentId': 'Ugx7oL-_xoRQ5JiweTF4AaABAg', 'authorDisplayName': 'Conceição Baldez', 'authorProfileImageUrl': 'https://yt3.ggpht.com/ytc/AGIKgqMDQQeGYK9ZNmwI5Wk5tWXNN4ztComd6B2cMmvefSXRGSFQq2ENPC6lrGML_Giu=s48-c-k-c0x00ffffff-no-rj', 'authorChannelUrl': 'http://www.youtube.com/channel/UCD4kRnnfi5GrFBnBRZ4On4g', 'authorChannelId': {'value': 'UCD4kRnnfi5GrFBnBRZ4On4g'}, 'canRate': True, 'viewerRating': 'none', 'likeCount': 0, 'publishedAt': '2022-11-01T01:47:12Z', 'updatedAt': '2022-11-01T01:47:12Z'}}]}",UCSOnln5jQ6ESsEFfXXJDO2A,2022-11-01T01:00:10Z,O ministro Alexandre de Moraes acaba de pedir o fim desta palhaçada dos camioneiros que estão bloqueando estrada no país.parabens ao ministro.,QURTSl9pM1ZQS3BIYWlPZzk0Y0RsYnBoZURlTDFNWXNWeHhDV1E4dGFYeUZPbzZ0VC1iQ1lQNEZxbV96N2FNTWZja0s3UWRkOE1XVkpqdw==,2023-06-07 12:46:24.204611
youtube#commentThread,6fNvDZzK-8vV77eMRPQhbO-QDk4,UgzKZ4agx4OIDtdfYDF4AaABAg,"{'videoId': 'XRYjrJJZAME', 'topLevelComment': {'kind': 'youtube#comment', 'etag': 'PhpsQjzAOwS-i1ZGPtmStGZUw9Q', 'id': 'UgzKZ4agx4OIDtdfYDF4AaABAg', 'snippet': {'videoId': 'XRYjrJJZAME', 'textDisplay': 'Bolsonaro é aliados têm que ser preso', 'textOriginal': 'Bolsonaro é aliados têm que ser preso', 'authorDisplayName': 'L. neto', 'authorProfileImageUrl': 'https://yt3.ggpht.com/ytc/AGIKgqMMSpaRus8ZirEE0sQonJwKBZ9Bzma1X-q17g=s48-c-k-c0x00ffffff-no-rj', 'authorChannelUrl': 'http://www.youtube.com/channel/UC2aNXl7SwBbcEUXg1oSPNNg', 'authorChannelId': {'value': 'UC2aNXl7SwBbcEUXg1oSPNNg'}, 'canRate': True, 'viewerRating': 'none', 'likeCount': 0, 'publishedAt': '2022-11-01T01:00:05Z', 'updatedAt': '2022-11-01T01:00:05Z'}}, 'canReply': True, 'totalReplyCount': 0, 'isPublic': True}",,UC2aNXl7SwBbcEUXg1oSPNNg,2022-11-01T01:00:05Z,Bolsonaro é aliados têm que ser preso,QURTSl9pM1ZQS3BIYWlPZzk0Y0RsYnBoZURlTDFNWXNWeHhDV1E4dGFYeUZPbzZ0VC1iQ1lQNEZxbV96N2FNTWZja0s3UWRkOE1XVkpqdw==,2023-06-07 12:46:24.204611
youtube#commentThread,cgdxpSyY_Kw9bSVO3nKnFq-9ibE,Ugw4-I7Uu_N0RDlQsmp4AaABAg,"{'videoId': 'XRYjrJJZAME', 'topLevelComment': {'kind': 'youtube#comment', 'etag': 'E5409oYAJ01ooLye4U_QXIV3x5M', 'id': 'Ugw4-I7Uu_N0RDlQsmp4AaABAg', 'snippet': {'videoId': 'XRYjrJJZAME', 'textDisplay': 'Se fosse o contrário e o miliciano vencido, já teríamos várias mortes por estes milicianos fardados...<br>Eu só espero quê não fique só na promessa, que a lei seja dura com estas milícias....', 'textOriginal': 'Se fosse o contrário e o miliciano vencido, já teríamos várias mortes por estes milicianos fardados...\nEu só espero quê não fique só na promessa, que a lei seja dura com estas milícias....', 'authorDisplayName': 'nerifrancisco', 'authorProfileImageUrl': 'https://yt3.ggpht.com/ytc/AGIKgqM8bft36hCBUyyWUJ4EOY-OBwILhHHlNyulgotrjw=s48-c-k-c0x00ffffff-no-rj', 'authorChannelUrl': 'http://www.youtube.com/channel/UCxn1GyGzQpZkCDGQxcoNdsw', 'authorChannelId': {'value': 'UCxn1GyGzQpZkCDGQxcoNdsw'}, 'canRate': True, 'viewerRating': 'none', 'likeCount': 0, 'publishedAt': '2022-11-01T00:59:59Z', 'updatedAt': '2022-11-01T00:59:59Z'}}, 'canReply': True, 'totalReplyCount': 0, 'isPublic': True}",,UCxn1GyGzQpZkCDGQxcoNdsw,2022-11-01T00:59:59Z,"Se fosse o contrário e o miliciano vencido, já teríamos várias mortes por estes milicianos fardados...
Eu só espero quê não fique só na promessa, que a lei seja dura com estas milícias....",QURTSl9pM1ZQS3BIYWlPZzk0Y0RsYnBoZURlTDFNWXNWeHhDV1E4dGFYeUZPbzZ0VC1iQ1lQNEZxbV96N2FNTWZja0s3UWRkOE1XVkpqdw==,2023-06-07 12:46:24.204611
youtube#commentThread,HhFDUUMwYU31fdXlf0n1NvYwaYU,UgzwktHZECbGgbr4jVh4AaABAg,"{'videoId': 'XRYjrJJZAME', 'topLevelComment': {'kind': 'youtube#comment', 'etag': 'G1C0iEjWOswsfyylM4wPldSE9pc', 'id': 'UgzwktHZECbGgbr4jVh4AaABAg', 'snippet': {'videoId': 'XRYjrJJZAME', 'textDisplay': 'Os caminhoneiros estão indo na onda do Bolsonaro , gente inocente sendo usados!', 'textOriginal': 'Os caminhoneiros estão indo na onda do Bolsonaro , gente inocente sendo usados!', 'authorDisplayName': 'Fatima Lemos', 'authorProfileImageUrl': 'https://yt3.ggpht.com/aMMHCLMRGxxOa--_Kw320eiavmyzyesKF7JmPrtM2EcMWvhCo14jzF5s4A3aHr7bR_npSzhD4Q=s48-c-k-c0x00ffffff-no-rj', 'authorChannelUrl': 'http://www.youtube.com/channel/UCURHsNxw_yLv7MDjpckJyJA', 'authorChannelId': {'value': 'UCURHsNxw_yLv7MDjpckJyJA'}, 'canRate': True, 'viewerRating': 'none', 'likeCount': 1, 'publishedAt': '2022-11-01T00:59:26Z', 'updatedAt': '2022-11-01T00:59:26Z'}}, 'canReply': True, 'totalReplyCount': 0, 'isPublic': True}",,UCURHsNxw_yLv7MDjpckJyJA,2022-11-01T00:59:26Z,"Os caminhoneiros estão indo na onda do Bolsonaro , gente inocente sendo usados!",QURTSl9pM1ZQS3BIYWlPZzk0Y0RsYnBoZURlTDFNWXNWeHhDV1E4dGFYeUZPbzZ0VC1iQ1lQNEZxbV96N2FNTWZja0s3UWRkOE1XVkpqdw==,2023-06-07 12:46:24.204611
youtube#commentThread,Vi9Zt_la0fU0c7ENpm7IGJVKxoY,UgwdMW8BNkef1JJlpzR4AaABAg,"{'videoId': 'XRYjrJJZAME', 'topLevelComment': {'kind': 'youtube#comment', 'etag': 'IzFOuF8slgnR6TJj4G4WXa-XMv0', 'id': 'UgwdMW8BNkef1JJlpzR4AaABAg', 'snippet': {'videoId': 'XRYjrJJZAME', 'textDisplay': 'Se fosse nos ja teriam mandando bala em nos', 'textOriginal': 'Se fosse nos ja teriam mandando bala em nos', 'authorDisplayName': 'Maria José Pereira', 'authorProfileImageUrl': 'https://yt3.ggpht.com/ytc/AGIKgqNsRycjQJuI-AlzuZ_7XfXeCi_4dcM-3W1GdYMkE-LqoC2U27ho0zZZ-7hrir56=s48-c-k-c0x00ffffff-no-rj', 'authorChannelUrl': 'http://www.youtube.com/channel/UCh0U3iDY0Gni4dV1zWZWmpQ', 'authorChannelId': {'value': 'UCh0U3iDY0Gni4dV1zWZWmpQ'}, 'canRate': True, 'viewerRating': 'none', 'likeCount': 0, 'publishedAt': '2022-11-01T00:59:21Z', 'updatedAt': '2022-11-01T00:59:21Z'}}, 'canReply': True, 'totalReplyCount': 0, 'isPublic': True}",,UCh0U3iDY0Gni4dV1zWZWmpQ,2022-11-01T00:59:21Z,Se fosse nos ja teriam mandando bala em nos,QURTSl9pM1ZQS3BIYWlPZzk0Y0RsYnBoZURlTDFNWXNWeHhDV1E4dGFYeUZPbzZ0VC1iQ1lQNEZxbV96N2FNTWZja0s3UWRkOE1XVkpqdw==,2023-06-07 12:46:24.204611
youtube#commentThread,77g3D9R-SVi9kXr9fsYsG0Pr1Xo,UgwA4uFJ2n9hrsyDtbl4AaABAg,"{'videoId': 'XRYjrJJZAME', 'topLevelComment': {'kind': 'youtube#comment', 'etag': 'KRxe7e8FyN6zCiOZNljUH0wcjcs', 'id': 'UgwA4uFJ2n9hrsyDtbl4AaABAg', 'snippet': {'videoId': 'XRYjrJJZAME', 'textDisplay': 'Como Bolsonaro pode estimular desordem, se ele nem se pronunciou a respeito das eleições??   Outra Fake news da esquerda.<br>Lembro aqui o que Lênin disse &quot; Acuse os adversários do que você faz, chame-os do que você é&quot;.   Simples assim..🤷', 'textOriginal': 'Como Bolsonaro pode estimular desordem, se ele nem se pronunciou a respeito das eleições??   Outra Fake news da esquerda.\nLembro aqui o que Lênin disse "" Acuse os adversários do que você faz, chame-os do que você é"".   Simples assim..🤷', 'authorDisplayName': 'Roberto', 'authorProfileImageUrl': 'https://yt3.ggpht.com/4cknPBHJ5wvLTjYvOCh5b4saY6enT6ck85PjX6J3bVmtq-vBwVuYJagxNQdIf_Zgv-qkG9PYTA=s48-c-k-c0x00ffffff-no-rj', 'authorChannelUrl': 'http://www.youtube.com/channel/UCg-nyn52pKXwztjd65Xa_0A', 'authorChannelId': {'value': 'UCg-nyn52pKXwztjd65Xa_0A'}, 'canRate': True, 'viewerRating': 'none', 'likeCount': 1, 'publishedAt': '2022-11-01T00:59:12Z', 'updatedAt': '2022-11-01T00:59:12Z'}}, 'canReply': True, 'totalReplyCount': 0, 'isPublic': True}",,UCg-nyn52pKXwztjd65Xa_0A,2022-11-01T00:59:12Z,"Como Bolsonaro pode estimular desordem, se ele nem se pronunciou a respeito das eleições??   Outra Fake news da esquerda.
Lembro aqui o que Lênin disse "" Acuse os adversários do que você faz, chame-os do que você é"".   Simples assim..🤷",QURTSl9pM1ZQS3BIYWlPZzk0Y0RsYnBoZURlTDFNWXNWeHhDV1E4dGFYeUZPbzZ0VC1iQ1lQNEZxbV96N2FNTWZja0s3UWRkOE1XVkpqdw==,2023-06-07 12:46:24.204611
youtube#commentThread,s6PJTDwxSR4umypVQURfJ66yeN8,UgyeIVWQC62qCzLo_ul4AaABAg,"{'videoId': 'XRYjrJJZAME', 'topLevelComment': {'kind': 'youtube#comment', 'etag': 'Sah_2Xj4ibKWua-XR9kClRTeGpI', 'id': 'UgyeIVWQC62qCzLo_ul4AaABAg', 'snippet': {'videoId': 'XRYjrJJZAME', 'textDisplay': 'Provavelmente broxonaro está buscando algum apoio truculento por parte de seus apoiadores para tentar um &quot;golpe&quot;. Ele está, a cada hora que passa, pior de suas faculdades mentais...', 'textOriginal': 'Provavelmente broxonaro está buscando algum apoio truculento por parte de seus apoiadores para tentar um ""golpe"". Ele está, a cada hora que passa, pior de suas faculdades mentais...', 'authorDisplayName': 'Nana Barros', 'authorProfileImageUrl': 'https://yt3.ggpht.com/OkFSVZ56bEItup8tU6OwZfCcDwu5HR8TDvEClz9Jd_ICo4pfdMg5-uN0QVuLQZQbjk_0oCNw_w=s48-c-k-c0x00ffffff-no-rj', 'authorChannelUrl': 'http://www.youtube.com/channel/UC0QuQrrKRJQ0QmrWyiF8wxw', 'authorChannelId': {'value': 'UC0QuQrrKRJQ0QmrWyiF8wxw'}, 'canRate': True, 'viewerRating': 'none', 'likeCount': 0, 'publishedAt': '2022-11-01T00:58:55Z', 'updatedAt': '2022-11-01T00:58:55Z'}}, 'canReply': True, 'totalReplyCount': 0, 'isPublic': True}",,UC0QuQrrKRJQ0QmrWyiF8wxw,2022-11-01T00:58:55Z,"Provavelmente broxonaro está buscando algum apoio truculento por parte de seus apoiadores para tentar um ""golpe"". Ele está, a cada hora que passa, pior de suas faculdades mentais...",QURTSl9pM1ZQS3BIYWlPZzk0Y0RsYnBoZURlTDFNWXNWeHhDV1E4dGFYeUZPbzZ0VC1iQ1lQNEZxbV96N2FNTWZja0s3UWRkOE1XVkpqdw==,2023-06-07 12:46:24.204611
youtube#commentThread,fbFNHwu5e4IdnrZmjsBb4xcybXA,UgyG6HIUEx--uM8YqQ54AaABAg,"{'videoId': 'XRYjrJJZAME', 'topLevelComment': {'kind': 'youtube#comment', 'etag': '50dR0lCdQ2n-bUMJ0PUyEt21UYU', 'id': 'UgyG6HIUEx--uM8YqQ54AaABAg', 'snippet': {'videoId': 'XRYjrJJZAME', 'textDisplay': 'NÃO ÍMPORTA LULA E BOLSONARO  ÍMPORTA UM BRASIL MELHOR.  AMÉM GRATÍDÃO MUÍTA LUZ', 'textOriginal': 'NÃO ÍMPORTA LULA E BOLSONARO  ÍMPORTA UM BRASIL MELHOR.  AMÉM GRATÍDÃO MUÍTA LUZ', 'authorDisplayName': 'Rose Dos Santos', 'authorProfileImageUrl': 'https://yt3.ggpht.com/ytc/AGIKgqNloWPZdrbFguzVODNxb9ml4vo9VngiVW6Bii_fxg=s48-c-k-c0x00ffffff-no-rj', 'authorChannelUrl': 'http://www.youtube.com/channel/UClb1jPv8v2AYbWU6v4LILZQ', 'authorChannelId': {'value': 'UClb1jPv8v2AYbWU6v4LILZQ'}, 'canRate': True, 'viewerRating': 'none', 'likeCount': 0, 'publishedAt': '2022-11-01T00:57:51Z', 'updatedAt': '2022-11-01T00:57:51Z'}}, 'canReply': True, 'totalReplyCount': 0, 'isPublic': True}",,UClb1jPv8v2AYbWU6v4LILZQ,2022-11-01T00:57:51Z,NÃO ÍMPORTA LULA E BOLSONARO  ÍMPORTA UM BRASIL MELHOR.  AMÉM GRATÍDÃO MUÍTA LUZ,QURTSl9pM1ZQS3BIYWlPZzk0Y0RsYnBoZURlTDFNWXNWeHhDV1E4dGFYeUZPbzZ0VC1iQ1lQNEZxbV96N2FNTWZja0s3UWRkOE1XVkpqdw==,2023-06-07 12:46:24.204611
youtube#commentThread,IgbvUflUZFsoalakaELRkV7uVqc,UgzJFb70RhpuP_hTHON4AaABAg,"{'videoId': 'XRYjrJJZAME', 'topLevelComment': {'kind': 'youtube#comment', 'etag': 'KeXrvNv9raMC0f1YJlKIAVvG5IY', 'id': 'UgzJFb70RhpuP_hTHON4AaABAg', 'snippet': {'videoId': 'XRYjrJJZAME', 'textDisplay': 'O povo tá de luto, por causa da derrota do bozó, e quando o mundo parou com a covid, ele falou oque é só uma gripizinha, não sou coveiro', 'textOriginal': 'O povo tá de luto, por causa da derrota do bozó, e quando o mundo parou com a covid, ele falou oque é só uma gripizinha, não sou coveiro', 'authorDisplayName': 'Edna Assis de Almeida Almeida', 'authorProfileImageUrl': 'https://yt3.ggpht.com/ytc/AGIKgqOWd9ePIvt9fmdZ1No5faUAuXgzVAKKbFreDRExMw=s48-c-k-c0x00ffffff-no-rj', 'authorChannelUrl': 'http://www.youtube.com/channel/UClWuGR9t1RRq5D65Kiiy18w', 'authorChannelId': {'value': 'UClWuGR9t1RRq5D65Kiiy18w'}, 'canRate': True, 'viewerRating': 'none', 'likeCount': 9, 'publishedAt': '2022-11-01T00:57:18Z', 'updatedAt': '2022-11-01T00:57:18Z'}}, 'canReply': True, 'totalReplyCount': 0, 'isPublic': True}",,UClWuGR9t1RRq5D65Kiiy18w,2022-11-01T00:57:18Z,"O povo tá de luto, por causa da derrota do bozó, e quando o mundo parou com a covid, ele falou oque é só uma gripizinha, não sou coveiro",QURTSl9pM1ZQS3BIYWlPZzk0Y0RsYnBoZURlTDFNWXNWeHhDV1E4dGFYeUZPbzZ0VC1iQ1lQNEZxbV96N2FNTWZja0s3UWRkOE1XVkpqdw==,2023-06-07 12:46:24.204611
youtube#commentThread,Gebdq8pC7TbJfhHTMO0GGyumw60,UgyNXdEQQywwjmVuwqZ4AaABAg,"{'videoId': 'XRYjrJJZAME', 'topLevelComment': {'kind': 'youtube#comment', 'etag': 'CGEwgVvPD4VwIwrW0u50EKdmTCE', 'id': 'UgyNXdEQQywwjmVuwqZ4AaABAg', 'snippet': {'videoId': 'XRYjrJJZAME', 'textDisplay': '❤️❤️❤️', 'textOriginal': '❤️❤️❤️', 'authorDisplayName': 'MRUBIA oliveira', 'authorProfileImageUrl': 'https://yt3.ggpht.com/ytc/AGIKgqNbv4IzIR5vop4DwE-hnLQJbDUK85gDbK5I4l7eI0RHLeqh6DdXku5wJJ4OSyaH=s48-c-k-c0x00ffffff-no-rj', 'authorChannelUrl': 'http://www.youtube.com/channel/UCH8piAqSmZykLJhLcTWXa2g', 'authorChannelId': {'value': 'UCH8piAqSmZykLJhLcTWXa2g'}, 'canRate': True, 'viewerRating': 'none', 'likeCount': 1, 'publishedAt': '2022-11-01T00:57:02Z', 'updatedAt': '2022-11-01T00:57:02Z'}}, 'canReply': True, 'totalReplyCount': 0, 'isPublic': True}",,UCH8piAqSmZykLJhLcTWXa2g,2022-11-01T00:57:02Z,❤️❤️❤️,QURTSl9pM1ZQS3BIYWlPZzk0Y0RsYnBoZURlTDFNWXNWeHhDV1E4dGFYeUZPbzZ0VC1iQ1lQNEZxbV96N2FNTWZja0s3UWRkOE1XVkpqdw==,2023-06-07 12:46:24.204611
youtube#commentThread,dkg0RimaO9meAHx1anMvXdrhfug,Ugyw5Kmm-equH77V9l94AaABAg,"{'videoId': 'XRYjrJJZAME', 'topLevelComment': {'kind': 'youtube#comment', 'etag': 'pPi1ZwIOc3QowxRyED_TyjNYuo4', 'id': 'Ugyw5Kmm-equH77V9l94AaABAg', 'snippet': {'videoId': 'XRYjrJJZAME', 'textDisplay': 'Agora o RATO está escondido comandando a balbúrdia! Que sujeito Sujo......', 'textOriginal': 'Agora o RATO está escondido comandando a balbúrdia! Que sujeito Sujo......', 'authorDisplayName': 'Eu Amo Inglês', 'authorProfileImageUrl': 'https://yt3.ggpht.com/05q1wY0EfcARHQd5eo19ut1qEqR5OObgL8oeFDMDfE0CyuZbSfzaZ8N7TeoIwUDt_HRwAyzIGA=s48-c-k-c0x00ffffff-no-rj', 'authorChannelUrl': 'http://www.youtube.com/channel/UCuHZ4jYguWSq_wXVdmClN6A', 'authorChannelId': {'value': 'UCuHZ4jYguWSq_wXVdmClN6A'}, 'canRate': True, 'viewerRating': 'none', 'likeCount': 0, 'publishedAt': '2022-11-01T00:56:32Z', 'updatedAt': '2022-11-01T00:56:32Z'}}, 'canReply': True, 'totalReplyCount': 0, 'isPublic': True}",,UCuHZ4jYguWSq_wXVdmClN6A,2022-11-01T00:56:32Z,Agora o RATO está escondido comandando a balbúrdia! Que sujeito Sujo......,QURTSl9pM1ZQS3BIYWlPZzk0Y0RsYnBoZURlTDFNWXNWeHhDV1E4dGFYeUZPbzZ0VC1iQ1lQNEZxbV96N2FNTWZja0s3UWRkOE1XVkpqdw==,2023-06-07 12:46:24.204611
youtube#commentThread,g2AUXNN3bfa-JHnUUJttjST0J9A,UgydjDRrYa-BdhiKFgx4AaABAg,"{'videoId': 'XRYjrJJZAME', 'topLevelComment': {'kind': 'youtube#comment', 'etag': 'Gv15w4WqPs-CcgmijXbgrjdvPLE', 'id': 'UgydjDRrYa-BdhiKFgx4AaABAg', 'snippet': {'videoId': 'XRYjrJJZAME', 'textDisplay': 'PT DO AMOR, PROVOQUEM A DIREITA PARA ELA CRESCER....', 'textOriginal': 'PT DO AMOR, PROVOQUEM A DIREITA PARA ELA CRESCER....', 'authorDisplayName': 'Olavo Miniti', 'authorProfileImageUrl': 'https://yt3.ggpht.com/ytc/AGIKgqNoyNFnI_Ocvsw9ZL1jnMtISn9w0Y9gDanfyg=s48-c-k-c0x00ffffff-no-rj', 'authorChannelUrl': 'http://www.youtube.com/channel/UC8eORD3xlOOQC6Pa56y34Dw', 'authorChannelId': {'value': 'UC8eORD3xlOOQC6Pa56y34Dw'}, 'canRate': True, 'viewerRating': 'none', 'likeCount': 0, 'publishedAt': '2022-11-01T00:56:22Z', 'updatedAt': '2022-11-01T00:56:22Z'}}, 'canReply': True, 'totalReplyCount': 0, 'isPublic': True}",,UC8eORD3xlOOQC6Pa56y34Dw,2022-11-01T00:56:22Z,"PT DO AMOR, PROVOQUEM A DIREITA PARA ELA CRESCER....",QURTSl9pM1ZQS3BIYWlPZzk0Y0RsYnBoZURlTDFNWXNWeHhDV1E4dGFYeUZPbzZ0VC1iQ1lQNEZxbV96N2FNTWZja0s3UWRkOE1XVkpqdw==,2023-06-07 12:46:24.204611
youtube#commentThread,czoeEPRf-2A88NL0EfJkeTKkIYo,UgzEeXfALKCv_UObEh94AaABAg,"{'videoId': 'XRYjrJJZAME', 'topLevelComment': {'kind': 'youtube#comment', 'etag': 'slF6g0_ty1X6wshdGTwVxnVK35k', 'id': 'UgzEeXfALKCv_UObEh94AaABAg', 'snippet': {'videoId': 'XRYjrJJZAME', 'textDisplay': 'Bolsonaro tem algum problema nao é possivél nao aceitar a derrota ..ele nao aceita ordem .nao aceita q esta errado..nao resoeita as leis .nao respeita as pessoa. Nem relegiao ..ele tem serios problemas tem dificuldade em aceitar derrota..nao aceita um nao ...isso é caso pra psiquiatra ..nao é normal esse sumiço  dele nao é atoa ele ta em reuniao com os comparssa manipulo todos os bolsonista pra criar o caous ...é a cara dele né', 'textOriginal': 'Bolsonaro tem algum problema nao é possivél nao aceitar a derrota ..ele nao aceita ordem .nao aceita q esta errado..nao resoeita as leis .nao respeita as pessoa. Nem relegiao ..ele tem serios problemas tem dificuldade em aceitar derrota..nao aceita um nao ...isso é caso pra psiquiatra ..nao é normal esse sumiço  dele nao é atoa ele ta em reuniao com os comparssa manipulo todos os bolsonista pra criar o caous ...é a cara dele né', 'authorDisplayName': 'Lourdes Loquette', 'authorProfileImageUrl': 'https://yt3.ggpht.com/ytc/AGIKgqOwe3gUZDCCvBQJcVSSsDmHvSx3AKt2jX-0Bg=s48-c-k-c0x00ffffff-no-rj', 'authorChannelUrl': 'http://www.youtube.com/channel/UC8EJgMOFaf5sqMZzVgvatOA', 'authorChannelId': {'value': 'UC8EJgMOFaf5sqMZzVgvatOA'}, 'canRate': True, 'viewerRating': 'none', 'likeCount': 0, 'publishedAt': '2022-11-01T00:56:17Z', 'updatedAt': '2022-11-01T00:56:17Z'}}, 'canReply': True, 'totalReplyCount': 0, 'isPublic': True}",,UC8EJgMOFaf5sqMZzVgvatOA,2022-11-01T00:56:17Z,Bolsonaro tem algum problema nao é possivél nao aceitar a derrota ..ele nao aceita ordem .nao aceita q esta errado..nao resoeita as leis .nao respeita as pessoa. Nem relegiao ..ele tem serios problemas tem dificuldade em aceitar derrota..nao aceita um nao ...isso é caso pra psiquiatra ..nao é normal esse sumiço  dele nao é atoa ele ta em reuniao com os comparssa manipulo todos os bolsonista pra criar o caous ...é a cara dele né,QURTSl9pM1ZQS3BIYWlPZzk0Y0RsYnBoZURlTDFNWXNWeHhDV1E4dGFYeUZPbzZ0VC1iQ1lQNEZxbV96N2FNTWZja0s3UWRkOE1XVkpqdw==,2023-06-07 12:46:24.204611
youtube#commentThread,sOF7TfykpC0VOcnZEASCBUxV4U0,UgxcL7tqizXmeE2rbUN4AaABAg,"{'videoId': 'XRYjrJJZAME', 'topLevelComment': {'kind': 'youtube#comment', 'etag': '-4Bi5joZrcoD3zgRn2A9dAE0-NU', 'id': 'UgxcL7tqizXmeE2rbUN4AaABAg', 'snippet': {'videoId': 'XRYjrJJZAME', 'textDisplay': 'Vamos colocar os pés no chão, mas não dá pra trabalhar sem hipóteses. Esse movimento era previsível, só que não sabíamos de onde viria. Não podemos afirmar que esses protestos são organizados, mas no mínimo eles estão se organizando para se aproveitar dela.<br><br> Agora com algum tempo o que está se desenhando é seguinte:<br><br>- o Bolsonaro não vai mais pisar no congresso intencionalmente, vai esperar ser afastado para dar a desculpa de golpe;<br>- vai deixar o couro comer e botar culpa no PT pelo protestos.<br>- ele vai tentar nesses 60 dias negociar algum tipo de anistia, com a promessa de parar os protestos.<br>- quanto mais bagunça ele fizer, mais os bolsonaristas vão pedir o golpe.<br>- mais pressão será colocada até o dia da posse, a intenção até lá é esperar algo pra dar dar o golpe.<br>- a pressão será direcionada ao STF, onde ele não conseguiu adentrar. E isso é feito para o STF tomar decisões mais drásticas, afim de jogar a opinião pública contra eles.<br><br>- o ponto mais fraco será essa transição de governo, pelo cenário atual.<br><br>Esses 60 dias serão cruciais, precisamos ter paciência e clareza, antes de qualquer atitude mais drástico.', 'textOriginal': 'Vamos colocar os pés no chão, mas não dá pra trabalhar sem hipóteses. Esse movimento era previsível, só que não sabíamos de onde viria. Não podemos afirmar que esses protestos são organizados, mas no mínimo eles estão se organizando para se aproveitar dela.\n\n Agora com algum tempo o que está se desenhando é seguinte:\n\n- o Bolsonaro não vai mais pisar no congresso intencionalmente, vai esperar ser afastado para dar a desculpa de golpe;\n- vai deixar o couro comer e botar culpa no PT pelo protestos.\n- ele vai tentar nesses 60 dias negociar algum tipo de anistia, com a promessa de parar os protestos.\n- quanto mais bagunça ele fizer, mais os bolsonaristas vão pedir o golpe.\n- mais pressão será colocada até o dia da posse, a intenção até lá é esperar algo pra dar dar o golpe.\n- a pressão será direcionada ao STF, onde ele não conseguiu adentrar. E isso é feito para o STF tomar decisões mais drásticas, afim de jogar a opinião pública contra eles.\n\n- o ponto mais fraco será essa transição de governo, pelo cenário atual.\n\nEsses 60 dias serão cruciais, precisamos ter paciência e clareza, antes de qualquer atitude mais drástico.', 'authorDisplayName': 'Zero Mil', 'authorProfileImageUrl': 'https://yt3.ggpht.com/ytc/AGIKgqPYc0itZw2-GQwSxqilKi7I6y5olXUaG9ej5ldP8yI=s48-c-k-c0x00ffffff-no-rj', 'authorChannelUrl': 'http://www.youtube.com/channel/UCn5F0lclQKewocbRZT_C14A', 'authorChannelId': {'value': 'UCn5F0lclQKewocbRZT_C14A'}, 'canRate': True, 'viewerRating': 'none', 'likeCount': 0, 'publishedAt': '2022-11-01T00:56:00Z', 'updatedAt': '2022-11-01T00:56:00Z'}}, 'canReply': True, 'totalReplyCount': 0, 'isPublic': True}",,UCn5F0lclQKewocbRZT_C14A,2022-11-01T00:56:00Z,"Vamos colocar os pés no chão, mas não dá pra trabalhar sem hipóteses. Esse movimento era previsível, só que não sabíamos de onde viria. Não podemos afirmar que esses protestos são organizados, mas no mínimo eles estão se organizando para se aproveitar dela.

 Agora com algum tempo o que está se desenhando é seguinte:

- o Bolsonaro não vai mais pisar no congresso intencionalmente, vai esperar ser afastado para dar a desculpa de golpe;
- vai deixar o couro comer e botar culpa no PT pelo protestos.
- ele vai tentar nesses 60 dias negociar algum tipo de anistia, com a promessa de parar os protestos.
- quanto mais bagunça ele fizer, mais os bolsonaristas vão pedir o golpe.
- mais pressão será colocada até o dia da posse, a intenção até lá é esperar algo pra dar dar o golpe.
- a pressão será direcionada ao STF, onde ele não conseguiu adentrar. E isso é feito para o STF tomar decisões mais drásticas, afim de jogar a opinião pública contra eles.

- o ponto mais fraco será essa transição de governo, pelo cenário atual.

Esses 60 dias serão cruciais, precisamos ter paciência e clareza, antes de qualquer atitude mais drástico.",QURTSl9pM1ZQS3BIYWlPZzk0Y0RsYnBoZURlTDFNWXNWeHhDV1E4dGFYeUZPbzZ0VC1iQ1lQNEZxbV96N2FNTWZja0s3UWRkOE1XVkpqdw==,2023-06-07 12:46:24.204611
youtube#commentThread,syZ_Zn_S6l_dEUyz4GplSSWOVEg,UgyqvbCUJElXaZ9Xdvx4AaABAg,"{'videoId': 'XRYjrJJZAME', 'topLevelComment': {'kind': 'youtube#comment', 'etag': '6GkpQzFE--YICvVS70e2il3xvwA', 'id': 'UgyqvbCUJElXaZ9Xdvx4AaABAg', 'snippet': {'videoId': 'XRYjrJJZAME', 'textDisplay': 'É como o Presidente Lula disse, &quot;Democracia se faz todo dia&quot;. Esse bolsonarismo instalado no Brasil precisa ser combatido com a Ordem e Progresso pelos Direitos e Deveres de todos os cidadãos brasileiros dentro do processo democrático 🇧🇷', 'textOriginal': 'É como o Presidente Lula disse, ""Democracia se faz todo dia"". Esse bolsonarismo instalado no Brasil precisa ser combatido com a Ordem e Progresso pelos Direitos e Deveres de todos os cidadãos brasileiros dentro do processo democrático 🇧🇷', 'authorDisplayName': 'Maria de Lourdes Medeiros Mota', 'authorProfileImageUrl': 'https://yt3.ggpht.com/ytc/AGIKgqNAe7O5c3iKGKkt25MuvwYAhb_ovEnavuyIew=s48-c-k-c0x00ffffff-no-rj', 'authorChannelUrl': 'http://www.youtube.com/channel/UCUmHQ3_Je1uM183Ozc16Eag', 'authorChannelId': {'value': 'UCUmHQ3_Je1uM183Ozc16Eag'}, 'canRate': True, 'viewerRating': 'none', 'likeCount': 0, 'publishedAt': '2022-11-01T00:55:54Z', 'updatedAt': '2022-11-01T00:56:54Z'}}, 'canReply': True, 'totalReplyCount': 0, 'isPublic': True}",,UCUmHQ3_Je1uM183Ozc16Eag,2022-11-01T00:55:54Z,"É como o Presidente Lula disse, ""Democracia se faz todo dia"". Esse bolsonarismo instalado no Brasil precisa ser combatido com a Ordem e Progresso pelos Direitos e Deveres de todos os cidadãos brasileiros dentro do processo democrático 🇧🇷",QURTSl9pM1ZQS3BIYWlPZzk0Y0RsYnBoZURlTDFNWXNWeHhDV1E4dGFYeUZPbzZ0VC1iQ1lQNEZxbV96N2FNTWZja0s3UWRkOE1XVkpqdw==,2023-06-07 12:46:24.204611
youtube#commentThread,iL7di_U0GycvuMfrs5QysuovVXQ,UgyzJjF-6UyNvo4l7194AaABAg,"{'videoId': 'XRYjrJJZAME', 'topLevelComment': {'kind': 'youtube#comment', 'etag': 'zFDObawf0ZrOz5uGEEWtHYJmi5E', 'id': 'UgyzJjF-6UyNvo4l7194AaABAg', 'snippet': {'videoId': 'XRYjrJJZAME', 'textDisplay': 'Eles queriam uma oportunidade pra desautorizar o TSE, mas primeiro, a polícia não precisa de autorização da Justiça pra atuar e nem é competência do TSE, já que as eleições já foram encerradas.', 'textOriginal': 'Eles queriam uma oportunidade pra desautorizar o TSE, mas primeiro, a polícia não precisa de autorização da Justiça pra atuar e nem é competência do TSE, já que as eleições já foram encerradas.', 'authorDisplayName': 'AH', 'authorProfileImageUrl': 'https://yt3.ggpht.com/Vok5LaGkudLJT3yra2iyIpO4Jzzj8e72k-jQZQHF1KS7B_cDwU01EZQnAXeaMP01-ql_TGVQRw0=s48-c-k-c0x00ffffff-no-rj', 'authorChannelUrl': 'http://www.youtube.com/channel/UCfELsn53cHs1PgHC6WqOdwg', 'authorChannelId': {'value': 'UCfELsn53cHs1PgHC6WqOdwg'}, 'canRate': True, 'viewerRating': 'none', 'likeCount': 6, 'publishedAt': '2022-11-01T00:54:42Z', 'updatedAt': '2022-11-01T00:54:42Z'}}, 'canReply': True, 'totalReplyCount': 0, 'isPublic': True}",,UCfELsn53cHs1PgHC6WqOdwg,2022-11-01T00:54:42Z,"Eles queriam uma oportunidade pra desautorizar o TSE, mas primeiro, a polícia não precisa de autorização da Justiça pra atuar e nem é competência do TSE, já que as eleições já foram encerradas.",QURTSl9pM1ZQS3BIYWlPZzk0Y0RsYnBoZURlTDFNWXNWeHhDV1E4dGFYeUZPbzZ0VC1iQ1lQNEZxbV96N2FNTWZja0s3UWRkOE1XVkpqdw==,2023-06-07 12:46:24.204611
youtube#commentThread,o0tMu7uMPIPtCFH0NXqiiew-ry4,UgxqtNzdQ2Znz1e15tZ4AaABAg,"{'videoId': 'XRYjrJJZAME', 'topLevelComment': {'kind': 'youtube#comment', 'etag': 'v54ZvjdJ0Vlcho3IVN-aczKruDM', 'id': 'UgxqtNzdQ2Znz1e15tZ4AaABAg', 'snippet': {'videoId': 'XRYjrJJZAME', 'textDisplay': 'Bolsonaro com certeza tem tudo a ver com este caos nas estradas!!!!<br>Ele só está esquecendo que ele ainda é o presidente...<br>ele é  o responsável!!!', 'textOriginal': 'Bolsonaro com certeza tem tudo a ver com este caos nas estradas!!!!\nEle só está esquecendo que ele ainda é o presidente...\nele é  o responsável!!!', 'authorDisplayName': 'Adriana Borges', 'authorProfileImageUrl': 'https://yt3.ggpht.com/ytc/AGIKgqO722L_bFI47P4QVQGgQQ-e0DbX-WgEl0aHtQaYO9uNaM7V0ObgZSGxvMbPI7l_=s48-c-k-c0x00ffffff-no-rj', 'authorChannelUrl': 'http://www.youtube.com/channel/UCFY0Sr0K6weFPdcVU2lW6YA', 'authorChannelId': {'value': 'UCFY0Sr0K6weFPdcVU2lW6YA'}, 'canRate': True, 'viewerRating': 'none', 'likeCount': 5, 'publishedAt': '2022-11-01T00:54:41Z', 'updatedAt': '2022-11-01T00:54:41Z'}}, 'canReply': True, 'totalReplyCount': 0, 'isPublic': True}",,UCFY0Sr0K6weFPdcVU2lW6YA,2022-11-01T00:54:41Z,"Bolsonaro com certeza tem tudo a ver com este caos nas estradas!!!!
Ele só está esquecendo que ele ainda é o presidente...
ele é  o responsável!!!",QURTSl9pM1ZQS3BIYWlPZzk0Y0RsYnBoZURlTDFNWXNWeHhDV1E4dGFYeUZPbzZ0VC1iQ1lQNEZxbV96N2FNTWZja0s3UWRkOE1XVkpqdw==,2023-06-07 12:46:24.204611
youtube#commentThread,ENU0crrMPf1jbezu4GogDo754LA,UgxK9e4mRjBaRvkQTRd4AaABAg,"{'videoId': 'XRYjrJJZAME', 'topLevelComment': {'kind': 'youtube#comment', 'etag': 'YqgqMVQLkQ_Q6zrgXIyuQAi9IFE', 'id': 'UgxK9e4mRjBaRvkQTRd4AaABAg', 'snippet': {'videoId': 'XRYjrJJZAME', 'textDisplay': 'bozo está dando orientações pelas redes aos camioneiros pra fazerem esse protesto. ele sonha ainda com um golpe???   coitados', 'textOriginal': 'bozo está dando orientações pelas redes aos camioneiros pra fazerem esse protesto. ele sonha ainda com um golpe???   coitados', 'authorDisplayName': 'arcoiris', 'authorProfileImageUrl': 'https://yt3.ggpht.com/ytc/AGIKgqNDSdwAJuKcXeMoDgDGn6sGfr9buLv1EnDD8gr-9a_A3gfCksj2d-ieQp7STH5P=s48-c-k-c0x00ffffff-no-rj', 'authorChannelUrl': 'http://www.youtube.com/channel/UC_8o9g1RBUt6OjmvW-5SeGg', 'authorChannelId': {'value': 'UC_8o9g1RBUt6OjmvW-5SeGg'}, 'canRate': True, 'viewerRating': 'none', 'likeCount': 0, 'publishedAt': '2022-11-01T00:54:09Z', 'updatedAt': '2022-11-01T00:54:09Z'}}, 'canReply': True, 'totalReplyCount': 0, 'isPublic': True}",,UC_8o9g1RBUt6OjmvW-5SeGg,2022-11-01T00:54:09Z,bozo está dando orientações pelas redes aos camioneiros pra fazerem esse protesto. ele sonha ainda com um golpe???   coitados,QURTSl9pM1ZQS3BIYWlPZzk0Y0RsYnBoZURlTDFNWXNWeHhDV1E4dGFYeUZPbzZ0VC1iQ1lQNEZxbV96N2FNTWZja0s3UWRkOE1XVkpqdw==,2023-06-07 12:46:24.204611
youtube#commentThread,-hDZL_Ab_oF6ndthxQ0xtCrnjH0,UgwVy43xVBPN0Ch0eYx4AaABAg,"{'videoId': 'XRYjrJJZAME', 'topLevelComment': {'kind': 'youtube#comment', 'etag': 'esiagiQcMtJjHWw9JM3YUe8FwI8', 'id': 'UgwVy43xVBPN0Ch0eYx4AaABAg', 'snippet': {'videoId': 'XRYjrJJZAME', 'textDisplay': 'Tenho admiração pelo povo de Santa Catarina povo trabalhador do bem mais tem nesse estado um elemento desprezível que por interesse próprio tá tumultuando o país <br>Eu vi caminhão da havan na manifestação esse ser inútil tá por trás desta palhaçada e tem que ser punido com certeza o digníssimo ministro Alexandre Moraes está de olho nesse bandidismo que em 4 anos enfestaram o Brasil', 'textOriginal': 'Tenho admiração pelo povo de Santa Catarina povo trabalhador do bem mais tem nesse estado um elemento desprezível que por interesse próprio tá tumultuando o país \nEu vi caminhão da havan na manifestação esse ser inútil tá por trás desta palhaçada e tem que ser punido com certeza o digníssimo ministro Alexandre Moraes está de olho nesse bandidismo que em 4 anos enfestaram o Brasil', 'authorDisplayName': 'Paulo h lemos', 'authorProfileImageUrl': 'https://yt3.ggpht.com/ytc/AGIKgqOLZF5rxKkEAwIXpRRL6wDkq2f2YNYmxYH7Ag=s48-c-k-c0x00ffffff-no-rj', 'authorChannelUrl': 'http://www.youtube.com/channel/UCEqlMqYONwl746Zf2YZhiFw', 'authorChannelId': {'value': 'UCEqlMqYONwl746Zf2YZhiFw'}, 'canRate': True, 'viewerRating': 'none', 'likeCount': 0, 'publishedAt': '2022-11-01T00:53:39Z', 'updatedAt': '2022-11-01T00:53:39Z'}}, 'canReply': True, 'totalReplyCount': 0, 'isPublic': True}",,UCEqlMqYONwl746Zf2YZhiFw,2022-11-01T00:53:39Z,"Tenho admiração pelo povo de Santa Catarina povo trabalhador do bem mais tem nesse estado um elemento desprezível que por interesse próprio tá tumultuando o país 
Eu vi caminhão da havan na manifestação esse ser inútil tá por trás desta palhaçada e tem que ser punido com certeza o digníssimo ministro Alexandre Moraes está de olho nesse bandidismo que em 4 anos enfestaram o Brasil",QURTSl9pM1ZQS3BIYWlPZzk0Y0RsYnBoZURlTDFNWXNWeHhDV1E4dGFYeUZPbzZ0VC1iQ1lQNEZxbV96N2FNTWZja0s3UWRkOE1XVkpqdw==,2023-06-07 12:46:24.204611
youtube#commentThread,a89cXWOC2voeaPcQumn_--CqaUw,UgwOCFF7AZ4ZREJDeAx4AaABAg,"{'videoId': 'XRYjrJJZAME', 'topLevelComment': {'kind': 'youtube#comment', 'etag': '0Hz-waAfMVm_NpHecvbx9l8MF4Y', 'id': 'UgwOCFF7AZ4ZREJDeAx4AaABAg', 'snippet': {'videoId': 'XRYjrJJZAME', 'textDisplay': 'ta na cara que  ele ta envolvidos eos seguidores deles  facista  se depender do nordeste ele nunca  mais ganha  mais  nunca', 'textOriginal': 'ta na cara que  ele ta envolvidos eos seguidores deles  facista  se depender do nordeste ele nunca  mais ganha  mais  nunca', 'authorDisplayName': 'Maria Fatima', 'authorProfileImageUrl': 'https://yt3.ggpht.com/ytc/AGIKgqMUy8bKxJZH7UkhpNTvo5NL5R6d_H450IANLA=s48-c-k-c0x00ffffff-no-rj', 'authorChannelUrl': 'http://www.youtube.com/channel/UCBxG8qIwH9osBZT2RY3DIJw', 'authorChannelId': {'value': 'UCBxG8qIwH9osBZT2RY3DIJw'}, 'canRate': True, 'viewerRating': 'none', 'likeCount': 0, 'publishedAt': '2022-11-01T00:52:49Z', 'updatedAt': '2022-11-01T00:52:49Z'}}, 'canReply': True, 'totalReplyCount': 0, 'isPublic': True}",,UCBxG8qIwH9osBZT2RY3DIJw,2022-11-01T00:52:49Z,ta na cara que  ele ta envolvidos eos seguidores deles  facista  se depender do nordeste ele nunca  mais ganha  mais  nunca,QURTSl9pM1ZQS3BIYWlPZzk0Y0RsYnBoZURlTDFNWXNWeHhDV1E4dGFYeUZPbzZ0VC1iQ1lQNEZxbV96N2FNTWZja0s3UWRkOE1XVkpqdw==,2023-06-07 12:46:24.204611
youtube#commentThread,SjK9w7xJu4oo7l1iPEhI_qnvgks,UgxRyxo3cibfxENEfCZ4AaABAg,"{'videoId': 'XRYjrJJZAME', 'topLevelComment': {'kind': 'youtube#comment', 'etag': 'fYAOT6uyFi0ZOtHgkXVBDCkJ8D0', 'id': 'UgxRyxo3cibfxENEfCZ4AaABAg', 'snippet': {'videoId': 'XRYjrJJZAME', 'textDisplay': '👍', 'textOriginal': '👍', 'authorDisplayName': 'Hildo Veloso', 'authorProfileImageUrl': 'https://yt3.ggpht.com/ytc/AGIKgqOSj9dMjKQBPAWn9ONNKTuIgnv1LKc2UGZ1bn1pNR9Cw1jFAznjXn936GcHAB4F=s48-c-k-c0x00ffffff-no-rj', 'authorChannelUrl': 'http://www.youtube.com/channel/UCweBWCRRuD70meP6gMKhbeQ', 'authorChannelId': {'value': 'UCweBWCRRuD70meP6gMKhbeQ'}, 'canRate': True, 'viewerRating': 'none', 'likeCount': 0, 'publishedAt': '2022-11-01T00:52:25Z', 'updatedAt': '2022-11-01T00:52:25Z'}}, 'canReply': True, 'totalReplyCount': 0, 'isPublic': True}",,UCweBWCRRuD70meP6gMKhbeQ,2022-11-01T00:52:25Z,👍,QURTSl9pM1ZQS3BIYWlPZzk0Y0RsYnBoZURlTDFNWXNWeHhDV1E4dGFYeUZPbzZ0VC1iQ1lQNEZxbV96N2FNTWZja0s3UWRkOE1XVkpqdw==,2023-06-07 12:46:24.204611
youtube#commentThread,ySkMjo6Dmay0MndolQYmUwyj9Qw,UgyUf7JimYS9g27Hiuh4AaABAg,"{'videoId': 'XRYjrJJZAME', 'topLevelComment': {'kind': 'youtube#comment', 'etag': '7b9lZ_HKOn879JnTr5-eEeR358w', 'id': 'UgyUf7JimYS9g27Hiuh4AaABAg', 'snippet': {'videoId': 'XRYjrJJZAME', 'textDisplay': 'ESTARRECEDORA , foi quis grafar o vocábulo', 'textOriginal': 'ESTARRECEDORA , foi quis grafar o vocábulo', 'authorDisplayName': 'Pedro Neto', 'authorProfileImageUrl': 'https://yt3.ggpht.com/ytc/AGIKgqM1QZIcRlN2yY6sPpomFYgXyXPBRkmrXh9NBtHk5_winNZ383zz0xfT7H0r12HS=s48-c-k-c0x00ffffff-no-rj', 'authorChannelUrl': 'http://www.youtube.com/channel/UCAEB1GrPrKINaqpGF7XaQ3A', 'authorChannelId': {'value': 'UCAEB1GrPrKINaqpGF7XaQ3A'}, 'canRate': True, 'viewerRating': 'none', 'likeCount': 0, 'publishedAt': '2022-11-01T00:52:19Z', 'updatedAt': '2022-11-01T00:52:19Z'}}, 'canReply': True, 'totalReplyCount': 0, 'isPublic': True}",,UCAEB1GrPrKINaqpGF7XaQ3A,2022-11-01T00:52:19Z,"ESTARRECEDORA , foi quis grafar o vocábulo",QURTSl9pM1ZQS3BIYWlPZzk0Y0RsYnBoZURlTDFNWXNWeHhDV1E4dGFYeUZPbzZ0VC1iQ1lQNEZxbV96N2FNTWZja0s3UWRkOE1XVkpqdw==,2023-06-07 12:46:24.204611
youtube#commentThread,Xfk3oNcRJFOQMO_x9wOWE65wPkU,UgxG3GV4iW-eGZVfc_Z4AaABAg,"{'videoId': 'XRYjrJJZAME', 'topLevelComment': {'kind': 'youtube#comment', 'etag': 'ukxbto0RZKqGaIVdMMCY1e2ttOI', 'id': 'UgxG3GV4iW-eGZVfc_Z4AaABAg', 'snippet': {'videoId': 'XRYjrJJZAME', 'textDisplay': 'Trump Tupiniquim', 'textOriginal': 'Trump Tupiniquim', 'authorDisplayName': 'Lu J.', 'authorProfileImageUrl': 'https://yt3.ggpht.com/ytc/AGIKgqP-LOsg73mJ35N6zmlaDCEdlnzfRlzfyQ7S2g=s48-c-k-c0x00ffffff-no-rj', 'authorChannelUrl': 'http://www.youtube.com/channel/UC6mEHZ5dxQ160aDZF-KNEhA', 'authorChannelId': {'value': 'UC6mEHZ5dxQ160aDZF-KNEhA'}, 'canRate': True, 'viewerRating': 'none', 'likeCount': 0, 'publishedAt': '2022-11-01T00:52:17Z', 'updatedAt': '2022-11-01T00:52:17Z'}}, 'canReply': True, 'totalReplyCount': 0, 'isPublic': True}",,UC6mEHZ5dxQ160aDZF-KNEhA,2022-11-01T00:52:17Z,Trump Tupiniquim,QURTSl9pM1ZQS3BIYWlPZzk0Y0RsYnBoZURlTDFNWXNWeHhDV1E4dGFYeUZPbzZ0VC1iQ1lQNEZxbV96N2FNTWZja0s3UWRkOE1XVkpqdw==,2023-06-07 12:46:24.204611
youtube#commentThread,Ib3_bL7GWBb2yVsuVxyPwlKF4R4,UgwXK0Yq-vmzDGOAgUJ4AaABAg,"{'videoId': 'XRYjrJJZAME', 'topLevelComment': {'kind': 'youtube#comment', 'etag': '-IVj3aGTPlMGl853nJUDQz3CNlM', 'id': 'UgwXK0Yq-vmzDGOAgUJ4AaABAg', 'snippet': {'videoId': 'XRYjrJJZAME', 'textDisplay': 'Ainda teve povo que achava ele o mito gente maioria dos culpado do dia Brasil está assim foi a maioria do povo que não souberam escolher um presidente para representa o povo um presidente sem ordem desequilibrado se maioria não tiver se acordado o brasil mais 8 anos com bossonario iria o fundo do poço', 'textOriginal': 'Ainda teve povo que achava ele o mito gente maioria dos culpado do dia Brasil está assim foi a maioria do povo que não souberam escolher um presidente para representa o povo um presidente sem ordem desequilibrado se maioria não tiver se acordado o brasil mais 8 anos com bossonario iria o fundo do poço', 'authorDisplayName': 'Francimar leite', 'authorProfileImageUrl': 'https://yt3.ggpht.com/ytc/AGIKgqOQCyvjpuFzIi2MG4gM4T3G0YCX_mR1_hbRrKgXWz_x2nhrrMzHpq1wCV8kbYks=s48-c-k-c0x00ffffff-no-rj', 'authorChannelUrl': 'http://www.youtube.com/channel/UCz4C3-W3IaqOZdH-KlRJ-tQ', 'authorChannelId': {'value': 'UCz4C3-W3IaqOZdH-KlRJ-tQ'}, 'canRate': True, 'viewerRating': 'none', 'likeCount': 0, 'publishedAt': '2022-11-01T00:52:17Z', 'updatedAt': '2022-11-01T00:52:17Z'}}, 'canReply': True, 'totalReplyCount': 0, 'isPublic': True}",,UCz4C3-W3IaqOZdH-KlRJ-tQ,2022-11-01T00:52:17Z,Ainda teve povo que achava ele o mito gente maioria dos culpado do dia Brasil está assim foi a maioria do povo que não souberam escolher um presidente para representa o povo um presidente sem ordem desequilibrado se maioria não tiver se acordado o brasil mais 8 anos com bossonario iria o fundo do poço,QURTSl9pM1ZQS3BIYWlPZzk0Y0RsYnBoZURlTDFNWXNWeHhDV1E4dGFYeUZPbzZ0VC1iQ1lQNEZxbV96N2FNTWZja0s3UWRkOE1XVkpqdw==,2023-06-07 12:46:24.204611
youtube#commentThread,zlWeFvEZQii-xTRuJ4x23OdDydM,UgwWQ-Jgoo6bdqnGiw94AaABAg,"{'videoId': 'XRYjrJJZAME', 'topLevelComment': {'kind': 'youtube#comment', 'etag': 'E4oBjWy0UHDwrThCmhvtcgKVJo4', 'id': 'UgwWQ-Jgoo6bdqnGiw94AaABAg', 'snippet': {'videoId': 'XRYjrJJZAME', 'textDisplay': 'Chantagem pra zafar da cadeia.', 'textOriginal': 'Chantagem pra zafar da cadeia.', 'authorDisplayName': 'Freddy Maciel', 'authorProfileImageUrl': 'https://yt3.ggpht.com/ytc/AGIKgqM8teIS_4AL37SyqVLUXd1MSFWVdM9nNuX1fw=s48-c-k-c0x00ffffff-no-rj', 'authorChannelUrl': 'http://www.youtube.com/channel/UClBa-q_2C5GdU0c7XiDMenQ', 'authorChannelId': {'value': 'UClBa-q_2C5GdU0c7XiDMenQ'}, 'canRate': True, 'viewerRating': 'none', 'likeCount': 0, 'publishedAt': '2022-11-01T00:51:44Z', 'updatedAt': '2022-11-01T00:51:44Z'}}, 'canReply': True, 'totalReplyCount': 0, 'isPublic': True}",,UClBa-q_2C5GdU0c7XiDMenQ,2022-11-01T00:51:44Z,Chantagem pra zafar da cadeia.,QURTSl9pM1ZQS3BIYWlPZzk0Y0RsYnBoZURlTDFNWXNWeHhDV1E4dGFYeUZPbzZ0VC1iQ1lQNEZxbV96N2FNTWZja0s3UWRkOE1XVkpqdw==,2023-06-07 12:46:24.204611
youtube#commentThread,jppz5y5N-H1hOwb6H76gplnbsVQ,UgxyUve9AVtNBgseAh14AaABAg,"{'videoId': 'XRYjrJJZAME', 'topLevelComment': {'kind': 'youtube#comment', 'etag': 'sRsmMeG7FBRnbdIYbaKAFicpodA', 'id': 'UgxyUve9AVtNBgseAh14AaABAg', 'snippet': {'videoId': 'XRYjrJJZAME', 'textDisplay': 'Bozó. Já tinha esse esse plano<br>Da Golpe de Estado, isso é Golpe<br>De Estado tá na cara', 'textOriginal': 'Bozó. Já tinha esse esse plano\nDa Golpe de Estado, isso é Golpe\nDe Estado tá na cara', 'authorDisplayName': 'Elias dias de souza Dias', 'authorProfileImageUrl': 'https://yt3.ggpht.com/ytc/AGIKgqNFzzVwkJallmLIwgDFMXqZ8zNdsgG7PYbKvQ=s48-c-k-c0x00ffffff-no-rj', 'authorChannelUrl': 'http://www.youtube.com/channel/UC3fQXHJ-Xd5tGk0QCe6YHew', 'authorChannelId': {'value': 'UC3fQXHJ-Xd5tGk0QCe6YHew'}, 'canRate': True, 'viewerRating': 'none', 'likeCount': 0, 'publishedAt': '2022-11-01T00:51:13Z', 'updatedAt': '2022-11-01T00:51:13Z'}}, 'canReply': True, 'totalReplyCount': 0, 'isPublic': True}",,UC3fQXHJ-Xd5tGk0QCe6YHew,2022-11-01T00:51:13Z,"Bozó. Já tinha esse esse plano
Da Golpe de Estado, isso é Golpe
De Estado tá na cara",QURTSl9pM1ZQS3BIYWlPZzk0Y0RsYnBoZURlTDFNWXNWeHhDV1E4dGFYeUZPbzZ0VC1iQ1lQNEZxbV96N2FNTWZja0s3UWRkOE1XVkpqdw==,2023-06-07 12:46:24.204611
youtube#commentThread,Bi1PFVLinJRUBuozcyv7zwYF5iY,Ugy7bfz4THx8-KY90yJ4AaABAg,"{'videoId': 'XRYjrJJZAME', 'topLevelComment': {'kind': 'youtube#comment', 'etag': 'LqfBwZDnaoPg4D-6FRY0jrUutjA', 'id': 'Ugy7bfz4THx8-KY90yJ4AaABAg', 'snippet': {'videoId': 'XRYjrJJZAME', 'textDisplay': 'A coceira golpista está em curso. Essa sífilis nanica que atende pelo nome de Augusto  Heleno já deu uma declaração estarrecidos neste sentido . Aceita , ameba militar , que dói menos .', 'textOriginal': 'A coceira golpista está em curso. Essa sífilis nanica que atende pelo nome de Augusto  Heleno já deu uma declaração estarrecidos neste sentido . Aceita , ameba militar , que dói menos .', 'authorDisplayName': 'Pedro Neto', 'authorProfileImageUrl': 'https://yt3.ggpht.com/ytc/AGIKgqM1QZIcRlN2yY6sPpomFYgXyXPBRkmrXh9NBtHk5_winNZ383zz0xfT7H0r12HS=s48-c-k-c0x00ffffff-no-rj', 'authorChannelUrl': 'http://www.youtube.com/channel/UCAEB1GrPrKINaqpGF7XaQ3A', 'authorChannelId': {'value': 'UCAEB1GrPrKINaqpGF7XaQ3A'}, 'canRate': True, 'viewerRating': 'none', 'likeCount': 0, 'publishedAt': '2022-11-01T00:50:50Z', 'updatedAt': '2022-11-01T00:50:50Z'}}, 'canReply': True, 'totalReplyCount': 0, 'isPublic': True}",,UCAEB1GrPrKINaqpGF7XaQ3A,2022-11-01T00:50:50Z,"A coceira golpista está em curso. Essa sífilis nanica que atende pelo nome de Augusto  Heleno já deu uma declaração estarrecidos neste sentido . Aceita , ameba militar , que dói menos .",QURTSl9pM1ZQS3BIYWlPZzk0Y0RsYnBoZURlTDFNWXNWeHhDV1E4dGFYeUZPbzZ0VC1iQ1lQNEZxbV96N2FNTWZja0s3UWRkOE1XVkpqdw==,2023-06-07 12:46:24.204611
youtube#commentThread,J7WcxGVSUrrhWBxOjWB2nKLvUCk,UgzhXi_6wa0BjCe0LRp4AaABAg,"{'videoId': 'XRYjrJJZAME', 'topLevelComment': {'kind': 'youtube#comment', 'etag': 'jLs9ShbKPPPJnIQDKYwKjBW-SUQ', 'id': 'UgzhXi_6wa0BjCe0LRp4AaABAg', 'snippet': {'videoId': 'XRYjrJJZAME', 'textDisplay': 'Cadê o STF vcs pode acionar a justiça p afastamento do do diretor da PRF eles estão apoiado caus', 'textOriginal': 'Cadê o STF vcs pode acionar a justiça p afastamento do do diretor da PRF eles estão apoiado caus', 'authorDisplayName': 'Valter Galvão Paes', 'authorProfileImageUrl': 'https://yt3.ggpht.com/ytc/AGIKgqNWW8R5HgFoi8hjb1bzeWeUiT7lh-Py3fE_rA=s48-c-k-c0x00ffffff-no-rj', 'authorChannelUrl': 'http://www.youtube.com/channel/UCPaaY0SE534-EeqWashijCQ', 'authorChannelId': {'value': 'UCPaaY0SE534-EeqWashijCQ'}, 'canRate': True, 'viewerRating': 'none', 'likeCount': 0, 'publishedAt': '2022-11-01T00:50:21Z', 'updatedAt': '2022-11-01T00:50:21Z'}}, 'canReply': True, 'totalReplyCount': 0, 'isPublic': True}",,UCPaaY0SE534-EeqWashijCQ,2022-11-01T00:50:21Z,Cadê o STF vcs pode acionar a justiça p afastamento do do diretor da PRF eles estão apoiado caus,QURTSl9pM1ZQS3BIYWlPZzk0Y0RsYnBoZURlTDFNWXNWeHhDV1E4dGFYeUZPbzZ0VC1iQ1lQNEZxbV96N2FNTWZja0s3UWRkOE1XVkpqdw==,2023-06-07 12:46:24.204611
youtube#commentThread,a3USHDfNU2Lc-KyuzZWh31xVXnE,UgygroLCBIaL36XQqzp4AaABAg,"{'videoId': 'XRYjrJJZAME', 'topLevelComment': {'kind': 'youtube#comment', 'etag': '0zHysIqdrGucDQ1_IjGC0XpWqDc', 'id': 'UgygroLCBIaL36XQqzp4AaABAg', 'snippet': {'videoId': 'XRYjrJJZAME', 'textDisplay': 'São uma menoria de Bosonaristas arruaceiros querem desviar o foco para Bosonaro ganhar fôlego para suas estratégias golpista', 'textOriginal': 'São uma menoria de Bosonaristas arruaceiros querem desviar o foco para Bosonaro ganhar fôlego para suas estratégias golpista', 'authorDisplayName': 'Elci Queiroz Borges', 'authorProfileImageUrl': 'https://yt3.ggpht.com/ytc/AGIKgqO2IDcxgpc3oIe1iccuNvNCwto0EGbW8Nxj7w=s48-c-k-c0x00ffffff-no-rj', 'authorChannelUrl': 'http://www.youtube.com/channel/UC0mDgQyGL33dSAl3YgZsjiQ', 'authorChannelId': {'value': 'UC0mDgQyGL33dSAl3YgZsjiQ'}, 'canRate': True, 'viewerRating': 'none', 'likeCount': 1, 'publishedAt': '2022-11-01T00:50:18Z', 'updatedAt': '2022-11-01T00:50:18Z'}}, 'canReply': True, 'totalReplyCount': 0, 'isPublic': True}",,UC0mDgQyGL33dSAl3YgZsjiQ,2022-11-01T00:50:18Z,São uma menoria de Bosonaristas arruaceiros querem desviar o foco para Bosonaro ganhar fôlego para suas estratégias golpista,QURTSl9pM1ZQS3BIYWlPZzk0Y0RsYnBoZURlTDFNWXNWeHhDV1E4dGFYeUZPbzZ0VC1iQ1lQNEZxbV96N2FNTWZja0s3UWRkOE1XVkpqdw==,2023-06-07 12:46:24.204611
youtube#commentThread,n8o-GSfEu7ysegJtdnYdhnHmW38,Ugwtjc7zyEe1mZVZAe14AaABAg,"{'videoId': 'XRYjrJJZAME', 'topLevelComment': {'kind': 'youtube#comment', 'etag': 'tC10K4_p7JS-gvxwzSRlr617Yys', 'id': 'Ugwtjc7zyEe1mZVZAe14AaABAg', 'snippet': {'videoId': 'XRYjrJJZAME', 'textDisplay': 'Camioneiros  golpista    arranca gado  que está tampando a estrada', 'textOriginal': 'Camioneiros  golpista    arranca gado  que está tampando a estrada', 'authorDisplayName': 'José antonio Santos', 'authorProfileImageUrl': 'https://yt3.ggpht.com/ytc/AGIKgqNtx26HVtYexxRVtisrWv26SO0FpvBsvRZ8JShrtbNO6341yCpm7NhcOXLmsZGH=s48-c-k-c0x00ffffff-no-rj', 'authorChannelUrl': 'http://www.youtube.com/channel/UCLNXGjvJwoJodnUGC5id7qg', 'authorChannelId': {'value': 'UCLNXGjvJwoJodnUGC5id7qg'}, 'canRate': True, 'viewerRating': 'none', 'likeCount': 0, 'publishedAt': '2022-11-01T00:49:42Z', 'updatedAt': '2022-11-01T00:49:42Z'}}, 'canReply': True, 'totalReplyCount': 0, 'isPublic': True}",,UCLNXGjvJwoJodnUGC5id7qg,2022-11-01T00:49:42Z,Camioneiros  golpista    arranca gado  que está tampando a estrada,QURTSl9pM1ZQS3BIYWlPZzk0Y0RsYnBoZURlTDFNWXNWeHhDV1E4dGFYeUZPbzZ0VC1iQ1lQNEZxbV96N2FNTWZja0s3UWRkOE1XVkpqdw==,2023-06-07 12:46:24.204611
youtube#commentThread,zixGoKbQ1cjiXV-EIZJb_OntWRo,Ugxs7Fv4dwfnzL_qqyV4AaABAg,"{'videoId': 'XRYjrJJZAME', 'topLevelComment': {'kind': 'youtube#comment', 'etag': 'V2oS0Y4x78ppnZGHohW8p7v3UBI', 'id': 'Ugxs7Fv4dwfnzL_qqyV4AaABAg', 'snippet': {'videoId': 'XRYjrJJZAME', 'textDisplay': 'Foram 4 anos de tristeza e muita dor depressão miséria,vai demorar cair a ficha que estamos livre desse cara Santo Deus ajuda nois esquecer desse medo de quando ia ao mercado pegava a comida e devolvia na prateleira', 'textOriginal': 'Foram 4 anos de tristeza e muita dor depressão miséria,vai demorar cair a ficha que estamos livre desse cara Santo Deus ajuda nois esquecer desse medo de quando ia ao mercado pegava a comida e devolvia na prateleira', 'authorDisplayName': 'Zeni Das graças miranda', 'authorProfileImageUrl': 'https://yt3.ggpht.com/ytc/AGIKgqOQZCD0PAVVZiVWeXEzZGdPTkreIrnPf6oNmA=s48-c-k-c0x00ffffff-no-rj', 'authorChannelUrl': 'http://www.youtube.com/channel/UCrQpEmkC1ULsuDgtBG9ty5w', 'authorChannelId': {'value': 'UCrQpEmkC1ULsuDgtBG9ty5w'}, 'canRate': True, 'viewerRating': 'none', 'likeCount': 19, 'publishedAt': '2022-11-01T00:49:15Z', 'updatedAt': '2022-11-01T00:49:15Z'}}, 'canReply': True, 'totalReplyCount': 0, 'isPublic': True}",,UCrQpEmkC1ULsuDgtBG9ty5w,2022-11-01T00:49:15Z,"Foram 4 anos de tristeza e muita dor depressão miséria,vai demorar cair a ficha que estamos livre desse cara Santo Deus ajuda nois esquecer desse medo de quando ia ao mercado pegava a comida e devolvia na prateleira",QURTSl9pM1ZQS3BIYWlPZzk0Y0RsYnBoZURlTDFNWXNWeHhDV1E4dGFYeUZPbzZ0VC1iQ1lQNEZxbV96N2FNTWZja0s3UWRkOE1XVkpqdw==,2023-06-07 12:46:24.204611
youtube#commentThread,aw3MhmqPGpO3HU9F1fWQFbb8ECQ,UgwO04tjRiBaGt1hcqp4AaABAg,"{'videoId': 'XRYjrJJZAME', 'topLevelComment': {'kind': 'youtube#comment', 'etag': 'zaSGEkf9VwEUEc9eQ5izvTnN9HA', 'id': 'UgwO04tjRiBaGt1hcqp4AaABAg', 'snippet': {'videoId': 'XRYjrJJZAME', 'textDisplay': 'Roubar o povo', 'textOriginal': 'Roubar o povo', 'authorDisplayName': 'Deus acima de tudo', 'authorProfileImageUrl': 'https://yt3.ggpht.com/ISt2OcLbH1v3IX1LYmM1c28QcBkBOiyEyuhDhzcEDj_aWQ71PEY6olhczbXHXZn8bkU_964i=s48-c-k-c0x00ffffff-no-rj', 'authorChannelUrl': 'http://www.youtube.com/channel/UCw2D42hsSEkkZf_YorsmiYA', 'authorChannelId': {'value': 'UCw2D42hsSEkkZf_YorsmiYA'}, 'canRate': True, 'viewerRating': 'none', 'likeCount': 0, 'publishedAt': '2022-11-01T00:48:32Z', 'updatedAt': '2022-11-01T00:48:32Z'}}, 'canReply': True, 'totalReplyCount': 0, 'isPublic': True}",,UCw2D42hsSEkkZf_YorsmiYA,2022-11-01T00:48:32Z,Roubar o povo,QURTSl9pM1ZQS3BIYWlPZzk0Y0RsYnBoZURlTDFNWXNWeHhDV1E4dGFYeUZPbzZ0VC1iQ1lQNEZxbV96N2FNTWZja0s3UWRkOE1XVkpqdw==,2023-06-07 12:46:24.204611
youtube#commentThread,hr8cw3dKB8Vfq8OIc_ZjpgjIxqo,UgzoM8mO09tv7yP-md94AaABAg,"{'videoId': 'XRYjrJJZAME', 'topLevelComment': {'kind': 'youtube#comment', 'etag': 'S3cFy_fj5OGjXHI49M1IeyRyPMU', 'id': 'UgzoM8mO09tv7yP-md94AaABAg', 'snippet': {'videoId': 'XRYjrJJZAME', 'textDisplay': 'Deus abençoe nossa nação tem misericórdia de nós 🙌🙏', 'textOriginal': 'Deus abençoe nossa nação tem misericórdia de nós 🙌🙏', 'authorDisplayName': 'Elizangela Araújo', 'authorProfileImageUrl': 'https://yt3.ggpht.com/ytc/AGIKgqNEFEstTZChyF8KtkILH8slEl85zvpOlINjpw=s48-c-k-c0x00ffffff-no-rj', 'authorChannelUrl': 'http://www.youtube.com/channel/UC1SzhMrNsaFkdIj0QMbmefQ', 'authorChannelId': {'value': 'UC1SzhMrNsaFkdIj0QMbmefQ'}, 'canRate': True, 'viewerRating': 'none', 'likeCount': 15, 'publishedAt': '2022-11-01T00:48:30Z', 'updatedAt': '2022-11-01T00:48:30Z'}}, 'canReply': True, 'totalReplyCount': 1, 'isPublic': True}","{'comments': [{'kind': 'youtube#comment', 'etag': '3bcOWqA3xJl3J29nc0hKYZIz-KA', 'id': 'UgzoM8mO09tv7yP-md94AaABAg.9hs1GQ6o2Ey9hsnd_H_y1d', 'snippet': {'videoId': 'XRYjrJJZAME', 'textDisplay': 'Ele já demonstrou a misericórdia por nós,  o pleito de domingo foi a mão Dele,  dando um basta 🖐🏽', 'textOriginal': 'Ele já demonstrou a misericórdia por nós,  o pleito de domingo foi a mão Dele,  dando um basta 🖐🏽', 'parentId': 'UgzoM8mO09tv7yP-md94AaABAg', 'authorDisplayName': 'Marcia Batista', 'authorProfileImageUrl': 'https://yt3.ggpht.com/ytc/AGIKgqO8RWwAzaugedbekl0QrJvZu4CMpfGHuln36A=s48-c-k-c0x00ffffff-no-rj', 'authorChannelUrl': 'http://www.youtube.com/channel/UCuR4THZVMCJQJynUbAZBRhA', 'authorChannelId': {'value': 'UCuR4THZVMCJQJynUbAZBRhA'}, 'canRate': True, 'viewerRating': 'none', 'likeCount': 1, 'publishedAt': '2022-11-01T07:59:58Z', 'updatedAt': '2022-11-01T07:59:58Z'}}]}",UC1SzhMrNsaFkdIj0QMbmefQ,2022-11-01T00:48:30Z,Deus abençoe nossa nação tem misericórdia de nós 🙌🙏,QURTSl9pM1ZQS3BIYWlPZzk0Y0RsYnBoZURlTDFNWXNWeHhDV1E4dGFYeUZPbzZ0VC1iQ1lQNEZxbV96N2FNTWZja0s3UWRkOE1XVkpqdw==,2023-06-07 12:46:24.204611
youtube#commentThread,6Rpmrz2XD7nj1519-AHufdYuOX4,Ugzfq43CxO_Fqt-TdU94AaABAg,"{'videoId': 'XRYjrJJZAME', 'topLevelComment': {'kind': 'youtube#comment', 'etag': '27vUHRSW_SlznfL8T1vvLam21A4', 'id': 'Ugzfq43CxO_Fqt-TdU94AaABAg', 'snippet': {'videoId': 'XRYjrJJZAME', 'textDisplay': 'Depois que abrir o sigilo do bolsonaro, sera que os apoiaadores vao comtinuar apoiando este crapola', 'textOriginal': 'Depois que abrir o sigilo do bolsonaro, sera que os apoiaadores vao comtinuar apoiando este crapola', 'authorDisplayName': 'Mariah Castro', 'authorProfileImageUrl': 'https://yt3.ggpht.com/ytc/AGIKgqN4V02xVZYjDQVio2AiUOFCRITcwRIRP-9ZuA=s48-c-k-c0x00ffffff-no-rj', 'authorChannelUrl': 'http://www.youtube.com/channel/UCYMlT1GBRMFMLGHtbdgX-lg', 'authorChannelId': {'value': 'UCYMlT1GBRMFMLGHtbdgX-lg'}, 'canRate': True, 'viewerRating': 'none', 'likeCount': 0, 'publishedAt': '2022-11-01T00:48:19Z', 'updatedAt': '2022-11-01T00:48:19Z'}}, 'canReply': True, 'totalReplyCount': 0, 'isPublic': True}",,UCYMlT1GBRMFMLGHtbdgX-lg,2022-11-01T00:48:19Z,"Depois que abrir o sigilo do bolsonaro, sera que os apoiaadores vao comtinuar apoiando este crapola",QURTSl9pM1ZQS3BIYWlPZzk0Y0RsYnBoZURlTDFNWXNWeHhDV1E4dGFYeUZPbzZ0VC1iQ1lQNEZxbV96N2FNTWZja0s3UWRkOE1XVkpqdw==,2023-06-07 12:46:24.204611
youtube#commentThread,ShExe_nreozofIl-yNNpJs2MGhc,Ugyf09zU0Pv0yggV1vZ4AaABAg,"{'videoId': 'XRYjrJJZAME', 'topLevelComment': {'kind': 'youtube#comment', 'etag': 'Vc0FQsMZEwBOA9w53M1W69ZqF34', 'id': 'Ugyf09zU0Pv0yggV1vZ4AaABAg', 'snippet': {'videoId': 'XRYjrJJZAME', 'textDisplay': 'Bolsonaro foi um pateta ...e continua a ser.....que bom que Deus ouviu as orações de mais da metade da população...e, atenção, qdo a outra parte for servida por Lula....  serão gratos', 'textOriginal': 'Bolsonaro foi um pateta ...e continua a ser.....que bom que Deus ouviu as orações de mais da metade da população...e, atenção, qdo a outra parte for servida por Lula....  serão gratos', 'authorDisplayName': 'elizabeth cristina santana', 'authorProfileImageUrl': 'https://yt3.ggpht.com/ytc/AGIKgqPyBmU0Kckfu7vBuSKRWhNpDSNEMElYYWDhedcVXg=s48-c-k-c0x00ffffff-no-rj', 'authorChannelUrl': 'http://www.youtube.com/channel/UCNxrumCBa_WjAoeHw9OjyCg', 'authorChannelId': {'value': 'UCNxrumCBa_WjAoeHw9OjyCg'}, 'canRate': True, 'viewerRating': 'none', 'likeCount': 0, 'publishedAt': '2022-11-01T00:48:19Z', 'updatedAt': '2022-11-01T00:49:01Z'}}, 'canReply': True, 'totalReplyCount': 0, 'isPublic': True}",,UCNxrumCBa_WjAoeHw9OjyCg,2022-11-01T00:48:19Z,"Bolsonaro foi um pateta ...e continua a ser.....que bom que Deus ouviu as orações de mais da metade da população...e, atenção, qdo a outra parte for servida por Lula....  serão gratos",QURTSl9pM1ZQS3BIYWlPZzk0Y0RsYnBoZURlTDFNWXNWeHhDV1E4dGFYeUZPbzZ0VC1iQ1lQNEZxbV96N2FNTWZja0s3UWRkOE1XVkpqdw==,2023-06-07 12:46:24.204611
youtube#commentThread,iS_pDyON-ty5xuqp0kG0PY1IYZg,Ugxb8LfYVak8BghwGF14AaABAg,"{'videoId': 'XRYjrJJZAME', 'topLevelComment': {'kind': 'youtube#comment', 'etag': 'XQeEDhMpqYy1T1kY7vlQkkSxYm8', 'id': 'Ugxb8LfYVak8BghwGF14AaABAg', 'snippet': {'videoId': 'XRYjrJJZAME', 'textDisplay': 'Bolsonaro que fique pianinho, ele sabe que motivos não faltam para que vá preso, Janeiro está bem próximo.', 'textOriginal': 'Bolsonaro que fique pianinho, ele sabe que motivos não faltam para que vá preso, Janeiro está bem próximo.', 'authorDisplayName': 'Alba Nisia', 'authorProfileImageUrl': 'https://yt3.ggpht.com/ytc/AGIKgqNGxLQvvItxHbX3u4Lpa6MfDUW5lUcAf_1lvQ=s48-c-k-c0x00ffffff-no-rj', 'authorChannelUrl': 'http://www.youtube.com/channel/UCj50yw815nDZ8M4ZFnfLd2w', 'authorChannelId': {'value': 'UCj50yw815nDZ8M4ZFnfLd2w'}, 'canRate': True, 'viewerRating': 'none', 'likeCount': 0, 'publishedAt': '2022-11-01T00:48:14Z', 'updatedAt': '2022-11-01T00:48:14Z'}}, 'canReply': True, 'totalReplyCount': 0, 'isPublic': True}",,UCj50yw815nDZ8M4ZFnfLd2w,2022-11-01T00:48:14Z,"Bolsonaro que fique pianinho, ele sabe que motivos não faltam para que vá preso, Janeiro está bem próximo.",QURTSl9pM1ZQS3BIYWlPZzk0Y0RsYnBoZURlTDFNWXNWeHhDV1E4dGFYeUZPbzZ0VC1iQ1lQNEZxbV96N2FNTWZja0s3UWRkOE1XVkpqdw==,2023-06-07 12:46:24.204611
youtube#commentThread,cgM95gntnxkHEUd54eLMHS-61V0,Ugxxzri1aVqFp6Dclvx4AaABAg,"{'videoId': 'XRYjrJJZAME', 'topLevelComment': {'kind': 'youtube#comment', 'etag': 'LAJwM2RSrKfbOFaaWxLcYK23rng', 'id': 'Ugxxzri1aVqFp6Dclvx4AaABAg', 'snippet': {'videoId': 'XRYjrJJZAME', 'textDisplay': 'Comprem urgente o livro Partido da Terra. De Alceu Luís Cadtilho. Tem segredos da ditadura. Ladrões de latifúndios. O MDB e o PSDB levaram vantagens sobre os roubos  . Sarney. FHC e Temer são só trés deles. Lula está cercado de golpistas. Alkmim. Maçom. Os golpes são dos maçons e direita. Conheci Tebet em 2014 tentando criar lei pra criminalizar quem fala mal de polítucos na net  . Ajudou dar o golpe. Votou contra os trabalhadores. Vergonhoso dar palco pra essa emedebista. Vivo bloqueada depois do golpe. O MDB arquitetou tudo', 'textOriginal': 'Comprem urgente o livro Partido da Terra. De Alceu Luís Cadtilho. Tem segredos da ditadura. Ladrões de latifúndios. O MDB e o PSDB levaram vantagens sobre os roubos  . Sarney. FHC e Temer são só trés deles. Lula está cercado de golpistas. Alkmim. Maçom. Os golpes são dos maçons e direita. Conheci Tebet em 2014 tentando criar lei pra criminalizar quem fala mal de polítucos na net  . Ajudou dar o golpe. Votou contra os trabalhadores. Vergonhoso dar palco pra essa emedebista. Vivo bloqueada depois do golpe. O MDB arquitetou tudo', 'authorDisplayName': 'Mirtes Muller', 'authorProfileImageUrl': 'https://yt3.ggpht.com/ytc/AGIKgqPntKUglHrRkKMf1sra5SsSRtkgtV6K0AGRLg=s48-c-k-c0x00ffffff-no-rj', 'authorChannelUrl': 'http://www.youtube.com/channel/UCRSD2HeU4rIov2y1thJIhsw', 'authorChannelId': {'value': 'UCRSD2HeU4rIov2y1thJIhsw'}, 'canRate': True, 'viewerRating': 'none', 'likeCount': 0, 'publishedAt': '2022-11-01T00:48:07Z', 'updatedAt': '2022-11-01T00:48:07Z'}}, 'canReply': True, 'totalReplyCount': 0, 'isPublic': True}",,UCRSD2HeU4rIov2y1thJIhsw,2022-11-01T00:48:07Z,Comprem urgente o livro Partido da Terra. De Alceu Luís Cadtilho. Tem segredos da ditadura. Ladrões de latifúndios. O MDB e o PSDB levaram vantagens sobre os roubos  . Sarney. FHC e Temer são só trés deles. Lula está cercado de golpistas. Alkmim. Maçom. Os golpes são dos maçons e direita. Conheci Tebet em 2014 tentando criar lei pra criminalizar quem fala mal de polítucos na net  . Ajudou dar o golpe. Votou contra os trabalhadores. Vergonhoso dar palco pra essa emedebista. Vivo bloqueada depois do golpe. O MDB arquitetou tudo,QURTSl9pM1ZQS3BIYWlPZzk0Y0RsYnBoZURlTDFNWXNWeHhDV1E4dGFYeUZPbzZ0VC1iQ1lQNEZxbV96N2FNTWZja0s3UWRkOE1XVkpqdw==,2023-06-07 12:46:24.204611
youtube#commentThread,ofYicyo8v1QjOZmVgyMhJoH7quc,Ugw-fU6sh6tebP-_yyd4AaABAg,"{'videoId': 'XRYjrJJZAME', 'topLevelComment': {'kind': 'youtube#comment', 'etag': 'TflHhaQ_Fm1DR2kVMzC2uvDoLy8', 'id': 'Ugw-fU6sh6tebP-_yyd4AaABAg', 'snippet': {'videoId': 'XRYjrJJZAME', 'textDisplay': 'A notìcia mais importante è a eleição do Lula e a defesa da Democracia!👏👏👏💚💛💙', 'textOriginal': 'A notìcia mais importante è a eleição do Lula e a defesa da Democracia!👏👏👏💚💛💙', 'authorDisplayName': 'Mariza', 'authorProfileImageUrl': 'https://yt3.ggpht.com/jHbXgkyZcNwLDROdsd9jisgX86489qIuhKERqYchFs_jssC0pkH43_68kunZPpY5C5TFJt-oBQ=s48-c-k-c0x00ffffff-no-rj', 'authorChannelUrl': 'http://www.youtube.com/channel/UC1e8c8-e-5kl9mRNkGp4HcQ', 'authorChannelId': {'value': 'UC1e8c8-e-5kl9mRNkGp4HcQ'}, 'canRate': True, 'viewerRating': 'none', 'likeCount': 1, 'publishedAt': '2022-11-01T00:47:47Z', 'updatedAt': '2022-11-01T00:47:47Z'}}, 'canReply': True, 'totalReplyCount': 0, 'isPublic': True}",,UC1e8c8-e-5kl9mRNkGp4HcQ,2022-11-01T00:47:47Z,A notìcia mais importante è a eleição do Lula e a defesa da Democracia!👏👏👏💚💛💙,QURTSl9pM1ZQS3BIYWlPZzk0Y0RsYnBoZURlTDFNWXNWeHhDV1E4dGFYeUZPbzZ0VC1iQ1lQNEZxbV96N2FNTWZja0s3UWRkOE1XVkpqdw==,2023-06-07 12:46:24.204611
youtube#commentThread,EaSfnDP6aZhbhi8dst1ihBIJUis,Ugy0wXbIOqPCnUfdnNF4AaABAg,"{'videoId': 'XRYjrJJZAME', 'topLevelComment': {'kind': 'youtube#comment', 'etag': 'CUnm_CvfALJGP-2YHfaBKburoZU', 'id': 'Ugy0wXbIOqPCnUfdnNF4AaABAg', 'snippet': {'videoId': 'XRYjrJJZAME', 'textDisplay': 'Verdade ele faz o que quer e ninguém la de cima faz nada né ????', 'textOriginal': 'Verdade ele faz o que quer e ninguém la de cima faz nada né ????', 'authorDisplayName': 'Antonio Domingues de lima', 'authorProfileImageUrl': 'https://yt3.ggpht.com/ytc/AGIKgqNvhKZ73aP4OM-_i9eDAwOLPK_WCeobErFryw=s48-c-k-c0x00ffffff-no-rj', 'authorChannelUrl': 'http://www.youtube.com/channel/UC6mbn1wx4x9A-nvHCrE_S_g', 'authorChannelId': {'value': 'UC6mbn1wx4x9A-nvHCrE_S_g'}, 'canRate': True, 'viewerRating': 'none', 'likeCount': 0, 'publishedAt': '2022-11-01T00:47:46Z', 'updatedAt': '2022-11-01T00:47:46Z'}}, 'canReply': True, 'totalReplyCount': 0, 'isPublic': True}",,UC6mbn1wx4x9A-nvHCrE_S_g,2022-11-01T00:47:46Z,Verdade ele faz o que quer e ninguém la de cima faz nada né ????,QURTSl9pM1ZQS3BIYWlPZzk0Y0RsYnBoZURlTDFNWXNWeHhDV1E4dGFYeUZPbzZ0VC1iQ1lQNEZxbV96N2FNTWZja0s3UWRkOE1XVkpqdw==,2023-06-07 12:46:24.204611
youtube#commentThread,s_sG0P0z9yy-3qqrCmr70CxDRqM,UgwmoV-exN_bkJF13pp4AaABAg,"{'videoId': 'XRYjrJJZAME', 'topLevelComment': {'kind': 'youtube#comment', 'etag': 'AfTSwg49N-oqfxMgIuJa3pHZMIw', 'id': 'UgwmoV-exN_bkJF13pp4AaABAg', 'snippet': {'videoId': 'XRYjrJJZAME', 'textDisplay': 'E capaz deles receber os policias com tiro e granadas...', 'textOriginal': 'E capaz deles receber os policias com tiro e granadas...', 'authorDisplayName': 'Celia Celhoka', 'authorProfileImageUrl': 'https://yt3.ggpht.com/ytc/AGIKgqOl7lv0wQt9BWjQJ6u8bX_pup4UA617ncIqNA=s48-c-k-c0x00ffffff-no-rj', 'authorChannelUrl': 'http://www.youtube.com/channel/UCCtStHwUFrt-pUJ149_lM6w', 'authorChannelId': {'value': 'UCCtStHwUFrt-pUJ149_lM6w'}, 'canRate': True, 'viewerRating': 'none', 'likeCount': 0, 'publishedAt': '2022-11-01T00:47:08Z', 'updatedAt': '2022-11-01T00:47:08Z'}}, 'canReply': True, 'totalReplyCount': 0, 'isPublic': True}",,UCCtStHwUFrt-pUJ149_lM6w,2022-11-01T00:47:08Z,E capaz deles receber os policias com tiro e granadas...,QURTSl9pM1ZQS3BIYWlPZzk0Y0RsYnBoZURlTDFNWXNWeHhDV1E4dGFYeUZPbzZ0VC1iQ1lQNEZxbV96N2FNTWZja0s3UWRkOE1XVkpqdw==,2023-06-07 12:46:24.204611
youtube#commentThread,8qlqs3X3RZIHMBNcCMWhBo2aj8I,UgyMFhtCMHEdu78M14p4AaABAg,"{'videoId': 'XRYjrJJZAME', 'topLevelComment': {'kind': 'youtube#comment', 'etag': 'BaXbrTFCM_bMm-MNM8CVjBozJXg', 'id': 'UgyMFhtCMHEdu78M14p4AaABAg', 'snippet': {'videoId': 'XRYjrJJZAME', 'textDisplay': 'Quem escolheu foi o STF', 'textOriginal': 'Quem escolheu foi o STF', 'authorDisplayName': 'Ricardo Karajose', 'authorProfileImageUrl': 'https://yt3.ggpht.com/ytc/AGIKgqM0z3R1vNR9Gl0kzaKSTRIeM_8mUVwfFiW6v494=s48-c-k-c0x00ffffff-no-rj', 'authorChannelUrl': 'http://www.youtube.com/channel/UCGaFSwr8SGMHDw-Drjec-dA', 'authorChannelId': {'value': 'UCGaFSwr8SGMHDw-Drjec-dA'}, 'canRate': True, 'viewerRating': 'none', 'likeCount': 0, 'publishedAt': '2022-11-01T00:47:05Z', 'updatedAt': '2022-11-01T00:47:05Z'}}, 'canReply': True, 'totalReplyCount': 0, 'isPublic': True}",,UCGaFSwr8SGMHDw-Drjec-dA,2022-11-01T00:47:05Z,Quem escolheu foi o STF,QURTSl9pM1ZQS3BIYWlPZzk0Y0RsYnBoZURlTDFNWXNWeHhDV1E4dGFYeUZPbzZ0VC1iQ1lQNEZxbV96N2FNTWZja0s3UWRkOE1XVkpqdw==,2023-06-07 12:46:24.204611
youtube#commentThread,KyyRmpVbljdTvHwp2WxZT1Goebk,Ugw4GDSbNW19CEkeH_h4AaABAg,"{'videoId': 'XRYjrJJZAME', 'topLevelComment': {'kind': 'youtube#comment', 'etag': 'afAnq4t7-bbLUKFsgDpA8Fqfzvc', 'id': 'Ugw4GDSbNW19CEkeH_h4AaABAg', 'snippet': {'videoId': 'XRYjrJJZAME', 'textDisplay': 'Como brasileiro de verdade, não vamos deixar vocês entregarem o país para a sua ideologia.', 'textOriginal': 'Como brasileiro de verdade, não vamos deixar vocês entregarem o país para a sua ideologia.', 'authorDisplayName': 'Ayrton Oliveira', 'authorProfileImageUrl': 'https://yt3.ggpht.com/ytc/AGIKgqNs-k4rLIrb5CWjZlyyT1YPiV1eh6_Kg3fGag=s48-c-k-c0x00ffffff-no-rj', 'authorChannelUrl': 'http://www.youtube.com/channel/UCHmbCqPMIYgqTC5QLVLKfjw', 'authorChannelId': {'value': 'UCHmbCqPMIYgqTC5QLVLKfjw'}, 'canRate': True, 'viewerRating': 'none', 'likeCount': 0, 'publishedAt': '2022-11-01T00:46:34Z', 'updatedAt': '2022-11-01T00:46:34Z'}}, 'canReply': True, 'totalReplyCount': 0, 'isPublic': True}",,UCHmbCqPMIYgqTC5QLVLKfjw,2022-11-01T00:46:34Z,"Como brasileiro de verdade, não vamos deixar vocês entregarem o país para a sua ideologia.",QURTSl9pM1ZQS3BIYWlPZzk0Y0RsYnBoZURlTDFNWXNWeHhDV1E4dGFYeUZPbzZ0VC1iQ1lQNEZxbV96N2FNTWZja0s3UWRkOE1XVkpqdw==,2023-06-07 12:46:24.204611
youtube#commentThread,KlHhv4rxmLpLNJCfbLiw3bunKdg,UgzzmmRh4L4i9-5qPkh4AaABAg,"{'videoId': 'XRYjrJJZAME', 'topLevelComment': {'kind': 'youtube#comment', 'etag': 'u-XozSnc_fVrlRLNQDv2YLpbUJM', 'id': 'UgzzmmRh4L4i9-5qPkh4AaABAg', 'snippet': {'videoId': 'XRYjrJJZAME', 'textDisplay': 'A polícia deve t com medo de ir lá tira eles na rodovia..vai que eles têm granada..', 'textOriginal': 'A polícia deve t com medo de ir lá tira eles na rodovia..vai que eles têm granada..', 'authorDisplayName': 'Celia Celhoka', 'authorProfileImageUrl': 'https://yt3.ggpht.com/ytc/AGIKgqOl7lv0wQt9BWjQJ6u8bX_pup4UA617ncIqNA=s48-c-k-c0x00ffffff-no-rj', 'authorChannelUrl': 'http://www.youtube.com/channel/UCCtStHwUFrt-pUJ149_lM6w', 'authorChannelId': {'value': 'UCCtStHwUFrt-pUJ149_lM6w'}, 'canRate': True, 'viewerRating': 'none', 'likeCount': 0, 'publishedAt': '2022-11-01T00:46:20Z', 'updatedAt': '2022-11-01T00:46:20Z'}}, 'canReply': True, 'totalReplyCount': 0, 'isPublic': True}",,UCCtStHwUFrt-pUJ149_lM6w,2022-11-01T00:46:20Z,A polícia deve t com medo de ir lá tira eles na rodovia..vai que eles têm granada..,QURTSl9pM1ZQS3BIYWlPZzk0Y0RsYnBoZURlTDFNWXNWeHhDV1E4dGFYeUZPbzZ0VC1iQ1lQNEZxbV96N2FNTWZja0s3UWRkOE1XVkpqdw==,2023-06-07 12:46:24.204611
youtube#commentThread,lVJXeKJK_CPEDZZgu82sQaL02W4,Ugx0NgnZcZ2qcxAhdyF4AaABAg,"{'videoId': 'XRYjrJJZAME', 'topLevelComment': {'kind': 'youtube#comment', 'etag': '3lEc0EmXYwjDrsEfjNxr4FaiJ5s', 'id': 'Ugx0NgnZcZ2qcxAhdyF4AaABAg', 'snippet': {'videoId': 'XRYjrJJZAME', 'textDisplay': 'Maioria dos Cristãos orando por ambição e Deus deu a resposta Homem nem um vai fazer nada sem a direção de Deus se Deus permitiu q Lula fosse eleito   quem somos nós para questionar  com Deus não cai uma folha seca de uma árvore se não for a vontade de Deus quem serve a Deus sabe o q está acontecendo e permissão de Deus e ele está no controle de tudo', 'textOriginal': 'Maioria dos Cristãos orando por ambição e Deus deu a resposta Homem nem um vai fazer nada sem a direção de Deus se Deus permitiu q Lula fosse eleito   quem somos nós para questionar  com Deus não cai uma folha seca de uma árvore se não for a vontade de Deus quem serve a Deus sabe o q está acontecendo e permissão de Deus e ele está no controle de tudo', 'authorDisplayName': 'Ana Bortoloti', 'authorProfileImageUrl': 'https://yt3.ggpht.com/ytc/AGIKgqPUEAjRAmoplBCAtgwLXuLZU9v_JyUldyH1jg=s48-c-k-c0x00ffffff-no-rj', 'authorChannelUrl': 'http://www.youtube.com/channel/UCZ-10tfKKaHBr0DSc5yXvSg', 'authorChannelId': {'value': 'UCZ-10tfKKaHBr0DSc5yXvSg'}, 'canRate': True, 'viewerRating': 'none', 'likeCount': 1, 'publishedAt': '2022-11-01T00:46:17Z', 'updatedAt': '2022-11-01T00:46:17Z'}}, 'canReply': True, 'totalReplyCount': 0, 'isPublic': True}",,UCZ-10tfKKaHBr0DSc5yXvSg,2022-11-01T00:46:17Z,Maioria dos Cristãos orando por ambição e Deus deu a resposta Homem nem um vai fazer nada sem a direção de Deus se Deus permitiu q Lula fosse eleito   quem somos nós para questionar  com Deus não cai uma folha seca de uma árvore se não for a vontade de Deus quem serve a Deus sabe o q está acontecendo e permissão de Deus e ele está no controle de tudo,QURTSl9pM1ZQS3BIYWlPZzk0Y0RsYnBoZURlTDFNWXNWeHhDV1E4dGFYeUZPbzZ0VC1iQ1lQNEZxbV96N2FNTWZja0s3UWRkOE1XVkpqdw==,2023-06-07 12:46:24.204611
youtube#commentThread,FiLc7PaIv9CNZOn6od420szAT24,UgyVRa6N7U6wbQAFAox4AaABAg,"{'videoId': 'XRYjrJJZAME', 'topLevelComment': {'kind': 'youtube#comment', 'etag': 'gN4iua9i6rzxTK8eOubjlxSKAR8', 'id': 'UgyVRa6N7U6wbQAFAox4AaABAg', 'snippet': {'videoId': 'XRYjrJJZAME', 'textDisplay': 'Esse inútil tem que ser tirado da presidência igual fizeram com trump nos EUA com chute na bunda', 'textOriginal': 'Esse inútil tem que ser tirado da presidência igual fizeram com trump nos EUA com chute na bunda', 'authorDisplayName': 'Paulo h lemos', 'authorProfileImageUrl': 'https://yt3.ggpht.com/ytc/AGIKgqOLZF5rxKkEAwIXpRRL6wDkq2f2YNYmxYH7Ag=s48-c-k-c0x00ffffff-no-rj', 'authorChannelUrl': 'http://www.youtube.com/channel/UCEqlMqYONwl746Zf2YZhiFw', 'authorChannelId': {'value': 'UCEqlMqYONwl746Zf2YZhiFw'}, 'canRate': True, 'viewerRating': 'none', 'likeCount': 0, 'publishedAt': '2022-11-01T00:45:57Z', 'updatedAt': '2022-11-01T00:45:57Z'}}, 'canReply': True, 'totalReplyCount': 0, 'isPublic': True}",,UCEqlMqYONwl746Zf2YZhiFw,2022-11-01T00:45:57Z,Esse inútil tem que ser tirado da presidência igual fizeram com trump nos EUA com chute na bunda,QURTSl9pM1ZQS3BIYWlPZzk0Y0RsYnBoZURlTDFNWXNWeHhDV1E4dGFYeUZPbzZ0VC1iQ1lQNEZxbV96N2FNTWZja0s3UWRkOE1XVkpqdw==,2023-06-07 12:46:24.204611
youtube#commentThread,Y8_om6xVr6Xn6KpK1MZBKcSig0U,UgzVY6c-OBhnb9wKfTR4AaABAg,"{'videoId': 'XRYjrJJZAME', 'topLevelComment': {'kind': 'youtube#comment', 'etag': 'tCYjdsF8NoD9W94sPF8zjkqTGVM', 'id': 'UgzVY6c-OBhnb9wKfTR4AaABAg', 'snippet': {'videoId': 'XRYjrJJZAME', 'textDisplay': 'Abraço Pimenta,nObgda por não ter abandonado seu amigo  Nosso Presidente', 'textOriginal': 'Abraço Pimenta,nObgda por não ter abandonado seu amigo  Nosso Presidente', 'authorDisplayName': 'Helena Moura', 'authorProfileImageUrl': 'https://yt3.ggpht.com/ytc/AGIKgqOK_C6LuKblthAJqKxFJ-kpzYQzRspwBtF3sYcT2A=s48-c-k-c0x00ffffff-no-rj', 'authorChannelUrl': 'http://www.youtube.com/channel/UC_yLC14TkGYcQi-qDLDdDIg', 'authorChannelId': {'value': 'UC_yLC14TkGYcQi-qDLDdDIg'}, 'canRate': True, 'viewerRating': 'none', 'likeCount': 3, 'publishedAt': '2022-11-01T00:45:06Z', 'updatedAt': '2022-11-01T00:45:06Z'}}, 'canReply': True, 'totalReplyCount': 0, 'isPublic': True}",,UC_yLC14TkGYcQi-qDLDdDIg,2022-11-01T00:45:06Z,"Abraço Pimenta,nObgda por não ter abandonado seu amigo  Nosso Presidente",QURTSl9pM1ZQS3BIYWlPZzk0Y0RsYnBoZURlTDFNWXNWeHhDV1E4dGFYeUZPbzZ0VC1iQ1lQNEZxbV96N2FNTWZja0s3UWRkOE1XVkpqdw==,2023-06-07 12:46:24.204611
youtube#commentThread,X6tPxT7hTBMuy06Dl2LVbWFaqTs,UgymoH2Q2oMPr_WaEMl4AaABAg,"{'videoId': 'XRYjrJJZAME', 'topLevelComment': {'kind': 'youtube#comment', 'etag': 'KtNlL2S6jT1uJKtpos1y-tfbge4', 'id': 'UgymoH2Q2oMPr_WaEMl4AaABAg', 'snippet': {'videoId': 'XRYjrJJZAME', 'textDisplay': 'Tudo isso já era esperado e foi debatido pelo meu &#39;grupo petista&#39;. A vitória do presidente Lula iria causar alguma rebeldia. Até 31 de dezembro é problema do bozo ...', 'textOriginal': ""Tudo isso já era esperado e foi debatido pelo meu 'grupo petista'. A vitória do presidente Lula iria causar alguma rebeldia. Até 31 de dezembro é problema do bozo ..."", 'authorDisplayName': 'Daniel FO', 'authorProfileImageUrl': 'https://yt3.ggpht.com/ytc/AGIKgqNWZ0mgMa7joG8Rzh2UPp2chKKL5X2dWq_HxQ=s48-c-k-c0x00ffffff-no-rj', 'authorChannelUrl': 'http://www.youtube.com/channel/UCplbrWA1_2SCs3FGT13Th4A', 'authorChannelId': {'value': 'UCplbrWA1_2SCs3FGT13Th4A'}, 'canRate': True, 'viewerRating': 'none', 'likeCount': 0, 'publishedAt': '2022-11-01T00:44:47Z', 'updatedAt': '2022-11-01T00:44:47Z'}}, 'canReply': True, 'totalReplyCount': 0, 'isPublic': True}",,UCplbrWA1_2SCs3FGT13Th4A,2022-11-01T00:44:47Z,Tudo isso já era esperado e foi debatido pelo meu 'grupo petista'. A vitória do presidente Lula iria causar alguma rebeldia. Até 31 de dezembro é problema do bozo ...,QURTSl9pM1ZQS3BIYWlPZzk0Y0RsYnBoZURlTDFNWXNWeHhDV1E4dGFYeUZPbzZ0VC1iQ1lQNEZxbV96N2FNTWZja0s3UWRkOE1XVkpqdw==,2023-06-07 12:46:24.204611
youtube#commentThread,DQgXOavpdU1QT-vZB5HnZKCZVVs,UgyMCi1sOycwnoV_Rwx4AaABAg,"{'videoId': 'XRYjrJJZAME', 'topLevelComment': {'kind': 'youtube#comment', 'etag': 'NC6geWwxvHLpzJW5nfmEme4xemY', 'id': 'UgyMCi1sOycwnoV_Rwx4AaABAg', 'snippet': {'videoId': 'XRYjrJJZAME', 'textDisplay': 'Quem vence tem responsabilidade de governar quem perde obrigação de se  recolher e fazer melhor', 'textOriginal': 'Quem vence tem responsabilidade de governar quem perde obrigação de se  recolher e fazer melhor', 'authorDisplayName': 'Joacir Sonda', 'authorProfileImageUrl': 'https://yt3.ggpht.com/ytc/AGIKgqPdyT0dX9Rhfz_0_5lGrpJVrrZAQSG2k7Z-VSLdfrGzZzJ3O_TmHzplpSk5qd-z=s48-c-k-c0x00ffffff-no-rj', 'authorChannelUrl': 'http://www.youtube.com/channel/UCfsGHdrpPVPEphW_AMhlD2Q', 'authorChannelId': {'value': 'UCfsGHdrpPVPEphW_AMhlD2Q'}, 'canRate': True, 'viewerRating': 'none', 'likeCount': 2, 'publishedAt': '2022-11-01T00:44:44Z', 'updatedAt': '2022-11-01T00:44:44Z'}}, 'canReply': True, 'totalReplyCount': 1, 'isPublic': True}","{'comments': [{'kind': 'youtube#comment', 'etag': 'm8pqSbDv2WiPMzVY-xYjmVfi-WI', 'id': 'UgyMCi1sOycwnoV_Rwx4AaABAg.9hs0pp0DHlF9hs3x9QmO5E', 'snippet': {'videoId': 'XRYjrJJZAME', 'textDisplay': 'Joacir, jamais será o caso do GENOCIDA.', 'textOriginal': 'Joacir, jamais será o caso do GENOCIDA.', 'parentId': 'UgyMCi1sOycwnoV_Rwx4AaABAg', 'authorDisplayName': 'Alba Nisia', 'authorProfileImageUrl': 'https://yt3.ggpht.com/ytc/AGIKgqNGxLQvvItxHbX3u4Lpa6MfDUW5lUcAf_1lvQ=s48-c-k-c0x00ffffff-no-rj', 'authorChannelUrl': 'http://www.youtube.com/channel/UCj50yw815nDZ8M4ZFnfLd2w', 'authorChannelId': {'value': 'UCj50yw815nDZ8M4ZFnfLd2w'}, 'canRate': True, 'viewerRating': 'none', 'likeCount': 0, 'publishedAt': '2022-11-01T01:11:57Z', 'updatedAt': '2022-11-01T01:11:57Z'}}]}",UCfsGHdrpPVPEphW_AMhlD2Q,2022-11-01T00:44:44Z,Quem vence tem responsabilidade de governar quem perde obrigação de se  recolher e fazer melhor,QURTSl9pM1ZQS3BIYWlPZzk0Y0RsYnBoZURlTDFNWXNWeHhDV1E4dGFYeUZPbzZ0VC1iQ1lQNEZxbV96N2FNTWZja0s3UWRkOE1XVkpqdw==,2023-06-07 12:46:24.204611
youtube#commentThread,-OiOyz6C_XeGSQdySyZhubz63gs,UgysRqg0Rwz0BlY0PRl4AaABAg,"{'videoId': 'XRYjrJJZAME', 'topLevelComment': {'kind': 'youtube#comment', 'etag': 'GPCKMqrRpx9SFM_0QK2-bHmhIlc', 'id': 'UgysRqg0Rwz0BlY0PRl4AaABAg', 'snippet': {'videoId': 'XRYjrJJZAME', 'textDisplay': 'Oi Paulo estamos diante do captório verçao brasileira', 'textOriginal': 'Oi Paulo estamos diante do captório verçao brasileira', 'authorDisplayName': 'Valter Galvão Paes', 'authorProfileImageUrl': 'https://yt3.ggpht.com/ytc/AGIKgqNWW8R5HgFoi8hjb1bzeWeUiT7lh-Py3fE_rA=s48-c-k-c0x00ffffff-no-rj', 'authorChannelUrl': 'http://www.youtube.com/channel/UCPaaY0SE534-EeqWashijCQ', 'authorChannelId': {'value': 'UCPaaY0SE534-EeqWashijCQ'}, 'canRate': True, 'viewerRating': 'none', 'likeCount': 0, 'publishedAt': '2022-11-01T00:44:41Z', 'updatedAt': '2022-11-01T00:44:41Z'}}, 'canReply': True, 'totalReplyCount': 0, 'isPublic': True}",,UCPaaY0SE534-EeqWashijCQ,2022-11-01T00:44:41Z,Oi Paulo estamos diante do captório verçao brasileira,QURTSl9pM1ZQS3BIYWlPZzk0Y0RsYnBoZURlTDFNWXNWeHhDV1E4dGFYeUZPbzZ0VC1iQ1lQNEZxbV96N2FNTWZja0s3UWRkOE1XVkpqdw==,2023-06-07 12:46:24.204611
youtube#commentThread,rVJ3kfN-Lq8Z3J7yGYOKRTHv22o,UgzA4HQuH2IZzN4kXSN4AaABAg,"{'videoId': 'XRYjrJJZAME', 'topLevelComment': {'kind': 'youtube#comment', 'etag': 'EwDZqGacr6sptsdSHQz_mKTs5bs', 'id': 'UgzA4HQuH2IZzN4kXSN4AaABAg', 'snippet': {'videoId': 'XRYjrJJZAME', 'textDisplay': 'Aqui no Nordeste estamos em paz. Missão cumprida!<br>O amor venceu o ódio🙏❤🤩', 'textOriginal': 'Aqui no Nordeste estamos em paz. Missão cumprida!\nO amor venceu o ódio🙏❤🤩', 'authorDisplayName': 'Jozenilda Veras', 'authorProfileImageUrl': 'https://yt3.ggpht.com/ytc/AGIKgqNgO6sHaVnWvX4IQEf2wrp2wo-hpP8S2qDMtg=s48-c-k-c0x00ffffff-no-rj', 'authorChannelUrl': 'http://www.youtube.com/channel/UC6cTadF13skrWEZYdSZYWYQ', 'authorChannelId': {'value': 'UC6cTadF13skrWEZYdSZYWYQ'}, 'canRate': True, 'viewerRating': 'none', 'likeCount': 45, 'publishedAt': '2022-11-01T00:44:21Z', 'updatedAt': '2022-11-01T00:44:21Z'}}, 'canReply': True, 'totalReplyCount': 9, 'isPublic': True}","{'comments': [{'kind': 'youtube#comment', 'etag': 'YvVdUnzPe5DqC0AEKvvLBoub9tg', 'id': 'UgzA4HQuH2IZzN4kXSN4AaABAg.9hs0mzJ2sYS9htPrDNQxza', 'snippet': {'videoId': 'XRYjrJJZAME', 'textDisplay': '@Rjffjddj Deus estará no comando, Ele deu a vitória ao Lula, Ele está cuidando da paz do nosso Brasil.', 'textOriginal': '@Rjffjddj Deus estará no comando, Ele deu a vitória ao Lula, Ele está cuidando da paz do nosso Brasil.', 'parentId': 'UgzA4HQuH2IZzN4kXSN4AaABAg', 'authorDisplayName': 'Alba Nisia', 'authorProfileImageUrl': 'https://yt3.ggpht.com/ytc/AGIKgqNGxLQvvItxHbX3u4Lpa6MfDUW5lUcAf_1lvQ=s48-c-k-c0x00ffffff-no-rj', 'authorChannelUrl': 'http://www.youtube.com/channel/UCj50yw815nDZ8M4ZFnfLd2w', 'authorChannelId': {'value': 'UCj50yw815nDZ8M4ZFnfLd2w'}, 'canRate': True, 'viewerRating': 'none', 'likeCount': 0, 'publishedAt': '2022-11-01T13:42:37Z', 'updatedAt': '2022-11-01T13:42:37Z'}}, {'kind': 'youtube#comment', 'etag': '6o-hXNfqTP8TvLB71TNCG5zGRZk', 'id': 'UgzA4HQuH2IZzN4kXSN4AaABAg.9hs0mzJ2sYS9hsGHWHX5Xs', 'snippet': {'videoId': 'XRYjrJJZAME', 'textDisplay': 'Serio tao em.paz ? Mas porque estao bloqueando estradas e queimando tudo??? E porque nao sairam para comemorar a vitoria nas ruas??? Ta parecendo velorio', 'textOriginal': 'Serio tao em.paz ? Mas porque estao bloqueando estradas e queimando tudo??? E porque nao sairam para comemorar a vitoria nas ruas??? Ta parecendo velorio', 'parentId': 'UgzA4HQuH2IZzN4kXSN4AaABAg', 'authorDisplayName': 'CHACAL', 'authorProfileImageUrl': 'https://yt3.ggpht.com/ytc/AGIKgqN8U8KMsK32sJJwOlyL2VFmBH8R0-1pPz8tGPv2j3zWALcYG9DHJwjHc-JGpLGH=s48-c-k-c0x00ffffff-no-rj', 'authorChannelUrl': 'http://www.youtube.com/channel/UC4h_KIgu8LPqOaM65eWXyMw', 'authorChannelId': {'value': 'UC4h_KIgu8LPqOaM65eWXyMw'}, 'canRate': True, 'viewerRating': 'none', 'likeCount': 1, 'publishedAt': '2022-11-01T02:59:43Z', 'updatedAt': '2022-11-01T02:59:43Z'}}, {'kind': 'youtube#comment', 'etag': 'rnLgDvuFEmS5Es6qLWn3m9-Drz8', 'id': 'UgzA4HQuH2IZzN4kXSN4AaABAg.9hs0mzJ2sYS9hs7vpxYfL9', 'snippet': {'videoId': 'XRYjrJJZAME', 'textDisplay': 'Obrigado ao povo do nordeste pela derrota do inominável IHUUU', 'textOriginal': 'Obrigado ao povo do nordeste pela derrota do inominável IHUUU', 'parentId': 'UgzA4HQuH2IZzN4kXSN4AaABAg', 'authorDisplayName': 'REINALDO MELAO', 'authorProfileImageUrl': 'https://yt3.ggpht.com/ytc/AGIKgqO4fcIEwr1CCsEbAIctPMeKcOExT9_gH6GLmQ=s48-c-k-c0x00ffffff-no-rj', 'authorChannelUrl': 'http://www.youtube.com/channel/UChEUKLmD-kSa0a1Crn_vliQ', 'authorChannelId': {'value': 'UChEUKLmD-kSa0a1Crn_vliQ'}, 'canRate': True, 'viewerRating': 'none', 'likeCount': 2, 'publishedAt': '2022-11-01T01:46:43Z', 'updatedAt': '2022-11-01T01:46:43Z'}}, {'kind': 'youtube#comment', 'etag': 'X-3iH76FHjJAKeTQt1ZHQhu02YA', 'id': 'UgzA4HQuH2IZzN4kXSN4AaABAg.9hs0mzJ2sYS9hs7lxjWN8M', 'snippet': {'videoId': 'XRYjrJJZAME', 'textDisplay': 'Obrigado ao povo nordestinos...', 'textOriginal': 'Obrigado ao povo nordestinos...', 'parentId': 'UgzA4HQuH2IZzN4kXSN4AaABAg', 'authorDisplayName': 'Gerosina Fiais', 'authorProfileImageUrl': 'https://yt3.ggpht.com/Sr1NuaKCa2wUGEOI1gDkvXFY4YpjP1VkykjO-fHTwV7lSHz9z6SvNWW7BLW3WIEo8xBKZ1mXdQ=s48-c-k-c0x00ffffff-no-rj', 'authorChannelUrl': 'http://www.youtube.com/channel/UCP2pUwz9Siml6zfvxN1HH1Q', 'authorChannelId': {'value': 'UCP2pUwz9Siml6zfvxN1HH1Q'}, 'canRate': True, 'viewerRating': 'none', 'likeCount': 2, 'publishedAt': '2022-11-01T01:45:22Z', 'updatedAt': '2022-11-01T01:45:22Z'}}, {'kind': 'youtube#comment', 'etag': '5WGpkRREMB0Tcv8IU4YW2nteos0', 'id': 'UgzA4HQuH2IZzN4kXSN4AaABAg.9hs0mzJ2sYS9hs6GHFiMla', 'snippet': {'videoId': 'XRYjrJJZAME', 'textDisplay': 'Obrigada aos nordestinos, aqui no sul falta amor, é muito egoísmo....', 'textOriginal': 'Obrigada aos nordestinos, aqui no sul falta amor, é muito egoísmo....', 'parentId': 'UgzA4HQuH2IZzN4kXSN4AaABAg', 'authorDisplayName': 'Mirian Ordakowski', 'authorProfileImageUrl': 'https://yt3.ggpht.com/ytc/AGIKgqP-J3U0XO0fIvVQm658R-5f1-ONrRs0Zp95fA=s48-c-k-c0x00ffffff-no-rj', 'authorChannelUrl': 'http://www.youtube.com/channel/UCGmw9YN5UJV3Lgw3T3cmq-w', 'authorChannelId': {'value': 'UCGmw9YN5UJV3Lgw3T3cmq-w'}, 'canRate': True, 'viewerRating': 'none', 'likeCount': 2, 'publishedAt': '2022-11-01T01:32:10Z', 'updatedAt': '2022-11-01T01:32:10Z'}}]}",UC6cTadF13skrWEZYdSZYWYQ,2022-11-01T00:44:21Z,"Aqui no Nordeste estamos em paz. Missão cumprida!
O amor venceu o ódio🙏❤🤩",QURTSl9pM1ZQS3BIYWlPZzk0Y0RsYnBoZURlTDFNWXNWeHhDV1E4dGFYeUZPbzZ0VC1iQ1lQNEZxbV96N2FNTWZja0s3UWRkOE1XVkpqdw==,2023-06-07 12:46:24.204611
youtube#commentThread,2_J1v3MnjD0tF-Y0asr4hi-7Dgw,UgyvpGL_0Di_2RG1ESt4AaABAg,"{'videoId': 'XRYjrJJZAME', 'topLevelComment': {'kind': 'youtube#comment', 'etag': 'cB1-pPU4-Q_5xolyUKIyc3jVnVM', 'id': 'UgyvpGL_0Di_2RG1ESt4AaABAg', 'snippet': {'videoId': 'XRYjrJJZAME', 'textDisplay': 'Polícia  para baderneiros.', 'textOriginal': 'Polícia  para baderneiros.', 'authorDisplayName': 'Cassio jose de lima De lima', 'authorProfileImageUrl': 'https://yt3.ggpht.com/ytc/AGIKgqPB2VE-TlDZ2GVkNCz8jjYug97fabqZrr0JLg=s48-c-k-c0x00ffffff-no-rj', 'authorChannelUrl': 'http://www.youtube.com/channel/UCjC7Tu9HUaObqHh1B-quBXA', 'authorChannelId': {'value': 'UCjC7Tu9HUaObqHh1B-quBXA'}, 'canRate': True, 'viewerRating': 'none', 'likeCount': 1, 'publishedAt': '2022-11-01T00:44:04Z', 'updatedAt': '2022-11-01T00:44:04Z'}}, 'canReply': True, 'totalReplyCount': 0, 'isPublic': True}",,UCjC7Tu9HUaObqHh1B-quBXA,2022-11-01T00:44:04Z,Polícia  para baderneiros.,QURTSl9pM1ZQS3BIYWlPZzk0Y0RsYnBoZURlTDFNWXNWeHhDV1E4dGFYeUZPbzZ0VC1iQ1lQNEZxbV96N2FNTWZja0s3UWRkOE1XVkpqdw==,2023-06-07 12:46:24.204611
youtube#commentThread,G0GTtT_CIao5HlGFz4gnvs1qZ6k,UgyJMvVl2Pxu1l1PzBt4AaABAg,"{'videoId': 'XRYjrJJZAME', 'topLevelComment': {'kind': 'youtube#comment', 'etag': 'kUyw41UT1jUX5udJAgsEZrUvo5g', 'id': 'UgyJMvVl2Pxu1l1PzBt4AaABAg', 'snippet': {'videoId': 'XRYjrJJZAME', 'textDisplay': 'Parabéns Paulo Pimenta, você também contribuiu para a vitória do nosso presidente Lula, o povo agradece sua atitude.', 'textOriginal': 'Parabéns Paulo Pimenta, você também contribuiu para a vitória do nosso presidente Lula, o povo agradece sua atitude.', 'authorDisplayName': 'Alba Nisia', 'authorProfileImageUrl': 'https://yt3.ggpht.com/ytc/AGIKgqNGxLQvvItxHbX3u4Lpa6MfDUW5lUcAf_1lvQ=s48-c-k-c0x00ffffff-no-rj', 'authorChannelUrl': 'http://www.youtube.com/channel/UCj50yw815nDZ8M4ZFnfLd2w', 'authorChannelId': {'value': 'UCj50yw815nDZ8M4ZFnfLd2w'}, 'canRate': True, 'viewerRating': 'none', 'likeCount': 1, 'publishedAt': '2022-11-01T00:43:49Z', 'updatedAt': '2022-11-01T00:43:49Z'}}, 'canReply': True, 'totalReplyCount': 0, 'isPublic': True}",,UCj50yw815nDZ8M4ZFnfLd2w,2022-11-01T00:43:49Z,"Parabéns Paulo Pimenta, você também contribuiu para a vitória do nosso presidente Lula, o povo agradece sua atitude.",QURTSl9pM1ZQS3BIYWlPZzk0Y0RsYnBoZURlTDFNWXNWeHhDV1E4dGFYeUZPbzZ0VC1iQ1lQNEZxbV96N2FNTWZja0s3UWRkOE1XVkpqdw==,2023-06-07 12:46:24.204611
youtube#commentThread,ZEa8gBjRGDWxlSjxmuSJG4TWSxU,UgwbS4jGu_WCZm4Irsp4AaABAg,"{'videoId': 'XRYjrJJZAME', 'topLevelComment': {'kind': 'youtube#comment', 'etag': 'xh4I3dXfQj-fatWbueqkMa980kI', 'id': 'UgwbS4jGu_WCZm4Irsp4AaABAg', 'snippet': {'videoId': 'XRYjrJJZAME', 'textDisplay': 'Alguém imaginou algo diferente?🤔', 'textOriginal': 'Alguém imaginou algo diferente?🤔', 'authorDisplayName': 'Fanny Lykissas', 'authorProfileImageUrl': 'https://yt3.ggpht.com/ytc/AGIKgqNh0thf_L6Yif1JNFSdV3xko7ky14j6H6V_kpFT=s48-c-k-c0x00ffffff-no-rj', 'authorChannelUrl': 'http://www.youtube.com/channel/UCQ_5a9Y2jfsGLkS1g9HXFew', 'authorChannelId': {'value': 'UCQ_5a9Y2jfsGLkS1g9HXFew'}, 'canRate': True, 'viewerRating': 'none', 'likeCount': 0, 'publishedAt': '2022-11-01T00:43:34Z', 'updatedAt': '2022-11-01T00:43:34Z'}}, 'canReply': True, 'totalReplyCount': 0, 'isPublic': True}",,UCQ_5a9Y2jfsGLkS1g9HXFew,2022-11-01T00:43:34Z,Alguém imaginou algo diferente?🤔,QURTSl9pM1ZQS3BIYWlPZzk0Y0RsYnBoZURlTDFNWXNWeHhDV1E4dGFYeUZPbzZ0VC1iQ1lQNEZxbV96N2FNTWZja0s3UWRkOE1XVkpqdw==,2023-06-07 12:46:24.204611
youtube#commentThread,U098P988x5S5LU42AFmH55aaGBY,UgzxPdc5EeVTo-Vascl4AaABAg,"{'videoId': 'XRYjrJJZAME', 'topLevelComment': {'kind': 'youtube#comment', 'etag': 'SrwJ7xaiyBDMT7J4HNEFWGIOrIw', 'id': 'UgzxPdc5EeVTo-Vascl4AaABAg', 'snippet': {'videoId': 'XRYjrJJZAME', 'textDisplay': 'Na minha opinião nos da esquerda ,ntemho que ignorar,  essa paralização,  ignorar vamos chamar isso de baderna, falta do que fazer, inveja,n safadeza Patifaria, quanto ao Jair se ele fosse normal, seus eleitores teriam aceitado  essa derrota, Enquanto os baderneiros fecham rodovia O Presidente Eleito , já está trabalhando', 'textOriginal': 'Na minha opinião nos da esquerda ,ntemho que ignorar,  essa paralização,  ignorar vamos chamar isso de baderna, falta do que fazer, inveja,n safadeza Patifaria, quanto ao Jair se ele fosse normal, seus eleitores teriam aceitado  essa derrota, Enquanto os baderneiros fecham rodovia O Presidente Eleito , já está trabalhando', 'authorDisplayName': 'Helena Moura', 'authorProfileImageUrl': 'https://yt3.ggpht.com/ytc/AGIKgqOK_C6LuKblthAJqKxFJ-kpzYQzRspwBtF3sYcT2A=s48-c-k-c0x00ffffff-no-rj', 'authorChannelUrl': 'http://www.youtube.com/channel/UC_yLC14TkGYcQi-qDLDdDIg', 'authorChannelId': {'value': 'UC_yLC14TkGYcQi-qDLDdDIg'}, 'canRate': True, 'viewerRating': 'none', 'likeCount': 0, 'publishedAt': '2022-11-01T00:43:22Z', 'updatedAt': '2022-11-01T00:43:22Z'}}, 'canReply': True, 'totalReplyCount': 0, 'isPublic': True}",,UC_yLC14TkGYcQi-qDLDdDIg,2022-11-01T00:43:22Z,"Na minha opinião nos da esquerda ,ntemho que ignorar,  essa paralização,  ignorar vamos chamar isso de baderna, falta do que fazer, inveja,n safadeza Patifaria, quanto ao Jair se ele fosse normal, seus eleitores teriam aceitado  essa derrota, Enquanto os baderneiros fecham rodovia O Presidente Eleito , já está trabalhando",QURTSl9pM1ZQS3BIYWlPZzk0Y0RsYnBoZURlTDFNWXNWeHhDV1E4dGFYeUZPbzZ0VC1iQ1lQNEZxbV96N2FNTWZja0s3UWRkOE1XVkpqdw==,2023-06-07 12:46:24.204611
youtube#commentThread,aKKtyfKBb4_MFy-X2jFfW0MID_g,Ugzj3_E3jZ3YvmnCETB4AaABAg,"{'videoId': 'XRYjrJJZAME', 'topLevelComment': {'kind': 'youtube#comment', 'etag': '5oevpH6daZVyp0l0AUpDjSemm_Y', 'id': 'Ugzj3_E3jZ3YvmnCETB4AaABAg', 'snippet': {'videoId': 'XRYjrJJZAME', 'textDisplay': 'Eles estão fazendo igual a venezuela, protesto bestas sem fundamento..parando a circulação de alimentos..Perdedores não querem reconhecer..', 'textOriginal': 'Eles estão fazendo igual a venezuela, protesto bestas sem fundamento..parando a circulação de alimentos..Perdedores não querem reconhecer..', 'authorDisplayName': 'Marilene Gomes', 'authorProfileImageUrl': 'https://yt3.ggpht.com/ytc/AGIKgqPkc5w3oLFf1suYi-kDCTJ_kCnOraEY_ItH05JVaA=s48-c-k-c0x00ffffff-no-rj', 'authorChannelUrl': 'http://www.youtube.com/channel/UCv_jDh6-rhyqhp0fHz5ayFQ', 'authorChannelId': {'value': 'UCv_jDh6-rhyqhp0fHz5ayFQ'}, 'canRate': True, 'viewerRating': 'none', 'likeCount': 0, 'publishedAt': '2022-11-01T00:43:04Z', 'updatedAt': '2022-11-01T00:43:04Z'}}, 'canReply': True, 'totalReplyCount': 0, 'isPublic': True}",,UCv_jDh6-rhyqhp0fHz5ayFQ,2022-11-01T00:43:04Z,"Eles estão fazendo igual a venezuela, protesto bestas sem fundamento..parando a circulação de alimentos..Perdedores não querem reconhecer..",QURTSl9pM1ZQS3BIYWlPZzk0Y0RsYnBoZURlTDFNWXNWeHhDV1E4dGFYeUZPbzZ0VC1iQ1lQNEZxbV96N2FNTWZja0s3UWRkOE1XVkpqdw==,2023-06-07 12:46:24.204611
youtube#commentThread,V0hO1wVFEoGfVM8ocKGnxCoggt8,Ugwnag7Md4vANHO3NTp4AaABAg,"{'videoId': 'XRYjrJJZAME', 'topLevelComment': {'kind': 'youtube#comment', 'etag': 'H-Nu9WgB8TXKlKgEGUmYyTcWKxI', 'id': 'Ugwnag7Md4vANHO3NTp4AaABAg', 'snippet': {'videoId': 'XRYjrJJZAME', 'textDisplay': 'Acatar recado das urnas é um ato de grandeza', 'textOriginal': 'Acatar recado das urnas é um ato de grandeza', 'authorDisplayName': 'Joacir Sonda', 'authorProfileImageUrl': 'https://yt3.ggpht.com/ytc/AGIKgqPdyT0dX9Rhfz_0_5lGrpJVrrZAQSG2k7Z-VSLdfrGzZzJ3O_TmHzplpSk5qd-z=s48-c-k-c0x00ffffff-no-rj', 'authorChannelUrl': 'http://www.youtube.com/channel/UCfsGHdrpPVPEphW_AMhlD2Q', 'authorChannelId': {'value': 'UCfsGHdrpPVPEphW_AMhlD2Q'}, 'canRate': True, 'viewerRating': 'none', 'likeCount': 9, 'publishedAt': '2022-11-01T00:42:53Z', 'updatedAt': '2022-11-01T00:42:53Z'}}, 'canReply': True, 'totalReplyCount': 0, 'isPublic': True}",,UCfsGHdrpPVPEphW_AMhlD2Q,2022-11-01T00:42:53Z,Acatar recado das urnas é um ato de grandeza,QURTSl9pM1ZQS3BIYWlPZzk0Y0RsYnBoZURlTDFNWXNWeHhDV1E4dGFYeUZPbzZ0VC1iQ1lQNEZxbV96N2FNTWZja0s3UWRkOE1XVkpqdw==,2023-06-07 12:46:24.204611
youtube#commentThread,y2vlewVkJwKQaXaisc87ZVqRNq0,Ugz2k_dkqwMCJIBOwgN4AaABAg,"{'videoId': 'XRYjrJJZAME', 'topLevelComment': {'kind': 'youtube#comment', 'etag': 'hVv2HePnfZfOZyXq4hTDCtK5KXQ', 'id': 'Ugz2k_dkqwMCJIBOwgN4AaABAg', 'snippet': {'videoId': 'XRYjrJJZAME', 'textDisplay': 'Bozó é um poste estadunidense. Só está lá por causa da prisão de Lula e JAMAIS sairia da Assembleia legislativa do RJ, sem a prisão de Lula. Estamos cansados de tanta confusão e violência.', 'textOriginal': 'Bozó é um poste estadunidense. Só está lá por causa da prisão de Lula e JAMAIS sairia da Assembleia legislativa do RJ, sem a prisão de Lula. Estamos cansados de tanta confusão e violência.', 'authorDisplayName': 'Shuuzak Ablbedl', 'authorProfileImageUrl': 'https://yt3.ggpht.com/YP_J6_8HU6D2x4rDC6KD0Kf803PSA8-4JPzNL4ExjasZ7kBtBF9hoFPnfIeeP9hnwJfjJCfZ=s48-c-k-c0x00ffffff-no-rj', 'authorChannelUrl': 'http://www.youtube.com/channel/UCSQCevz6znodGder9MytxmA', 'authorChannelId': {'value': 'UCSQCevz6znodGder9MytxmA'}, 'canRate': True, 'viewerRating': 'none', 'likeCount': 0, 'publishedAt': '2022-11-01T00:42:36Z', 'updatedAt': '2022-11-01T00:42:36Z'}}, 'canReply': True, 'totalReplyCount': 0, 'isPublic': True}",,UCSQCevz6znodGder9MytxmA,2022-11-01T00:42:36Z,"Bozó é um poste estadunidense. Só está lá por causa da prisão de Lula e JAMAIS sairia da Assembleia legislativa do RJ, sem a prisão de Lula. Estamos cansados de tanta confusão e violência.",QURTSl9pM1ZQS3BIYWlPZzk0Y0RsYnBoZURlTDFNWXNWeHhDV1E4dGFYeUZPbzZ0VC1iQ1lQNEZxbV96N2FNTWZja0s3UWRkOE1XVkpqdw==,2023-06-07 12:46:24.204611
youtube#commentThread,BI96R-PwNBF37A48qOSP8_0HEuI,Ugza3xBnzWueYYTNQ_94AaABAg,"{'videoId': 'XRYjrJJZAME', 'topLevelComment': {'kind': 'youtube#comment', 'etag': 'cOKy2WwUnHihOm7lF6NPgO3GrtY', 'id': 'Ugza3xBnzWueYYTNQ_94AaABAg', 'snippet': {'videoId': 'XRYjrJJZAME', 'textDisplay': 'Este presidente é um desiquilibrado governando o país lamentável 👀', 'textOriginal': 'Este presidente é um desiquilibrado governando o país lamentável 👀', 'authorDisplayName': 'Tereza pereira', 'authorProfileImageUrl': 'https://yt3.ggpht.com/ytc/AGIKgqM7uFGpPGgnXrejGdk52qPAKGoyjyJB_kHruw=s48-c-k-c0x00ffffff-no-rj', 'authorChannelUrl': 'http://www.youtube.com/channel/UC5Q0-weykog8G1JN2eDH--g', 'authorChannelId': {'value': 'UC5Q0-weykog8G1JN2eDH--g'}, 'canRate': True, 'viewerRating': 'none', 'likeCount': 0, 'publishedAt': '2022-11-01T00:42:30Z', 'updatedAt': '2022-11-01T00:42:30Z'}}, 'canReply': True, 'totalReplyCount': 0, 'isPublic': True}",,UC5Q0-weykog8G1JN2eDH--g,2022-11-01T00:42:30Z,Este presidente é um desiquilibrado governando o país lamentável 👀,QURTSl9pM1ZQS3BIYWlPZzk0Y0RsYnBoZURlTDFNWXNWeHhDV1E4dGFYeUZPbzZ0VC1iQ1lQNEZxbV96N2FNTWZja0s3UWRkOE1XVkpqdw==,2023-06-07 12:46:24.204611
youtube#commentThread,iFC7AyKeNrcZ41dNXmxQwh-CqKY,UgyFXas2m59a1AIY8Xl4AaABAg,"{'videoId': 'XRYjrJJZAME', 'topLevelComment': {'kind': 'youtube#comment', 'etag': 'L8INSbKXklC2lpW9fAs57-A4Py0', 'id': 'UgyFXas2m59a1AIY8Xl4AaABAg', 'snippet': {'videoId': 'XRYjrJJZAME', 'textDisplay': 'QUE FAMÍLIA CANALHA.', 'textOriginal': 'QUE FAMÍLIA CANALHA.', 'authorDisplayName': 'terezinha coutinho', 'authorProfileImageUrl': 'https://yt3.ggpht.com/ytc/AGIKgqMiMy23TGxvz8eiukwNwT8EszZodgvQNItiPg=s48-c-k-c0x00ffffff-no-rj', 'authorChannelUrl': 'http://www.youtube.com/channel/UCMdu0ZtvnrdT-CCCoFRT_Wg', 'authorChannelId': {'value': 'UCMdu0ZtvnrdT-CCCoFRT_Wg'}, 'canRate': True, 'viewerRating': 'none', 'likeCount': 0, 'publishedAt': '2022-11-01T00:41:56Z', 'updatedAt': '2022-11-01T00:41:56Z'}}, 'canReply': True, 'totalReplyCount': 0, 'isPublic': True}",,UCMdu0ZtvnrdT-CCCoFRT_Wg,2022-11-01T00:41:56Z,QUE FAMÍLIA CANALHA.,QURTSl9pM1ZQS3BIYWlPZzk0Y0RsYnBoZURlTDFNWXNWeHhDV1E4dGFYeUZPbzZ0VC1iQ1lQNEZxbV96N2FNTWZja0s3UWRkOE1XVkpqdw==,2023-06-07 12:46:24.204611
youtube#commentThread,C6BMKABRUB4X0YsNve1ZuSF37Fs,UgwM9qWMWFQY-6eyWDR4AaABAg,"{'videoId': 'XRYjrJJZAME', 'topLevelComment': {'kind': 'youtube#comment', 'etag': 'ZMr6jMHpJtpVmcA9gUk_leCIORI', 'id': 'UgwM9qWMWFQY-6eyWDR4AaABAg', 'snippet': {'videoId': 'XRYjrJJZAME', 'textDisplay': 'NOSSA;;ESSE PETISTA IMUNDO AINDA EXISTE;;AH NÃO; ELE DEVERIA ESTAR  NO ESGOTO', 'textOriginal': 'NOSSA;;ESSE PETISTA IMUNDO AINDA EXISTE;;AH NÃO; ELE DEVERIA ESTAR  NO ESGOTO', 'authorDisplayName': 'Euclides Caires', 'authorProfileImageUrl': 'https://yt3.ggpht.com/ytc/AGIKgqPk9JbGmgpIyHO-XiH31OvZZ4HaVHLa6fsn8A=s48-c-k-c0x00ffffff-no-rj', 'authorChannelUrl': 'http://www.youtube.com/channel/UCpk7LhL74G38zI5eakWhsKg', 'authorChannelId': {'value': 'UCpk7LhL74G38zI5eakWhsKg'}, 'canRate': True, 'viewerRating': 'none', 'likeCount': 0, 'publishedAt': '2022-11-01T00:41:39Z', 'updatedAt': '2022-11-01T00:41:39Z'}}, 'canReply': True, 'totalReplyCount': 0, 'isPublic': True}",,UCpk7LhL74G38zI5eakWhsKg,2022-11-01T00:41:39Z,NOSSA;;ESSE PETISTA IMUNDO AINDA EXISTE;;AH NÃO; ELE DEVERIA ESTAR  NO ESGOTO,QURTSl9pM1ZQS3BIYWlPZzk0Y0RsYnBoZURlTDFNWXNWeHhDV1E4dGFYeUZPbzZ0VC1iQ1lQNEZxbV96N2FNTWZja0s3UWRkOE1XVkpqdw==,2023-06-07 12:46:24.204611
youtube#commentThread,2bG7MSoeMHMzK6JdHBc7qjpKBEI,UgynjiJX_BMAa03TFfJ4AaABAg,"{'videoId': 'XRYjrJJZAME', 'topLevelComment': {'kind': 'youtube#comment', 'etag': 'jfpPV16MwVF4JnHfI5P4yiucA5I', 'id': 'UgynjiJX_BMAa03TFfJ4AaABAg', 'snippet': {'videoId': 'XRYjrJJZAME', 'textDisplay': 'Niguem  e isibistuvel  manda enbora  e contrata oltros', 'textOriginal': 'Niguem  e isibistuvel  manda enbora  e contrata oltros', 'authorDisplayName': 'borges', 'authorProfileImageUrl': 'https://yt3.ggpht.com/iGiY2nXpVg3PY9nGK1G6btkwNkGETjg9x2YtYCO8PAMgEPA6JkLlN5GsdZnQx0OOwEEmz_KoPlM=s48-c-k-c0x00ffffff-no-rj', 'authorChannelUrl': 'http://www.youtube.com/channel/UCzSNquyFpeglwZYJ00SG5HQ', 'authorChannelId': {'value': 'UCzSNquyFpeglwZYJ00SG5HQ'}, 'canRate': True, 'viewerRating': 'none', 'likeCount': 0, 'publishedAt': '2022-11-01T00:41:25Z', 'updatedAt': '2022-11-01T00:41:25Z'}}, 'canReply': True, 'totalReplyCount': 0, 'isPublic': True}",,UCzSNquyFpeglwZYJ00SG5HQ,2022-11-01T00:41:25Z,Niguem  e isibistuvel  manda enbora  e contrata oltros,QURTSl9pM1ZQS3BIYWlPZzk0Y0RsYnBoZURlTDFNWXNWeHhDV1E4dGFYeUZPbzZ0VC1iQ1lQNEZxbV96N2FNTWZja0s3UWRkOE1XVkpqdw==,2023-06-07 12:46:24.204611
youtube#commentThread,oKqaYda6-P-0p26Tz5NsgzQYhco,UgzkP7Q0wcNIIrn1KHl4AaABAg,"{'videoId': 'XRYjrJJZAME', 'topLevelComment': {'kind': 'youtube#comment', 'etag': 'Yka4EeJx_F0X_IKf98h1R3O4e_g', 'id': 'UgzkP7Q0wcNIIrn1KHl4AaABAg', 'snippet': {'videoId': 'XRYjrJJZAME', 'textDisplay': 'Paulo Pimenta, boa noite com Lula ❤', 'textOriginal': 'Paulo Pimenta, boa noite com Lula ❤', 'authorDisplayName': 'Rejane Maria Gaio', 'authorProfileImageUrl': 'https://yt3.ggpht.com/v1oQlZdVH4ryHlXfjsYpWt096O5oZEXLUitLi58jzpIr_fKV2mBMAxqPl-WyfI3iJ2D0SOogYw=s48-c-k-c0x00ffffff-no-rj', 'authorChannelUrl': 'http://www.youtube.com/channel/UCmWtWHXnp86M9IXf06UseWQ', 'authorChannelId': {'value': 'UCmWtWHXnp86M9IXf06UseWQ'}, 'canRate': True, 'viewerRating': 'none', 'likeCount': 0, 'publishedAt': '2022-11-01T00:41:19Z', 'updatedAt': '2022-11-01T00:41:19Z'}}, 'canReply': True, 'totalReplyCount': 0, 'isPublic': True}",,UCmWtWHXnp86M9IXf06UseWQ,2022-11-01T00:41:19Z,"Paulo Pimenta, boa noite com Lula ❤",QURTSl9pM1ZQS3BIYWlPZzk0Y0RsYnBoZURlTDFNWXNWeHhDV1E4dGFYeUZPbzZ0VC1iQ1lQNEZxbV96N2FNTWZja0s3UWRkOE1XVkpqdw==,2023-06-07 12:46:24.204611
youtube#commentThread,YGBPcId9-IMWl8YfDpvNac5aPV4,UgzlFmSwMU7h56vol-t4AaABAg,"{'videoId': 'XRYjrJJZAME', 'topLevelComment': {'kind': 'youtube#comment', 'etag': 'vicGtNEDnnAmzB2X0r9o3BfbRv8', 'id': 'UgzlFmSwMU7h56vol-t4AaABAg', 'snippet': {'videoId': 'XRYjrJJZAME', 'textDisplay': 'Vdd..nós aguentamos calados!! Graças e ignorância na época da COVID, também o Capeta estimulando uso de armas! Mentira e manipulação do Bozó..por isso ele tá escondido..que absurdo', 'textOriginal': 'Vdd..nós aguentamos calados!! Graças e ignorância na época da COVID, também o Capeta estimulando uso de armas! Mentira e manipulação do Bozó..por isso ele tá escondido..que absurdo', 'authorDisplayName': 'Marilene Gomes', 'authorProfileImageUrl': 'https://yt3.ggpht.com/ytc/AGIKgqPkc5w3oLFf1suYi-kDCTJ_kCnOraEY_ItH05JVaA=s48-c-k-c0x00ffffff-no-rj', 'authorChannelUrl': 'http://www.youtube.com/channel/UCv_jDh6-rhyqhp0fHz5ayFQ', 'authorChannelId': {'value': 'UCv_jDh6-rhyqhp0fHz5ayFQ'}, 'canRate': True, 'viewerRating': 'none', 'likeCount': 0, 'publishedAt': '2022-11-01T00:41:19Z', 'updatedAt': '2022-11-01T00:41:19Z'}}, 'canReply': True, 'totalReplyCount': 0, 'isPublic': True}",,UCv_jDh6-rhyqhp0fHz5ayFQ,2022-11-01T00:41:19Z,"Vdd..nós aguentamos calados!! Graças e ignorância na época da COVID, também o Capeta estimulando uso de armas! Mentira e manipulação do Bozó..por isso ele tá escondido..que absurdo",QURTSl9pM1ZQS3BIYWlPZzk0Y0RsYnBoZURlTDFNWXNWeHhDV1E4dGFYeUZPbzZ0VC1iQ1lQNEZxbV96N2FNTWZja0s3UWRkOE1XVkpqdw==,2023-06-07 12:46:24.204611
youtube#commentThread,tFXVIzGzPbHWOkpTXHDxM_kAwQI,UgyoFerABAJSpnvqmsp4AaABAg,"{'videoId': 'XRYjrJJZAME', 'topLevelComment': {'kind': 'youtube#comment', 'etag': 'HfjuCHMrvOQZNVxirfliH2_slSI', 'id': 'UgyoFerABAJSpnvqmsp4AaABAg', 'snippet': {'videoId': 'XRYjrJJZAME', 'textDisplay': 'HOJE O DÓLAR CAIU 60% VAMOS PODER VIAJAR.', 'textOriginal': 'HOJE O DÓLAR CAIU 60% VAMOS PODER VIAJAR.', 'authorDisplayName': 'terezinha coutinho', 'authorProfileImageUrl': 'https://yt3.ggpht.com/ytc/AGIKgqMiMy23TGxvz8eiukwNwT8EszZodgvQNItiPg=s48-c-k-c0x00ffffff-no-rj', 'authorChannelUrl': 'http://www.youtube.com/channel/UCMdu0ZtvnrdT-CCCoFRT_Wg', 'authorChannelId': {'value': 'UCMdu0ZtvnrdT-CCCoFRT_Wg'}, 'canRate': True, 'viewerRating': 'none', 'likeCount': 0, 'publishedAt': '2022-11-01T00:41:16Z', 'updatedAt': '2022-11-01T00:41:16Z'}}, 'canReply': True, 'totalReplyCount': 0, 'isPublic': True}",,UCMdu0ZtvnrdT-CCCoFRT_Wg,2022-11-01T00:41:16Z,HOJE O DÓLAR CAIU 60% VAMOS PODER VIAJAR.,QURTSl9pM1ZQS3BIYWlPZzk0Y0RsYnBoZURlTDFNWXNWeHhDV1E4dGFYeUZPbzZ0VC1iQ1lQNEZxbV96N2FNTWZja0s3UWRkOE1XVkpqdw==,2023-06-07 12:46:24.204611
youtube#commentThread,p0M6iW8u-OczAXUHShe1c6DGwhM,UgyW7IOhbUFGhffKGF94AaABAg,"{'videoId': 'XRYjrJJZAME', 'topLevelComment': {'kind': 'youtube#comment', 'etag': 'xR5Nd2LcilsY5SueVEVUUpsfSyA', 'id': 'UgyW7IOhbUFGhffKGF94AaABAg', 'snippet': {'videoId': 'XRYjrJJZAME', 'textDisplay': 'Deus livrou o Brasil de um bando de terroristas', 'textOriginal': 'Deus livrou o Brasil de um bando de terroristas', 'authorDisplayName': 'Chagas Santos', 'authorProfileImageUrl': 'https://yt3.ggpht.com/ytc/AGIKgqN2Sgw-aObGXR6h7Vy2GOqchNOfuqgzUHFX4w=s48-c-k-c0x00ffffff-no-rj', 'authorChannelUrl': 'http://www.youtube.com/channel/UCIEzO41e3iY5ApD3-MAw0lA', 'authorChannelId': {'value': 'UCIEzO41e3iY5ApD3-MAw0lA'}, 'canRate': True, 'viewerRating': 'none', 'likeCount': 0, 'publishedAt': '2022-11-01T00:41:01Z', 'updatedAt': '2022-11-01T00:41:01Z'}}, 'canReply': True, 'totalReplyCount': 0, 'isPublic': True}",,UCIEzO41e3iY5ApD3-MAw0lA,2022-11-01T00:41:01Z,Deus livrou o Brasil de um bando de terroristas,QURTSl9pM1ZQS3BIYWlPZzk0Y0RsYnBoZURlTDFNWXNWeHhDV1E4dGFYeUZPbzZ0VC1iQ1lQNEZxbV96N2FNTWZja0s3UWRkOE1XVkpqdw==,2023-06-07 12:46:24.204611
youtube#commentThread,Xa8-gmyU_W040VDIO5ykU8wo2I4,UgyJe9KRMYlL-3vMwIh4AaABAg,"{'videoId': 'XRYjrJJZAME', 'topLevelComment': {'kind': 'youtube#comment', 'etag': 'bad4--GFr5lKoxlkNROBrt9qnEs', 'id': 'UgyJe9KRMYlL-3vMwIh4AaABAg', 'snippet': {'videoId': 'XRYjrJJZAME', 'textDisplay': 'Blossonaro tem quer  respeitar o povo quise eleger Lula nuca teve isso sou da Bahia sou lula com amor carinho ❤ ❤', 'textOriginal': 'Blossonaro tem quer  respeitar o povo quise eleger Lula nuca teve isso sou da Bahia sou lula com amor carinho ❤ ❤', 'authorDisplayName': 'Enaide Silva', 'authorProfileImageUrl': 'https://yt3.ggpht.com/ytc/AGIKgqMUTqDXC_U_HenWJgAJZUR34o12Fzjht085_kLZYhVRH0TK89zlnoWrI9R0jqX3=s48-c-k-c0x00ffffff-no-rj', 'authorChannelUrl': 'http://www.youtube.com/channel/UCab36BAN-QfK8kaN71Xus3Q', 'authorChannelId': {'value': 'UCab36BAN-QfK8kaN71Xus3Q'}, 'canRate': True, 'viewerRating': 'none', 'likeCount': 0, 'publishedAt': '2022-11-01T00:40:41Z', 'updatedAt': '2022-11-01T00:40:41Z'}}, 'canReply': True, 'totalReplyCount': 0, 'isPublic': True}",,UCab36BAN-QfK8kaN71Xus3Q,2022-11-01T00:40:41Z,Blossonaro tem quer  respeitar o povo quise eleger Lula nuca teve isso sou da Bahia sou lula com amor carinho ❤ ❤,QURTSl9pM1ZQS3BIYWlPZzk0Y0RsYnBoZURlTDFNWXNWeHhDV1E4dGFYeUZPbzZ0VC1iQ1lQNEZxbV96N2FNTWZja0s3UWRkOE1XVkpqdw==,2023-06-07 12:46:24.204611
youtube#commentThread,PWwOKmlZOGT075JG00gXoy-fpWo,Ugx_LgeBaJcQztUEY1J4AaABAg,"{'videoId': 'XRYjrJJZAME', 'topLevelComment': {'kind': 'youtube#comment', 'etag': 'FIQ-AX3tv20El4wbLVk8HPJpRAw', 'id': 'Ugx_LgeBaJcQztUEY1J4AaABAg', 'snippet': {'videoId': 'XRYjrJJZAME', 'textDisplay': '❤️❤️❤️Pela primeira vez desde que me conheço por gente que eu vejo tanto ódio e o Brasil dividido,onde está o amor', 'textOriginal': '❤️❤️❤️Pela primeira vez desde que me conheço por gente que eu vejo tanto ódio e o Brasil dividido,onde está o amor', 'authorDisplayName': 'O Mover Da Esperança por Fabi Debom', 'authorProfileImageUrl': 'https://yt3.ggpht.com/hP-hoL9fIHGkkBZuQp64d8bPasUi8KgGkh7vopIbvIazgRqP7cj7CFPS_x4OZAYbGq_MWSuL=s48-c-k-c0x00ffffff-no-rj', 'authorChannelUrl': 'http://www.youtube.com/channel/UCwcetbrq_HaxoDuHp4GtPSQ', 'authorChannelId': {'value': 'UCwcetbrq_HaxoDuHp4GtPSQ'}, 'canRate': True, 'viewerRating': 'none', 'likeCount': 27, 'publishedAt': '2022-11-01T00:40:27Z', 'updatedAt': '2022-11-01T00:40:27Z'}}, 'canReply': True, 'totalReplyCount': 2, 'isPublic': True}","{'comments': [{'kind': 'youtube#comment', 'etag': 'AOZLX4I8Q9E7tfna4ZYC4-Uqvoo', 'id': 'Ugx_LgeBaJcQztUEY1J4AaABAg.9hs0LT3I_hd9ht7-2OVF7T', 'snippet': {'videoId': 'XRYjrJJZAME', 'textDisplay': 'Calma tudo já deu certo calma', 'textOriginal': 'Calma tudo já deu certo calma', 'parentId': 'Ugx_LgeBaJcQztUEY1J4AaABAg', 'authorDisplayName': 'Cleuza Oliveira Ulian', 'authorProfileImageUrl': 'https://yt3.ggpht.com/ytc/AGIKgqNLfyFFhU0xh0z5GuQbpqUiia5wu8DYcwTuBnwdoW2KL9mfPebyvpJR-1-HDc1V=s48-c-k-c0x00ffffff-no-rj', 'authorChannelUrl': 'http://www.youtube.com/channel/UCZ_FL_csuuu5yS1CYVEUiLA', 'authorChannelId': {'value': 'UCZ_FL_csuuu5yS1CYVEUiLA'}, 'canRate': True, 'viewerRating': 'none', 'likeCount': 0, 'publishedAt': '2022-11-01T10:57:48Z', 'updatedAt': '2022-11-01T10:57:48Z'}}, {'kind': 'youtube#comment', 'etag': 'GaDRmXaj1Xv9iMJPkfhy6xlz_oU', 'id': 'Ugx_LgeBaJcQztUEY1J4AaABAg.9hs0LT3I_hd9hs9hEVloyS', 'snippet': {'videoId': 'XRYjrJJZAME', 'textDisplay': 'O bolssonaro eo falso  profeta aquele q veio para plantar o ódio a discordia', 'textOriginal': 'O bolssonaro eo falso  profeta aquele q veio para plantar o ódio a discordia', 'parentId': 'Ugx_LgeBaJcQztUEY1J4AaABAg', 'authorDisplayName': 'Rose rosa', 'authorProfileImageUrl': 'https://yt3.ggpht.com/ytc/AGIKgqPywWpVWpAMYL4sip2pKoLjykUvKp8aZRSMkYfBvw=s48-c-k-c0x00ffffff-no-rj', 'authorChannelUrl': 'http://www.youtube.com/channel/UCYwTOndtkiGJGkjiZsT9OvA', 'authorChannelId': {'value': 'UCYwTOndtkiGJGkjiZsT9OvA'}, 'canRate': True, 'viewerRating': 'none', 'likeCount': 0, 'publishedAt': '2022-11-01T02:02:12Z', 'updatedAt': '2022-11-01T02:02:12Z'}}]}",UCwcetbrq_HaxoDuHp4GtPSQ,2022-11-01T00:40:27Z,"❤️❤️❤️Pela primeira vez desde que me conheço por gente que eu vejo tanto ódio e o Brasil dividido,onde está o amor",QURTSl9pM1ZQS3BIYWlPZzk0Y0RsYnBoZURlTDFNWXNWeHhDV1E4dGFYeUZPbzZ0VC1iQ1lQNEZxbV96N2FNTWZja0s3UWRkOE1XVkpqdw==,2023-06-07 12:46:24.204611
youtube#commentThread,OZfpHQOaxQQcDwxOkbU4bnzWXGI,UgyZ9X0bnryoB9tQb2l4AaABAg,"{'videoId': 'XRYjrJJZAME', 'topLevelComment': {'kind': 'youtube#comment', 'etag': '7A_GzipCtGF3F48eMmtOgxD0UaI', 'id': 'UgyZ9X0bnryoB9tQb2l4AaABAg', 'snippet': {'videoId': 'XRYjrJJZAME', 'textDisplay': 'Quem tá apoiando ou participando dessa arruaça é bandido.', 'textOriginal': 'Quem tá apoiando ou participando dessa arruaça é bandido.', 'authorDisplayName': 'Erik Japp', 'authorProfileImageUrl': 'https://yt3.ggpht.com/ytc/AGIKgqNFJi7zCgoDLI_MvPHI4xlykE2jIKE0CuQ4=s48-c-k-c0x00ffffff-no-rj', 'authorChannelUrl': 'http://www.youtube.com/channel/UCI0su8xdkyTI6KYJRZ2_0Jw', 'authorChannelId': {'value': 'UCI0su8xdkyTI6KYJRZ2_0Jw'}, 'canRate': True, 'viewerRating': 'none', 'likeCount': 0, 'publishedAt': '2022-11-01T00:40:08Z', 'updatedAt': '2022-11-01T00:40:08Z'}}, 'canReply': True, 'totalReplyCount': 0, 'isPublic': True}",,UCI0su8xdkyTI6KYJRZ2_0Jw,2022-11-01T00:40:08Z,Quem tá apoiando ou participando dessa arruaça é bandido.,QURTSl9pM1ZQS3BIYWlPZzk0Y0RsYnBoZURlTDFNWXNWeHhDV1E4dGFYeUZPbzZ0VC1iQ1lQNEZxbV96N2FNTWZja0s3UWRkOE1XVkpqdw==,2023-06-07 12:46:24.204611
youtube#commentThread,juL_d2m7ny3R2DWl4YcH4mn3RrU,UgwlVR1Nt-3wZCIDmiR4AaABAg,"{'videoId': 'XRYjrJJZAME', 'topLevelComment': {'kind': 'youtube#comment', 'etag': 'jF_jvunhw8_nLRgp52WLfZk1JYg', 'id': 'UgwlVR1Nt-3wZCIDmiR4AaABAg', 'snippet': {'videoId': 'XRYjrJJZAME', 'textDisplay': 'Se fosse manifestação contra o atual governo a polícia de choque já teria liberado as rodovias com bombas e cacetes. <br>A PRF está assistindo e  a impressão que fica, é que eles fazem parte dos protestos.<br>Justiça seja feita o mais rápido possível. <br>Multas pesadas e prisão para os líderes e desordeiros.', 'textOriginal': 'Se fosse manifestação contra o atual governo a polícia de choque já teria liberado as rodovias com bombas e cacetes. \nA PRF está assistindo e  a impressão que fica, é que eles fazem parte dos protestos.\nJustiça seja feita o mais rápido possível. \nMultas pesadas e prisão para os líderes e desordeiros.', 'authorDisplayName': 'Antonio Araujo', 'authorProfileImageUrl': 'https://yt3.ggpht.com/ytc/AGIKgqMAYUBARt4smp6ypaN8Joj2FhQxNSqVoNY2WA=s48-c-k-c0x00ffffff-no-rj', 'authorChannelUrl': 'http://www.youtube.com/channel/UCipq-iPWRYGBXYApFPqqMDA', 'authorChannelId': {'value': 'UCipq-iPWRYGBXYApFPqqMDA'}, 'canRate': True, 'viewerRating': 'none', 'likeCount': 0, 'publishedAt': '2022-11-01T00:39:39Z', 'updatedAt': '2022-11-01T00:39:39Z'}}, 'canReply': True, 'totalReplyCount': 0, 'isPublic': True}",,UCipq-iPWRYGBXYApFPqqMDA,2022-11-01T00:39:39Z,"Se fosse manifestação contra o atual governo a polícia de choque já teria liberado as rodovias com bombas e cacetes. 
A PRF está assistindo e  a impressão que fica, é que eles fazem parte dos protestos.
Justiça seja feita o mais rápido possível. 
Multas pesadas e prisão para os líderes e desordeiros.",QURTSl9pM1ZQS3BIYWlPZzk0Y0RsYnBoZURlTDFNWXNWeHhDV1E4dGFYeUZPbzZ0VC1iQ1lQNEZxbV96N2FNTWZja0s3UWRkOE1XVkpqdw==,2023-06-07 12:46:24.204611
youtube#commentThread,sW2pAdT3l2ZI5O9djcFLcIF2Jho,UgyfhY5pNFZYtW9xGy14AaABAg,"{'videoId': 'XRYjrJJZAME', 'topLevelComment': {'kind': 'youtube#comment', 'etag': '40tsHAq_71iR5beCFJQkbq3VM2I', 'id': 'UgyfhY5pNFZYtW9xGy14AaABAg', 'snippet': {'videoId': 'XRYjrJJZAME', 'textDisplay': 'Ele quer e ta estimulando esta desordem civica incabivel na democracia !! Tolhem a liberdade dos q precidam ir e vir .', 'textOriginal': 'Ele quer e ta estimulando esta desordem civica incabivel na democracia !! Tolhem a liberdade dos q precidam ir e vir .', 'authorDisplayName': 'Antonio Ramos', 'authorProfileImageUrl': 'https://yt3.ggpht.com/ytc/AGIKgqOkalqKUNjeAilMuEOH-yp-fPKjK3qwvWbD_Q=s48-c-k-c0x00ffffff-no-rj', 'authorChannelUrl': 'http://www.youtube.com/channel/UCuw_AWSIonMPS-6YstPY3wQ', 'authorChannelId': {'value': 'UCuw_AWSIonMPS-6YstPY3wQ'}, 'canRate': True, 'viewerRating': 'none', 'likeCount': 0, 'publishedAt': '2022-11-01T00:39:37Z', 'updatedAt': '2022-11-01T00:39:37Z'}}, 'canReply': True, 'totalReplyCount': 0, 'isPublic': True}",,UCuw_AWSIonMPS-6YstPY3wQ,2022-11-01T00:39:37Z,Ele quer e ta estimulando esta desordem civica incabivel na democracia !! Tolhem a liberdade dos q precidam ir e vir .,QURTSl9pM1ZQS3BIYWlPZzk0Y0RsYnBoZURlTDFNWXNWeHhDV1E4dGFYeUZPbzZ0VC1iQ1lQNEZxbV96N2FNTWZja0s3UWRkOE1XVkpqdw==,2023-06-07 12:46:24.204611
youtube#commentThread,r2Dhz59CFTxhGM2m9xymiaSrt6U,UgwsfF38YDjtGazF8nZ4AaABAg,"{'videoId': 'XRYjrJJZAME', 'topLevelComment': {'kind': 'youtube#comment', 'etag': '_EhlPtXOUoPSLBqnPwAY2ZUFxyM', 'id': 'UgwsfF38YDjtGazF8nZ4AaABAg', 'snippet': {'videoId': 'XRYjrJJZAME', 'textDisplay': 'Se eles nao quiser  trabalhar  aqui tem um Monte de  caminhoneiro   e so chamar que noi vai', 'textOriginal': 'Se eles nao quiser  trabalhar  aqui tem um Monte de  caminhoneiro   e so chamar que noi vai', 'authorDisplayName': 'borges', 'authorProfileImageUrl': 'https://yt3.ggpht.com/iGiY2nXpVg3PY9nGK1G6btkwNkGETjg9x2YtYCO8PAMgEPA6JkLlN5GsdZnQx0OOwEEmz_KoPlM=s48-c-k-c0x00ffffff-no-rj', 'authorChannelUrl': 'http://www.youtube.com/channel/UCzSNquyFpeglwZYJ00SG5HQ', 'authorChannelId': {'value': 'UCzSNquyFpeglwZYJ00SG5HQ'}, 'canRate': True, 'viewerRating': 'none', 'likeCount': 0, 'publishedAt': '2022-11-01T00:39:35Z', 'updatedAt': '2022-11-01T00:39:35Z'}}, 'canReply': True, 'totalReplyCount': 0, 'isPublic': True}",,UCzSNquyFpeglwZYJ00SG5HQ,2022-11-01T00:39:35Z,Se eles nao quiser  trabalhar  aqui tem um Monte de  caminhoneiro   e so chamar que noi vai,QURTSl9pM1ZQS3BIYWlPZzk0Y0RsYnBoZURlTDFNWXNWeHhDV1E4dGFYeUZPbzZ0VC1iQ1lQNEZxbV96N2FNTWZja0s3UWRkOE1XVkpqdw==,2023-06-07 12:46:24.204611
youtube#commentThread,p70V_W5UQgcmWgFqysXulD8Gmog,Ugx4wXPTP2oyScgcEVN4AaABAg,"{'videoId': 'XRYjrJJZAME', 'topLevelComment': {'kind': 'youtube#comment', 'etag': 'lJDUR2rJB5OQpodOfvX6h6GHIHk', 'id': 'Ugx4wXPTP2oyScgcEVN4AaABAg', 'snippet': {'videoId': 'XRYjrJJZAME', 'textDisplay': '👏👏👏👏👏👏👏👏', 'textOriginal': '👏👏👏👏👏👏👏👏', 'authorDisplayName': 'Taua Jesus', 'authorProfileImageUrl': 'https://yt3.ggpht.com/ytc/AGIKgqNOfSHg_KRlcJqL4-4cke1K8x_FwpLxLqXoSw=s48-c-k-c0x00ffffff-no-rj', 'authorChannelUrl': 'http://www.youtube.com/channel/UCxFixXSdpm4Ui0tClYSHNxQ', 'authorChannelId': {'value': 'UCxFixXSdpm4Ui0tClYSHNxQ'}, 'canRate': True, 'viewerRating': 'none', 'likeCount': 0, 'publishedAt': '2022-11-01T00:39:20Z', 'updatedAt': '2022-11-01T00:39:20Z'}}, 'canReply': True, 'totalReplyCount': 0, 'isPublic': True}",,UCxFixXSdpm4Ui0tClYSHNxQ,2022-11-01T00:39:20Z,👏👏👏👏👏👏👏👏,QURTSl9pM1ZQS3BIYWlPZzk0Y0RsYnBoZURlTDFNWXNWeHhDV1E4dGFYeUZPbzZ0VC1iQ1lQNEZxbV96N2FNTWZja0s3UWRkOE1XVkpqdw==,2023-06-07 12:46:24.204611
youtube#commentThread,MuQ_5OfSgiBIRtwO2xl5bUX3nyw,UgwwI5n-ihFHKCSxXIN4AaABAg,"{'videoId': 'XRYjrJJZAME', 'topLevelComment': {'kind': 'youtube#comment', 'etag': 'Gnr2hmOM_BvKP4Wce_GTC0y9HUE', 'id': 'UgwwI5n-ihFHKCSxXIN4AaABAg', 'snippet': {'videoId': 'XRYjrJJZAME', 'textDisplay': 'O bozo  nao  quer aceitar a derrota,e nem os zumbis que  o seguem..<br>Esse bozo  é pior  que eu pensava...<br>Mas ele terá que pagar  por toda a maldade  que fez..<br>As almas  dos inocentes que morreram na pandemia  querem justiça. <br>Ele pode  fazer o que quiser  mas nunca  poderà  mudar a realidade. <br>Fora bozo  assassino!!!<br>A maioria  dos brasileiros acordou  do pesadelo...<br>A voz do povo è a voz de Deus !', 'textOriginal': 'O bozo  nao  quer aceitar a derrota,e nem os zumbis que  o seguem..\nEsse bozo  é pior  que eu pensava...\nMas ele terá que pagar  por toda a maldade  que fez..\nAs almas  dos inocentes que morreram na pandemia  querem justiça. \nEle pode  fazer o que quiser  mas nunca  poderà  mudar a realidade. \nFora bozo  assassino!!!\nA maioria  dos brasileiros acordou  do pesadelo...\nA voz do povo è a voz de Deus !', 'authorDisplayName': 'Sandra Soima       ', 'authorProfileImageUrl': 'https://yt3.ggpht.com/TcBaPj21AE_kRWNPhSnEJxlkpqgQHMJfvHZDQEhrhzhft5UEmfsnFaSYQHiU6IXwOHLCP_kr7g=s48-c-k-c0x00ffffff-no-rj', 'authorChannelUrl': 'http://www.youtube.com/channel/UCEJ4PDk3OMlytWYpPl3ojeg', 'authorChannelId': {'value': 'UCEJ4PDk3OMlytWYpPl3ojeg'}, 'canRate': True, 'viewerRating': 'none', 'likeCount': 0, 'publishedAt': '2022-11-01T00:38:31Z', 'updatedAt': '2022-11-01T00:39:10Z'}}, 'canReply': True, 'totalReplyCount': 0, 'isPublic': True}",,UCEJ4PDk3OMlytWYpPl3ojeg,2022-11-01T00:38:31Z,"O bozo  nao  quer aceitar a derrota,e nem os zumbis que  o seguem..
Esse bozo  é pior  que eu pensava...
Mas ele terá que pagar  por toda a maldade  que fez..
As almas  dos inocentes que morreram na pandemia  querem justiça. 
Ele pode  fazer o que quiser  mas nunca  poderà  mudar a realidade. 
Fora bozo  assassino!!!
A maioria  dos brasileiros acordou  do pesadelo...
A voz do povo è a voz de Deus !",QURTSl9pM1ZQS3BIYWlPZzk0Y0RsYnBoZURlTDFNWXNWeHhDV1E4dGFYeUZPbzZ0VC1iQ1lQNEZxbV96N2FNTWZja0s3UWRkOE1XVkpqdw==,2023-06-07 12:46:24.204611
youtube#commentThread,JvCMKJxlDkGIWBth8qJLI5QlR2M,UgzLLQ74Ql8HdkYC1HJ4AaABAg,"{'videoId': 'XRYjrJJZAME', 'topLevelComment': {'kind': 'youtube#comment', 'etag': 'yR25Ljb9UQp6eEGCz1AnC24f5Yc', 'id': 'UgzLLQ74Ql8HdkYC1HJ4AaABAg', 'snippet': {'videoId': 'XRYjrJJZAME', 'textDisplay': 'URGENTE!<br>Irmãos e Irmãs, Nós brasileiros reconhecemos e confirmamos a Vitória do Presidente LULA!<br>É a vontade Suprema e Amorosa do Santo Deus em nome de Nosso Senhor Jesus Cristo🙏<br>Vamos seguir em PAZ rumo ao desenvolvimento promissor do nosso Querido BRASIL!🙏⭐🌹', 'textOriginal': 'URGENTE!\nIrmãos e Irmãs, Nós brasileiros reconhecemos e confirmamos a Vitória do Presidente LULA!\nÉ a vontade Suprema e Amorosa do Santo Deus em nome de Nosso Senhor Jesus Cristo🙏\nVamos seguir em PAZ rumo ao desenvolvimento promissor do nosso Querido BRASIL!🙏⭐🌹', 'authorDisplayName': 'Rosane Rosan', 'authorProfileImageUrl': 'https://yt3.ggpht.com/ytc/AGIKgqON99Fc-uKVAxYfVw1OZAiY6LO-UoaJTFJgJI7O=s48-c-k-c0x00ffffff-no-rj', 'authorChannelUrl': 'http://www.youtube.com/channel/UCVSmFV61ooPqrollu2PK26w', 'authorChannelId': {'value': 'UCVSmFV61ooPqrollu2PK26w'}, 'canRate': True, 'viewerRating': 'none', 'likeCount': 2, 'publishedAt': '2022-11-01T00:38:21Z', 'updatedAt': '2022-11-01T00:38:21Z'}}, 'canReply': True, 'totalReplyCount': 0, 'isPublic': True}",,UCVSmFV61ooPqrollu2PK26w,2022-11-01T00:38:21Z,"URGENTE!
Irmãos e Irmãs, Nós brasileiros reconhecemos e confirmamos a Vitória do Presidente LULA!
É a vontade Suprema e Amorosa do Santo Deus em nome de Nosso Senhor Jesus Cristo🙏
Vamos seguir em PAZ rumo ao desenvolvimento promissor do nosso Querido BRASIL!🙏⭐🌹",QURTSl9pM1ZQS3BIYWlPZzk0Y0RsYnBoZURlTDFNWXNWeHhDV1E4dGFYeUZPbzZ0VC1iQ1lQNEZxbV96N2FNTWZja0s3UWRkOE1XVkpqdw==,2023-06-07 12:46:24.204611
youtube#commentThread,JpPIfOcKOs5mv9IceHycrNEZneY,Ugy72fa4hVczGVO46mt4AaABAg,"{'videoId': 'XRYjrJJZAME', 'topLevelComment': {'kind': 'youtube#comment', 'etag': 'JBoPcqxCrimOG-L8nbnWA7q9ycw', 'id': 'Ugy72fa4hVczGVO46mt4AaABAg', 'snippet': {'videoId': 'XRYjrJJZAME', 'textDisplay': 'Por isso que perderam, por ser arrogantes  e ameaçador , não sabe  ser diplomata e ainda é  um mau perdedor.', 'textOriginal': 'Por isso que perderam, por ser arrogantes  e ameaçador , não sabe  ser diplomata e ainda é  um mau perdedor.', 'authorDisplayName': 'Go Rdo', 'authorProfileImageUrl': 'https://yt3.ggpht.com/ytc/AGIKgqPSFegGnrttoiKRKl8XqsPNZVXcILL1ODsZxz87krKxJLTYp4U3b0lMKfoKlMOE=s48-c-k-c0x00ffffff-no-rj', 'authorChannelUrl': 'http://www.youtube.com/channel/UC5ZcV2Y2jVXa-0GDvHgYp5Q', 'authorChannelId': {'value': 'UC5ZcV2Y2jVXa-0GDvHgYp5Q'}, 'canRate': True, 'viewerRating': 'none', 'likeCount': 0, 'publishedAt': '2022-11-01T00:37:55Z', 'updatedAt': '2022-11-01T00:39:07Z'}}, 'canReply': True, 'totalReplyCount': 0, 'isPublic': True}",,UC5ZcV2Y2jVXa-0GDvHgYp5Q,2022-11-01T00:37:55Z,"Por isso que perderam, por ser arrogantes  e ameaçador , não sabe  ser diplomata e ainda é  um mau perdedor.",QURTSl9pM1ZQS3BIYWlPZzk0Y0RsYnBoZURlTDFNWXNWeHhDV1E4dGFYeUZPbzZ0VC1iQ1lQNEZxbV96N2FNTWZja0s3UWRkOE1XVkpqdw==,2023-06-07 12:46:24.204611
youtube#commentThread,JSXwC-XKkBWZ4GOVXhAXj_IhwEo,UgxUTdtM6H1TJtcmvz54AaABAg,"{'videoId': 'XRYjrJJZAME', 'topLevelComment': {'kind': 'youtube#comment', 'etag': 'U7wibQSX5GTAitpo2hpTAl0nzoc', 'id': 'UgxUTdtM6H1TJtcmvz54AaABAg', 'snippet': {'videoId': 'XRYjrJJZAME', 'textDisplay': 'BOLSO é um homem muito RUIM.', 'textOriginal': 'BOLSO é um homem muito RUIM.', 'authorDisplayName': 'terezinha coutinho', 'authorProfileImageUrl': 'https://yt3.ggpht.com/ytc/AGIKgqMiMy23TGxvz8eiukwNwT8EszZodgvQNItiPg=s48-c-k-c0x00ffffff-no-rj', 'authorChannelUrl': 'http://www.youtube.com/channel/UCMdu0ZtvnrdT-CCCoFRT_Wg', 'authorChannelId': {'value': 'UCMdu0ZtvnrdT-CCCoFRT_Wg'}, 'canRate': True, 'viewerRating': 'none', 'likeCount': 0, 'publishedAt': '2022-11-01T00:37:36Z', 'updatedAt': '2022-11-01T00:37:36Z'}}, 'canReply': True, 'totalReplyCount': 0, 'isPublic': True}",,UCMdu0ZtvnrdT-CCCoFRT_Wg,2022-11-01T00:37:36Z,BOLSO é um homem muito RUIM.,QURTSl9pM1ZQS3BIYWlPZzk0Y0RsYnBoZURlTDFNWXNWeHhDV1E4dGFYeUZPbzZ0VC1iQ1lQNEZxbV96N2FNTWZja0s3UWRkOE1XVkpqdw==,2023-06-07 12:46:24.204611
youtube#commentThread,64StscWi6CVSyowp4ARCKdsqCVM,UgyvL_06gkhCFHBsbdJ4AaABAg,"{'videoId': 'XRYjrJJZAME', 'topLevelComment': {'kind': 'youtube#comment', 'etag': 'fPDXwg-bvnpX1IghLfxaGbw33Hk', 'id': 'UgyvL_06gkhCFHBsbdJ4AaABAg', 'snippet': {'videoId': 'XRYjrJJZAME', 'textDisplay': 'Parabéns, Grande Pimenta', 'textOriginal': 'Parabéns, Grande Pimenta', 'authorDisplayName': 'Manoel Medeiros', 'authorProfileImageUrl': 'https://yt3.ggpht.com/ytc/AGIKgqOZWacmmQGTgatNXyMIHEHItiUc4aRaCo1Rtg=s48-c-k-c0x00ffffff-no-rj', 'authorChannelUrl': 'http://www.youtube.com/channel/UCcTSLmghQ37Ra9vIgsQOn0Q', 'authorChannelId': {'value': 'UCcTSLmghQ37Ra9vIgsQOn0Q'}, 'canRate': True, 'viewerRating': 'none', 'likeCount': 7, 'publishedAt': '2022-11-01T00:36:52Z', 'updatedAt': '2022-11-01T00:36:52Z'}}, 'canReply': True, 'totalReplyCount': 0, 'isPublic': True}",,UCcTSLmghQ37Ra9vIgsQOn0Q,2022-11-01T00:36:52Z,"Parabéns, Grande Pimenta",QURTSl9pM1ZQS3BIYWlPZzk0Y0RsYnBoZURlTDFNWXNWeHhDV1E4dGFYeUZPbzZ0VC1iQ1lQNEZxbV96N2FNTWZja0s3UWRkOE1XVkpqdw==,2023-06-07 12:46:24.204611
youtube#commentThread,8FllZfbi5RIuWrMWA1WKDbPxSvE,UgwjKYLHriT3u49DT_N4AaABAg,"{'videoId': 'XRYjrJJZAME', 'topLevelComment': {'kind': 'youtube#comment', 'etag': '43yGybSqEHSkj7zOt3EZQt9EPlw', 'id': 'UgwjKYLHriT3u49DT_N4AaABAg', 'snippet': {'videoId': 'XRYjrJJZAME', 'textDisplay': 'O povo do Bozo tá doente,  SINDROME DE ESTOCOLMO.', 'textOriginal': 'O povo do Bozo tá doente,  SINDROME DE ESTOCOLMO.', 'authorDisplayName': 'terezinha coutinho', 'authorProfileImageUrl': 'https://yt3.ggpht.com/ytc/AGIKgqMiMy23TGxvz8eiukwNwT8EszZodgvQNItiPg=s48-c-k-c0x00ffffff-no-rj', 'authorChannelUrl': 'http://www.youtube.com/channel/UCMdu0ZtvnrdT-CCCoFRT_Wg', 'authorChannelId': {'value': 'UCMdu0ZtvnrdT-CCCoFRT_Wg'}, 'canRate': True, 'viewerRating': 'none', 'likeCount': 0, 'publishedAt': '2022-11-01T00:36:47Z', 'updatedAt': '2022-11-01T00:36:47Z'}}, 'canReply': True, 'totalReplyCount': 0, 'isPublic': True}",,UCMdu0ZtvnrdT-CCCoFRT_Wg,2022-11-01T00:36:47Z,"O povo do Bozo tá doente,  SINDROME DE ESTOCOLMO.",QURTSl9pM1ZQS3BIYWlPZzk0Y0RsYnBoZURlTDFNWXNWeHhDV1E4dGFYeUZPbzZ0VC1iQ1lQNEZxbV96N2FNTWZja0s3UWRkOE1XVkpqdw==,2023-06-07 12:46:24.204611
youtube#commentThread,I0p81t-QllRC8Hz6DepYMuj0C5U,UgzRulh7xlwC0WdJUil4AaABAg,"{'videoId': 'XRYjrJJZAME', 'topLevelComment': {'kind': 'youtube#comment', 'etag': 'FLFOm7rnI071pYAZmWvyD24_R6o', 'id': 'UgzRulh7xlwC0WdJUil4AaABAg', 'snippet': {'videoId': 'XRYjrJJZAME', 'textDisplay': 'Vivas queridão! Novos caminhos com velhas lutas. Vencemos!!!!!!!', 'textOriginal': 'Vivas queridão! Novos caminhos com velhas lutas. Vencemos!!!!!!!', 'authorDisplayName': 'TATIANA WONSIK RECOMPENZA JOSEPH', 'authorProfileImageUrl': 'https://yt3.ggpht.com/ytc/AGIKgqONgoqUeJ_-rk8Z07FKYrBkJf0HlWm4HA16rowUwg=s48-c-k-c0x00ffffff-no-rj', 'authorChannelUrl': 'http://www.youtube.com/channel/UCnNuAW59f6rrUBmB9v8mg_A', 'authorChannelId': {'value': 'UCnNuAW59f6rrUBmB9v8mg_A'}, 'canRate': True, 'viewerRating': 'none', 'likeCount': 5, 'publishedAt': '2022-11-01T00:36:46Z', 'updatedAt': '2022-11-01T00:36:46Z'}}, 'canReply': True, 'totalReplyCount': 0, 'isPublic': True}",,UCnNuAW59f6rrUBmB9v8mg_A,2022-11-01T00:36:46Z,Vivas queridão! Novos caminhos com velhas lutas. Vencemos!!!!!!!,QURTSl9pM1ZQS3BIYWlPZzk0Y0RsYnBoZURlTDFNWXNWeHhDV1E4dGFYeUZPbzZ0VC1iQ1lQNEZxbV96N2FNTWZja0s3UWRkOE1XVkpqdw==,2023-06-07 12:46:24.204611
youtube#commentThread,GLjKf0-ym9ah1FV_YIbWGHIRWaM,UgxoE572eZd0viEU3J94AaABAg,"{'videoId': 'XRYjrJJZAME', 'topLevelComment': {'kind': 'youtube#comment', 'etag': 'C9UYzMl_Birbvb4KJu6HaaIlV9Q', 'id': 'UgxoE572eZd0viEU3J94AaABAg', 'snippet': {'videoId': 'XRYjrJJZAME', 'textDisplay': 'Esti. E. O. Governo. Do. Samgi.  Asasino. Da. Matança.', 'textOriginal': 'Esti. E. O. Governo. Do. Samgi.  Asasino. Da. Matança.', 'authorDisplayName': 'João Fernandes', 'authorProfileImageUrl': 'https://yt3.ggpht.com/ytc/AGIKgqPgGrqMyxUVCPNQjYlIrzCW_uH29mtEQWxZ3Ljq-afaWZ1UrrVE_O_cCjBxxqeI=s48-c-k-c0x00ffffff-no-rj', 'authorChannelUrl': 'http://www.youtube.com/channel/UCbsVjwqVakukhIqfYs2r2wg', 'authorChannelId': {'value': 'UCbsVjwqVakukhIqfYs2r2wg'}, 'canRate': True, 'viewerRating': 'none', 'likeCount': 0, 'publishedAt': '2022-11-01T00:36:45Z', 'updatedAt': '2022-11-01T00:36:45Z'}}, 'canReply': True, 'totalReplyCount': 0, 'isPublic': True}",,UCbsVjwqVakukhIqfYs2r2wg,2022-11-01T00:36:45Z,Esti. E. O. Governo. Do. Samgi.  Asasino. Da. Matança.,QURTSl9pM1ZQS3BIYWlPZzk0Y0RsYnBoZURlTDFNWXNWeHhDV1E4dGFYeUZPbzZ0VC1iQ1lQNEZxbV96N2FNTWZja0s3UWRkOE1XVkpqdw==,2023-06-07 12:46:24.204611
youtube#commentThread,BUbl_8n8WWIOn7yZGZOQQJ9gF1k,Ugy2jlxKDZRjb8LVQJ14AaABAg,"{'videoId': 'XRYjrJJZAME', 'topLevelComment': {'kind': 'youtube#comment', 'etag': 'TtwcfBiV8VYQa3oYSwrzcbs9WgY', 'id': 'Ugy2jlxKDZRjb8LVQJ14AaABAg', 'snippet': {'videoId': 'XRYjrJJZAME', 'textDisplay': 'EM  2023 CADEIA PARA ESSA QUADRILHA DE CURITIBA E MATAM O POVO BRASILEIRO...E QUEM  APOIA ESSA  DESORDEM...', 'textOriginal': 'EM  2023 CADEIA PARA ESSA QUADRILHA DE CURITIBA E MATAM O POVO BRASILEIRO...E QUEM  APOIA ESSA  DESORDEM...', 'authorDisplayName': 'Sebastião Silva', 'authorProfileImageUrl': 'https://yt3.ggpht.com/ytc/AGIKgqO5pD_PYD6e1PbOiJyWHYVbjPLa_1vQSAXmA6NRvluYt-3ABI7HwhUpCRNg22j4=s48-c-k-c0x00ffffff-no-rj', 'authorChannelUrl': 'http://www.youtube.com/channel/UCq4fdjxLgxXbbpoKPNI2pJw', 'authorChannelId': {'value': 'UCq4fdjxLgxXbbpoKPNI2pJw'}, 'canRate': True, 'viewerRating': 'none', 'likeCount': 0, 'publishedAt': '2022-11-01T00:36:45Z', 'updatedAt': '2022-11-01T00:36:45Z'}}, 'canReply': True, 'totalReplyCount': 0, 'isPublic': True}",,UCq4fdjxLgxXbbpoKPNI2pJw,2022-11-01T00:36:45Z,EM  2023 CADEIA PARA ESSA QUADRILHA DE CURITIBA E MATAM O POVO BRASILEIRO...E QUEM  APOIA ESSA  DESORDEM...,QURTSl9pM1ZQS3BIYWlPZzk0Y0RsYnBoZURlTDFNWXNWeHhDV1E4dGFYeUZPbzZ0VC1iQ1lQNEZxbV96N2FNTWZja0s3UWRkOE1XVkpqdw==,2023-06-07 12:46:24.204611
youtube#commentThread,h1zZdx7Pg9cZKMvZh8akOfCIpL0,UgwsrkdxxV2NugmrOyp4AaABAg,"{'videoId': 'XRYjrJJZAME', 'topLevelComment': {'kind': 'youtube#comment', 'etag': 'Sv8kJiLNR3sICjGdRU06bP-AMm4', 'id': 'UgwsrkdxxV2NugmrOyp4AaABAg', 'snippet': {'videoId': 'XRYjrJJZAME', 'textDisplay': 'NOTÁVEL, a palavra,que define,nosso presidente Lula,homem que tem a missão de cuidar do Brasil.', 'textOriginal': 'NOTÁVEL, a palavra,que define,nosso presidente Lula,homem que tem a missão de cuidar do Brasil.', 'authorDisplayName': 'Soninha Artes:pintura em tecido.', 'authorProfileImageUrl': 'https://yt3.ggpht.com/ytc/AGIKgqMpkez3rEAeq5pHeIJPuVHBo-DuYjvzjrPffI_k=s48-c-k-c0x00ffffff-no-rj', 'authorChannelUrl': 'http://www.youtube.com/channel/UC19qEeTrFB8qaCZHvV8-PZQ', 'authorChannelId': {'value': 'UC19qEeTrFB8qaCZHvV8-PZQ'}, 'canRate': True, 'viewerRating': 'none', 'likeCount': 0, 'publishedAt': '2022-11-01T00:36:40Z', 'updatedAt': '2022-11-01T00:36:40Z'}}, 'canReply': True, 'totalReplyCount': 0, 'isPublic': True}",,UC19qEeTrFB8qaCZHvV8-PZQ,2022-11-01T00:36:40Z,"NOTÁVEL, a palavra,que define,nosso presidente Lula,homem que tem a missão de cuidar do Brasil.",QURTSl9pM1ZQS3BIYWlPZzk0Y0RsYnBoZURlTDFNWXNWeHhDV1E4dGFYeUZPbzZ0VC1iQ1lQNEZxbV96N2FNTWZja0s3UWRkOE1XVkpqdw==,2023-06-07 12:46:24.204611
youtube#commentThread,hshkBvY1R9M00eTyAolN5UPIdXw,Ugxv7pdOAYlodTz_QGd4AaABAg,"{'videoId': 'XRYjrJJZAME', 'topLevelComment': {'kind': 'youtube#comment', 'etag': 'nIUzOlDRwevAW20KHen3lG9I-_M', 'id': 'Ugxv7pdOAYlodTz_QGd4AaABAg', 'snippet': {'videoId': 'XRYjrJJZAME', 'textDisplay': 'O maior cabo eleitoral do lula, foi guedes e o bolso com duaslucinações', 'textOriginal': 'O maior cabo eleitoral do lula, foi guedes e o bolso com duaslucinações', 'authorDisplayName': 'Ancilon Carneiro', 'authorProfileImageUrl': 'https://yt3.ggpht.com/ytc/AGIKgqPL7kwA-XJaDFIHG_hkBzIuSpp_YLVpl6xISw=s48-c-k-c0x00ffffff-no-rj', 'authorChannelUrl': 'http://www.youtube.com/channel/UCLvQlYsAGD60Xnm-Lt5GzBQ', 'authorChannelId': {'value': 'UCLvQlYsAGD60Xnm-Lt5GzBQ'}, 'canRate': True, 'viewerRating': 'none', 'likeCount': 1, 'publishedAt': '2022-11-01T00:36:25Z', 'updatedAt': '2022-11-01T00:36:25Z'}}, 'canReply': True, 'totalReplyCount': 0, 'isPublic': True}",,UCLvQlYsAGD60Xnm-Lt5GzBQ,2022-11-01T00:36:25Z,"O maior cabo eleitoral do lula, foi guedes e o bolso com duaslucinações",QURTSl9pM1ZQS3BIYWlPZzk0Y0RsYnBoZURlTDFNWXNWeHhDV1E4dGFYeUZPbzZ0VC1iQ1lQNEZxbV96N2FNTWZja0s3UWRkOE1XVkpqdw==,2023-06-07 12:46:24.204611
youtube#commentThread,GmwIdrv8gDadTmtWDMJpgtBROUg,UgxoRwis6IztE-inw2d4AaABAg,"{'videoId': 'XRYjrJJZAME', 'topLevelComment': {'kind': 'youtube#comment', 'etag': 'jwSxJ3zNIt4rKxbWDFgbGuDx584', 'id': 'UgxoRwis6IztE-inw2d4AaABAg', 'snippet': {'videoId': 'XRYjrJJZAME', 'textDisplay': '60 milhões é o nosso número e RESPEITO nossa palavra LULA nosso presidente ❤️⭐️❤️', 'textOriginal': '60 milhões é o nosso número e RESPEITO nossa palavra LULA nosso presidente ❤️⭐️❤️', 'authorDisplayName': 'Lorete Casadesus', 'authorProfileImageUrl': 'https://yt3.ggpht.com/ytc/AGIKgqPNjvJ6yewHudEvsfKBTvSH_yTwUD_bKjFesVDqBgdAT19Jp_1JlaT-dGSId9o5=s48-c-k-c0x00ffffff-no-rj', 'authorChannelUrl': 'http://www.youtube.com/channel/UCCI14tq1oPSyXsZxULlYlFA', 'authorChannelId': {'value': 'UCCI14tq1oPSyXsZxULlYlFA'}, 'canRate': True, 'viewerRating': 'none', 'likeCount': 1, 'publishedAt': '2022-11-01T00:36:10Z', 'updatedAt': '2022-11-01T00:36:10Z'}}, 'canReply': True, 'totalReplyCount': 0, 'isPublic': True}",,UCCI14tq1oPSyXsZxULlYlFA,2022-11-01T00:36:10Z,60 milhões é o nosso número e RESPEITO nossa palavra LULA nosso presidente ❤️⭐️❤️,QURTSl9pM1ZQS3BIYWlPZzk0Y0RsYnBoZURlTDFNWXNWeHhDV1E4dGFYeUZPbzZ0VC1iQ1lQNEZxbV96N2FNTWZja0s3UWRkOE1XVkpqdw==,2023-06-07 12:46:24.204611
youtube#commentThread,Y49llDyvo59zKlShbfO0tpW7R6A,Ugxw7hL6oQcRY4rNabt4AaABAg,"{'videoId': 'XRYjrJJZAME', 'topLevelComment': {'kind': 'youtube#comment', 'etag': '03Q_o-VVOh9_k9Ru86e513SOnn0', 'id': 'Ugxw7hL6oQcRY4rNabt4AaABAg', 'snippet': {'videoId': 'XRYjrJJZAME', 'textDisplay': 'Desde janeiro de 2019 com a tragédia de Brumadinho já dava sinais de m4l pressági0s!', 'textOriginal': 'Desde janeiro de 2019 com a tragédia de Brumadinho já dava sinais de m4l pressági0s!', 'authorDisplayName': 'Fernando Gyn', 'authorProfileImageUrl': 'https://yt3.ggpht.com/ytc/AGIKgqOsZGpdyFDzICS3cQH6IOsqoncPOs6ABbwxHA=s48-c-k-c0x00ffffff-no-rj', 'authorChannelUrl': 'http://www.youtube.com/channel/UC_Icm_JN-Rfe2dOA-g1952w', 'authorChannelId': {'value': 'UC_Icm_JN-Rfe2dOA-g1952w'}, 'canRate': True, 'viewerRating': 'none', 'likeCount': 1, 'publishedAt': '2022-11-01T00:35:38Z', 'updatedAt': '2022-11-01T00:35:38Z'}}, 'canReply': True, 'totalReplyCount': 0, 'isPublic': True}",,UC_Icm_JN-Rfe2dOA-g1952w,2022-11-01T00:35:38Z,Desde janeiro de 2019 com a tragédia de Brumadinho já dava sinais de m4l pressági0s!,QURTSl9pM1ZQS3BIYWlPZzk0Y0RsYnBoZURlTDFNWXNWeHhDV1E4dGFYeUZPbzZ0VC1iQ1lQNEZxbV96N2FNTWZja0s3UWRkOE1XVkpqdw==,2023-06-07 12:46:24.204611
youtube#commentThread,i3MC9QN6BBXnxRKfut0D8uhJ5Rc,UgzI0_hm7bPKAhP0dzV4AaABAg,"{'videoId': 'XRYjrJJZAME', 'topLevelComment': {'kind': 'youtube#comment', 'etag': 'iI0Y-KySEDVel3sTCp7RgXvtLQI', 'id': 'UgzI0_hm7bPKAhP0dzV4AaABAg', 'snippet': {'videoId': 'XRYjrJJZAME', 'textDisplay': 'Temos que saber perder tbm 👀👀 socorro exércitos do Brasil tem que ser VCS exércitos do Brasil pra acabar de1vez urgente 🙌❤️🇧🇷🙌 prfvr👀👀👀 com estes protestos prfvr 🙌🙌🙌 (não são caminhoneiros e nem patriotas, é gente 👎ruim)👀👀👀👀👀🤔🙃🙄🤔??????', 'textOriginal': 'Temos que saber perder tbm 👀👀 socorro exércitos do Brasil tem que ser VCS exércitos do Brasil pra acabar de1vez urgente 🙌❤️🇧🇷🙌 prfvr👀👀👀 com estes protestos prfvr 🙌🙌🙌 (não são caminhoneiros e nem patriotas, é gente 👎ruim)👀👀👀👀👀🤔🙃🙄🤔??????', 'authorDisplayName': 'Raquel Aparecida', 'authorProfileImageUrl': 'https://yt3.ggpht.com/ytc/AGIKgqObpDePgMvtWNKz5v9dH6cdRpzOeMoOOG5aWQ=s48-c-k-c0x00ffffff-no-rj', 'authorChannelUrl': 'http://www.youtube.com/channel/UCuuH9cGilpAB_VeDiEms_9g', 'authorChannelId': {'value': 'UCuuH9cGilpAB_VeDiEms_9g'}, 'canRate': True, 'viewerRating': 'none', 'likeCount': 2, 'publishedAt': '2022-11-01T00:35:20Z', 'updatedAt': '2022-11-01T00:36:14Z'}}, 'canReply': True, 'totalReplyCount': 0, 'isPublic': True}",,UCuuH9cGilpAB_VeDiEms_9g,2022-11-01T00:35:20Z,"Temos que saber perder tbm 👀👀 socorro exércitos do Brasil tem que ser VCS exércitos do Brasil pra acabar de1vez urgente 🙌❤️🇧🇷🙌 prfvr👀👀👀 com estes protestos prfvr 🙌🙌🙌 (não são caminhoneiros e nem patriotas, é gente 👎ruim)👀👀👀👀👀🤔🙃🙄🤔??????",QURTSl9pM1ZQS3BIYWlPZzk0Y0RsYnBoZURlTDFNWXNWeHhDV1E4dGFYeUZPbzZ0VC1iQ1lQNEZxbV96N2FNTWZja0s3UWRkOE1XVkpqdw==,2023-06-07 12:46:24.204611
youtube#commentThread,uFcJ2xRXq9X14AKnR4bBU3y-zYc,Ugz7U93KOuJjxjsbX-t4AaABAg,"{'videoId': 'XRYjrJJZAME', 'topLevelComment': {'kind': 'youtube#comment', 'etag': 'CXUWBCb9_vClPlbH6EfrmwdCnoc', 'id': 'Ugz7U93KOuJjxjsbX-t4AaABAg', 'snippet': {'videoId': 'XRYjrJJZAME', 'textDisplay': 'MEU DEUS ATÉ QUANDO TEREMOS QUE SUPORTAR TANTAS AFRONTAS CONTRA NOS BRASILEIROS FORA FORA TAMBÉM UMA FALTA DE RESPEITO PARA COM A JUSTIÇA BRASILEIRA 🙌NINGUÉM TEM MAIS UM MINUTO DE SOSSEGO COM ESTE GOVERNO DO MAL 🤮', 'textOriginal': 'MEU DEUS ATÉ QUANDO TEREMOS QUE SUPORTAR TANTAS AFRONTAS CONTRA NOS BRASILEIROS FORA FORA TAMBÉM UMA FALTA DE RESPEITO PARA COM A JUSTIÇA BRASILEIRA 🙌NINGUÉM TEM MAIS UM MINUTO DE SOSSEGO COM ESTE GOVERNO DO MAL 🤮', 'authorDisplayName': 'Paulina Paulina', 'authorProfileImageUrl': 'https://yt3.ggpht.com/IasGKshI1MTpHVE1eQR_tNW8JXWKfdOpdkcial2khGjzYseBqnwnus4bEMiMOQcsJG5vs3r6hQ=s48-c-k-c0x00ffffff-no-rj', 'authorChannelUrl': 'http://www.youtube.com/channel/UCoPbU1U4o6qZK91vygOb2ZQ', 'authorChannelId': {'value': 'UCoPbU1U4o6qZK91vygOb2ZQ'}, 'canRate': True, 'viewerRating': 'none', 'likeCount': 0, 'publishedAt': '2022-11-01T00:35:13Z', 'updatedAt': '2022-11-01T00:35:13Z'}}, 'canReply': True, 'totalReplyCount': 0, 'isPublic': True}",,UCoPbU1U4o6qZK91vygOb2ZQ,2022-11-01T00:35:13Z,MEU DEUS ATÉ QUANDO TEREMOS QUE SUPORTAR TANTAS AFRONTAS CONTRA NOS BRASILEIROS FORA FORA TAMBÉM UMA FALTA DE RESPEITO PARA COM A JUSTIÇA BRASILEIRA 🙌NINGUÉM TEM MAIS UM MINUTO DE SOSSEGO COM ESTE GOVERNO DO MAL 🤮,QURTSl9pM1ZQS3BIYWlPZzk0Y0RsYnBoZURlTDFNWXNWeHhDV1E4dGFYeUZPbzZ0VC1iQ1lQNEZxbV96N2FNTWZja0s3UWRkOE1XVkpqdw==,2023-06-07 12:46:24.204611
youtube#commentThread,bJGJLihUyZlmVuWyPhR-51o3Lbo,Ugx0q9Nr-5EnUqySYzV4AaABAg,"{'videoId': 'XRYjrJJZAME', 'topLevelComment': {'kind': 'youtube#comment', 'etag': 'TIXrGgCAaxMo77fWqO4GaoVAA3s', 'id': 'Ugx0q9Nr-5EnUqySYzV4AaABAg', 'snippet': {'videoId': 'XRYjrJJZAME', 'textDisplay': 'A. Estória. De. Bozó. Vai. Fica. Marcado.  Para.uitos. Anos. Negóciu. De. Bozó. Gosta. De. Vê. Samgi. E. Vidas  perdida.  E. Morti. Igual. Acomteseu. Com. Os. Amazonensi. Só. Samgi. E. Vidas.', 'textOriginal': 'A. Estória. De. Bozó. Vai. Fica. Marcado.  Para.uitos. Anos. Negóciu. De. Bozó. Gosta. De. Vê. Samgi. E. Vidas  perdida.  E. Morti. Igual. Acomteseu. Com. Os. Amazonensi. Só. Samgi. E. Vidas.', 'authorDisplayName': 'João Fernandes', 'authorProfileImageUrl': 'https://yt3.ggpht.com/ytc/AGIKgqPgGrqMyxUVCPNQjYlIrzCW_uH29mtEQWxZ3Ljq-afaWZ1UrrVE_O_cCjBxxqeI=s48-c-k-c0x00ffffff-no-rj', 'authorChannelUrl': 'http://www.youtube.com/channel/UCbsVjwqVakukhIqfYs2r2wg', 'authorChannelId': {'value': 'UCbsVjwqVakukhIqfYs2r2wg'}, 'canRate': True, 'viewerRating': 'none', 'likeCount': 0, 'publishedAt': '2022-11-01T00:35:04Z', 'updatedAt': '2022-11-01T00:35:04Z'}}, 'canReply': True, 'totalReplyCount': 0, 'isPublic': True}",,UCbsVjwqVakukhIqfYs2r2wg,2022-11-01T00:35:04Z,A. Estória. De. Bozó. Vai. Fica. Marcado.  Para.uitos. Anos. Negóciu. De. Bozó. Gosta. De. Vê. Samgi. E. Vidas  perdida.  E. Morti. Igual. Acomteseu. Com. Os. Amazonensi. Só. Samgi. E. Vidas.,QURTSl9pM1ZQS3BIYWlPZzk0Y0RsYnBoZURlTDFNWXNWeHhDV1E4dGFYeUZPbzZ0VC1iQ1lQNEZxbV96N2FNTWZja0s3UWRkOE1XVkpqdw==,2023-06-07 12:46:24.204611
youtube#commentThread,Sj8snO_gy0Exm9Qzi-TWFeIkBPQ,UgwQoYQrsowAj-ZGoVt4AaABAg,"{'videoId': 'XRYjrJJZAME', 'topLevelComment': {'kind': 'youtube#comment', 'etag': 'BZni1J-_v_NAjYz_izsFfeinEzM', 'id': 'UgwQoYQrsowAj-ZGoVt4AaABAg', 'snippet': {'videoId': 'XRYjrJJZAME', 'textDisplay': 'A. .moradia .de.  Bozó .vai. Ser em .bamgu . Junto. Com. .Sergio .cabral', 'textOriginal': 'A. .moradia .de.  Bozó .vai. Ser em .bamgu . Junto. Com. .Sergio .cabral', 'authorDisplayName': 'Paulo Bispo', 'authorProfileImageUrl': 'https://yt3.ggpht.com/ytc/AGIKgqM5txWzGXENWPgvMTEBkrkVXEz5ZElsIgmjptaG9hMbE5CaQHXsBkPbB4T3Z3ZX=s48-c-k-c0x00ffffff-no-rj', 'authorChannelUrl': 'http://www.youtube.com/channel/UCcmk022XSjjTLNbJZbjX9uw', 'authorChannelId': {'value': 'UCcmk022XSjjTLNbJZbjX9uw'}, 'canRate': True, 'viewerRating': 'none', 'likeCount': 0, 'publishedAt': '2022-11-01T00:35:02Z', 'updatedAt': '2022-11-01T00:35:02Z'}}, 'canReply': True, 'totalReplyCount': 0, 'isPublic': True}",,UCcmk022XSjjTLNbJZbjX9uw,2022-11-01T00:35:02Z,A. .moradia .de.  Bozó .vai. Ser em .bamgu . Junto. Com. .Sergio .cabral,QURTSl9pM1ZQS3BIYWlPZzk0Y0RsYnBoZURlTDFNWXNWeHhDV1E4dGFYeUZPbzZ0VC1iQ1lQNEZxbV96N2FNTWZja0s3UWRkOE1XVkpqdw==,2023-06-07 12:46:24.204611
youtube#commentThread,8M_Pd1PMn8o9GtyH2OoazuBdCds,UgzICwZOc-Ardqwgrqx4AaABAg,"{'videoId': 'XRYjrJJZAME', 'topLevelComment': {'kind': 'youtube#comment', 'etag': 'ykivrSSa9dmjSyVOptpjYcT31WA', 'id': 'UgzICwZOc-Ardqwgrqx4AaABAg', 'snippet': {'videoId': 'XRYjrJJZAME', 'textDisplay': 'Obrigado pimenta por favor aranje um jeito de tira o Bolsonaro di dentro do esconderijo e se espricar porque as pessoas estão se matado porcausa dele ele que aseite que dói menos', 'textOriginal': 'Obrigado pimenta por favor aranje um jeito de tira o Bolsonaro di dentro do esconderijo e se espricar porque as pessoas estão se matado porcausa dele ele que aseite que dói menos', 'authorDisplayName': 'Olinda Corrêa de Jesus', 'authorProfileImageUrl': 'https://yt3.ggpht.com/ytc/AGIKgqNlonOYn0CSe2P9fS8v69wYgjCx4Hx9eQD0Oh8WNUvHyLFhxnksyV4H2XhIFDUH=s48-c-k-c0x00ffffff-no-rj', 'authorChannelUrl': 'http://www.youtube.com/channel/UCvQ02xKUCsuhHmFgJF-OcNQ', 'authorChannelId': {'value': 'UCvQ02xKUCsuhHmFgJF-OcNQ'}, 'canRate': True, 'viewerRating': 'none', 'likeCount': 0, 'publishedAt': '2022-11-01T00:34:47Z', 'updatedAt': '2022-11-01T00:34:47Z'}}, 'canReply': True, 'totalReplyCount': 0, 'isPublic': True}",,UCvQ02xKUCsuhHmFgJF-OcNQ,2022-11-01T00:34:47Z,Obrigado pimenta por favor aranje um jeito de tira o Bolsonaro di dentro do esconderijo e se espricar porque as pessoas estão se matado porcausa dele ele que aseite que dói menos,QURTSl9pM1ZQS3BIYWlPZzk0Y0RsYnBoZURlTDFNWXNWeHhDV1E4dGFYeUZPbzZ0VC1iQ1lQNEZxbV96N2FNTWZja0s3UWRkOE1XVkpqdw==,2023-06-07 12:46:24.204611
youtube#commentThread,L3uYxGorN7Gq-uDLyHfbxPR-X7Q,UgwSA6oYnmcBC7ulkQJ4AaABAg,"{'videoId': 'XRYjrJJZAME', 'topLevelComment': {'kind': 'youtube#comment', 'etag': 'wCxi4ReZ7BgwZgZySuinzACnh1Y', 'id': 'UgwSA6oYnmcBC7ulkQJ4AaABAg', 'snippet': {'videoId': 'XRYjrJJZAME', 'textDisplay': 'É verdade mesmo VIU cadê agora os líderes os crentes profetas convocando para jejum clamores orações clamor  pedindo A DEUS que Ele Interrvem  das vidas de todas as pessoas que estão tão desseperadas Angustiadas preocupadas  nervosas  Que DEUS OS ABENÇOE com libertação de tudo e de todos os tipos de males que estejam pertubando as mentes e os corações , e Que DEUS Acalme os sistema nervosos dessa gente que por seja Qual seja o motivo Denhrt', 'textOriginal': 'É verdade mesmo VIU cadê agora os líderes os crentes profetas convocando para jejum clamores orações clamor  pedindo A DEUS que Ele Interrvem  das vidas de todas as pessoas que estão tão desseperadas Angustiadas preocupadas  nervosas  Que DEUS OS ABENÇOE com libertação de tudo e de todos os tipos de males que estejam pertubando as mentes e os corações , e Que DEUS Acalme os sistema nervosos dessa gente que por seja Qual seja o motivo Denhrt', 'authorDisplayName': 'Socorro Souza', 'authorProfileImageUrl': 'https://yt3.ggpht.com/ytc/AGIKgqOj0vdzTV_9VKcoTsrHMUqNrtm20CbsbUBQIg=s48-c-k-c0x00ffffff-no-rj', 'authorChannelUrl': 'http://www.youtube.com/channel/UCNJPpuOUpTDri7Tma_OTsRw', 'authorChannelId': {'value': 'UCNJPpuOUpTDri7Tma_OTsRw'}, 'canRate': True, 'viewerRating': 'none', 'likeCount': 9, 'publishedAt': '2022-11-01T00:34:32Z', 'updatedAt': '2022-11-01T00:34:32Z'}}, 'canReply': True, 'totalReplyCount': 0, 'isPublic': True}",,UCNJPpuOUpTDri7Tma_OTsRw,2022-11-01T00:34:32Z,"É verdade mesmo VIU cadê agora os líderes os crentes profetas convocando para jejum clamores orações clamor  pedindo A DEUS que Ele Interrvem  das vidas de todas as pessoas que estão tão desseperadas Angustiadas preocupadas  nervosas  Que DEUS OS ABENÇOE com libertação de tudo e de todos os tipos de males que estejam pertubando as mentes e os corações , e Que DEUS Acalme os sistema nervosos dessa gente que por seja Qual seja o motivo Denhrt",QURTSl9pM1ZQS3BIYWlPZzk0Y0RsYnBoZURlTDFNWXNWeHhDV1E4dGFYeUZPbzZ0VC1iQ1lQNEZxbV96N2FNTWZja0s3UWRkOE1XVkpqdw==,2023-06-07 12:46:24.204611
youtube#commentThread,7UvFJsSz6iZ__xKfNpim_EfP2jA,Ugysu7uYQoH37ZOva7V4AaABAg,"{'videoId': 'XRYjrJJZAME', 'topLevelComment': {'kind': 'youtube#comment', 'etag': '1Q-7Kk2NRAA3OkR5fpCdzpcabPc', 'id': 'Ugysu7uYQoH37ZOva7V4AaABAg', 'snippet': {'videoId': 'XRYjrJJZAME', 'textDisplay': 'Que vergonha, o que se transformou nosso Brasil com o comando desse desgoverno.', 'textOriginal': 'Que vergonha, o que se transformou nosso Brasil com o comando desse desgoverno.', 'authorDisplayName': 'Magali Moraes', 'authorProfileImageUrl': 'https://yt3.ggpht.com/ytc/AGIKgqMA_dM2BwX3jmG5SU2CHigJg2cCIDMFGtgs5A=s48-c-k-c0x00ffffff-no-rj', 'authorChannelUrl': 'http://www.youtube.com/channel/UChGWMS9OYfPgvNHwpC09x5Q', 'authorChannelId': {'value': 'UChGWMS9OYfPgvNHwpC09x5Q'}, 'canRate': True, 'viewerRating': 'none', 'likeCount': 1, 'publishedAt': '2022-11-01T00:34:31Z', 'updatedAt': '2022-11-01T00:34:31Z'}}, 'canReply': True, 'totalReplyCount': 0, 'isPublic': True}",,UChGWMS9OYfPgvNHwpC09x5Q,2022-11-01T00:34:31Z,"Que vergonha, o que se transformou nosso Brasil com o comando desse desgoverno.",QURTSl9pM1ZQS3BIYWlPZzk0Y0RsYnBoZURlTDFNWXNWeHhDV1E4dGFYeUZPbzZ0VC1iQ1lQNEZxbV96N2FNTWZja0s3UWRkOE1XVkpqdw==,2023-06-07 12:46:24.204611
youtube#commentThread,ipMi1r3_B9oi4-OYQbXpjRPfGb8,Ugx8LiN262_4YBTLYWd4AaABAg,"{'videoId': 'XRYjrJJZAME', 'topLevelComment': {'kind': 'youtube#comment', 'etag': 'EcW1YJW_FscHsix5uQA_H7YYFzQ', 'id': 'Ugx8LiN262_4YBTLYWd4AaABAg', 'snippet': {'videoId': 'XRYjrJJZAME', 'textDisplay': 'Parabéns,vc falou tudo,os cegos vão enchergar,ou eles vão pagar um alto preço pelas blasfêmia do nome de Deus e as humilhações pelo povo brasileiro.', 'textOriginal': 'Parabéns,vc falou tudo,os cegos vão enchergar,ou eles vão pagar um alto preço pelas blasfêmia do nome de Deus e as humilhações pelo povo brasileiro.', 'authorDisplayName': 'Kita Gomes', 'authorProfileImageUrl': 'https://yt3.ggpht.com/ytc/AGIKgqMJyVLnw_IdHwfI6q_utgPb0iNrEEn2-J6fmQ=s48-c-k-c0x00ffffff-no-rj', 'authorChannelUrl': 'http://www.youtube.com/channel/UC4yU9Nb2zLdS3DgVmK-9_cA', 'authorChannelId': {'value': 'UC4yU9Nb2zLdS3DgVmK-9_cA'}, 'canRate': True, 'viewerRating': 'none', 'likeCount': 25, 'publishedAt': '2022-11-01T00:34:11Z', 'updatedAt': '2022-11-01T00:34:11Z'}}, 'canReply': True, 'totalReplyCount': 0, 'isPublic': True}",,UC4yU9Nb2zLdS3DgVmK-9_cA,2022-11-01T00:34:11Z,"Parabéns,vc falou tudo,os cegos vão enchergar,ou eles vão pagar um alto preço pelas blasfêmia do nome de Deus e as humilhações pelo povo brasileiro.",QURTSl9pM1ZQS3BIYWlPZzk0Y0RsYnBoZURlTDFNWXNWeHhDV1E4dGFYeUZPbzZ0VC1iQ1lQNEZxbV96N2FNTWZja0s3UWRkOE1XVkpqdw==,2023-06-07 12:46:24.204611
youtube#commentThread,Rhp-pJKiF6Ki4ICUEqf83lLljl4,UgzXbut_VLi3VA04a_F4AaABAg,"{'videoId': 'XRYjrJJZAME', 'topLevelComment': {'kind': 'youtube#comment', 'etag': '9vtJXXrakuYOXh3jwMFrI2JXxhA', 'id': 'UgzXbut_VLi3VA04a_F4AaABAg', 'snippet': {'videoId': 'XRYjrJJZAME', 'textDisplay': 'Lulaaa presidente', 'textOriginal': 'Lulaaa presidente', 'authorDisplayName': 'Simone Mafra', 'authorProfileImageUrl': 'https://yt3.ggpht.com/ytc/AGIKgqMj6Cqe78R8qdbxf-d2XUUrBEdhGQ2syGLz8w=s48-c-k-c0x00ffffff-no-rj', 'authorChannelUrl': 'http://www.youtube.com/channel/UC-8LQDrYHOdQid1Jb52Z9bQ', 'authorChannelId': {'value': 'UC-8LQDrYHOdQid1Jb52Z9bQ'}, 'canRate': True, 'viewerRating': 'none', 'likeCount': 0, 'publishedAt': '2022-11-01T00:33:44Z', 'updatedAt': '2022-11-01T00:33:44Z'}}, 'canReply': True, 'totalReplyCount': 0, 'isPublic': True}",,UC-8LQDrYHOdQid1Jb52Z9bQ,2022-11-01T00:33:44Z,Lulaaa presidente,QURTSl9pM1ZQS3BIYWlPZzk0Y0RsYnBoZURlTDFNWXNWeHhDV1E4dGFYeUZPbzZ0VC1iQ1lQNEZxbV96N2FNTWZja0s3UWRkOE1XVkpqdw==,2023-06-07 12:46:24.204611
youtube#commentThread,cEbmulWOVZZakRXzUhuiy-HcVcc,UgyEuZ6mEWbutTcIc_t4AaABAg,"{'videoId': 'XRYjrJJZAME', 'topLevelComment': {'kind': 'youtube#comment', 'etag': 'e6PjFT79_FJoHmaEWYnT9SCpCe4', 'id': 'UgyEuZ6mEWbutTcIc_t4AaABAg', 'snippet': {'videoId': 'XRYjrJJZAME', 'textDisplay': 'Sofremos  4 anos  mas ja ta chegando  o fim que venha 2023', 'textOriginal': 'Sofremos  4 anos  mas ja ta chegando  o fim que venha 2023', 'authorDisplayName': 'borges', 'authorProfileImageUrl': 'https://yt3.ggpht.com/iGiY2nXpVg3PY9nGK1G6btkwNkGETjg9x2YtYCO8PAMgEPA6JkLlN5GsdZnQx0OOwEEmz_KoPlM=s48-c-k-c0x00ffffff-no-rj', 'authorChannelUrl': 'http://www.youtube.com/channel/UCzSNquyFpeglwZYJ00SG5HQ', 'authorChannelId': {'value': 'UCzSNquyFpeglwZYJ00SG5HQ'}, 'canRate': True, 'viewerRating': 'none', 'likeCount': 0, 'publishedAt': '2022-11-01T00:33:13Z', 'updatedAt': '2022-11-01T00:33:13Z'}}, 'canReply': True, 'totalReplyCount': 0, 'isPublic': True}",,UCzSNquyFpeglwZYJ00SG5HQ,2022-11-01T00:33:13Z,Sofremos  4 anos  mas ja ta chegando  o fim que venha 2023,QURTSl9pM1ZQS3BIYWlPZzk0Y0RsYnBoZURlTDFNWXNWeHhDV1E4dGFYeUZPbzZ0VC1iQ1lQNEZxbV96N2FNTWZja0s3UWRkOE1XVkpqdw==,2023-06-07 12:46:24.204611
youtube#commentThread,7VWeKkRqp4Znlqjd4091rnXBb1g,Ugwjf07qCfUA3qJRwAR4AaABAg,"{'videoId': 'XRYjrJJZAME', 'topLevelComment': {'kind': 'youtube#comment', 'etag': 'lTUDYEzrHVgqdQ00Uxu7FlcYoE0', 'id': 'Ugwjf07qCfUA3qJRwAR4AaABAg', 'snippet': {'videoId': 'XRYjrJJZAME', 'textDisplay': 'Ciro de Osasco', 'textOriginal': 'Ciro de Osasco', 'authorDisplayName': 'Ciro Magalhaes', 'authorProfileImageUrl': 'https://yt3.ggpht.com/ytc/AGIKgqOdp0VNkS5ym5cQMKAAGopGk9yaqgvZCL4lWg=s48-c-k-c0x00ffffff-no-rj', 'authorChannelUrl': 'http://www.youtube.com/channel/UCNDBWqUvH9h2Nko82qH9a0w', 'authorChannelId': {'value': 'UCNDBWqUvH9h2Nko82qH9a0w'}, 'canRate': True, 'viewerRating': 'none', 'likeCount': 0, 'publishedAt': '2022-11-01T00:33:09Z', 'updatedAt': '2022-11-01T00:33:09Z'}}, 'canReply': True, 'totalReplyCount': 0, 'isPublic': True}",,UCNDBWqUvH9h2Nko82qH9a0w,2022-11-01T00:33:09Z,Ciro de Osasco,QURTSl9pM1ZQS3BIYWlPZzk0Y0RsYnBoZURlTDFNWXNWeHhDV1E4dGFYeUZPbzZ0VC1iQ1lQNEZxbV96N2FNTWZja0s3UWRkOE1XVkpqdw==,2023-06-07 12:46:24.204611
youtube#commentThread,pivoz9CfKomINE5sjGfRyOfHea4,UgwTouZN9fyY7OtmoZF4AaABAg,"{'videoId': 'XRYjrJJZAME', 'topLevelComment': {'kind': 'youtube#comment', 'etag': '1_gC66HXOZDjEEfuEGZnyklBnkI', 'id': 'UgwTouZN9fyY7OtmoZF4AaABAg', 'snippet': {'videoId': 'XRYjrJJZAME', 'textDisplay': 'uma ex ja fugiu sera que a outra atual tambem vai fugir............', 'textOriginal': 'uma ex ja fugiu sera que a outra atual tambem vai fugir............', 'authorDisplayName': 'Paulo Hungaro', 'authorProfileImageUrl': 'https://yt3.ggpht.com/ytc/AGIKgqPChkqA3sAEFI39ILaZYFLZp9lsw6sV3AfbZw=s48-c-k-c0x00ffffff-no-rj', 'authorChannelUrl': 'http://www.youtube.com/channel/UCFY2F4nunJ5hpEYL4LN4jWQ', 'authorChannelId': {'value': 'UCFY2F4nunJ5hpEYL4LN4jWQ'}, 'canRate': True, 'viewerRating': 'none', 'likeCount': 0, 'publishedAt': '2022-11-01T00:32:52Z', 'updatedAt': '2022-11-01T00:32:52Z'}}, 'canReply': True, 'totalReplyCount': 0, 'isPublic': True}",,UCFY2F4nunJ5hpEYL4LN4jWQ,2022-11-01T00:32:52Z,uma ex ja fugiu sera que a outra atual tambem vai fugir............,QURTSl9pMUlsUnN5R0Z3ejJWeHkza2RtZ3pvY2M5Wk43UFViMEZnaDU4LWg3dHNwQVVVSzZYcmJ6Ry1JY1FCMmhuSzhtdFBobXBfLTE3QQ==,2023-06-07 12:46:25.969242
youtube#commentThread,2-nTDT84x2ItTUOnacEHtcnebmY,UgyI2aUkUmCSKtaDpoF4AaABAg,"{'videoId': 'XRYjrJJZAME', 'topLevelComment': {'kind': 'youtube#comment', 'etag': 's0mNgvpDNcfi22Vvds30Raf6Rwk', 'id': 'UgyI2aUkUmCSKtaDpoF4AaABAg', 'snippet': {'videoId': 'XRYjrJJZAME', 'textDisplay': 'Paulo Pimenta Boa Noite hoje fui na academia que eu treno e foi inguinorado por que fiz o l de Lula muitos deles falaram que não iria me comprimentar tô nem aí', 'textOriginal': 'Paulo Pimenta Boa Noite hoje fui na academia que eu treno e foi inguinorado por que fiz o l de Lula muitos deles falaram que não iria me comprimentar tô nem aí', 'authorDisplayName': 'Ciro Magalhaes', 'authorProfileImageUrl': 'https://yt3.ggpht.com/ytc/AGIKgqOdp0VNkS5ym5cQMKAAGopGk9yaqgvZCL4lWg=s48-c-k-c0x00ffffff-no-rj', 'authorChannelUrl': 'http://www.youtube.com/channel/UCNDBWqUvH9h2Nko82qH9a0w', 'authorChannelId': {'value': 'UCNDBWqUvH9h2Nko82qH9a0w'}, 'canRate': True, 'viewerRating': 'none', 'likeCount': 0, 'publishedAt': '2022-11-01T00:32:43Z', 'updatedAt': '2022-11-01T00:32:43Z'}}, 'canReply': True, 'totalReplyCount': 0, 'isPublic': True}",,UCNDBWqUvH9h2Nko82qH9a0w,2022-11-01T00:32:43Z,Paulo Pimenta Boa Noite hoje fui na academia que eu treno e foi inguinorado por que fiz o l de Lula muitos deles falaram que não iria me comprimentar tô nem aí,QURTSl9pMUlsUnN5R0Z3ejJWeHkza2RtZ3pvY2M5Wk43UFViMEZnaDU4LWg3dHNwQVVVSzZYcmJ6Ry1JY1FCMmhuSzhtdFBobXBfLTE3QQ==,2023-06-07 12:46:25.969242
youtube#commentThread,xWryIdxd_JGkvmVyWKBSUQ_cZKc,UgzmJHxm1-aANioqlbZ4AaABAg,"{'videoId': 'XRYjrJJZAME', 'topLevelComment': {'kind': 'youtube#comment', 'etag': 'Fp6COnis3fwzrEcjMIiwHPmsxkU', 'id': 'UgzmJHxm1-aANioqlbZ4AaABAg', 'snippet': {'videoId': 'XRYjrJJZAME', 'textDisplay': 'Parabéns Lula foi merecido', 'textOriginal': 'Parabéns Lula foi merecido', 'authorDisplayName': 'Angela Maria da Silva Leite', 'authorProfileImageUrl': 'https://yt3.ggpht.com/ytc/AGIKgqOt5CG1PET16gjdn2_4SP0oVegECPsenN9SVA=s48-c-k-c0x00ffffff-no-rj', 'authorChannelUrl': 'http://www.youtube.com/channel/UC-4JkuWuFl4Mh2LtNl-g4cQ', 'authorChannelId': {'value': 'UC-4JkuWuFl4Mh2LtNl-g4cQ'}, 'canRate': True, 'viewerRating': 'none', 'likeCount': 0, 'publishedAt': '2022-11-01T00:32:39Z', 'updatedAt': '2022-11-01T00:32:39Z'}}, 'canReply': True, 'totalReplyCount': 0, 'isPublic': True}",,UC-4JkuWuFl4Mh2LtNl-g4cQ,2022-11-01T00:32:39Z,Parabéns Lula foi merecido,QURTSl9pMUlsUnN5R0Z3ejJWeHkza2RtZ3pvY2M5Wk43UFViMEZnaDU4LWg3dHNwQVVVSzZYcmJ6Ry1JY1FCMmhuSzhtdFBobXBfLTE3QQ==,2023-06-07 12:46:25.969242
youtube#commentThread,PT0OhHaAW2J81mFg40jiZd4U7dU,UgxIMMvK5Bt8L2HcPmd4AaABAg,"{'videoId': 'XRYjrJJZAME', 'topLevelComment': {'kind': 'youtube#comment', 'etag': 'ydtcehl6FkXwdg6WAAbrO4m8anQ', 'id': 'UgxIMMvK5Bt8L2HcPmd4AaABAg', 'snippet': {'videoId': 'XRYjrJJZAME', 'textDisplay': 'Deixaram o Bolsonaro se criar, o próprio PT preferiu tirar o povo da rua e deixar o Bolsonaro terminar o mandato, olha a merda que deu', 'textOriginal': 'Deixaram o Bolsonaro se criar, o próprio PT preferiu tirar o povo da rua e deixar o Bolsonaro terminar o mandato, olha a merda que deu', 'authorDisplayName': 'Any', 'authorProfileImageUrl': 'https://yt3.ggpht.com/u2QGxzmFI8BfyM1nPP3O7mVOM3pPA-uzJwAcQpK7DWLU7t0jxvtjs_zNd3X2XnSByY1ZJrx4tA=s48-c-k-c0x00ffffff-no-rj', 'authorChannelUrl': 'http://www.youtube.com/channel/UCNeHOmsVNE0zglOD_D3jcDA', 'authorChannelId': {'value': 'UCNeHOmsVNE0zglOD_D3jcDA'}, 'canRate': True, 'viewerRating': 'none', 'likeCount': 0, 'publishedAt': '2022-11-01T00:32:35Z', 'updatedAt': '2022-11-01T00:32:35Z'}}, 'canReply': True, 'totalReplyCount': 0, 'isPublic': True}",,UCNeHOmsVNE0zglOD_D3jcDA,2022-11-01T00:32:35Z,"Deixaram o Bolsonaro se criar, o próprio PT preferiu tirar o povo da rua e deixar o Bolsonaro terminar o mandato, olha a merda que deu",QURTSl9pMUlsUnN5R0Z3ejJWeHkza2RtZ3pvY2M5Wk43UFViMEZnaDU4LWg3dHNwQVVVSzZYcmJ6Ry1JY1FCMmhuSzhtdFBobXBfLTE3QQ==,2023-06-07 12:46:25.969242
youtube#commentThread,-J_nX7OJMs_fiFgvHfenG4uKBiY,Ugxme_5XgjGQQbFeAvd4AaABAg,"{'videoId': 'XRYjrJJZAME', 'topLevelComment': {'kind': 'youtube#comment', 'etag': 'ccyRfqkqJOhnnnx_W8chUBEtH3Y', 'id': 'Ugxme_5XgjGQQbFeAvd4AaABAg', 'snippet': {'videoId': 'XRYjrJJZAME', 'textDisplay': 'Ele pirraça na vitória do presidente argentino pirraça com Jonh bide, e agora as <a href=""https://www.youtube.com/watch?v=XRYjrJJZAME&amp;t=21m29s"">21:29</a> horas pirraça e não deu os parabéns pra Lula , não podemos dar bola para manifestação anti democráticas ok turma, uma salva de vaias aos anti democracia , o mundo está do lado do Lula e da democracia 🌎', 'textOriginal': 'Ele pirraça na vitória do presidente argentino pirraça com Jonh bide, e agora as 21:29 horas pirraça e não deu os parabéns pra Lula , não podemos dar bola para manifestação anti democráticas ok turma, uma salva de vaias aos anti democracia , o mundo está do lado do Lula e da democracia 🌎', 'authorDisplayName': 'Has D', 'authorProfileImageUrl': 'https://yt3.ggpht.com/ytc/AGIKgqOwVL0hq2iphRrUindD17KYui4dW7IdXEtJE-O3=s48-c-k-c0x00ffffff-no-rj', 'authorChannelUrl': 'http://www.youtube.com/channel/UCQpB05IcwkLGwmN3uDnCaQQ', 'authorChannelId': {'value': 'UCQpB05IcwkLGwmN3uDnCaQQ'}, 'canRate': True, 'viewerRating': 'none', 'likeCount': 0, 'publishedAt': '2022-11-01T00:32:29Z', 'updatedAt': '2022-11-01T00:32:29Z'}}, 'canReply': True, 'totalReplyCount': 2, 'isPublic': True}","{'comments': [{'kind': 'youtube#comment', 'etag': 'iErBzFfBF8V26_Kxv0QTsKqASK4', 'id': 'Ugxme_5XgjGQQbFeAvd4AaABAg.9hs-R3qFkHG9hsAXQc2euW', 'snippet': {'videoId': 'XRYjrJJZAME', 'textDisplay': '@Juliana Nogueir quem está do lado da bandidagem? A democracia? O direito ao voto popular? A justiça? Os direitos civis?  A inclusão social?   A flora e fauna?  Qual o argumento?', 'textOriginal': '@Juliana Nogueir quem está do lado da bandidagem? A democracia? O direito ao voto popular? A justiça? Os direitos civis?  A inclusão social?   A flora e fauna?  Qual o argumento?', 'parentId': 'Ugxme_5XgjGQQbFeAvd4AaABAg', 'authorDisplayName': 'Has D', 'authorProfileImageUrl': 'https://yt3.ggpht.com/ytc/AGIKgqOwVL0hq2iphRrUindD17KYui4dW7IdXEtJE-O3=s48-c-k-c0x00ffffff-no-rj', 'authorChannelUrl': 'http://www.youtube.com/channel/UCQpB05IcwkLGwmN3uDnCaQQ', 'authorChannelId': {'value': 'UCQpB05IcwkLGwmN3uDnCaQQ'}, 'canRate': True, 'viewerRating': 'none', 'likeCount': 0, 'publishedAt': '2022-11-01T02:09:28Z', 'updatedAt': '2022-11-01T02:26:14Z'}}, {'kind': 'youtube#comment', 'etag': 'CHKJRFyTKm3K3nehVlkYV94_6LY', 'id': 'Ugxme_5XgjGQQbFeAvd4AaABAg.9hs-R3qFkHG9hs3cILHIZa', 'snippet': {'videoId': 'XRYjrJJZAME', 'textDisplay': 'Está do lado da bandidagem, provam que o crime compensa', 'textOriginal': 'Está do lado da bandidagem, provam que o crime compensa', 'parentId': 'Ugxme_5XgjGQQbFeAvd4AaABAg', 'authorDisplayName': 'Juliana Nogueir', 'authorProfileImageUrl': 'https://yt3.ggpht.com/ytc/AGIKgqOM-a5YakyPC0-MPK6wGqHJ_f33vHsAHMjYhg=s48-c-k-c0x00ffffff-no-rj', 'authorChannelUrl': 'http://www.youtube.com/channel/UCJHL_0Sob55d-puEiJX9eUw', 'authorChannelId': {'value': 'UCJHL_0Sob55d-puEiJX9eUw'}, 'canRate': True, 'viewerRating': 'none', 'likeCount': 0, 'publishedAt': '2022-11-01T01:09:06Z', 'updatedAt': '2022-11-01T01:09:06Z'}}]}",UCQpB05IcwkLGwmN3uDnCaQQ,2022-11-01T00:32:29Z,"Ele pirraça na vitória do presidente argentino pirraça com Jonh bide, e agora as 21:29 horas pirraça e não deu os parabéns pra Lula , não podemos dar bola para manifestação anti democráticas ok turma, uma salva de vaias aos anti democracia , o mundo está do lado do Lula e da democracia 🌎",QURTSl9pMUlsUnN5R0Z3ejJWeHkza2RtZ3pvY2M5Wk43UFViMEZnaDU4LWg3dHNwQVVVSzZYcmJ6Ry1JY1FCMmhuSzhtdFBobXBfLTE3QQ==,2023-06-07 12:46:25.969242
youtube#commentThread,xLGdHSW8rHsFICs_2Bhx6km7-vA,Ugx9NztdFvxZSqAcRGp4AaABAg,"{'videoId': 'XRYjrJJZAME', 'topLevelComment': {'kind': 'youtube#comment', 'etag': 'o4puqMTKjPsDVdsWDY1PWdTxR8k', 'id': 'Ugx9NztdFvxZSqAcRGp4AaABAg', 'snippet': {'videoId': 'XRYjrJJZAME', 'textDisplay': 'Teriam prendido muitas pessoas .', 'textOriginal': 'Teriam prendido muitas pessoas .', 'authorDisplayName': 'Silvana de Almeida Furtado Almeida', 'authorProfileImageUrl': 'https://yt3.ggpht.com/ytc/AGIKgqPQVbw5P-JF0d1c3KGKJT4Vq7RCmVIoqfkrCA=s48-c-k-c0x00ffffff-no-rj', 'authorChannelUrl': 'http://www.youtube.com/channel/UCvtzlnTXIG-mVIT0I-VR22w', 'authorChannelId': {'value': 'UCvtzlnTXIG-mVIT0I-VR22w'}, 'canRate': True, 'viewerRating': 'none', 'likeCount': 0, 'publishedAt': '2022-11-01T00:32:23Z', 'updatedAt': '2022-11-01T00:32:23Z'}}, 'canReply': True, 'totalReplyCount': 0, 'isPublic': True}",,UCvtzlnTXIG-mVIT0I-VR22w,2022-11-01T00:32:23Z,Teriam prendido muitas pessoas .,QURTSl9pMUlsUnN5R0Z3ejJWeHkza2RtZ3pvY2M5Wk43UFViMEZnaDU4LWg3dHNwQVVVSzZYcmJ6Ry1JY1FCMmhuSzhtdFBobXBfLTE3QQ==,2023-06-07 12:46:25.969242
youtube#commentThread,xCZVfhb6pxDP6vzjpAJHCxePvkU,UgxMNuJfGGePM9ugcBx4AaABAg,"{'videoId': 'XRYjrJJZAME', 'topLevelComment': {'kind': 'youtube#comment', 'etag': 'iPwV3DH_CZQi_tsFzV8zY1T7Ufg', 'id': 'UgxMNuJfGGePM9ugcBx4AaABAg', 'snippet': {'videoId': 'XRYjrJJZAME', 'textDisplay': 'Nos avizamos  que nas urnas  agente ia dar o troco  voceis nao acreditaram', 'textOriginal': 'Nos avizamos  que nas urnas  agente ia dar o troco  voceis nao acreditaram', 'authorDisplayName': 'borges', 'authorProfileImageUrl': 'https://yt3.ggpht.com/iGiY2nXpVg3PY9nGK1G6btkwNkGETjg9x2YtYCO8PAMgEPA6JkLlN5GsdZnQx0OOwEEmz_KoPlM=s48-c-k-c0x00ffffff-no-rj', 'authorChannelUrl': 'http://www.youtube.com/channel/UCzSNquyFpeglwZYJ00SG5HQ', 'authorChannelId': {'value': 'UCzSNquyFpeglwZYJ00SG5HQ'}, 'canRate': True, 'viewerRating': 'none', 'likeCount': 0, 'publishedAt': '2022-11-01T00:32:20Z', 'updatedAt': '2022-11-01T00:32:20Z'}}, 'canReply': True, 'totalReplyCount': 0, 'isPublic': True}",,UCzSNquyFpeglwZYJ00SG5HQ,2022-11-01T00:32:20Z,Nos avizamos  que nas urnas  agente ia dar o troco  voceis nao acreditaram,QURTSl9pMUlsUnN5R0Z3ejJWeHkza2RtZ3pvY2M5Wk43UFViMEZnaDU4LWg3dHNwQVVVSzZYcmJ6Ry1JY1FCMmhuSzhtdFBobXBfLTE3QQ==,2023-06-07 12:46:25.969242
youtube#commentThread,cEwYZvtxvLCiwC2UXBdP9K3HZr4,UgzYv-dzbhgMaFBpfct4AaABAg,"{'videoId': 'XRYjrJJZAME', 'topLevelComment': {'kind': 'youtube#comment', 'etag': 'hXTcNfWY7i1TcLcyZlBaOdeDGfI', 'id': 'UgzYv-dzbhgMaFBpfct4AaABAg', 'snippet': {'videoId': 'XRYjrJJZAME', 'textDisplay': 'Se ele não você covarde,faria uso da arma que ele legalizou e resto nem te conto tchê', 'textOriginal': 'Se ele não você covarde,faria uso da arma que ele legalizou e resto nem te conto tchê', 'authorDisplayName': 'Jorge Helmich', 'authorProfileImageUrl': 'https://yt3.ggpht.com/ytc/AGIKgqONKXuJYj_cl7tA-JBlMEQwJ4sxUBCRBCVw0A=s48-c-k-c0x00ffffff-no-rj', 'authorChannelUrl': 'http://www.youtube.com/channel/UC7zwo8JYFu-WXtacQ1EDzdA', 'authorChannelId': {'value': 'UC7zwo8JYFu-WXtacQ1EDzdA'}, 'canRate': True, 'viewerRating': 'none', 'likeCount': 0, 'publishedAt': '2022-11-01T00:32:15Z', 'updatedAt': '2022-11-01T00:32:15Z'}}, 'canReply': True, 'totalReplyCount': 0, 'isPublic': True}",,UC7zwo8JYFu-WXtacQ1EDzdA,2022-11-01T00:32:15Z,"Se ele não você covarde,faria uso da arma que ele legalizou e resto nem te conto tchê",QURTSl9pMUlsUnN5R0Z3ejJWeHkza2RtZ3pvY2M5Wk43UFViMEZnaDU4LWg3dHNwQVVVSzZYcmJ6Ry1JY1FCMmhuSzhtdFBobXBfLTE3QQ==,2023-06-07 12:46:25.969242
youtube#commentThread,0nE75t2_wRewVOo5jF8BtArnyiU,UgzVdLvVK42Gk5Hee8d4AaABAg,"{'videoId': 'XRYjrJJZAME', 'topLevelComment': {'kind': 'youtube#comment', 'etag': 'yiSLfrqSItBrhqaxy_Dhc3v_UEY', 'id': 'UgzVdLvVK42Gk5Hee8d4AaABAg', 'snippet': {'videoId': 'XRYjrJJZAME', 'textDisplay': 'Isso é inaceitável desordem. É golpe. A justiça precisa resolver a situação.  O povo está sofrendo.', 'textOriginal': 'Isso é inaceitável desordem. É golpe. A justiça precisa resolver a situação.  O povo está sofrendo.', 'authorDisplayName': 'Francisco das Chagas Sousa', 'authorProfileImageUrl': 'https://yt3.ggpht.com/ytc/AGIKgqMezzlmijnfnuz5lS3mgD2SaPSifxIGAeEUXA=s48-c-k-c0x00ffffff-no-rj', 'authorChannelUrl': 'http://www.youtube.com/channel/UCGavmr_Qe9MxuQlzOpw8oHg', 'authorChannelId': {'value': 'UCGavmr_Qe9MxuQlzOpw8oHg'}, 'canRate': True, 'viewerRating': 'none', 'likeCount': 0, 'publishedAt': '2022-11-01T00:31:54Z', 'updatedAt': '2022-11-01T00:31:54Z'}}, 'canReply': True, 'totalReplyCount': 0, 'isPublic': True}",,UCGavmr_Qe9MxuQlzOpw8oHg,2022-11-01T00:31:54Z,Isso é inaceitável desordem. É golpe. A justiça precisa resolver a situação.  O povo está sofrendo.,QURTSl9pMUlsUnN5R0Z3ejJWeHkza2RtZ3pvY2M5Wk43UFViMEZnaDU4LWg3dHNwQVVVSzZYcmJ6Ry1JY1FCMmhuSzhtdFBobXBfLTE3QQ==,2023-06-07 12:46:25.969242
youtube#commentThread,bcUsBWEU2TyQNxPQHMMMgs0Fdmg,UgwmFfn-hMFJwaY13wh4AaABAg,"{'videoId': 'XRYjrJJZAME', 'topLevelComment': {'kind': 'youtube#comment', 'etag': 'q0Ny1GGgFKzcK97MDeHlbnpKgcc', 'id': 'UgwmFfn-hMFJwaY13wh4AaABAg', 'snippet': {'videoId': 'XRYjrJJZAME', 'textDisplay': 'Tem que Ignorar esses Vagabundos Revoltado... Nós Vencemos 🙏❤️... Esses Bolsonarista Falidos ... Esses Pragas 😈 Entrega pra Justiça 🇧🇷... Guincha esses Caminhões deles ... E coloca esses Loucos na Cadeia 💩... Cadê os Governos desses Estados ... Justiça Cadeia 💩 🔥 pra esses Nacista Endemoniado 👹... Esses Seres das Trevas ... Eu já virei essa Página ... Hj tô aliviada .. só Paz ☮️ e Amor ♥️ no meu ❤️... Graças a Deus 🙏 não vamos Entrar nesse 🔥🔥.. A Justiça 🇧🇷 Resolve isso ... Eles tão pensando que ainda estão com o Ser das Trevas ... Vândalos .. Que vergonha dessas Cidade .... 😭 Curitiiba PR', 'textOriginal': 'Tem que Ignorar esses Vagabundos Revoltado... Nós Vencemos 🙏❤️... Esses Bolsonarista Falidos ... Esses Pragas 😈 Entrega pra Justiça 🇧🇷... Guincha esses Caminhões deles ... E coloca esses Loucos na Cadeia 💩... Cadê os Governos desses Estados ... Justiça Cadeia 💩 🔥 pra esses Nacista Endemoniado 👹... Esses Seres das Trevas ... Eu já virei essa Página ... Hj tô aliviada .. só Paz ☮️ e Amor ♥️ no meu ❤️... Graças a Deus 🙏 não vamos Entrar nesse 🔥🔥.. A Justiça 🇧🇷 Resolve isso ... Eles tão pensando que ainda estão com o Ser das Trevas ... Vândalos .. Que vergonha dessas Cidade .... 😭 Curitiiba PR', 'authorDisplayName': 'Eliane Bett', 'authorProfileImageUrl': 'https://yt3.ggpht.com/ytc/AGIKgqNbyRH5w6NxJbyLj8-GTdmiHIvj7lce_89VS3_oWJOvJrlSGgjJHl0sTTfADqNp=s48-c-k-c0x00ffffff-no-rj', 'authorChannelUrl': 'http://www.youtube.com/channel/UCQFCKQg5gDn-IbkxTc5f7fQ', 'authorChannelId': {'value': 'UCQFCKQg5gDn-IbkxTc5f7fQ'}, 'canRate': True, 'viewerRating': 'none', 'likeCount': 1, 'publishedAt': '2022-11-01T00:31:54Z', 'updatedAt': '2022-11-01T00:31:54Z'}}, 'canReply': True, 'totalReplyCount': 0, 'isPublic': True}",,UCQFCKQg5gDn-IbkxTc5f7fQ,2022-11-01T00:31:54Z,Tem que Ignorar esses Vagabundos Revoltado... Nós Vencemos 🙏❤️... Esses Bolsonarista Falidos ... Esses Pragas 😈 Entrega pra Justiça 🇧🇷... Guincha esses Caminhões deles ... E coloca esses Loucos na Cadeia 💩... Cadê os Governos desses Estados ... Justiça Cadeia 💩 🔥 pra esses Nacista Endemoniado 👹... Esses Seres das Trevas ... Eu já virei essa Página ... Hj tô aliviada .. só Paz ☮️ e Amor ♥️ no meu ❤️... Graças a Deus 🙏 não vamos Entrar nesse 🔥🔥.. A Justiça 🇧🇷 Resolve isso ... Eles tão pensando que ainda estão com o Ser das Trevas ... Vândalos .. Que vergonha dessas Cidade .... 😭 Curitiiba PR,QURTSl9pMUlsUnN5R0Z3ejJWeHkza2RtZ3pvY2M5Wk43UFViMEZnaDU4LWg3dHNwQVVVSzZYcmJ6Ry1JY1FCMmhuSzhtdFBobXBfLTE3QQ==,2023-06-07 12:46:25.969242
youtube#commentThread,YNOJEnefUVvlbNXpMtErKrvT-0g,Ugz7EJwjsXnyABg0GlB4AaABAg,"{'videoId': 'XRYjrJJZAME', 'topLevelComment': {'kind': 'youtube#comment', 'etag': '3Nl3z7hSrQZvAqD7AEiRk5XcWes', 'id': 'Ugz7EJwjsXnyABg0GlB4AaABAg', 'snippet': {'videoId': 'XRYjrJJZAME', 'textDisplay': 'Essas pessoas são vândalos, destruidores da democracia!', 'textOriginal': 'Essas pessoas são vândalos, destruidores da democracia!', 'authorDisplayName': 'Paulo Sergio', 'authorProfileImageUrl': 'https://yt3.ggpht.com/O53f06KqQ5wdB_5DBVTYlY_c5c4NBiIpbT5vSwflxUgunQE_5Y3cjdmzhZ_J9Rx0h9lEB2UDHg=s48-c-k-c0x00ffffff-no-rj', 'authorChannelUrl': 'http://www.youtube.com/channel/UCXcC1pYOS0HKsAHuSrPuELA', 'authorChannelId': {'value': 'UCXcC1pYOS0HKsAHuSrPuELA'}, 'canRate': True, 'viewerRating': 'none', 'likeCount': 0, 'publishedAt': '2022-11-01T00:31:49Z', 'updatedAt': '2022-11-01T00:31:49Z'}}, 'canReply': True, 'totalReplyCount': 0, 'isPublic': True}",,UCXcC1pYOS0HKsAHuSrPuELA,2022-11-01T00:31:49Z,"Essas pessoas são vândalos, destruidores da democracia!",QURTSl9pMUlsUnN5R0Z3ejJWeHkza2RtZ3pvY2M5Wk43UFViMEZnaDU4LWg3dHNwQVVVSzZYcmJ6Ry1JY1FCMmhuSzhtdFBobXBfLTE3QQ==,2023-06-07 12:46:25.969242
youtube#commentThread,svL55eLrZ0wwFoV6DfFdM_pcyDo,UgzdXMBfPwhKIzdD8bJ4AaABAg,"{'videoId': 'XRYjrJJZAME', 'topLevelComment': {'kind': 'youtube#comment', 'etag': 'm543Y3Kocf6AlK8Y8Fu5O5eaWWk', 'id': 'UgzdXMBfPwhKIzdD8bJ4AaABAg', 'snippet': {'videoId': 'XRYjrJJZAME', 'textDisplay': 'Baderna é com eles mesmo Boussonaristas  fanáticos', 'textOriginal': 'Baderna é com eles mesmo Boussonaristas  fanáticos', 'authorDisplayName': 'Angela Maria da Silva Leite', 'authorProfileImageUrl': 'https://yt3.ggpht.com/ytc/AGIKgqOt5CG1PET16gjdn2_4SP0oVegECPsenN9SVA=s48-c-k-c0x00ffffff-no-rj', 'authorChannelUrl': 'http://www.youtube.com/channel/UC-4JkuWuFl4Mh2LtNl-g4cQ', 'authorChannelId': {'value': 'UC-4JkuWuFl4Mh2LtNl-g4cQ'}, 'canRate': True, 'viewerRating': 'none', 'likeCount': 0, 'publishedAt': '2022-11-01T00:31:37Z', 'updatedAt': '2022-11-01T00:31:37Z'}}, 'canReply': True, 'totalReplyCount': 0, 'isPublic': True}",,UC-4JkuWuFl4Mh2LtNl-g4cQ,2022-11-01T00:31:37Z,Baderna é com eles mesmo Boussonaristas  fanáticos,QURTSl9pMUlsUnN5R0Z3ejJWeHkza2RtZ3pvY2M5Wk43UFViMEZnaDU4LWg3dHNwQVVVSzZYcmJ6Ry1JY1FCMmhuSzhtdFBobXBfLTE3QQ==,2023-06-07 12:46:25.969242
youtube#commentThread,wrd1mr5TYNPZBwnuVhe7XiYfDcc,UgwA6zLmHJ-nIVMjdbl4AaABAg,"{'videoId': 'XRYjrJJZAME', 'topLevelComment': {'kind': 'youtube#comment', 'etag': 'vJGiS_byzRUuO3sXb9_Ia6qMbOA', 'id': 'UgwA6zLmHJ-nIVMjdbl4AaABAg', 'snippet': {'videoId': 'XRYjrJJZAME', 'textDisplay': 'Cade as forças armadas pra botar ordem nestes caminhoneiros facistas do Bolsonaro #', 'textOriginal': 'Cade as forças armadas pra botar ordem nestes caminhoneiros facistas do Bolsonaro #', 'authorDisplayName': 'Cesar Ferreira', 'authorProfileImageUrl': 'https://yt3.ggpht.com/ytc/AGIKgqP9wPADCopfm2gT6o6-1GcCiv3K9dlAvbXwfg=s48-c-k-c0x00ffffff-no-rj', 'authorChannelUrl': 'http://www.youtube.com/channel/UC6KB-sEkmwbTFtNv0U8-GJA', 'authorChannelId': {'value': 'UC6KB-sEkmwbTFtNv0U8-GJA'}, 'canRate': True, 'viewerRating': 'none', 'likeCount': 0, 'publishedAt': '2022-11-01T00:31:22Z', 'updatedAt': '2022-11-01T00:31:22Z'}}, 'canReply': True, 'totalReplyCount': 0, 'isPublic': True}",,UC6KB-sEkmwbTFtNv0U8-GJA,2022-11-01T00:31:22Z,Cade as forças armadas pra botar ordem nestes caminhoneiros facistas do Bolsonaro #,QURTSl9pMUlsUnN5R0Z3ejJWeHkza2RtZ3pvY2M5Wk43UFViMEZnaDU4LWg3dHNwQVVVSzZYcmJ6Ry1JY1FCMmhuSzhtdFBobXBfLTE3QQ==,2023-06-07 12:46:25.969242
youtube#commentThread,3dpHJ4nNdu4btzJI3Jm-M9rTjXQ,UgxxRTl6cYaYDp3p19F4AaABAg,"{'videoId': 'XRYjrJJZAME', 'topLevelComment': {'kind': 'youtube#comment', 'etag': 'fLu5_dthPopSEL021yD6HQImZn4', 'id': 'UgxxRTl6cYaYDp3p19F4AaABAg', 'snippet': {'videoId': 'XRYjrJJZAME', 'textDisplay': 'Deus me livre esse Bolsonaro ter ganho', 'textOriginal': 'Deus me livre esse Bolsonaro ter ganho', 'authorDisplayName': 'Simone Mafra', 'authorProfileImageUrl': 'https://yt3.ggpht.com/ytc/AGIKgqMj6Cqe78R8qdbxf-d2XUUrBEdhGQ2syGLz8w=s48-c-k-c0x00ffffff-no-rj', 'authorChannelUrl': 'http://www.youtube.com/channel/UC-8LQDrYHOdQid1Jb52Z9bQ', 'authorChannelId': {'value': 'UC-8LQDrYHOdQid1Jb52Z9bQ'}, 'canRate': True, 'viewerRating': 'none', 'likeCount': 0, 'publishedAt': '2022-11-01T00:31:21Z', 'updatedAt': '2022-11-01T00:31:21Z'}}, 'canReply': True, 'totalReplyCount': 0, 'isPublic': True}",,UC-8LQDrYHOdQid1Jb52Z9bQ,2022-11-01T00:31:21Z,Deus me livre esse Bolsonaro ter ganho,QURTSl9pMUlsUnN5R0Z3ejJWeHkza2RtZ3pvY2M5Wk43UFViMEZnaDU4LWg3dHNwQVVVSzZYcmJ6Ry1JY1FCMmhuSzhtdFBobXBfLTE3QQ==,2023-06-07 12:46:25.969242
youtube#commentThread,DWk2xrp0QWOiSRzxvT0KqOb6xXo,UgxE8s5EzUQaEGAHp-t4AaABAg,"{'videoId': 'XRYjrJJZAME', 'topLevelComment': {'kind': 'youtube#comment', 'etag': '4glZ2dR4YNjydYeQPSGP2n5eh9k', 'id': 'UgxE8s5EzUQaEGAHp-t4AaABAg', 'snippet': {'videoId': 'XRYjrJJZAME', 'textDisplay': 'NOSSO BRASIL AGORA TEM UM PRESIDENTE LULA.GRACAS A DEUS', 'textOriginal': 'NOSSO BRASIL AGORA TEM UM PRESIDENTE LULA.GRACAS A DEUS', 'authorDisplayName': 'Elisa Praciano', 'authorProfileImageUrl': 'https://yt3.ggpht.com/ytc/AGIKgqOXcOXYftWdaSZFG41Tb8kXTfRhy-wW_HJhOA=s48-c-k-c0x00ffffff-no-rj', 'authorChannelUrl': 'http://www.youtube.com/channel/UClomdy-cKvQosUzW5T5VmcQ', 'authorChannelId': {'value': 'UClomdy-cKvQosUzW5T5VmcQ'}, 'canRate': True, 'viewerRating': 'none', 'likeCount': 0, 'publishedAt': '2022-11-01T00:31:19Z', 'updatedAt': '2022-11-01T00:31:19Z'}}, 'canReply': True, 'totalReplyCount': 0, 'isPublic': True}",,UClomdy-cKvQosUzW5T5VmcQ,2022-11-01T00:31:19Z,NOSSO BRASIL AGORA TEM UM PRESIDENTE LULA.GRACAS A DEUS,QURTSl9pMUlsUnN5R0Z3ejJWeHkza2RtZ3pvY2M5Wk43UFViMEZnaDU4LWg3dHNwQVVVSzZYcmJ6Ry1JY1FCMmhuSzhtdFBobXBfLTE3QQ==,2023-06-07 12:46:25.969242
youtube#commentThread,Tc3tZWvMg2mxaW18NaCKRP3wpGM,UgyI72nRbkkL5BJ2n6Z4AaABAg,"{'videoId': 'XRYjrJJZAME', 'topLevelComment': {'kind': 'youtube#comment', 'etag': 'YD59eGkVOAfJ97iI5XgxHgnQSxQ', 'id': 'UgyI72nRbkkL5BJ2n6Z4AaABAg', 'snippet': {'videoId': 'XRYjrJJZAME', 'textDisplay': 'O Bolsonaro está oculto porem, está atuando por baixo e sendo o que ele é: baixo covarde', 'textOriginal': 'O Bolsonaro está oculto porem, está atuando por baixo e sendo o que ele é: baixo covarde', 'authorDisplayName': 'Vilmar Emanoel', 'authorProfileImageUrl': 'https://yt3.ggpht.com/ytc/AGIKgqMV16KBq1opc1TuY5Lpdow43nmBfhs4fGxWFA=s48-c-k-c0x00ffffff-no-rj', 'authorChannelUrl': 'http://www.youtube.com/channel/UCH1KOAH2XqlBeWemD-5Rodw', 'authorChannelId': {'value': 'UCH1KOAH2XqlBeWemD-5Rodw'}, 'canRate': True, 'viewerRating': 'none', 'likeCount': 0, 'publishedAt': '2022-11-01T00:30:32Z', 'updatedAt': '2022-11-01T00:30:32Z'}}, 'canReply': True, 'totalReplyCount': 0, 'isPublic': True}",,UCH1KOAH2XqlBeWemD-5Rodw,2022-11-01T00:30:32Z,"O Bolsonaro está oculto porem, está atuando por baixo e sendo o que ele é: baixo covarde",QURTSl9pMUlsUnN5R0Z3ejJWeHkza2RtZ3pvY2M5Wk43UFViMEZnaDU4LWg3dHNwQVVVSzZYcmJ6Ry1JY1FCMmhuSzhtdFBobXBfLTE3QQ==,2023-06-07 12:46:25.969242
youtube#commentThread,Xqd0N_A6h3mvi9K6fyLlCHXuw1A,Ugx4-iG_sbMPmiaUnBV4AaABAg,"{'videoId': 'XRYjrJJZAME', 'topLevelComment': {'kind': 'youtube#comment', 'etag': 'qJ1r_ff5KxUmFArmo6Mg766QXlU', 'id': 'Ugx4-iG_sbMPmiaUnBV4AaABAg', 'snippet': {'videoId': 'XRYjrJJZAME', 'textDisplay': 'E verdade meu amigo 👏👏👏👏', 'textOriginal': 'E verdade meu amigo 👏👏👏👏', 'authorDisplayName': 'Francisco José de Sousa', 'authorProfileImageUrl': 'https://yt3.ggpht.com/ytc/AGIKgqOwB3nyM4HVRnFR4TpIa2c4LjDoFfOnXALvIA=s48-c-k-c0x00ffffff-no-rj', 'authorChannelUrl': 'http://www.youtube.com/channel/UCrGB2rC-TiJIHi0oyVyGZhw', 'authorChannelId': {'value': 'UCrGB2rC-TiJIHi0oyVyGZhw'}, 'canRate': True, 'viewerRating': 'none', 'likeCount': 3, 'publishedAt': '2022-11-01T00:30:29Z', 'updatedAt': '2022-11-01T00:30:29Z'}}, 'canReply': True, 'totalReplyCount': 0, 'isPublic': True}",,UCrGB2rC-TiJIHi0oyVyGZhw,2022-11-01T00:30:29Z,E verdade meu amigo 👏👏👏👏,QURTSl9pMUlsUnN5R0Z3ejJWeHkza2RtZ3pvY2M5Wk43UFViMEZnaDU4LWg3dHNwQVVVSzZYcmJ6Ry1JY1FCMmhuSzhtdFBobXBfLTE3QQ==,2023-06-07 12:46:25.969242
youtube#commentThread,0tMTOF3v01pVigeeZfPluRBh2Ds,Ugzde71YjR2_w33shox4AaABAg,"{'videoId': 'XRYjrJJZAME', 'topLevelComment': {'kind': 'youtube#comment', 'etag': 'nKVKTF4tMj7XKxkSR52Ddpml3TY', 'id': 'Ugzde71YjR2_w33shox4AaABAg', 'snippet': {'videoId': 'XRYjrJJZAME', 'textDisplay': 'O povo  aguarda anciozo  1 de Janeiro  viva Lula', 'textOriginal': 'O povo  aguarda anciozo  1 de Janeiro  viva Lula', 'authorDisplayName': 'borges', 'authorProfileImageUrl': 'https://yt3.ggpht.com/iGiY2nXpVg3PY9nGK1G6btkwNkGETjg9x2YtYCO8PAMgEPA6JkLlN5GsdZnQx0OOwEEmz_KoPlM=s48-c-k-c0x00ffffff-no-rj', 'authorChannelUrl': 'http://www.youtube.com/channel/UCzSNquyFpeglwZYJ00SG5HQ', 'authorChannelId': {'value': 'UCzSNquyFpeglwZYJ00SG5HQ'}, 'canRate': True, 'viewerRating': 'none', 'likeCount': 0, 'publishedAt': '2022-11-01T00:30:23Z', 'updatedAt': '2022-11-01T00:30:23Z'}}, 'canReply': True, 'totalReplyCount': 0, 'isPublic': True}",,UCzSNquyFpeglwZYJ00SG5HQ,2022-11-01T00:30:23Z,O povo  aguarda anciozo  1 de Janeiro  viva Lula,QURTSl9pMUlsUnN5R0Z3ejJWeHkza2RtZ3pvY2M5Wk43UFViMEZnaDU4LWg3dHNwQVVVSzZYcmJ6Ry1JY1FCMmhuSzhtdFBobXBfLTE3QQ==,2023-06-07 12:46:25.969242
youtube#commentThread,8mgdeBWWzqZQBuB40ZmDM_S1COQ,Ugw2wD_ADDu6I1c0i1R4AaABAg,"{'videoId': 'XRYjrJJZAME', 'topLevelComment': {'kind': 'youtube#comment', 'etag': 'Iws-Vdec8xwVMy_tPzq3i364Dqw', 'id': 'Ugw2wD_ADDu6I1c0i1R4AaABAg', 'snippet': {'videoId': 'XRYjrJJZAME', 'textDisplay': 'SÓ TEM COVARDES !!!!!', 'textOriginal': 'SÓ TEM COVARDES !!!!!', 'authorDisplayName': 'Eliana Alves', 'authorProfileImageUrl': 'https://yt3.ggpht.com/ytc/AGIKgqPvY3_pHmeHOsCS5R299NyFDV_dDXfxsYspm7sjSw=s48-c-k-c0x00ffffff-no-rj', 'authorChannelUrl': 'http://www.youtube.com/channel/UCCklAVqB6cswWZXy-skoP-w', 'authorChannelId': {'value': 'UCCklAVqB6cswWZXy-skoP-w'}, 'canRate': True, 'viewerRating': 'none', 'likeCount': 0, 'publishedAt': '2022-11-01T00:30:14Z', 'updatedAt': '2022-11-01T00:30:14Z'}}, 'canReply': True, 'totalReplyCount': 0, 'isPublic': True}",,UCCklAVqB6cswWZXy-skoP-w,2022-11-01T00:30:14Z,SÓ TEM COVARDES !!!!!,QURTSl9pMUlsUnN5R0Z3ejJWeHkza2RtZ3pvY2M5Wk43UFViMEZnaDU4LWg3dHNwQVVVSzZYcmJ6Ry1JY1FCMmhuSzhtdFBobXBfLTE3QQ==,2023-06-07 12:46:25.969242
youtube#commentThread,07YauZtTNhS42KNTfgDArXA5wk4,Ugw6u494JrFBh0m7C3Z4AaABAg,"{'videoId': 'XRYjrJJZAME', 'topLevelComment': {'kind': 'youtube#comment', 'etag': 'Slbdb2uAI41LjtYbd6miXb89rrM', 'id': 'Ugw6u494JrFBh0m7C3Z4AaABAg', 'snippet': {'videoId': 'XRYjrJJZAME', 'textDisplay': 'Perfeito!<br>Eles criaram a confusão,  eles que respondam por ela.', 'textOriginal': 'Perfeito!\nEles criaram a confusão,  eles que respondam por ela.', 'authorDisplayName': 'Marizete Dias Barros Benjamin ', 'authorProfileImageUrl': 'https://yt3.ggpht.com/ytc/AGIKgqO4N1JosMhvoxiqkMe59bT2M9lwSmE_PejA0t3oUifN0-rFD6HU5shVE_Hvppyf=s48-c-k-c0x00ffffff-no-rj', 'authorChannelUrl': 'http://www.youtube.com/channel/UCdb6hSXXe4uusBGm6zoWkLA', 'authorChannelId': {'value': 'UCdb6hSXXe4uusBGm6zoWkLA'}, 'canRate': True, 'viewerRating': 'none', 'likeCount': 11, 'publishedAt': '2022-11-01T00:29:49Z', 'updatedAt': '2022-11-01T00:29:49Z'}}, 'canReply': True, 'totalReplyCount': 0, 'isPublic': True}",,UCdb6hSXXe4uusBGm6zoWkLA,2022-11-01T00:29:49Z,"Perfeito!
Eles criaram a confusão,  eles que respondam por ela.",QURTSl9pMUlsUnN5R0Z3ejJWeHkza2RtZ3pvY2M5Wk43UFViMEZnaDU4LWg3dHNwQVVVSzZYcmJ6Ry1JY1FCMmhuSzhtdFBobXBfLTE3QQ==,2023-06-07 12:46:25.969242
youtube#commentThread,f3aFAWytyJaclTyLGjj4Aum1d-o,UgzFKaQqiBzk9_arPdx4AaABAg,"{'videoId': 'XRYjrJJZAME', 'topLevelComment': {'kind': 'youtube#comment', 'etag': '5j_3ww_i_Z-32Pa9h1c4DRPlBgY', 'id': 'UgzFKaQqiBzk9_arPdx4AaABAg', 'snippet': {'videoId': 'XRYjrJJZAME', 'textDisplay': 'Esse Bozo não vale o q come', 'textOriginal': 'Esse Bozo não vale o q come', 'authorDisplayName': 'ivania costa', 'authorProfileImageUrl': 'https://yt3.ggpht.com/ytc/AGIKgqOLqAMrgG5sZd1iQiAbSlbjuxJQuKQ8UsRc5Q=s48-c-k-c0x00ffffff-no-rj', 'authorChannelUrl': 'http://www.youtube.com/channel/UCeXsDaZa-1d2DdtJnqWC3-Q', 'authorChannelId': {'value': 'UCeXsDaZa-1d2DdtJnqWC3-Q'}, 'canRate': True, 'viewerRating': 'none', 'likeCount': 0, 'publishedAt': '2022-11-01T00:29:40Z', 'updatedAt': '2022-11-01T00:29:40Z'}}, 'canReply': True, 'totalReplyCount': 0, 'isPublic': True}",,UCeXsDaZa-1d2DdtJnqWC3-Q,2022-11-01T00:29:40Z,Esse Bozo não vale o q come,QURTSl9pMUlsUnN5R0Z3ejJWeHkza2RtZ3pvY2M5Wk43UFViMEZnaDU4LWg3dHNwQVVVSzZYcmJ6Ry1JY1FCMmhuSzhtdFBobXBfLTE3QQ==,2023-06-07 12:46:25.969242
youtube#commentThread,R0saljn_jHqCOUxJrohnBOoL0bs,UgzVauxBAoe5eTYpwz94AaABAg,"{'videoId': 'XRYjrJJZAME', 'topLevelComment': {'kind': 'youtube#comment', 'etag': 'ZOwifAowshm4Gd6Vk4YF7mxnXh0', 'id': 'UgzVauxBAoe5eTYpwz94AaABAg', 'snippet': {'videoId': 'XRYjrJJZAME', 'textDisplay': 'se fosse na favela ja teria  dezenas de mortos   mas la com os caminhoneiros  e tudo paz e amor...........que bandidagem dessa policia corrupta.............', 'textOriginal': 'se fosse na favela ja teria  dezenas de mortos   mas la com os caminhoneiros  e tudo paz e amor...........que bandidagem dessa policia corrupta.............', 'authorDisplayName': 'Paulo Hungaro', 'authorProfileImageUrl': 'https://yt3.ggpht.com/ytc/AGIKgqPChkqA3sAEFI39ILaZYFLZp9lsw6sV3AfbZw=s48-c-k-c0x00ffffff-no-rj', 'authorChannelUrl': 'http://www.youtube.com/channel/UCFY2F4nunJ5hpEYL4LN4jWQ', 'authorChannelId': {'value': 'UCFY2F4nunJ5hpEYL4LN4jWQ'}, 'canRate': True, 'viewerRating': 'none', 'likeCount': 0, 'publishedAt': '2022-11-01T00:29:38Z', 'updatedAt': '2022-11-01T00:29:38Z'}}, 'canReply': True, 'totalReplyCount': 0, 'isPublic': True}",,UCFY2F4nunJ5hpEYL4LN4jWQ,2022-11-01T00:29:38Z,se fosse na favela ja teria  dezenas de mortos   mas la com os caminhoneiros  e tudo paz e amor...........que bandidagem dessa policia corrupta.............,QURTSl9pMUlsUnN5R0Z3ejJWeHkza2RtZ3pvY2M5Wk43UFViMEZnaDU4LWg3dHNwQVVVSzZYcmJ6Ry1JY1FCMmhuSzhtdFBobXBfLTE3QQ==,2023-06-07 12:46:25.969242
youtube#commentThread,AOEyOpSBfBwIeYvBnBfJWbCq2WQ,UgzBP80T6RZnJX3dUbF4AaABAg,"{'videoId': 'XRYjrJJZAME', 'topLevelComment': {'kind': 'youtube#comment', 'etag': 'BhTHPssfATsB2k-Mss7yHUhrDeM', 'id': 'UgzBP80T6RZnJX3dUbF4AaABAg', 'snippet': {'videoId': 'XRYjrJJZAME', 'textDisplay': 'Bolsonaro o tempo todo de seu mandato SÓ BAGUNÇOU A P...RRA TODA .', 'textOriginal': 'Bolsonaro o tempo todo de seu mandato SÓ BAGUNÇOU A P...RRA TODA .', 'authorDisplayName': 'aroldo marques de oliveira', 'authorProfileImageUrl': 'https://yt3.ggpht.com/ytc/AGIKgqOrK4UBGYEiC-tqycJ_AzXntRP7tktgHwYodg=s48-c-k-c0x00ffffff-no-rj', 'authorChannelUrl': 'http://www.youtube.com/channel/UCAoaEtaJQ2JzOpSZQiv_yng', 'authorChannelId': {'value': 'UCAoaEtaJQ2JzOpSZQiv_yng'}, 'canRate': True, 'viewerRating': 'none', 'likeCount': 0, 'publishedAt': '2022-11-01T00:29:33Z', 'updatedAt': '2022-11-01T00:29:33Z'}}, 'canReply': True, 'totalReplyCount': 0, 'isPublic': True}",,UCAoaEtaJQ2JzOpSZQiv_yng,2022-11-01T00:29:33Z,Bolsonaro o tempo todo de seu mandato SÓ BAGUNÇOU A P...RRA TODA .,QURTSl9pMUlsUnN5R0Z3ejJWeHkza2RtZ3pvY2M5Wk43UFViMEZnaDU4LWg3dHNwQVVVSzZYcmJ6Ry1JY1FCMmhuSzhtdFBobXBfLTE3QQ==,2023-06-07 12:46:25.969242
youtube#commentThread,-IZwrzxJEU2TfMl2s0H4BrRwg60,Ugw2MCi57f6gIYJx7x14AaABAg,"{'videoId': 'XRYjrJJZAME', 'topLevelComment': {'kind': 'youtube#comment', 'etag': 'IfhdlfV-ZMubUM0mZnwKmW61424', 'id': 'Ugw2MCi57f6gIYJx7x14AaABAg', 'snippet': {'videoId': 'XRYjrJJZAME', 'textDisplay': 'STF e xandao pra cima do genocida vagabundo pilantra', 'textOriginal': 'STF e xandao pra cima do genocida vagabundo pilantra', 'authorDisplayName': 'Marcio Carlos', 'authorProfileImageUrl': 'https://yt3.ggpht.com/ytc/AGIKgqNkd_rJ41514sWGkrbrCc3Bk6q8Z2m2bMKbBg=s48-c-k-c0x00ffffff-no-rj', 'authorChannelUrl': 'http://www.youtube.com/channel/UCbo4g6pkm_HaMzvDotM9g6Q', 'authorChannelId': {'value': 'UCbo4g6pkm_HaMzvDotM9g6Q'}, 'canRate': True, 'viewerRating': 'none', 'likeCount': 0, 'publishedAt': '2022-11-01T00:29:28Z', 'updatedAt': '2022-11-01T00:29:28Z'}}, 'canReply': True, 'totalReplyCount': 0, 'isPublic': True}",,UCbo4g6pkm_HaMzvDotM9g6Q,2022-11-01T00:29:28Z,STF e xandao pra cima do genocida vagabundo pilantra,QURTSl9pMUlsUnN5R0Z3ejJWeHkza2RtZ3pvY2M5Wk43UFViMEZnaDU4LWg3dHNwQVVVSzZYcmJ6Ry1JY1FCMmhuSzhtdFBobXBfLTE3QQ==,2023-06-07 12:46:25.969242
youtube#commentThread,RP6v7_qJ6j6p5O2T9Lcy_7rvwLE,UgyhR0XsrRWff9PwGkt4AaABAg,"{'videoId': 'XRYjrJJZAME', 'topLevelComment': {'kind': 'youtube#comment', 'etag': 'oXAeeQsZEgtZqFbh3Cv3WKlN_6o', 'id': 'UgyhR0XsrRWff9PwGkt4AaABAg', 'snippet': {'videoId': 'XRYjrJJZAME', 'textDisplay': 'Só sei quê eu fiquei todo atrapalhado na data, um amigo MEU telefonou pra me e disse: HOJE é dia 13 vá e vote, eu disse não hoje é trinta de OUTUBRO ele DISSE JAIR Bolsonaro criou um decreto e hoje é treze votei Treze 🤬😡😛😛😛😛😁😁🤣🤣😂😁😭🤣😍🥰❤️', 'textOriginal': 'Só sei quê eu fiquei todo atrapalhado na data, um amigo MEU telefonou pra me e disse: HOJE é dia 13 vá e vote, eu disse não hoje é trinta de OUTUBRO ele DISSE JAIR Bolsonaro criou um decreto e hoje é treze votei Treze 🤬😡😛😛😛😛😁😁🤣🤣😂😁😭🤣😍🥰❤️', 'authorDisplayName': 'Jakson Pedreira', 'authorProfileImageUrl': 'https://yt3.ggpht.com/ytc/AGIKgqNFtJih6jE7B0sI81QOATnERibbh1z9uoiS=s48-c-k-c0x00ffffff-no-rj', 'authorChannelUrl': 'http://www.youtube.com/channel/UCQLdxuBhK4QbT76Q7Rz_jrg', 'authorChannelId': {'value': 'UCQLdxuBhK4QbT76Q7Rz_jrg'}, 'canRate': True, 'viewerRating': 'none', 'likeCount': 0, 'publishedAt': '2022-11-01T00:29:28Z', 'updatedAt': '2022-11-01T00:29:28Z'}}, 'canReply': True, 'totalReplyCount': 0, 'isPublic': True}",,UCQLdxuBhK4QbT76Q7Rz_jrg,2022-11-01T00:29:28Z,"Só sei quê eu fiquei todo atrapalhado na data, um amigo MEU telefonou pra me e disse: HOJE é dia 13 vá e vote, eu disse não hoje é trinta de OUTUBRO ele DISSE JAIR Bolsonaro criou um decreto e hoje é treze votei Treze 🤬😡😛😛😛😛😁😁🤣🤣😂😁😭🤣😍🥰❤️",QURTSl9pMUlsUnN5R0Z3ejJWeHkza2RtZ3pvY2M5Wk43UFViMEZnaDU4LWg3dHNwQVVVSzZYcmJ6Ry1JY1FCMmhuSzhtdFBobXBfLTE3QQ==,2023-06-07 12:46:25.969242
youtube#commentThread,tMudeuvk6LmxD1f0fAsJbCIS5sY,UgzeMqgDxI2ZEUHGqO14AaABAg,"{'videoId': 'XRYjrJJZAME', 'topLevelComment': {'kind': 'youtube#comment', 'etag': 'ssTY0y8Hlk3AKNA6qhZSJa2wnOY', 'id': 'UgzeMqgDxI2ZEUHGqO14AaABAg', 'snippet': {'videoId': 'XRYjrJJZAME', 'textDisplay': 'Parabéns PIMENTA pela coragem e apoio a democracia! Em relação a essas desordens nas rodovias é mais uma para botar na conta desse desgoverno! E aos que estão apoiando a desordem, todos vão responder e serão responsabilizados! A MAIORIA DIS BRASILEIROS NÃO APOIA ESSES ATOS  E COM CERTEZA O MUNDO ESTÁ ASSISTINDO!', 'textOriginal': 'Parabéns PIMENTA pela coragem e apoio a democracia! Em relação a essas desordens nas rodovias é mais uma para botar na conta desse desgoverno! E aos que estão apoiando a desordem, todos vão responder e serão responsabilizados! A MAIORIA DIS BRASILEIROS NÃO APOIA ESSES ATOS  E COM CERTEZA O MUNDO ESTÁ ASSISTINDO!', 'authorDisplayName': 'sergio gadelha', 'authorProfileImageUrl': 'https://yt3.ggpht.com/ytc/AGIKgqO85Q1etbIaG8JiHlVuZIlBIkAUpjLteWyNJA=s48-c-k-c0x00ffffff-no-rj', 'authorChannelUrl': 'http://www.youtube.com/channel/UC6nxefTgQyvjGWdAID5HNSQ', 'authorChannelId': {'value': 'UC6nxefTgQyvjGWdAID5HNSQ'}, 'canRate': True, 'viewerRating': 'none', 'likeCount': 65, 'publishedAt': '2022-11-01T00:29:04Z', 'updatedAt': '2022-11-01T00:29:04Z'}}, 'canReply': True, 'totalReplyCount': 0, 'isPublic': True}",,UC6nxefTgQyvjGWdAID5HNSQ,2022-11-01T00:29:04Z,"Parabéns PIMENTA pela coragem e apoio a democracia! Em relação a essas desordens nas rodovias é mais uma para botar na conta desse desgoverno! E aos que estão apoiando a desordem, todos vão responder e serão responsabilizados! A MAIORIA DIS BRASILEIROS NÃO APOIA ESSES ATOS  E COM CERTEZA O MUNDO ESTÁ ASSISTINDO!",QURTSl9pMUlsUnN5R0Z3ejJWeHkza2RtZ3pvY2M5Wk43UFViMEZnaDU4LWg3dHNwQVVVSzZYcmJ6Ry1JY1FCMmhuSzhtdFBobXBfLTE3QQ==,2023-06-07 12:46:25.969242
youtube#commentThread,UWwVEBsTZ4EGyosWRNayQ3LoNqA,UgykTtL_627SUewyzzh4AaABAg,"{'videoId': 'XRYjrJJZAME', 'topLevelComment': {'kind': 'youtube#comment', 'etag': 'rWrlqttx493riKWlH_-km_MuIYw', 'id': 'UgykTtL_627SUewyzzh4AaABAg', 'snippet': {'videoId': 'XRYjrJJZAME', 'textDisplay': 'E verdade  eles nao sabe que  é democracia  o povo escolheu o  Lula   se o Bolsonaro voce bom teria ganhado', 'textOriginal': 'E verdade  eles nao sabe que  é democracia  o povo escolheu o  Lula   se o Bolsonaro voce bom teria ganhado', 'authorDisplayName': 'borges', 'authorProfileImageUrl': 'https://yt3.ggpht.com/iGiY2nXpVg3PY9nGK1G6btkwNkGETjg9x2YtYCO8PAMgEPA6JkLlN5GsdZnQx0OOwEEmz_KoPlM=s48-c-k-c0x00ffffff-no-rj', 'authorChannelUrl': 'http://www.youtube.com/channel/UCzSNquyFpeglwZYJ00SG5HQ', 'authorChannelId': {'value': 'UCzSNquyFpeglwZYJ00SG5HQ'}, 'canRate': True, 'viewerRating': 'none', 'likeCount': 0, 'publishedAt': '2022-11-01T00:28:58Z', 'updatedAt': '2022-11-01T00:28:58Z'}}, 'canReply': True, 'totalReplyCount': 0, 'isPublic': True}",,UCzSNquyFpeglwZYJ00SG5HQ,2022-11-01T00:28:58Z,E verdade  eles nao sabe que  é democracia  o povo escolheu o  Lula   se o Bolsonaro voce bom teria ganhado,QURTSl9pMUlsUnN5R0Z3ejJWeHkza2RtZ3pvY2M5Wk43UFViMEZnaDU4LWg3dHNwQVVVSzZYcmJ6Ry1JY1FCMmhuSzhtdFBobXBfLTE3QQ==,2023-06-07 12:46:25.969242
youtube#commentThread,QxgyooS6wzaLacMiCFNIXb1RVqw,UgxaymH3JwQacI-Q-454AaABAg,"{'videoId': 'XRYjrJJZAME', 'topLevelComment': {'kind': 'youtube#comment', 'etag': '3IczlKoHf1JW9K2SPiUda1WQ3XA', 'id': 'UgxaymH3JwQacI-Q-454AaABAg', 'snippet': {'videoId': 'XRYjrJJZAME', 'textDisplay': 'O Brasil não cansa de passar vergonha.esse não é o papel de um país democrático.na nossa bandeira está ORDEM E PROGRESSO.mas onde está essa ordem e esse progresso?.isso é uma vergonha.e o pior é que  quem deveria fiscalizar o que tá fazendo? ainda bem que a democracia de verdade em breve irá se restabelecer no país.pondo fim nesse tipo de baderna.essa é a democracia bolsonarista?eu teria vergonha de votar num candidato que aprova uma lastima dessa.e me envergonharia mais ainda por participar de uma sujeira desse porte.porque o meu caráter,mha índole e mha moral não me permitem tal desfaçatez.sou brasileira e me orgulho disso.mas me envergonho de atos como esse praticados por pessos que dizem se  democráticas.', 'textOriginal': 'O Brasil não cansa de passar vergonha.esse não é o papel de um país democrático.na nossa bandeira está ORDEM E PROGRESSO.mas onde está essa ordem e esse progresso?.isso é uma vergonha.e o pior é que  quem deveria fiscalizar o que tá fazendo? ainda bem que a democracia de verdade em breve irá se restabelecer no país.pondo fim nesse tipo de baderna.essa é a democracia bolsonarista?eu teria vergonha de votar num candidato que aprova uma lastima dessa.e me envergonharia mais ainda por participar de uma sujeira desse porte.porque o meu caráter,mha índole e mha moral não me permitem tal desfaçatez.sou brasileira e me orgulho disso.mas me envergonho de atos como esse praticados por pessos que dizem se  democráticas.', 'authorDisplayName': 'Maria do socorro', 'authorProfileImageUrl': 'https://yt3.ggpht.com/ytc/AGIKgqPBqdThAuCJdrlVa32vdw0eJ1k-r7euU97ONGVliuMUl58EjLGI_ddm7HJAGesk=s48-c-k-c0x00ffffff-no-rj', 'authorChannelUrl': 'http://www.youtube.com/channel/UC5sDqgNZZwBiOXMMFRmEzfw', 'authorChannelId': {'value': 'UC5sDqgNZZwBiOXMMFRmEzfw'}, 'canRate': True, 'viewerRating': 'none', 'likeCount': 0, 'publishedAt': '2022-11-01T00:28:34Z', 'updatedAt': '2022-11-01T00:28:34Z'}}, 'canReply': True, 'totalReplyCount': 0, 'isPublic': True}",,UC5sDqgNZZwBiOXMMFRmEzfw,2022-11-01T00:28:34Z,"O Brasil não cansa de passar vergonha.esse não é o papel de um país democrático.na nossa bandeira está ORDEM E PROGRESSO.mas onde está essa ordem e esse progresso?.isso é uma vergonha.e o pior é que  quem deveria fiscalizar o que tá fazendo? ainda bem que a democracia de verdade em breve irá se restabelecer no país.pondo fim nesse tipo de baderna.essa é a democracia bolsonarista?eu teria vergonha de votar num candidato que aprova uma lastima dessa.e me envergonharia mais ainda por participar de uma sujeira desse porte.porque o meu caráter,mha índole e mha moral não me permitem tal desfaçatez.sou brasileira e me orgulho disso.mas me envergonho de atos como esse praticados por pessos que dizem se  democráticas.",QURTSl9pMUlsUnN5R0Z3ejJWeHkza2RtZ3pvY2M5Wk43UFViMEZnaDU4LWg3dHNwQVVVSzZYcmJ6Ry1JY1FCMmhuSzhtdFBobXBfLTE3QQ==,2023-06-07 12:46:25.969242
youtube#commentThread,UZ-XKfco2XDydiRxh8RLvFyMc8k,UgwHDKXwQAaxbvPgMtd4AaABAg,"{'videoId': 'XRYjrJJZAME', 'topLevelComment': {'kind': 'youtube#comment', 'etag': 'IUgaqnaFF6ZIYhkLtiImu9xTIK8', 'id': 'UgwHDKXwQAaxbvPgMtd4AaABAg', 'snippet': {'videoId': 'XRYjrJJZAME', 'textDisplay': 'Olá  Tava com saudade  de vc Bahia', 'textOriginal': 'Olá  Tava com saudade  de vc Bahia', 'authorDisplayName': 'Maria Santos', 'authorProfileImageUrl': 'https://yt3.ggpht.com/ytc/AGIKgqOlTW9Z0UHJUc3tCFGkcsTyTmnLY2QpNb3Byw=s48-c-k-c0x00ffffff-no-rj', 'authorChannelUrl': 'http://www.youtube.com/channel/UCvcDT_6SkPpWYs2M9ck8O-g', 'authorChannelId': {'value': 'UCvcDT_6SkPpWYs2M9ck8O-g'}, 'canRate': True, 'viewerRating': 'none', 'likeCount': 3, 'publishedAt': '2022-11-01T00:28:30Z', 'updatedAt': '2022-11-01T00:28:30Z'}}, 'canReply': True, 'totalReplyCount': 0, 'isPublic': True}",,UCvcDT_6SkPpWYs2M9ck8O-g,2022-11-01T00:28:30Z,Olá  Tava com saudade  de vc Bahia,QURTSl9pMUlsUnN5R0Z3ejJWeHkza2RtZ3pvY2M5Wk43UFViMEZnaDU4LWg3dHNwQVVVSzZYcmJ6Ry1JY1FCMmhuSzhtdFBobXBfLTE3QQ==,2023-06-07 12:46:25.969242
youtube#commentThread,Qf5wSHdB3VKXh4zEfPpJwZS7ils,Ugwhj6CHLnCWf80lEsJ4AaABAg,"{'videoId': 'XRYjrJJZAME', 'topLevelComment': {'kind': 'youtube#comment', 'etag': '-As4XxRwnbhrAAyYWeh1h7qDrVA', 'id': 'Ugwhj6CHLnCWf80lEsJ4AaABAg', 'snippet': {'videoId': 'XRYjrJJZAME', 'textDisplay': 'DAQUI 72 HORAS SERÁ DECRETO 142 SE PREPARE A COBRA VAO FUMAR TROPA DE VAGABUNDOS PILANTRAS CORRUPTOS PETISTAS.', 'textOriginal': 'DAQUI 72 HORAS SERÁ DECRETO 142 SE PREPARE A COBRA VAO FUMAR TROPA DE VAGABUNDOS PILANTRAS CORRUPTOS PETISTAS.', 'authorDisplayName': 'Gilson miranda Miranda', 'authorProfileImageUrl': 'https://yt3.ggpht.com/ytc/AGIKgqPD_CreJ-9BvnJsnArl9P980cV2-z99j9JmZEN9EowANTxt6gtjgX0hYUCeAtNv=s48-c-k-c0x00ffffff-no-rj', 'authorChannelUrl': 'http://www.youtube.com/channel/UCKxqaCCJG4TCyPovow8UcVg', 'authorChannelId': {'value': 'UCKxqaCCJG4TCyPovow8UcVg'}, 'canRate': True, 'viewerRating': 'none', 'likeCount': 0, 'publishedAt': '2022-11-01T00:28:29Z', 'updatedAt': '2022-11-01T00:28:29Z'}}, 'canReply': True, 'totalReplyCount': 0, 'isPublic': True}",,UCKxqaCCJG4TCyPovow8UcVg,2022-11-01T00:28:29Z,DAQUI 72 HORAS SERÁ DECRETO 142 SE PREPARE A COBRA VAO FUMAR TROPA DE VAGABUNDOS PILANTRAS CORRUPTOS PETISTAS.,QURTSl9pMUlsUnN5R0Z3ejJWeHkza2RtZ3pvY2M5Wk43UFViMEZnaDU4LWg3dHNwQVVVSzZYcmJ6Ry1JY1FCMmhuSzhtdFBobXBfLTE3QQ==,2023-06-07 12:46:25.969242
youtube#commentThread,u_A12n0axrLmr3WavMFFMOIBb9M,UgwzcSdslabmXzmgq-54AaABAg,"{'videoId': 'XRYjrJJZAME', 'topLevelComment': {'kind': 'youtube#comment', 'etag': 'hsGNKGp7XxKgZc22hjlrdt2q_Yo', 'id': 'UgwzcSdslabmXzmgq-54AaABAg', 'snippet': {'videoId': 'XRYjrJJZAME', 'textDisplay': 'adeus sigilo de  100 anos   kkkkkkkkkkkkkkkk', 'textOriginal': 'adeus sigilo de  100 anos   kkkkkkkkkkkkkkkk', 'authorDisplayName': 'Marcio Carlos', 'authorProfileImageUrl': 'https://yt3.ggpht.com/ytc/AGIKgqNkd_rJ41514sWGkrbrCc3Bk6q8Z2m2bMKbBg=s48-c-k-c0x00ffffff-no-rj', 'authorChannelUrl': 'http://www.youtube.com/channel/UCbo4g6pkm_HaMzvDotM9g6Q', 'authorChannelId': {'value': 'UCbo4g6pkm_HaMzvDotM9g6Q'}, 'canRate': True, 'viewerRating': 'none', 'likeCount': 1, 'publishedAt': '2022-11-01T00:28:10Z', 'updatedAt': '2022-11-01T00:28:10Z'}}, 'canReply': True, 'totalReplyCount': 0, 'isPublic': True}",,UCbo4g6pkm_HaMzvDotM9g6Q,2022-11-01T00:28:10Z,adeus sigilo de  100 anos   kkkkkkkkkkkkkkkk,QURTSl9pMUlsUnN5R0Z3ejJWeHkza2RtZ3pvY2M5Wk43UFViMEZnaDU4LWg3dHNwQVVVSzZYcmJ6Ry1JY1FCMmhuSzhtdFBobXBfLTE3QQ==,2023-06-07 12:46:25.969242
youtube#commentThread,w04ky0gVmk6AyQpCIiOe4K5bi8U,UgxO8-8pij1CKnBHJ2V4AaABAg,"{'videoId': 'XRYjrJJZAME', 'topLevelComment': {'kind': 'youtube#comment', 'etag': 'QnpEPgjhpBzxCEOtAdAXCN2XvcE', 'id': 'UgxO8-8pij1CKnBHJ2V4AaABAg', 'snippet': {'videoId': 'XRYjrJJZAME', 'textDisplay': 'Amigos, foram pelo menos 4 anos que esse pessoal pautou a vida das pessoas, foi uma desgraça, eu, sinceramente, não aguento mais falar desses bostas, não leva a nada, chega, não quero saber, acabou, vamos falar do Lula, de novos planos. Esse tipo de gente de situação deve ser ignorada completamente. Chega de levantar a bola deles chega de falar deles, acabou... A hora de bolsonaro vai chegar e ele vai servir de exemplo para que jamais a gente passe pelo que passamos.', 'textOriginal': 'Amigos, foram pelo menos 4 anos que esse pessoal pautou a vida das pessoas, foi uma desgraça, eu, sinceramente, não aguento mais falar desses bostas, não leva a nada, chega, não quero saber, acabou, vamos falar do Lula, de novos planos. Esse tipo de gente de situação deve ser ignorada completamente. Chega de levantar a bola deles chega de falar deles, acabou... A hora de bolsonaro vai chegar e ele vai servir de exemplo para que jamais a gente passe pelo que passamos.', 'authorDisplayName': 'denize', 'authorProfileImageUrl': 'https://yt3.ggpht.com/ytc/AGIKgqNk3Pe9rZmfls0EACzAvtn7gh7hjrPzzfFgVg=s48-c-k-c0x00ffffff-no-rj', 'authorChannelUrl': 'http://www.youtube.com/channel/UCb6U2M8dmLq7PVZYCIthGwQ', 'authorChannelId': {'value': 'UCb6U2M8dmLq7PVZYCIthGwQ'}, 'canRate': True, 'viewerRating': 'none', 'likeCount': 1, 'publishedAt': '2022-11-01T00:28:02Z', 'updatedAt': '2022-11-01T00:28:02Z'}}, 'canReply': True, 'totalReplyCount': 0, 'isPublic': True}",,UCb6U2M8dmLq7PVZYCIthGwQ,2022-11-01T00:28:02Z,"Amigos, foram pelo menos 4 anos que esse pessoal pautou a vida das pessoas, foi uma desgraça, eu, sinceramente, não aguento mais falar desses bostas, não leva a nada, chega, não quero saber, acabou, vamos falar do Lula, de novos planos. Esse tipo de gente de situação deve ser ignorada completamente. Chega de levantar a bola deles chega de falar deles, acabou... A hora de bolsonaro vai chegar e ele vai servir de exemplo para que jamais a gente passe pelo que passamos.",QURTSl9pMUlsUnN5R0Z3ejJWeHkza2RtZ3pvY2M5Wk43UFViMEZnaDU4LWg3dHNwQVVVSzZYcmJ6Ry1JY1FCMmhuSzhtdFBobXBfLTE3QQ==,2023-06-07 12:46:25.969242
youtube#commentThread,iRcJR2ynFIXvuJJhJSU8IvpCKOQ,Ugx86-GQgKb_Ii1wsLF4AaABAg,"{'videoId': 'XRYjrJJZAME', 'topLevelComment': {'kind': 'youtube#comment', 'etag': 'cEnoJRzsAEjLt2HFH30K63v7Avw', 'id': 'Ugx86-GQgKb_Ii1wsLF4AaABAg', 'snippet': {'videoId': 'XRYjrJJZAME', 'textDisplay': 'Tem que ser tudo preso', 'textOriginal': 'Tem que ser tudo preso', 'authorDisplayName': 'Maria Rosene Rodrigues de Sousa', 'authorProfileImageUrl': 'https://yt3.ggpht.com/ytc/AGIKgqOF063ABVIgNrvTg7g8GHLwfN9Ehl0MKlT5u75XNQXdPwIQFD9bDE-IMbZB6Ppw=s48-c-k-c0x00ffffff-no-rj', 'authorChannelUrl': 'http://www.youtube.com/channel/UCiXNPqYQrulqQEUiVUuOZRQ', 'authorChannelId': {'value': 'UCiXNPqYQrulqQEUiVUuOZRQ'}, 'canRate': True, 'viewerRating': 'none', 'likeCount': 0, 'publishedAt': '2022-11-01T00:27:48Z', 'updatedAt': '2022-11-01T00:27:48Z'}}, 'canReply': True, 'totalReplyCount': 0, 'isPublic': True}",,UCiXNPqYQrulqQEUiVUuOZRQ,2022-11-01T00:27:48Z,Tem que ser tudo preso,QURTSl9pMUlsUnN5R0Z3ejJWeHkza2RtZ3pvY2M5Wk43UFViMEZnaDU4LWg3dHNwQVVVSzZYcmJ6Ry1JY1FCMmhuSzhtdFBobXBfLTE3QQ==,2023-06-07 12:46:25.969242
youtube#commentThread,dbXU-VJumcS7UyoTvb-7xjwrsho,UgzPBgTX7uflZ-By97R4AaABAg,"{'videoId': 'XRYjrJJZAME', 'topLevelComment': {'kind': 'youtube#comment', 'etag': '_gbxAdfo1ttoYNDtu6iLBxHG_yY', 'id': 'UgzPBgTX7uflZ-By97R4AaABAg', 'snippet': {'videoId': 'XRYjrJJZAME', 'textDisplay': 'justiça Federal pra cima deles JÁ JÁ', 'textOriginal': 'justiça Federal pra cima deles JÁ JÁ', 'authorDisplayName': 'Marcio Carlos', 'authorProfileImageUrl': 'https://yt3.ggpht.com/ytc/AGIKgqNkd_rJ41514sWGkrbrCc3Bk6q8Z2m2bMKbBg=s48-c-k-c0x00ffffff-no-rj', 'authorChannelUrl': 'http://www.youtube.com/channel/UCbo4g6pkm_HaMzvDotM9g6Q', 'authorChannelId': {'value': 'UCbo4g6pkm_HaMzvDotM9g6Q'}, 'canRate': True, 'viewerRating': 'none', 'likeCount': 2, 'publishedAt': '2022-11-01T00:27:20Z', 'updatedAt': '2022-11-01T00:27:20Z'}}, 'canReply': True, 'totalReplyCount': 0, 'isPublic': True}",,UCbo4g6pkm_HaMzvDotM9g6Q,2022-11-01T00:27:20Z,justiça Federal pra cima deles JÁ JÁ,QURTSl9pMUlsUnN5R0Z3ejJWeHkza2RtZ3pvY2M5Wk43UFViMEZnaDU4LWg3dHNwQVVVSzZYcmJ6Ry1JY1FCMmhuSzhtdFBobXBfLTE3QQ==,2023-06-07 12:46:25.969242
youtube#commentThread,WxXFKOSw_Y08020E76Qy-EM_glg,UgwI6STFKZXXGAqrMSd4AaABAg,"{'videoId': 'XRYjrJJZAME', 'topLevelComment': {'kind': 'youtube#comment', 'etag': 'wcpIjF2TChZsXJQOMQEzTS8WCmA', 'id': 'UgwI6STFKZXXGAqrMSd4AaABAg', 'snippet': {'videoId': 'XRYjrJJZAME', 'textDisplay': 'E Lula', 'textOriginal': 'E Lula', 'authorDisplayName': 'borges', 'authorProfileImageUrl': 'https://yt3.ggpht.com/iGiY2nXpVg3PY9nGK1G6btkwNkGETjg9x2YtYCO8PAMgEPA6JkLlN5GsdZnQx0OOwEEmz_KoPlM=s48-c-k-c0x00ffffff-no-rj', 'authorChannelUrl': 'http://www.youtube.com/channel/UCzSNquyFpeglwZYJ00SG5HQ', 'authorChannelId': {'value': 'UCzSNquyFpeglwZYJ00SG5HQ'}, 'canRate': True, 'viewerRating': 'none', 'likeCount': 0, 'publishedAt': '2022-11-01T00:27:20Z', 'updatedAt': '2022-11-01T00:27:20Z'}}, 'canReply': True, 'totalReplyCount': 0, 'isPublic': True}",,UCzSNquyFpeglwZYJ00SG5HQ,2022-11-01T00:27:20Z,E Lula,QURTSl9pMUlsUnN5R0Z3ejJWeHkza2RtZ3pvY2M5Wk43UFViMEZnaDU4LWg3dHNwQVVVSzZYcmJ6Ry1JY1FCMmhuSzhtdFBobXBfLTE3QQ==,2023-06-07 12:46:25.969242
youtube#commentThread,Lvpuhs6dSiieQbAen5g4Jf9kc70,UgwzRnqiGhiKmeeYaVF4AaABAg,"{'videoId': 'XRYjrJJZAME', 'topLevelComment': {'kind': 'youtube#comment', 'etag': 'RIs2FqtFLiCrch640ZyYHwmzuAU', 'id': 'UgwzRnqiGhiKmeeYaVF4AaABAg', 'snippet': {'videoId': 'XRYjrJJZAME', 'textDisplay': 'Toda desordem nas estradas é coordenada pelo bolsonarismo, e tem um articulador e um comando, as autoridades comecem a agir para não serem cúmplices', 'textOriginal': 'Toda desordem nas estradas é coordenada pelo bolsonarismo, e tem um articulador e um comando, as autoridades comecem a agir para não serem cúmplices', 'authorDisplayName': 'Vilmar Emanoel', 'authorProfileImageUrl': 'https://yt3.ggpht.com/ytc/AGIKgqMV16KBq1opc1TuY5Lpdow43nmBfhs4fGxWFA=s48-c-k-c0x00ffffff-no-rj', 'authorChannelUrl': 'http://www.youtube.com/channel/UCH1KOAH2XqlBeWemD-5Rodw', 'authorChannelId': {'value': 'UCH1KOAH2XqlBeWemD-5Rodw'}, 'canRate': True, 'viewerRating': 'none', 'likeCount': 0, 'publishedAt': '2022-11-01T00:27:03Z', 'updatedAt': '2022-11-01T00:27:03Z'}}, 'canReply': True, 'totalReplyCount': 0, 'isPublic': True}",,UCH1KOAH2XqlBeWemD-5Rodw,2022-11-01T00:27:03Z,"Toda desordem nas estradas é coordenada pelo bolsonarismo, e tem um articulador e um comando, as autoridades comecem a agir para não serem cúmplices",QURTSl9pMUlsUnN5R0Z3ejJWeHkza2RtZ3pvY2M5Wk43UFViMEZnaDU4LWg3dHNwQVVVSzZYcmJ6Ry1JY1FCMmhuSzhtdFBobXBfLTE3QQ==,2023-06-07 12:46:25.969242
youtube#commentThread,fI0rbeo5VZ7yT9sZ38ZxK_9Lie4,UgzYufJy4WjhVduudx14AaABAg,"{'videoId': 'XRYjrJJZAME', 'topLevelComment': {'kind': 'youtube#comment', 'etag': 'EDGlHPzo_wRQfrD_SCNPXrkRkro', 'id': 'UgzYufJy4WjhVduudx14AaABAg', 'snippet': {'videoId': 'XRYjrJJZAME', 'textDisplay': 'Consertesa  ele eta estimulando  esta aruasa  quando os caminhoneiros  fizeram creve pelo presos  do diseu  ele mandou a polícia rodoviária  ia la meter multas  e agora ele nao ta falando  nada', 'textOriginal': 'Consertesa  ele eta estimulando  esta aruasa  quando os caminhoneiros  fizeram creve pelo presos  do diseu  ele mandou a polícia rodoviária  ia la meter multas  e agora ele nao ta falando  nada', 'authorDisplayName': 'borges', 'authorProfileImageUrl': 'https://yt3.ggpht.com/iGiY2nXpVg3PY9nGK1G6btkwNkGETjg9x2YtYCO8PAMgEPA6JkLlN5GsdZnQx0OOwEEmz_KoPlM=s48-c-k-c0x00ffffff-no-rj', 'authorChannelUrl': 'http://www.youtube.com/channel/UCzSNquyFpeglwZYJ00SG5HQ', 'authorChannelId': {'value': 'UCzSNquyFpeglwZYJ00SG5HQ'}, 'canRate': True, 'viewerRating': 'none', 'likeCount': 0, 'publishedAt': '2022-11-01T00:26:53Z', 'updatedAt': '2022-11-01T00:26:53Z'}}, 'canReply': True, 'totalReplyCount': 0, 'isPublic': True}",,UCzSNquyFpeglwZYJ00SG5HQ,2022-11-01T00:26:53Z,Consertesa  ele eta estimulando  esta aruasa  quando os caminhoneiros  fizeram creve pelo presos  do diseu  ele mandou a polícia rodoviária  ia la meter multas  e agora ele nao ta falando  nada,QURTSl9pMUlsUnN5R0Z3ejJWeHkza2RtZ3pvY2M5Wk43UFViMEZnaDU4LWg3dHNwQVVVSzZYcmJ6Ry1JY1FCMmhuSzhtdFBobXBfLTE3QQ==,2023-06-07 12:46:25.969242
youtube#commentThread,8iUIMtZBb5soDcoL8E2LMZBui64,UgyuAqywbNrSr_iuz8h4AaABAg,"{'videoId': 'XRYjrJJZAME', 'topLevelComment': {'kind': 'youtube#comment', 'etag': '7H8L0KmD6DlhvQTVi03V6VMonZQ', 'id': 'UgyuAqywbNrSr_iuz8h4AaABAg', 'snippet': {'videoId': 'XRYjrJJZAME', 'textDisplay': 'É claro que o ex presidente está estimulando essa baderna! Mais como é um covarde, quem vai pra linha de frente são os fanáticos!', 'textOriginal': 'É claro que o ex presidente está estimulando essa baderna! Mais como é um covarde, quem vai pra linha de frente são os fanáticos!', 'authorDisplayName': 'Luciana Lima', 'authorProfileImageUrl': 'https://yt3.ggpht.com/ytc/AGIKgqMmYRxPpBmVT4XXeOHy5STeqw-vM7OhM4HraA=s48-c-k-c0x00ffffff-no-rj', 'authorChannelUrl': 'http://www.youtube.com/channel/UCM1xRpaUI2cBzHElzE_ultg', 'authorChannelId': {'value': 'UCM1xRpaUI2cBzHElzE_ultg'}, 'canRate': True, 'viewerRating': 'none', 'likeCount': 0, 'publishedAt': '2022-11-01T00:26:41Z', 'updatedAt': '2022-11-01T00:31:25Z'}}, 'canReply': True, 'totalReplyCount': 0, 'isPublic': True}",,UCM1xRpaUI2cBzHElzE_ultg,2022-11-01T00:26:41Z,"É claro que o ex presidente está estimulando essa baderna! Mais como é um covarde, quem vai pra linha de frente são os fanáticos!",QURTSl9pMUlsUnN5R0Z3ejJWeHkza2RtZ3pvY2M5Wk43UFViMEZnaDU4LWg3dHNwQVVVSzZYcmJ6Ry1JY1FCMmhuSzhtdFBobXBfLTE3QQ==,2023-06-07 12:46:25.969242
youtube#commentThread,Ad3-YXqJfYhU6QfnSoQHc0tni8U,Ugy0b0vn11W3NjFK-rl4AaABAg,"{'videoId': 'XRYjrJJZAME', 'topLevelComment': {'kind': 'youtube#comment', 'etag': 'vS69Vy1zcKWv6oCo21v1mPtXC3w', 'id': 'Ugy0b0vn11W3NjFK-rl4AaABAg', 'snippet': {'videoId': 'XRYjrJJZAME', 'textDisplay': 'tem colocar esse genocida   na papuda', 'textOriginal': 'tem colocar esse genocida   na papuda', 'authorDisplayName': 'Marcio Carlos', 'authorProfileImageUrl': 'https://yt3.ggpht.com/ytc/AGIKgqNkd_rJ41514sWGkrbrCc3Bk6q8Z2m2bMKbBg=s48-c-k-c0x00ffffff-no-rj', 'authorChannelUrl': 'http://www.youtube.com/channel/UCbo4g6pkm_HaMzvDotM9g6Q', 'authorChannelId': {'value': 'UCbo4g6pkm_HaMzvDotM9g6Q'}, 'canRate': True, 'viewerRating': 'none', 'likeCount': 1, 'publishedAt': '2022-11-01T00:26:31Z', 'updatedAt': '2022-11-01T00:26:31Z'}}, 'canReply': True, 'totalReplyCount': 0, 'isPublic': True}",,UCbo4g6pkm_HaMzvDotM9g6Q,2022-11-01T00:26:31Z,tem colocar esse genocida   na papuda,QURTSl9pMUlsUnN5R0Z3ejJWeHkza2RtZ3pvY2M5Wk43UFViMEZnaDU4LWg3dHNwQVVVSzZYcmJ6Ry1JY1FCMmhuSzhtdFBobXBfLTE3QQ==,2023-06-07 12:46:25.969242
youtube#commentThread,K7MiNzkKBTSJlDppPWQssCqEK-U,Ugwb4kZMjnn8tOnhJKh4AaABAg,"{'videoId': 'XRYjrJJZAME', 'topLevelComment': {'kind': 'youtube#comment', 'etag': 'NIbmp3conVUaanjVnTX5H0IL2_Y', 'id': 'Ugwb4kZMjnn8tOnhJKh4AaABAg', 'snippet': {'videoId': 'XRYjrJJZAME', 'textDisplay': 'Que absurdo . Democracia sendo violentada . O que houve nesses 4 anos , estamos indo p o abismo', 'textOriginal': 'Que absurdo . Democracia sendo violentada . O que houve nesses 4 anos , estamos indo p o abismo', 'authorDisplayName': 'mayu asano', 'authorProfileImageUrl': 'https://yt3.ggpht.com/ytc/AGIKgqP2RGEdpSo5Sd428s4_hYK6kYpEVHRGbYBWhg=s48-c-k-c0x00ffffff-no-rj', 'authorChannelUrl': 'http://www.youtube.com/channel/UC3OxUSHKO-WvDxFpVrKK97g', 'authorChannelId': {'value': 'UC3OxUSHKO-WvDxFpVrKK97g'}, 'canRate': True, 'viewerRating': 'none', 'likeCount': 0, 'publishedAt': '2022-11-01T00:26:16Z', 'updatedAt': '2022-11-01T00:26:16Z'}}, 'canReply': True, 'totalReplyCount': 0, 'isPublic': True}",,UC3OxUSHKO-WvDxFpVrKK97g,2022-11-01T00:26:16Z,"Que absurdo . Democracia sendo violentada . O que houve nesses 4 anos , estamos indo p o abismo",QURTSl9pMUlsUnN5R0Z3ejJWeHkza2RtZ3pvY2M5Wk43UFViMEZnaDU4LWg3dHNwQVVVSzZYcmJ6Ry1JY1FCMmhuSzhtdFBobXBfLTE3QQ==,2023-06-07 12:46:25.969242
youtube#commentThread,BSu1ngG9OaKwuuacqeFmD0dsOXU,UgwEKgIPi7BfRSm6FmB4AaABAg,"{'videoId': 'XRYjrJJZAME', 'topLevelComment': {'kind': 'youtube#comment', 'etag': 'PvOKbI0hgGvhRijIMiedKohieSE', 'id': 'UgwEKgIPi7BfRSm6FmB4AaABAg', 'snippet': {'videoId': 'XRYjrJJZAME', 'textDisplay': 'o STF e MPF  tem tomar uma providência  e manda prender esse  líder  dos caminhoneiros e esse sindicato dos caminhoneiro', 'textOriginal': 'o STF e MPF  tem tomar uma providência  e manda prender esse  líder  dos caminhoneiros e esse sindicato dos caminhoneiro', 'authorDisplayName': 'Marcio Carlos', 'authorProfileImageUrl': 'https://yt3.ggpht.com/ytc/AGIKgqNkd_rJ41514sWGkrbrCc3Bk6q8Z2m2bMKbBg=s48-c-k-c0x00ffffff-no-rj', 'authorChannelUrl': 'http://www.youtube.com/channel/UCbo4g6pkm_HaMzvDotM9g6Q', 'authorChannelId': {'value': 'UCbo4g6pkm_HaMzvDotM9g6Q'}, 'canRate': True, 'viewerRating': 'none', 'likeCount': 10, 'publishedAt': '2022-11-01T00:25:48Z', 'updatedAt': '2022-11-01T00:25:48Z'}}, 'canReply': True, 'totalReplyCount': 0, 'isPublic': True}",,UCbo4g6pkm_HaMzvDotM9g6Q,2022-11-01T00:25:48Z,o STF e MPF  tem tomar uma providência  e manda prender esse  líder  dos caminhoneiros e esse sindicato dos caminhoneiro,QURTSl9pMUlsUnN5R0Z3ejJWeHkza2RtZ3pvY2M5Wk43UFViMEZnaDU4LWg3dHNwQVVVSzZYcmJ6Ry1JY1FCMmhuSzhtdFBobXBfLTE3QQ==,2023-06-07 12:46:25.969242
youtube#commentThread,xVO6HlBrftx37Tx9939aXRdtQhg,UgwXPZXqM8Z3iymkbF94AaABAg,"{'videoId': 'XRYjrJJZAME', 'topLevelComment': {'kind': 'youtube#comment', 'etag': '6gyLuDpoybfBdcGEIPPeOL9LnE0', 'id': 'UgwXPZXqM8Z3iymkbF94AaABAg', 'snippet': {'videoId': 'XRYjrJJZAME', 'textDisplay': 'Esse pessoal que ta na rua bloquendo as rodovia madado pelo bozo pra tentar tumultuar a eleição coisa de gente baixa,', 'textOriginal': 'Esse pessoal que ta na rua bloquendo as rodovia madado pelo bozo pra tentar tumultuar a eleição coisa de gente baixa,', 'authorDisplayName': 'bages li...curitiba', 'authorProfileImageUrl': 'https://yt3.ggpht.com/ytc/AGIKgqNZnY9G2rOBz4yUEI9f-b6EvfNmAgw9Dw_e7cHk5M-4o0pNhrikGaUmMPDN8xaF=s48-c-k-c0x00ffffff-no-rj', 'authorChannelUrl': 'http://www.youtube.com/channel/UCQTC6DxA5zlAxyRIglX7OSg', 'authorChannelId': {'value': 'UCQTC6DxA5zlAxyRIglX7OSg'}, 'canRate': True, 'viewerRating': 'none', 'likeCount': 0, 'publishedAt': '2022-11-01T00:25:41Z', 'updatedAt': '2022-11-01T00:25:41Z'}}, 'canReply': True, 'totalReplyCount': 0, 'isPublic': True}",,UCQTC6DxA5zlAxyRIglX7OSg,2022-11-01T00:25:41Z,"Esse pessoal que ta na rua bloquendo as rodovia madado pelo bozo pra tentar tumultuar a eleição coisa de gente baixa,",QURTSl9pMUlsUnN5R0Z3ejJWeHkza2RtZ3pvY2M5Wk43UFViMEZnaDU4LWg3dHNwQVVVSzZYcmJ6Ry1JY1FCMmhuSzhtdFBobXBfLTE3QQ==,2023-06-07 12:46:25.969242
youtube#commentThread,muPccPPZjt5UspGt0LTY5cA4P_M,UgySOfQ35xCg9Z4TtcF4AaABAg,"{'videoId': 'XRYjrJJZAME', 'topLevelComment': {'kind': 'youtube#comment', 'etag': 'StGVbgKlC-l13GHWUW9yjZS8phU', 'id': 'UgySOfQ35xCg9Z4TtcF4AaABAg', 'snippet': {'videoId': 'XRYjrJJZAME', 'textDisplay': '👏👏👏👏👏', 'textOriginal': '👏👏👏👏👏', 'authorDisplayName': 'Paulo Ricardo Böesch', 'authorProfileImageUrl': 'https://yt3.ggpht.com/ytc/AGIKgqMXTPIi9UEdRrm7MHYjKNjBXXe8OP4ya8vewi3ZSWJkO_glNEeq-PXFBZiVQlpe=s48-c-k-c0x00ffffff-no-rj', 'authorChannelUrl': 'http://www.youtube.com/channel/UCCoHfLN6eJyfg_i-EexcOgw', 'authorChannelId': {'value': 'UCCoHfLN6eJyfg_i-EexcOgw'}, 'canRate': True, 'viewerRating': 'none', 'likeCount': 1, 'publishedAt': '2022-11-01T00:25:34Z', 'updatedAt': '2022-11-01T00:25:34Z'}}, 'canReply': True, 'totalReplyCount': 0, 'isPublic': True}",,UCCoHfLN6eJyfg_i-EexcOgw,2022-11-01T00:25:34Z,👏👏👏👏👏,QURTSl9pMUlsUnN5R0Z3ejJWeHkza2RtZ3pvY2M5Wk43UFViMEZnaDU4LWg3dHNwQVVVSzZYcmJ6Ry1JY1FCMmhuSzhtdFBobXBfLTE3QQ==,2023-06-07 12:46:25.969242
youtube#commentThread,JrAhPH1qMhym5gZ3_fBEPjQWOmo,UgwnK4-kSA0OZpDiTs94AaABAg,"{'videoId': 'XRYjrJJZAME', 'topLevelComment': {'kind': 'youtube#comment', 'etag': 'zfJ4h24YGFd2h0d5DZWeXlQtvZU', 'id': 'UgwnK4-kSA0OZpDiTs94AaABAg', 'snippet': {'videoId': 'XRYjrJJZAME', 'textDisplay': 'É mais fácil ele fugir do país do que reconhecer a vitória do Lula.<br>A ex do Jair , mãe  do Jair Renan já fugiu .', 'textOriginal': 'É mais fácil ele fugir do país do que reconhecer a vitória do Lula.\nA ex do Jair , mãe  do Jair Renan já fugiu .', 'authorDisplayName': 'Regina Beatriz', 'authorProfileImageUrl': 'https://yt3.ggpht.com/ytc/AGIKgqOmTIBbc1unhy2t4Bdcb69eqKBX9W-ugqbunenNGHgYwTvE0kHDOktF3Cn4mpI6=s48-c-k-c0x00ffffff-no-rj', 'authorChannelUrl': 'http://www.youtube.com/channel/UCuzM-FJ3Akv1fd3n9cy5agg', 'authorChannelId': {'value': 'UCuzM-FJ3Akv1fd3n9cy5agg'}, 'canRate': True, 'viewerRating': 'none', 'likeCount': 0, 'publishedAt': '2022-11-01T00:25:17Z', 'updatedAt': '2022-11-01T00:25:17Z'}}, 'canReply': True, 'totalReplyCount': 0, 'isPublic': True}",,UCuzM-FJ3Akv1fd3n9cy5agg,2022-11-01T00:25:17Z,"É mais fácil ele fugir do país do que reconhecer a vitória do Lula.
A ex do Jair , mãe  do Jair Renan já fugiu .",QURTSl9pMUlsUnN5R0Z3ejJWeHkza2RtZ3pvY2M5Wk43UFViMEZnaDU4LWg3dHNwQVVVSzZYcmJ6Ry1JY1FCMmhuSzhtdFBobXBfLTE3QQ==,2023-06-07 12:46:25.969242
youtube#commentThread,f5Jmq_bMh0vZH-4q5dG2X9VxyMM,UgyrVVkX4PhH8ZfcUit4AaABAg,"{'videoId': 'XRYjrJJZAME', 'topLevelComment': {'kind': 'youtube#comment', 'etag': 'NNp23mGHK9m8oASS7rQ7p90GTcU', 'id': 'UgyrVVkX4PhH8ZfcUit4AaABAg', 'snippet': {'videoId': 'XRYjrJJZAME', 'textDisplay': 'Tem que inventar uma lei<br>Que proíbe políticos em <br>Atividades de frequenta igrejas<br>Pra não manipular a cabeça <br>De minhóca dos evangélicos ✊', 'textOriginal': 'Tem que inventar uma lei\nQue proíbe políticos em \nAtividades de frequenta igrejas\nPra não manipular a cabeça \nDe minhóca dos evangélicos ✊', 'authorDisplayName': 'Jose Rodrigues', 'authorProfileImageUrl': 'https://yt3.ggpht.com/ytc/AGIKgqPcP1Vw-yMrgQKo_BPrwBbVt9_6CjyCTGIT6g=s48-c-k-c0x00ffffff-no-rj', 'authorChannelUrl': 'http://www.youtube.com/channel/UCXB_7pCRJ_5WPESxCUeWUdw', 'authorChannelId': {'value': 'UCXB_7pCRJ_5WPESxCUeWUdw'}, 'canRate': True, 'viewerRating': 'none', 'likeCount': 0, 'publishedAt': '2022-11-01T00:25:16Z', 'updatedAt': '2022-11-01T00:25:16Z'}}, 'canReply': True, 'totalReplyCount': 0, 'isPublic': True}",,UCXB_7pCRJ_5WPESxCUeWUdw,2022-11-01T00:25:16Z,"Tem que inventar uma lei
Que proíbe políticos em 
Atividades de frequenta igrejas
Pra não manipular a cabeça 
De minhóca dos evangélicos ✊",QURTSl9pMUlsUnN5R0Z3ejJWeHkza2RtZ3pvY2M5Wk43UFViMEZnaDU4LWg3dHNwQVVVSzZYcmJ6Ry1JY1FCMmhuSzhtdFBobXBfLTE3QQ==,2023-06-07 12:46:25.969242
youtube#commentThread,_Vz_fVmk7Nl_6tqSnul5MNKf6v8,UgwcQpKejgpWvk2o4j54AaABAg,"{'videoId': 'XRYjrJJZAME', 'topLevelComment': {'kind': 'youtube#comment', 'etag': 'NA39clhUXXRvOMgC1-zOXWo--Co', 'id': 'UgwcQpKejgpWvk2o4j54AaABAg', 'snippet': {'videoId': 'XRYjrJJZAME', 'textDisplay': 'Bolsonaro muito covarde moleque quer baderna', 'textOriginal': 'Bolsonaro muito covarde moleque quer baderna', 'authorDisplayName': 'Roberto pinheiro', 'authorProfileImageUrl': 'https://yt3.ggpht.com/5xe3XgMrF4K-hLNIHK6GGcsK1DrHlXCCHOeJD4wtGPkpog6Z8qcFCH9xDthS563uvVs4OXjEfQ=s48-c-k-c0x00ffffff-no-rj', 'authorChannelUrl': 'http://www.youtube.com/channel/UCmqbEmQbcKPVt5lUnATA3xw', 'authorChannelId': {'value': 'UCmqbEmQbcKPVt5lUnATA3xw'}, 'canRate': True, 'viewerRating': 'none', 'likeCount': 0, 'publishedAt': '2022-11-01T00:25:08Z', 'updatedAt': '2022-11-01T00:25:08Z'}}, 'canReply': True, 'totalReplyCount': 0, 'isPublic': True}",,UCmqbEmQbcKPVt5lUnATA3xw,2022-11-01T00:25:08Z,Bolsonaro muito covarde moleque quer baderna,QURTSl9pMUlsUnN5R0Z3ejJWeHkza2RtZ3pvY2M5Wk43UFViMEZnaDU4LWg3dHNwQVVVSzZYcmJ6Ry1JY1FCMmhuSzhtdFBobXBfLTE3QQ==,2023-06-07 12:46:25.969242
youtube#commentThread,2wMQiR1Ai86Fzfys5o856GQjcvo,Ugx2wgiAY1xUZ94YxYV4AaABAg,"{'videoId': 'XRYjrJJZAME', 'topLevelComment': {'kind': 'youtube#comment', 'etag': 'vrmRWhyH89NjuDKtvCDqFk4QVis', 'id': 'Ugx2wgiAY1xUZ94YxYV4AaABAg', 'snippet': {'videoId': 'XRYjrJJZAME', 'textDisplay': 'Nós povo brasileiro não queremos esse bosonaro.nos queremos paz esperança povo passando fome😭 não respeita ninguém doente que morreu é um vergonha 😭', 'textOriginal': 'Nós povo brasileiro não queremos esse bosonaro.nos queremos paz esperança povo passando fome😭 não respeita ninguém doente que morreu é um vergonha 😭', 'authorDisplayName': 'Cleusa💜', 'authorProfileImageUrl': 'https://yt3.ggpht.com/9mXr6JjqasIEYFxkX2hCCD4exKAP-w9wFjuisqhBkPVgR1TCqc7_e0HXlmAZtha6MS9P8FUp=s48-c-k-c0x00ffffff-no-rj', 'authorChannelUrl': 'http://www.youtube.com/channel/UC8X_9LU1SLMtkbPDonCO7rQ', 'authorChannelId': {'value': 'UC8X_9LU1SLMtkbPDonCO7rQ'}, 'canRate': True, 'viewerRating': 'none', 'likeCount': 0, 'publishedAt': '2022-11-01T00:24:21Z', 'updatedAt': '2022-11-01T00:24:21Z'}}, 'canReply': True, 'totalReplyCount': 0, 'isPublic': True}",,UC8X_9LU1SLMtkbPDonCO7rQ,2022-11-01T00:24:21Z,Nós povo brasileiro não queremos esse bosonaro.nos queremos paz esperança povo passando fome😭 não respeita ninguém doente que morreu é um vergonha 😭,QURTSl9pMUlsUnN5R0Z3ejJWeHkza2RtZ3pvY2M5Wk43UFViMEZnaDU4LWg3dHNwQVVVSzZYcmJ6Ry1JY1FCMmhuSzhtdFBobXBfLTE3QQ==,2023-06-07 12:46:25.969242
youtube#commentThread,jdZUgUYJLP4QotgS8OuF8oVMIQ8,UgyNsBqyD9QTjONT0HJ4AaABAg,"{'videoId': 'XRYjrJJZAME', 'topLevelComment': {'kind': 'youtube#comment', 'etag': 'JKi6Xqbzy4XZydulnOgx15bjsvo', 'id': 'UgyNsBqyD9QTjONT0HJ4AaABAg', 'snippet': {'videoId': 'XRYjrJJZAME', 'textDisplay': 'Bolsonaro está se preparando pra se posicionar, dá até medo do que ele vai falar, a boiada tá só esperando, estão muito revoltados', 'textOriginal': 'Bolsonaro está se preparando pra se posicionar, dá até medo do que ele vai falar, a boiada tá só esperando, estão muito revoltados', 'authorDisplayName': 'Armelinda Galter', 'authorProfileImageUrl': 'https://yt3.ggpht.com/ytc/AGIKgqPw6iYHo_3Y34wbuv94MZjPG8YefnU7rROx9ZLFEkWTYLblLmMRvx25s4jWXcbq=s48-c-k-c0x00ffffff-no-rj', 'authorChannelUrl': 'http://www.youtube.com/channel/UCU77O6XH2Yel3ZpW31FwaHw', 'authorChannelId': {'value': 'UCU77O6XH2Yel3ZpW31FwaHw'}, 'canRate': True, 'viewerRating': 'none', 'likeCount': 0, 'publishedAt': '2022-11-01T00:24:17Z', 'updatedAt': '2022-11-01T00:24:17Z'}}, 'canReply': True, 'totalReplyCount': 0, 'isPublic': True}",,UCU77O6XH2Yel3ZpW31FwaHw,2022-11-01T00:24:17Z,"Bolsonaro está se preparando pra se posicionar, dá até medo do que ele vai falar, a boiada tá só esperando, estão muito revoltados",QURTSl9pMUlsUnN5R0Z3ejJWeHkza2RtZ3pvY2M5Wk43UFViMEZnaDU4LWg3dHNwQVVVSzZYcmJ6Ry1JY1FCMmhuSzhtdFBobXBfLTE3QQ==,2023-06-07 12:46:25.969242
youtube#commentThread,R_KlzvYKG-LHBp14ILiPRFWVLvY,Ugw98fTXFpizFtGqPMx4AaABAg,"{'videoId': 'XRYjrJJZAME', 'topLevelComment': {'kind': 'youtube#comment', 'etag': 'NmnnNTY7mAse-nPLJ8DJsCM3okk', 'id': 'Ugw98fTXFpizFtGqPMx4AaABAg', 'snippet': {'videoId': 'XRYjrJJZAME', 'textDisplay': 'Eu ja gente vagabunda, mas esse cara é  um imoral, esse vagabundo aparelhou todo o sistema, para ganhar a eleição, esse crápula, escroto, perdeu o respeito pelas instituições. precisam  ser presos!!', 'textOriginal': 'Eu ja gente vagabunda, mas esse cara é  um imoral, esse vagabundo aparelhou todo o sistema, para ganhar a eleição, esse crápula, escroto, perdeu o respeito pelas instituições. precisam  ser presos!!', 'authorDisplayName': 'Maria Aparecida dos Santos Braga', 'authorProfileImageUrl': 'https://yt3.ggpht.com/ytc/AGIKgqPRfCzXocFTkDnIYyxRern56uCQ7e6zGiAI-Q=s48-c-k-c0x00ffffff-no-rj', 'authorChannelUrl': 'http://www.youtube.com/channel/UCrO8enx9Kqr0Q_bRGvzLhgQ', 'authorChannelId': {'value': 'UCrO8enx9Kqr0Q_bRGvzLhgQ'}, 'canRate': True, 'viewerRating': 'none', 'likeCount': 0, 'publishedAt': '2022-11-01T00:24:10Z', 'updatedAt': '2022-11-01T00:24:10Z'}}, 'canReply': True, 'totalReplyCount': 0, 'isPublic': True}",,UCrO8enx9Kqr0Q_bRGvzLhgQ,2022-11-01T00:24:10Z,"Eu ja gente vagabunda, mas esse cara é  um imoral, esse vagabundo aparelhou todo o sistema, para ganhar a eleição, esse crápula, escroto, perdeu o respeito pelas instituições. precisam  ser presos!!",QURTSl9pMUlsUnN5R0Z3ejJWeHkza2RtZ3pvY2M5Wk43UFViMEZnaDU4LWg3dHNwQVVVSzZYcmJ6Ry1JY1FCMmhuSzhtdFBobXBfLTE3QQ==,2023-06-07 12:46:25.969242
youtube#commentThread,Tbb9CY-SNmyHqf_AtkOtJomah38,UgxSc9geiN_4lldEPxp4AaABAg,"{'videoId': 'XRYjrJJZAME', 'topLevelComment': {'kind': 'youtube#comment', 'etag': 'Ip2pQ73hWoZzu_dk4swnsovFBIo', 'id': 'UgxSc9geiN_4lldEPxp4AaABAg', 'snippet': {'videoId': 'XRYjrJJZAME', 'textDisplay': 'Tem de responsabilizar bolsonaro por estas bagunças do caminhoneiros.', 'textOriginal': 'Tem de responsabilizar bolsonaro por estas bagunças do caminhoneiros.', 'authorDisplayName': 'Valdeci Da Silva Noronha', 'authorProfileImageUrl': 'https://yt3.ggpht.com/ytc/AGIKgqNXUG3yIKZ6m93pDhiYYEQ7mvGiT21VNBA0uQ=s48-c-k-c0x00ffffff-no-rj', 'authorChannelUrl': 'http://www.youtube.com/channel/UCpTg1V-Gga3DIwjZC5neIHg', 'authorChannelId': {'value': 'UCpTg1V-Gga3DIwjZC5neIHg'}, 'canRate': True, 'viewerRating': 'none', 'likeCount': 0, 'publishedAt': '2022-11-01T00:24:10Z', 'updatedAt': '2022-11-01T00:24:10Z'}}, 'canReply': True, 'totalReplyCount': 0, 'isPublic': True}",,UCpTg1V-Gga3DIwjZC5neIHg,2022-11-01T00:24:10Z,Tem de responsabilizar bolsonaro por estas bagunças do caminhoneiros.,QURTSl9pMUlsUnN5R0Z3ejJWeHkza2RtZ3pvY2M5Wk43UFViMEZnaDU4LWg3dHNwQVVVSzZYcmJ6Ry1JY1FCMmhuSzhtdFBobXBfLTE3QQ==,2023-06-07 12:46:25.969242
youtube#commentThread,g9pdjQlHgeLh7hZKDoiPSYD6iE0,UgzYPcYGy4KEm23qo5d4AaABAg,"{'videoId': 'XRYjrJJZAME', 'topLevelComment': {'kind': 'youtube#comment', 'etag': 'Z6L5z1zVz-ZIWczc1KV3ZWqUByE', 'id': 'UgzYPcYGy4KEm23qo5d4AaABAg', 'snippet': {'videoId': 'XRYjrJJZAME', 'textDisplay': 'Bolsonaro, a família dele e o gado dele', 'textOriginal': 'Bolsonaro, a família dele e o gado dele', 'authorDisplayName': 'Anália Souza', 'authorProfileImageUrl': 'https://yt3.ggpht.com/ytc/AGIKgqMONESi_MqzeT5gbv-GwYE_SviWZ0s3zIMmag=s48-c-k-c0x00ffffff-no-rj', 'authorChannelUrl': 'http://www.youtube.com/channel/UCzNLmbGW98pFat0U8r8yPzg', 'authorChannelId': {'value': 'UCzNLmbGW98pFat0U8r8yPzg'}, 'canRate': True, 'viewerRating': 'none', 'likeCount': 0, 'publishedAt': '2022-11-01T00:24:10Z', 'updatedAt': '2022-11-01T00:24:10Z'}}, 'canReply': True, 'totalReplyCount': 0, 'isPublic': True}",,UCzNLmbGW98pFat0U8r8yPzg,2022-11-01T00:24:10Z,"Bolsonaro, a família dele e o gado dele",QURTSl9pMUlsUnN5R0Z3ejJWeHkza2RtZ3pvY2M5Wk43UFViMEZnaDU4LWg3dHNwQVVVSzZYcmJ6Ry1JY1FCMmhuSzhtdFBobXBfLTE3QQ==,2023-06-07 12:46:25.969242
youtube#commentThread,0XRBGIpsF-JBNeuF-Sc4R6H2oX8,UgzwyavxP5CzGsftrEp4AaABAg,"{'videoId': 'XRYjrJJZAME', 'topLevelComment': {'kind': 'youtube#comment', 'etag': 'psO_q9F-apH-GW0zDi_0WL-iOAg', 'id': 'UgzwyavxP5CzGsftrEp4AaABAg', 'snippet': {'videoId': 'XRYjrJJZAME', 'textDisplay': 'LULA nosso presidente ❤️ gratidão Senhor Jesus Cristo 🙌🇧🇷❤️', 'textOriginal': 'LULA nosso presidente ❤️ gratidão Senhor Jesus Cristo 🙌🇧🇷❤️', 'authorDisplayName': 'nadir silva', 'authorProfileImageUrl': 'https://yt3.ggpht.com/ytc/AGIKgqMKmPEOVEG3JQpqs3dLHSxJkIEvCunqQPjQ9j0wzxQ2qA7Yz5ASsSZLJ5LohFvl=s48-c-k-c0x00ffffff-no-rj', 'authorChannelUrl': 'http://www.youtube.com/channel/UCNkrzworOjdwdkVfOfbT24w', 'authorChannelId': {'value': 'UCNkrzworOjdwdkVfOfbT24w'}, 'canRate': True, 'viewerRating': 'none', 'likeCount': 1, 'publishedAt': '2022-11-01T00:23:37Z', 'updatedAt': '2022-11-01T00:23:37Z'}}, 'canReply': True, 'totalReplyCount': 0, 'isPublic': True}",,UCNkrzworOjdwdkVfOfbT24w,2022-11-01T00:23:37Z,LULA nosso presidente ❤️ gratidão Senhor Jesus Cristo 🙌🇧🇷❤️,QURTSl9pMUlsUnN5R0Z3ejJWeHkza2RtZ3pvY2M5Wk43UFViMEZnaDU4LWg3dHNwQVVVSzZYcmJ6Ry1JY1FCMmhuSzhtdFBobXBfLTE3QQ==,2023-06-07 12:46:25.969242
youtube#commentThread,xVjwTzxTOhK2FckhoMGk2DaStvg,UgwgfKEZx3HMkZkv2wF4AaABAg,"{'videoId': 'XRYjrJJZAME', 'topLevelComment': {'kind': 'youtube#comment', 'etag': 'vsZG6E3DkwhvNlpxjwuGH2Z-sUU', 'id': 'UgwgfKEZx3HMkZkv2wF4AaABAg', 'snippet': {'videoId': 'XRYjrJJZAME', 'textDisplay': 'Essa corja de Facista estão sendo!Comandado ! Por Bolsonaro estão  Querendo um golpe militar!', 'textOriginal': 'Essa corja de Facista estão sendo!Comandado ! Por Bolsonaro estão  Querendo um golpe militar!', 'authorDisplayName': 'Dina Ferreira da Silva', 'authorProfileImageUrl': 'https://yt3.ggpht.com/ytc/AGIKgqNc24zWTj-aFhYJAm0SpaG5BQaJ7ix5ExC1tB-TOQaIqmRQWiI9uEKCjCstLT7V=s48-c-k-c0x00ffffff-no-rj', 'authorChannelUrl': 'http://www.youtube.com/channel/UC2aLJExGHqkxg5qpiFEQsPg', 'authorChannelId': {'value': 'UC2aLJExGHqkxg5qpiFEQsPg'}, 'canRate': True, 'viewerRating': 'none', 'likeCount': 0, 'publishedAt': '2022-11-01T00:23:25Z', 'updatedAt': '2022-11-01T00:23:25Z'}}, 'canReply': True, 'totalReplyCount': 0, 'isPublic': True}",,UC2aLJExGHqkxg5qpiFEQsPg,2022-11-01T00:23:25Z,Essa corja de Facista estão sendo!Comandado ! Por Bolsonaro estão  Querendo um golpe militar!,QURTSl9pMUlsUnN5R0Z3ejJWeHkza2RtZ3pvY2M5Wk43UFViMEZnaDU4LWg3dHNwQVVVSzZYcmJ6Ry1JY1FCMmhuSzhtdFBobXBfLTE3QQ==,2023-06-07 12:46:25.969242
youtube#commentThread,oq8OMt3W_oNdeoTtXqHCbzG4hK8,Ugx8hbqrsAxDsmMmPQF4AaABAg,"{'videoId': 'XRYjrJJZAME', 'topLevelComment': {'kind': 'youtube#comment', 'etag': 'yFoFWxln3z6-aM8B9lrlrMxANoI', 'id': 'Ugx8hbqrsAxDsmMmPQF4AaABAg', 'snippet': {'videoId': 'XRYjrJJZAME', 'textDisplay': 'A  Justiça  tem  que  ficar  de  olho,  estão  fazendo  uma  cortina  de  fumaça,  o  Mourão  já  acertou  com  Alckmin  a  transição,   quando  menos  esperar  bozo  foi  embora,   tiram   ele  do  pais  por  algum  pais  vizinho,  a  ex  dele  já  foi!!', 'textOriginal': 'A  Justiça  tem  que  ficar  de  olho,  estão  fazendo  uma  cortina  de  fumaça,  o  Mourão  já  acertou  com  Alckmin  a  transição,   quando  menos  esperar  bozo  foi  embora,   tiram   ele  do  pais  por  algum  pais  vizinho,  a  ex  dele  já  foi!!', 'authorDisplayName': 'Haroldo Martins', 'authorProfileImageUrl': 'https://yt3.ggpht.com/ytc/AGIKgqPTMtOOGvR_lSYqLlssjlN0_k0DUtMsKPMXmw=s48-c-k-c0x00ffffff-no-rj', 'authorChannelUrl': 'http://www.youtube.com/channel/UCh_R0pAq-tp3kKTO6dlnfKg', 'authorChannelId': {'value': 'UCh_R0pAq-tp3kKTO6dlnfKg'}, 'canRate': True, 'viewerRating': 'none', 'likeCount': 0, 'publishedAt': '2022-11-01T00:23:23Z', 'updatedAt': '2022-11-01T00:40:05Z'}}, 'canReply': True, 'totalReplyCount': 0, 'isPublic': True}",,UCh_R0pAq-tp3kKTO6dlnfKg,2022-11-01T00:23:23Z,"A  Justiça  tem  que  ficar  de  olho,  estão  fazendo  uma  cortina  de  fumaça,  o  Mourão  já  acertou  com  Alckmin  a  transição,   quando  menos  esperar  bozo  foi  embora,   tiram   ele  do  pais  por  algum  pais  vizinho,  a  ex  dele  já  foi!!",QURTSl9pMUlsUnN5R0Z3ejJWeHkza2RtZ3pvY2M5Wk43UFViMEZnaDU4LWg3dHNwQVVVSzZYcmJ6Ry1JY1FCMmhuSzhtdFBobXBfLTE3QQ==,2023-06-07 12:46:25.969242
youtube#commentThread,o_V7Pvn1W6UdlbxI_H0Ia-JjwUc,UgzBeJprbmz89Ug-hIV4AaABAg,"{'videoId': 'XRYjrJJZAME', 'topLevelComment': {'kind': 'youtube#comment', 'etag': 'eg60zMIUHTQP9m5FdWQmFSVbkIE', 'id': 'UgzBeJprbmz89Ug-hIV4AaABAg', 'snippet': {'videoId': 'XRYjrJJZAME', 'textDisplay': 'Calma .seu ladrão ainda num tomou posse. Os relatórios dos roubos ainda não foram entregue pelo exército.', 'textOriginal': 'Calma .seu ladrão ainda num tomou posse. Os relatórios dos roubos ainda não foram entregue pelo exército.', 'authorDisplayName': 'JOÃO BARBOSA DOS REIS', 'authorProfileImageUrl': 'https://yt3.ggpht.com/ytc/AGIKgqMB9B9zOXg67PD5ZmwEn4R5FvyvM6S8EC9b_Zvukg=s48-c-k-c0x00ffffff-no-rj', 'authorChannelUrl': 'http://www.youtube.com/channel/UCps3Mgh-vcw8n0LyGDN9fIA', 'authorChannelId': {'value': 'UCps3Mgh-vcw8n0LyGDN9fIA'}, 'canRate': True, 'viewerRating': 'none', 'likeCount': 0, 'publishedAt': '2022-11-01T00:23:23Z', 'updatedAt': '2022-11-01T00:23:23Z'}}, 'canReply': True, 'totalReplyCount': 0, 'isPublic': True}",,UCps3Mgh-vcw8n0LyGDN9fIA,2022-11-01T00:23:23Z,Calma .seu ladrão ainda num tomou posse. Os relatórios dos roubos ainda não foram entregue pelo exército.,QURTSl9pMUlsUnN5R0Z3ejJWeHkza2RtZ3pvY2M5Wk43UFViMEZnaDU4LWg3dHNwQVVVSzZYcmJ6Ry1JY1FCMmhuSzhtdFBobXBfLTE3QQ==,2023-06-07 12:46:25.969242
youtube#commentThread,0he1o3CUIfiOo0FTysOTn_Yi6Hw,UgzfeVuHplw_Q2YLg7R4AaABAg,"{'videoId': 'XRYjrJJZAME', 'topLevelComment': {'kind': 'youtube#comment', 'etag': 'ue-KOlOxrrV6o1-6O3gBU3AJnEc', 'id': 'UgzfeVuHplw_Q2YLg7R4AaABAg', 'snippet': {'videoId': 'XRYjrJJZAME', 'textDisplay': 'XILINDRO SIM.PARA PEOR ESTAO AS FORÇAS ARMADAS COMPRADAS!!!!!', 'textOriginal': 'XILINDRO SIM.PARA PEOR ESTAO AS FORÇAS ARMADAS COMPRADAS!!!!!', 'authorDisplayName': 'Alicia Acevedo', 'authorProfileImageUrl': 'https://yt3.ggpht.com/ytc/AGIKgqPHymRpy7xZgNRm7cj9mh-GEKHVtCavR3d_MA=s48-c-k-c0x00ffffff-no-rj', 'authorChannelUrl': 'http://www.youtube.com/channel/UCbByuD8hCwKwRmDlNsdl1YQ', 'authorChannelId': {'value': 'UCbByuD8hCwKwRmDlNsdl1YQ'}, 'canRate': True, 'viewerRating': 'none', 'likeCount': 0, 'publishedAt': '2022-11-01T00:22:22Z', 'updatedAt': '2022-11-01T00:24:14Z'}}, 'canReply': True, 'totalReplyCount': 0, 'isPublic': True}",,UCbByuD8hCwKwRmDlNsdl1YQ,2022-11-01T00:22:22Z,XILINDRO SIM.PARA PEOR ESTAO AS FORÇAS ARMADAS COMPRADAS!!!!!,QURTSl9pMUlsUnN5R0Z3ejJWeHkza2RtZ3pvY2M5Wk43UFViMEZnaDU4LWg3dHNwQVVVSzZYcmJ6Ry1JY1FCMmhuSzhtdFBobXBfLTE3QQ==,2023-06-07 12:46:25.969242
youtube#commentThread,DsEQRfssFmAvh-roJZ_gLIB-FZw,UgzcoJPOEk3y7FhOjER4AaABAg,"{'videoId': 'XRYjrJJZAME', 'topLevelComment': {'kind': 'youtube#comment', 'etag': 'cLhrJaScVNs64PDwjH7PkNA88Ws', 'id': 'UgzcoJPOEk3y7FhOjER4AaABAg', 'snippet': {'videoId': 'XRYjrJJZAME', 'textDisplay': 'Boa noite, companheiro!', 'textOriginal': 'Boa noite, companheiro!', 'authorDisplayName': 'MARIA INES GARCEZ FONSECA', 'authorProfileImageUrl': 'https://yt3.ggpht.com/ytc/AGIKgqPTT1TxzuZOVy98uQ7oYEPPgjRPWDoYx2qYDg=s48-c-k-c0x00ffffff-no-rj', 'authorChannelUrl': 'http://www.youtube.com/channel/UCovCBzvCIEdmY1t2dM7-Hlw', 'authorChannelId': {'value': 'UCovCBzvCIEdmY1t2dM7-Hlw'}, 'canRate': True, 'viewerRating': 'none', 'likeCount': 3, 'publishedAt': '2022-11-01T00:22:16Z', 'updatedAt': '2022-11-01T00:22:16Z'}}, 'canReply': True, 'totalReplyCount': 0, 'isPublic': True}",,UCovCBzvCIEdmY1t2dM7-Hlw,2022-11-01T00:22:16Z,"Boa noite, companheiro!",QURTSl9pMUlsUnN5R0Z3ejJWeHkza2RtZ3pvY2M5Wk43UFViMEZnaDU4LWg3dHNwQVVVSzZYcmJ6Ry1JY1FCMmhuSzhtdFBobXBfLTE3QQ==,2023-06-07 12:46:25.969242
youtube#commentThread,m3KEkNujxCblfnE3hfc-SMePSAg,UgzwP-SciGBbFQCYURd4AaABAg,"{'videoId': 'XRYjrJJZAME', 'topLevelComment': {'kind': 'youtube#comment', 'etag': 'acFOa_BsrTpXywX-m2kMqVJhtUc', 'id': 'UgzwP-SciGBbFQCYURd4AaABAg', 'snippet': {'videoId': 'XRYjrJJZAME', 'textDisplay': 'e o que ele é um fascista badernero', 'textOriginal': 'e o que ele é um fascista badernero', 'authorDisplayName': 'carlos bandeira', 'authorProfileImageUrl': 'https://yt3.ggpht.com/ytc/AGIKgqPdd6GLVlK2qZxasORvTe5C5kS1KbE-DvvHlhbeCv0IAjAnevDZJ-p1u8Kwi7vs=s48-c-k-c0x00ffffff-no-rj', 'authorChannelUrl': 'http://www.youtube.com/channel/UCFYNCHabtAJStYs8WemgtNA', 'authorChannelId': {'value': 'UCFYNCHabtAJStYs8WemgtNA'}, 'canRate': True, 'viewerRating': 'none', 'likeCount': 0, 'publishedAt': '2022-11-01T00:22:09Z', 'updatedAt': '2022-11-01T00:22:09Z'}}, 'canReply': True, 'totalReplyCount': 0, 'isPublic': True}",,UCFYNCHabtAJStYs8WemgtNA,2022-11-01T00:22:09Z,e o que ele é um fascista badernero,QURTSl9pMUlsUnN5R0Z3ejJWeHkza2RtZ3pvY2M5Wk43UFViMEZnaDU4LWg3dHNwQVVVSzZYcmJ6Ry1JY1FCMmhuSzhtdFBobXBfLTE3QQ==,2023-06-07 12:46:25.969242
youtube#commentThread,SDRx4kxB6C2hjSea0KxBnl_GFO8,Ugw-G0AeEvX6mpMuMe94AaABAg,"{'videoId': 'XRYjrJJZAME', 'topLevelComment': {'kind': 'youtube#comment', 'etag': 'e1v6BBVPlBx3efqH3epyuth26oM', 'id': 'Ugw-G0AeEvX6mpMuMe94AaABAg', 'snippet': {'videoId': 'XRYjrJJZAME', 'textDisplay': 'Ridículos! Depois de tanto que ameaçaram, eles tinham que fazer alguma arruaça se não ficaria feio kkk eles vão passar e nós passarinho  ❤️', 'textOriginal': 'Ridículos! Depois de tanto que ameaçaram, eles tinham que fazer alguma arruaça se não ficaria feio kkk eles vão passar e nós passarinho  ❤️', 'authorDisplayName': 'Cyntia Prado', 'authorProfileImageUrl': 'https://yt3.ggpht.com/ytc/AGIKgqNms7vIW0kY66rt6B2VuHu0hjqqw3bnndbfIw=s48-c-k-c0x00ffffff-no-rj', 'authorChannelUrl': 'http://www.youtube.com/channel/UCPqs68A1SPDRr3kE559YYtg', 'authorChannelId': {'value': 'UCPqs68A1SPDRr3kE559YYtg'}, 'canRate': True, 'viewerRating': 'none', 'likeCount': 4, 'publishedAt': '2022-11-01T00:22:00Z', 'updatedAt': '2022-11-01T00:22:00Z'}}, 'canReply': True, 'totalReplyCount': 0, 'isPublic': True}",,UCPqs68A1SPDRr3kE559YYtg,2022-11-01T00:22:00Z,"Ridículos! Depois de tanto que ameaçaram, eles tinham que fazer alguma arruaça se não ficaria feio kkk eles vão passar e nós passarinho  ❤️",QURTSl9pMUlsUnN5R0Z3ejJWeHkza2RtZ3pvY2M5Wk43UFViMEZnaDU4LWg3dHNwQVVVSzZYcmJ6Ry1JY1FCMmhuSzhtdFBobXBfLTE3QQ==,2023-06-07 12:46:25.969242
youtube#commentThread,YZJnK2xMuOdiRnTSkb7ZIsdZCb8,UgwHQYvxrRI8uirvACZ4AaABAg,"{'videoId': 'XRYjrJJZAME', 'topLevelComment': {'kind': 'youtube#comment', 'etag': 'o6qorUE2AjVbjhKakTwBgjRPpQw', 'id': 'UgwHQYvxrRI8uirvACZ4AaABAg', 'snippet': {'videoId': 'XRYjrJJZAME', 'textDisplay': 'Grande deputado federal sr.Paulo Pimenta parabéns o Sr. Nós representa foi um dos que muito lutou pela Vitória do LULA 👏👏👏', 'textOriginal': 'Grande deputado federal sr.Paulo Pimenta parabéns o Sr. Nós representa foi um dos que muito lutou pela Vitória do LULA 👏👏👏', 'authorDisplayName': 'Nelsi Soares', 'authorProfileImageUrl': 'https://yt3.ggpht.com/ytc/AGIKgqPWxGOljbNMzd3CkJpbUbkjiaSR2B2GFC7RPg=s48-c-k-c0x00ffffff-no-rj', 'authorChannelUrl': 'http://www.youtube.com/channel/UC19z5OCP-4EDDTknkZHoi2w', 'authorChannelId': {'value': 'UC19z5OCP-4EDDTknkZHoi2w'}, 'canRate': True, 'viewerRating': 'none', 'likeCount': 1, 'publishedAt': '2022-11-01T00:21:58Z', 'updatedAt': '2022-11-01T00:21:58Z'}}, 'canReply': True, 'totalReplyCount': 0, 'isPublic': True}",,UC19z5OCP-4EDDTknkZHoi2w,2022-11-01T00:21:58Z,Grande deputado federal sr.Paulo Pimenta parabéns o Sr. Nós representa foi um dos que muito lutou pela Vitória do LULA 👏👏👏,QURTSl9pMUlsUnN5R0Z3ejJWeHkza2RtZ3pvY2M5Wk43UFViMEZnaDU4LWg3dHNwQVVVSzZYcmJ6Ry1JY1FCMmhuSzhtdFBobXBfLTE3QQ==,2023-06-07 12:46:25.969242
youtube#commentThread,ZMDMc2Cd_EUJNkPtdzxA51LVCrU,Ugxc3MotVNygImnNBz94AaABAg,"{'videoId': 'XRYjrJJZAME', 'topLevelComment': {'kind': 'youtube#comment', 'etag': 'BuROEE2AdmGHLNp166yYJNz93Dg', 'id': 'Ugxc3MotVNygImnNBz94AaABAg', 'snippet': {'videoId': 'XRYjrJJZAME', 'textDisplay': 'Bolsonaro construiu sua própria derrota , será que ele ainda não percebeu?', 'textOriginal': 'Bolsonaro construiu sua própria derrota , será que ele ainda não percebeu?', 'authorDisplayName': 'marlene rodrigues da silva', 'authorProfileImageUrl': 'https://yt3.ggpht.com/ytc/AGIKgqOoi2SQMbKxfvvWnzaQygxSjkj3m4moPZRuTExA=s48-c-k-c0x00ffffff-no-rj', 'authorChannelUrl': 'http://www.youtube.com/channel/UCSabLTRAhY3Pfelwu8SBHSg', 'authorChannelId': {'value': 'UCSabLTRAhY3Pfelwu8SBHSg'}, 'canRate': True, 'viewerRating': 'none', 'likeCount': 0, 'publishedAt': '2022-11-01T00:21:45Z', 'updatedAt': '2022-11-01T00:21:45Z'}}, 'canReply': True, 'totalReplyCount': 0, 'isPublic': True}",,UCSabLTRAhY3Pfelwu8SBHSg,2022-11-01T00:21:45Z,"Bolsonaro construiu sua própria derrota , será que ele ainda não percebeu?",QURTSl9pMUlsUnN5R0Z3ejJWeHkza2RtZ3pvY2M5Wk43UFViMEZnaDU4LWg3dHNwQVVVSzZYcmJ6Ry1JY1FCMmhuSzhtdFBobXBfLTE3QQ==,2023-06-07 12:46:25.969242
youtube#commentThread,ZFPY8qj3xghW4PUqomB1dWKTcRg,UgwDfV6TwU9Ry83Tdo94AaABAg,"{'videoId': 'XRYjrJJZAME', 'topLevelComment': {'kind': 'youtube#comment', 'etag': 'p2VVCSRV8-OUD8QIRMEuVwlP0bw', 'id': 'UgwDfV6TwU9Ry83Tdo94AaABAg', 'snippet': {'videoId': 'XRYjrJJZAME', 'textDisplay': 'Bolsonaro covarde.', 'textOriginal': 'Bolsonaro covarde.', 'authorDisplayName': 'nadir silva', 'authorProfileImageUrl': 'https://yt3.ggpht.com/ytc/AGIKgqMKmPEOVEG3JQpqs3dLHSxJkIEvCunqQPjQ9j0wzxQ2qA7Yz5ASsSZLJ5LohFvl=s48-c-k-c0x00ffffff-no-rj', 'authorChannelUrl': 'http://www.youtube.com/channel/UCNkrzworOjdwdkVfOfbT24w', 'authorChannelId': {'value': 'UCNkrzworOjdwdkVfOfbT24w'}, 'canRate': True, 'viewerRating': 'none', 'likeCount': 0, 'publishedAt': '2022-11-01T00:21:39Z', 'updatedAt': '2022-11-01T00:21:39Z'}}, 'canReply': True, 'totalReplyCount': 0, 'isPublic': True}",,UCNkrzworOjdwdkVfOfbT24w,2022-11-01T00:21:39Z,Bolsonaro covarde.,QURTSl9pMUlsUnN5R0Z3ejJWeHkza2RtZ3pvY2M5Wk43UFViMEZnaDU4LWg3dHNwQVVVSzZYcmJ6Ry1JY1FCMmhuSzhtdFBobXBfLTE3QQ==,2023-06-07 12:46:25.969242
youtube#commentThread,n6KDdOO4MzveNdsSGiZ5wvP9I4o,UgxF5wzOBzCmt48I4yJ4AaABAg,"{'videoId': 'XRYjrJJZAME', 'topLevelComment': {'kind': 'youtube#comment', 'etag': 'h2f83V4GcFrgdWB9p5cpAVE-Bb0', 'id': 'UgxF5wzOBzCmt48I4yJ4AaABAg', 'snippet': {'videoId': 'XRYjrJJZAME', 'textDisplay': 'Acabe com o sigilo de 100 anos', 'textOriginal': 'Acabe com o sigilo de 100 anos', 'authorDisplayName': 'josi bcaz', 'authorProfileImageUrl': 'https://yt3.ggpht.com/ytc/AGIKgqOBhL7xMD7ORbFgRe9ME0gYN3WwtUD4kmS-MA=s48-c-k-c0x00ffffff-no-rj', 'authorChannelUrl': 'http://www.youtube.com/channel/UCRC6UAI5unxMlr25UfzRFqQ', 'authorChannelId': {'value': 'UCRC6UAI5unxMlr25UfzRFqQ'}, 'canRate': True, 'viewerRating': 'none', 'likeCount': 1, 'publishedAt': '2022-11-01T00:21:32Z', 'updatedAt': '2022-11-01T00:21:32Z'}}, 'canReply': True, 'totalReplyCount': 0, 'isPublic': True}",,UCRC6UAI5unxMlr25UfzRFqQ,2022-11-01T00:21:32Z,Acabe com o sigilo de 100 anos,QURTSl9pMUlsUnN5R0Z3ejJWeHkza2RtZ3pvY2M5Wk43UFViMEZnaDU4LWg3dHNwQVVVSzZYcmJ6Ry1JY1FCMmhuSzhtdFBobXBfLTE3QQ==,2023-06-07 12:46:25.969242
youtube#commentThread,Gd1bRbifa_nLsTVZuw01FWRLJek,Ugx3unPo_DC1vEkdSXB4AaABAg,"{'videoId': 'XRYjrJJZAME', 'topLevelComment': {'kind': 'youtube#comment', 'etag': 'XsmDR5B6FzpnUqtrVWmhM2fLkPw', 'id': 'Ugx3unPo_DC1vEkdSXB4AaABAg', 'snippet': {'videoId': 'XRYjrJJZAME', 'textDisplay': 'Sempre percebi que esse governo Bolzonazista, e antidemocrática e quer implantar a ditadura no país. Ele feri as instituições e põe em risco a democracia.', 'textOriginal': 'Sempre percebi que esse governo Bolzonazista, e antidemocrática e quer implantar a ditadura no país. Ele feri as instituições e põe em risco a democracia.', 'authorDisplayName': 'Gildauto Barreto', 'authorProfileImageUrl': 'https://yt3.ggpht.com/ytc/AGIKgqM_wTGHn9cyBjdeEMPoGig11jjgZj2NPG6pGI2O-gd80fFrcMdjr6bIvVlX3MgD=s48-c-k-c0x00ffffff-no-rj', 'authorChannelUrl': 'http://www.youtube.com/channel/UCCpcz2DbvH_cX4hCf-z5L6w', 'authorChannelId': {'value': 'UCCpcz2DbvH_cX4hCf-z5L6w'}, 'canRate': True, 'viewerRating': 'none', 'likeCount': 0, 'publishedAt': '2022-11-01T00:21:28Z', 'updatedAt': '2022-11-01T00:21:28Z'}}, 'canReply': True, 'totalReplyCount': 0, 'isPublic': True}",,UCCpcz2DbvH_cX4hCf-z5L6w,2022-11-01T00:21:28Z,"Sempre percebi que esse governo Bolzonazista, e antidemocrática e quer implantar a ditadura no país. Ele feri as instituições e põe em risco a democracia.",QURTSl9pMUlsUnN5R0Z3ejJWeHkza2RtZ3pvY2M5Wk43UFViMEZnaDU4LWg3dHNwQVVVSzZYcmJ6Ry1JY1FCMmhuSzhtdFBobXBfLTE3QQ==,2023-06-07 12:46:25.969242
youtube#commentThread,GVHFXRPKgnUP_spZQ6CVBJQ5Qwk,UgwrN6PR_cDuz14dpcV4AaABAg,"{'videoId': 'XRYjrJJZAME', 'topLevelComment': {'kind': 'youtube#comment', 'etag': 'c6vJUOVPNf7zozVG3uH2OOJeeSg', 'id': 'UgwrN6PR_cDuz14dpcV4AaABAg', 'snippet': {'videoId': 'XRYjrJJZAME', 'textDisplay': 'Não vamos cair no jogo do inominável. Tranquilidade, paciência, e vamos aguardar as providências das autoridades.', 'textOriginal': 'Não vamos cair no jogo do inominável. Tranquilidade, paciência, e vamos aguardar as providências das autoridades.', 'authorDisplayName': 'Fernanda Prates', 'authorProfileImageUrl': 'https://yt3.ggpht.com/ytc/AGIKgqMiY-cSQuXjlrJHuFk0EpfqJNsUbUY64UZIGvmVFA=s48-c-k-c0x00ffffff-no-rj', 'authorChannelUrl': 'http://www.youtube.com/channel/UCW_FR65YlwASWUSO7TzQB7A', 'authorChannelId': {'value': 'UCW_FR65YlwASWUSO7TzQB7A'}, 'canRate': True, 'viewerRating': 'none', 'likeCount': 41, 'publishedAt': '2022-11-01T00:21:27Z', 'updatedAt': '2022-11-01T11:14:47Z'}}, 'canReply': True, 'totalReplyCount': 2, 'isPublic': True}","{'comments': [{'kind': 'youtube#comment', 'etag': 'A-nrgkdHNNgiU0fb-zmKgCqIhas', 'id': 'UgwrN6PR_cDuz14dpcV4AaABAg.9hrzAH9w3Zm9ht6tEnfUus', 'snippet': {'videoId': 'XRYjrJJZAME', 'textDisplay': 'Verdade verdadeira calma calma', 'textOriginal': 'Verdade verdadeira calma calma', 'parentId': 'UgwrN6PR_cDuz14dpcV4AaABAg', 'authorDisplayName': 'Cleuza Oliveira Ulian', 'authorProfileImageUrl': 'https://yt3.ggpht.com/ytc/AGIKgqNLfyFFhU0xh0z5GuQbpqUiia5wu8DYcwTuBnwdoW2KL9mfPebyvpJR-1-HDc1V=s48-c-k-c0x00ffffff-no-rj', 'authorChannelUrl': 'http://www.youtube.com/channel/UCZ_FL_csuuu5yS1CYVEUiLA', 'authorChannelId': {'value': 'UCZ_FL_csuuu5yS1CYVEUiLA'}, 'canRate': True, 'viewerRating': 'none', 'likeCount': 2, 'publishedAt': '2022-11-01T10:56:52Z', 'updatedAt': '2022-11-01T10:56:52Z'}}, {'kind': 'youtube#comment', 'etag': 'rVVH_WBVHl6zKNBvEafbRvCLbM0', 'id': 'UgwrN6PR_cDuz14dpcV4AaABAg.9hrzAH9w3Zm9ht6KqtfYF_', 'snippet': {'videoId': 'XRYjrJJZAME', 'textDisplay': 'Xandao kkkk', 'textOriginal': 'Xandao kkkk', 'parentId': 'UgwrN6PR_cDuz14dpcV4AaABAg', 'authorDisplayName': 'Mariana Goncalves', 'authorProfileImageUrl': 'https://yt3.ggpht.com/ytc/AGIKgqPbheqiYTjJK82HMQMR_6j8q6ESfJP4154JS2hllkYbvpezkGAT6DkkOSP5LsFE=s48-c-k-c0x00ffffff-no-rj', 'authorChannelUrl': 'http://www.youtube.com/channel/UC2Q-qxFpGPhNfpZhHrjNgng', 'authorChannelId': {'value': 'UC2Q-qxFpGPhNfpZhHrjNgng'}, 'canRate': True, 'viewerRating': 'none', 'likeCount': 2, 'publishedAt': '2022-11-01T10:52:02Z', 'updatedAt': '2022-11-01T10:52:02Z'}}]}",UCW_FR65YlwASWUSO7TzQB7A,2022-11-01T00:21:27Z,"Não vamos cair no jogo do inominável. Tranquilidade, paciência, e vamos aguardar as providências das autoridades.",QURTSl9pMUlsUnN5R0Z3ejJWeHkza2RtZ3pvY2M5Wk43UFViMEZnaDU4LWg3dHNwQVVVSzZYcmJ6Ry1JY1FCMmhuSzhtdFBobXBfLTE3QQ==,2023-06-07 12:46:25.969242
youtube#commentThread,QjhopV5H4XXym4bqHmAv4b6PmLU,UgwC4RukT7yJMYYsQzR4AaABAg,"{'videoId': 'XRYjrJJZAME', 'topLevelComment': {'kind': 'youtube#comment', 'etag': 'ZYTe1b1se5hdrr85ojynJBbOwDs', 'id': 'UgwC4RukT7yJMYYsQzR4AaABAg', 'snippet': {'videoId': 'XRYjrJJZAME', 'textDisplay': 'Com certeza pimenta o mundo ligando pro lula parabenisando pela Vitoria...do bolsonaro nao podia esperar outra coisa a nao ser  isso lamentavel terem colocado esse sujeito pra governar o brasil..nunca teve capacidade pra governar nada,,', 'textOriginal': 'Com certeza pimenta o mundo ligando pro lula parabenisando pela Vitoria...do bolsonaro nao podia esperar outra coisa a nao ser  isso lamentavel terem colocado esse sujeito pra governar o brasil..nunca teve capacidade pra governar nada,,', 'authorDisplayName': 'bages li...curitiba', 'authorProfileImageUrl': 'https://yt3.ggpht.com/ytc/AGIKgqNZnY9G2rOBz4yUEI9f-b6EvfNmAgw9Dw_e7cHk5M-4o0pNhrikGaUmMPDN8xaF=s48-c-k-c0x00ffffff-no-rj', 'authorChannelUrl': 'http://www.youtube.com/channel/UCQTC6DxA5zlAxyRIglX7OSg', 'authorChannelId': {'value': 'UCQTC6DxA5zlAxyRIglX7OSg'}, 'canRate': True, 'viewerRating': 'none', 'likeCount': 0, 'publishedAt': '2022-11-01T00:21:25Z', 'updatedAt': '2022-11-01T00:21:25Z'}}, 'canReply': True, 'totalReplyCount': 0, 'isPublic': True}",,UCQTC6DxA5zlAxyRIglX7OSg,2022-11-01T00:21:25Z,"Com certeza pimenta o mundo ligando pro lula parabenisando pela Vitoria...do bolsonaro nao podia esperar outra coisa a nao ser  isso lamentavel terem colocado esse sujeito pra governar o brasil..nunca teve capacidade pra governar nada,,",QURTSl9pMUlsUnN5R0Z3ejJWeHkza2RtZ3pvY2M5Wk43UFViMEZnaDU4LWg3dHNwQVVVSzZYcmJ6Ry1JY1FCMmhuSzhtdFBobXBfLTE3QQ==,2023-06-07 12:46:25.969242
youtube#commentThread,_PUpuWoYvfKFzxlxe-RfSWo6ezU,UgwCv2Oj0Z3AEwyvT_l4AaABAg,"{'videoId': 'XRYjrJJZAME', 'topLevelComment': {'kind': 'youtube#comment', 'etag': 'msI-Cvvb4dcvCQ7iGGq6ZLJ-rA4', 'id': 'UgwCv2Oj0Z3AEwyvT_l4AaABAg', 'snippet': {'videoId': 'XRYjrJJZAME', 'textDisplay': 'Bolsonaro não é contra o Sistema, como o gado pensa! Bolsonaro é um fora da lei, um marginal irresponsável que aposta na desordem, na baderna e que não tem qualquer respeito pelo Estado Democrático de Direito!', 'textOriginal': 'Bolsonaro não é contra o Sistema, como o gado pensa! Bolsonaro é um fora da lei, um marginal irresponsável que aposta na desordem, na baderna e que não tem qualquer respeito pelo Estado Democrático de Direito!', 'authorDisplayName': 'littlebird997', 'authorProfileImageUrl': 'https://yt3.ggpht.com/ytc/AGIKgqPb3tGlwQ1GEjwkPmUdMYZKd-xrTuSYg-84ew=s48-c-k-c0x00ffffff-no-rj', 'authorChannelUrl': 'http://www.youtube.com/channel/UCPzC884oF86_PtLCRvIakRw', 'authorChannelId': {'value': 'UCPzC884oF86_PtLCRvIakRw'}, 'canRate': True, 'viewerRating': 'none', 'likeCount': 1, 'publishedAt': '2022-11-01T00:21:17Z', 'updatedAt': '2022-11-01T00:21:17Z'}}, 'canReply': True, 'totalReplyCount': 0, 'isPublic': True}",,UCPzC884oF86_PtLCRvIakRw,2022-11-01T00:21:17Z,"Bolsonaro não é contra o Sistema, como o gado pensa! Bolsonaro é um fora da lei, um marginal irresponsável que aposta na desordem, na baderna e que não tem qualquer respeito pelo Estado Democrático de Direito!",QURTSl9pMUlsUnN5R0Z3ejJWeHkza2RtZ3pvY2M5Wk43UFViMEZnaDU4LWg3dHNwQVVVSzZYcmJ6Ry1JY1FCMmhuSzhtdFBobXBfLTE3QQ==,2023-06-07 12:46:25.969242
youtube#commentThread,5YEdDvOfqhn4677emi1dquzXUtk,UgykIgUUydM9IR9S0Zd4AaABAg,"{'videoId': 'XRYjrJJZAME', 'topLevelComment': {'kind': 'youtube#comment', 'etag': '8Rk1Q6qNEUhKo2v3BJDp-Ct4vII', 'id': 'UgykIgUUydM9IR9S0Zd4AaABAg', 'snippet': {'videoId': 'XRYjrJJZAME', 'textDisplay': 'Salve o nosso país desses bandidos,', 'textOriginal': 'Salve o nosso país desses bandidos,', 'authorDisplayName': 'josi bcaz', 'authorProfileImageUrl': 'https://yt3.ggpht.com/ytc/AGIKgqOBhL7xMD7ORbFgRe9ME0gYN3WwtUD4kmS-MA=s48-c-k-c0x00ffffff-no-rj', 'authorChannelUrl': 'http://www.youtube.com/channel/UCRC6UAI5unxMlr25UfzRFqQ', 'authorChannelId': {'value': 'UCRC6UAI5unxMlr25UfzRFqQ'}, 'canRate': True, 'viewerRating': 'none', 'likeCount': 0, 'publishedAt': '2022-11-01T00:21:14Z', 'updatedAt': '2022-11-01T00:21:14Z'}}, 'canReply': True, 'totalReplyCount': 0, 'isPublic': True}",,UCRC6UAI5unxMlr25UfzRFqQ,2022-11-01T00:21:14Z,"Salve o nosso país desses bandidos,",QURTSl9pMUlsUnN5R0Z3ejJWeHkza2RtZ3pvY2M5Wk43UFViMEZnaDU4LWg3dHNwQVVVSzZYcmJ6Ry1JY1FCMmhuSzhtdFBobXBfLTE3QQ==,2023-06-07 12:46:25.969242
youtube#commentThread,ytA-9QTqb4hbQJ0QsSTL2om92nU,Ugw3e-qOvbhisc9P2st4AaABAg,"{'videoId': 'XRYjrJJZAME', 'topLevelComment': {'kind': 'youtube#comment', 'etag': 'Vs-9aQ7-ZyjjgBjIjpfoHXl1XQU', 'id': 'Ugw3e-qOvbhisc9P2st4AaABAg', 'snippet': {'videoId': 'XRYjrJJZAME', 'textDisplay': 'OS BOLSONAROS TEM QUE ACEITAR QUE NOSSO PRESIDENTE LULA ❤️\u200d🩹 É AMOR, É ISSO QUE ESTAMOS PRECISANDO DE NOVO,ELES ACEITAM QUE DÓI MENOS 🙏', 'textOriginal': 'OS BOLSONAROS TEM QUE ACEITAR QUE NOSSO PRESIDENTE LULA ❤️\u200d🩹 É AMOR, É ISSO QUE ESTAMOS PRECISANDO DE NOVO,ELES ACEITAM QUE DÓI MENOS 🙏', 'authorDisplayName': 'Adelaide', 'authorProfileImageUrl': 'https://yt3.ggpht.com/ytc/AGIKgqPUYWbnR5Ql7ZxPfJLtlSdwMs1RDagyc_AXAeXM5MIu2l86Iczy3MYWPKEaH3Iw=s48-c-k-c0x00ffffff-no-rj', 'authorChannelUrl': 'http://www.youtube.com/channel/UCmnOCPuPbnL7B5pUCYjRD3w', 'authorChannelId': {'value': 'UCmnOCPuPbnL7B5pUCYjRD3w'}, 'canRate': True, 'viewerRating': 'none', 'likeCount': 0, 'publishedAt': '2022-11-01T00:20:54Z', 'updatedAt': '2022-11-01T00:20:54Z'}}, 'canReply': True, 'totalReplyCount': 0, 'isPublic': True}",,UCmnOCPuPbnL7B5pUCYjRD3w,2022-11-01T00:20:54Z,"OS BOLSONAROS TEM QUE ACEITAR QUE NOSSO PRESIDENTE LULA ❤️‍🩹 É AMOR, É ISSO QUE ESTAMOS PRECISANDO DE NOVO,ELES ACEITAM QUE DÓI MENOS 🙏",QURTSl9pMUlsUnN5R0Z3ejJWeHkza2RtZ3pvY2M5Wk43UFViMEZnaDU4LWg3dHNwQVVVSzZYcmJ6Ry1JY1FCMmhuSzhtdFBobXBfLTE3QQ==,2023-06-07 12:46:25.969242
youtube#commentThread,IZzXMG30E80ZqX5wauNCFyZdUjY,Ugy736Q-Scj_zzcKN3F4AaABAg,"{'videoId': 'XRYjrJJZAME', 'topLevelComment': {'kind': 'youtube#comment', 'etag': 'lVA83SgizpdfH82LAIzPFmjQGq4', 'id': 'Ugy736Q-Scj_zzcKN3F4AaABAg', 'snippet': {'videoId': 'XRYjrJJZAME', 'textDisplay': 'Se fosse o contrário o Bolsonaro já tinha matado todos .', 'textOriginal': 'Se fosse o contrário o Bolsonaro já tinha matado todos .', 'authorDisplayName': 'marlene rodrigues da silva', 'authorProfileImageUrl': 'https://yt3.ggpht.com/ytc/AGIKgqOoi2SQMbKxfvvWnzaQygxSjkj3m4moPZRuTExA=s48-c-k-c0x00ffffff-no-rj', 'authorChannelUrl': 'http://www.youtube.com/channel/UCSabLTRAhY3Pfelwu8SBHSg', 'authorChannelId': {'value': 'UCSabLTRAhY3Pfelwu8SBHSg'}, 'canRate': True, 'viewerRating': 'none', 'likeCount': 0, 'publishedAt': '2022-11-01T00:20:41Z', 'updatedAt': '2022-11-01T00:20:41Z'}}, 'canReply': True, 'totalReplyCount': 0, 'isPublic': True}",,UCSabLTRAhY3Pfelwu8SBHSg,2022-11-01T00:20:41Z,Se fosse o contrário o Bolsonaro já tinha matado todos .,QURTSl9pMUlsUnN5R0Z3ejJWeHkza2RtZ3pvY2M5Wk43UFViMEZnaDU4LWg3dHNwQVVVSzZYcmJ6Ry1JY1FCMmhuSzhtdFBobXBfLTE3QQ==,2023-06-07 12:46:25.969242
youtube#commentThread,Q_IInuNAor9DnnGTr84gRfY9vjc,UgyCSRnl15_nVBGIZuZ4AaABAg,"{'videoId': 'XRYjrJJZAME', 'topLevelComment': {'kind': 'youtube#comment', 'etag': 'ZDp0Lqe4aNCT1PYAWJqkbOOlWnE', 'id': 'UgyCSRnl15_nVBGIZuZ4AaABAg', 'snippet': {'videoId': 'XRYjrJJZAME', 'textDisplay': 'Depois é o Lula que quer a discórdia', 'textOriginal': 'Depois é o Lula que quer a discórdia', 'authorDisplayName': 'Rosangela De Jesus', 'authorProfileImageUrl': 'https://yt3.ggpht.com/ytc/AGIKgqM2HAb_Rf8hzcvH5V9yYdK0bSAiipmWN4gDLQ=s48-c-k-c0x00ffffff-no-rj', 'authorChannelUrl': 'http://www.youtube.com/channel/UC29p58IevXI6qO18BQdg7vA', 'authorChannelId': {'value': 'UC29p58IevXI6qO18BQdg7vA'}, 'canRate': True, 'viewerRating': 'none', 'likeCount': 0, 'publishedAt': '2022-11-01T00:20:16Z', 'updatedAt': '2022-11-01T00:20:16Z'}}, 'canReply': True, 'totalReplyCount': 0, 'isPublic': True}",,UC29p58IevXI6qO18BQdg7vA,2022-11-01T00:20:16Z,Depois é o Lula que quer a discórdia,QURTSl9pMUlsUnN5R0Z3ejJWeHkza2RtZ3pvY2M5Wk43UFViMEZnaDU4LWg3dHNwQVVVSzZYcmJ6Ry1JY1FCMmhuSzhtdFBobXBfLTE3QQ==,2023-06-07 12:46:25.969242
youtube#commentThread,9MsGFMFXRBaZG4-HZSRtYCKuAME,UgyjUIRX3INrDzM6J8Z4AaABAg,"{'videoId': 'XRYjrJJZAME', 'topLevelComment': {'kind': 'youtube#comment', 'etag': 'yictjnzPdOtt0v0yWAR27Xq6-iI', 'id': 'UgyjUIRX3INrDzM6J8Z4AaABAg', 'snippet': {'videoId': 'XRYjrJJZAME', 'textDisplay': 'A ex mulher do Bozo já meteu o pé pra fora do país já começou a debandada!', 'textOriginal': 'A ex mulher do Bozo já meteu o pé pra fora do país já começou a debandada!', 'authorDisplayName': 'Leonardo Nunes', 'authorProfileImageUrl': 'https://yt3.ggpht.com/ytc/AGIKgqMBJBnBJuog9wwoi1dYaKspCKRXBDz-UcmGQQ=s48-c-k-c0x00ffffff-no-rj', 'authorChannelUrl': 'http://www.youtube.com/channel/UCaYB2WjlPacu_hMIHxuNMAQ', 'authorChannelId': {'value': 'UCaYB2WjlPacu_hMIHxuNMAQ'}, 'canRate': True, 'viewerRating': 'none', 'likeCount': 0, 'publishedAt': '2022-11-01T00:20:01Z', 'updatedAt': '2022-11-01T00:20:01Z'}}, 'canReply': True, 'totalReplyCount': 0, 'isPublic': True}",,UCaYB2WjlPacu_hMIHxuNMAQ,2022-11-01T00:20:01Z,A ex mulher do Bozo já meteu o pé pra fora do país já começou a debandada!,QURTSl9pMUlsUnN5R0Z3ejJWeHkza2RtZ3pvY2M5Wk43UFViMEZnaDU4LWg3dHNwQVVVSzZYcmJ6Ry1JY1FCMmhuSzhtdFBobXBfLTE3QQ==,2023-06-07 12:46:25.969242
youtube#commentThread,3tg7p_K9aTJBhYCUdQgfF4SYCxA,UgxNQDRgXeaqfkXxuP94AaABAg,"{'videoId': 'XRYjrJJZAME', 'topLevelComment': {'kind': 'youtube#comment', 'etag': '0_zxZz8hgm3lPTeATaRTw4T9U2Q', 'id': 'UgxNQDRgXeaqfkXxuP94AaABAg', 'snippet': {'videoId': 'XRYjrJJZAME', 'textDisplay': 'ELE E PSICOPATA DOENTIO!!!  UMA MAÇA PODRE ESTRAGA TODAS AS QUE ESTAO PERTO.', 'textOriginal': 'ELE E PSICOPATA DOENTIO!!!  UMA MAÇA PODRE ESTRAGA TODAS AS QUE ESTAO PERTO.', 'authorDisplayName': 'Alicia Acevedo', 'authorProfileImageUrl': 'https://yt3.ggpht.com/ytc/AGIKgqPHymRpy7xZgNRm7cj9mh-GEKHVtCavR3d_MA=s48-c-k-c0x00ffffff-no-rj', 'authorChannelUrl': 'http://www.youtube.com/channel/UCbByuD8hCwKwRmDlNsdl1YQ', 'authorChannelId': {'value': 'UCbByuD8hCwKwRmDlNsdl1YQ'}, 'canRate': True, 'viewerRating': 'none', 'likeCount': 0, 'publishedAt': '2022-11-01T00:19:56Z', 'updatedAt': '2022-11-01T00:20:56Z'}}, 'canReply': True, 'totalReplyCount': 0, 'isPublic': True}",,UCbByuD8hCwKwRmDlNsdl1YQ,2022-11-01T00:19:56Z,ELE E PSICOPATA DOENTIO!!!  UMA MAÇA PODRE ESTRAGA TODAS AS QUE ESTAO PERTO.,QURTSl9pMUlsUnN5R0Z3ejJWeHkza2RtZ3pvY2M5Wk43UFViMEZnaDU4LWg3dHNwQVVVSzZYcmJ6Ry1JY1FCMmhuSzhtdFBobXBfLTE3QQ==,2023-06-07 12:46:25.969242
youtube#commentThread,KTUzxPltAgTVsG4yxfjRyQXmxnU,UgzcCo5GYkiV1V6ReqF4AaABAg,"{'videoId': 'XRYjrJJZAME', 'topLevelComment': {'kind': 'youtube#comment', 'etag': 'qXnlGmHiQP0DB2_C6yXQO4VOqfs', 'id': 'UgzcCo5GYkiV1V6ReqF4AaABAg', 'snippet': {'videoId': 'XRYjrJJZAME', 'textDisplay': 'Presidente Lula derrotará o facismo', 'textOriginal': 'Presidente Lula derrotará o facismo', 'authorDisplayName': 'Anália Souza', 'authorProfileImageUrl': 'https://yt3.ggpht.com/ytc/AGIKgqMONESi_MqzeT5gbv-GwYE_SviWZ0s3zIMmag=s48-c-k-c0x00ffffff-no-rj', 'authorChannelUrl': 'http://www.youtube.com/channel/UCzNLmbGW98pFat0U8r8yPzg', 'authorChannelId': {'value': 'UCzNLmbGW98pFat0U8r8yPzg'}, 'canRate': True, 'viewerRating': 'none', 'likeCount': 0, 'publishedAt': '2022-11-01T00:19:53Z', 'updatedAt': '2022-11-01T00:19:53Z'}}, 'canReply': True, 'totalReplyCount': 0, 'isPublic': True}",,UCzNLmbGW98pFat0U8r8yPzg,2022-11-01T00:19:53Z,Presidente Lula derrotará o facismo,QURTSl9pMUlsUnN5R0Z3ejJWeHkza2RtZ3pvY2M5Wk43UFViMEZnaDU4LWg3dHNwQVVVSzZYcmJ6Ry1JY1FCMmhuSzhtdFBobXBfLTE3QQ==,2023-06-07 12:46:25.969242
youtube#commentThread,GcD4RXfvfjPXMR7BmG1prIrBvoc,UgxHKmex1tK86joad3V4AaABAg,"{'videoId': 'XRYjrJJZAME', 'topLevelComment': {'kind': 'youtube#comment', 'etag': 'EEBJw7YPTHZMoOGg53zZnP4B4zQ', 'id': 'UgxHKmex1tK86joad3V4AaABAg', 'snippet': {'videoId': 'XRYjrJJZAME', 'textDisplay': 'Ganhamos na democracia e não na força eles só precisam acordarem e aceitar que dói menos .O povo bozo usa uma fala que um de seus apoiadores usa nas músicas que ele canta . CHORA NÃO BB...', 'textOriginal': 'Ganhamos na democracia e não na força eles só precisam acordarem e aceitar que dói menos .O povo bozo usa uma fala que um de seus apoiadores usa nas músicas que ele canta . CHORA NÃO BB...', 'authorDisplayName': 'Cleidimar Oliveira', 'authorProfileImageUrl': 'https://yt3.ggpht.com/ytc/AGIKgqOwJqatEtzaeDEMvCOArZvgAa5hpnyPLAXxjQ=s48-c-k-c0x00ffffff-no-rj', 'authorChannelUrl': 'http://www.youtube.com/channel/UCcxHDLqHxCx8nMRpXP3ihJw', 'authorChannelId': {'value': 'UCcxHDLqHxCx8nMRpXP3ihJw'}, 'canRate': True, 'viewerRating': 'none', 'likeCount': 0, 'publishedAt': '2022-11-01T00:19:52Z', 'updatedAt': '2022-11-01T00:19:52Z'}}, 'canReply': True, 'totalReplyCount': 0, 'isPublic': True}",,UCcxHDLqHxCx8nMRpXP3ihJw,2022-11-01T00:19:52Z,Ganhamos na democracia e não na força eles só precisam acordarem e aceitar que dói menos .O povo bozo usa uma fala que um de seus apoiadores usa nas músicas que ele canta . CHORA NÃO BB...,QURTSl9pMUlsUnN5R0Z3ejJWeHkza2RtZ3pvY2M5Wk43UFViMEZnaDU4LWg3dHNwQVVVSzZYcmJ6Ry1JY1FCMmhuSzhtdFBobXBfLTE3QQ==,2023-06-07 12:46:25.969242
youtube#commentThread,ix8W7EAcBcSSyJMJs4vuQAL5_yM,UgxqFK-YF5x_mO9P1ph4AaABAg,"{'videoId': 'XRYjrJJZAME', 'topLevelComment': {'kind': 'youtube#comment', 'etag': 'IOyMrXY3QB70eN6D_O-cAJ2ZdWM', 'id': 'UgxqFK-YF5x_mO9P1ph4AaABAg', 'snippet': {'videoId': 'XRYjrJJZAME', 'textDisplay': 'Vamos  e vamos', 'textOriginal': 'Vamos  e vamos', 'authorDisplayName': 'Ronildo Ritzel', 'authorProfileImageUrl': 'https://yt3.ggpht.com/ytc/AGIKgqO_qenQhSmS3I673spTtY8XDmtObrQu6nCoYQ=s48-c-k-c0x00ffffff-no-rj', 'authorChannelUrl': 'http://www.youtube.com/channel/UCThlFBej3HSeZ8Kza76M1cA', 'authorChannelId': {'value': 'UCThlFBej3HSeZ8Kza76M1cA'}, 'canRate': True, 'viewerRating': 'none', 'likeCount': 2, 'publishedAt': '2022-11-01T00:19:33Z', 'updatedAt': '2022-11-01T00:19:33Z'}}, 'canReply': True, 'totalReplyCount': 0, 'isPublic': True}",,UCThlFBej3HSeZ8Kza76M1cA,2022-11-01T00:19:33Z,Vamos  e vamos,QURTSl9pMUlsUnN5R0Z3ejJWeHkza2RtZ3pvY2M5Wk43UFViMEZnaDU4LWg3dHNwQVVVSzZYcmJ6Ry1JY1FCMmhuSzhtdFBobXBfLTE3QQ==,2023-06-07 12:46:25.969242
youtube#commentThread,VVY6SfdNV2d24_Apcscv5kN2_v8,Ugz9F5c-6oc3Vx1m3Xd4AaABAg,"{'videoId': 'XRYjrJJZAME', 'topLevelComment': {'kind': 'youtube#comment', 'etag': 'M57ViY7esEU4dI3nwTLvcKs21L0', 'id': 'Ugz9F5c-6oc3Vx1m3Xd4AaABAg', 'snippet': {'videoId': 'XRYjrJJZAME', 'textDisplay': 'Que essa situação atual dos caminhoneiros sirva de lição para o nosso governo que está de volta. Tem que haver um incentivo massivo ferrovias e portos. E com isso deixar de ser uma nação dependente de uma categoria apenas.', 'textOriginal': 'Que essa situação atual dos caminhoneiros sirva de lição para o nosso governo que está de volta. Tem que haver um incentivo massivo ferrovias e portos. E com isso deixar de ser uma nação dependente de uma categoria apenas.', 'authorDisplayName': 'Allmir Oliveira', 'authorProfileImageUrl': 'https://yt3.ggpht.com/ytc/AGIKgqMBkw6ejoiVMCjErvptceHG0ixoKGrDuxMnb6esqw=s48-c-k-c0x00ffffff-no-rj', 'authorChannelUrl': 'http://www.youtube.com/channel/UCnmoiO6nL2OJVvIATRZkvBQ', 'authorChannelId': {'value': 'UCnmoiO6nL2OJVvIATRZkvBQ'}, 'canRate': True, 'viewerRating': 'none', 'likeCount': 8, 'publishedAt': '2022-11-01T00:19:11Z', 'updatedAt': '2022-11-01T00:19:11Z'}}, 'canReply': True, 'totalReplyCount': 0, 'isPublic': True}",,UCnmoiO6nL2OJVvIATRZkvBQ,2022-11-01T00:19:11Z,Que essa situação atual dos caminhoneiros sirva de lição para o nosso governo que está de volta. Tem que haver um incentivo massivo ferrovias e portos. E com isso deixar de ser uma nação dependente de uma categoria apenas.,QURTSl9pMUlsUnN5R0Z3ejJWeHkza2RtZ3pvY2M5Wk43UFViMEZnaDU4LWg3dHNwQVVVSzZYcmJ6Ry1JY1FCMmhuSzhtdFBobXBfLTE3QQ==,2023-06-07 12:46:25.969242
youtube#commentThread,KS0oGn5LF2Ajzi0BXQ9RNt1yiqw,UgzqjU8hSfKrCRldsHJ4AaABAg,"{'videoId': 'XRYjrJJZAME', 'topLevelComment': {'kind': 'youtube#comment', 'etag': 'eAbjePKm3EegVLbvesMtgLZ-Pk0', 'id': 'UgzqjU8hSfKrCRldsHJ4AaABAg', 'snippet': {'videoId': 'XRYjrJJZAME', 'textDisplay': 'vamos sentir nossa felicidade, só alegria... é a oração do Papa , o Boso vai sofrer mais abusou na festa da padroeira...', 'textOriginal': 'vamos sentir nossa felicidade, só alegria... é a oração do Papa , o Boso vai sofrer mais abusou na festa da padroeira...', 'authorDisplayName': 'Théo dimi123', 'authorProfileImageUrl': 'https://yt3.ggpht.com/vsdTja0e-PxDPcDUGGRIVJW08HJ3vmB_iIohEpnhbySg-s4i9gDJn_EpRbQ6B2BgiDyXA70WZg=s48-c-k-c0x00ffffff-no-rj', 'authorChannelUrl': 'http://www.youtube.com/channel/UCWTpyPF4I41iWKfxlOhaq3g', 'authorChannelId': {'value': 'UCWTpyPF4I41iWKfxlOhaq3g'}, 'canRate': True, 'viewerRating': 'none', 'likeCount': 6, 'publishedAt': '2022-11-01T00:18:59Z', 'updatedAt': '2022-11-01T00:18:59Z'}}, 'canReply': True, 'totalReplyCount': 0, 'isPublic': True}",,UCWTpyPF4I41iWKfxlOhaq3g,2022-11-01T00:18:59Z,"vamos sentir nossa felicidade, só alegria... é a oração do Papa , o Boso vai sofrer mais abusou na festa da padroeira...",QURTSl9pMUlsUnN5R0Z3ejJWeHkza2RtZ3pvY2M5Wk43UFViMEZnaDU4LWg3dHNwQVVVSzZYcmJ6Ry1JY1FCMmhuSzhtdFBobXBfLTE3QQ==,2023-06-07 12:46:25.969242
youtube#commentThread,1EYaJiRg3H3YakXYVlxfHBDDkE0,UgxWkb915EjIyoHsUdF4AaABAg,"{'videoId': 'XRYjrJJZAME', 'topLevelComment': {'kind': 'youtube#comment', 'etag': 'xGpLqnT7C08Z9hFpJ5MoD5WnXTA', 'id': 'UgxWkb915EjIyoHsUdF4AaABAg', 'snippet': {'videoId': 'XRYjrJJZAME', 'textDisplay': 'É uma vergonha esse presidente bosonaro.', 'textOriginal': 'É uma vergonha esse presidente bosonaro.', 'authorDisplayName': 'Cleusa💜', 'authorProfileImageUrl': 'https://yt3.ggpht.com/9mXr6JjqasIEYFxkX2hCCD4exKAP-w9wFjuisqhBkPVgR1TCqc7_e0HXlmAZtha6MS9P8FUp=s48-c-k-c0x00ffffff-no-rj', 'authorChannelUrl': 'http://www.youtube.com/channel/UC8X_9LU1SLMtkbPDonCO7rQ', 'authorChannelId': {'value': 'UC8X_9LU1SLMtkbPDonCO7rQ'}, 'canRate': True, 'viewerRating': 'none', 'likeCount': 0, 'publishedAt': '2022-11-01T00:18:59Z', 'updatedAt': '2022-11-01T00:18:59Z'}}, 'canReply': True, 'totalReplyCount': 0, 'isPublic': True}",,UC8X_9LU1SLMtkbPDonCO7rQ,2022-11-01T00:18:59Z,É uma vergonha esse presidente bosonaro.,QURTSl9pMUlsUnN5R0Z3ejJWeHkza2RtZ3pvY2M5Wk43UFViMEZnaDU4LWg3dHNwQVVVSzZYcmJ6Ry1JY1FCMmhuSzhtdFBobXBfLTE3QQ==,2023-06-07 12:46:25.969242
youtube#commentThread,HcvQvkkBLjiaKJdGaUOtZ6nUX9o,Ugzr2jFU_Q6Ayl4oQbV4AaABAg,"{'videoId': 'XRYjrJJZAME', 'topLevelComment': {'kind': 'youtube#comment', 'etag': 'rrIVV8vCEC_G1UDvU0mxGfjcPt4', 'id': 'Ugzr2jFU_Q6Ayl4oQbV4AaABAg', 'snippet': {'videoId': 'XRYjrJJZAME', 'textDisplay': 'Lula presidente novamente parabéns nordestinos e mineiros nos salvou de novo votei Lula sempre fui Lula mais concordo com Lula dar o maior apoio a vocês nordestinos e mineiros 🚩🚩🚩❤🙏🏻🙏🏻', 'textOriginal': 'Lula presidente novamente parabéns nordestinos e mineiros nos salvou de novo votei Lula sempre fui Lula mais concordo com Lula dar o maior apoio a vocês nordestinos e mineiros 🚩🚩🚩❤🙏🏻🙏🏻', 'authorDisplayName': 'maura cassiano', 'authorProfileImageUrl': 'https://yt3.ggpht.com/ytc/AGIKgqMvp2zoJNz-UZS7DuaraokjQHb8ZQZ22x3yDA=s48-c-k-c0x00ffffff-no-rj', 'authorChannelUrl': 'http://www.youtube.com/channel/UC4VWYlk4xNRz1cUNNjkZe5g', 'authorChannelId': {'value': 'UC4VWYlk4xNRz1cUNNjkZe5g'}, 'canRate': True, 'viewerRating': 'none', 'likeCount': 2, 'publishedAt': '2022-11-01T00:18:54Z', 'updatedAt': '2022-11-01T00:18:54Z'}}, 'canReply': True, 'totalReplyCount': 0, 'isPublic': True}",,UC4VWYlk4xNRz1cUNNjkZe5g,2022-11-01T00:18:54Z,Lula presidente novamente parabéns nordestinos e mineiros nos salvou de novo votei Lula sempre fui Lula mais concordo com Lula dar o maior apoio a vocês nordestinos e mineiros 🚩🚩🚩❤🙏🏻🙏🏻,QURTSl9pMUlsUnN5R0Z3ejJWeHkza2RtZ3pvY2M5Wk43UFViMEZnaDU4LWg3dHNwQVVVSzZYcmJ6Ry1JY1FCMmhuSzhtdFBobXBfLTE3QQ==,2023-06-07 12:46:25.969242
youtube#commentThread,PwgbSREeMxybCvb_uwOKD2L7Gp4,UgwIyhvEe4YYWaMLrn54AaABAg,"{'videoId': 'XRYjrJJZAME', 'topLevelComment': {'kind': 'youtube#comment', 'etag': 'DoaArnaJGJd3TtSt87NKUTYSkbA', 'id': 'UgwIyhvEe4YYWaMLrn54AaABAg', 'snippet': {'videoId': 'XRYjrJJZAME', 'textDisplay': 'Tudo culpa do MALAFAIA do EDIR MACEDO, do SANTIAGO  enfim, fizeram Muitas orações prá DEUS enviar o homem certo prá governar o Brasil e felizmente DEUS  atendeu!!!  E elegeu LULA...Só que agora eles não querem aceitar!!!😂😂😂😂😂', 'textOriginal': 'Tudo culpa do MALAFAIA do EDIR MACEDO, do SANTIAGO  enfim, fizeram Muitas orações prá DEUS enviar o homem certo prá governar o Brasil e felizmente DEUS  atendeu!!!  E elegeu LULA...Só que agora eles não querem aceitar!!!😂😂😂😂😂', 'authorDisplayName': 'Benedito Pacheco', 'authorProfileImageUrl': 'https://yt3.ggpht.com/ytc/AGIKgqN7fKxCu05qNxwUjAt8oPTY553lKLrdmTfJvA=s48-c-k-c0x00ffffff-no-rj', 'authorChannelUrl': 'http://www.youtube.com/channel/UCJzTQ0n2gu7Km3ZJDDQXzAg', 'authorChannelId': {'value': 'UCJzTQ0n2gu7Km3ZJDDQXzAg'}, 'canRate': True, 'viewerRating': 'none', 'likeCount': 2, 'publishedAt': '2022-11-01T00:18:52Z', 'updatedAt': '2022-11-01T00:18:52Z'}}, 'canReply': True, 'totalReplyCount': 0, 'isPublic': True}",,UCJzTQ0n2gu7Km3ZJDDQXzAg,2022-11-01T00:18:52Z,"Tudo culpa do MALAFAIA do EDIR MACEDO, do SANTIAGO  enfim, fizeram Muitas orações prá DEUS enviar o homem certo prá governar o Brasil e felizmente DEUS  atendeu!!!  E elegeu LULA...Só que agora eles não querem aceitar!!!😂😂😂😂😂",QURTSl9pMUlsUnN5R0Z3ejJWeHkza2RtZ3pvY2M5Wk43UFViMEZnaDU4LWg3dHNwQVVVSzZYcmJ6Ry1JY1FCMmhuSzhtdFBobXBfLTE3QQ==,2023-06-07 12:46:25.969242
youtube#commentThread,niUkPhkKCOLmZN2xPRugWbfvUL8,Ugw2t15sqKUEqIU5ktt4AaABAg,"{'videoId': 'XRYjrJJZAME', 'topLevelComment': {'kind': 'youtube#comment', 'etag': 'tt4bl3nnu1jD57HZWnyyS6pM_Rw', 'id': 'Ugw2t15sqKUEqIU5ktt4AaABAg', 'snippet': {'videoId': 'XRYjrJJZAME', 'textDisplay': 'Eu tenho 63 anos nunca vi uma eleição suja como está um és presidiário quanto vc ganhou pra falar  tanto merda kkkkk', 'textOriginal': 'Eu tenho 63 anos nunca vi uma eleição suja como está um és presidiário quanto vc ganhou pra falar  tanto merda kkkkk', 'authorDisplayName': 'Helena Santos', 'authorProfileImageUrl': 'https://yt3.ggpht.com/ytc/AGIKgqPtbM61ozFPaBM6tDU2BQWQBcMmCF4eSrWiAeiVHqcHHlQiQBNwLOWT02RxY-IP=s48-c-k-c0x00ffffff-no-rj', 'authorChannelUrl': 'http://www.youtube.com/channel/UC_QKP5e4uLLsIVPRQRN_ZKw', 'authorChannelId': {'value': 'UC_QKP5e4uLLsIVPRQRN_ZKw'}, 'canRate': True, 'viewerRating': 'none', 'likeCount': 0, 'publishedAt': '2022-11-01T00:18:36Z', 'updatedAt': '2022-11-01T00:18:36Z'}}, 'canReply': True, 'totalReplyCount': 0, 'isPublic': True}",,UC_QKP5e4uLLsIVPRQRN_ZKw,2022-11-01T00:18:36Z,Eu tenho 63 anos nunca vi uma eleição suja como está um és presidiário quanto vc ganhou pra falar  tanto merda kkkkk,QURTSl9pMUlsUnN5R0Z3ejJWeHkza2RtZ3pvY2M5Wk43UFViMEZnaDU4LWg3dHNwQVVVSzZYcmJ6Ry1JY1FCMmhuSzhtdFBobXBfLTE3QQ==,2023-06-07 12:46:25.969242
youtube#commentThread,lz3DX7IwjyN6_ppiB0VSWlU9C18,UgwNmQu9kcuaYwuWcNt4AaABAg,"{'videoId': 'XRYjrJJZAME', 'topLevelComment': {'kind': 'youtube#comment', 'etag': 'bF9tmWB-DKGHU2scrBS5iTWXrM0', 'id': 'UgwNmQu9kcuaYwuWcNt4AaABAg', 'snippet': {'videoId': 'XRYjrJJZAME', 'textDisplay': 'Bolsonaro tem que pagar pelo sofrimento de 4 anos', 'textOriginal': 'Bolsonaro tem que pagar pelo sofrimento de 4 anos', 'authorDisplayName': 'Marli Rosa', 'authorProfileImageUrl': 'https://yt3.ggpht.com/ytc/AGIKgqOqGHQhMmOYWWpzznOKwqJxmC0M_jVVIazJRg=s48-c-k-c0x00ffffff-no-rj', 'authorChannelUrl': 'http://www.youtube.com/channel/UCvK39tRJGGk7t6lIVbREEnA', 'authorChannelId': {'value': 'UCvK39tRJGGk7t6lIVbREEnA'}, 'canRate': True, 'viewerRating': 'none', 'likeCount': 0, 'publishedAt': '2022-11-01T00:18:27Z', 'updatedAt': '2022-11-01T00:18:27Z'}}, 'canReply': True, 'totalReplyCount': 0, 'isPublic': True}",,UCvK39tRJGGk7t6lIVbREEnA,2022-11-01T00:18:27Z,Bolsonaro tem que pagar pelo sofrimento de 4 anos,QURTSl9pMUlsUnN5R0Z3ejJWeHkza2RtZ3pvY2M5Wk43UFViMEZnaDU4LWg3dHNwQVVVSzZYcmJ6Ry1JY1FCMmhuSzhtdFBobXBfLTE3QQ==,2023-06-07 12:46:25.969242
youtube#commentThread,laF_uCM7p1Dfp7b_6HgaOpktEME,UgzmqxXdhvK6zjK2UBR4AaABAg,"{'videoId': 'XRYjrJJZAME', 'topLevelComment': {'kind': 'youtube#comment', 'etag': 'NSYhtIYvIkWvw6nMw2Aki0io-Dg', 'id': 'UgzmqxXdhvK6zjK2UBR4AaABAg', 'snippet': {'videoId': 'XRYjrJJZAME', 'textDisplay': 'O B0I$0nar0 deixou um rastro de vermes no senado e a Direita não vai aceitar o nosso Lula Presidente.', 'textOriginal': 'O B0I$0nar0 deixou um rastro de vermes no senado e a Direita não vai aceitar o nosso Lula Presidente.', 'authorDisplayName': 'Isabel Cristina Zanini Mileski', 'authorProfileImageUrl': 'https://yt3.ggpht.com/VW4lcZ2uThKyqZRGryw4jnjX-X-qek0-fbtPFZybdUpJu6g_5vgKEXoLRSWigk8TV_0Zmg0P0w=s48-c-k-c0x00ffffff-no-rj', 'authorChannelUrl': 'http://www.youtube.com/channel/UC718r_WrGMSNY3uNbzNJeqw', 'authorChannelId': {'value': 'UC718r_WrGMSNY3uNbzNJeqw'}, 'canRate': True, 'viewerRating': 'none', 'likeCount': 0, 'publishedAt': '2022-11-01T00:18:26Z', 'updatedAt': '2022-11-01T00:18:26Z'}}, 'canReply': True, 'totalReplyCount': 0, 'isPublic': True}",,UC718r_WrGMSNY3uNbzNJeqw,2022-11-01T00:18:26Z,O B0I$0nar0 deixou um rastro de vermes no senado e a Direita não vai aceitar o nosso Lula Presidente.,QURTSl9pMUlsUnN5R0Z3ejJWeHkza2RtZ3pvY2M5Wk43UFViMEZnaDU4LWg3dHNwQVVVSzZYcmJ6Ry1JY1FCMmhuSzhtdFBobXBfLTE3QQ==,2023-06-07 12:46:25.969242
youtube#commentThread,qOYQzHxQgcX7OM-2ebFgq3ftfHM,UgzJmCsS1zb_DNCmuCd4AaABAg,"{'videoId': 'XRYjrJJZAME', 'topLevelComment': {'kind': 'youtube#comment', 'etag': '_0xHC4tG36YUlnG6jkfEPZD1SQ0', 'id': 'UgzJmCsS1zb_DNCmuCd4AaABAg', 'snippet': {'videoId': 'XRYjrJJZAME', 'textDisplay': 'Democracia brasileira voltando', 'textOriginal': 'Democracia brasileira voltando', 'authorDisplayName': 'Benedito Assiz', 'authorProfileImageUrl': 'https://yt3.ggpht.com/tx8p9f7-mS6MD3ZhDIJ00YBIYgIsVnEhjOxu0d_w5Y6vEwhP64ItE1dxIh5yrXX5Uk1hIY12Hg=s48-c-k-c0x00ffffff-no-rj', 'authorChannelUrl': 'http://www.youtube.com/channel/UCn5Ufdkn5MuV4raSP897WmQ', 'authorChannelId': {'value': 'UCn5Ufdkn5MuV4raSP897WmQ'}, 'canRate': True, 'viewerRating': 'none', 'likeCount': 2, 'publishedAt': '2022-11-01T00:18:24Z', 'updatedAt': '2022-11-01T00:18:24Z'}}, 'canReply': True, 'totalReplyCount': 0, 'isPublic': True}",,UCn5Ufdkn5MuV4raSP897WmQ,2022-11-01T00:18:24Z,Democracia brasileira voltando,QURTSl9pMUlsUnN5R0Z3ejJWeHkza2RtZ3pvY2M5Wk43UFViMEZnaDU4LWg3dHNwQVVVSzZYcmJ6Ry1JY1FCMmhuSzhtdFBobXBfLTE3QQ==,2023-06-07 12:46:25.969242
youtube#commentThread,ORNo8NZbvvhIgePaXKoJC9Q9HBU,Ugy59nIjxmYH5-C62Gh4AaABAg,"{'videoId': 'XRYjrJJZAME', 'topLevelComment': {'kind': 'youtube#comment', 'etag': 'sqUzlANtF6gu5-UgTYWY6l2atNw', 'id': 'Ugy59nIjxmYH5-C62Gh4AaABAg', 'snippet': {'videoId': 'XRYjrJJZAME', 'textDisplay': 'Isso é mi mi mi choradeira, desordem tinha q ser preso geral até o comando da PRF', 'textOriginal': 'Isso é mi mi mi choradeira, desordem tinha q ser preso geral até o comando da PRF', 'authorDisplayName': 'Leonardo Nunes', 'authorProfileImageUrl': 'https://yt3.ggpht.com/ytc/AGIKgqMBJBnBJuog9wwoi1dYaKspCKRXBDz-UcmGQQ=s48-c-k-c0x00ffffff-no-rj', 'authorChannelUrl': 'http://www.youtube.com/channel/UCaYB2WjlPacu_hMIHxuNMAQ', 'authorChannelId': {'value': 'UCaYB2WjlPacu_hMIHxuNMAQ'}, 'canRate': True, 'viewerRating': 'none', 'likeCount': 0, 'publishedAt': '2022-11-01T00:18:01Z', 'updatedAt': '2022-11-01T00:18:01Z'}}, 'canReply': True, 'totalReplyCount': 0, 'isPublic': True}",,UCaYB2WjlPacu_hMIHxuNMAQ,2022-11-01T00:18:01Z,"Isso é mi mi mi choradeira, desordem tinha q ser preso geral até o comando da PRF",QURTSl9pMUlsUnN5R0Z3ejJWeHkza2RtZ3pvY2M5Wk43UFViMEZnaDU4LWg3dHNwQVVVSzZYcmJ6Ry1JY1FCMmhuSzhtdFBobXBfLTE3QQ==,2023-06-07 12:46:25.969242
youtube#commentThread,h6BuB_NRB1sFBh4rrs1ePFGxYdI,UgyDbW5NmMZk1mAu-NF4AaABAg,"{'videoId': 'XRYjrJJZAME', 'topLevelComment': {'kind': 'youtube#comment', 'etag': 'ixeSRl243Xk1UcBoUlRtxePEtfs', 'id': 'UgyDbW5NmMZk1mAu-NF4AaABAg', 'snippet': {'videoId': 'XRYjrJJZAME', 'textDisplay': 'Eles querem realmente confusão porque  sabem que perderam a eleição  só estao fingindo de égua!', 'textOriginal': 'Eles querem realmente confusão porque  sabem que perderam a eleição  só estao fingindo de égua!', 'authorDisplayName': 'Ricardo Coutinho', 'authorProfileImageUrl': 'https://yt3.ggpht.com/ytc/AGIKgqPZeZgRSyk0Ln757mKt6QFnT4yRyJJd2DJgMlNZoA=s48-c-k-c0x00ffffff-no-rj', 'authorChannelUrl': 'http://www.youtube.com/channel/UCZ2tfPTAVMkOEcM7e_hCtfA', 'authorChannelId': {'value': 'UCZ2tfPTAVMkOEcM7e_hCtfA'}, 'canRate': True, 'viewerRating': 'none', 'likeCount': 10, 'publishedAt': '2022-11-01T00:17:54Z', 'updatedAt': '2022-11-01T00:17:54Z'}}, 'canReply': True, 'totalReplyCount': 0, 'isPublic': True}",,UCZ2tfPTAVMkOEcM7e_hCtfA,2022-11-01T00:17:54Z,Eles querem realmente confusão porque  sabem que perderam a eleição  só estao fingindo de égua!,QURTSl9pMUlsUnN5R0Z3ejJWeHkza2RtZ3pvY2M5Wk43UFViMEZnaDU4LWg3dHNwQVVVSzZYcmJ6Ry1JY1FCMmhuSzhtdFBobXBfLTE3QQ==,2023-06-07 12:46:25.969242
youtube#commentThread,zSiA4vbf3Kuz7IAG6WPBDDvaE8g,UgzNUjagDOt3TjxnUQF4AaABAg,"{'videoId': 'XRYjrJJZAME', 'topLevelComment': {'kind': 'youtube#comment', 'etag': 'bNix7-Rjx5E1QwJL5ZSY3AniF8A', 'id': 'UgzNUjagDOt3TjxnUQF4AaABAg', 'snippet': {'videoId': 'XRYjrJJZAME', 'textDisplay': 'Cadê a porra das forças armadas pra botar<br><br><br><br> ordem nestes caminhoneiros facistas do Bolsonaro', 'textOriginal': 'Cadê a porra das forças armadas pra botar\n\n\n\n ordem nestes caminhoneiros facistas do Bolsonaro', 'authorDisplayName': 'Cesar Ferreira', 'authorProfileImageUrl': 'https://yt3.ggpht.com/ytc/AGIKgqP9wPADCopfm2gT6o6-1GcCiv3K9dlAvbXwfg=s48-c-k-c0x00ffffff-no-rj', 'authorChannelUrl': 'http://www.youtube.com/channel/UC6KB-sEkmwbTFtNv0U8-GJA', 'authorChannelId': {'value': 'UC6KB-sEkmwbTFtNv0U8-GJA'}, 'canRate': True, 'viewerRating': 'none', 'likeCount': 0, 'publishedAt': '2022-11-01T00:17:50Z', 'updatedAt': '2022-11-01T00:17:50Z'}}, 'canReply': True, 'totalReplyCount': 0, 'isPublic': True}",,UC6KB-sEkmwbTFtNv0U8-GJA,2022-11-01T00:17:50Z,"Cadê a porra das forças armadas pra botar



 ordem nestes caminhoneiros facistas do Bolsonaro",QURTSl9pMUlsUnN5R0Z3ejJWeHkza2RtZ3pvY2M5Wk43UFViMEZnaDU4LWg3dHNwQVVVSzZYcmJ6Ry1JY1FCMmhuSzhtdFBobXBfLTE3QQ==,2023-06-07 12:46:25.969242
youtube#commentThread,ltlHglzPOaF2xfedNfe8rNBdEKU,UgymtzfCrNksB4brQoV4AaABAg,"{'videoId': 'XRYjrJJZAME', 'topLevelComment': {'kind': 'youtube#comment', 'etag': 'J7QhuKY-8AQrLe92kTrvT225p-c', 'id': 'UgymtzfCrNksB4brQoV4AaABAg', 'snippet': {'videoId': 'XRYjrJJZAME', 'textDisplay': 'Graças  a Deus estamos  livres do desgoverno,  irresponsável e incompetente', 'textOriginal': 'Graças  a Deus estamos  livres do desgoverno,  irresponsável e incompetente', 'authorDisplayName': 'Jose Augusto', 'authorProfileImageUrl': 'https://yt3.ggpht.com/ytc/AGIKgqPLwlP2i5OMUALr9Ly95i0nOS7K_yVe_f0PXA=s48-c-k-c0x00ffffff-no-rj', 'authorChannelUrl': 'http://www.youtube.com/channel/UCIEEwwGO-nRVGZcVy4S_Fhg', 'authorChannelId': {'value': 'UCIEEwwGO-nRVGZcVy4S_Fhg'}, 'canRate': True, 'viewerRating': 'none', 'likeCount': 0, 'publishedAt': '2022-11-01T00:17:49Z', 'updatedAt': '2022-11-01T00:17:49Z'}}, 'canReply': True, 'totalReplyCount': 0, 'isPublic': True}",,UCIEEwwGO-nRVGZcVy4S_Fhg,2022-11-01T00:17:49Z,"Graças  a Deus estamos  livres do desgoverno,  irresponsável e incompetente",QURTSl9pMUlsUnN5R0Z3ejJWeHkza2RtZ3pvY2M5Wk43UFViMEZnaDU4LWg3dHNwQVVVSzZYcmJ6Ry1JY1FCMmhuSzhtdFBobXBfLTE3QQ==,2023-06-07 12:46:25.969242
youtube#commentThread,GlSngt0roel4qGK-oHL2CItIj8M,UgzPNWsyfahYkYqZddN4AaABAg,"{'videoId': 'XRYjrJJZAME', 'topLevelComment': {'kind': 'youtube#comment', 'etag': '3LguWzEPb_q21Xt501Hp1P7ShjU', 'id': 'UgzPNWsyfahYkYqZddN4AaABAg', 'snippet': {'videoId': 'XRYjrJJZAME', 'textDisplay': 'Essa polícia rodoviária Federal. é cúmplice do Bolsonaro. quero ver se a justiça vai deixa esses empresários tomar conta do nosso país.São empresários e o agro e os troxa dos pobre bolsonarista que tá fazendo está verganha pra nosso Brasil', 'textOriginal': 'Essa polícia rodoviária Federal. é cúmplice do Bolsonaro. quero ver se a justiça vai deixa esses empresários tomar conta do nosso país.São empresários e o agro e os troxa dos pobre bolsonarista que tá fazendo está verganha pra nosso Brasil', 'authorDisplayName': 'Tonha Alves', 'authorProfileImageUrl': 'https://yt3.ggpht.com/ytc/AGIKgqPuhBsIhrpAhbfaSg5qTACD6mkO-XIV3weNjw=s48-c-k-c0x00ffffff-no-rj', 'authorChannelUrl': 'http://www.youtube.com/channel/UCZadBEPmo6FPr0k8hDJwUUg', 'authorChannelId': {'value': 'UCZadBEPmo6FPr0k8hDJwUUg'}, 'canRate': True, 'viewerRating': 'none', 'likeCount': 0, 'publishedAt': '2022-11-01T00:17:47Z', 'updatedAt': '2022-11-01T00:17:47Z'}}, 'canReply': True, 'totalReplyCount': 0, 'isPublic': True}",,UCZadBEPmo6FPr0k8hDJwUUg,2022-11-01T00:17:47Z,Essa polícia rodoviária Federal. é cúmplice do Bolsonaro. quero ver se a justiça vai deixa esses empresários tomar conta do nosso país.São empresários e o agro e os troxa dos pobre bolsonarista que tá fazendo está verganha pra nosso Brasil,QURTSl9pMUlsUnN5R0Z3ejJWeHkza2RtZ3pvY2M5Wk43UFViMEZnaDU4LWg3dHNwQVVVSzZYcmJ6Ry1JY1FCMmhuSzhtdFBobXBfLTE3QQ==,2023-06-07 12:46:25.969242
youtube#commentThread,GkLV0zU9qLp-3-eCrjSREKexHeg,UgwoK1pk1qeMVK5aGyh4AaABAg,"{'videoId': 'XRYjrJJZAME', 'topLevelComment': {'kind': 'youtube#comment', 'etag': '9d3sKznja0wGJCHWYGvLWlHkjCQ', 'id': 'UgwoK1pk1qeMVK5aGyh4AaABAg', 'snippet': {'videoId': 'XRYjrJJZAME', 'textDisplay': 'Essa loucura só vai parar quando alguém fizer uma caca ,quero ver se Bolsonaro vai la pra ajudar', 'textOriginal': 'Essa loucura só vai parar quando alguém fizer uma caca ,quero ver se Bolsonaro vai la pra ajudar', 'authorDisplayName': 'Elenice Maria', 'authorProfileImageUrl': 'https://yt3.ggpht.com/ytc/AGIKgqNE81FW-bHNJQQ7rY_QxwsAr8CegnrD2LCLFg=s48-c-k-c0x00ffffff-no-rj', 'authorChannelUrl': 'http://www.youtube.com/channel/UCL8EpCu5IGJWfoYmUQ2eqKg', 'authorChannelId': {'value': 'UCL8EpCu5IGJWfoYmUQ2eqKg'}, 'canRate': True, 'viewerRating': 'none', 'likeCount': 0, 'publishedAt': '2022-11-01T00:17:47Z', 'updatedAt': '2022-11-01T00:17:47Z'}}, 'canReply': True, 'totalReplyCount': 0, 'isPublic': True}",,UCL8EpCu5IGJWfoYmUQ2eqKg,2022-11-01T00:17:47Z,"Essa loucura só vai parar quando alguém fizer uma caca ,quero ver se Bolsonaro vai la pra ajudar",QURTSl9pMUlsUnN5R0Z3ejJWeHkza2RtZ3pvY2M5Wk43UFViMEZnaDU4LWg3dHNwQVVVSzZYcmJ6Ry1JY1FCMmhuSzhtdFBobXBfLTE3QQ==,2023-06-07 12:46:25.969242
youtube#commentThread,zMCFNxkXHpglleRiVdHDtvgjP38,UgwRKbrq6PEWFdGrfFF4AaABAg,"{'videoId': 'XRYjrJJZAME', 'topLevelComment': {'kind': 'youtube#comment', 'etag': '6wdMGCJ2Mq_xY5ZcdBjKGbuBZQs', 'id': 'UgwRKbrq6PEWFdGrfFF4AaABAg', 'snippet': {'videoId': 'XRYjrJJZAME', 'textDisplay': 'Isso ninguém tem dúvida.', 'textOriginal': 'Isso ninguém tem dúvida.', 'authorDisplayName': 'marlene rodrigues da silva', 'authorProfileImageUrl': 'https://yt3.ggpht.com/ytc/AGIKgqOoi2SQMbKxfvvWnzaQygxSjkj3m4moPZRuTExA=s48-c-k-c0x00ffffff-no-rj', 'authorChannelUrl': 'http://www.youtube.com/channel/UCSabLTRAhY3Pfelwu8SBHSg', 'authorChannelId': {'value': 'UCSabLTRAhY3Pfelwu8SBHSg'}, 'canRate': True, 'viewerRating': 'none', 'likeCount': 0, 'publishedAt': '2022-11-01T00:17:37Z', 'updatedAt': '2022-11-01T00:17:37Z'}}, 'canReply': True, 'totalReplyCount': 0, 'isPublic': True}",,UCSabLTRAhY3Pfelwu8SBHSg,2022-11-01T00:17:37Z,Isso ninguém tem dúvida.,QURTSl9pMUlsUnN5R0Z3ejJWeHkza2RtZ3pvY2M5Wk43UFViMEZnaDU4LWg3dHNwQVVVSzZYcmJ6Ry1JY1FCMmhuSzhtdFBobXBfLTE3QQ==,2023-06-07 12:46:25.969242
youtube#commentThread,ecuyhbNbq95GSmATYUPKNItz1Lo,UgzEaGL-Z5CjRFC3F5d4AaABAg,"{'videoId': 'XRYjrJJZAME', 'topLevelComment': {'kind': 'youtube#comment', 'etag': '4zx46VjxpSvTGaT8sgHbBDfPrS4', 'id': 'UgzEaGL-Z5CjRFC3F5d4AaABAg', 'snippet': {'videoId': 'XRYjrJJZAME', 'textDisplay': 'Tem um golpe de estado em curso vamos acordar agora ou não haverá tempo', 'textOriginal': 'Tem um golpe de estado em curso vamos acordar agora ou não haverá tempo', 'authorDisplayName': 'Magia Antiga', 'authorProfileImageUrl': 'https://yt3.ggpht.com/ytc/AGIKgqM9qplOaKJFDorlN05VMRY8AaYDafwMVx1kDnzx=s48-c-k-c0x00ffffff-no-rj', 'authorChannelUrl': 'http://www.youtube.com/channel/UCvkmlys_KwbRzc7NItK7UEg', 'authorChannelId': {'value': 'UCvkmlys_KwbRzc7NItK7UEg'}, 'canRate': True, 'viewerRating': 'none', 'likeCount': 0, 'publishedAt': '2022-11-01T00:17:36Z', 'updatedAt': '2022-11-01T00:17:36Z'}}, 'canReply': True, 'totalReplyCount': 0, 'isPublic': True}",,UCvkmlys_KwbRzc7NItK7UEg,2022-11-01T00:17:36Z,Tem um golpe de estado em curso vamos acordar agora ou não haverá tempo,QURTSl9pMUlsUnN5R0Z3ejJWeHkza2RtZ3pvY2M5Wk43UFViMEZnaDU4LWg3dHNwQVVVSzZYcmJ6Ry1JY1FCMmhuSzhtdFBobXBfLTE3QQ==,2023-06-07 12:46:25.969242
youtube#commentThread,bnT3a8HdSlENuP9LVh6OUiqBCzo,UgytL_JCOm3T3sOyi094AaABAg,"{'videoId': 'XRYjrJJZAME', 'topLevelComment': {'kind': 'youtube#comment', 'etag': 'cleh6wUQo5qLCxy7TsBlOy2C_y8', 'id': 'UgytL_JCOm3T3sOyi094AaABAg', 'snippet': {'videoId': 'XRYjrJJZAME', 'textDisplay': 'Cadê a porra das forças armadas pra botar ordem nestes caminhoneiros facistas do Bolsonaro', 'textOriginal': 'Cadê a porra das forças armadas pra botar ordem nestes caminhoneiros facistas do Bolsonaro', 'authorDisplayName': 'Cesar Ferreira', 'authorProfileImageUrl': 'https://yt3.ggpht.com/ytc/AGIKgqP9wPADCopfm2gT6o6-1GcCiv3K9dlAvbXwfg=s48-c-k-c0x00ffffff-no-rj', 'authorChannelUrl': 'http://www.youtube.com/channel/UC6KB-sEkmwbTFtNv0U8-GJA', 'authorChannelId': {'value': 'UC6KB-sEkmwbTFtNv0U8-GJA'}, 'canRate': True, 'viewerRating': 'none', 'likeCount': 0, 'publishedAt': '2022-11-01T00:17:35Z', 'updatedAt': '2022-11-01T00:17:35Z'}}, 'canReply': True, 'totalReplyCount': 0, 'isPublic': True}",,UC6KB-sEkmwbTFtNv0U8-GJA,2022-11-01T00:17:35Z,Cadê a porra das forças armadas pra botar ordem nestes caminhoneiros facistas do Bolsonaro,QURTSl9pMUlsUnN5R0Z3ejJWeHkza2RtZ3pvY2M5Wk43UFViMEZnaDU4LWg3dHNwQVVVSzZYcmJ6Ry1JY1FCMmhuSzhtdFBobXBfLTE3QQ==,2023-06-07 12:46:25.969242
youtube#commentThread,uJ3Y8H7usCyvkz_rjEtv1eqtjZw,Ugx5GOc6QVSkjDcwdAp4AaABAg,"{'videoId': 'XRYjrJJZAME', 'topLevelComment': {'kind': 'youtube#comment', 'etag': 'VQ_CPawTmmemfzkNzOkPe6RPDoQ', 'id': 'Ugx5GOc6QVSkjDcwdAp4AaABAg', 'snippet': {'videoId': 'XRYjrJJZAME', 'textDisplay': 'Cadê a porra das forças armadas pra botar ordem nestes caminhoneiros facistas do Bolsonaro', 'textOriginal': 'Cadê a porra das forças armadas pra botar ordem nestes caminhoneiros facistas do Bolsonaro', 'authorDisplayName': 'Cesar Ferreira', 'authorProfileImageUrl': 'https://yt3.ggpht.com/ytc/AGIKgqP9wPADCopfm2gT6o6-1GcCiv3K9dlAvbXwfg=s48-c-k-c0x00ffffff-no-rj', 'authorChannelUrl': 'http://www.youtube.com/channel/UC6KB-sEkmwbTFtNv0U8-GJA', 'authorChannelId': {'value': 'UC6KB-sEkmwbTFtNv0U8-GJA'}, 'canRate': True, 'viewerRating': 'none', 'likeCount': 0, 'publishedAt': '2022-11-01T00:17:34Z', 'updatedAt': '2022-11-01T00:17:34Z'}}, 'canReply': True, 'totalReplyCount': 0, 'isPublic': True}",,UC6KB-sEkmwbTFtNv0U8-GJA,2022-11-01T00:17:34Z,Cadê a porra das forças armadas pra botar ordem nestes caminhoneiros facistas do Bolsonaro,QURTSl9pMUlsUnN5R0Z3ejJWeHkza2RtZ3pvY2M5Wk43UFViMEZnaDU4LWg3dHNwQVVVSzZYcmJ6Ry1JY1FCMmhuSzhtdFBobXBfLTE3QQ==,2023-06-07 12:46:25.969242
youtube#commentThread,UI6llhkZ3uMbYfx0PrvOX-xqXkA,UgzO0Y_7kam6s1M4y7V4AaABAg,"{'videoId': 'XRYjrJJZAME', 'topLevelComment': {'kind': 'youtube#comment', 'etag': 'pll5oqzZ2kTAM28JwlaDQI-phko', 'id': 'UgzO0Y_7kam6s1M4y7V4AaABAg', 'snippet': {'videoId': 'XRYjrJJZAME', 'textDisplay': 'Cadê a porra das forças armadas pra botar ordem nestes caminhoneiros facistas do Bolsonaro', 'textOriginal': 'Cadê a porra das forças armadas pra botar ordem nestes caminhoneiros facistas do Bolsonaro', 'authorDisplayName': 'Cesar Ferreira', 'authorProfileImageUrl': 'https://yt3.ggpht.com/ytc/AGIKgqP9wPADCopfm2gT6o6-1GcCiv3K9dlAvbXwfg=s48-c-k-c0x00ffffff-no-rj', 'authorChannelUrl': 'http://www.youtube.com/channel/UC6KB-sEkmwbTFtNv0U8-GJA', 'authorChannelId': {'value': 'UC6KB-sEkmwbTFtNv0U8-GJA'}, 'canRate': True, 'viewerRating': 'none', 'likeCount': 0, 'publishedAt': '2022-11-01T00:17:34Z', 'updatedAt': '2022-11-01T00:17:34Z'}}, 'canReply': True, 'totalReplyCount': 0, 'isPublic': True}",,UC6KB-sEkmwbTFtNv0U8-GJA,2022-11-01T00:17:34Z,Cadê a porra das forças armadas pra botar ordem nestes caminhoneiros facistas do Bolsonaro,QURTSl9pMUlsUnN5R0Z3ejJWeHkza2RtZ3pvY2M5Wk43UFViMEZnaDU4LWg3dHNwQVVVSzZYcmJ6Ry1JY1FCMmhuSzhtdFBobXBfLTE3QQ==,2023-06-07 12:46:25.969242
youtube#commentThread,ptIRPhPC_POrvVfyJ6LWcnOHMSI,UgyehLFHvHKTvkpywJd4AaABAg,"{'videoId': 'XRYjrJJZAME', 'topLevelComment': {'kind': 'youtube#comment', 'etag': 'RHZxfdB2zQ2WAL93z6HCUCcklZM', 'id': 'UgyehLFHvHKTvkpywJd4AaABAg', 'snippet': {'videoId': 'XRYjrJJZAME', 'textDisplay': 'Cadê a porra das forças armadas pra botar ordem nestes caminhoneiros facistas do Bolsonaro', 'textOriginal': 'Cadê a porra das forças armadas pra botar ordem nestes caminhoneiros facistas do Bolsonaro', 'authorDisplayName': 'Cesar Ferreira', 'authorProfileImageUrl': 'https://yt3.ggpht.com/ytc/AGIKgqP9wPADCopfm2gT6o6-1GcCiv3K9dlAvbXwfg=s48-c-k-c0x00ffffff-no-rj', 'authorChannelUrl': 'http://www.youtube.com/channel/UC6KB-sEkmwbTFtNv0U8-GJA', 'authorChannelId': {'value': 'UC6KB-sEkmwbTFtNv0U8-GJA'}, 'canRate': True, 'viewerRating': 'none', 'likeCount': 0, 'publishedAt': '2022-11-01T00:17:34Z', 'updatedAt': '2022-11-01T00:17:34Z'}}, 'canReply': True, 'totalReplyCount': 0, 'isPublic': True}",,UC6KB-sEkmwbTFtNv0U8-GJA,2022-11-01T00:17:34Z,Cadê a porra das forças armadas pra botar ordem nestes caminhoneiros facistas do Bolsonaro,QURTSl9pMUlsUnN5R0Z3ejJWeHkza2RtZ3pvY2M5Wk43UFViMEZnaDU4LWg3dHNwQVVVSzZYcmJ6Ry1JY1FCMmhuSzhtdFBobXBfLTE3QQ==,2023-06-07 12:46:25.969242
youtube#commentThread,vXDIZG4YIwn303y117IKExutaxA,UgzMnOQjju6-QF3poOl4AaABAg,"{'videoId': 'XRYjrJJZAME', 'topLevelComment': {'kind': 'youtube#comment', 'etag': 'cEf_KU9RLkL-qPSJCK0jhCVkD_k', 'id': 'UgzMnOQjju6-QF3poOl4AaABAg', 'snippet': {'videoId': 'XRYjrJJZAME', 'textDisplay': 'Cadê a porra das forças armadas pra botar ordem nestes caminhoneiros facistas do Bolsonaro', 'textOriginal': 'Cadê a porra das forças armadas pra botar ordem nestes caminhoneiros facistas do Bolsonaro', 'authorDisplayName': 'Cesar Ferreira', 'authorProfileImageUrl': 'https://yt3.ggpht.com/ytc/AGIKgqP9wPADCopfm2gT6o6-1GcCiv3K9dlAvbXwfg=s48-c-k-c0x00ffffff-no-rj', 'authorChannelUrl': 'http://www.youtube.com/channel/UC6KB-sEkmwbTFtNv0U8-GJA', 'authorChannelId': {'value': 'UC6KB-sEkmwbTFtNv0U8-GJA'}, 'canRate': True, 'viewerRating': 'none', 'likeCount': 0, 'publishedAt': '2022-11-01T00:17:34Z', 'updatedAt': '2022-11-01T00:17:34Z'}}, 'canReply': True, 'totalReplyCount': 0, 'isPublic': True}",,UC6KB-sEkmwbTFtNv0U8-GJA,2022-11-01T00:17:34Z,Cadê a porra das forças armadas pra botar ordem nestes caminhoneiros facistas do Bolsonaro,QURTSl9pMUlsUnN5R0Z3ejJWeHkza2RtZ3pvY2M5Wk43UFViMEZnaDU4LWg3dHNwQVVVSzZYcmJ6Ry1JY1FCMmhuSzhtdFBobXBfLTE3QQ==,2023-06-07 12:46:25.969242
youtube#commentThread,Fwteb8zK4cTxqccTxxT68A9vjf8,UgxljMgwtnmSp5CKr5F4AaABAg,"{'videoId': 'XRYjrJJZAME', 'topLevelComment': {'kind': 'youtube#comment', 'etag': 'Zg5e9UpGwratz--O3I_Sljir9bE', 'id': 'UgxljMgwtnmSp5CKr5F4AaABAg', 'snippet': {'videoId': 'XRYjrJJZAME', 'textDisplay': 'Parabéns pimenta por essas palavras lindas muito obrigado 👍', 'textOriginal': 'Parabéns pimenta por essas palavras lindas muito obrigado 👍', 'authorDisplayName': 'Maria Aparecida Antunes Borges', 'authorProfileImageUrl': 'https://yt3.ggpht.com/ytc/AGIKgqOKv-v6vmrgX6VOkFK0ThuUlHeP91DYkUhoww=s48-c-k-c0x00ffffff-no-rj', 'authorChannelUrl': 'http://www.youtube.com/channel/UCBUegWlhEK1ZlfUr19S4zJw', 'authorChannelId': {'value': 'UCBUegWlhEK1ZlfUr19S4zJw'}, 'canRate': True, 'viewerRating': 'none', 'likeCount': 10, 'publishedAt': '2022-11-01T00:17:33Z', 'updatedAt': '2022-11-01T00:17:33Z'}}, 'canReply': True, 'totalReplyCount': 0, 'isPublic': True}",,UCBUegWlhEK1ZlfUr19S4zJw,2022-11-01T00:17:33Z,Parabéns pimenta por essas palavras lindas muito obrigado 👍,QURTSl9pMUlsUnN5R0Z3ejJWeHkza2RtZ3pvY2M5Wk43UFViMEZnaDU4LWg3dHNwQVVVSzZYcmJ6Ry1JY1FCMmhuSzhtdFBobXBfLTE3QQ==,2023-06-07 12:46:25.969242
youtube#commentThread,RKoFzyDQzzPu0hiLGe1x6hPjSmQ,UgyJkKR_jborXKLrPRJ4AaABAg,"{'videoId': 'XRYjrJJZAME', 'topLevelComment': {'kind': 'youtube#comment', 'etag': '_0NRJOoUTWXx3EabSB-x_ptS6dE', 'id': 'UgyJkKR_jborXKLrPRJ4AaABAg', 'snippet': {'videoId': 'XRYjrJJZAME', 'textDisplay': 'Sigilo de 100 anos  ,,, o povo eleitor do Lula quer esse presente , a quebra do sigilo....', 'textOriginal': 'Sigilo de 100 anos  ,,, o povo eleitor do Lula quer esse presente , a quebra do sigilo....', 'authorDisplayName': 'Luiz Antônio de Moura Moura', 'authorProfileImageUrl': 'https://yt3.ggpht.com/ytc/AGIKgqPNjvJ6yewHudEvsfKBTvSH_yTwUD_bKjFesVDqBgdAT19Jp_1JlaT-dGSId9o5=s48-c-k-c0x00ffffff-no-rj', 'authorChannelUrl': 'http://www.youtube.com/channel/UCq1_RtUrNMFZ_vE6og7yg2w', 'authorChannelId': {'value': 'UCq1_RtUrNMFZ_vE6og7yg2w'}, 'canRate': True, 'viewerRating': 'none', 'likeCount': 0, 'publishedAt': '2022-11-01T00:17:33Z', 'updatedAt': '2022-11-01T00:17:33Z'}}, 'canReply': True, 'totalReplyCount': 0, 'isPublic': True}",,UCq1_RtUrNMFZ_vE6og7yg2w,2022-11-01T00:17:33Z,"Sigilo de 100 anos  ,,, o povo eleitor do Lula quer esse presente , a quebra do sigilo....",QURTSl9pMUlsUnN5R0Z3ejJWeHkza2RtZ3pvY2M5Wk43UFViMEZnaDU4LWg3dHNwQVVVSzZYcmJ6Ry1JY1FCMmhuSzhtdFBobXBfLTE3QQ==,2023-06-07 12:46:25.969242
youtube#commentThread,-2lLKiNc1vBg91mzUfFmPQoIs4c,UgxKT_JwIn-o89LA2lB4AaABAg,"{'videoId': 'XRYjrJJZAME', 'topLevelComment': {'kind': 'youtube#comment', 'etag': 'uEa5gvgloFIvy7sFKv6XdXnyl90', 'id': 'UgxKT_JwIn-o89LA2lB4AaABAg', 'snippet': {'videoId': 'XRYjrJJZAME', 'textDisplay': 'SIIM ISSO SE ALIMENTA DA CONFUÇAO VEI DAS TREVAS SO PODE!!!!!!', 'textOriginal': 'SIIM ISSO SE ALIMENTA DA CONFUÇAO VEI DAS TREVAS SO PODE!!!!!!', 'authorDisplayName': 'Alicia Acevedo', 'authorProfileImageUrl': 'https://yt3.ggpht.com/ytc/AGIKgqPHymRpy7xZgNRm7cj9mh-GEKHVtCavR3d_MA=s48-c-k-c0x00ffffff-no-rj', 'authorChannelUrl': 'http://www.youtube.com/channel/UCbByuD8hCwKwRmDlNsdl1YQ', 'authorChannelId': {'value': 'UCbByuD8hCwKwRmDlNsdl1YQ'}, 'canRate': True, 'viewerRating': 'none', 'likeCount': 0, 'publishedAt': '2022-11-01T00:17:31Z', 'updatedAt': '2022-11-01T00:17:31Z'}}, 'canReply': True, 'totalReplyCount': 0, 'isPublic': True}",,UCbByuD8hCwKwRmDlNsdl1YQ,2022-11-01T00:17:31Z,SIIM ISSO SE ALIMENTA DA CONFUÇAO VEI DAS TREVAS SO PODE!!!!!!,QURTSl9pM0RRQU9RamlfQUVIaDMwdmZGYjV0WDdCeHkxVHpnM3JndDVRaEd2b2c0NnNDRUYxVVhjNGFhVGZyQWNMVmFQcG1uOGw3M1Q1WQ==,2023-06-07 12:46:27.657549
youtube#commentThread,olPAvYH-j9PJIyYUNhlYqqYcVZg,UgxYtPN8SgKqceTP9i14AaABAg,"{'videoId': 'XRYjrJJZAME', 'topLevelComment': {'kind': 'youtube#comment', 'etag': 'IDrk_5oB86hQVeZRZTpC-STwr2c', 'id': 'UgxYtPN8SgKqceTP9i14AaABAg', 'snippet': {'videoId': 'XRYjrJJZAME', 'textDisplay': 'Não sabem perder ? Vão para o Afeganistão.', 'textOriginal': 'Não sabem perder ? Vão para o Afeganistão.', 'authorDisplayName': 'Marlon Morones', 'authorProfileImageUrl': 'https://yt3.ggpht.com/IuztckHZRQ790CMt-dPxyxaufYpSgWT9BpZBIIZHKeqa5bQHChnBc3Ea0nGV8ujpWbav2Rgq4r4=s48-c-k-c0x00ffffff-no-rj', 'authorChannelUrl': 'http://www.youtube.com/channel/UCnilr75GLslenBJap9YaFnQ', 'authorChannelId': {'value': 'UCnilr75GLslenBJap9YaFnQ'}, 'canRate': True, 'viewerRating': 'none', 'likeCount': 1, 'publishedAt': '2022-11-01T00:17:30Z', 'updatedAt': '2022-11-01T00:17:30Z'}}, 'canReply': True, 'totalReplyCount': 0, 'isPublic': True}",,UCnilr75GLslenBJap9YaFnQ,2022-11-01T00:17:30Z,Não sabem perder ? Vão para o Afeganistão.,QURTSl9pM0RRQU9RamlfQUVIaDMwdmZGYjV0WDdCeHkxVHpnM3JndDVRaEd2b2c0NnNDRUYxVVhjNGFhVGZyQWNMVmFQcG1uOGw3M1Q1WQ==,2023-06-07 12:46:27.657549
youtube#commentThread,UegRoKeCSssWLE9TlBwXWYrZuzQ,UgzE2xqsBZM1utjgc_V4AaABAg,"{'videoId': 'XRYjrJJZAME', 'topLevelComment': {'kind': 'youtube#comment', 'etag': 'Mz-vB1jyngifNMIagm9QuozYeb0', 'id': 'UgzE2xqsBZM1utjgc_V4AaABAg', 'snippet': {'videoId': 'XRYjrJJZAME', 'textDisplay': 'Denunciei o canal QRA lindão espalhando notas falsas sobre apuração dos votos na urna eletrônica', 'textOriginal': 'Denunciei o canal QRA lindão espalhando notas falsas sobre apuração dos votos na urna eletrônica', 'authorDisplayName': 'Daniel Pereira dos santos', 'authorProfileImageUrl': 'https://yt3.ggpht.com/ytc/AGIKgqNk2UZUDdnM2gl4zfK1oEwmbJCyjrSNakhROJK7=s48-c-k-c0x00ffffff-no-rj', 'authorChannelUrl': 'http://www.youtube.com/channel/UCS2lF3WeYp9Wc7g1G66b6GA', 'authorChannelId': {'value': 'UCS2lF3WeYp9Wc7g1G66b6GA'}, 'canRate': True, 'viewerRating': 'none', 'likeCount': 0, 'publishedAt': '2022-11-01T00:17:27Z', 'updatedAt': '2022-11-01T00:17:27Z'}}, 'canReply': True, 'totalReplyCount': 0, 'isPublic': True}",,UCS2lF3WeYp9Wc7g1G66b6GA,2022-11-01T00:17:27Z,Denunciei o canal QRA lindão espalhando notas falsas sobre apuração dos votos na urna eletrônica,QURTSl9pM0RRQU9RamlfQUVIaDMwdmZGYjV0WDdCeHkxVHpnM3JndDVRaEd2b2c0NnNDRUYxVVhjNGFhVGZyQWNMVmFQcG1uOGw3M1Q1WQ==,2023-06-07 12:46:27.657549
youtube#commentThread,U66bH9F8c7bhm5rFVol2aHEGyTg,UgzPJZUHHYX0o2Ui-ol4AaABAg,"{'videoId': 'XRYjrJJZAME', 'topLevelComment': {'kind': 'youtube#comment', 'etag': 'e-3hZ3g8Hhbyw47HUyGmedyGZRo', 'id': 'UgzPJZUHHYX0o2Ui-ol4AaABAg', 'snippet': {'videoId': 'XRYjrJJZAME', 'textDisplay': 'VERDADE MESMO,O BRASIL TEM QUE VOLTAR A SER COMO ANTES,ONDE FORAM PARAR NOSSOS IRMÃOS QUE SEMPRE LUTAMOS POR UM BRASIL MELHOR E UM PELO OUTRO, ONDE FOI PARAR O AMOR AO PRÓXIMO 🙏', 'textOriginal': 'VERDADE MESMO,O BRASIL TEM QUE VOLTAR A SER COMO ANTES,ONDE FORAM PARAR NOSSOS IRMÃOS QUE SEMPRE LUTAMOS POR UM BRASIL MELHOR E UM PELO OUTRO, ONDE FOI PARAR O AMOR AO PRÓXIMO 🙏', 'authorDisplayName': 'Adelaide', 'authorProfileImageUrl': 'https://yt3.ggpht.com/ytc/AGIKgqPUYWbnR5Ql7ZxPfJLtlSdwMs1RDagyc_AXAeXM5MIu2l86Iczy3MYWPKEaH3Iw=s48-c-k-c0x00ffffff-no-rj', 'authorChannelUrl': 'http://www.youtube.com/channel/UCmnOCPuPbnL7B5pUCYjRD3w', 'authorChannelId': {'value': 'UCmnOCPuPbnL7B5pUCYjRD3w'}, 'canRate': True, 'viewerRating': 'none', 'likeCount': 57, 'publishedAt': '2022-11-01T00:17:11Z', 'updatedAt': '2022-11-01T00:17:11Z'}}, 'canReply': True, 'totalReplyCount': 0, 'isPublic': True}",,UCmnOCPuPbnL7B5pUCYjRD3w,2022-11-01T00:17:11Z,"VERDADE MESMO,O BRASIL TEM QUE VOLTAR A SER COMO ANTES,ONDE FORAM PARAR NOSSOS IRMÃOS QUE SEMPRE LUTAMOS POR UM BRASIL MELHOR E UM PELO OUTRO, ONDE FOI PARAR O AMOR AO PRÓXIMO 🙏",QURTSl9pM0RRQU9RamlfQUVIaDMwdmZGYjV0WDdCeHkxVHpnM3JndDVRaEd2b2c0NnNDRUYxVVhjNGFhVGZyQWNMVmFQcG1uOGw3M1Q1WQ==,2023-06-07 12:46:27.657549
youtube#commentThread,9JNhfzHRyDTAxEVm3G-Vy73Jrt0,UgzVszH4kB93zcq4POl4AaABAg,"{'videoId': 'XRYjrJJZAME', 'topLevelComment': {'kind': 'youtube#comment', 'etag': '7M8G0QY1OdAxT4lgTZF9UgDQLcE', 'id': 'UgzVszH4kB93zcq4POl4AaABAg', 'snippet': {'videoId': 'XRYjrJJZAME', 'textDisplay': 'GOSTA DELE TANTO ASSIM? FAZ UM L ! E VAI VER SE TÔ NA ESQUINA PALHAÇO 🤡', 'textOriginal': 'GOSTA DELE TANTO ASSIM? FAZ UM L ! E VAI VER SE TÔ NA ESQUINA PALHAÇO 🤡', 'authorDisplayName': 'Ivailda Rodrigues', 'authorProfileImageUrl': 'https://yt3.ggpht.com/ytc/AGIKgqOcK3rCk69dgxoemnfw6XcDMDC4OnPji2depw=s48-c-k-c0x00ffffff-no-rj', 'authorChannelUrl': 'http://www.youtube.com/channel/UCoTXutxdJmkXihiJxZtRQdw', 'authorChannelId': {'value': 'UCoTXutxdJmkXihiJxZtRQdw'}, 'canRate': True, 'viewerRating': 'none', 'likeCount': 0, 'publishedAt': '2022-11-01T00:17:07Z', 'updatedAt': '2022-11-01T00:17:07Z'}}, 'canReply': True, 'totalReplyCount': 0, 'isPublic': True}",,UCoTXutxdJmkXihiJxZtRQdw,2022-11-01T00:17:07Z,GOSTA DELE TANTO ASSIM? FAZ UM L ! E VAI VER SE TÔ NA ESQUINA PALHAÇO 🤡,QURTSl9pM0RRQU9RamlfQUVIaDMwdmZGYjV0WDdCeHkxVHpnM3JndDVRaEd2b2c0NnNDRUYxVVhjNGFhVGZyQWNMVmFQcG1uOGw3M1Q1WQ==,2023-06-07 12:46:27.657549
youtube#commentThread,myYBEvxH1-4KjJkoWj_cb7Gm43s,UgxM3wKtBugU16Z4UA14AaABAg,"{'videoId': 'XRYjrJJZAME', 'topLevelComment': {'kind': 'youtube#comment', 'etag': 'BVgJKzLKuvSJVmpo4wd5hCOwhjQ', 'id': 'UgxM3wKtBugU16Z4UA14AaABAg', 'snippet': {'videoId': 'XRYjrJJZAME', 'textDisplay': 'Paulo pimenta 🌶️ grande amigo ♥️♥️🏆🏆🏆🇧🇷🇧🇷', 'textOriginal': 'Paulo pimenta 🌶️ grande amigo ♥️♥️🏆🏆🏆🇧🇷🇧🇷', 'authorDisplayName': 'Carlos Alberto Pacheco', 'authorProfileImageUrl': 'https://yt3.ggpht.com/ytc/AGIKgqNuQiG7P-xzCfoBtj47-2k6D8YJn3d2HeiJZjhfmrNwbFPfNx0_z3H7xEij25DB=s48-c-k-c0x00ffffff-no-rj', 'authorChannelUrl': 'http://www.youtube.com/channel/UCwMBweHP1ZWel4IsprSSvVQ', 'authorChannelId': {'value': 'UCwMBweHP1ZWel4IsprSSvVQ'}, 'canRate': True, 'viewerRating': 'none', 'likeCount': 7, 'publishedAt': '2022-11-01T00:17:01Z', 'updatedAt': '2022-11-01T00:17:01Z'}}, 'canReply': True, 'totalReplyCount': 0, 'isPublic': True}",,UCwMBweHP1ZWel4IsprSSvVQ,2022-11-01T00:17:01Z,Paulo pimenta 🌶️ grande amigo ♥️♥️🏆🏆🏆🇧🇷🇧🇷,QURTSl9pM0RRQU9RamlfQUVIaDMwdmZGYjV0WDdCeHkxVHpnM3JndDVRaEd2b2c0NnNDRUYxVVhjNGFhVGZyQWNMVmFQcG1uOGw3M1Q1WQ==,2023-06-07 12:46:27.657549
youtube#commentThread,rumK9tbEQRU_2mSAwd7RkJOPN0k,UgyO8lWVFlmHhXN0Q4p4AaABAg,"{'videoId': 'XRYjrJJZAME', 'topLevelComment': {'kind': 'youtube#comment', 'etag': '_KFhSuxGrvWqFRQrgNlqTHGsf6E', 'id': 'UgyO8lWVFlmHhXN0Q4p4AaABAg', 'snippet': {'videoId': 'XRYjrJJZAME', 'textDisplay': 'são mandados pelos patrões, pelos Agropecuaristas e grandes indústrias. Acho que não são os caminhoneiros autônomos', 'textOriginal': 'são mandados pelos patrões, pelos Agropecuaristas e grandes indústrias. Acho que não são os caminhoneiros autônomos', 'authorDisplayName': 'Isabel Cristina Zanini Mileski', 'authorProfileImageUrl': 'https://yt3.ggpht.com/VW4lcZ2uThKyqZRGryw4jnjX-X-qek0-fbtPFZybdUpJu6g_5vgKEXoLRSWigk8TV_0Zmg0P0w=s48-c-k-c0x00ffffff-no-rj', 'authorChannelUrl': 'http://www.youtube.com/channel/UC718r_WrGMSNY3uNbzNJeqw', 'authorChannelId': {'value': 'UC718r_WrGMSNY3uNbzNJeqw'}, 'canRate': True, 'viewerRating': 'none', 'likeCount': 9, 'publishedAt': '2022-11-01T00:16:34Z', 'updatedAt': '2022-11-01T00:16:34Z'}}, 'canReply': True, 'totalReplyCount': 0, 'isPublic': True}",,UC718r_WrGMSNY3uNbzNJeqw,2022-11-01T00:16:34Z,"são mandados pelos patrões, pelos Agropecuaristas e grandes indústrias. Acho que não são os caminhoneiros autônomos",QURTSl9pM0RRQU9RamlfQUVIaDMwdmZGYjV0WDdCeHkxVHpnM3JndDVRaEd2b2c0NnNDRUYxVVhjNGFhVGZyQWNMVmFQcG1uOGw3M1Q1WQ==,2023-06-07 12:46:27.657549
youtube#commentThread,gbL1dZj3IsDOEIGiyiouGR0L3TY,Ugwo9ifa8y52F3VbSxx4AaABAg,"{'videoId': 'XRYjrJJZAME', 'topLevelComment': {'kind': 'youtube#comment', 'etag': 'ylSuL0zDZLGIhPBTX-OIOuvXLIY', 'id': 'Ugwo9ifa8y52F3VbSxx4AaABAg', 'snippet': {'videoId': 'XRYjrJJZAME', 'textDisplay': 'Cadê a polícia federal?', 'textOriginal': 'Cadê a polícia federal?', 'authorDisplayName': 'Marli Rosa', 'authorProfileImageUrl': 'https://yt3.ggpht.com/ytc/AGIKgqOqGHQhMmOYWWpzznOKwqJxmC0M_jVVIazJRg=s48-c-k-c0x00ffffff-no-rj', 'authorChannelUrl': 'http://www.youtube.com/channel/UCvK39tRJGGk7t6lIVbREEnA', 'authorChannelId': {'value': 'UCvK39tRJGGk7t6lIVbREEnA'}, 'canRate': True, 'viewerRating': 'none', 'likeCount': 1, 'publishedAt': '2022-11-01T00:16:30Z', 'updatedAt': '2022-11-01T00:16:30Z'}}, 'canReply': True, 'totalReplyCount': 0, 'isPublic': True}",,UCvK39tRJGGk7t6lIVbREEnA,2022-11-01T00:16:30Z,Cadê a polícia federal?,QURTSl9pM0RRQU9RamlfQUVIaDMwdmZGYjV0WDdCeHkxVHpnM3JndDVRaEd2b2c0NnNDRUYxVVhjNGFhVGZyQWNMVmFQcG1uOGw3M1Q1WQ==,2023-06-07 12:46:27.657549
youtube#commentThread,hbuVvFGGZLQV46rAzNackJ0q46k,Ugz9E7WrS7_haRl2Zbl4AaABAg,"{'videoId': 'XRYjrJJZAME', 'topLevelComment': {'kind': 'youtube#comment', 'etag': 'P7QERWKE99XS9tCrtiVJ2vZQDfo', 'id': 'Ugz9E7WrS7_haRl2Zbl4AaABAg', 'snippet': {'videoId': 'XRYjrJJZAME', 'textDisplay': 'Sem dúvida, estaríamos apanhando até por dentro dos olhos! Mas eles, não! Descumprem a Lei e a polícia passa o pano. A que ponto chegamos! Mas a vitória de Lula é INCONTETÁVEL!...', 'textOriginal': 'Sem dúvida, estaríamos apanhando até por dentro dos olhos! Mas eles, não! Descumprem a Lei e a polícia passa o pano. A que ponto chegamos! Mas a vitória de Lula é INCONTETÁVEL!...', 'authorDisplayName': 'Ben-Hur Buchaim', 'authorProfileImageUrl': 'https://yt3.ggpht.com/ytc/AGIKgqOuf7cD2Kygcqp3-LmJS3MiJBteXBRPh1Abqg=s48-c-k-c0x00ffffff-no-rj', 'authorChannelUrl': 'http://www.youtube.com/channel/UCJh6Xwfw6U8LxknBdnNWVUQ', 'authorChannelId': {'value': 'UCJh6Xwfw6U8LxknBdnNWVUQ'}, 'canRate': True, 'viewerRating': 'none', 'likeCount': 3, 'publishedAt': '2022-11-01T00:16:25Z', 'updatedAt': '2022-11-01T00:16:25Z'}}, 'canReply': True, 'totalReplyCount': 0, 'isPublic': True}",,UCJh6Xwfw6U8LxknBdnNWVUQ,2022-11-01T00:16:25Z,"Sem dúvida, estaríamos apanhando até por dentro dos olhos! Mas eles, não! Descumprem a Lei e a polícia passa o pano. A que ponto chegamos! Mas a vitória de Lula é INCONTETÁVEL!...",QURTSl9pM0RRQU9RamlfQUVIaDMwdmZGYjV0WDdCeHkxVHpnM3JndDVRaEd2b2c0NnNDRUYxVVhjNGFhVGZyQWNMVmFQcG1uOGw3M1Q1WQ==,2023-06-07 12:46:27.657549
youtube#commentThread,Haj5plWsLFCgXTCrLN5uixixqlk,Ugz7H-pbcrT2ky2oFmJ4AaABAg,"{'videoId': 'XRYjrJJZAME', 'topLevelComment': {'kind': 'youtube#comment', 'etag': 'UZlDNDdwMG4byUBanUVLouHrNvQ', 'id': 'Ugz7H-pbcrT2ky2oFmJ4AaABAg', 'snippet': {'videoId': 'XRYjrJJZAME', 'textDisplay': 'Boa noite paulo .eu nunca vi  durante toda a minha vida vi um ente tão criminoso desordeiro sem qualidade sem personalidade sem competência  como esse maldito por nome de Bolsonaro.  e o quê é mais assustador é ver tanta gente apoiando um pilantra desse . No meu ponto de vista o código penal brasileiro deveria ser mais rigoroso ser mais duro contra esse tipo de atitudes ante constitucionais. Isso fere a democracia á constituição á alma das pessoas de bem isso é uma vergonha. ordem e progresso precisa funcionar salve salve Brasil.', 'textOriginal': 'Boa noite paulo .eu nunca vi  durante toda a minha vida vi um ente tão criminoso desordeiro sem qualidade sem personalidade sem competência  como esse maldito por nome de Bolsonaro.  e o quê é mais assustador é ver tanta gente apoiando um pilantra desse . No meu ponto de vista o código penal brasileiro deveria ser mais rigoroso ser mais duro contra esse tipo de atitudes ante constitucionais. Isso fere a democracia á constituição á alma das pessoas de bem isso é uma vergonha. ordem e progresso precisa funcionar salve salve Brasil.', 'authorDisplayName': 'Jose Eduardo', 'authorProfileImageUrl': 'https://yt3.ggpht.com/ytc/AGIKgqPgGrqMyxUVCPNQjYlIrzCW_uH29mtEQWxZ3Ljq-afaWZ1UrrVE_O_cCjBxxqeI=s48-c-k-c0x00ffffff-no-rj', 'authorChannelUrl': 'http://www.youtube.com/channel/UCNB-chh9E_N9lUwzM5l1oLQ', 'authorChannelId': {'value': 'UCNB-chh9E_N9lUwzM5l1oLQ'}, 'canRate': True, 'viewerRating': 'none', 'likeCount': 0, 'publishedAt': '2022-11-01T00:16:09Z', 'updatedAt': '2022-11-01T00:16:09Z'}}, 'canReply': True, 'totalReplyCount': 0, 'isPublic': True}",,UCNB-chh9E_N9lUwzM5l1oLQ,2022-11-01T00:16:09Z,Boa noite paulo .eu nunca vi  durante toda a minha vida vi um ente tão criminoso desordeiro sem qualidade sem personalidade sem competência  como esse maldito por nome de Bolsonaro.  e o quê é mais assustador é ver tanta gente apoiando um pilantra desse . No meu ponto de vista o código penal brasileiro deveria ser mais rigoroso ser mais duro contra esse tipo de atitudes ante constitucionais. Isso fere a democracia á constituição á alma das pessoas de bem isso é uma vergonha. ordem e progresso precisa funcionar salve salve Brasil.,QURTSl9pM0RRQU9RamlfQUVIaDMwdmZGYjV0WDdCeHkxVHpnM3JndDVRaEd2b2c0NnNDRUYxVVhjNGFhVGZyQWNMVmFQcG1uOGw3M1Q1WQ==,2023-06-07 12:46:27.657549
youtube#commentThread,CTsjg3Dp2915pEmNS3_fc0pPHpY,Ugw_3LB41GAp2xi97fp4AaABAg,"{'videoId': 'XRYjrJJZAME', 'topLevelComment': {'kind': 'youtube#comment', 'etag': 'kWt0z1LL_CjuA3hV_xJeeg9nee0', 'id': 'Ugw_3LB41GAp2xi97fp4AaABAg', 'snippet': {'videoId': 'XRYjrJJZAME', 'textDisplay': 'Pedimos ajuda! As pessoas estão paradas de carro, de ônibus sem ter o que fazer', 'textOriginal': 'Pedimos ajuda! As pessoas estão paradas de carro, de ônibus sem ter o que fazer', 'authorDisplayName': 'Marli Rosa', 'authorProfileImageUrl': 'https://yt3.ggpht.com/ytc/AGIKgqOqGHQhMmOYWWpzznOKwqJxmC0M_jVVIazJRg=s48-c-k-c0x00ffffff-no-rj', 'authorChannelUrl': 'http://www.youtube.com/channel/UCvK39tRJGGk7t6lIVbREEnA', 'authorChannelId': {'value': 'UCvK39tRJGGk7t6lIVbREEnA'}, 'canRate': True, 'viewerRating': 'none', 'likeCount': 11, 'publishedAt': '2022-11-01T00:16:03Z', 'updatedAt': '2022-11-01T00:16:03Z'}}, 'canReply': True, 'totalReplyCount': 0, 'isPublic': True}",,UCvK39tRJGGk7t6lIVbREEnA,2022-11-01T00:16:03Z,"Pedimos ajuda! As pessoas estão paradas de carro, de ônibus sem ter o que fazer",QURTSl9pM0RRQU9RamlfQUVIaDMwdmZGYjV0WDdCeHkxVHpnM3JndDVRaEd2b2c0NnNDRUYxVVhjNGFhVGZyQWNMVmFQcG1uOGw3M1Q1WQ==,2023-06-07 12:46:27.657549
youtube#commentThread,f3viT3NdBdwcJJeL1_s4y34eEZA,Ugz4FJgweX6qIPjnKWx4AaABAg,"{'videoId': 'XRYjrJJZAME', 'topLevelComment': {'kind': 'youtube#comment', 'etag': 'A83nM9BIutl9l9UXMGTr2QAzWd0', 'id': 'Ugz4FJgweX6qIPjnKWx4AaABAg', 'snippet': {'videoId': 'XRYjrJJZAME', 'textDisplay': 'Se fosse nois estaríamos presos e não nas ruas ...', 'textOriginal': 'Se fosse nois estaríamos presos e não nas ruas ...', 'authorDisplayName': 'Cleidimar Oliveira', 'authorProfileImageUrl': 'https://yt3.ggpht.com/ytc/AGIKgqOwJqatEtzaeDEMvCOArZvgAa5hpnyPLAXxjQ=s48-c-k-c0x00ffffff-no-rj', 'authorChannelUrl': 'http://www.youtube.com/channel/UCcxHDLqHxCx8nMRpXP3ihJw', 'authorChannelId': {'value': 'UCcxHDLqHxCx8nMRpXP3ihJw'}, 'canRate': True, 'viewerRating': 'none', 'likeCount': 1, 'publishedAt': '2022-11-01T00:16:00Z', 'updatedAt': '2022-11-01T00:16:00Z'}}, 'canReply': True, 'totalReplyCount': 0, 'isPublic': True}",,UCcxHDLqHxCx8nMRpXP3ihJw,2022-11-01T00:16:00Z,Se fosse nois estaríamos presos e não nas ruas ...,QURTSl9pM0RRQU9RamlfQUVIaDMwdmZGYjV0WDdCeHkxVHpnM3JndDVRaEd2b2c0NnNDRUYxVVhjNGFhVGZyQWNMVmFQcG1uOGw3M1Q1WQ==,2023-06-07 12:46:27.657549
youtube#commentThread,5d_FWUZOq_TIwItCmKB8rgiVba8,UgxtEL7X7t-dKjR8I6d4AaABAg,"{'videoId': 'XRYjrJJZAME', 'topLevelComment': {'kind': 'youtube#comment', 'etag': '6g0ldXE8lYU63mRBGPGx0d3JbuM', 'id': 'UgxtEL7X7t-dKjR8I6d4AaABAg', 'snippet': {'videoId': 'XRYjrJJZAME', 'textDisplay': 'Esse severgonha nunca prestou esse bozo', 'textOriginal': 'Esse severgonha nunca prestou esse bozo', 'authorDisplayName': 'maura cassiano', 'authorProfileImageUrl': 'https://yt3.ggpht.com/ytc/AGIKgqMvp2zoJNz-UZS7DuaraokjQHb8ZQZ22x3yDA=s48-c-k-c0x00ffffff-no-rj', 'authorChannelUrl': 'http://www.youtube.com/channel/UC4VWYlk4xNRz1cUNNjkZe5g', 'authorChannelId': {'value': 'UC4VWYlk4xNRz1cUNNjkZe5g'}, 'canRate': True, 'viewerRating': 'none', 'likeCount': 1, 'publishedAt': '2022-11-01T00:15:49Z', 'updatedAt': '2022-11-01T00:15:49Z'}}, 'canReply': True, 'totalReplyCount': 0, 'isPublic': True}",,UC4VWYlk4xNRz1cUNNjkZe5g,2022-11-01T00:15:49Z,Esse severgonha nunca prestou esse bozo,QURTSl9pM0RRQU9RamlfQUVIaDMwdmZGYjV0WDdCeHkxVHpnM3JndDVRaEd2b2c0NnNDRUYxVVhjNGFhVGZyQWNMVmFQcG1uOGw3M1Q1WQ==,2023-06-07 12:46:27.657549
youtube#commentThread,ICHWjOFblUfpEQLnelWngkxdtXg,UgxM1zBSSgH9apyZgnV4AaABAg,"{'videoId': 'XRYjrJJZAME', 'topLevelComment': {'kind': 'youtube#comment', 'etag': '0214YgMPuZ_nhEEMZSNIFrnABYM', 'id': 'UgxM1zBSSgH9apyZgnV4AaABAg', 'snippet': {'videoId': 'XRYjrJJZAME', 'textDisplay': 'A eleição foi limpa mais a ignorância direita não quer entender.', 'textOriginal': 'A eleição foi limpa mais a ignorância direita não quer entender.', 'authorDisplayName': 'Brilho do Sol', 'authorProfileImageUrl': 'https://yt3.ggpht.com/ytc/AGIKgqMdM7e4WoHFKwT1D-rVoU3y7mmwW110NPwKXw=s48-c-k-c0x00ffffff-no-rj', 'authorChannelUrl': 'http://www.youtube.com/channel/UCJc7xH3slW9ijHJNyCHfl7w', 'authorChannelId': {'value': 'UCJc7xH3slW9ijHJNyCHfl7w'}, 'canRate': True, 'viewerRating': 'none', 'likeCount': 2, 'publishedAt': '2022-11-01T00:15:49Z', 'updatedAt': '2022-11-01T00:15:49Z'}}, 'canReply': True, 'totalReplyCount': 0, 'isPublic': True}",,UCJc7xH3slW9ijHJNyCHfl7w,2022-11-01T00:15:49Z,A eleição foi limpa mais a ignorância direita não quer entender.,QURTSl9pM0RRQU9RamlfQUVIaDMwdmZGYjV0WDdCeHkxVHpnM3JndDVRaEd2b2c0NnNDRUYxVVhjNGFhVGZyQWNMVmFQcG1uOGw3M1Q1WQ==,2023-06-07 12:46:27.657549
youtube#commentThread,DnJ1QsQic7lN1bGR7fQzlu-ZK9o,UgyZnlqATWjgYIqiGEJ4AaABAg,"{'videoId': 'XRYjrJJZAME', 'topLevelComment': {'kind': 'youtube#comment', 'etag': '8GHapCaqQB00Xpg19FH-BgaKOfA', 'id': 'UgyZnlqATWjgYIqiGEJ4AaABAg', 'snippet': {'videoId': 'XRYjrJJZAME', 'textDisplay': 'Nós caminhoneiros está sendo obrigado a fazer paralisação são pessoas que não é motorista muitos querem trabalhar mais são ameaçandos cade a PF que ontem fez blitz no nordeste a mando do presidente', 'textOriginal': 'Nós caminhoneiros está sendo obrigado a fazer paralisação são pessoas que não é motorista muitos querem trabalhar mais são ameaçandos cade a PF que ontem fez blitz no nordeste a mando do presidente', 'authorDisplayName': 'antonio constantino', 'authorProfileImageUrl': 'https://yt3.ggpht.com/ytc/AGIKgqPjRIj9V8bx6_IEzoulilCJs8tBtnWbw8GrRw=s48-c-k-c0x00ffffff-no-rj', 'authorChannelUrl': 'http://www.youtube.com/channel/UCVTjAiTYOdP3075p3OcDXdA', 'authorChannelId': {'value': 'UCVTjAiTYOdP3075p3OcDXdA'}, 'canRate': True, 'viewerRating': 'none', 'likeCount': 5, 'publishedAt': '2022-11-01T00:15:47Z', 'updatedAt': '2022-11-01T00:15:47Z'}}, 'canReply': True, 'totalReplyCount': 1, 'isPublic': True}","{'comments': [{'kind': 'youtube#comment', 'etag': 'cOL5oZx5uf2VpbQxyTwH003AeMo', 'id': 'UgyZnlqATWjgYIqiGEJ4AaABAg.9hryWme-Owq9hrzt2m4v3Q', 'snippet': {'videoId': 'XRYjrJJZAME', 'textDisplay': 'Tenho certeza disso.... O caminhoneiro autonomo não gosta de confusão....ele é o verdadeiro burro de carga.... Trabalha muito e é pouco respeitado. As grandes transportadoras sempre sufocaram o profissional autonomo.<br>Fazem vinte anos que vendemos nosso caminhão para pagar as contas...<br>Não sobrou nada para nós, porém não perdemos a dignidade e vendos a alma para o diabo<br>...', 'textOriginal': 'Tenho certeza disso.... O caminhoneiro autonomo não gosta de confusão....ele é o verdadeiro burro de carga.... Trabalha muito e é pouco respeitado. As grandes transportadoras sempre sufocaram o profissional autonomo.\nFazem vinte anos que vendemos nosso caminhão para pagar as contas...\nNão sobrou nada para nós, porém não perdemos a dignidade e vendos a alma para o diabo\n...', 'parentId': 'UgyZnlqATWjgYIqiGEJ4AaABAg', 'authorDisplayName': 'Eliana Santos', 'authorProfileImageUrl': 'https://yt3.ggpht.com/ytc/AGIKgqNvqyuBJtXIWnwg3H92qm2lZNDzQuiYdBpUQg=s48-c-k-c0x00ffffff-no-rj', 'authorChannelUrl': 'http://www.youtube.com/channel/UCyEK20dJVN9VbBxz48e6hvQ', 'authorChannelId': {'value': 'UCyEK20dJVN9VbBxz48e6hvQ'}, 'canRate': True, 'viewerRating': 'none', 'likeCount': 1, 'publishedAt': '2022-11-01T00:27:42Z', 'updatedAt': '2022-11-01T00:27:42Z'}}]}",UCVTjAiTYOdP3075p3OcDXdA,2022-11-01T00:15:47Z,Nós caminhoneiros está sendo obrigado a fazer paralisação são pessoas que não é motorista muitos querem trabalhar mais são ameaçandos cade a PF que ontem fez blitz no nordeste a mando do presidente,QURTSl9pM0RRQU9RamlfQUVIaDMwdmZGYjV0WDdCeHkxVHpnM3JndDVRaEd2b2c0NnNDRUYxVVhjNGFhVGZyQWNMVmFQcG1uOGw3M1Q1WQ==,2023-06-07 12:46:27.657549
youtube#commentThread,7Nlx0L9YxJvbS0imNgi53IoqaNU,UgzUeZtulpREV7rM_9h4AaABAg,"{'videoId': 'XRYjrJJZAME', 'topLevelComment': {'kind': 'youtube#comment', 'etag': 'Mg-wZ60Udad4mbTJ4uJg093Am4s', 'id': 'UgzUeZtulpREV7rM_9h4AaABAg', 'snippet': {'videoId': 'XRYjrJJZAME', 'textDisplay': 'Boa noite a todos nós é Lula a luta continua parabéns pimenta Deus abençoe a sua vida e da sua família', 'textOriginal': 'Boa noite a todos nós é Lula a luta continua parabéns pimenta Deus abençoe a sua vida e da sua família', 'authorDisplayName': 'Erinaldo Assis', 'authorProfileImageUrl': 'https://yt3.ggpht.com/ytc/AGIKgqNIPsFP4QianA4VovCiVF2dpWRovoUGpxK_as3raprZwyX9ozq8hjOEQlxUYoTX=s48-c-k-c0x00ffffff-no-rj', 'authorChannelUrl': 'http://www.youtube.com/channel/UCvUwBZBPTWuNUBxysLlJrqw', 'authorChannelId': {'value': 'UCvUwBZBPTWuNUBxysLlJrqw'}, 'canRate': True, 'viewerRating': 'none', 'likeCount': 14, 'publishedAt': '2022-11-01T00:15:41Z', 'updatedAt': '2022-11-01T00:15:41Z'}}, 'canReply': True, 'totalReplyCount': 0, 'isPublic': True}",,UCvUwBZBPTWuNUBxysLlJrqw,2022-11-01T00:15:41Z,Boa noite a todos nós é Lula a luta continua parabéns pimenta Deus abençoe a sua vida e da sua família,QURTSl9pM0RRQU9RamlfQUVIaDMwdmZGYjV0WDdCeHkxVHpnM3JndDVRaEd2b2c0NnNDRUYxVVhjNGFhVGZyQWNMVmFQcG1uOGw3M1Q1WQ==,2023-06-07 12:46:27.657549
youtube#commentThread,MCkIYHBY8H3w2n5a-W_5veVEBBk,Ugwb4ONKSOXS3ahhSmZ4AaABAg,"{'videoId': 'XRYjrJJZAME', 'topLevelComment': {'kind': 'youtube#comment', 'etag': '9XMvdwmrZCmokiQ8Af0KKnhR4Dg', 'id': 'Ugwb4ONKSOXS3ahhSmZ4AaABAg', 'snippet': {'videoId': 'XRYjrJJZAME', 'textDisplay': 'Aqui nas rodovias em torno de Campinas SP tá uma bagunça desse pilantras seguidores do verdadeiro lúcifer 👿👿 na terra os gados cegos anjos dá maldade dó lúcifer bozóbode 🐐🐐 Maçom canebal que pinta clima com garotinhos dê 14 e 15 anos cadeia a polícia quer não quebrar esses fascistas nó cacetete tirou porrada e granadas assim como u Roberto Jefferson fez com os policiais dá PF!!!!', 'textOriginal': 'Aqui nas rodovias em torno de Campinas SP tá uma bagunça desse pilantras seguidores do verdadeiro lúcifer 👿👿 na terra os gados cegos anjos dá maldade dó lúcifer bozóbode 🐐🐐 Maçom canebal que pinta clima com garotinhos dê 14 e 15 anos cadeia a polícia quer não quebrar esses fascistas nó cacetete tirou porrada e granadas assim como u Roberto Jefferson fez com os policiais dá PF!!!!', 'authorDisplayName': 'Susete Batista', 'authorProfileImageUrl': 'https://yt3.ggpht.com/ytc/AGIKgqN6-p_Q5tnDBV6vNFUChF0k7YEMGz_lhHP7QQhHcyMD6t_Fd-3xPl6cOvQdi6tW=s48-c-k-c0x00ffffff-no-rj', 'authorChannelUrl': 'http://www.youtube.com/channel/UCnfO9ltysUmo66wl2pOoyfQ', 'authorChannelId': {'value': 'UCnfO9ltysUmo66wl2pOoyfQ'}, 'canRate': True, 'viewerRating': 'none', 'likeCount': 1, 'publishedAt': '2022-11-01T00:15:31Z', 'updatedAt': '2022-11-01T00:15:31Z'}}, 'canReply': True, 'totalReplyCount': 0, 'isPublic': True}",,UCnfO9ltysUmo66wl2pOoyfQ,2022-11-01T00:15:31Z,Aqui nas rodovias em torno de Campinas SP tá uma bagunça desse pilantras seguidores do verdadeiro lúcifer 👿👿 na terra os gados cegos anjos dá maldade dó lúcifer bozóbode 🐐🐐 Maçom canebal que pinta clima com garotinhos dê 14 e 15 anos cadeia a polícia quer não quebrar esses fascistas nó cacetete tirou porrada e granadas assim como u Roberto Jefferson fez com os policiais dá PF!!!!,QURTSl9pM0RRQU9RamlfQUVIaDMwdmZGYjV0WDdCeHkxVHpnM3JndDVRaEd2b2c0NnNDRUYxVVhjNGFhVGZyQWNMVmFQcG1uOGw3M1Q1WQ==,2023-06-07 12:46:27.657549
youtube#commentThread,9AA-3opQOwbX37lLY2iJTuwYrR8,UgwlONhzzyGr0H1yYs14AaABAg,"{'videoId': 'XRYjrJJZAME', 'topLevelComment': {'kind': 'youtube#comment', 'etag': '0E3AKGuPYBgrQe7tvRq4CQwWW6A', 'id': 'UgwlONhzzyGr0H1yYs14AaABAg', 'snippet': {'videoId': 'XRYjrJJZAME', 'textDisplay': 'Cadeia pra esse genocida', 'textOriginal': 'Cadeia pra esse genocida', 'authorDisplayName': 'silvana damasio', 'authorProfileImageUrl': 'https://yt3.ggpht.com/ytc/AGIKgqMp81HZn66ChZXWtT1rOKiWYaRPM0JswmnGkdMaJ-Q=s48-c-k-c0x00ffffff-no-rj', 'authorChannelUrl': 'http://www.youtube.com/channel/UCbOjbcI07g_gYx8gMXTe6_A', 'authorChannelId': {'value': 'UCbOjbcI07g_gYx8gMXTe6_A'}, 'canRate': True, 'viewerRating': 'none', 'likeCount': 0, 'publishedAt': '2022-11-01T00:15:23Z', 'updatedAt': '2022-11-01T00:15:23Z'}}, 'canReply': True, 'totalReplyCount': 0, 'isPublic': True}",,UCbOjbcI07g_gYx8gMXTe6_A,2022-11-01T00:15:23Z,Cadeia pra esse genocida,QURTSl9pM0RRQU9RamlfQUVIaDMwdmZGYjV0WDdCeHkxVHpnM3JndDVRaEd2b2c0NnNDRUYxVVhjNGFhVGZyQWNMVmFQcG1uOGw3M1Q1WQ==,2023-06-07 12:46:27.657549
youtube#commentThread,FWui4b5hLa8Wtqr2VCK2enPw5JA,UgzVAu4xZ2zKaZJEvnB4AaABAg,"{'videoId': 'XRYjrJJZAME', 'topLevelComment': {'kind': 'youtube#comment', 'etag': 'Hi2gt-WmWsH5L2IijHrJ_WOL2t4', 'id': 'UgzVAu4xZ2zKaZJEvnB4AaABAg', 'snippet': {'videoId': 'XRYjrJJZAME', 'textDisplay': 'TEM QUE IR PRESSO E PAGAR DUMA VEZ.👺👺👺👺👹👹👹👹👹UMA MALDIÇAO VIROU O PAIS !!! TIRA ESSE MAL QUE VEIO DO INFERNO!!!', 'textOriginal': 'TEM QUE IR PRESSO E PAGAR DUMA VEZ.👺👺👺👺👹👹👹👹👹UMA MALDIÇAO VIROU O PAIS !!! TIRA ESSE MAL QUE VEIO DO INFERNO!!!', 'authorDisplayName': 'Alicia Acevedo', 'authorProfileImageUrl': 'https://yt3.ggpht.com/ytc/AGIKgqPHymRpy7xZgNRm7cj9mh-GEKHVtCavR3d_MA=s48-c-k-c0x00ffffff-no-rj', 'authorChannelUrl': 'http://www.youtube.com/channel/UCbByuD8hCwKwRmDlNsdl1YQ', 'authorChannelId': {'value': 'UCbByuD8hCwKwRmDlNsdl1YQ'}, 'canRate': True, 'viewerRating': 'none', 'likeCount': 1, 'publishedAt': '2022-11-01T00:15:13Z', 'updatedAt': '2022-11-01T00:16:23Z'}}, 'canReply': True, 'totalReplyCount': 0, 'isPublic': True}",,UCbByuD8hCwKwRmDlNsdl1YQ,2022-11-01T00:15:13Z,TEM QUE IR PRESSO E PAGAR DUMA VEZ.👺👺👺👺👹👹👹👹👹UMA MALDIÇAO VIROU O PAIS !!! TIRA ESSE MAL QUE VEIO DO INFERNO!!!,QURTSl9pM0RRQU9RamlfQUVIaDMwdmZGYjV0WDdCeHkxVHpnM3JndDVRaEd2b2c0NnNDRUYxVVhjNGFhVGZyQWNMVmFQcG1uOGw3M1Q1WQ==,2023-06-07 12:46:27.657549
youtube#commentThread,0biDwEqtLCBffqwxzd2K_aGSBqg,UgwAA5Y8rPYbBpgGtWN4AaABAg,"{'videoId': 'XRYjrJJZAME', 'topLevelComment': {'kind': 'youtube#comment', 'etag': '73r8uKHbsrn4GWi_NXQ-NH9LV2U', 'id': 'UgwAA5Y8rPYbBpgGtWN4AaABAg', 'snippet': {'videoId': 'XRYjrJJZAME', 'textDisplay': 'Caminhoneiros estão bloqueando rodovias do nosso RGS', 'textOriginal': 'Caminhoneiros estão bloqueando rodovias do nosso RGS', 'authorDisplayName': 'Marli Rosa', 'authorProfileImageUrl': 'https://yt3.ggpht.com/ytc/AGIKgqOqGHQhMmOYWWpzznOKwqJxmC0M_jVVIazJRg=s48-c-k-c0x00ffffff-no-rj', 'authorChannelUrl': 'http://www.youtube.com/channel/UCvK39tRJGGk7t6lIVbREEnA', 'authorChannelId': {'value': 'UCvK39tRJGGk7t6lIVbREEnA'}, 'canRate': True, 'viewerRating': 'none', 'likeCount': 1, 'publishedAt': '2022-11-01T00:15:04Z', 'updatedAt': '2022-11-01T00:15:04Z'}}, 'canReply': True, 'totalReplyCount': 0, 'isPublic': True}",,UCvK39tRJGGk7t6lIVbREEnA,2022-11-01T00:15:04Z,Caminhoneiros estão bloqueando rodovias do nosso RGS,QURTSl9pM0RRQU9RamlfQUVIaDMwdmZGYjV0WDdCeHkxVHpnM3JndDVRaEd2b2c0NnNDRUYxVVhjNGFhVGZyQWNMVmFQcG1uOGw3M1Q1WQ==,2023-06-07 12:46:27.657549
youtube#commentThread,vgurzw9JyDlzZZ8hklEeRnf3r2k,UgzN1pfmDyK9CZcVLzd4AaABAg,"{'videoId': 'XRYjrJJZAME', 'topLevelComment': {'kind': 'youtube#comment', 'etag': 'JJ7BdJiwpbmLhFV3124NvaxkxAw', 'id': 'UgzN1pfmDyK9CZcVLzd4AaABAg', 'snippet': {'videoId': 'XRYjrJJZAME', 'textDisplay': 'Bolsonaro o  morreu dia  02 de outubro é enterrou dia 30 de outubro acho que quis copiar a falecida rainha da Inglaterra  ok', 'textOriginal': 'Bolsonaro o  morreu dia  02 de outubro é enterrou dia 30 de outubro acho que quis copiar a falecida rainha da Inglaterra  ok', 'authorDisplayName': 'Sulica Calisu', 'authorProfileImageUrl': 'https://yt3.ggpht.com/ytc/AGIKgqPqAZGglPq5GUN_yfyfQbqdGoge6lsJvlLvig=s48-c-k-c0x00ffffff-no-rj', 'authorChannelUrl': 'http://www.youtube.com/channel/UCcZ80T6cl3x6VikLKMwNJhw', 'authorChannelId': {'value': 'UCcZ80T6cl3x6VikLKMwNJhw'}, 'canRate': True, 'viewerRating': 'none', 'likeCount': 0, 'publishedAt': '2022-11-01T00:14:57Z', 'updatedAt': '2022-11-01T00:14:57Z'}}, 'canReply': True, 'totalReplyCount': 0, 'isPublic': True}",,UCcZ80T6cl3x6VikLKMwNJhw,2022-11-01T00:14:57Z,Bolsonaro o  morreu dia  02 de outubro é enterrou dia 30 de outubro acho que quis copiar a falecida rainha da Inglaterra  ok,QURTSl9pM0RRQU9RamlfQUVIaDMwdmZGYjV0WDdCeHkxVHpnM3JndDVRaEd2b2c0NnNDRUYxVVhjNGFhVGZyQWNMVmFQcG1uOGw3M1Q1WQ==,2023-06-07 12:46:27.657549
youtube#commentThread,cnDKfdwB7X40jIhHmlBMctLA4Xs,Ugwz4Puh4z_OWt3r3994AaABAg,"{'videoId': 'XRYjrJJZAME', 'topLevelComment': {'kind': 'youtube#comment', 'etag': 'uY-SUOBnkCLg5eMQftP0pw1z3UY', 'id': 'Ugwz4Puh4z_OWt3r3994AaABAg', 'snippet': {'videoId': 'XRYjrJJZAME', 'textDisplay': 'Sim, Bolsonaro só  plantou  ódio,  divisões,  desrespeito', 'textOriginal': 'Sim, Bolsonaro só  plantou  ódio,  divisões,  desrespeito', 'authorDisplayName': 'José e Helena Lima', 'authorProfileImageUrl': 'https://yt3.ggpht.com/ytc/AGIKgqNPv3IlBYGj6ReWL9xBALmvgc44rUiY0CVsBCKIHblyHX5Jiiv_5AFOO_DlJjmc=s48-c-k-c0x00ffffff-no-rj', 'authorChannelUrl': 'http://www.youtube.com/channel/UCfnYrQeJgihT--sHhA3JXkg', 'authorChannelId': {'value': 'UCfnYrQeJgihT--sHhA3JXkg'}, 'canRate': True, 'viewerRating': 'none', 'likeCount': 0, 'publishedAt': '2022-11-01T00:14:45Z', 'updatedAt': '2022-11-01T00:14:45Z'}}, 'canReply': True, 'totalReplyCount': 0, 'isPublic': True}",,UCfnYrQeJgihT--sHhA3JXkg,2022-11-01T00:14:45Z,"Sim, Bolsonaro só  plantou  ódio,  divisões,  desrespeito",QURTSl9pM0RRQU9RamlfQUVIaDMwdmZGYjV0WDdCeHkxVHpnM3JndDVRaEd2b2c0NnNDRUYxVVhjNGFhVGZyQWNMVmFQcG1uOGw3M1Q1WQ==,2023-06-07 12:46:27.657549
youtube#commentThread,rs2JignGVTWAq2vs0NkI61ze2QE,UgyKTyH55ZDhtamuqYx4AaABAg,"{'videoId': 'XRYjrJJZAME', 'topLevelComment': {'kind': 'youtube#comment', 'etag': 'bvcpcXoC1i9IMyok9FwHbD5yuvU', 'id': 'UgyKTyH55ZDhtamuqYx4AaABAg', 'snippet': {'videoId': 'XRYjrJJZAME', 'textDisplay': 'justiça, polícia em cima , tá demorando, multa alta , gente vagabunda mal caráter', 'textOriginal': 'justiça, polícia em cima , tá demorando, multa alta , gente vagabunda mal caráter', 'authorDisplayName': 'Théo dimi123', 'authorProfileImageUrl': 'https://yt3.ggpht.com/vsdTja0e-PxDPcDUGGRIVJW08HJ3vmB_iIohEpnhbySg-s4i9gDJn_EpRbQ6B2BgiDyXA70WZg=s48-c-k-c0x00ffffff-no-rj', 'authorChannelUrl': 'http://www.youtube.com/channel/UCWTpyPF4I41iWKfxlOhaq3g', 'authorChannelId': {'value': 'UCWTpyPF4I41iWKfxlOhaq3g'}, 'canRate': True, 'viewerRating': 'none', 'likeCount': 0, 'publishedAt': '2022-11-01T00:14:33Z', 'updatedAt': '2022-11-01T00:14:33Z'}}, 'canReply': True, 'totalReplyCount': 0, 'isPublic': True}",,UCWTpyPF4I41iWKfxlOhaq3g,2022-11-01T00:14:33Z,"justiça, polícia em cima , tá demorando, multa alta , gente vagabunda mal caráter",QURTSl9pM0RRQU9RamlfQUVIaDMwdmZGYjV0WDdCeHkxVHpnM3JndDVRaEd2b2c0NnNDRUYxVVhjNGFhVGZyQWNMVmFQcG1uOGw3M1Q1WQ==,2023-06-07 12:46:27.657549
youtube#commentThread,_3gqd9X29moMUwOQ0U44VB-brcA,UgyhTp8V54M-lMzlaUR4AaABAg,"{'videoId': 'XRYjrJJZAME', 'topLevelComment': {'kind': 'youtube#comment', 'etag': 'MzK3q5b9nHWdDNtzBlzD-ZePFIY', 'id': 'UgyhTp8V54M-lMzlaUR4AaABAg', 'snippet': {'videoId': 'XRYjrJJZAME', 'textDisplay': 'BOLSONARO é um vagabundo quem acompanha ele é a mesma coisa não querem se conformar com a derrota', 'textOriginal': 'BOLSONARO é um vagabundo quem acompanha ele é a mesma coisa não querem se conformar com a derrota', 'authorDisplayName': 'Laylla Alves', 'authorProfileImageUrl': 'https://yt3.ggpht.com/zr9OYzdC1akkz2Cg7oZWiffb6wf8tyafCluQFE7Lm7qzEpiqH5lwsOUYBdpJXrWlfRjSt-AU-4M=s48-c-k-c0x00ffffff-no-rj', 'authorChannelUrl': 'http://www.youtube.com/channel/UCGIYZylsultbYIvbuaMj6xQ', 'authorChannelId': {'value': 'UCGIYZylsultbYIvbuaMj6xQ'}, 'canRate': True, 'viewerRating': 'none', 'likeCount': 0, 'publishedAt': '2022-11-01T00:14:33Z', 'updatedAt': '2022-11-01T00:14:33Z'}}, 'canReply': True, 'totalReplyCount': 0, 'isPublic': True}",,UCGIYZylsultbYIvbuaMj6xQ,2022-11-01T00:14:33Z,BOLSONARO é um vagabundo quem acompanha ele é a mesma coisa não querem se conformar com a derrota,QURTSl9pM0RRQU9RamlfQUVIaDMwdmZGYjV0WDdCeHkxVHpnM3JndDVRaEd2b2c0NnNDRUYxVVhjNGFhVGZyQWNMVmFQcG1uOGw3M1Q1WQ==,2023-06-07 12:46:27.657549
youtube#commentThread,BFS2nF9zIxeex7bfmrMzr7DOmDk,Ugymw8EgZKzJht8MozB4AaABAg,"{'videoId': 'XRYjrJJZAME', 'topLevelComment': {'kind': 'youtube#comment', 'etag': 'SBsjzpkJEHfzZRyUiBmFf3rlzn0', 'id': 'Ugymw8EgZKzJht8MozB4AaABAg', 'snippet': {'videoId': 'XRYjrJJZAME', 'textDisplay': 'Fica calado seu sujo quem é vc pra fala de Bolsonaro bandidos vota em bandidos', 'textOriginal': 'Fica calado seu sujo quem é vc pra fala de Bolsonaro bandidos vota em bandidos', 'authorDisplayName': 'Helena Santos', 'authorProfileImageUrl': 'https://yt3.ggpht.com/ytc/AGIKgqPtbM61ozFPaBM6tDU2BQWQBcMmCF4eSrWiAeiVHqcHHlQiQBNwLOWT02RxY-IP=s48-c-k-c0x00ffffff-no-rj', 'authorChannelUrl': 'http://www.youtube.com/channel/UC_QKP5e4uLLsIVPRQRN_ZKw', 'authorChannelId': {'value': 'UC_QKP5e4uLLsIVPRQRN_ZKw'}, 'canRate': True, 'viewerRating': 'none', 'likeCount': 0, 'publishedAt': '2022-11-01T00:14:27Z', 'updatedAt': '2022-11-01T00:14:27Z'}}, 'canReply': True, 'totalReplyCount': 0, 'isPublic': True}",,UC_QKP5e4uLLsIVPRQRN_ZKw,2022-11-01T00:14:27Z,Fica calado seu sujo quem é vc pra fala de Bolsonaro bandidos vota em bandidos,QURTSl9pM0RRQU9RamlfQUVIaDMwdmZGYjV0WDdCeHkxVHpnM3JndDVRaEd2b2c0NnNDRUYxVVhjNGFhVGZyQWNMVmFQcG1uOGw3M1Q1WQ==,2023-06-07 12:46:27.657549
youtube#commentThread,GfRjDFStRnzf8hQf2bkGKopFaCA,Ugz2hARL7PreBYe1SaB4AaABAg,"{'videoId': 'XRYjrJJZAME', 'topLevelComment': {'kind': 'youtube#comment', 'etag': 'Pz1jvOJh9g67D9ekbgzGIFAIan0', 'id': 'Ugz2hARL7PreBYe1SaB4AaABAg', 'snippet': {'videoId': 'XRYjrJJZAME', 'textDisplay': 'ELE  TEM QUE FALAR   COM<br>O  POVO  DE  BEM FOI O<br>POVO QUE  COLOCOU <br>ELE  LA PORQUE   ELE<br>TA  ESCONDIDO <br>LULA   E  O  NOSSO PRESIDENTE NÃO <br>VAMOS  BRIGAR  NUNCA', 'textOriginal': 'ELE  TEM QUE FALAR   COM\nO  POVO  DE  BEM FOI O\nPOVO QUE  COLOCOU \nELE  LA PORQUE   ELE\nTA  ESCONDIDO \nLULA   E  O  NOSSO PRESIDENTE NÃO \nVAMOS  BRIGAR  NUNCA', 'authorDisplayName': 'Luiz Gonzaga', 'authorProfileImageUrl': 'https://yt3.ggpht.com/ytc/AGIKgqMchzVn5l7Rofw5Q8iMpAmvB_jdpKlzvEsrog=s48-c-k-c0x00ffffff-no-rj', 'authorChannelUrl': 'http://www.youtube.com/channel/UCIW0MxNQmjZ0C_VpUYGuc2A', 'authorChannelId': {'value': 'UCIW0MxNQmjZ0C_VpUYGuc2A'}, 'canRate': True, 'viewerRating': 'none', 'likeCount': 1, 'publishedAt': '2022-11-01T00:14:22Z', 'updatedAt': '2022-11-01T00:14:22Z'}}, 'canReply': True, 'totalReplyCount': 0, 'isPublic': True}",,UCIW0MxNQmjZ0C_VpUYGuc2A,2022-11-01T00:14:22Z,"ELE  TEM QUE FALAR   COM
O  POVO  DE  BEM FOI O
POVO QUE  COLOCOU 
ELE  LA PORQUE   ELE
TA  ESCONDIDO 
LULA   E  O  NOSSO PRESIDENTE NÃO 
VAMOS  BRIGAR  NUNCA",QURTSl9pM0RRQU9RamlfQUVIaDMwdmZGYjV0WDdCeHkxVHpnM3JndDVRaEd2b2c0NnNDRUYxVVhjNGFhVGZyQWNMVmFQcG1uOGw3M1Q1WQ==,2023-06-07 12:46:27.657549
youtube#commentThread,BgGPyOFFQLd92KYKe_E6-CzDRY8,UgzDu-Hj98-A4J5Ld0h4AaABAg,"{'videoId': 'XRYjrJJZAME', 'topLevelComment': {'kind': 'youtube#comment', 'etag': '7i7xk5xgC0NqJSAR9UmqObk2Wt0', 'id': 'UgzDu-Hj98-A4J5Ld0h4AaABAg', 'snippet': {'videoId': 'XRYjrJJZAME', 'textDisplay': 'Parabéns falou certíssimo.', 'textOriginal': 'Parabéns falou certíssimo.', 'authorDisplayName': 'Leila Silva', 'authorProfileImageUrl': 'https://yt3.ggpht.com/ytc/AGIKgqMHrPQphmADoCv1ITVskGyraZA8Pdz5Aln38w=s48-c-k-c0x00ffffff-no-rj', 'authorChannelUrl': 'http://www.youtube.com/channel/UC27BdHOMHrj7xUEwac8B0Bg', 'authorChannelId': {'value': 'UC27BdHOMHrj7xUEwac8B0Bg'}, 'canRate': True, 'viewerRating': 'none', 'likeCount': 2, 'publishedAt': '2022-11-01T00:14:17Z', 'updatedAt': '2022-11-01T00:14:17Z'}}, 'canReply': True, 'totalReplyCount': 0, 'isPublic': True}",,UC27BdHOMHrj7xUEwac8B0Bg,2022-11-01T00:14:17Z,Parabéns falou certíssimo.,QURTSl9pM0RRQU9RamlfQUVIaDMwdmZGYjV0WDdCeHkxVHpnM3JndDVRaEd2b2c0NnNDRUYxVVhjNGFhVGZyQWNMVmFQcG1uOGw3M1Q1WQ==,2023-06-07 12:46:27.657549
youtube#commentThread,coD16UHQI3hvsz4yXkwU4FkAUfQ,Ugzh6_TnjZqId-yXpF94AaABAg,"{'videoId': 'XRYjrJJZAME', 'topLevelComment': {'kind': 'youtube#comment', 'etag': 'HUa5PKbRAz0Lw6_7cy8JnHBfSBk', 'id': 'Ugzh6_TnjZqId-yXpF94AaABAg', 'snippet': {'videoId': 'XRYjrJJZAME', 'textDisplay': 'Bolsonario e Carla tem que ir para cadeia. Não importa o título e sim o respeito com o povo', 'textOriginal': 'Bolsonario e Carla tem que ir para cadeia. Não importa o título e sim o respeito com o povo', 'authorDisplayName': 'Rodrigo Tomaz', 'authorProfileImageUrl': 'https://yt3.ggpht.com/ytc/AGIKgqP2L-xUVQKOVqb9rM4x60CbwT8lFKfGPlwoF6Zz=s48-c-k-c0x00ffffff-no-rj', 'authorChannelUrl': 'http://www.youtube.com/channel/UCb4l7_Q8oogPm-ytETmH-lg', 'authorChannelId': {'value': 'UCb4l7_Q8oogPm-ytETmH-lg'}, 'canRate': True, 'viewerRating': 'none', 'likeCount': 0, 'publishedAt': '2022-11-01T00:14:11Z', 'updatedAt': '2022-11-01T00:14:11Z'}}, 'canReply': True, 'totalReplyCount': 0, 'isPublic': True}",,UCb4l7_Q8oogPm-ytETmH-lg,2022-11-01T00:14:11Z,Bolsonario e Carla tem que ir para cadeia. Não importa o título e sim o respeito com o povo,QURTSl9pM0RRQU9RamlfQUVIaDMwdmZGYjV0WDdCeHkxVHpnM3JndDVRaEd2b2c0NnNDRUYxVVhjNGFhVGZyQWNMVmFQcG1uOGw3M1Q1WQ==,2023-06-07 12:46:27.657549
youtube#commentThread,OUQYd8cJqAkCkQNin600QtnYmoo,UgylZq_sB_GKc-m8LyZ4AaABAg,"{'videoId': 'XRYjrJJZAME', 'topLevelComment': {'kind': 'youtube#comment', 'etag': 'TGhjnvxsXC-R-4ggfcSuMjCmlks', 'id': 'UgylZq_sB_GKc-m8LyZ4AaABAg', 'snippet': {'videoId': 'XRYjrJJZAME', 'textDisplay': 'Pará de falar merda, os caminhoneiros estão fazendo isso por conta própria  !', 'textOriginal': 'Pará de falar merda, os caminhoneiros estão fazendo isso por conta própria  !', 'authorDisplayName': 'Tania Narciso', 'authorProfileImageUrl': 'https://yt3.ggpht.com/ytc/AGIKgqMcjR6uMbUBsLcT2i0ZBxeBwo6VO-MPJM4LS0X6SRFMybUTR9uz1qK6b8h6iJX8=s48-c-k-c0x00ffffff-no-rj', 'authorChannelUrl': 'http://www.youtube.com/channel/UCE0t17N0Yzy2Ifg4gAHShhA', 'authorChannelId': {'value': 'UCE0t17N0Yzy2Ifg4gAHShhA'}, 'canRate': True, 'viewerRating': 'none', 'likeCount': 0, 'publishedAt': '2022-11-01T00:13:46Z', 'updatedAt': '2022-11-01T00:13:46Z'}}, 'canReply': True, 'totalReplyCount': 0, 'isPublic': True}",,UCE0t17N0Yzy2Ifg4gAHShhA,2022-11-01T00:13:46Z,"Pará de falar merda, os caminhoneiros estão fazendo isso por conta própria  !",QURTSl9pM0RRQU9RamlfQUVIaDMwdmZGYjV0WDdCeHkxVHpnM3JndDVRaEd2b2c0NnNDRUYxVVhjNGFhVGZyQWNMVmFQcG1uOGw3M1Q1WQ==,2023-06-07 12:46:27.657549
youtube#commentThread,ZHChWHBUgGq8AGyyBlNWrw4eMVo,UgyxOV8W38uLFX_sgR54AaABAg,"{'videoId': 'XRYjrJJZAME', 'topLevelComment': {'kind': 'youtube#comment', 'etag': '8ggl6SSmB6WNoiQ7GJys7FZr5uU', 'id': 'UgyxOV8W38uLFX_sgR54AaABAg', 'snippet': {'videoId': 'XRYjrJJZAME', 'textDisplay': 'Como uma  pessoa querer o lugar do  outro de qualquer maneira  o  cara parece não tem nada na cabeça  em 2019 quando Bolsonaro  amou pro Lula ele é Sérgio moro eu não esqueço  agora isso tem nome lei do retorno  dela ninguém  escapa  foi uma covardia k foi feita agora eu tou satisfeita  a mamata acabou pra vc Bolsonaro', 'textOriginal': 'Como uma  pessoa querer o lugar do  outro de qualquer maneira  o  cara parece não tem nada na cabeça  em 2019 quando Bolsonaro  amou pro Lula ele é Sérgio moro eu não esqueço  agora isso tem nome lei do retorno  dela ninguém  escapa  foi uma covardia k foi feita agora eu tou satisfeita  a mamata acabou pra vc Bolsonaro', 'authorDisplayName': 'Regina Marcia Dos santos', 'authorProfileImageUrl': 'https://yt3.ggpht.com/ytc/AGIKgqPvtqiWdtsr9xssKT8KcH9BFNyMFB9TBphREQ=s48-c-k-c0x00ffffff-no-rj', 'authorChannelUrl': 'http://www.youtube.com/channel/UCJdbGBhEwWmhaKU-n5gmbmQ', 'authorChannelId': {'value': 'UCJdbGBhEwWmhaKU-n5gmbmQ'}, 'canRate': True, 'viewerRating': 'none', 'likeCount': 0, 'publishedAt': '2022-11-01T00:13:19Z', 'updatedAt': '2022-11-01T00:13:19Z'}}, 'canReply': True, 'totalReplyCount': 0, 'isPublic': True}",,UCJdbGBhEwWmhaKU-n5gmbmQ,2022-11-01T00:13:19Z,Como uma  pessoa querer o lugar do  outro de qualquer maneira  o  cara parece não tem nada na cabeça  em 2019 quando Bolsonaro  amou pro Lula ele é Sérgio moro eu não esqueço  agora isso tem nome lei do retorno  dela ninguém  escapa  foi uma covardia k foi feita agora eu tou satisfeita  a mamata acabou pra vc Bolsonaro,QURTSl9pM0RRQU9RamlfQUVIaDMwdmZGYjV0WDdCeHkxVHpnM3JndDVRaEd2b2c0NnNDRUYxVVhjNGFhVGZyQWNMVmFQcG1uOGw3M1Q1WQ==,2023-06-07 12:46:27.657549
youtube#commentThread,4RpjFAXNI_6fldEM_L4nUqZFrvk,UgwhKnhMSdLv0qyZlIR4AaABAg,"{'videoId': 'XRYjrJJZAME', 'topLevelComment': {'kind': 'youtube#comment', 'etag': 'cCPytNB--Q6l9_9l-xiChc9Ci78', 'id': 'UgwhKnhMSdLv0qyZlIR4AaABAg', 'snippet': {'videoId': 'XRYjrJJZAME', 'textDisplay': 'Esse bolsonario quer guerra não sabe perder meu Deus', 'textOriginal': 'Esse bolsonario quer guerra não sabe perder meu Deus', 'authorDisplayName': 'Rodrigo Tomaz', 'authorProfileImageUrl': 'https://yt3.ggpht.com/ytc/AGIKgqP2L-xUVQKOVqb9rM4x60CbwT8lFKfGPlwoF6Zz=s48-c-k-c0x00ffffff-no-rj', 'authorChannelUrl': 'http://www.youtube.com/channel/UCb4l7_Q8oogPm-ytETmH-lg', 'authorChannelId': {'value': 'UCb4l7_Q8oogPm-ytETmH-lg'}, 'canRate': True, 'viewerRating': 'none', 'likeCount': 0, 'publishedAt': '2022-11-01T00:13:02Z', 'updatedAt': '2022-11-01T00:13:02Z'}}, 'canReply': True, 'totalReplyCount': 0, 'isPublic': True}",,UCb4l7_Q8oogPm-ytETmH-lg,2022-11-01T00:13:02Z,Esse bolsonario quer guerra não sabe perder meu Deus,QURTSl9pM0RRQU9RamlfQUVIaDMwdmZGYjV0WDdCeHkxVHpnM3JndDVRaEd2b2c0NnNDRUYxVVhjNGFhVGZyQWNMVmFQcG1uOGw3M1Q1WQ==,2023-06-07 12:46:27.657549
youtube#commentThread,qIhQoGVQgw4J1U2d_VzS441O3hs,UgwOvLDl9hUsa1K92J14AaABAg,"{'videoId': 'XRYjrJJZAME', 'topLevelComment': {'kind': 'youtube#comment', 'etag': 'ckQuGSBw2FTjne45Icwlh2sMeXw', 'id': 'UgwOvLDl9hUsa1K92J14AaABAg', 'snippet': {'videoId': 'XRYjrJJZAME', 'textDisplay': 'Ja tinha virado um mar de sangue', 'textOriginal': 'Ja tinha virado um mar de sangue', 'authorDisplayName': 'sergio santiago', 'authorProfileImageUrl': 'https://yt3.ggpht.com/FkFRYY0QLU9X1Y2cfUW1aRmy3GDjtHxh9GIGjohfbruwK9y93-D3a-SfHJZfPr6Ut4E1w1zWwQ=s48-c-k-c0x00ffffff-no-rj', 'authorChannelUrl': 'http://www.youtube.com/channel/UCNBPgOi4GS3Ab1-lZFykNWg', 'authorChannelId': {'value': 'UCNBPgOi4GS3Ab1-lZFykNWg'}, 'canRate': True, 'viewerRating': 'none', 'likeCount': 1, 'publishedAt': '2022-11-01T00:13:00Z', 'updatedAt': '2022-11-01T00:13:00Z'}}, 'canReply': True, 'totalReplyCount': 0, 'isPublic': True}",,UCNBPgOi4GS3Ab1-lZFykNWg,2022-11-01T00:13:00Z,Ja tinha virado um mar de sangue,QURTSl9pM0RRQU9RamlfQUVIaDMwdmZGYjV0WDdCeHkxVHpnM3JndDVRaEd2b2c0NnNDRUYxVVhjNGFhVGZyQWNMVmFQcG1uOGw3M1Q1WQ==,2023-06-07 12:46:27.657549
youtube#commentThread,chtBurb3uCSqINhoyRWTb4dw_6Q,UgzKwIYVRIkRKjhufv94AaABAg,"{'videoId': 'XRYjrJJZAME', 'topLevelComment': {'kind': 'youtube#comment', 'etag': 'R-XjJB_otvDgEYx221bZxnVr9x4', 'id': 'UgzKwIYVRIkRKjhufv94AaABAg', 'snippet': {'videoId': 'XRYjrJJZAME', 'textDisplay': 'Esse é o governo Bolsonaro ele faz sigilo até para reconhecer sua derrota...', 'textOriginal': 'Esse é o governo Bolsonaro ele faz sigilo até para reconhecer sua derrota...', 'authorDisplayName': 'Cleidimar Oliveira', 'authorProfileImageUrl': 'https://yt3.ggpht.com/ytc/AGIKgqOwJqatEtzaeDEMvCOArZvgAa5hpnyPLAXxjQ=s48-c-k-c0x00ffffff-no-rj', 'authorChannelUrl': 'http://www.youtube.com/channel/UCcxHDLqHxCx8nMRpXP3ihJw', 'authorChannelId': {'value': 'UCcxHDLqHxCx8nMRpXP3ihJw'}, 'canRate': True, 'viewerRating': 'none', 'likeCount': 1, 'publishedAt': '2022-11-01T00:12:59Z', 'updatedAt': '2022-11-01T00:12:59Z'}}, 'canReply': True, 'totalReplyCount': 0, 'isPublic': True}",,UCcxHDLqHxCx8nMRpXP3ihJw,2022-11-01T00:12:59Z,Esse é o governo Bolsonaro ele faz sigilo até para reconhecer sua derrota...,QURTSl9pM0RRQU9RamlfQUVIaDMwdmZGYjV0WDdCeHkxVHpnM3JndDVRaEd2b2c0NnNDRUYxVVhjNGFhVGZyQWNMVmFQcG1uOGw3M1Q1WQ==,2023-06-07 12:46:27.657549
youtube#commentThread,ORtBQRagVYy817k8nOPbOJWkaPI,UgwpHMNawe6DyXRk5Sl4AaABAg,"{'videoId': 'XRYjrJJZAME', 'topLevelComment': {'kind': 'youtube#comment', 'etag': 'e_NzoxOzpUTZkdxbaZQzxbdtbJY', 'id': 'UgwpHMNawe6DyXRk5Sl4AaABAg', 'snippet': {'videoId': 'XRYjrJJZAME', 'textDisplay': 'Parabéns pela vitória,que é nossa tbem', 'textOriginal': 'Parabéns pela vitória,que é nossa tbem', 'authorDisplayName': 'jeferson da silva', 'authorProfileImageUrl': 'https://yt3.ggpht.com/ytc/AGIKgqMjkfyO8Q21ddYPuJvEgpr9KUZzhSvh9BTPaQ=s48-c-k-c0x00ffffff-no-rj', 'authorChannelUrl': 'http://www.youtube.com/channel/UCCn44uGDA4PwFv_Ep2sRHEw', 'authorChannelId': {'value': 'UCCn44uGDA4PwFv_Ep2sRHEw'}, 'canRate': True, 'viewerRating': 'none', 'likeCount': 18, 'publishedAt': '2022-11-01T00:12:53Z', 'updatedAt': '2022-11-01T00:12:53Z'}}, 'canReply': True, 'totalReplyCount': 0, 'isPublic': True}",,UCCn44uGDA4PwFv_Ep2sRHEw,2022-11-01T00:12:53Z,"Parabéns pela vitória,que é nossa tbem",QURTSl9pM0RRQU9RamlfQUVIaDMwdmZGYjV0WDdCeHkxVHpnM3JndDVRaEd2b2c0NnNDRUYxVVhjNGFhVGZyQWNMVmFQcG1uOGw3M1Q1WQ==,2023-06-07 12:46:27.657549
youtube#commentThread,tZj_YyPxf7Wg4critMHy3NcGvGw,Ugygh3VXSU3ruhkzkE54AaABAg,"{'videoId': 'XRYjrJJZAME', 'topLevelComment': {'kind': 'youtube#comment', 'etag': 'FGDzOQiQqIK3cOY-Zw0y1m1gX6k', 'id': 'Ugygh3VXSU3ruhkzkE54AaABAg', 'snippet': {'videoId': 'XRYjrJJZAME', 'textDisplay': 'ISSO ESTAVA NA CARA QUE O CARA MENTIROSO ESTARIA POR TRAZ DISSO. JAMAIS VISTO O QUE ESTE MAFIOSO FEZ E AINDA VAI FAZER !!!!! AINDA NAO ESTAMOS LIVRES DESTE CASTIGO!!!! PSICOPATA DOENTE!!!!!ELE E UMA BOMBA PERTO LONGE OU CALADO COMO ESTA AGORA!!!!', 'textOriginal': 'ISSO ESTAVA NA CARA QUE O CARA MENTIROSO ESTARIA POR TRAZ DISSO. JAMAIS VISTO O QUE ESTE MAFIOSO FEZ E AINDA VAI FAZER !!!!! AINDA NAO ESTAMOS LIVRES DESTE CASTIGO!!!! PSICOPATA DOENTE!!!!!ELE E UMA BOMBA PERTO LONGE OU CALADO COMO ESTA AGORA!!!!', 'authorDisplayName': 'Alicia Acevedo', 'authorProfileImageUrl': 'https://yt3.ggpht.com/ytc/AGIKgqPHymRpy7xZgNRm7cj9mh-GEKHVtCavR3d_MA=s48-c-k-c0x00ffffff-no-rj', 'authorChannelUrl': 'http://www.youtube.com/channel/UCbByuD8hCwKwRmDlNsdl1YQ', 'authorChannelId': {'value': 'UCbByuD8hCwKwRmDlNsdl1YQ'}, 'canRate': True, 'viewerRating': 'none', 'likeCount': 0, 'publishedAt': '2022-11-01T00:12:52Z', 'updatedAt': '2022-11-01T00:14:24Z'}}, 'canReply': True, 'totalReplyCount': 0, 'isPublic': True}",,UCbByuD8hCwKwRmDlNsdl1YQ,2022-11-01T00:12:52Z,ISSO ESTAVA NA CARA QUE O CARA MENTIROSO ESTARIA POR TRAZ DISSO. JAMAIS VISTO O QUE ESTE MAFIOSO FEZ E AINDA VAI FAZER !!!!! AINDA NAO ESTAMOS LIVRES DESTE CASTIGO!!!! PSICOPATA DOENTE!!!!!ELE E UMA BOMBA PERTO LONGE OU CALADO COMO ESTA AGORA!!!!,QURTSl9pM0RRQU9RamlfQUVIaDMwdmZGYjV0WDdCeHkxVHpnM3JndDVRaEd2b2c0NnNDRUYxVVhjNGFhVGZyQWNMVmFQcG1uOGw3M1Q1WQ==,2023-06-07 12:46:27.657549
youtube#commentThread,7K_TgXSjnSdJUAHb6jeOJ4WeseY,Ugyam30ThnxRAkgdT7F4AaABAg,"{'videoId': 'XRYjrJJZAME', 'topLevelComment': {'kind': 'youtube#comment', 'etag': 'ZjeT-KX1w6r8qB3UAw9DvVkx9kU', 'id': 'Ugyam30ThnxRAkgdT7F4AaABAg', 'snippet': {'videoId': 'XRYjrJJZAME', 'textDisplay': 'Parabéns Paulo Pimenta por todo seu trabalho junto ao nosso Lula. Sou sua fã incondicional desde sempre.Deus o abençoe sempre. O Brasil seria outro se tivéssemos parlamentares como o senhor e o pessoal do PT. 🌟😘❤️👏👏👏👏💙♥️🍀🌻🌹', 'textOriginal': 'Parabéns Paulo Pimenta por todo seu trabalho junto ao nosso Lula. Sou sua fã incondicional desde sempre.Deus o abençoe sempre. O Brasil seria outro se tivéssemos parlamentares como o senhor e o pessoal do PT. 🌟😘❤️👏👏👏👏💙♥️🍀🌻🌹', 'authorDisplayName': 'Regina Ferreira', 'authorProfileImageUrl': 'https://yt3.ggpht.com/ytc/AGIKgqNCUtx-RKLf0m3IPQ_6Bsld23bsjo9Ra7xxg36e=s48-c-k-c0x00ffffff-no-rj', 'authorChannelUrl': 'http://www.youtube.com/channel/UCQauq7_1P8DOPP9LucPjhuw', 'authorChannelId': {'value': 'UCQauq7_1P8DOPP9LucPjhuw'}, 'canRate': True, 'viewerRating': 'none', 'likeCount': 19, 'publishedAt': '2022-11-01T00:12:51Z', 'updatedAt': '2022-11-01T00:12:51Z'}}, 'canReply': True, 'totalReplyCount': 0, 'isPublic': True}",,UCQauq7_1P8DOPP9LucPjhuw,2022-11-01T00:12:51Z,Parabéns Paulo Pimenta por todo seu trabalho junto ao nosso Lula. Sou sua fã incondicional desde sempre.Deus o abençoe sempre. O Brasil seria outro se tivéssemos parlamentares como o senhor e o pessoal do PT. 🌟😘❤️👏👏👏👏💙♥️🍀🌻🌹,QURTSl9pM0RRQU9RamlfQUVIaDMwdmZGYjV0WDdCeHkxVHpnM3JndDVRaEd2b2c0NnNDRUYxVVhjNGFhVGZyQWNMVmFQcG1uOGw3M1Q1WQ==,2023-06-07 12:46:27.657549
youtube#commentThread,MX14dIlmWK4b8Tp7pufJnEtwavM,UgxorfjgA6ggHsQtPlx4AaABAg,"{'videoId': 'XRYjrJJZAME', 'topLevelComment': {'kind': 'youtube#comment', 'etag': '61NRGVVdYr8yqmMNcVTvc5uTLkg', 'id': 'UgxorfjgA6ggHsQtPlx4AaABAg', 'snippet': {'videoId': 'XRYjrJJZAME', 'textDisplay': 'Bolsonaro foi desordeiro no exército na política e agora como presidente ainda bem que já está saindo', 'textOriginal': 'Bolsonaro foi desordeiro no exército na política e agora como presidente ainda bem que já está saindo', 'authorDisplayName': 'Osmar Firmino', 'authorProfileImageUrl': 'https://yt3.ggpht.com/ytc/AGIKgqNc1fvo2gqa6_5WXGNemEmD7Vy6Ga8IjtxI-A=s48-c-k-c0x00ffffff-no-rj', 'authorChannelUrl': 'http://www.youtube.com/channel/UCyd5EY6WP6Zimpm5FpMnUPQ', 'authorChannelId': {'value': 'UCyd5EY6WP6Zimpm5FpMnUPQ'}, 'canRate': True, 'viewerRating': 'none', 'likeCount': 0, 'publishedAt': '2022-11-01T00:12:41Z', 'updatedAt': '2022-11-01T00:12:41Z'}}, 'canReply': True, 'totalReplyCount': 0, 'isPublic': True}",,UCyd5EY6WP6Zimpm5FpMnUPQ,2022-11-01T00:12:41Z,Bolsonaro foi desordeiro no exército na política e agora como presidente ainda bem que já está saindo,QURTSl9pM0RRQU9RamlfQUVIaDMwdmZGYjV0WDdCeHkxVHpnM3JndDVRaEd2b2c0NnNDRUYxVVhjNGFhVGZyQWNMVmFQcG1uOGw3M1Q1WQ==,2023-06-07 12:46:27.657549
youtube#commentThread,027iD9_FF93k0P7WSspnUUOYCZc,UgxJ-SHWGQTq8Ei4z2N4AaABAg,"{'videoId': 'XRYjrJJZAME', 'topLevelComment': {'kind': 'youtube#comment', 'etag': 'LBSi7oo8bYiABxgMVn2ppXC5WhU', 'id': 'UgxJ-SHWGQTq8Ei4z2N4AaABAg', 'snippet': {'videoId': 'XRYjrJJZAME', 'textDisplay': 'LULADRÃO SEU LUGAR É NA PRISÃO', 'textOriginal': 'LULADRÃO SEU LUGAR É NA PRISÃO', 'authorDisplayName': 'Josefa Costa', 'authorProfileImageUrl': 'https://yt3.ggpht.com/ytc/AGIKgqOshpVaDKj4s5o-7jXHhnXDbzCCdYw7Mp1Ti1LMl3DDUYYemkqzXmucrxYR9SWs=s48-c-k-c0x00ffffff-no-rj', 'authorChannelUrl': 'http://www.youtube.com/channel/UCxcqzhDl9rV3aayDF0Qk1CQ', 'authorChannelId': {'value': 'UCxcqzhDl9rV3aayDF0Qk1CQ'}, 'canRate': True, 'viewerRating': 'none', 'likeCount': 1, 'publishedAt': '2022-11-01T00:12:34Z', 'updatedAt': '2022-11-01T00:12:34Z'}}, 'canReply': True, 'totalReplyCount': 0, 'isPublic': True}",,UCxcqzhDl9rV3aayDF0Qk1CQ,2022-11-01T00:12:34Z,LULADRÃO SEU LUGAR É NA PRISÃO,QURTSl9pM0RRQU9RamlfQUVIaDMwdmZGYjV0WDdCeHkxVHpnM3JndDVRaEd2b2c0NnNDRUYxVVhjNGFhVGZyQWNMVmFQcG1uOGw3M1Q1WQ==,2023-06-07 12:46:27.657549
youtube#commentThread,8IvTd93ntJXL7BA5Ehr3TyDQM5s,UgywO_7r-PiJ6_YH9M14AaABAg,"{'videoId': 'XRYjrJJZAME', 'topLevelComment': {'kind': 'youtube#comment', 'etag': 'xHwshae_3GtVrnNMr5sV30di5l0', 'id': 'UgywO_7r-PiJ6_YH9M14AaABAg', 'snippet': {'videoId': 'XRYjrJJZAME', 'textDisplay': 'Boa noite Sr.Pimenta', 'textOriginal': 'Boa noite Sr.Pimenta', 'authorDisplayName': 'jeferson da silva', 'authorProfileImageUrl': 'https://yt3.ggpht.com/ytc/AGIKgqMjkfyO8Q21ddYPuJvEgpr9KUZzhSvh9BTPaQ=s48-c-k-c0x00ffffff-no-rj', 'authorChannelUrl': 'http://www.youtube.com/channel/UCCn44uGDA4PwFv_Ep2sRHEw', 'authorChannelId': {'value': 'UCCn44uGDA4PwFv_Ep2sRHEw'}, 'canRate': True, 'viewerRating': 'none', 'likeCount': 4, 'publishedAt': '2022-11-01T00:12:20Z', 'updatedAt': '2022-11-01T00:12:20Z'}}, 'canReply': True, 'totalReplyCount': 0, 'isPublic': True}",,UCCn44uGDA4PwFv_Ep2sRHEw,2022-11-01T00:12:20Z,Boa noite Sr.Pimenta,QURTSl9pM0RRQU9RamlfQUVIaDMwdmZGYjV0WDdCeHkxVHpnM3JndDVRaEd2b2c0NnNDRUYxVVhjNGFhVGZyQWNMVmFQcG1uOGw3M1Q1WQ==,2023-06-07 12:46:27.657549
youtube#commentThread,qRUPxTVwuHjprOa1Es_PEUnSmUw,Ugy-XBrJssXH5mPZBYx4AaABAg,"{'videoId': 'XRYjrJJZAME', 'topLevelComment': {'kind': 'youtube#comment', 'etag': 'WCSOe5tBj1a_8Q94mrhrOu0TEcc', 'id': 'Ugy-XBrJssXH5mPZBYx4AaABAg', 'snippet': {'videoId': 'XRYjrJJZAME', 'textDisplay': 'Mentiroso!!!', 'textOriginal': 'Mentiroso!!!', 'authorDisplayName': 'Josefa Costa', 'authorProfileImageUrl': 'https://yt3.ggpht.com/ytc/AGIKgqOshpVaDKj4s5o-7jXHhnXDbzCCdYw7Mp1Ti1LMl3DDUYYemkqzXmucrxYR9SWs=s48-c-k-c0x00ffffff-no-rj', 'authorChannelUrl': 'http://www.youtube.com/channel/UCxcqzhDl9rV3aayDF0Qk1CQ', 'authorChannelId': {'value': 'UCxcqzhDl9rV3aayDF0Qk1CQ'}, 'canRate': True, 'viewerRating': 'none', 'likeCount': 1, 'publishedAt': '2022-11-01T00:11:59Z', 'updatedAt': '2022-11-01T00:11:59Z'}}, 'canReply': True, 'totalReplyCount': 0, 'isPublic': True}",,UCxcqzhDl9rV3aayDF0Qk1CQ,2022-11-01T00:11:59Z,Mentiroso!!!,QURTSl9pM0RRQU9RamlfQUVIaDMwdmZGYjV0WDdCeHkxVHpnM3JndDVRaEd2b2c0NnNDRUYxVVhjNGFhVGZyQWNMVmFQcG1uOGw3M1Q1WQ==,2023-06-07 12:46:27.657549
youtube#commentThread,-uL6yTGWSIVI7QhJAdN2aPTExVM,UgzDOkvHZRPCkD81s6F4AaABAg,"{'videoId': 'XRYjrJJZAME', 'topLevelComment': {'kind': 'youtube#comment', 'etag': 'n64phkAjLbHE97lzhSzfE1dzYks', 'id': 'UgzDOkvHZRPCkD81s6F4AaABAg', 'snippet': {'videoId': 'XRYjrJJZAME', 'textDisplay': 'Bolsonaro, está promocionando un golpe de estado, muy antidemocráticos, y violentos', 'textOriginal': 'Bolsonaro, está promocionando un golpe de estado, muy antidemocráticos, y violentos', 'authorDisplayName': 'Juan bautista Cortez', 'authorProfileImageUrl': 'https://yt3.ggpht.com/ytc/AGIKgqNbFOermzK6ku3qvptU-MlLRdK9IxIVzxpdzA=s48-c-k-c0x00ffffff-no-rj', 'authorChannelUrl': 'http://www.youtube.com/channel/UCGw8wyDrPFi8HM-yuEuHxUw', 'authorChannelId': {'value': 'UCGw8wyDrPFi8HM-yuEuHxUw'}, 'canRate': True, 'viewerRating': 'none', 'likeCount': 0, 'publishedAt': '2022-11-01T00:11:55Z', 'updatedAt': '2022-11-01T00:11:55Z'}}, 'canReply': True, 'totalReplyCount': 0, 'isPublic': True}",,UCGw8wyDrPFi8HM-yuEuHxUw,2022-11-01T00:11:55Z,"Bolsonaro, está promocionando un golpe de estado, muy antidemocráticos, y violentos",QURTSl9pM0RRQU9RamlfQUVIaDMwdmZGYjV0WDdCeHkxVHpnM3JndDVRaEd2b2c0NnNDRUYxVVhjNGFhVGZyQWNMVmFQcG1uOGw3M1Q1WQ==,2023-06-07 12:46:27.657549
youtube#commentThread,ZC_FO0QA_ijcimIrgEmR2gtH_-E,UgznwiW00Db7sEqqdu14AaABAg,"{'videoId': 'XRYjrJJZAME', 'topLevelComment': {'kind': 'youtube#comment', 'etag': 'rl-n_5Hmjv3BVY8dC3_fmkS96ZQ', 'id': 'UgznwiW00Db7sEqqdu14AaABAg', 'snippet': {'videoId': 'XRYjrJJZAME', 'textDisplay': 'Verdade essa manifestação dos caminhoneiros tem um nome família bolzonaro, esse canalha está jogando sujo.', 'textOriginal': 'Verdade essa manifestação dos caminhoneiros tem um nome família bolzonaro, esse canalha está jogando sujo.', 'authorDisplayName': 'maria de lourdes paulo rocha', 'authorProfileImageUrl': 'https://yt3.ggpht.com/ytc/AGIKgqPEAOGtGkePFnopgfBz2dgy70HPfmXuTU_SVivQkQ=s48-c-k-c0x00ffffff-no-rj', 'authorChannelUrl': 'http://www.youtube.com/channel/UCMjkaWHhZVXsppP0J4e__uQ', 'authorChannelId': {'value': 'UCMjkaWHhZVXsppP0J4e__uQ'}, 'canRate': True, 'viewerRating': 'none', 'likeCount': 0, 'publishedAt': '2022-11-01T00:11:54Z', 'updatedAt': '2022-11-01T00:11:54Z'}}, 'canReply': True, 'totalReplyCount': 0, 'isPublic': True}",,UCMjkaWHhZVXsppP0J4e__uQ,2022-11-01T00:11:54Z,"Verdade essa manifestação dos caminhoneiros tem um nome família bolzonaro, esse canalha está jogando sujo.",QURTSl9pM0RRQU9RamlfQUVIaDMwdmZGYjV0WDdCeHkxVHpnM3JndDVRaEd2b2c0NnNDRUYxVVhjNGFhVGZyQWNMVmFQcG1uOGw3M1Q1WQ==,2023-06-07 12:46:27.657549
youtube#commentThread,bprjYdV5EpzQOWr5rQT3zNudooo,Ugy89c55fLfIX5gFiPh4AaABAg,"{'videoId': 'XRYjrJJZAME', 'topLevelComment': {'kind': 'youtube#comment', 'etag': 'wbrfqquPUfgLNQz0ppUj7Ycbfg0', 'id': 'Ugy89c55fLfIX5gFiPh4AaABAg', 'snippet': {'videoId': 'XRYjrJJZAME', 'textDisplay': 'A ex do bozo já fugiu', 'textOriginal': 'A ex do bozo já fugiu', 'authorDisplayName': 'Luciano Gomes', 'authorProfileImageUrl': 'https://yt3.ggpht.com/ytc/AGIKgqNBYZVdnH-Jn4OM8UHJD6FUVg-5W0rEEJjyVQgxfgKR0P_l1-aOeCpAC_Uyzi9k=s48-c-k-c0x00ffffff-no-rj', 'authorChannelUrl': 'http://www.youtube.com/channel/UCXMjXiMEW0-hCVJlqVDEleQ', 'authorChannelId': {'value': 'UCXMjXiMEW0-hCVJlqVDEleQ'}, 'canRate': True, 'viewerRating': 'none', 'likeCount': 0, 'publishedAt': '2022-11-01T00:11:15Z', 'updatedAt': '2022-11-01T00:11:28Z'}}, 'canReply': True, 'totalReplyCount': 0, 'isPublic': True}",,UCXMjXiMEW0-hCVJlqVDEleQ,2022-11-01T00:11:15Z,A ex do bozo já fugiu,QURTSl9pM0RRQU9RamlfQUVIaDMwdmZGYjV0WDdCeHkxVHpnM3JndDVRaEd2b2c0NnNDRUYxVVhjNGFhVGZyQWNMVmFQcG1uOGw3M1Q1WQ==,2023-06-07 12:46:27.657549
youtube#commentThread,dwzFcPax2u4hUM8t9_c1OlLoiDM,UgyxXZ3t_WHyC1NhRgB4AaABAg,"{'videoId': 'XRYjrJJZAME', 'topLevelComment': {'kind': 'youtube#comment', 'etag': 'OpLx_9cenqPFI_W96ZGlwMkT6gs', 'id': 'UgyxXZ3t_WHyC1NhRgB4AaABAg', 'snippet': {'videoId': 'XRYjrJJZAME', 'textDisplay': 'E  A  JUSTISA  AJIR<br>O  QUE  A  JUSTIÇA FEDERAL <br>TA  ESPERANDO MORRER ALGEM  PRA  DEPOIS  AJIR<br>ONU NAÇÕES UNIDAS DO BRASIL  PRECISAMOS  DA<br>VOSA   AJUDA  AGORA  COM<br>URJENCIA  VEM  AJUDAR <br>NOS  SOCORRO', 'textOriginal': 'E  A  JUSTISA  AJIR\nO  QUE  A  JUSTIÇA FEDERAL \nTA  ESPERANDO MORRER ALGEM  PRA  DEPOIS  AJIR\nONU NAÇÕES UNIDAS DO BRASIL  PRECISAMOS  DA\nVOSA   AJUDA  AGORA  COM\nURJENCIA  VEM  AJUDAR \nNOS  SOCORRO', 'authorDisplayName': 'Luiz Gonzaga', 'authorProfileImageUrl': 'https://yt3.ggpht.com/ytc/AGIKgqMchzVn5l7Rofw5Q8iMpAmvB_jdpKlzvEsrog=s48-c-k-c0x00ffffff-no-rj', 'authorChannelUrl': 'http://www.youtube.com/channel/UCIW0MxNQmjZ0C_VpUYGuc2A', 'authorChannelId': {'value': 'UCIW0MxNQmjZ0C_VpUYGuc2A'}, 'canRate': True, 'viewerRating': 'none', 'likeCount': 1, 'publishedAt': '2022-11-01T00:10:51Z', 'updatedAt': '2022-11-01T00:10:51Z'}}, 'canReply': True, 'totalReplyCount': 0, 'isPublic': True}",,UCIW0MxNQmjZ0C_VpUYGuc2A,2022-11-01T00:10:51Z,"E  A  JUSTISA  AJIR
O  QUE  A  JUSTIÇA FEDERAL 
TA  ESPERANDO MORRER ALGEM  PRA  DEPOIS  AJIR
ONU NAÇÕES UNIDAS DO BRASIL  PRECISAMOS  DA
VOSA   AJUDA  AGORA  COM
URJENCIA  VEM  AJUDAR 
NOS  SOCORRO",QURTSl9pM0RRQU9RamlfQUVIaDMwdmZGYjV0WDdCeHkxVHpnM3JndDVRaEd2b2c0NnNDRUYxVVhjNGFhVGZyQWNMVmFQcG1uOGw3M1Q1WQ==,2023-06-07 12:46:27.657549
youtube#commentThread,sVbhmnkywDZw1jpaFJ1WAPYFCA8,UgyzwVPPQEQEf8hKpvZ4AaABAg,"{'videoId': 'XRYjrJJZAME', 'topLevelComment': {'kind': 'youtube#comment', 'etag': 'yefbnczBF6WnIbO00w1w3zwA-Wc', 'id': 'UgyzwVPPQEQEf8hKpvZ4AaABAg', 'snippet': {'videoId': 'XRYjrJJZAME', 'textDisplay': 'Bolsonaristas estão descompensado?', 'textOriginal': 'Bolsonaristas estão descompensado?', 'authorDisplayName': 'Carlos Borromeu de Sousa', 'authorProfileImageUrl': 'https://yt3.ggpht.com/ytc/AGIKgqPmN-gccNnP8KPYtR7nNRk4Vw2h2aMMYiUCYg=s48-c-k-c0x00ffffff-no-rj', 'authorChannelUrl': 'http://www.youtube.com/channel/UChocfFvdOV9eeCDy1jKY-HA', 'authorChannelId': {'value': 'UChocfFvdOV9eeCDy1jKY-HA'}, 'canRate': True, 'viewerRating': 'none', 'likeCount': 0, 'publishedAt': '2022-11-01T00:09:17Z', 'updatedAt': '2022-11-01T00:09:17Z'}}, 'canReply': True, 'totalReplyCount': 0, 'isPublic': True}",,UChocfFvdOV9eeCDy1jKY-HA,2022-11-01T00:09:17Z,Bolsonaristas estão descompensado?,QURTSl9pM0RRQU9RamlfQUVIaDMwdmZGYjV0WDdCeHkxVHpnM3JndDVRaEd2b2c0NnNDRUYxVVhjNGFhVGZyQWNMVmFQcG1uOGw3M1Q1WQ==,2023-06-07 12:46:27.657549
youtube#commentThread,zqTZzC2iirY5l9nbCLT3MGQh2sI,Ugzn0TkN8smYY0r3rPR4AaABAg,"{'videoId': 'XRYjrJJZAME', 'topLevelComment': {'kind': 'youtube#comment', 'etag': 'v91j7j0SDDFMBXSIDQpOBYV3SJo', 'id': 'Ugzn0TkN8smYY0r3rPR4AaABAg', 'snippet': {'videoId': 'XRYjrJJZAME', 'textDisplay': 'Evitem confrontos com os manifestantes, deixem eles protestarem. No novo Brasil teremos que nos unir novamente!', 'textOriginal': 'Evitem confrontos com os manifestantes, deixem eles protestarem. No novo Brasil teremos que nos unir novamente!', 'authorDisplayName': 'Mandi', 'authorProfileImageUrl': 'https://yt3.ggpht.com/ytc/AGIKgqM8ePOYu8HcnPw0xdVarpgb4NuChAbNA32mPdkW=s48-c-k-c0x00ffffff-no-rj', 'authorChannelUrl': 'http://www.youtube.com/channel/UCzx5NyJTwldPYnvn6RijSnA', 'authorChannelId': {'value': 'UCzx5NyJTwldPYnvn6RijSnA'}, 'canRate': True, 'viewerRating': 'none', 'likeCount': 3, 'publishedAt': '2022-11-01T00:08:43Z', 'updatedAt': '2022-11-01T00:08:43Z'}}, 'canReply': True, 'totalReplyCount': 0, 'isPublic': True}",,UCzx5NyJTwldPYnvn6RijSnA,2022-11-01T00:08:43Z,"Evitem confrontos com os manifestantes, deixem eles protestarem. No novo Brasil teremos que nos unir novamente!",QURTSl9pM0RRQU9RamlfQUVIaDMwdmZGYjV0WDdCeHkxVHpnM3JndDVRaEd2b2c0NnNDRUYxVVhjNGFhVGZyQWNMVmFQcG1uOGw3M1Q1WQ==,2023-06-07 12:46:27.657549
youtube#commentThread,tzKGsXlCTujA7fVLR_JfC2jehEA,Ugx2xJMZxIFDbwdU9Pt4AaABAg,"{'videoId': 'XRYjrJJZAME', 'topLevelComment': {'kind': 'youtube#comment', 'etag': 'hpW2KSZu8BEHNAZpQmQqvussT-A', 'id': 'Ugx2xJMZxIFDbwdU9Pt4AaABAg', 'snippet': {'videoId': 'XRYjrJJZAME', 'textDisplay': 'A omissão dele é criminosa. Mais uma vez ele prova que não está nem aí para o povo. Confirma o espírito de anarquia.', 'textOriginal': 'A omissão dele é criminosa. Mais uma vez ele prova que não está nem aí para o povo. Confirma o espírito de anarquia.', 'authorDisplayName': 'Leila Pereira Bahia', 'authorProfileImageUrl': 'https://yt3.ggpht.com/ytc/AGIKgqNzxyhCy33t6qUwU6kNz_auh3pBwX3ebpy3Ng=s48-c-k-c0x00ffffff-no-rj', 'authorChannelUrl': 'http://www.youtube.com/channel/UC3xSyb7kYtk75RDs9iW4wUw', 'authorChannelId': {'value': 'UC3xSyb7kYtk75RDs9iW4wUw'}, 'canRate': True, 'viewerRating': 'none', 'likeCount': 4, 'publishedAt': '2022-11-01T00:07:46Z', 'updatedAt': '2022-11-01T00:07:46Z'}}, 'canReply': True, 'totalReplyCount': 0, 'isPublic': True}",,UC3xSyb7kYtk75RDs9iW4wUw,2022-11-01T00:07:46Z,A omissão dele é criminosa. Mais uma vez ele prova que não está nem aí para o povo. Confirma o espírito de anarquia.,QURTSl9pM0RRQU9RamlfQUVIaDMwdmZGYjV0WDdCeHkxVHpnM3JndDVRaEd2b2c0NnNDRUYxVVhjNGFhVGZyQWNMVmFQcG1uOGw3M1Q1WQ==,2023-06-07 12:46:27.657549
youtube#commentThread,dmFYG_ngkr5xeSRKUUjFzdOj3sA,Ugz_NrT12Xj0EMcnGGh4AaABAg,"{'videoId': 'XRYjrJJZAME', 'topLevelComment': {'kind': 'youtube#comment', 'etag': 'HOvNBf2yVDb_i__Vi6kzILB0lIQ', 'id': 'Ugz_NrT12Xj0EMcnGGh4AaABAg', 'snippet': {'videoId': 'XRYjrJJZAME', 'textDisplay': 'PARABÉNS PIMENTA, SOFREMOS POR QUATRO ANOS. QUIETOS, AGORA AINDA TEMOS QUE SUPORTAR. MAIS ESSAS AGRESSÕES, A NOSSA INTEGRIDADE, E AO BRASIL, !ATÉ AONDE VAI A SANIDADE MENTAL DESSE HOMEM!?', 'textOriginal': 'PARABÉNS PIMENTA, SOFREMOS POR QUATRO ANOS. QUIETOS, AGORA AINDA TEMOS QUE SUPORTAR. MAIS ESSAS AGRESSÕES, A NOSSA INTEGRIDADE, E AO BRASIL, !ATÉ AONDE VAI A SANIDADE MENTAL DESSE HOMEM!?', 'authorDisplayName': 'Irma Braga', 'authorProfileImageUrl': 'https://yt3.ggpht.com/ytc/AGIKgqPte5iXjpHRglgI4718PMUFOeg5xTpDljyX5w=s48-c-k-c0x00ffffff-no-rj', 'authorChannelUrl': 'http://www.youtube.com/channel/UCiwE5EMyBFfPYg-ttIa0ynw', 'authorChannelId': {'value': 'UCiwE5EMyBFfPYg-ttIa0ynw'}, 'canRate': True, 'viewerRating': 'none', 'likeCount': 69, 'publishedAt': '2022-11-01T00:07:45Z', 'updatedAt': '2022-11-01T00:07:45Z'}}, 'canReply': True, 'totalReplyCount': 1, 'isPublic': True}","{'comments': [{'kind': 'youtube#comment', 'etag': 'ocVLC4bePX5iitqNDdcM9juFS4s', 'id': 'Ugz_NrT12Xj0EMcnGGh4AaABAg.9hrxatPs93j9hs1VqpkmF2', 'snippet': {'videoId': 'XRYjrJJZAME', 'textDisplay': 'Sofro ataques desde 2014 em terra do MDB. No RS.', 'textOriginal': 'Sofro ataques desde 2014 em terra do MDB. No RS.', 'parentId': 'Ugz_NrT12Xj0EMcnGGh4AaABAg', 'authorDisplayName': 'Mirtes Muller', 'authorProfileImageUrl': 'https://yt3.ggpht.com/ytc/AGIKgqPntKUglHrRkKMf1sra5SsSRtkgtV6K0AGRLg=s48-c-k-c0x00ffffff-no-rj', 'authorChannelUrl': 'http://www.youtube.com/channel/UCRSD2HeU4rIov2y1thJIhsw', 'authorChannelId': {'value': 'UCRSD2HeU4rIov2y1thJIhsw'}, 'canRate': True, 'viewerRating': 'none', 'likeCount': 1, 'publishedAt': '2022-11-01T00:50:36Z', 'updatedAt': '2022-11-01T00:50:36Z'}}]}",UCiwE5EMyBFfPYg-ttIa0ynw,2022-11-01T00:07:45Z,"PARABÉNS PIMENTA, SOFREMOS POR QUATRO ANOS. QUIETOS, AGORA AINDA TEMOS QUE SUPORTAR. MAIS ESSAS AGRESSÕES, A NOSSA INTEGRIDADE, E AO BRASIL, !ATÉ AONDE VAI A SANIDADE MENTAL DESSE HOMEM!?",QURTSl9pM0RRQU9RamlfQUVIaDMwdmZGYjV0WDdCeHkxVHpnM3JndDVRaEd2b2c0NnNDRUYxVVhjNGFhVGZyQWNMVmFQcG1uOGw3M1Q1WQ==,2023-06-07 12:46:27.657549
youtube#commentThread,WCowowo26KxZCYPHV-R0xULlOjw,UgwGHZ0wa4hPV1Bg1zd4AaABAg,"{'videoId': 'XRYjrJJZAME', 'topLevelComment': {'kind': 'youtube#comment', 'etag': 'ryFZXW8f5-7fBwK1Tw0scXVrhUs', 'id': 'UgwGHZ0wa4hPV1Bg1zd4AaABAg', 'snippet': {'videoId': 'XRYjrJJZAME', 'textDisplay': 'Esse vagabundo deste presidente edta atrás disto', 'textOriginal': 'Esse vagabundo deste presidente edta atrás disto', 'authorDisplayName': 'Graça Variedades', 'authorProfileImageUrl': 'https://yt3.ggpht.com/GDTjV91WCplzcDs9NDuCrv0YidLvGblLZh_4NmzPhZDikGCCfmGGVbqkd1UvJQDegIOtl1lF814=s48-c-k-c0x00ffffff-no-rj', 'authorChannelUrl': 'http://www.youtube.com/channel/UCUSDRG-Ozgvs2LPtuB0LM7Q', 'authorChannelId': {'value': 'UCUSDRG-Ozgvs2LPtuB0LM7Q'}, 'canRate': True, 'viewerRating': 'none', 'likeCount': 0, 'publishedAt': '2022-11-01T00:07:44Z', 'updatedAt': '2022-11-01T00:07:44Z'}}, 'canReply': True, 'totalReplyCount': 0, 'isPublic': True}",,UCUSDRG-Ozgvs2LPtuB0LM7Q,2022-11-01T00:07:44Z,Esse vagabundo deste presidente edta atrás disto,QURTSl9pM0RRQU9RamlfQUVIaDMwdmZGYjV0WDdCeHkxVHpnM3JndDVRaEd2b2c0NnNDRUYxVVhjNGFhVGZyQWNMVmFQcG1uOGw3M1Q1WQ==,2023-06-07 12:46:27.657549
youtube#commentThread,4KCP-MuiO_fyDuuWNo3iCWFqvv0,UgzhRJ3cCxUP9vSJ9tF4AaABAg,"{'videoId': 'XRYjrJJZAME', 'topLevelComment': {'kind': 'youtube#comment', 'etag': 'qvBuIXFJYdhr7F5BGqIihGDqgAg', 'id': 'UgzhRJ3cCxUP9vSJ9tF4AaABAg', 'snippet': {'videoId': 'XRYjrJJZAME', 'textDisplay': 'Se fosse nos tinha tudo quanto é  mil7co mandando bala', 'textOriginal': 'Se fosse nos tinha tudo quanto é  mil7co mandando bala', 'authorDisplayName': 'Graça Variedades', 'authorProfileImageUrl': 'https://yt3.ggpht.com/GDTjV91WCplzcDs9NDuCrv0YidLvGblLZh_4NmzPhZDikGCCfmGGVbqkd1UvJQDegIOtl1lF814=s48-c-k-c0x00ffffff-no-rj', 'authorChannelUrl': 'http://www.youtube.com/channel/UCUSDRG-Ozgvs2LPtuB0LM7Q', 'authorChannelId': {'value': 'UCUSDRG-Ozgvs2LPtuB0LM7Q'}, 'canRate': True, 'viewerRating': 'none', 'likeCount': 2, 'publishedAt': '2022-11-01T00:06:56Z', 'updatedAt': '2022-11-01T00:06:56Z'}}, 'canReply': True, 'totalReplyCount': 0, 'isPublic': True}",,UCUSDRG-Ozgvs2LPtuB0LM7Q,2022-11-01T00:06:56Z,Se fosse nos tinha tudo quanto é  mil7co mandando bala,QURTSl9pM0RRQU9RamlfQUVIaDMwdmZGYjV0WDdCeHkxVHpnM3JndDVRaEd2b2c0NnNDRUYxVVhjNGFhVGZyQWNMVmFQcG1uOGw3M1Q1WQ==,2023-06-07 12:46:27.657549
youtube#commentThread,EjHHeRAway_LTWLGVNaJLy1cRsQ,UgzEIBWoF3IcWzslNxB4AaABAg,"{'videoId': 'XRYjrJJZAME', 'topLevelComment': {'kind': 'youtube#comment', 'etag': '165AvI4WzTUtOexPCc21L1cVkrw', 'id': 'UgzEIBWoF3IcWzslNxB4AaABAg', 'snippet': {'videoId': 'XRYjrJJZAME', 'textDisplay': 'Verdade falou tudo', 'textOriginal': 'Verdade falou tudo', 'authorDisplayName': 'Cristiane Ferreura', 'authorProfileImageUrl': 'https://yt3.ggpht.com/ytc/AGIKgqNbRz6inmHjcEJe-vSe4gVeNWQ59eRQWpU3VNdO3g=s48-c-k-c0x00ffffff-no-rj', 'authorChannelUrl': 'http://www.youtube.com/channel/UCi_xpogCrpKrs8ZgD8NUXDA', 'authorChannelId': {'value': 'UCi_xpogCrpKrs8ZgD8NUXDA'}, 'canRate': True, 'viewerRating': 'none', 'likeCount': 5, 'publishedAt': '2022-11-01T00:06:37Z', 'updatedAt': '2022-11-01T00:06:37Z'}}, 'canReply': True, 'totalReplyCount': 0, 'isPublic': True}",,UCi_xpogCrpKrs8ZgD8NUXDA,2022-11-01T00:06:37Z,Verdade falou tudo,QURTSl9pM0RRQU9RamlfQUVIaDMwdmZGYjV0WDdCeHkxVHpnM3JndDVRaEd2b2c0NnNDRUYxVVhjNGFhVGZyQWNMVmFQcG1uOGw3M1Q1WQ==,2023-06-07 12:46:27.657549
youtube#commentThread,OfDCW6lkTnt_OyB3tP-g5DJ9UrE,UgzzARuKz8xR4bFb7uZ4AaABAg,"{'videoId': 'XRYjrJJZAME', 'topLevelComment': {'kind': 'youtube#comment', 'etag': '0ROcbPEKT58bjge2lToHa2pFJLU', 'id': 'UgzzARuKz8xR4bFb7uZ4AaABAg', 'snippet': {'videoId': 'XRYjrJJZAME', 'textDisplay': 'Verdade virão a tona e eles tem que arcar com as consequências dos seus atos criminosos', 'textOriginal': 'Verdade virão a tona e eles tem que arcar com as consequências dos seus atos criminosos', 'authorDisplayName': 'Cida Ramos Ensina', 'authorProfileImageUrl': 'https://yt3.ggpht.com/ytc/AGIKgqNpGNs7YLntlJif_xRtXXvP5AQmqQ28ePLrMQ=s48-c-k-c0x00ffffff-no-rj', 'authorChannelUrl': 'http://www.youtube.com/channel/UCFnMM4JnD1bAms3kQVBR4Pw', 'authorChannelId': {'value': 'UCFnMM4JnD1bAms3kQVBR4Pw'}, 'canRate': True, 'viewerRating': 'none', 'likeCount': 20, 'publishedAt': '2022-11-01T00:06:32Z', 'updatedAt': '2022-11-01T00:06:32Z'}}, 'canReply': True, 'totalReplyCount': 0, 'isPublic': True}",,UCFnMM4JnD1bAms3kQVBR4Pw,2022-11-01T00:06:32Z,Verdade virão a tona e eles tem que arcar com as consequências dos seus atos criminosos,QURTSl9pM0RRQU9RamlfQUVIaDMwdmZGYjV0WDdCeHkxVHpnM3JndDVRaEd2b2c0NnNDRUYxVVhjNGFhVGZyQWNMVmFQcG1uOGw3M1Q1WQ==,2023-06-07 12:46:27.657549
youtube#commentThread,rsGHcMHZAnsaUPs6r0XlTyS__tA,UgxyeELYHt7qQqhK28h4AaABAg,"{'videoId': 'XRYjrJJZAME', 'topLevelComment': {'kind': 'youtube#comment', 'etag': 'hZ9PBWrnew-yarn2UXPSIDDPyz8', 'id': 'UgxyeELYHt7qQqhK28h4AaABAg', 'snippet': {'videoId': 'XRYjrJJZAME', 'textDisplay': 'Estamos falando de baderneiros,  e não trabalhadores, pois quem está precisando sustentar família, provavelmente não estão aí, o certo é baixar a borracha no lombo destes filhos da puta.', 'textOriginal': 'Estamos falando de baderneiros,  e não trabalhadores, pois quem está precisando sustentar família, provavelmente não estão aí, o certo é baixar a borracha no lombo destes filhos da puta.', 'authorDisplayName': 'Luis Pires', 'authorProfileImageUrl': 'https://yt3.ggpht.com/ytc/AGIKgqPNjvJ6yewHudEvsfKBTvSH_yTwUD_bKjFesVDqBgdAT19Jp_1JlaT-dGSId9o5=s48-c-k-c0x00ffffff-no-rj', 'authorChannelUrl': 'http://www.youtube.com/channel/UCDN_qvjsKCP6h3T1NuAFt1Q', 'authorChannelId': {'value': 'UCDN_qvjsKCP6h3T1NuAFt1Q'}, 'canRate': True, 'viewerRating': 'none', 'likeCount': 0, 'publishedAt': '2022-11-01T00:06:19Z', 'updatedAt': '2022-11-01T00:06:19Z'}}, 'canReply': True, 'totalReplyCount': 0, 'isPublic': True}",,UCDN_qvjsKCP6h3T1NuAFt1Q,2022-11-01T00:06:19Z,"Estamos falando de baderneiros,  e não trabalhadores, pois quem está precisando sustentar família, provavelmente não estão aí, o certo é baixar a borracha no lombo destes filhos da puta.",QURTSl9pM0RRQU9RamlfQUVIaDMwdmZGYjV0WDdCeHkxVHpnM3JndDVRaEd2b2c0NnNDRUYxVVhjNGFhVGZyQWNMVmFQcG1uOGw3M1Q1WQ==,2023-06-07 12:46:27.657549
youtube#commentThread,ezRYlNVEeOY5O0uF_JJ8xMpv0Y8,UgzZTM78xG5fKk6KCuh4AaABAg,"{'videoId': 'XRYjrJJZAME', 'topLevelComment': {'kind': 'youtube#comment', 'etag': 'oUjyo0gnhmD4emRweA26Dto6L-8', 'id': 'UgzZTM78xG5fKk6KCuh4AaABAg', 'snippet': {'videoId': 'XRYjrJJZAME', 'textDisplay': 'BolsoMonstro ser MALÉFICO um vampiro insaciável 🤑🤮<br>BolsonarismoMATA de TODAS as FORMAS BolsonaroJulgadoECondenado veremos', 'textOriginal': 'BolsoMonstro ser MALÉFICO um vampiro insaciável 🤑🤮\nBolsonarismoMATA de TODAS as FORMAS BolsonaroJulgadoECondenado veremos', 'authorDisplayName': 'Soraya Borges', 'authorProfileImageUrl': 'https://yt3.ggpht.com/ytc/AGIKgqMvvMc6ZhChUwjVJvtR7f7I1QucpXwuv4PNEQ=s48-c-k-c0x00ffffff-no-rj', 'authorChannelUrl': 'http://www.youtube.com/channel/UCX69221erySHV_b4-F7ivCg', 'authorChannelId': {'value': 'UCX69221erySHV_b4-F7ivCg'}, 'canRate': True, 'viewerRating': 'none', 'likeCount': 0, 'publishedAt': '2022-11-01T00:06:16Z', 'updatedAt': '2022-11-01T00:06:16Z'}}, 'canReply': True, 'totalReplyCount': 0, 'isPublic': True}",,UCX69221erySHV_b4-F7ivCg,2022-11-01T00:06:16Z,"BolsoMonstro ser MALÉFICO um vampiro insaciável 🤑🤮
BolsonarismoMATA de TODAS as FORMAS BolsonaroJulgadoECondenado veremos",QURTSl9pM0RRQU9RamlfQUVIaDMwdmZGYjV0WDdCeHkxVHpnM3JndDVRaEd2b2c0NnNDRUYxVVhjNGFhVGZyQWNMVmFQcG1uOGw3M1Q1WQ==,2023-06-07 12:46:27.657549
youtube#commentThread,piPjH7Wk87cb0BaDSNg79IiUVPE,UgzXcZjdfhdpuHeA-lp4AaABAg,"{'videoId': 'XRYjrJJZAME', 'topLevelComment': {'kind': 'youtube#comment', 'etag': 'mvVaeI-y82JE61geiTGwHaXq5ro', 'id': 'UgzXcZjdfhdpuHeA-lp4AaABAg', 'snippet': {'videoId': 'XRYjrJJZAME', 'textDisplay': 'Se o Lixonaro tivesse ganho e alguém pensasse em fazer qualquer tipo de protesto, a PRF já estaria descendo a porrada. Esses policiais envergonham o Brasil!!!', 'textOriginal': 'Se o Lixonaro tivesse ganho e alguém pensasse em fazer qualquer tipo de protesto, a PRF já estaria descendo a porrada. Esses policiais envergonham o Brasil!!!', 'authorDisplayName': 'Marcos André', 'authorProfileImageUrl': 'https://yt3.ggpht.com/ytc/AGIKgqNTSbMNucDqtc_Pvt-GYQnKJSwhoAHwW6NLYz1k=s48-c-k-c0x00ffffff-no-rj', 'authorChannelUrl': 'http://www.youtube.com/channel/UCOH0ucSLWfHVJDrQMZWvpqQ', 'authorChannelId': {'value': 'UCOH0ucSLWfHVJDrQMZWvpqQ'}, 'canRate': True, 'viewerRating': 'none', 'likeCount': 0, 'publishedAt': '2022-11-01T00:06:15Z', 'updatedAt': '2022-11-01T00:06:15Z'}}, 'canReply': True, 'totalReplyCount': 0, 'isPublic': True}",,UCOH0ucSLWfHVJDrQMZWvpqQ,2022-11-01T00:06:15Z,"Se o Lixonaro tivesse ganho e alguém pensasse em fazer qualquer tipo de protesto, a PRF já estaria descendo a porrada. Esses policiais envergonham o Brasil!!!",QURTSl9pM0RRQU9RamlfQUVIaDMwdmZGYjV0WDdCeHkxVHpnM3JndDVRaEd2b2c0NnNDRUYxVVhjNGFhVGZyQWNMVmFQcG1uOGw3M1Q1WQ==,2023-06-07 12:46:27.657549
youtube#commentThread,oN7UYgcXcTv8BJ6AwtmfXEopv5c,Ugz2q-Fbrdd_93mAmRd4AaABAg,"{'videoId': 'XRYjrJJZAME', 'topLevelComment': {'kind': 'youtube#comment', 'etag': 'UhiEKxgdGvQxL9YK_2iHrQSNzVA', 'id': 'Ugz2q-Fbrdd_93mAmRd4AaABAg', 'snippet': {'videoId': 'XRYjrJJZAME', 'textDisplay': 'Isso já é de se esperar do tipo de Bolsonaro não tem postura ele gosta de guerra entre a população.', 'textOriginal': 'Isso já é de se esperar do tipo de Bolsonaro não tem postura ele gosta de guerra entre a população.', 'authorDisplayName': 'Valeria Gomes', 'authorProfileImageUrl': 'https://yt3.ggpht.com/ytc/AGIKgqPRPGjHkaw8hqplA8c2U2DxvmMAcmJUuMs33A=s48-c-k-c0x00ffffff-no-rj', 'authorChannelUrl': 'http://www.youtube.com/channel/UCwr4L7squOkf26Cd9mtSCAg', 'authorChannelId': {'value': 'UCwr4L7squOkf26Cd9mtSCAg'}, 'canRate': True, 'viewerRating': 'none', 'likeCount': 0, 'publishedAt': '2022-11-01T00:06:13Z', 'updatedAt': '2022-11-01T00:06:13Z'}}, 'canReply': True, 'totalReplyCount': 0, 'isPublic': True}",,UCwr4L7squOkf26Cd9mtSCAg,2022-11-01T00:06:13Z,Isso já é de se esperar do tipo de Bolsonaro não tem postura ele gosta de guerra entre a população.,QURTSl9pM0RRQU9RamlfQUVIaDMwdmZGYjV0WDdCeHkxVHpnM3JndDVRaEd2b2c0NnNDRUYxVVhjNGFhVGZyQWNMVmFQcG1uOGw3M1Q1WQ==,2023-06-07 12:46:27.657549
youtube#commentThread,quskV3alvtwnGgJwEDTssuRRxKo,UgzoVtryu-Ht4qQQGwB4AaABAg,"{'videoId': 'XRYjrJJZAME', 'topLevelComment': {'kind': 'youtube#comment', 'etag': '87u02uLh47ZozM6OJuGaR8Fdoy0', 'id': 'UgzoVtryu-Ht4qQQGwB4AaABAg', 'snippet': {'videoId': 'XRYjrJJZAME', 'textDisplay': 'Vcs são podres, nojentos reis das fake news', 'textOriginal': 'Vcs são podres, nojentos reis das fake news', 'authorDisplayName': 'compras compras', 'authorProfileImageUrl': 'https://yt3.ggpht.com/ytc/AGIKgqPIWI4UvOU0wCI8E861NHDOhtVygdGQsWnVCA=s48-c-k-c0x00ffffff-no-rj', 'authorChannelUrl': 'http://www.youtube.com/channel/UC87J6Znmp-ZUNb9OL4i-TUg', 'authorChannelId': {'value': 'UC87J6Znmp-ZUNb9OL4i-TUg'}, 'canRate': True, 'viewerRating': 'none', 'likeCount': 1, 'publishedAt': '2022-11-01T00:06:11Z', 'updatedAt': '2022-11-01T00:06:11Z'}}, 'canReply': True, 'totalReplyCount': 0, 'isPublic': True}",,UC87J6Znmp-ZUNb9OL4i-TUg,2022-11-01T00:06:11Z,"Vcs são podres, nojentos reis das fake news",QURTSl9pM0RRQU9RamlfQUVIaDMwdmZGYjV0WDdCeHkxVHpnM3JndDVRaEd2b2c0NnNDRUYxVVhjNGFhVGZyQWNMVmFQcG1uOGw3M1Q1WQ==,2023-06-07 12:46:27.657549
youtube#commentThread,1fve4j35VQslAElcPDlgTWPrVPA,UgwSRqun7SgKCOjQKt94AaABAg,"{'videoId': 'XRYjrJJZAME', 'topLevelComment': {'kind': 'youtube#comment', 'etag': 'kxIqpGREAgM8eLA9vQOBSviFX2U', 'id': 'UgwSRqun7SgKCOjQKt94AaABAg', 'snippet': {'videoId': 'XRYjrJJZAME', 'textDisplay': 'O  Senhor  é  uma  pessoa  sensata  muito especial parabéns por uma pessoa  tão especial', 'textOriginal': 'O  Senhor  é  uma  pessoa  sensata  muito especial parabéns por uma pessoa  tão especial', 'authorDisplayName': 'Socorro Muniz', 'authorProfileImageUrl': 'https://yt3.ggpht.com/ytc/AGIKgqMyVmBws5vibte1goMsvvbFbNGgUDbpeJgt9Q=s48-c-k-c0x00ffffff-no-rj', 'authorChannelUrl': 'http://www.youtube.com/channel/UCysDGPkvmLwqZODmisRQN_g', 'authorChannelId': {'value': 'UCysDGPkvmLwqZODmisRQN_g'}, 'canRate': True, 'viewerRating': 'none', 'likeCount': 38, 'publishedAt': '2022-11-01T00:06:10Z', 'updatedAt': '2022-11-01T00:06:10Z'}}, 'canReply': True, 'totalReplyCount': 1, 'isPublic': True}","{'comments': [{'kind': 'youtube#comment', 'etag': '9HJIeY0YooHIKA_EcY6qvURtrRg', 'id': 'UgwSRqun7SgKCOjQKt94AaABAg.9hrxQKbkvOG9htJaFTWf-O', 'snippet': {'videoId': 'XRYjrJJZAME', 'textDisplay': 'E nós voltamos pra ter respeito  paz e democracia e isso que queremos e pedimos as autoridades comete que tome as providências necessárias pra prevaleça a ordem no nosso país eu tenho 63 anos e nunca vi tamanha falta de respeito 😔', 'textOriginal': 'E nós voltamos pra ter respeito  paz e democracia e isso que queremos e pedimos as autoridades comete que tome as providências necessárias pra prevaleça a ordem no nosso país eu tenho 63 anos e nunca vi tamanha falta de respeito 😔', 'parentId': 'UgwSRqun7SgKCOjQKt94AaABAg', 'authorDisplayName': 'Maria Jose Silva', 'authorProfileImageUrl': 'https://yt3.ggpht.com/ytc/AGIKgqNSA2AMUuUr0wdHwMTkrqPUGulmmnejW4wjJA=s48-c-k-c0x00ffffff-no-rj', 'authorChannelUrl': 'http://www.youtube.com/channel/UCWwzpsGZr0szCJVKe0JQL5w', 'authorChannelId': {'value': 'UCWwzpsGZr0szCJVKe0JQL5w'}, 'canRate': True, 'viewerRating': 'none', 'likeCount': 0, 'publishedAt': '2022-11-01T12:47:52Z', 'updatedAt': '2022-11-01T12:47:52Z'}}]}",UCysDGPkvmLwqZODmisRQN_g,2022-11-01T00:06:10Z,O  Senhor  é  uma  pessoa  sensata  muito especial parabéns por uma pessoa  tão especial,QURTSl9pM0RRQU9RamlfQUVIaDMwdmZGYjV0WDdCeHkxVHpnM3JndDVRaEd2b2c0NnNDRUYxVVhjNGFhVGZyQWNMVmFQcG1uOGw3M1Q1WQ==,2023-06-07 12:46:27.657549
youtube#commentThread,1kw-1ourdFZ7EdfS1uKUEqi1HEs,Ugz4jnsqH8JFwvVqW0F4AaABAg,"{'videoId': 'XRYjrJJZAME', 'topLevelComment': {'kind': 'youtube#comment', 'etag': 'gfcA5ARbOorRSPtW5wOtZVYLZbI', 'id': 'Ugz4jnsqH8JFwvVqW0F4AaABAg', 'snippet': {'videoId': 'XRYjrJJZAME', 'textDisplay': 'Aqui em santo Antônio da patrulha é um formador de quadrilha se chama André Machado se quiser eu levo na casa dele não é caminhoneiro.', 'textOriginal': 'Aqui em santo Antônio da patrulha é um formador de quadrilha se chama André Machado se quiser eu levo na casa dele não é caminhoneiro.', 'authorDisplayName': 'airton silveira', 'authorProfileImageUrl': 'https://yt3.ggpht.com/ytc/AGIKgqPdgFmVJ5ypjZVVSt9HcGodxWvsAmt09eqvDnp4VjlabawsFm_Vzn_9KKawxeqi=s48-c-k-c0x00ffffff-no-rj', 'authorChannelUrl': 'http://www.youtube.com/channel/UCGZFxK1WDT-Ck3l4ZIPT5JQ', 'authorChannelId': {'value': 'UCGZFxK1WDT-Ck3l4ZIPT5JQ'}, 'canRate': True, 'viewerRating': 'none', 'likeCount': 2, 'publishedAt': '2022-11-01T00:06:00Z', 'updatedAt': '2022-11-01T00:06:00Z'}}, 'canReply': True, 'totalReplyCount': 1, 'isPublic': True}","{'comments': [{'kind': 'youtube#comment', 'etag': 'Z2SPaL9uAnJmrKukNupRJ2CSZqE', 'id': 'Ugz4jnsqH8JFwvVqW0F4AaABAg.9hrxP6PGTm_9ht57Rv6aY4', 'snippet': {'videoId': 'XRYjrJJZAME', 'textDisplay': 'Com certeza,muitos infiltrados que não são caminhoneiros.<br>No RJ,pelos vídeos que estão circulando dá para ver que vários são milicianos.<br>É muito triste a Justiça e o Comando da PRF permitir isto!', 'textOriginal': 'Com certeza,muitos infiltrados que não são caminhoneiros.\nNo RJ,pelos vídeos que estão circulando dá para ver que vários são milicianos.\nÉ muito triste a Justiça e o Comando da PRF permitir isto!', 'parentId': 'Ugz4jnsqH8JFwvVqW0F4AaABAg', 'authorDisplayName': 'Maria Luiza Fernandes', 'authorProfileImageUrl': 'https://yt3.ggpht.com/ytc/AGIKgqME-Wg-pGQ36oPYjrhodW1ZwN-CH6rpkbDVJA=s48-c-k-c0x00ffffff-no-rj', 'authorChannelUrl': 'http://www.youtube.com/channel/UCK66zYDAhOvPiugld_logNw', 'authorChannelId': {'value': 'UCK66zYDAhOvPiugld_logNw'}, 'canRate': True, 'viewerRating': 'none', 'likeCount': 0, 'publishedAt': '2022-11-01T10:41:28Z', 'updatedAt': '2022-11-01T10:41:28Z'}}]}",UCGZFxK1WDT-Ck3l4ZIPT5JQ,2022-11-01T00:06:00Z,Aqui em santo Antônio da patrulha é um formador de quadrilha se chama André Machado se quiser eu levo na casa dele não é caminhoneiro.,QURTSl9pM0RRQU9RamlfQUVIaDMwdmZGYjV0WDdCeHkxVHpnM3JndDVRaEd2b2c0NnNDRUYxVVhjNGFhVGZyQWNMVmFQcG1uOGw3M1Q1WQ==,2023-06-07 12:46:27.657549
youtube#commentThread,g23H2_xRRxvQNP0PtN1bTl7M96c,UgzkS3xs61zyEpgIHEt4AaABAg,"{'videoId': 'XRYjrJJZAME', 'topLevelComment': {'kind': 'youtube#comment', 'etag': 'LT9aAcZifm6BTa17mYj6kFkkkpI', 'id': 'UgzkS3xs61zyEpgIHEt4AaABAg', 'snippet': {'videoId': 'XRYjrJJZAME', 'textDisplay': 'Polícia rodoviária Federal edta passando pano nisso   e só analisar a desgraceuras wue fizeram vom as noites no dia das eleições', 'textOriginal': 'Polícia rodoviária Federal edta passando pano nisso   e só analisar a desgraceuras wue fizeram vom as noites no dia das eleições', 'authorDisplayName': 'Graça Variedades', 'authorProfileImageUrl': 'https://yt3.ggpht.com/GDTjV91WCplzcDs9NDuCrv0YidLvGblLZh_4NmzPhZDikGCCfmGGVbqkd1UvJQDegIOtl1lF814=s48-c-k-c0x00ffffff-no-rj', 'authorChannelUrl': 'http://www.youtube.com/channel/UCUSDRG-Ozgvs2LPtuB0LM7Q', 'authorChannelId': {'value': 'UCUSDRG-Ozgvs2LPtuB0LM7Q'}, 'canRate': True, 'viewerRating': 'none', 'likeCount': 11, 'publishedAt': '2022-11-01T00:05:45Z', 'updatedAt': '2022-11-01T00:05:45Z'}}, 'canReply': True, 'totalReplyCount': 0, 'isPublic': True}",,UCUSDRG-Ozgvs2LPtuB0LM7Q,2022-11-01T00:05:45Z,Polícia rodoviária Federal edta passando pano nisso   e só analisar a desgraceuras wue fizeram vom as noites no dia das eleições,QURTSl9pM0RRQU9RamlfQUVIaDMwdmZGYjV0WDdCeHkxVHpnM3JndDVRaEd2b2c0NnNDRUYxVVhjNGFhVGZyQWNMVmFQcG1uOGw3M1Q1WQ==,2023-06-07 12:46:27.657549
youtube#commentThread,6IFB_10615rhrc9WghuJWJHfq1U,Ugws9NFcsbyha8yScTl4AaABAg,"{'videoId': 'XRYjrJJZAME', 'topLevelComment': {'kind': 'youtube#comment', 'etag': '-pGn5sift6vTJFLRvkk5RmkVx5s', 'id': 'Ugws9NFcsbyha8yScTl4AaABAg', 'snippet': {'videoId': 'XRYjrJJZAME', 'textDisplay': 'Agora é hora de arrumar a casa da bagunça que o Bolsonaro fez dividindo o nosso Brasil', 'textOriginal': 'Agora é hora de arrumar a casa da bagunça que o Bolsonaro fez dividindo o nosso Brasil', 'authorDisplayName': 'Isabel Cristina de Souza Faria', 'authorProfileImageUrl': 'https://yt3.ggpht.com/ytc/AGIKgqNs12rk2wglTtvJwUSuEn8tCace986B_IqVI9DN=s48-c-k-c0x00ffffff-no-rj', 'authorChannelUrl': 'http://www.youtube.com/channel/UCey-AMysFAKAEIOLmj31sNA', 'authorChannelId': {'value': 'UCey-AMysFAKAEIOLmj31sNA'}, 'canRate': True, 'viewerRating': 'none', 'likeCount': 0, 'publishedAt': '2022-11-01T00:05:29Z', 'updatedAt': '2022-11-01T00:05:29Z'}}, 'canReply': True, 'totalReplyCount': 0, 'isPublic': True}",,UCey-AMysFAKAEIOLmj31sNA,2022-11-01T00:05:29Z,Agora é hora de arrumar a casa da bagunça que o Bolsonaro fez dividindo o nosso Brasil,QURTSl9pM0RRQU9RamlfQUVIaDMwdmZGYjV0WDdCeHkxVHpnM3JndDVRaEd2b2c0NnNDRUYxVVhjNGFhVGZyQWNMVmFQcG1uOGw3M1Q1WQ==,2023-06-07 12:46:27.657549
youtube#commentThread,nRYJLoUoCr15nQjFx48q2OVg2Do,Ugx_7cmpsRGj8kUiVeR4AaABAg,"{'videoId': 'XRYjrJJZAME', 'topLevelComment': {'kind': 'youtube#comment', 'etag': 'WKkcpwJD2HVkUIBmTkpP2w6T9o0', 'id': 'Ugx_7cmpsRGj8kUiVeR4AaABAg', 'snippet': {'videoId': 'XRYjrJJZAME', 'textDisplay': 'Deus está no comando. Vamos confiar. Que Deus abençoe todos nós.', 'textOriginal': 'Deus está no comando. Vamos confiar. Que Deus abençoe todos nós.', 'authorDisplayName': 'Marizete Melo', 'authorProfileImageUrl': 'https://yt3.ggpht.com/2t3Ih0l46oT_i6ygLLs8h-kOD2Kci2ukjWiEQE6cu2S7LUXuhKnI5YV-AHL8i1tLHG_dxwzM=s48-c-k-c0x00ffffff-no-rj', 'authorChannelUrl': 'http://www.youtube.com/channel/UCtD9Al2dA0KJSLwV1xSrTOQ', 'authorChannelId': {'value': 'UCtD9Al2dA0KJSLwV1xSrTOQ'}, 'canRate': True, 'viewerRating': 'none', 'likeCount': 11, 'publishedAt': '2022-11-01T00:05:28Z', 'updatedAt': '2022-11-01T00:05:28Z'}}, 'canReply': True, 'totalReplyCount': 2, 'isPublic': True}","{'comments': [{'kind': 'youtube#comment', 'etag': 'BiKihDMAKZ_r4Dh9kswjh_y3lh0', 'id': 'Ugx_7cmpsRGj8kUiVeR4AaABAg.9hrxLDAhNVm9hs6t4pFLLw', 'snippet': {'videoId': 'XRYjrJJZAME', 'textDisplay': 'Vamos orar pelo presidente Lula, que Deus tenha misericórdia do povo brasileiro que sofre nas mãos de tiranos.', 'textOriginal': 'Vamos orar pelo presidente Lula, que Deus tenha misericórdia do povo brasileiro que sofre nas mãos de tiranos.', 'parentId': 'Ugx_7cmpsRGj8kUiVeR4AaABAg', 'authorDisplayName': 'Mirian Ordakowski', 'authorProfileImageUrl': 'https://yt3.ggpht.com/ytc/AGIKgqP-J3U0XO0fIvVQm658R-5f1-ONrRs0Zp95fA=s48-c-k-c0x00ffffff-no-rj', 'authorChannelUrl': 'http://www.youtube.com/channel/UCGmw9YN5UJV3Lgw3T3cmq-w', 'authorChannelId': {'value': 'UCGmw9YN5UJV3Lgw3T3cmq-w'}, 'canRate': True, 'viewerRating': 'none', 'likeCount': 1, 'publishedAt': '2022-11-01T01:37:36Z', 'updatedAt': '2022-11-01T01:37:36Z'}}, {'kind': 'youtube#comment', 'etag': 'dqLrINvixm1o_Xn44SK60DWbUGI', 'id': 'Ugx_7cmpsRGj8kUiVeR4AaABAg.9hrxLDAhNVm9hs3jlnqEv1', 'snippet': {'videoId': 'XRYjrJJZAME', 'textDisplay': '🙏🙏🙏🙏🙏🙏🙏', 'textOriginal': '🙏🙏🙏🙏🙏🙏🙏', 'parentId': 'Ugx_7cmpsRGj8kUiVeR4AaABAg', 'authorDisplayName': 'Alba Nisia', 'authorProfileImageUrl': 'https://yt3.ggpht.com/ytc/AGIKgqNGxLQvvItxHbX3u4Lpa6MfDUW5lUcAf_1lvQ=s48-c-k-c0x00ffffff-no-rj', 'authorChannelUrl': 'http://www.youtube.com/channel/UCj50yw815nDZ8M4ZFnfLd2w', 'authorChannelId': {'value': 'UCj50yw815nDZ8M4ZFnfLd2w'}, 'canRate': True, 'viewerRating': 'none', 'likeCount': 0, 'publishedAt': '2022-11-01T01:10:07Z', 'updatedAt': '2022-11-01T01:10:07Z'}}]}",UCtD9Al2dA0KJSLwV1xSrTOQ,2022-11-01T00:05:28Z,Deus está no comando. Vamos confiar. Que Deus abençoe todos nós.,QURTSl9pM0RRQU9RamlfQUVIaDMwdmZGYjV0WDdCeHkxVHpnM3JndDVRaEd2b2c0NnNDRUYxVVhjNGFhVGZyQWNMVmFQcG1uOGw3M1Q1WQ==,2023-06-07 12:46:27.657549
youtube#commentThread,StP0HywufBmQKS754s5hEuVpEf0,UgxqS5_mZnaR-Y-E0Fp4AaABAg,"{'videoId': 'XRYjrJJZAME', 'topLevelComment': {'kind': 'youtube#comment', 'etag': 'qXr_p7RKoJHPLE6i3TlGlfkDm9w', 'id': 'UgxqS5_mZnaR-Y-E0Fp4AaABAg', 'snippet': {'videoId': 'XRYjrJJZAME', 'textDisplay': 'Boa noite pessoal 😘🙌🏼🙌🏿🙌🏾🙌<br>LulaNossaEsperança LulaESTADISTA único capaz de trazer o Brasil feliz solidário soberano novamente', 'textOriginal': 'Boa noite pessoal 😘🙌🏼🙌🏿🙌🏾🙌\nLulaNossaEsperança LulaESTADISTA único capaz de trazer o Brasil feliz solidário soberano novamente', 'authorDisplayName': 'Soraya Borges', 'authorProfileImageUrl': 'https://yt3.ggpht.com/ytc/AGIKgqMvvMc6ZhChUwjVJvtR7f7I1QucpXwuv4PNEQ=s48-c-k-c0x00ffffff-no-rj', 'authorChannelUrl': 'http://www.youtube.com/channel/UCX69221erySHV_b4-F7ivCg', 'authorChannelId': {'value': 'UCX69221erySHV_b4-F7ivCg'}, 'canRate': True, 'viewerRating': 'none', 'likeCount': 1, 'publishedAt': '2022-11-01T00:05:04Z', 'updatedAt': '2022-11-01T00:05:04Z'}}, 'canReply': True, 'totalReplyCount': 0, 'isPublic': True}",,UCX69221erySHV_b4-F7ivCg,2022-11-01T00:05:04Z,"Boa noite pessoal 😘🙌🏼🙌🏿🙌🏾🙌
LulaNossaEsperança LulaESTADISTA único capaz de trazer o Brasil feliz solidário soberano novamente",QURTSl9pM0RRQU9RamlfQUVIaDMwdmZGYjV0WDdCeHkxVHpnM3JndDVRaEd2b2c0NnNDRUYxVVhjNGFhVGZyQWNMVmFQcG1uOGw3M1Q1WQ==,2023-06-07 12:46:27.657549
youtube#commentThread,ZNZKXh8RgpRctzGMsA1t4RWXHWo,UgyZa6kmWqczUaCGBNx4AaABAg,"{'videoId': 'XRYjrJJZAME', 'topLevelComment': {'kind': 'youtube#comment', 'etag': '-IFNPvURMtmPYxhmx42_RDUN3VM', 'id': 'UgyZa6kmWqczUaCGBNx4AaABAg', 'snippet': {'videoId': 'XRYjrJJZAME', 'textDisplay': 'Viva Lula 👏👏👏♥️🙏👏♥️ todos os parabéns', 'textOriginal': 'Viva Lula 👏👏👏♥️🙏👏♥️ todos os parabéns', 'authorDisplayName': 'Ivete F.', 'authorProfileImageUrl': 'https://yt3.ggpht.com/ytc/AGIKgqMUqdtQoyaTo95JmCvKroGyhkjG3FgPWWTtCbXe=s48-c-k-c0x00ffffff-no-rj', 'authorChannelUrl': 'http://www.youtube.com/channel/UC1dh1HIawM7Z4DN_oBCzmHw', 'authorChannelId': {'value': 'UC1dh1HIawM7Z4DN_oBCzmHw'}, 'canRate': True, 'viewerRating': 'none', 'likeCount': 0, 'publishedAt': '2022-11-01T00:04:30Z', 'updatedAt': '2022-11-01T00:04:30Z'}}, 'canReply': True, 'totalReplyCount': 0, 'isPublic': True}",,UC1dh1HIawM7Z4DN_oBCzmHw,2022-11-01T00:04:30Z,Viva Lula 👏👏👏♥️🙏👏♥️ todos os parabéns,QURTSl9pM0RRQU9RamlfQUVIaDMwdmZGYjV0WDdCeHkxVHpnM3JndDVRaEd2b2c0NnNDRUYxVVhjNGFhVGZyQWNMVmFQcG1uOGw3M1Q1WQ==,2023-06-07 12:46:27.657549
youtube#commentThread,zCRray-HmWu_F_TQ1L_v_S_Z6Yw,UgyQyJEDgmXNndnAA9d4AaABAg,"{'videoId': 'XRYjrJJZAME', 'topLevelComment': {'kind': 'youtube#comment', 'etag': 'j3WzW4C50oTegtszEsmYmP0sOF8', 'id': 'UgyQyJEDgmXNndnAA9d4AaABAg', 'snippet': {'videoId': 'XRYjrJJZAME', 'textDisplay': 'Lula quantas vezes for preciso', 'textOriginal': 'Lula quantas vezes for preciso', 'authorDisplayName': 'Emivaldo Barros de Brito Barros Brito', 'authorProfileImageUrl': 'https://yt3.ggpht.com/ytc/AGIKgqMkDP2PemUemXymYnLACcNkE0dgsal4nK2KrA=s48-c-k-c0x00ffffff-no-rj', 'authorChannelUrl': 'http://www.youtube.com/channel/UCtrd5JfSG6zYnYNBG1N4Arg', 'authorChannelId': {'value': 'UCtrd5JfSG6zYnYNBG1N4Arg'}, 'canRate': True, 'viewerRating': 'none', 'likeCount': 0, 'publishedAt': '2022-11-01T00:04:23Z', 'updatedAt': '2022-11-01T00:04:23Z'}}, 'canReply': True, 'totalReplyCount': 0, 'isPublic': True}",,UCtrd5JfSG6zYnYNBG1N4Arg,2022-11-01T00:04:23Z,Lula quantas vezes for preciso,QURTSl9pM0RRQU9RamlfQUVIaDMwdmZGYjV0WDdCeHkxVHpnM3JndDVRaEd2b2c0NnNDRUYxVVhjNGFhVGZyQWNMVmFQcG1uOGw3M1Q1WQ==,2023-06-07 12:46:27.657549
youtube#commentThread,IEeRzCcH12EceE_DQVTSc282L0o,UgzTLF4lcLJHJ6HKDpx4AaABAg,"{'videoId': 'XRYjrJJZAME', 'topLevelComment': {'kind': 'youtube#comment', 'etag': 'WkQGvC1Ru7fqP3yNSZPPpFnmnMA', 'id': 'UgzTLF4lcLJHJ6HKDpx4AaABAg', 'snippet': {'videoId': 'XRYjrJJZAME', 'textDisplay': 'Diz que não tem líder dessa baderna prende um dos vagabundos dis xaminhonmneuris que aparece rapidinho o luder', 'textOriginal': 'Diz que não tem líder dessa baderna prende um dos vagabundos dis xaminhonmneuris que aparece rapidinho o luder', 'authorDisplayName': 'Graça Variedades', 'authorProfileImageUrl': 'https://yt3.ggpht.com/GDTjV91WCplzcDs9NDuCrv0YidLvGblLZh_4NmzPhZDikGCCfmGGVbqkd1UvJQDegIOtl1lF814=s48-c-k-c0x00ffffff-no-rj', 'authorChannelUrl': 'http://www.youtube.com/channel/UCUSDRG-Ozgvs2LPtuB0LM7Q', 'authorChannelId': {'value': 'UCUSDRG-Ozgvs2LPtuB0LM7Q'}, 'canRate': True, 'viewerRating': 'none', 'likeCount': 0, 'publishedAt': '2022-11-01T00:04:17Z', 'updatedAt': '2022-11-01T00:04:17Z'}}, 'canReply': True, 'totalReplyCount': 0, 'isPublic': True}",,UCUSDRG-Ozgvs2LPtuB0LM7Q,2022-11-01T00:04:17Z,Diz que não tem líder dessa baderna prende um dos vagabundos dis xaminhonmneuris que aparece rapidinho o luder,QURTSl9pM0RRQU9RamlfQUVIaDMwdmZGYjV0WDdCeHkxVHpnM3JndDVRaEd2b2c0NnNDRUYxVVhjNGFhVGZyQWNMVmFQcG1uOGw3M1Q1WQ==,2023-06-07 12:46:27.657549
youtube#commentThread,LpPV6RZbJQR8GTc6S2a1Y6ypwqc,Ugwx2bIrtHrEv4Erlgd4AaABAg,"{'videoId': 'XRYjrJJZAME', 'topLevelComment': {'kind': 'youtube#comment', 'etag': 'uFzrhPCyEnQZmNxTfJDbewhg7_Y', 'id': 'Ugwx2bIrtHrEv4Erlgd4AaABAg', 'snippet': {'videoId': 'XRYjrJJZAME', 'textDisplay': 'O povo brasileiro escolheu o Melhor para governar o Brasil.', 'textOriginal': 'O povo brasileiro escolheu o Melhor para governar o Brasil.', 'authorDisplayName': 'Ivete F.', 'authorProfileImageUrl': 'https://yt3.ggpht.com/ytc/AGIKgqMUqdtQoyaTo95JmCvKroGyhkjG3FgPWWTtCbXe=s48-c-k-c0x00ffffff-no-rj', 'authorChannelUrl': 'http://www.youtube.com/channel/UC1dh1HIawM7Z4DN_oBCzmHw', 'authorChannelId': {'value': 'UC1dh1HIawM7Z4DN_oBCzmHw'}, 'canRate': True, 'viewerRating': 'none', 'likeCount': 26, 'publishedAt': '2022-11-01T00:03:58Z', 'updatedAt': '2022-11-01T00:03:58Z'}}, 'canReply': True, 'totalReplyCount': 1, 'isPublic': True}","{'comments': [{'kind': 'youtube#comment', 'etag': 'QP_SZ-GM_N_SX6RHApyYRowMWB8', 'id': 'Ugwx2bIrtHrEv4Erlgd4AaABAg.9hrxAD8LEcN9hs1Q_QkCzc', 'snippet': {'videoId': 'XRYjrJJZAME', 'textDisplay': 'Alkmim é maçom. Marina traíu Lula. Tebet é Temer de saia. Tuc tac', 'textOriginal': 'Alkmim é maçom. Marina traíu Lula. Tebet é Temer de saia. Tuc tac', 'parentId': 'Ugwx2bIrtHrEv4Erlgd4AaABAg', 'authorDisplayName': 'Mirtes Muller', 'authorProfileImageUrl': 'https://yt3.ggpht.com/ytc/AGIKgqPntKUglHrRkKMf1sra5SsSRtkgtV6K0AGRLg=s48-c-k-c0x00ffffff-no-rj', 'authorChannelUrl': 'http://www.youtube.com/channel/UCRSD2HeU4rIov2y1thJIhsw', 'authorChannelId': {'value': 'UCRSD2HeU4rIov2y1thJIhsw'}, 'canRate': True, 'viewerRating': 'none', 'likeCount': 0, 'publishedAt': '2022-11-01T00:49:53Z', 'updatedAt': '2022-11-01T00:49:53Z'}}]}",UC1dh1HIawM7Z4DN_oBCzmHw,2022-11-01T00:03:58Z,O povo brasileiro escolheu o Melhor para governar o Brasil.,QURTSl9pM0RRQU9RamlfQUVIaDMwdmZGYjV0WDdCeHkxVHpnM3JndDVRaEd2b2c0NnNDRUYxVVhjNGFhVGZyQWNMVmFQcG1uOGw3M1Q1WQ==,2023-06-07 12:46:27.657549
youtube#commentThread,K2XEUywR0w31sjCz-k4hEZiBMCw,Ugw_Qqzk07QrjTfHWPN4AaABAg,"{'videoId': 'XRYjrJJZAME', 'topLevelComment': {'kind': 'youtube#comment', 'etag': 'y5p_iIJa-MMxx0hz-A3vTsydglA', 'id': 'Ugw_Qqzk07QrjTfHWPN4AaABAg', 'snippet': {'videoId': 'XRYjrJJZAME', 'textDisplay': 'Vencemos! Viva Lula! ❤', 'textOriginal': 'Vencemos! Viva Lula! ❤', 'authorDisplayName': 'Käthe Sofia da Rosa Schmidt', 'authorProfileImageUrl': 'https://yt3.ggpht.com/ytc/AGIKgqPtXBKCS7Xisy_HSJc6EXXvR5CW0hsFO46oWMQUlg=s48-c-k-c0x00ffffff-no-rj', 'authorChannelUrl': 'http://www.youtube.com/channel/UCvf1m2VlIH7KhPvZ8zNmiAQ', 'authorChannelId': {'value': 'UCvf1m2VlIH7KhPvZ8zNmiAQ'}, 'canRate': True, 'viewerRating': 'none', 'likeCount': 0, 'publishedAt': '2022-11-01T00:03:35Z', 'updatedAt': '2022-11-01T00:03:35Z'}}, 'canReply': True, 'totalReplyCount': 0, 'isPublic': True}",,UCvf1m2VlIH7KhPvZ8zNmiAQ,2022-11-01T00:03:35Z,Vencemos! Viva Lula! ❤,QURTSl9pM0RRQU9RamlfQUVIaDMwdmZGYjV0WDdCeHkxVHpnM3JndDVRaEd2b2c0NnNDRUYxVVhjNGFhVGZyQWNMVmFQcG1uOGw3M1Q1WQ==,2023-06-07 12:46:27.657549
youtube#commentThread,3F_1sU1raD3e12Rmj2gdayBQK2U,UgydDjFCDV-_HqE_IqR4AaABAg,"{'videoId': 'XRYjrJJZAME', 'topLevelComment': {'kind': 'youtube#comment', 'etag': 'DqSBRfRK5biBN315VByx-X-WFr4', 'id': 'UgydDjFCDV-_HqE_IqR4AaABAg', 'snippet': {'videoId': 'XRYjrJJZAME', 'textDisplay': 'Boa noite grande Deputado ♥️', 'textOriginal': 'Boa noite grande Deputado ♥️', 'authorDisplayName': 'Ivete F.', 'authorProfileImageUrl': 'https://yt3.ggpht.com/ytc/AGIKgqMUqdtQoyaTo95JmCvKroGyhkjG3FgPWWTtCbXe=s48-c-k-c0x00ffffff-no-rj', 'authorChannelUrl': 'http://www.youtube.com/channel/UC1dh1HIawM7Z4DN_oBCzmHw', 'authorChannelId': {'value': 'UC1dh1HIawM7Z4DN_oBCzmHw'}, 'canRate': True, 'viewerRating': 'none', 'likeCount': 1, 'publishedAt': '2022-11-01T00:03:22Z', 'updatedAt': '2022-11-01T00:03:22Z'}}, 'canReply': True, 'totalReplyCount': 0, 'isPublic': True}",,UC1dh1HIawM7Z4DN_oBCzmHw,2022-11-01T00:03:22Z,Boa noite grande Deputado ♥️,QURTSl9pM0RRQU9RamlfQUVIaDMwdmZGYjV0WDdCeHkxVHpnM3JndDVRaEd2b2c0NnNDRUYxVVhjNGFhVGZyQWNMVmFQcG1uOGw3M1Q1WQ==,2023-06-07 12:46:27.657549
youtube#commentThread,Hq0_f2bud_sVXfb6zgddZu5pVLY,UgwiuL5S-5YtKE4TQ-t4AaABAg,"{'videoId': 'XRYjrJJZAME', 'topLevelComment': {'kind': 'youtube#comment', 'etag': '4im6DxO_MSkx4rMhvIUyAsOgrNo', 'id': 'UgwiuL5S-5YtKE4TQ-t4AaABAg', 'snippet': {'videoId': 'XRYjrJJZAME', 'textDisplay': 'Isso não faz parte da Democracia pelo contrário isso uma barbaridade dessas pessoas DIRETO IR É VIR não pode sofrer alteração muito menos um obstáculo 2018 agente aceitou resultado agora está na hora dessa gente reconhecer nossa liberdade nossa Democracia nossa escolha nosso presidente eleito DEMOCRÁTICAMETE viva Democracia viva o PRESIDENTE LULA VICE GERALDO ALCKIMIM ATÉ 2026 CHORO LIVRE ATÉ LÁ LULA PRESIDENTE VICE GERALDO ALCKIMIM 2023 ATÉ 2026', 'textOriginal': 'Isso não faz parte da Democracia pelo contrário isso uma barbaridade dessas pessoas DIRETO IR É VIR não pode sofrer alteração muito menos um obstáculo 2018 agente aceitou resultado agora está na hora dessa gente reconhecer nossa liberdade nossa Democracia nossa escolha nosso presidente eleito DEMOCRÁTICAMETE viva Democracia viva o PRESIDENTE LULA VICE GERALDO ALCKIMIM ATÉ 2026 CHORO LIVRE ATÉ LÁ LULA PRESIDENTE VICE GERALDO ALCKIMIM 2023 ATÉ 2026', 'authorDisplayName': 'Anderson Vansuita', 'authorProfileImageUrl': 'https://yt3.ggpht.com/seAE7OVb5nzFAhPioXMB5pjHCs7coB6Cnn5aypMaaWYQYEDsLPRCP2vge35wjmDUlD2Lhaip=s48-c-k-c0x00ffffff-no-rj', 'authorChannelUrl': 'http://www.youtube.com/channel/UCFMeQMjOE_f-eCggffEXY6Q', 'authorChannelId': {'value': 'UCFMeQMjOE_f-eCggffEXY6Q'}, 'canRate': True, 'viewerRating': 'none', 'likeCount': 0, 'publishedAt': '2022-11-01T00:03:16Z', 'updatedAt': '2022-11-01T00:03:16Z'}}, 'canReply': True, 'totalReplyCount': 0, 'isPublic': True}",,UCFMeQMjOE_f-eCggffEXY6Q,2022-11-01T00:03:16Z,Isso não faz parte da Democracia pelo contrário isso uma barbaridade dessas pessoas DIRETO IR É VIR não pode sofrer alteração muito menos um obstáculo 2018 agente aceitou resultado agora está na hora dessa gente reconhecer nossa liberdade nossa Democracia nossa escolha nosso presidente eleito DEMOCRÁTICAMETE viva Democracia viva o PRESIDENTE LULA VICE GERALDO ALCKIMIM ATÉ 2026 CHORO LIVRE ATÉ LÁ LULA PRESIDENTE VICE GERALDO ALCKIMIM 2023 ATÉ 2026,QURTSl9pM0RRQU9RamlfQUVIaDMwdmZGYjV0WDdCeHkxVHpnM3JndDVRaEd2b2c0NnNDRUYxVVhjNGFhVGZyQWNMVmFQcG1uOGw3M1Q1WQ==,2023-06-07 12:46:27.657549
youtube#commentThread,xXF0yzzU836XIHIRWVrk7eNoFIg,UgxmwPtWRhNyAbf_fVx4AaABAg,"{'videoId': 'XRYjrJJZAME', 'topLevelComment': {'kind': 'youtube#comment', 'etag': '9oSLbyy-qBa8mPrSrZcmJix3Rt0', 'id': 'UgxmwPtWRhNyAbf_fVx4AaABAg', 'snippet': {'videoId': 'XRYjrJJZAME', 'textDisplay': 'CAPITÃOOOOOOOOO CUECAAAAAAAAAAAA!!!!!! PRA QUEM NÃO CONHECE O QUE ESTOU FALANDO E DE JOSE GUIMARÃES', 'textOriginal': 'CAPITÃOOOOOOOOO CUECAAAAAAAAAAAA!!!!!! PRA QUEM NÃO CONHECE O QUE ESTOU FALANDO E DE JOSE GUIMARÃES', 'authorDisplayName': 'Tariel Marchi', 'authorProfileImageUrl': 'https://yt3.ggpht.com/ytc/AGIKgqNw856Aq2A4fYrnl-6F7dnPgEN0xrDZWvSoxQ=s48-c-k-c0x00ffffff-no-rj', 'authorChannelUrl': 'http://www.youtube.com/channel/UCeSbV4-ztK9igYMuNTM_0nw', 'authorChannelId': {'value': 'UCeSbV4-ztK9igYMuNTM_0nw'}, 'canRate': True, 'viewerRating': 'none', 'likeCount': 0, 'publishedAt': '2022-11-01T00:03:08Z', 'updatedAt': '2022-11-01T00:03:08Z'}}, 'canReply': True, 'totalReplyCount': 2, 'isPublic': True}","{'comments': [{'kind': 'youtube#comment', 'etag': 'YlRtwmKeNsWBHFlVN_u5kII_FaQ', 'id': 'UgxmwPtWRhNyAbf_fVx4AaABAg.9hrx464_WYb9hs0g28WWXi', 'snippet': {'videoId': 'XRYjrJJZAME', 'textDisplay': '@Terezinha Costa Costa o legal agora que esses 4 é nossa vez chamar vcs de gado do Lula kkkkkkkkkkkkk mu mu mu mu mu', 'textOriginal': '@Terezinha Costa Costa o legal agora que esses 4 é nossa vez chamar vcs de gado do Lula kkkkkkkkkkkkk mu mu mu mu mu', 'parentId': 'UgxmwPtWRhNyAbf_fVx4AaABAg', 'authorDisplayName': 'Tariel Marchi', 'authorProfileImageUrl': 'https://yt3.ggpht.com/ytc/AGIKgqNw856Aq2A4fYrnl-6F7dnPgEN0xrDZWvSoxQ=s48-c-k-c0x00ffffff-no-rj', 'authorChannelUrl': 'http://www.youtube.com/channel/UCeSbV4-ztK9igYMuNTM_0nw', 'authorChannelId': {'value': 'UCeSbV4-ztK9igYMuNTM_0nw'}, 'canRate': True, 'viewerRating': 'none', 'likeCount': 0, 'publishedAt': '2022-11-01T00:43:24Z', 'updatedAt': '2022-11-01T00:43:24Z'}}, {'kind': 'youtube#comment', 'etag': 'T6lWv7z4BscdmMSSRAOyMmeKcO8', 'id': 'UgxmwPtWRhNyAbf_fVx4AaABAg.9hrx464_WYb9hryZj8fC63', 'snippet': {'videoId': 'XRYjrJJZAME', 'textDisplay': 'Muuuuuuuu', 'textOriginal': 'Muuuuuuuu', 'parentId': 'UgxmwPtWRhNyAbf_fVx4AaABAg', 'authorDisplayName': 'Terezinha Costa Costa', 'authorProfileImageUrl': 'https://yt3.ggpht.com/ytc/AGIKgqMbPpeC3GOR2Cy_ykryrWKmGqMzDA4wO20osA=s48-c-k-c0x00ffffff-no-rj', 'authorChannelUrl': 'http://www.youtube.com/channel/UCZEhbcQ1-8_06KMyYpy1jeg', 'authorChannelId': {'value': 'UCZEhbcQ1-8_06KMyYpy1jeg'}, 'canRate': True, 'viewerRating': 'none', 'likeCount': 0, 'publishedAt': '2022-11-01T00:16:11Z', 'updatedAt': '2022-11-01T00:16:11Z'}}]}",UCeSbV4-ztK9igYMuNTM_0nw,2022-11-01T00:03:08Z,CAPITÃOOOOOOOOO CUECAAAAAAAAAAAA!!!!!! PRA QUEM NÃO CONHECE O QUE ESTOU FALANDO E DE JOSE GUIMARÃES,QURTSl9pM0RRQU9RamlfQUVIaDMwdmZGYjV0WDdCeHkxVHpnM3JndDVRaEd2b2c0NnNDRUYxVVhjNGFhVGZyQWNMVmFQcG1uOGw3M1Q1WQ==,2023-06-07 12:46:27.657549
youtube#commentThread,jlLvx3UTABJBbs0_YqMB86BIbA4,UgwTe3UaEzVqNACJJl94AaABAg,"{'videoId': 'XRYjrJJZAME', 'topLevelComment': {'kind': 'youtube#comment', 'etag': 'XuIlL9n7FItzQkrPlznu_l7_3y8', 'id': 'UgwTe3UaEzVqNACJJl94AaABAg', 'snippet': {'videoId': 'XRYjrJJZAME', 'textDisplay': 'Manoel Vieira jandira sp', 'textOriginal': 'Manoel Vieira jandira sp', 'authorDisplayName': 'Manoel Vieira', 'authorProfileImageUrl': 'https://yt3.ggpht.com/ytc/AGIKgqOd5czpTAgbNAIaf90nNy5pfrSDjuRjkmdEL1vpEtXyHN1WDWMBOKeo6YGPPC6-=s48-c-k-c0x00ffffff-no-rj', 'authorChannelUrl': 'http://www.youtube.com/channel/UCnsUDO1lzqkhw8I5_D-3yjw', 'authorChannelId': {'value': 'UCnsUDO1lzqkhw8I5_D-3yjw'}, 'canRate': True, 'viewerRating': 'none', 'likeCount': 1, 'publishedAt': '2022-11-01T00:02:52Z', 'updatedAt': '2022-11-01T00:02:52Z'}}, 'canReply': True, 'totalReplyCount': 0, 'isPublic': True}",,UCnsUDO1lzqkhw8I5_D-3yjw,2022-11-01T00:02:52Z,Manoel Vieira jandira sp,QURTSl9pM0RRQU9RamlfQUVIaDMwdmZGYjV0WDdCeHkxVHpnM3JndDVRaEd2b2c0NnNDRUYxVVhjNGFhVGZyQWNMVmFQcG1uOGw3M1Q1WQ==,2023-06-07 12:46:27.657549
youtube#commentThread,59xT-LvUx84Cbl193wJMW7cxKRc,UgxjhRvG1h0WGjYDQ8R4AaABAg,"{'videoId': 'XRYjrJJZAME', 'topLevelComment': {'kind': 'youtube#comment', 'etag': '7CCyqQHVMQLjj5HOZpJZrUz8isQ', 'id': 'UgxjhRvG1h0WGjYDQ8R4AaABAg', 'snippet': {'videoId': 'XRYjrJJZAME', 'textDisplay': 'baderna é o q bolsonaro sabe. fazer', 'textOriginal': 'baderna é o q bolsonaro sabe. fazer', 'authorDisplayName': 'Assis Oliveira', 'authorProfileImageUrl': 'https://yt3.ggpht.com/ytc/AGIKgqPcAFq1wEE3hyj244PTQ3swcKAVdASI13XEkQ=s48-c-k-c0x00ffffff-no-rj', 'authorChannelUrl': 'http://www.youtube.com/channel/UCTVyyUrdoup9xZmmBYUAHwA', 'authorChannelId': {'value': 'UCTVyyUrdoup9xZmmBYUAHwA'}, 'canRate': True, 'viewerRating': 'none', 'likeCount': 0, 'publishedAt': '2022-11-01T00:02:45Z', 'updatedAt': '2022-11-01T00:02:45Z'}}, 'canReply': True, 'totalReplyCount': 0, 'isPublic': True}",,UCTVyyUrdoup9xZmmBYUAHwA,2022-11-01T00:02:45Z,baderna é o q bolsonaro sabe. fazer,QURTSl9pM0RRQU9RamlfQUVIaDMwdmZGYjV0WDdCeHkxVHpnM3JndDVRaEd2b2c0NnNDRUYxVVhjNGFhVGZyQWNMVmFQcG1uOGw3M1Q1WQ==,2023-06-07 12:46:27.657549
youtube#commentThread,mk2eJ8InlXrWrL5o5R894v6zyJw,UgzLE5wPMNEIoY78P_t4AaABAg,"{'videoId': 'XRYjrJJZAME', 'topLevelComment': {'kind': 'youtube#comment', 'etag': 'GOUxTfwmsh_eRovxABwNfwlEG4E', 'id': 'UgzLE5wPMNEIoY78P_t4AaABAg', 'snippet': {'videoId': 'XRYjrJJZAME', 'textDisplay': 'Bolsonaro tem que ser preso!  Assim que terminar o mandato', 'textOriginal': 'Bolsonaro tem que ser preso!  Assim que terminar o mandato', 'authorDisplayName': 'Valdete Almeida Marques', 'authorProfileImageUrl': 'https://yt3.ggpht.com/ytc/AGIKgqNWJXBnANXvKxS4cL_rk7oOOokXCGeyEl2OMg=s48-c-k-c0x00ffffff-no-rj', 'authorChannelUrl': 'http://www.youtube.com/channel/UCAZ12QP29FvJwthsG7BSU8A', 'authorChannelId': {'value': 'UCAZ12QP29FvJwthsG7BSU8A'}, 'canRate': True, 'viewerRating': 'none', 'likeCount': 0, 'publishedAt': '2022-11-01T00:02:35Z', 'updatedAt': '2022-11-01T00:02:35Z'}}, 'canReply': True, 'totalReplyCount': 0, 'isPublic': True}",,UCAZ12QP29FvJwthsG7BSU8A,2022-11-01T00:02:35Z,Bolsonaro tem que ser preso!  Assim que terminar o mandato,QURTSl9pM0RRQU9RamlfQUVIaDMwdmZGYjV0WDdCeHkxVHpnM3JndDVRaEd2b2c0NnNDRUYxVVhjNGFhVGZyQWNMVmFQcG1uOGw3M1Q1WQ==,2023-06-07 12:46:27.657549
youtube#commentThread,kUrtZ92Hi_aqe2kCiXJtIBc4eik,UgyCGq81z2e0U1JXL794AaABAg,"{'videoId': 'XRYjrJJZAME', 'topLevelComment': {'kind': 'youtube#comment', 'etag': 'vYaqjJ0fsvit75ev6Ejo4PknhNg', 'id': 'UgyCGq81z2e0U1JXL794AaABAg', 'snippet': {'videoId': 'XRYjrJJZAME', 'textDisplay': 'Esse Bozo é louco bandido facista mentiroso golpista corrupto está junto com a PRF e os caminhoneiros Bolsonaristas.', 'textOriginal': 'Esse Bozo é louco bandido facista mentiroso golpista corrupto está junto com a PRF e os caminhoneiros Bolsonaristas.', 'authorDisplayName': 'Dinorá Cotrim', 'authorProfileImageUrl': 'https://yt3.ggpht.com/ytc/AGIKgqP4A-u9cFAIKwMhqtJ7N4P4PMPBsvryArnKHQ=s48-c-k-c0x00ffffff-no-rj', 'authorChannelUrl': 'http://www.youtube.com/channel/UC5OKYhAcOucT9dt_Ce1Vvvg', 'authorChannelId': {'value': 'UC5OKYhAcOucT9dt_Ce1Vvvg'}, 'canRate': True, 'viewerRating': 'none', 'likeCount': 1, 'publishedAt': '2022-11-01T00:02:32Z', 'updatedAt': '2022-11-01T00:02:32Z'}}, 'canReply': True, 'totalReplyCount': 0, 'isPublic': True}",,UC5OKYhAcOucT9dt_Ce1Vvvg,2022-11-01T00:02:32Z,Esse Bozo é louco bandido facista mentiroso golpista corrupto está junto com a PRF e os caminhoneiros Bolsonaristas.,QURTSl9pM0RRQU9RamlfQUVIaDMwdmZGYjV0WDdCeHkxVHpnM3JndDVRaEd2b2c0NnNDRUYxVVhjNGFhVGZyQWNMVmFQcG1uOGw3M1Q1WQ==,2023-06-07 12:46:27.657549
youtube#commentThread,IBBt6_VNRdt-IH370B07fWSzHu4,UgyDOc8szKu1WBsWjJF4AaABAg,"{'videoId': 'XRYjrJJZAME', 'topLevelComment': {'kind': 'youtube#comment', 'etag': 'JLRDyKQHMLiZSDFx7C0uCbgPul4', 'id': 'UgyDOc8szKu1WBsWjJF4AaABAg', 'snippet': {'videoId': 'XRYjrJJZAME', 'textDisplay': 'Mais segurança pra Lula esses bolsonaristas são loucos', 'textOriginal': 'Mais segurança pra Lula esses bolsonaristas são loucos', 'authorDisplayName': 'Ruth Fonseca Alves', 'authorProfileImageUrl': 'https://yt3.ggpht.com/ytc/AGIKgqNpBOX4xFHdCNVUwBSS6qL3rAv7wqF9oxktKg=s48-c-k-c0x00ffffff-no-rj', 'authorChannelUrl': 'http://www.youtube.com/channel/UC_nZQYh26cDHE0xsxAwzshw', 'authorChannelId': {'value': 'UC_nZQYh26cDHE0xsxAwzshw'}, 'canRate': True, 'viewerRating': 'none', 'likeCount': 0, 'publishedAt': '2022-11-01T00:02:01Z', 'updatedAt': '2022-11-01T00:02:01Z'}}, 'canReply': True, 'totalReplyCount': 0, 'isPublic': True}",,UC_nZQYh26cDHE0xsxAwzshw,2022-11-01T00:02:01Z,Mais segurança pra Lula esses bolsonaristas são loucos,QURTSl9pM0RRQU9RamlfQUVIaDMwdmZGYjV0WDdCeHkxVHpnM3JndDVRaEd2b2c0NnNDRUYxVVhjNGFhVGZyQWNMVmFQcG1uOGw3M1Q1WQ==,2023-06-07 12:46:27.657549
youtube#commentThread,5urb0Bdfcvh5HTxs-vm098dTjYU,UgxHw-SROTlGr_pZ8YN4AaABAg,"{'videoId': 'XRYjrJJZAME', 'topLevelComment': {'kind': 'youtube#comment', 'etag': 'INis2T_ifEkG3lA5PIBzREsuVEQ', 'id': 'UgxHw-SROTlGr_pZ8YN4AaABAg', 'snippet': {'videoId': 'XRYjrJJZAME', 'textDisplay': 'Estas barbarias e inútil pois eles pode ficar nas rodovias até janeiro pois o presidente que se vire nosso presidente só em janeiro viva lula', 'textOriginal': 'Estas barbarias e inútil pois eles pode ficar nas rodovias até janeiro pois o presidente que se vire nosso presidente só em janeiro viva lula', 'authorDisplayName': 'Reinaldo Souza', 'authorProfileImageUrl': 'https://yt3.ggpht.com/ytc/AGIKgqOLwwku9EBa5J1UtYDhvC13WWj_OV-Ns9-J_kpUm1QLr5hen8TTTx8CLw1Sv-ln=s48-c-k-c0x00ffffff-no-rj', 'authorChannelUrl': 'http://www.youtube.com/channel/UCOaSssMAaC-4Yzc8LjCy0Tg', 'authorChannelId': {'value': 'UCOaSssMAaC-4Yzc8LjCy0Tg'}, 'canRate': True, 'viewerRating': 'none', 'likeCount': 0, 'publishedAt': '2022-11-01T00:01:59Z', 'updatedAt': '2022-11-01T00:01:59Z'}}, 'canReply': True, 'totalReplyCount': 0, 'isPublic': True}",,UCOaSssMAaC-4Yzc8LjCy0Tg,2022-11-01T00:01:59Z,Estas barbarias e inútil pois eles pode ficar nas rodovias até janeiro pois o presidente que se vire nosso presidente só em janeiro viva lula,QURTSl9pM0RRQU9RamlfQUVIaDMwdmZGYjV0WDdCeHkxVHpnM3JndDVRaEd2b2c0NnNDRUYxVVhjNGFhVGZyQWNMVmFQcG1uOGw3M1Q1WQ==,2023-06-07 12:46:27.657549
youtube#commentThread,y71bSkk7jNbOarCZBHkw3BxFRoI,UgzrYyQCOYHvc-llC_d4AaABAg,"{'videoId': 'XRYjrJJZAME', 'topLevelComment': {'kind': 'youtube#comment', 'etag': '-Eb07n0NBVTiPGuIM3s0hUrQGL4', 'id': 'UgzrYyQCOYHvc-llC_d4AaABAg', 'snippet': {'videoId': 'XRYjrJJZAME', 'textDisplay': 'DEPUTADO O PROBLEMA NAS ESTRADAS É CULPA DO BANDIDO BOLSONARO E A INÉRCIA DA P.F..', 'textOriginal': 'DEPUTADO O PROBLEMA NAS ESTRADAS É CULPA DO BANDIDO BOLSONARO E A INÉRCIA DA P.F..', 'authorDisplayName': 'Joao Vargas', 'authorProfileImageUrl': 'https://yt3.ggpht.com/ytc/AGIKgqN36gODGU15OblvmAXQ6g8XadHYBTdEBnqbMw=s48-c-k-c0x00ffffff-no-rj', 'authorChannelUrl': 'http://www.youtube.com/channel/UCUCAmPYEshzBYQbo-PpLp9w', 'authorChannelId': {'value': 'UCUCAmPYEshzBYQbo-PpLp9w'}, 'canRate': True, 'viewerRating': 'none', 'likeCount': 0, 'publishedAt': '2022-11-01T00:01:37Z', 'updatedAt': '2022-11-01T00:01:37Z'}}, 'canReply': True, 'totalReplyCount': 0, 'isPublic': True}",,UCUCAmPYEshzBYQbo-PpLp9w,2022-11-01T00:01:37Z,DEPUTADO O PROBLEMA NAS ESTRADAS É CULPA DO BANDIDO BOLSONARO E A INÉRCIA DA P.F..,QURTSl9pM0RRQU9RamlfQUVIaDMwdmZGYjV0WDdCeHkxVHpnM3JndDVRaEd2b2c0NnNDRUYxVVhjNGFhVGZyQWNMVmFQcG1uOGw3M1Q1WQ==,2023-06-07 12:46:27.657549
youtube#commentThread,SwQFk0kPYnJg6yuzxBnzcqNMNYg,UgxEAb4dq0Ai2k6j46F4AaABAg,"{'videoId': 'XRYjrJJZAME', 'topLevelComment': {'kind': 'youtube#comment', 'etag': '00ANcnTr-kHK9U0_ZPFTcUEmyv0', 'id': 'UgxEAb4dq0Ai2k6j46F4AaABAg', 'snippet': {'videoId': 'XRYjrJJZAME', 'textDisplay': 'Ontem na posse de Lula,  atrás dele era o José Guimarães o capitão cueca  !!!!!!! Kkkkkkkk quando vi isso fiquei de boca aberta , falei esse é o cara que escondeu dinheiro na cueca', 'textOriginal': 'Ontem na posse de Lula,  atrás dele era o José Guimarães o capitão cueca  !!!!!!! Kkkkkkkk quando vi isso fiquei de boca aberta , falei esse é o cara que escondeu dinheiro na cueca', 'authorDisplayName': 'Tariel Marchi', 'authorProfileImageUrl': 'https://yt3.ggpht.com/ytc/AGIKgqNw856Aq2A4fYrnl-6F7dnPgEN0xrDZWvSoxQ=s48-c-k-c0x00ffffff-no-rj', 'authorChannelUrl': 'http://www.youtube.com/channel/UCeSbV4-ztK9igYMuNTM_0nw', 'authorChannelId': {'value': 'UCeSbV4-ztK9igYMuNTM_0nw'}, 'canRate': True, 'viewerRating': 'none', 'likeCount': 1, 'publishedAt': '2022-11-01T00:01:25Z', 'updatedAt': '2022-11-01T00:01:45Z'}}, 'canReply': True, 'totalReplyCount': 4, 'isPublic': True}","{'comments': [{'kind': 'youtube#comment', 'etag': 'ki2bm1ogpGLvaS4qzH-SJ2aZOyI', 'id': 'UgxEAb4dq0Ai2k6j46F4AaABAg.9hrwsbSGVs_9hs3fIZcPMv', 'snippet': {'videoId': 'XRYjrJJZAME', 'textDisplay': '@Juliana Nogueir muuuuuuuuuuu', 'textOriginal': '@Juliana Nogueir muuuuuuuuuuu', 'parentId': 'UgxEAb4dq0Ai2k6j46F4AaABAg', 'authorDisplayName': 'Terezinha Costa Costa', 'authorProfileImageUrl': 'https://yt3.ggpht.com/ytc/AGIKgqMbPpeC3GOR2Cy_ykryrWKmGqMzDA4wO20osA=s48-c-k-c0x00ffffff-no-rj', 'authorChannelUrl': 'http://www.youtube.com/channel/UCZEhbcQ1-8_06KMyYpy1jeg', 'authorChannelId': {'value': 'UCZEhbcQ1-8_06KMyYpy1jeg'}, 'canRate': True, 'viewerRating': 'none', 'likeCount': 0, 'publishedAt': '2022-11-01T01:09:31Z', 'updatedAt': '2022-11-01T01:09:31Z'}}, {'kind': 'youtube#comment', 'etag': 'dJrt32VrZXGhDGYOVcwpKlBYISo', 'id': 'UgxEAb4dq0Ai2k6j46F4AaABAg.9hrwsbSGVs_9hs3Lo_RDgG', 'snippet': {'videoId': 'XRYjrJJZAME', 'textDisplay': 'Agora não vai nem esconde na cueca vai guarda na mala 💼', 'textOriginal': 'Agora não vai nem esconde na cueca vai guarda na mala 💼', 'parentId': 'UgxEAb4dq0Ai2k6j46F4AaABAg', 'authorDisplayName': 'Juliana Nogueir', 'authorProfileImageUrl': 'https://yt3.ggpht.com/ytc/AGIKgqOM-a5YakyPC0-MPK6wGqHJ_f33vHsAHMjYhg=s48-c-k-c0x00ffffff-no-rj', 'authorChannelUrl': 'http://www.youtube.com/channel/UCJHL_0Sob55d-puEiJX9eUw', 'authorChannelId': {'value': 'UCJHL_0Sob55d-puEiJX9eUw'}, 'canRate': True, 'viewerRating': 'none', 'likeCount': 0, 'publishedAt': '2022-11-01T01:06:43Z', 'updatedAt': '2022-11-01T01:06:43Z'}}, {'kind': 'youtube#comment', 'etag': 'SDvFjPvnBpXS2uplE2nozzKCRvY', 'id': 'UgxEAb4dq0Ai2k6j46F4AaABAg.9hrwsbSGVs_9hryXPEVFTI', 'snippet': {'videoId': 'XRYjrJJZAME', 'textDisplay': 'Muuuuuuuu', 'textOriginal': 'Muuuuuuuu', 'parentId': 'UgxEAb4dq0Ai2k6j46F4AaABAg', 'authorDisplayName': 'Terezinha Costa Costa', 'authorProfileImageUrl': 'https://yt3.ggpht.com/ytc/AGIKgqMbPpeC3GOR2Cy_ykryrWKmGqMzDA4wO20osA=s48-c-k-c0x00ffffff-no-rj', 'authorChannelUrl': 'http://www.youtube.com/channel/UCZEhbcQ1-8_06KMyYpy1jeg', 'authorChannelId': {'value': 'UCZEhbcQ1-8_06KMyYpy1jeg'}, 'canRate': True, 'viewerRating': 'none', 'likeCount': 0, 'publishedAt': '2022-11-01T00:15:52Z', 'updatedAt': '2022-11-01T00:15:52Z'}}, {'kind': 'youtube#comment', 'etag': 'qQCNdvb_fRJUG2a2mi2yFxx_hLs', 'id': 'UgxEAb4dq0Ai2k6j46F4AaABAg.9hrwsbSGVs_9hryCmtkNz0', 'snippet': {'videoId': 'XRYjrJJZAME', 'textDisplay': 'Bah è rolo grande', 'textOriginal': 'Bah è rolo grande', 'parentId': 'UgxEAb4dq0Ai2k6j46F4AaABAg', 'authorDisplayName': 'bespoke 200', 'authorProfileImageUrl': 'https://yt3.ggpht.com/ytc/AGIKgqNFiHoKk7Pw-nKPnPL08mwlHpJmWeS3zHW_ZA44=s48-c-k-c0x00ffffff-no-rj', 'authorChannelUrl': 'http://www.youtube.com/channel/UCIqEoU3uHajnubKsTwXbo0w', 'authorChannelId': {'value': 'UCIqEoU3uHajnubKsTwXbo0w'}, 'canRate': True, 'viewerRating': 'none', 'likeCount': 0, 'publishedAt': '2022-11-01T00:13:03Z', 'updatedAt': '2022-11-01T00:13:03Z'}}]}",UCeSbV4-ztK9igYMuNTM_0nw,2022-11-01T00:01:25Z,"Ontem na posse de Lula,  atrás dele era o José Guimarães o capitão cueca  !!!!!!! Kkkkkkkk quando vi isso fiquei de boca aberta , falei esse é o cara que escondeu dinheiro na cueca",QURTSl9pM0RRQU9RamlfQUVIaDMwdmZGYjV0WDdCeHkxVHpnM3JndDVRaEd2b2c0NnNDRUYxVVhjNGFhVGZyQWNMVmFQcG1uOGw3M1Q1WQ==,2023-06-07 12:46:27.657549
youtube#commentThread,WxqiFfGFowfhs9avLGsYutab9Sc,UgxgORZDc5LI3tbL7oR4AaABAg,"{'videoId': 'XRYjrJJZAME', 'topLevelComment': {'kind': 'youtube#comment', 'etag': 'Yf0pIiHfhTUZB3Wc-fCaOIR59uY', 'id': 'UgxgORZDc5LI3tbL7oR4AaABAg', 'snippet': {'videoId': 'XRYjrJJZAME', 'textDisplay': 'Deus seja louvado', 'textOriginal': 'Deus seja louvado', 'authorDisplayName': 'Jaci Dutra', 'authorProfileImageUrl': 'https://yt3.ggpht.com/ytc/AGIKgqN7tnXGpMv_McTE-r-Hp-L_FXt43Kx1O_yLpg=s48-c-k-c0x00ffffff-no-rj', 'authorChannelUrl': 'http://www.youtube.com/channel/UC1l_vFjtaD77up2C1Q2AyTw', 'authorChannelId': {'value': 'UC1l_vFjtaD77up2C1Q2AyTw'}, 'canRate': True, 'viewerRating': 'none', 'likeCount': 7, 'publishedAt': '2022-11-01T00:01:05Z', 'updatedAt': '2022-11-01T00:01:05Z'}}, 'canReply': True, 'totalReplyCount': 2, 'isPublic': True}","{'comments': [{'kind': 'youtube#comment', 'etag': 'VegLfMTFHVJp6xbmOyo3GQy1gSI', 'id': 'UgxgORZDc5LI3tbL7oR4AaABAg.9hrwq6A5jaS9hs3lWHv9IF', 'snippet': {'videoId': 'XRYjrJJZAME', 'textDisplay': '🙏🙏🙏🙏🙏🙏', 'textOriginal': '🙏🙏🙏🙏🙏🙏', 'parentId': 'UgxgORZDc5LI3tbL7oR4AaABAg', 'authorDisplayName': 'Alba Nisia', 'authorProfileImageUrl': 'https://yt3.ggpht.com/ytc/AGIKgqNGxLQvvItxHbX3u4Lpa6MfDUW5lUcAf_1lvQ=s48-c-k-c0x00ffffff-no-rj', 'authorChannelUrl': 'http://www.youtube.com/channel/UCj50yw815nDZ8M4ZFnfLd2w', 'authorChannelId': {'value': 'UCj50yw815nDZ8M4ZFnfLd2w'}, 'canRate': True, 'viewerRating': 'none', 'likeCount': 0, 'publishedAt': '2022-11-01T01:10:22Z', 'updatedAt': '2022-11-01T01:10:22Z'}}, {'kind': 'youtube#comment', 'etag': 'IKVfH8vl4e_WUPwTCcY3ZMmNEWw', 'id': 'UgxgORZDc5LI3tbL7oR4AaABAg.9hrwq6A5jaS9hrzMYSZnNw', 'snippet': {'videoId': 'XRYjrJJZAME', 'textDisplay': 'Amém', 'textOriginal': 'Amém', 'parentId': 'UgxgORZDc5LI3tbL7oR4AaABAg', 'authorDisplayName': 'Elenice Neves', 'authorProfileImageUrl': 'https://yt3.ggpht.com/ytc/AGIKgqM-diMSZ5-L-AiB-8I38-F-AMcLonifMkSU6w=s48-c-k-c0x00ffffff-no-rj', 'authorChannelUrl': 'http://www.youtube.com/channel/UCug-ji42jLLcp-K4EKigRgQ', 'authorChannelId': {'value': 'UCug-ji42jLLcp-K4EKigRgQ'}, 'canRate': True, 'viewerRating': 'none', 'likeCount': 0, 'publishedAt': '2022-11-01T00:23:07Z', 'updatedAt': '2022-11-01T00:23:07Z'}}]}",UC1l_vFjtaD77up2C1Q2AyTw,2022-11-01T00:01:05Z,Deus seja louvado,QURTSl9pM0RRQU9RamlfQUVIaDMwdmZGYjV0WDdCeHkxVHpnM3JndDVRaEd2b2c0NnNDRUYxVVhjNGFhVGZyQWNMVmFQcG1uOGw3M1Q1WQ==,2023-06-07 12:46:27.657549
youtube#commentThread,zProCCdqsIhl_bIHxQly3hvyaKA,UgzCB9a0eeNblLyUg-54AaABAg,"{'videoId': 'XRYjrJJZAME', 'topLevelComment': {'kind': 'youtube#comment', 'etag': 'bt7hBg8kcTP3X5rK2G6YttiLDCs', 'id': 'UgzCB9a0eeNblLyUg-54AaABAg', 'snippet': {'videoId': 'XRYjrJJZAME', 'textDisplay': 'eu jå sabiá quê Lula iria ser eleito obrigado Deus pôr tudo agora nós brasileiro vamos ter um presidente! !!!!!!!!!!!!!!!', 'textOriginal': 'eu jå sabiá quê Lula iria ser eleito obrigado Deus pôr tudo agora nós brasileiro vamos ter um presidente! !!!!!!!!!!!!!!!', 'authorDisplayName': 'jose wilson', 'authorProfileImageUrl': 'https://yt3.ggpht.com/ytc/AGIKgqMJ2x3ih-buCcaZn-WONluQlJCRScmu3nRNAQ=s48-c-k-c0x00ffffff-no-rj', 'authorChannelUrl': 'http://www.youtube.com/channel/UCUdPSGldvKCw1YekYTLMSNA', 'authorChannelId': {'value': 'UCUdPSGldvKCw1YekYTLMSNA'}, 'canRate': True, 'viewerRating': 'none', 'likeCount': 1, 'publishedAt': '2022-11-01T00:00:38Z', 'updatedAt': '2022-11-01T00:00:38Z'}}, 'canReply': True, 'totalReplyCount': 0, 'isPublic': True}",,UCUdPSGldvKCw1YekYTLMSNA,2022-11-01T00:00:38Z,eu jå sabiá quê Lula iria ser eleito obrigado Deus pôr tudo agora nós brasileiro vamos ter um presidente! !!!!!!!!!!!!!!!,QURTSl9pM0RRQU9RamlfQUVIaDMwdmZGYjV0WDdCeHkxVHpnM3JndDVRaEd2b2c0NnNDRUYxVVhjNGFhVGZyQWNMVmFQcG1uOGw3M1Q1WQ==,2023-06-07 12:46:27.657549
youtube#commentThread,lKku640Z8Mc4JqZCW-w-P0IZsI0,Ugwf09I9sA4MlL7Buql4AaABAg,"{'videoId': 'XRYjrJJZAME', 'topLevelComment': {'kind': 'youtube#comment', 'etag': 'qW_DYGzIlMeGXmIYBcjCO5Kl2dU', 'id': 'Ugwf09I9sA4MlL7Buql4AaABAg', 'snippet': {'videoId': 'XRYjrJJZAME', 'textDisplay': 'Bozo nunca mais......', 'textOriginal': 'Bozo nunca mais......', 'authorDisplayName': 'Eliane Pimenta', 'authorProfileImageUrl': 'https://yt3.ggpht.com/ytc/AGIKgqMcXM8ZsUaBo4_VNQ0YPQfTbMSH_hcGIoO0=s48-c-k-c0x00ffffff-no-rj', 'authorChannelUrl': 'http://www.youtube.com/channel/UClXIiPue2S3ZHIrcHT92d9w', 'authorChannelId': {'value': 'UClXIiPue2S3ZHIrcHT92d9w'}, 'canRate': True, 'viewerRating': 'none', 'likeCount': 0, 'publishedAt': '2022-11-01T00:00:36Z', 'updatedAt': '2022-11-01T00:00:36Z'}}, 'canReply': True, 'totalReplyCount': 0, 'isPublic': True}",,UClXIiPue2S3ZHIrcHT92d9w,2022-11-01T00:00:36Z,Bozo nunca mais......,QURTSl9pM0RRQU9RamlfQUVIaDMwdmZGYjV0WDdCeHkxVHpnM3JndDVRaEd2b2c0NnNDRUYxVVhjNGFhVGZyQWNMVmFQcG1uOGw3M1Q1WQ==,2023-06-07 12:46:27.657549
youtube#commentThread,xFENWcX0H3e-CPfP2emuURc0kKE,UgzIOjDZXMeSPXp75194AaABAg,"{'videoId': 'XRYjrJJZAME', 'topLevelComment': {'kind': 'youtube#comment', 'etag': 'Fvh8yCasQrr5b8mxK-Vt9xktRwY', 'id': 'UgzIOjDZXMeSPXp75194AaABAg', 'snippet': {'videoId': 'XRYjrJJZAME', 'textDisplay': 'esses bozominhoneiros são bois de piranha isso é coisa armada de empresário', 'textOriginal': 'esses bozominhoneiros são bois de piranha isso é coisa armada de empresário', 'authorDisplayName': 'Carlos Tche Tche', 'authorProfileImageUrl': 'https://yt3.ggpht.com/ytc/AGIKgqN8v6i-DzTl0kcl_5qKKy3Al6pfyDrSxreyViEJ=s48-c-k-c0x00ffffff-no-rj', 'authorChannelUrl': 'http://www.youtube.com/channel/UCwaYXx41G41l6WMzcd1freg', 'authorChannelId': {'value': 'UCwaYXx41G41l6WMzcd1freg'}, 'canRate': True, 'viewerRating': 'none', 'likeCount': 0, 'publishedAt': '2022-11-01T00:00:26Z', 'updatedAt': '2022-11-01T00:00:26Z'}}, 'canReply': True, 'totalReplyCount': 0, 'isPublic': True}",,UCwaYXx41G41l6WMzcd1freg,2022-11-01T00:00:26Z,esses bozominhoneiros são bois de piranha isso é coisa armada de empresário,QURTSl9pM0RRQU9RamlfQUVIaDMwdmZGYjV0WDdCeHkxVHpnM3JndDVRaEd2b2c0NnNDRUYxVVhjNGFhVGZyQWNMVmFQcG1uOGw3M1Q1WQ==,2023-06-07 12:46:27.657549
youtube#commentThread,9wwIIh_DXMQNhrDL_aw4XXAmqgk,UgwJEOhj70hVySbCob94AaABAg,"{'videoId': 'XRYjrJJZAME', 'topLevelComment': {'kind': 'youtube#comment', 'etag': 'tkuHKCAs62b1whH0P7HkaPg4qSk', 'id': 'UgwJEOhj70hVySbCob94AaABAg', 'snippet': {'videoId': 'XRYjrJJZAME', 'textDisplay': 'Lula presidente!', 'textOriginal': 'Lula presidente!', 'authorDisplayName': 'monica schmidt de andrade', 'authorProfileImageUrl': 'https://yt3.ggpht.com/ytc/AGIKgqOIwjUrc0eGkSU7GljynRgKjn5tyJl9Fj1DMw=s48-c-k-c0x00ffffff-no-rj', 'authorChannelUrl': 'http://www.youtube.com/channel/UC9GHdZQ00cbM-Ywu9fOyYOg', 'authorChannelId': {'value': 'UC9GHdZQ00cbM-Ywu9fOyYOg'}, 'canRate': True, 'viewerRating': 'none', 'likeCount': 0, 'publishedAt': '2022-11-01T00:00:24Z', 'updatedAt': '2022-11-01T00:00:24Z'}}, 'canReply': True, 'totalReplyCount': 0, 'isPublic': True}",,UC9GHdZQ00cbM-Ywu9fOyYOg,2022-11-01T00:00:24Z,Lula presidente!,QURTSl9pM0RRQU9RamlfQUVIaDMwdmZGYjV0WDdCeHkxVHpnM3JndDVRaEd2b2c0NnNDRUYxVVhjNGFhVGZyQWNMVmFQcG1uOGw3M1Q1WQ==,2023-06-07 12:46:27.657549
youtube#commentThread,sK_xsmQjRiwIdqdB1-a2gcp4eP0,UgyZCLaPyxlbrCax-Mh4AaABAg,"{'videoId': 'XRYjrJJZAME', 'topLevelComment': {'kind': 'youtube#comment', 'etag': 'DaxlUFcUFG--vf7zdg4-gub3noQ', 'id': 'UgyZCLaPyxlbrCax-Mh4AaABAg', 'snippet': {'videoId': 'XRYjrJJZAME', 'textDisplay': 'Vaza velho!', 'textOriginal': 'Vaza velho!', 'authorDisplayName': 'Cristina Bozarcov', 'authorProfileImageUrl': 'https://yt3.ggpht.com/ytc/AGIKgqM5Lsrj6ku6P3vLbbltcJGy1wc8eo_4PBruc3oxTRS5tnv0FGX3vgnKKcGqIMMI=s48-c-k-c0x00ffffff-no-rj', 'authorChannelUrl': 'http://www.youtube.com/channel/UCB6BxL7155GetIf6011UetQ', 'authorChannelId': {'value': 'UCB6BxL7155GetIf6011UetQ'}, 'canRate': True, 'viewerRating': 'none', 'likeCount': 0, 'publishedAt': '2022-11-01T00:00:19Z', 'updatedAt': '2022-11-01T00:00:19Z'}}, 'canReply': True, 'totalReplyCount': 0, 'isPublic': True}",,UCB6BxL7155GetIf6011UetQ,2022-11-01T00:00:19Z,Vaza velho!,QURTSl9pM0RRQU9RamlfQUVIaDMwdmZGYjV0WDdCeHkxVHpnM3JndDVRaEd2b2c0NnNDRUYxVVhjNGFhVGZyQWNMVmFQcG1uOGw3M1Q1WQ==,2023-06-07 12:46:27.657549
youtube#commentThread,ODoBNd9b6_VYdqR4pyHF65b5yxk,UgwSwqZqOWyjudPGzd94AaABAg,"{'videoId': 'XRYjrJJZAME', 'topLevelComment': {'kind': 'youtube#comment', 'etag': 'deuiZn7ODxDsCOo4ofKXntWxV34', 'id': 'UgwSwqZqOWyjudPGzd94AaABAg', 'snippet': {'videoId': 'XRYjrJJZAME', 'textDisplay': 'Democracia e isso! Aguenta quem pode.', 'textOriginal': 'Democracia e isso! Aguenta quem pode.', 'authorDisplayName': 'Cristina Bozarcov', 'authorProfileImageUrl': 'https://yt3.ggpht.com/ytc/AGIKgqM5Lsrj6ku6P3vLbbltcJGy1wc8eo_4PBruc3oxTRS5tnv0FGX3vgnKKcGqIMMI=s48-c-k-c0x00ffffff-no-rj', 'authorChannelUrl': 'http://www.youtube.com/channel/UCB6BxL7155GetIf6011UetQ', 'authorChannelId': {'value': 'UCB6BxL7155GetIf6011UetQ'}, 'canRate': True, 'viewerRating': 'none', 'likeCount': 2, 'publishedAt': '2022-10-31T23:59:58Z', 'updatedAt': '2022-10-31T23:59:58Z'}}, 'canReply': True, 'totalReplyCount': 0, 'isPublic': True}",,UCB6BxL7155GetIf6011UetQ,2022-10-31T23:59:58Z,Democracia e isso! Aguenta quem pode.,QURTSl9pM0RRQU9RamlfQUVIaDMwdmZGYjV0WDdCeHkxVHpnM3JndDVRaEd2b2c0NnNDRUYxVVhjNGFhVGZyQWNMVmFQcG1uOGw3M1Q1WQ==,2023-06-07 12:46:27.657549
youtube#commentThread,g8Tic80_JcrPgVjUBGUg-Tvv7dI,UgyOORJo98T9pCrHyJx4AaABAg,"{'videoId': 'XRYjrJJZAME', 'topLevelComment': {'kind': 'youtube#comment', 'etag': 'KiVg64Yw8PhtXijzzyU2jnBBwS0', 'id': 'UgyOORJo98T9pCrHyJx4AaABAg', 'snippet': {'videoId': 'XRYjrJJZAME', 'textDisplay': 'o Brasil conta muito com seu trabalho conjunto em favor do nosso pais!! firmeza deputado!!!', 'textOriginal': 'o Brasil conta muito com seu trabalho conjunto em favor do nosso pais!! firmeza deputado!!!', 'authorDisplayName': 'João Batista', 'authorProfileImageUrl': 'https://yt3.ggpht.com/ytc/AGIKgqMDRikR6AWD_r9VRSOX6DD2xPmwu3Axe-PHWQ=s48-c-k-c0x00ffffff-no-rj', 'authorChannelUrl': 'http://www.youtube.com/channel/UCtiAcUZbtLn4QqciNjE1Zgg', 'authorChannelId': {'value': 'UCtiAcUZbtLn4QqciNjE1Zgg'}, 'canRate': True, 'viewerRating': 'none', 'likeCount': 127, 'publishedAt': '2022-10-31T23:59:55Z', 'updatedAt': '2022-10-31T23:59:55Z'}}, 'canReply': True, 'totalReplyCount': 3, 'isPublic': True}","{'comments': [{'kind': 'youtube#comment', 'etag': 'uzQKWDQ3X4TFuueSj4xEAfxfOEE', 'id': 'UgyOORJo98T9pCrHyJx4AaABAg.9hrwhYZOy1w9hw0_2sB4-m', 'snippet': {'videoId': 'XRYjrJJZAME', 'textDisplay': 'AGORA O LULA APOIA A EMENDAS DE RELATOR, O TAL DO ORÇAMENTO SECRETO QUE OS PETISTAS TANTO CRITICAVAM', 'textOriginal': 'AGORA O LULA APOIA A EMENDAS DE RELATOR, O TAL DO ORÇAMENTO SECRETO QUE OS PETISTAS TANTO CRITICAVAM', 'parentId': 'UgyOORJo98T9pCrHyJx4AaABAg', 'authorDisplayName': 'Política Brasil', 'authorProfileImageUrl': 'https://yt3.ggpht.com/ytc/AGIKgqM7shAgdC37nnqf_dDkaHFNNq08sHhxYLoCO_2dsA=s48-c-k-c0x00ffffff-no-rj', 'authorChannelUrl': 'http://www.youtube.com/channel/UCJfaTEmCzhIHn_60gm2EyBw', 'authorChannelId': {'value': 'UCJfaTEmCzhIHn_60gm2EyBw'}, 'canRate': True, 'viewerRating': 'none', 'likeCount': 0, 'publishedAt': '2022-11-02T13:59:24Z', 'updatedAt': '2022-11-02T13:59:24Z'}}, {'kind': 'youtube#comment', 'etag': 'TKcAMcs9A_wvBnVBdCvgmBfdbH0', 'id': 'UgyOORJo98T9pCrHyJx4AaABAg.9hrwhYZOy1w9hsyRgtg9S7', 'snippet': {'videoId': 'XRYjrJJZAME', 'textDisplay': 'Lula tem quer ter muito cuidado não confie em bosonaro não  bosonaro não tem', 'textOriginal': 'Lula tem quer ter muito cuidado não confie em bosonaro não  bosonaro não tem', 'parentId': 'UgyOORJo98T9pCrHyJx4AaABAg', 'authorDisplayName': 'Sonia Nogueira', 'authorProfileImageUrl': 'https://yt3.ggpht.com/ytc/AGIKgqNogGH1ZyfzdyAOV552N12LxcLalLclGS6tpg=s48-c-k-c0x00ffffff-no-rj', 'authorChannelUrl': 'http://www.youtube.com/channel/UCBySF8UsMJRNDKUNa48_5-Q', 'authorChannelId': {'value': 'UCBySF8UsMJRNDKUNa48_5-Q'}, 'canRate': True, 'viewerRating': 'none', 'likeCount': 0, 'publishedAt': '2022-11-01T09:34:20Z', 'updatedAt': '2022-11-01T09:34:20Z'}}, {'kind': 'youtube#comment', 'etag': 'yjOuXu5B4a5H1kwYP0b_hKvAs0c', 'id': 'UgyOORJo98T9pCrHyJx4AaABAg.9hrwhYZOy1w9hsyDxMXoci', 'snippet': {'videoId': 'XRYjrJJZAME', 'textDisplay': 'Parabéns falou a verdade  isso mesmo e bosonaro quer tá atra de tudo isso', 'textOriginal': 'Parabéns falou a verdade  isso mesmo e bosonaro quer tá atra de tudo isso', 'parentId': 'UgyOORJo98T9pCrHyJx4AaABAg', 'authorDisplayName': 'Sonia Nogueira', 'authorProfileImageUrl': 'https://yt3.ggpht.com/ytc/AGIKgqNogGH1ZyfzdyAOV552N12LxcLalLclGS6tpg=s48-c-k-c0x00ffffff-no-rj', 'authorChannelUrl': 'http://www.youtube.com/channel/UCBySF8UsMJRNDKUNa48_5-Q', 'authorChannelId': {'value': 'UCBySF8UsMJRNDKUNa48_5-Q'}, 'canRate': True, 'viewerRating': 'none', 'likeCount': 2, 'publishedAt': '2022-11-01T09:32:27Z', 'updatedAt': '2022-11-01T09:32:27Z'}}]}",UCtiAcUZbtLn4QqciNjE1Zgg,2022-10-31T23:59:55Z,o Brasil conta muito com seu trabalho conjunto em favor do nosso pais!! firmeza deputado!!!,QURTSl9pM0RRQU9RamlfQUVIaDMwdmZGYjV0WDdCeHkxVHpnM3JndDVRaEd2b2c0NnNDRUYxVVhjNGFhVGZyQWNMVmFQcG1uOGw3M1Q1WQ==,2023-06-07 12:46:27.657549
youtube#commentThread,KBLN5owpR0P2qxD-xLv-pDQk1Fg,Ugzhw2rqjCBIVVblbhd4AaABAg,"{'videoId': 'XRYjrJJZAME', 'topLevelComment': {'kind': 'youtube#comment', 'etag': 'zl_zqsU_nC5KIUR-OMw3Y9NgsdQ', 'id': 'Ugzhw2rqjCBIVVblbhd4AaABAg', 'snippet': {'videoId': 'XRYjrJJZAME', 'textDisplay': 'Essa gente não tem nada de massa na cabeça. <br>Não pensam no meio ambiente,  no asfalto que estraga,  a poluição da fumaça  e outras coisas mais.<br> Daí quando dá uma seca ficam chorando.', 'textOriginal': 'Essa gente não tem nada de massa na cabeça. \nNão pensam no meio ambiente,  no asfalto que estraga,  a poluição da fumaça  e outras coisas mais.\n Daí quando dá uma seca ficam chorando.', 'authorDisplayName': 'Gema Miotto', 'authorProfileImageUrl': 'https://yt3.ggpht.com/ytc/AGIKgqM_wTGHn9cyBjdeEMPoGig11jjgZj2NPG6pGI2O-gd80fFrcMdjr6bIvVlX3MgD=s48-c-k-c0x00ffffff-no-rj', 'authorChannelUrl': 'http://www.youtube.com/channel/UCMJEpJ-2GuXPfuZswTGbglA', 'authorChannelId': {'value': 'UCMJEpJ-2GuXPfuZswTGbglA'}, 'canRate': True, 'viewerRating': 'none', 'likeCount': 0, 'publishedAt': '2022-10-31T23:59:51Z', 'updatedAt': '2022-10-31T23:59:51Z'}}, 'canReply': True, 'totalReplyCount': 0, 'isPublic': True}",,UCMJEpJ-2GuXPfuZswTGbglA,2022-10-31T23:59:51Z,"Essa gente não tem nada de massa na cabeça. 
Não pensam no meio ambiente,  no asfalto que estraga,  a poluição da fumaça  e outras coisas mais.
 Daí quando dá uma seca ficam chorando.",QURTSl9pM0RRQU9RamlfQUVIaDMwdmZGYjV0WDdCeHkxVHpnM3JndDVRaEd2b2c0NnNDRUYxVVhjNGFhVGZyQWNMVmFQcG1uOGw3M1Q1WQ==,2023-06-07 12:46:27.657549
youtube#commentThread,HZk2uc_jG5LByMxwntcTIugd4eM,UgzMOUx-xQ3wTwaX5al4AaABAg,"{'videoId': 'XRYjrJJZAME', 'topLevelComment': {'kind': 'youtube#comment', 'etag': 'GX5v9qetvFmzreFhF9pJm4x0nCE', 'id': 'UgzMOUx-xQ3wTwaX5al4AaABAg', 'snippet': {'videoId': 'XRYjrJJZAME', 'textDisplay': 'Velho do p a u m o L e, não. Hahahahahahaha.', 'textOriginal': 'Velho do p a u m o L e, não. Hahahahahahaha.', 'authorDisplayName': 'Cristina Bozarcov', 'authorProfileImageUrl': 'https://yt3.ggpht.com/ytc/AGIKgqM5Lsrj6ku6P3vLbbltcJGy1wc8eo_4PBruc3oxTRS5tnv0FGX3vgnKKcGqIMMI=s48-c-k-c0x00ffffff-no-rj', 'authorChannelUrl': 'http://www.youtube.com/channel/UCB6BxL7155GetIf6011UetQ', 'authorChannelId': {'value': 'UCB6BxL7155GetIf6011UetQ'}, 'canRate': True, 'viewerRating': 'none', 'likeCount': 2, 'publishedAt': '2022-10-31T23:59:41Z', 'updatedAt': '2022-10-31T23:59:41Z'}}, 'canReply': True, 'totalReplyCount': 0, 'isPublic': True}",,UCB6BxL7155GetIf6011UetQ,2022-10-31T23:59:41Z,"Velho do p a u m o L e, não. Hahahahahahaha.",QURTSl9pM0RRQU9RamlfQUVIaDMwdmZGYjV0WDdCeHkxVHpnM3JndDVRaEd2b2c0NnNDRUYxVVhjNGFhVGZyQWNMVmFQcG1uOGw3M1Q1WQ==,2023-06-07 12:46:27.657549
youtube#commentThread,-r5pFYzLTQSMhaY09A5GrgRrA5s,UgwAj5AdjkbF-d1thVl4AaABAg,"{'videoId': 'XRYjrJJZAME', 'topLevelComment': {'kind': 'youtube#comment', 'etag': 'Jz_-n2iCb5xHVvG__nojZIYGcP0', 'id': 'UgwAj5AdjkbF-d1thVl4AaABAg', 'snippet': {'videoId': 'XRYjrJJZAME', 'textDisplay': 'Foram quase 6 anos de sofrimento,agora é só alegria de ver Lula de volta ,nosso líder,maior estadista de todos os tempos,VIVA LULA,♥️♥️♥️🥳🥳🥳🥳🥳🥳🥳🥳🥳', 'textOriginal': 'Foram quase 6 anos de sofrimento,agora é só alegria de ver Lula de volta ,nosso líder,maior estadista de todos os tempos,VIVA LULA,♥️♥️♥️🥳🥳🥳🥳🥳🥳🥳🥳🥳', 'authorDisplayName': 'LRM Lu', 'authorProfileImageUrl': 'https://yt3.ggpht.com/cLANAFn7I4pzK7zCldrLQu_VuIJuNWjjhhB_W0XzPA1oUkvkySD2l0mu7yu0Y58nuqSGrj3Fpg=s48-c-k-c0x00ffffff-no-rj', 'authorChannelUrl': 'http://www.youtube.com/channel/UC_81hVV1x0Ot88POr5yWIZw', 'authorChannelId': {'value': 'UC_81hVV1x0Ot88POr5yWIZw'}, 'canRate': True, 'viewerRating': 'none', 'likeCount': 20, 'publishedAt': '2022-10-31T23:59:31Z', 'updatedAt': '2022-10-31T23:59:31Z'}}, 'canReply': True, 'totalReplyCount': 0, 'isPublic': True}",,UC_81hVV1x0Ot88POr5yWIZw,2022-10-31T23:59:31Z,"Foram quase 6 anos de sofrimento,agora é só alegria de ver Lula de volta ,nosso líder,maior estadista de todos os tempos,VIVA LULA,♥️♥️♥️🥳🥳🥳🥳🥳🥳🥳🥳🥳",QURTSl9pM0RRQU9RamlfQUVIaDMwdmZGYjV0WDdCeHkxVHpnM3JndDVRaEd2b2c0NnNDRUYxVVhjNGFhVGZyQWNMVmFQcG1uOGw3M1Q1WQ==,2023-06-07 12:46:27.657549
youtube#commentThread,_TwfG3k8ksDgX1bM7o1GFPxRtcA,Ugx50_Y-jxNKwdGEPON4AaABAg,"{'videoId': 'XRYjrJJZAME', 'topLevelComment': {'kind': 'youtube#comment', 'etag': 'Prl3o9F4uVBG22Hq1oLfi-7HTzs', 'id': 'Ugx50_Y-jxNKwdGEPON4AaABAg', 'snippet': {'videoId': 'XRYjrJJZAME', 'textDisplay': 'Bozo é uma mala sem alça.', 'textOriginal': 'Bozo é uma mala sem alça.', 'authorDisplayName': 'ELIAS BARBOSA', 'authorProfileImageUrl': 'https://yt3.ggpht.com/ytc/AGIKgqMgO_oqEjGKIDbf8JOY3GeUQGE7WfuMfGKu3A=s48-c-k-c0x00ffffff-no-rj', 'authorChannelUrl': 'http://www.youtube.com/channel/UCVCNk1W8R1_qHB3796aO1bw', 'authorChannelId': {'value': 'UCVCNk1W8R1_qHB3796aO1bw'}, 'canRate': True, 'viewerRating': 'none', 'likeCount': 0, 'publishedAt': '2022-10-31T23:59:27Z', 'updatedAt': '2022-10-31T23:59:27Z'}}, 'canReply': True, 'totalReplyCount': 0, 'isPublic': True}",,UCVCNk1W8R1_qHB3796aO1bw,2022-10-31T23:59:27Z,Bozo é uma mala sem alça.,QURTSl9pM0RRQU9RamlfQUVIaDMwdmZGYjV0WDdCeHkxVHpnM3JndDVRaEd2b2c0NnNDRUYxVVhjNGFhVGZyQWNMVmFQcG1uOGw3M1Q1WQ==,2023-06-07 12:46:27.657549
youtube#commentThread,cGbT8H3esMky13bdldBeKIOjfcY,UgyjLV0ulACrqE0aNf14AaABAg,"{'videoId': 'XRYjrJJZAME', 'topLevelComment': {'kind': 'youtube#comment', 'etag': 'XSdStaTv2ryM4EbR_AHu8kV5X1Y', 'id': 'UgyjLV0ulACrqE0aNf14AaABAg', 'snippet': {'videoId': 'XRYjrJJZAME', 'textDisplay': 'Bozoloide não é patético. Tem personalidade!', 'textOriginal': 'Bozoloide não é patético. Tem personalidade!', 'authorDisplayName': 'Cristina Bozarcov', 'authorProfileImageUrl': 'https://yt3.ggpht.com/ytc/AGIKgqM5Lsrj6ku6P3vLbbltcJGy1wc8eo_4PBruc3oxTRS5tnv0FGX3vgnKKcGqIMMI=s48-c-k-c0x00ffffff-no-rj', 'authorChannelUrl': 'http://www.youtube.com/channel/UCB6BxL7155GetIf6011UetQ', 'authorChannelId': {'value': 'UCB6BxL7155GetIf6011UetQ'}, 'canRate': True, 'viewerRating': 'none', 'likeCount': 1, 'publishedAt': '2022-10-31T23:59:14Z', 'updatedAt': '2022-10-31T23:59:14Z'}}, 'canReply': True, 'totalReplyCount': 0, 'isPublic': True}",,UCB6BxL7155GetIf6011UetQ,2022-10-31T23:59:14Z,Bozoloide não é patético. Tem personalidade!,QURTSl9pM0RRQU9RamlfQUVIaDMwdmZGYjV0WDdCeHkxVHpnM3JndDVRaEd2b2c0NnNDRUYxVVhjNGFhVGZyQWNMVmFQcG1uOGw3M1Q1WQ==,2023-06-07 12:46:27.657549
youtube#commentThread,PeWgwai-6HxGBfQ2qEYGymFG2a8,Ugwbuod6aLvI8cOvz_p4AaABAg,"{'videoId': 'XRYjrJJZAME', 'topLevelComment': {'kind': 'youtube#comment', 'etag': 'GJxf41SPiQLcEk3AlZjhhvu4HZE', 'id': 'Ugwbuod6aLvI8cOvz_p4AaABAg', 'snippet': {'videoId': 'XRYjrJJZAME', 'textDisplay': 'Vitória da democracia. Viva nosso presidente Lula.', 'textOriginal': 'Vitória da democracia. Viva nosso presidente Lula.', 'authorDisplayName': 'Oneida Souza', 'authorProfileImageUrl': 'https://yt3.ggpht.com/ytc/AGIKgqNjNqBqFp9RJCauYXenxCGA-3B5oQFyKXg3-Q=s48-c-k-c0x00ffffff-no-rj', 'authorChannelUrl': 'http://www.youtube.com/channel/UCabTl9gMoHUNFPgYjf7qxEQ', 'authorChannelId': {'value': 'UCabTl9gMoHUNFPgYjf7qxEQ'}, 'canRate': True, 'viewerRating': 'none', 'likeCount': 11, 'publishedAt': '2022-10-31T23:59:08Z', 'updatedAt': '2022-10-31T23:59:08Z'}}, 'canReply': True, 'totalReplyCount': 0, 'isPublic': True}",,UCabTl9gMoHUNFPgYjf7qxEQ,2022-10-31T23:59:08Z,Vitória da democracia. Viva nosso presidente Lula.,QURTSl9pM0RRQU9RamlfQUVIaDMwdmZGYjV0WDdCeHkxVHpnM3JndDVRaEd2b2c0NnNDRUYxVVhjNGFhVGZyQWNMVmFQcG1uOGw3M1Q1WQ==,2023-06-07 12:46:27.657549
youtube#commentThread,GcdssofHbUvtnzARvcK2szcUoi8,Ugx_EZ1VS75oYn2NvXB4AaABAg,"{'videoId': 'XRYjrJJZAME', 'topLevelComment': {'kind': 'youtube#comment', 'etag': 'w8SmdCqOa76E3SWt5sne5C7nEuc', 'id': 'Ugx_EZ1VS75oYn2NvXB4AaABAg', 'snippet': {'videoId': 'XRYjrJJZAME', 'textDisplay': '...E o medo da cadeia?...<br>Deve estar borrado de medo 😱 😱 😱', 'textOriginal': '...E o medo da cadeia?...\nDeve estar borrado de medo 😱 😱 😱', 'authorDisplayName': 'terezinha de fatima nunes do carmo', 'authorProfileImageUrl': 'https://yt3.ggpht.com/ytc/AGIKgqNwlENOMiqtmXq88WensFbxsjM5mT_zrsXpFQ=s48-c-k-c0x00ffffff-no-rj', 'authorChannelUrl': 'http://www.youtube.com/channel/UCk9MMH1wn5rX8lZXsAFR0qw', 'authorChannelId': {'value': 'UCk9MMH1wn5rX8lZXsAFR0qw'}, 'canRate': True, 'viewerRating': 'none', 'likeCount': 10, 'publishedAt': '2022-10-31T23:58:56Z', 'updatedAt': '2022-10-31T23:59:34Z'}}, 'canReply': True, 'totalReplyCount': 0, 'isPublic': True}",,UCk9MMH1wn5rX8lZXsAFR0qw,2022-10-31T23:58:56Z,"...E o medo da cadeia?...
Deve estar borrado de medo 😱 😱 😱",QURTSl9pM0RRQU9RamlfQUVIaDMwdmZGYjV0WDdCeHkxVHpnM3JndDVRaEd2b2c0NnNDRUYxVVhjNGFhVGZyQWNMVmFQcG1uOGw3M1Q1WQ==,2023-06-07 12:46:27.657549
youtube#commentThread,cBJOvt2Mg_XBo5NNgzwLa6hzaoM,UgyjxZpdsReyhsSFGuR4AaABAg,"{'videoId': 'XRYjrJJZAME', 'topLevelComment': {'kind': 'youtube#comment', 'etag': 'dmc32EVMqvjgN5IaJ1BtMYLrtmk', 'id': 'UgyjxZpdsReyhsSFGuR4AaABAg', 'snippet': {'videoId': 'XRYjrJJZAME', 'textDisplay': 'Se democracia matasse fome e pagasse boleto...... façamos o L! O velho Aguentará! Bozoloide, tem nada a ver para com isso. Quero ver quando for greve de verdade dos caminhonriros? Hahahahaha!', 'textOriginal': 'Se democracia matasse fome e pagasse boleto...... façamos o L! O velho Aguentará! Bozoloide, tem nada a ver para com isso. Quero ver quando for greve de verdade dos caminhonriros? Hahahahaha!', 'authorDisplayName': 'Cristina Bozarcov', 'authorProfileImageUrl': 'https://yt3.ggpht.com/ytc/AGIKgqM5Lsrj6ku6P3vLbbltcJGy1wc8eo_4PBruc3oxTRS5tnv0FGX3vgnKKcGqIMMI=s48-c-k-c0x00ffffff-no-rj', 'authorChannelUrl': 'http://www.youtube.com/channel/UCB6BxL7155GetIf6011UetQ', 'authorChannelId': {'value': 'UCB6BxL7155GetIf6011UetQ'}, 'canRate': True, 'viewerRating': 'none', 'likeCount': 0, 'publishedAt': '2022-10-31T23:58:52Z', 'updatedAt': '2022-10-31T23:58:52Z'}}, 'canReply': True, 'totalReplyCount': 0, 'isPublic': True}",,UCB6BxL7155GetIf6011UetQ,2022-10-31T23:58:52Z,"Se democracia matasse fome e pagasse boleto...... façamos o L! O velho Aguentará! Bozoloide, tem nada a ver para com isso. Quero ver quando for greve de verdade dos caminhonriros? Hahahahaha!",QURTSl9pM0RRQU9RamlfQUVIaDMwdmZGYjV0WDdCeHkxVHpnM3JndDVRaEd2b2c0NnNDRUYxVVhjNGFhVGZyQWNMVmFQcG1uOGw3M1Q1WQ==,2023-06-07 12:46:27.657549
youtube#commentThread,akdXCn_yTgOj18rPe2-QX-g2RpQ,Ugxfes7GsNV3E3O9nxN4AaABAg,"{'videoId': 'XRYjrJJZAME', 'topLevelComment': {'kind': 'youtube#comment', 'etag': '9_jlUf3XC6LJXib4Wb1zaj0zz2g', 'id': 'Ugxfes7GsNV3E3O9nxN4AaABAg', 'snippet': {'videoId': 'XRYjrJJZAME', 'textDisplay': 'Se um bolsominios terroristas da extrema direita corruptos e psicopatas  me barrarem  na rodovia  vão  comer  o pão  pelo  rabo de satanás. Manda pra  cadeia  estes energúmenos  da intolerância  e da ignorância  contra o  Estado democrático de direito.', 'textOriginal': 'Se um bolsominios terroristas da extrema direita corruptos e psicopatas  me barrarem  na rodovia  vão  comer  o pão  pelo  rabo de satanás. Manda pra  cadeia  estes energúmenos  da intolerância  e da ignorância  contra o  Estado democrático de direito.', 'authorDisplayName': 'Antonio Helvecio', 'authorProfileImageUrl': 'https://yt3.ggpht.com/ytc/AGIKgqO3Sm-AqqgOFzPHcJk1VhCmQLkQ0pFD-dsgviJ3d8d6A08HcJLJbtAkhBkbn0cz=s48-c-k-c0x00ffffff-no-rj', 'authorChannelUrl': 'http://www.youtube.com/channel/UCA74IzcMwYq8PzxtgCtVK-g', 'authorChannelId': {'value': 'UCA74IzcMwYq8PzxtgCtVK-g'}, 'canRate': True, 'viewerRating': 'none', 'likeCount': 0, 'publishedAt': '2022-10-31T23:58:39Z', 'updatedAt': '2022-10-31T23:58:39Z'}}, 'canReply': True, 'totalReplyCount': 0, 'isPublic': True}",,UCA74IzcMwYq8PzxtgCtVK-g,2022-10-31T23:58:39Z,Se um bolsominios terroristas da extrema direita corruptos e psicopatas  me barrarem  na rodovia  vão  comer  o pão  pelo  rabo de satanás. Manda pra  cadeia  estes energúmenos  da intolerância  e da ignorância  contra o  Estado democrático de direito.,QURTSl9pM0RRQU9RamlfQUVIaDMwdmZGYjV0WDdCeHkxVHpnM3JndDVRaEd2b2c0NnNDRUYxVVhjNGFhVGZyQWNMVmFQcG1uOGw3M1Q1WQ==,2023-06-07 12:46:27.657549
youtube#commentThread,l6xzXGsmPvacNAMu0zr05KGJ2lQ,UgzdSfA9o4Hh0hsKKfN4AaABAg,"{'videoId': 'XRYjrJJZAME', 'topLevelComment': {'kind': 'youtube#comment', 'etag': 'mAFMbH_qnJgtVkDk4E-5ct0XNLU', 'id': 'UgzdSfA9o4Hh0hsKKfN4AaABAg', 'snippet': {'videoId': 'XRYjrJJZAME', 'textDisplay': 'Estão deixando isso crescer, não pode, precisa impedir essa insanidade já. Camionheiros não podem mandar no Brasil', 'textOriginal': 'Estão deixando isso crescer, não pode, precisa impedir essa insanidade já. Camionheiros não podem mandar no Brasil', 'authorDisplayName': 'FERNANDEZ', 'authorProfileImageUrl': 'https://yt3.ggpht.com/CQP66_knrys1fvqvAW2fHiXwUlL4mkeGY4UGYnRcg5xPzB67qYgjO_UiFkRackeV9Tllt8gt=s48-c-k-c0x00ffffff-no-rj', 'authorChannelUrl': 'http://www.youtube.com/channel/UC0H2HMiV6IxE0SXxcxRyDhg', 'authorChannelId': {'value': 'UC0H2HMiV6IxE0SXxcxRyDhg'}, 'canRate': True, 'viewerRating': 'none', 'likeCount': 12, 'publishedAt': '2022-10-31T23:58:32Z', 'updatedAt': '2022-10-31T23:58:32Z'}}, 'canReply': True, 'totalReplyCount': 0, 'isPublic': True}",,UC0H2HMiV6IxE0SXxcxRyDhg,2022-10-31T23:58:32Z,"Estão deixando isso crescer, não pode, precisa impedir essa insanidade já. Camionheiros não podem mandar no Brasil",QURTSl9pM0RRQU9RamlfQUVIaDMwdmZGYjV0WDdCeHkxVHpnM3JndDVRaEd2b2c0NnNDRUYxVVhjNGFhVGZyQWNMVmFQcG1uOGw3M1Q1WQ==,2023-06-07 12:46:27.657549
youtube#commentThread,ha0M9tsYumz_-KDwrzxh-MvIQfg,UgxcyUqGRlAK-MS3PyF4AaABAg,"{'videoId': 'XRYjrJJZAME', 'topLevelComment': {'kind': 'youtube#comment', 'etag': 'Vfh8kS_o7pstUSPAe2i31W1Y5Y0', 'id': 'UgxcyUqGRlAK-MS3PyF4AaABAg', 'snippet': {'videoId': 'XRYjrJJZAME', 'textDisplay': 'Esse vandalismo nao vai mudar a minha e a vontade da maioria dos povos que foram nas urnas.param com essa infantilidade.caminhoneiros se dao o respeito e respeitam a vontade da maioria dos brasileiros.', 'textOriginal': 'Esse vandalismo nao vai mudar a minha e a vontade da maioria dos povos que foram nas urnas.param com essa infantilidade.caminhoneiros se dao o respeito e respeitam a vontade da maioria dos brasileiros.', 'authorDisplayName': 'Sebastiana Silva', 'authorProfileImageUrl': 'https://yt3.ggpht.com/ytc/AGIKgqNjEQlYipfdr_DZpbcxybncX_zUa1QZYKltyg=s48-c-k-c0x00ffffff-no-rj', 'authorChannelUrl': 'http://www.youtube.com/channel/UCu1LkOPSgORHc3Zu3O2Qz0Q', 'authorChannelId': {'value': 'UCu1LkOPSgORHc3Zu3O2Qz0Q'}, 'canRate': True, 'viewerRating': 'none', 'likeCount': 0, 'publishedAt': '2022-10-31T23:58:30Z', 'updatedAt': '2022-10-31T23:58:30Z'}}, 'canReply': True, 'totalReplyCount': 0, 'isPublic': True}",,UCu1LkOPSgORHc3Zu3O2Qz0Q,2022-10-31T23:58:30Z,Esse vandalismo nao vai mudar a minha e a vontade da maioria dos povos que foram nas urnas.param com essa infantilidade.caminhoneiros se dao o respeito e respeitam a vontade da maioria dos brasileiros.,QURTSl9pM0RRQU9RamlfQUVIaDMwdmZGYjV0WDdCeHkxVHpnM3JndDVRaEd2b2c0NnNDRUYxVVhjNGFhVGZyQWNMVmFQcG1uOGw3M1Q1WQ==,2023-06-07 12:46:27.657549
youtube#commentThread,DPpVAqwbrSv2Vw7_ISlHDa8L84A,UgwYMOSZ6IkGWwwxs_l4AaABAg,"{'videoId': 'XRYjrJJZAME', 'topLevelComment': {'kind': 'youtube#comment', 'etag': 'R7cR2KhvG-9PauYZ5ToGszXG4bU', 'id': 'UgwYMOSZ6IkGWwwxs_l4AaABAg', 'snippet': {'videoId': 'XRYjrJJZAME', 'textDisplay': 'Boa noite deputado  vamos orar pela paz  brasileiro povo ordeiro .', 'textOriginal': 'Boa noite deputado  vamos orar pela paz  brasileiro povo ordeiro .', 'authorDisplayName': 'Oraides Vieira Braga', 'authorProfileImageUrl': 'https://yt3.ggpht.com/ytc/AGIKgqOvI99os9vUicH-Y02dJiNsXE2AoQJ_l-3fpg=s48-c-k-c0x00ffffff-no-rj', 'authorChannelUrl': 'http://www.youtube.com/channel/UCjvNYBqtFtEDneTZun16Z-g', 'authorChannelId': {'value': 'UCjvNYBqtFtEDneTZun16Z-g'}, 'canRate': True, 'viewerRating': 'none', 'likeCount': 94, 'publishedAt': '2022-10-31T23:58:22Z', 'updatedAt': '2022-10-31T23:58:22Z'}}, 'canReply': True, 'totalReplyCount': 3, 'isPublic': True}","{'comments': [{'kind': 'youtube#comment', 'etag': '17_7Zs1sq0gacI4gJSt7fWN7Ix4', 'id': 'UgwYMOSZ6IkGWwwxs_l4AaABAg.9hrwXE8Tws39hw0a7SxbMd', 'snippet': {'videoId': 'XRYjrJJZAME', 'textDisplay': 'AGORA O LULA APOIA A EMENDAS DE RELATOR, O TAL DO ORÇAMENTO SECRETO QUE OS PETISTAS TANTO CRITICAVAM', 'textOriginal': 'AGORA O LULA APOIA A EMENDAS DE RELATOR, O TAL DO ORÇAMENTO SECRETO QUE OS PETISTAS TANTO CRITICAVAM', 'parentId': 'UgwYMOSZ6IkGWwwxs_l4AaABAg', 'authorDisplayName': 'Política Brasil', 'authorProfileImageUrl': 'https://yt3.ggpht.com/ytc/AGIKgqM7shAgdC37nnqf_dDkaHFNNq08sHhxYLoCO_2dsA=s48-c-k-c0x00ffffff-no-rj', 'authorChannelUrl': 'http://www.youtube.com/channel/UCJfaTEmCzhIHn_60gm2EyBw', 'authorChannelId': {'value': 'UCJfaTEmCzhIHn_60gm2EyBw'}, 'canRate': True, 'viewerRating': 'none', 'likeCount': 0, 'publishedAt': '2022-11-02T13:59:33Z', 'updatedAt': '2022-11-02T13:59:33Z'}}, {'kind': 'youtube#comment', 'etag': 'zEuM6io4yOZOQKvdF8ckhpPGmPo', 'id': 'UgwYMOSZ6IkGWwwxs_l4AaABAg.9hrwXE8Tws39ht6WkpZAPO', 'snippet': {'videoId': 'XRYjrJJZAME', 'textDisplay': '@Vo Paulinho tem aceitar querem parar que parem vergonha lula h ganhou', 'textOriginal': '@Vo Paulinho tem aceitar querem parar que parem vergonha lula h ganhou', 'parentId': 'UgwYMOSZ6IkGWwwxs_l4AaABAg', 'authorDisplayName': 'Cleuza Oliveira Ulian', 'authorProfileImageUrl': 'https://yt3.ggpht.com/ytc/AGIKgqNLfyFFhU0xh0z5GuQbpqUiia5wu8DYcwTuBnwdoW2KL9mfPebyvpJR-1-HDc1V=s48-c-k-c0x00ffffff-no-rj', 'authorChannelUrl': 'http://www.youtube.com/channel/UCZ_FL_csuuu5yS1CYVEUiLA', 'authorChannelId': {'value': 'UCZ_FL_csuuu5yS1CYVEUiLA'}, 'canRate': True, 'viewerRating': 'none', 'likeCount': 1, 'publishedAt': '2022-11-01T10:53:40Z', 'updatedAt': '2022-11-01T10:53:40Z'}}, {'kind': 'youtube#comment', 'etag': '1db6ck81prtUJJKXfgTt6YJRDIU', 'id': 'UgwYMOSZ6IkGWwwxs_l4AaABAg.9hrwXE8Tws39hsnCDz2IEY', 'snippet': {'videoId': 'XRYjrJJZAME', 'textDisplay': 'Parabéns deputado aceitamos eles e agora eles não querem aceitar viva lula', 'textOriginal': 'Parabéns deputado aceitamos eles e agora eles não querem aceitar viva lula', 'parentId': 'UgwYMOSZ6IkGWwwxs_l4AaABAg', 'authorDisplayName': 'Vo Paulinho', 'authorProfileImageUrl': 'https://yt3.ggpht.com/ytc/AGIKgqM8TBtR0dXHg-TB74htvnfAWgOTyjxoQtJDulVAd83gL-YW9kmR3OGU8_fS5JuC=s48-c-k-c0x00ffffff-no-rj', 'authorChannelUrl': 'http://www.youtube.com/channel/UCmHZQGpZhaxXIy3jUbGrwMQ', 'authorChannelId': {'value': 'UCmHZQGpZhaxXIy3jUbGrwMQ'}, 'canRate': True, 'viewerRating': 'none', 'likeCount': 1, 'publishedAt': '2022-11-01T07:56:06Z', 'updatedAt': '2022-11-01T07:56:06Z'}}]}",UCjvNYBqtFtEDneTZun16Z-g,2022-10-31T23:58:22Z,Boa noite deputado  vamos orar pela paz  brasileiro povo ordeiro .,QURTSl9pM0RRQU9RamlfQUVIaDMwdmZGYjV0WDdCeHkxVHpnM3JndDVRaEd2b2c0NnNDRUYxVVhjNGFhVGZyQWNMVmFQcG1uOGw3M1Q1WQ==,2023-06-07 12:46:27.657549
youtube#commentThread,HMlLlsgiEKcoL85LsbtX7aOJzXI,UgxH2KNq1Icb_psU-Il4AaABAg,"{'videoId': 'XRYjrJJZAME', 'topLevelComment': {'kind': 'youtube#comment', 'etag': '1E0iVV6RzTgqg8La1-3FyioimJI', 'id': 'UgxH2KNq1Icb_psU-Il4AaABAg', 'snippet': {'videoId': 'XRYjrJJZAME', 'textDisplay': 'Está clara a aposta de Bolsonaro neste momento: golpe! <br>Não reconhece o resultado das eleições e pelo subterrâneo articula sua ultra direita a gerar caos nas estradas e cidades, prejudicando o povo. Temos de denunciar ao mundo quem conspira contra a democracia e incita violência.', 'textOriginal': 'Está clara a aposta de Bolsonaro neste momento: golpe! \nNão reconhece o resultado das eleições e pelo subterrâneo articula sua ultra direita a gerar caos nas estradas e cidades, prejudicando o povo. Temos de denunciar ao mundo quem conspira contra a democracia e incita violência.', 'authorDisplayName': 'TecnologiaTV notícia', 'authorProfileImageUrl': 'https://yt3.ggpht.com/za_xu0fulcV781GycCtEbshMhjr-T5SacSh7hPbdszKanqKm0c51-GTqo-8WikGQJLPGj0jT=s48-c-k-c0x00ffffff-no-rj', 'authorChannelUrl': 'http://www.youtube.com/channel/UCOhQopuZHrZrrv2aha9z34Q', 'authorChannelId': {'value': 'UCOhQopuZHrZrrv2aha9z34Q'}, 'canRate': True, 'viewerRating': 'none', 'likeCount': 1, 'publishedAt': '2022-10-31T23:58:03Z', 'updatedAt': '2022-10-31T23:58:03Z'}}, 'canReply': True, 'totalReplyCount': 0, 'isPublic': True}",,UCOhQopuZHrZrrv2aha9z34Q,2022-10-31T23:58:03Z,"Está clara a aposta de Bolsonaro neste momento: golpe! 
Não reconhece o resultado das eleições e pelo subterrâneo articula sua ultra direita a gerar caos nas estradas e cidades, prejudicando o povo. Temos de denunciar ao mundo quem conspira contra a democracia e incita violência.",QURTSl9pM0RRQU9RamlfQUVIaDMwdmZGYjV0WDdCeHkxVHpnM3JndDVRaEd2b2c0NnNDRUYxVVhjNGFhVGZyQWNMVmFQcG1uOGw3M1Q1WQ==,2023-06-07 12:46:27.657549
youtube#commentThread,bWVGXIAVIBOepY_AmDj0NkvYteo,UgyLKeE7sc-WwgpSjEh4AaABAg,"{'videoId': 'XRYjrJJZAME', 'topLevelComment': {'kind': 'youtube#comment', 'etag': 'j_7yueVt8YMx0brRbWuQ6A1zvMY', 'id': 'UgyLKeE7sc-WwgpSjEh4AaABAg', 'snippet': {'videoId': 'XRYjrJJZAME', 'textDisplay': 'O supremo tem que aplicar multa nas empresas e nos caminhoneiros, assim como feiz com o diretor da PRF.', 'textOriginal': 'O supremo tem que aplicar multa nas empresas e nos caminhoneiros, assim como feiz com o diretor da PRF.', 'authorDisplayName': 'Ruthe Braga', 'authorProfileImageUrl': 'https://yt3.ggpht.com/ytc/AGIKgqOZscwxYpnts4FzFNrtIBZBaOPQJfV4ZH5s0Q=s48-c-k-c0x00ffffff-no-rj', 'authorChannelUrl': 'http://www.youtube.com/channel/UCnrAfav3WUi0Jd2aSiciwlQ', 'authorChannelId': {'value': 'UCnrAfav3WUi0Jd2aSiciwlQ'}, 'canRate': True, 'viewerRating': 'none', 'likeCount': 39, 'publishedAt': '2022-10-31T23:57:53Z', 'updatedAt': '2022-10-31T23:57:53Z'}}, 'canReply': True, 'totalReplyCount': 0, 'isPublic': True}",,UCnrAfav3WUi0Jd2aSiciwlQ,2022-10-31T23:57:53Z,"O supremo tem que aplicar multa nas empresas e nos caminhoneiros, assim como feiz com o diretor da PRF.",,2023-06-07 12:46:29.357383
youtube#commentThread,U5K2M8GhDePC2b7Ki3cJ700VjoM,UgzKeMnqpLXH0bBj9MN4AaABAg,"{'videoId': 'XRYjrJJZAME', 'topLevelComment': {'kind': 'youtube#comment', 'etag': '5moHRHHFgLQXSeshhgTmwBZaoJQ', 'id': 'UgzKeMnqpLXH0bBj9MN4AaABAg', 'snippet': {'videoId': 'XRYjrJJZAME', 'textDisplay': 'PROCURA-SE O PRESIDENTE IMBROCHÁVEL E FUJÃO.😁🤣🤣', 'textOriginal': 'PROCURA-SE O PRESIDENTE IMBROCHÁVEL E FUJÃO.😁🤣🤣', 'authorDisplayName': 'Sandra De Assis 👑', 'authorProfileImageUrl': 'https://yt3.ggpht.com/7yUFlN4Mver8MZ22DlYjvjT_CknM75tYq8QVX-MNKIF4VCe84Mn2xKEp3h7AjResOsgyZTQVkIQ=s48-c-k-c0x00ffffff-no-rj', 'authorChannelUrl': 'http://www.youtube.com/channel/UC2i0T1lD2hwrurIFWEZZjQg', 'authorChannelId': {'value': 'UC2i0T1lD2hwrurIFWEZZjQg'}, 'canRate': True, 'viewerRating': 'none', 'likeCount': 4, 'publishedAt': '2022-10-31T23:57:48Z', 'updatedAt': '2022-10-31T23:57:48Z'}}, 'canReply': True, 'totalReplyCount': 1, 'isPublic': True}","{'comments': [{'kind': 'youtube#comment', 'etag': 'U-6wHGmZ2NHJ5XZNLiKYvFhHzYg', 'id': 'UgzKeMnqpLXH0bBj9MN4AaABAg.9hrwT3MUOYx9hs2ecx6kZG', 'snippet': {'videoId': 'XRYjrJJZAME', 'textDisplay': 'E pedofilo', 'textOriginal': 'E pedofilo', 'parentId': 'UgzKeMnqpLXH0bBj9MN4AaABAg', 'authorDisplayName': 'Adriana Pickler', 'authorProfileImageUrl': 'https://yt3.ggpht.com/ytc/AGIKgqNFFGY4NsDnpEuBk6bRDwmwgIWPF40sC-299g=s48-c-k-c0x00ffffff-no-rj', 'authorChannelUrl': 'http://www.youtube.com/channel/UCjcl4u9DsWRKKbEKEt02ZgQ', 'authorChannelId': {'value': 'UCjcl4u9DsWRKKbEKEt02ZgQ'}, 'canRate': True, 'viewerRating': 'none', 'likeCount': 0, 'publishedAt': '2022-11-01T01:00:41Z', 'updatedAt': '2022-11-01T01:00:41Z'}}]}",UC2i0T1lD2hwrurIFWEZZjQg,2022-10-31T23:57:48Z,PROCURA-SE O PRESIDENTE IMBROCHÁVEL E FUJÃO.😁🤣🤣,,2023-06-07 12:46:29.357383
youtube#commentThread,hhhRIAFhM9AgpgR_20LC8ly3gz8,Ugy1o5QHFXNDUJYduxB4AaABAg,"{'videoId': 'XRYjrJJZAME', 'topLevelComment': {'kind': 'youtube#comment', 'etag': 'adtX27Y7mWfMdcEq8JH11UoL1v0', 'id': 'Ugy1o5QHFXNDUJYduxB4AaABAg', 'snippet': {'videoId': 'XRYjrJJZAME', 'textDisplay': 'Autônomo que tem consciência não fica nos bloqueios, fica em casa.', 'textOriginal': 'Autônomo que tem consciência não fica nos bloqueios, fica em casa.', 'authorDisplayName': 'Rogerio', 'authorProfileImageUrl': 'https://yt3.ggpht.com/5o8-jOSjphdtJaoyMdYeAdSJS2Sni1Q8BQBMzIIqrZXet4baol0bGSCDKVStcOn23ZJ47sCBYrg=s48-c-k-c0x00ffffff-no-rj', 'authorChannelUrl': 'http://www.youtube.com/channel/UCGYSf5bqY2OjX8-oGxbxO0g', 'authorChannelId': {'value': 'UCGYSf5bqY2OjX8-oGxbxO0g'}, 'canRate': True, 'viewerRating': 'none', 'likeCount': 87, 'publishedAt': '2022-10-31T23:57:35Z', 'updatedAt': '2022-10-31T23:57:35Z'}}, 'canReply': True, 'totalReplyCount': 1, 'isPublic': True}","{'comments': [{'kind': 'youtube#comment', 'etag': 'R-gL6GvSZ5hlOGx672M05TSfiEY', 'id': 'Ugy1o5QHFXNDUJYduxB4AaABAg.9hrwRV3WwmY9ht4hCZgEaY', 'snippet': {'videoId': 'XRYjrJJZAME', 'textDisplay': 'Os autonomos nao tem como sai pq os caminhões tao na frente', 'textOriginal': 'Os autonomos nao tem como sai pq os caminhões tao na frente', 'parentId': 'Ugy1o5QHFXNDUJYduxB4AaABAg', 'authorDisplayName': 'Rafael gemer Souza', 'authorProfileImageUrl': 'https://yt3.ggpht.com/ytc/AGIKgqN8FWxWbKA__bT0EldKumOEMS_OQD4QRzORLdfZHQ=s48-c-k-c0x00ffffff-no-rj', 'authorChannelUrl': 'http://www.youtube.com/channel/UCWX_ItpLqKwDrDxz9SpCgkg', 'authorChannelId': {'value': 'UCWX_ItpLqKwDrDxz9SpCgkg'}, 'canRate': True, 'viewerRating': 'none', 'likeCount': 1, 'publishedAt': '2022-11-01T10:37:45Z', 'updatedAt': '2022-11-01T10:37:45Z'}}]}",UCGYSf5bqY2OjX8-oGxbxO0g,2022-10-31T23:57:35Z,"Autônomo que tem consciência não fica nos bloqueios, fica em casa.",,2023-06-07 12:46:29.357383
youtube#commentThread,gEXkwlIchwzZvHa0XhzH0IJZRrY,UgyC2D7jzvVid3DPCz14AaABAg,"{'videoId': 'XRYjrJJZAME', 'topLevelComment': {'kind': 'youtube#comment', 'etag': 'ilhojlU9g5YJhqxTR3V6vNYFIRA', 'id': 'UgyC2D7jzvVid3DPCz14AaABAg', 'snippet': {'videoId': 'XRYjrJJZAME', 'textDisplay': 'O velho doente, Pato rouco botara a raiva pra jogo!', 'textOriginal': 'O velho doente, Pato rouco botara a raiva pra jogo!', 'authorDisplayName': 'Cristina Bozarcov', 'authorProfileImageUrl': 'https://yt3.ggpht.com/ytc/AGIKgqM5Lsrj6ku6P3vLbbltcJGy1wc8eo_4PBruc3oxTRS5tnv0FGX3vgnKKcGqIMMI=s48-c-k-c0x00ffffff-no-rj', 'authorChannelUrl': 'http://www.youtube.com/channel/UCB6BxL7155GetIf6011UetQ', 'authorChannelId': {'value': 'UCB6BxL7155GetIf6011UetQ'}, 'canRate': True, 'viewerRating': 'none', 'likeCount': 0, 'publishedAt': '2022-10-31T23:57:06Z', 'updatedAt': '2022-10-31T23:57:06Z'}}, 'canReply': True, 'totalReplyCount': 0, 'isPublic': True}",,UCB6BxL7155GetIf6011UetQ,2022-10-31T23:57:06Z,"O velho doente, Pato rouco botara a raiva pra jogo!",,2023-06-07 12:46:29.357383
youtube#commentThread,BspCh6JcXgdhAiuVKIjMKR3g7mk,Ugz7evNNrjsS4mE4xGx4AaABAg,"{'videoId': 'XRYjrJJZAME', 'topLevelComment': {'kind': 'youtube#comment', 'etag': 'w3fksjVPcwh0I_yfePsNVoOf_7Q', 'id': 'Ugz7evNNrjsS4mE4xGx4AaABAg', 'snippet': {'videoId': 'XRYjrJJZAME', 'textDisplay': 'Boa. Noite irmãos recebi um áudio feio e vão tentar fazer uma guerra civil no Brasil', 'textOriginal': 'Boa. Noite irmãos recebi um áudio feio e vão tentar fazer uma guerra civil no Brasil', 'authorDisplayName': 'SERVO DO DEUS VIVO', 'authorProfileImageUrl': 'https://yt3.ggpht.com/vX4hqgXw-Wl15XHK2gvMT6gpp7ccio3PPNjmxgFUccQ6QVDvWw1xho0ADsoOLCjC84G2-KGGBg=s48-c-k-c0x00ffffff-no-rj', 'authorChannelUrl': 'http://www.youtube.com/channel/UCI8SkPpcszMvD2tTSdtrnQA', 'authorChannelId': {'value': 'UCI8SkPpcszMvD2tTSdtrnQA'}, 'canRate': True, 'viewerRating': 'none', 'likeCount': 3, 'publishedAt': '2022-10-31T23:57:04Z', 'updatedAt': '2022-10-31T23:57:04Z'}}, 'canReply': True, 'totalReplyCount': 0, 'isPublic': True}",,UCI8SkPpcszMvD2tTSdtrnQA,2022-10-31T23:57:04Z,Boa. Noite irmãos recebi um áudio feio e vão tentar fazer uma guerra civil no Brasil,,2023-06-07 12:46:29.357383
youtube#commentThread,oiK1-ofyb-LmYmN515MdoVx-U-k,UgytMSNMnZFZbQiLe5V4AaABAg,"{'videoId': 'XRYjrJJZAME', 'topLevelComment': {'kind': 'youtube#comment', 'etag': 'PrKUg9MWBpiAx203zv9xorePyZc', 'id': 'UgytMSNMnZFZbQiLe5V4AaABAg', 'snippet': {'videoId': 'XRYjrJJZAME', 'textDisplay': 'A PRF está dando apoio aos bozonaristas', 'textOriginal': 'A PRF está dando apoio aos bozonaristas', 'authorDisplayName': 'LRM Lu', 'authorProfileImageUrl': 'https://yt3.ggpht.com/cLANAFn7I4pzK7zCldrLQu_VuIJuNWjjhhB_W0XzPA1oUkvkySD2l0mu7yu0Y58nuqSGrj3Fpg=s48-c-k-c0x00ffffff-no-rj', 'authorChannelUrl': 'http://www.youtube.com/channel/UC_81hVV1x0Ot88POr5yWIZw', 'authorChannelId': {'value': 'UC_81hVV1x0Ot88POr5yWIZw'}, 'canRate': True, 'viewerRating': 'none', 'likeCount': 1, 'publishedAt': '2022-10-31T23:57:04Z', 'updatedAt': '2022-10-31T23:57:04Z'}}, 'canReply': True, 'totalReplyCount': 0, 'isPublic': True}",,UC_81hVV1x0Ot88POr5yWIZw,2022-10-31T23:57:04Z,A PRF está dando apoio aos bozonaristas,,2023-06-07 12:46:29.357383
youtube#commentThread,nz9rfI2sfuKXTlZbR_sOZtHJROI,UgxhD86kMHAdm7lUWrF4AaABAg,"{'videoId': 'XRYjrJJZAME', 'topLevelComment': {'kind': 'youtube#comment', 'etag': 'EJD67wia9jomjEI9tYxBBF06omk', 'id': 'UgxhD86kMHAdm7lUWrF4AaABAg', 'snippet': {'videoId': 'XRYjrJJZAME', 'textDisplay': 'ATENÇÃO ! OS CAMINHONEIROS JÁ ESTÃO ESPALHANDO FAKE NEWS INSITANDD A CONVOCAÇÃO DO EXÉRCITO NAS RUAS E TENTANDO PROVOCAR UMA REBELDIA SOCIAL A NÍVEL NACIONAL ATENÇÃO STF  !!!  ISSO É CONDENAVEL E INACEITÁVEL.', 'textOriginal': 'ATENÇÃO ! OS CAMINHONEIROS JÁ ESTÃO ESPALHANDO FAKE NEWS INSITANDD A CONVOCAÇÃO DO EXÉRCITO NAS RUAS E TENTANDO PROVOCAR UMA REBELDIA SOCIAL A NÍVEL NACIONAL ATENÇÃO STF  !!!  ISSO É CONDENAVEL E INACEITÁVEL.', 'authorDisplayName': 'Audinson Roberto', 'authorProfileImageUrl': 'https://yt3.ggpht.com/ytc/AGIKgqMMw236GnvP2aTDGhUZdsvVUS-9rCxGrTrVrCu9=s48-c-k-c0x00ffffff-no-rj', 'authorChannelUrl': 'http://www.youtube.com/channel/UC10SH9hu6sxdwphpQUu00dA', 'authorChannelId': {'value': 'UC10SH9hu6sxdwphpQUu00dA'}, 'canRate': True, 'viewerRating': 'none', 'likeCount': 1, 'publishedAt': '2022-10-31T23:56:31Z', 'updatedAt': '2022-10-31T23:59:41Z'}}, 'canReply': True, 'totalReplyCount': 0, 'isPublic': True}",,UC10SH9hu6sxdwphpQUu00dA,2022-10-31T23:56:31Z,ATENÇÃO ! OS CAMINHONEIROS JÁ ESTÃO ESPALHANDO FAKE NEWS INSITANDD A CONVOCAÇÃO DO EXÉRCITO NAS RUAS E TENTANDO PROVOCAR UMA REBELDIA SOCIAL A NÍVEL NACIONAL ATENÇÃO STF  !!!  ISSO É CONDENAVEL E INACEITÁVEL.,,2023-06-07 12:46:29.357383
youtube#commentThread,qWb3ZWS1BXLl4YtGREwYopHJgwc,Ugwe8T-A3a2WKX1K-aJ4AaABAg,"{'videoId': 'XRYjrJJZAME', 'topLevelComment': {'kind': 'youtube#comment', 'etag': 'WOd-d4aU-CToX5JsOBTcua-i-y8', 'id': 'Ugwe8T-A3a2WKX1K-aJ4AaABAg', 'snippet': {'videoId': 'XRYjrJJZAME', 'textDisplay': 'O velhote resolverá! Só fazermos o L!', 'textOriginal': 'O velhote resolverá! Só fazermos o L!', 'authorDisplayName': 'Cristina Bozarcov', 'authorProfileImageUrl': 'https://yt3.ggpht.com/ytc/AGIKgqM5Lsrj6ku6P3vLbbltcJGy1wc8eo_4PBruc3oxTRS5tnv0FGX3vgnKKcGqIMMI=s48-c-k-c0x00ffffff-no-rj', 'authorChannelUrl': 'http://www.youtube.com/channel/UCB6BxL7155GetIf6011UetQ', 'authorChannelId': {'value': 'UCB6BxL7155GetIf6011UetQ'}, 'canRate': True, 'viewerRating': 'none', 'likeCount': 6, 'publishedAt': '2022-10-31T23:56:20Z', 'updatedAt': '2022-10-31T23:56:20Z'}}, 'canReply': True, 'totalReplyCount': 0, 'isPublic': True}",,UCB6BxL7155GetIf6011UetQ,2022-10-31T23:56:20Z,O velhote resolverá! Só fazermos o L!,,2023-06-07 12:46:29.357383
youtube#commentThread,EoSAp5kR9XCbERptEiju8Wej1tY,UgzA98jQKXWqprbfzIl4AaABAg,"{'videoId': 'XRYjrJJZAME', 'topLevelComment': {'kind': 'youtube#comment', 'etag': 'lsFrWafkVnUSdglah4oNn9HKb7w', 'id': 'UgzA98jQKXWqprbfzIl4AaABAg', 'snippet': {'videoId': 'XRYjrJJZAME', 'textDisplay': 'São mercenários a serviço do Bolsonaro. Imagina a quantia gasta para pagar esses caminhoneiros pra fazerem essa bagunça...Pilantras!!', 'textOriginal': 'São mercenários a serviço do Bolsonaro. Imagina a quantia gasta para pagar esses caminhoneiros pra fazerem essa bagunça...Pilantras!!', 'authorDisplayName': 'Sandra De Assis 👑', 'authorProfileImageUrl': 'https://yt3.ggpht.com/7yUFlN4Mver8MZ22DlYjvjT_CknM75tYq8QVX-MNKIF4VCe84Mn2xKEp3h7AjResOsgyZTQVkIQ=s48-c-k-c0x00ffffff-no-rj', 'authorChannelUrl': 'http://www.youtube.com/channel/UC2i0T1lD2hwrurIFWEZZjQg', 'authorChannelId': {'value': 'UC2i0T1lD2hwrurIFWEZZjQg'}, 'canRate': True, 'viewerRating': 'none', 'likeCount': 0, 'publishedAt': '2022-10-31T23:56:15Z', 'updatedAt': '2022-11-01T00:00:20Z'}}, 'canReply': True, 'totalReplyCount': 0, 'isPublic': True}",,UC2i0T1lD2hwrurIFWEZZjQg,2022-10-31T23:56:15Z,São mercenários a serviço do Bolsonaro. Imagina a quantia gasta para pagar esses caminhoneiros pra fazerem essa bagunça...Pilantras!!,,2023-06-07 12:46:29.357383
youtube#commentThread,bQMPSplhXRzUdcFtk0aehgzWvqo,UgxGJ9FWfUHu6n1h1Ad4AaABAg,"{'videoId': 'XRYjrJJZAME', 'topLevelComment': {'kind': 'youtube#comment', 'etag': 'M47Hso4pF86scKrsT9j-sKYOIFI', 'id': 'UgxGJ9FWfUHu6n1h1Ad4AaABAg', 'snippet': {'videoId': 'XRYjrJJZAME', 'textDisplay': 'Boa noite pessoal você tem razão não vamos cair no jogo sujo.', 'textOriginal': 'Boa noite pessoal você tem razão não vamos cair no jogo sujo.', 'authorDisplayName': 'Jorge Alves da Silva', 'authorProfileImageUrl': 'https://yt3.ggpht.com/ytc/AGIKgqPad3hsJAD8oNFv6D70hCq2fFhEeYX-DFQhVHGzlg=s48-c-k-c0x00ffffff-no-rj', 'authorChannelUrl': 'http://www.youtube.com/channel/UCDuLicH6Jg1J4Duqv0fAaUw', 'authorChannelId': {'value': 'UCDuLicH6Jg1J4Duqv0fAaUw'}, 'canRate': True, 'viewerRating': 'none', 'likeCount': 102, 'publishedAt': '2022-10-31T23:56:11Z', 'updatedAt': '2022-10-31T23:56:11Z'}}, 'canReply': True, 'totalReplyCount': 1, 'isPublic': True}","{'comments': [{'kind': 'youtube#comment', 'etag': '-hW80v_oosoYJsi0thZyo6Rs1j0', 'id': 'UgxGJ9FWfUHu6n1h1Ad4AaABAg.9hrwHE0cLwH9hw0bSLIuaT', 'snippet': {'videoId': 'XRYjrJJZAME', 'textDisplay': 'AGORA O LULA APOIA A EMENDAS DE RELATOR, O TAL DO ORÇAMENTO SECRETO QUE OS PETISTAS TANTO CRITICAVAM', 'textOriginal': 'AGORA O LULA APOIA A EMENDAS DE RELATOR, O TAL DO ORÇAMENTO SECRETO QUE OS PETISTAS TANTO CRITICAVAM', 'parentId': 'UgxGJ9FWfUHu6n1h1Ad4AaABAg', 'authorDisplayName': 'Política Brasil', 'authorProfileImageUrl': 'https://yt3.ggpht.com/ytc/AGIKgqM7shAgdC37nnqf_dDkaHFNNq08sHhxYLoCO_2dsA=s48-c-k-c0x00ffffff-no-rj', 'authorChannelUrl': 'http://www.youtube.com/channel/UCJfaTEmCzhIHn_60gm2EyBw', 'authorChannelId': {'value': 'UCJfaTEmCzhIHn_60gm2EyBw'}, 'canRate': True, 'viewerRating': 'none', 'likeCount': 0, 'publishedAt': '2022-11-02T13:59:44Z', 'updatedAt': '2022-11-02T13:59:44Z'}}]}",UCDuLicH6Jg1J4Duqv0fAaUw,2022-10-31T23:56:11Z,Boa noite pessoal você tem razão não vamos cair no jogo sujo.,,2023-06-07 12:46:29.357383
youtube#commentThread,6ySTX7ETaTKlONMUygaburpgh6s,UgxB41Xbd9OfORFkCSl4AaABAg,"{'videoId': 'XRYjrJJZAME', 'topLevelComment': {'kind': 'youtube#comment', 'etag': 'qaoin8qbFjdw9IJkMSrtQ_Jmm8o', 'id': 'UgxB41Xbd9OfORFkCSl4AaABAg', 'snippet': {'videoId': 'XRYjrJJZAME', 'textDisplay': 'Cadê as autoridades do país para colocar ordem nesse povo! Bolsonaro precisa aprender a perder! Se ele não cumprir o papel dele, a polícia deve fazer o dela! Cadê a democracia do Brasil? E os caminhoneiros? Paralisando por um ser que aumenta o combustível e não dá se quer as caras para agradecer ao povo que votou nele! Acorda Brasil! Que Democracia é essa?', 'textOriginal': 'Cadê as autoridades do país para colocar ordem nesse povo! Bolsonaro precisa aprender a perder! Se ele não cumprir o papel dele, a polícia deve fazer o dela! Cadê a democracia do Brasil? E os caminhoneiros? Paralisando por um ser que aumenta o combustível e não dá se quer as caras para agradecer ao povo que votou nele! Acorda Brasil! Que Democracia é essa?', 'authorDisplayName': 'Acampando por aí - Dicas e sugestões de Camping', 'authorProfileImageUrl': 'https://yt3.ggpht.com/PB67S_GfgQ7EKxvtpdSK1mjZqNl-TkkGLDn1tThLEYS17zaczi120xGzgmSkJyClKMxWMLnvzw=s48-c-k-c0x00ffffff-no-rj', 'authorChannelUrl': 'http://www.youtube.com/channel/UCY1O377U0Bh1VBl5zRMxYPw', 'authorChannelId': {'value': 'UCY1O377U0Bh1VBl5zRMxYPw'}, 'canRate': True, 'viewerRating': 'none', 'likeCount': 2, 'publishedAt': '2022-10-31T23:55:51Z', 'updatedAt': '2022-10-31T23:55:51Z'}}, 'canReply': True, 'totalReplyCount': 0, 'isPublic': True}",,UCY1O377U0Bh1VBl5zRMxYPw,2022-10-31T23:55:51Z,"Cadê as autoridades do país para colocar ordem nesse povo! Bolsonaro precisa aprender a perder! Se ele não cumprir o papel dele, a polícia deve fazer o dela! Cadê a democracia do Brasil? E os caminhoneiros? Paralisando por um ser que aumenta o combustível e não dá se quer as caras para agradecer ao povo que votou nele! Acorda Brasil! Que Democracia é essa?",,2023-06-07 12:46:29.357383
youtube#commentThread,ilBYim76kFidRXx7vev1yTTIfiY,Ugx0m2kkvLpSArur1M14AaABAg,"{'videoId': 'XRYjrJJZAME', 'topLevelComment': {'kind': 'youtube#comment', 'etag': 'mNvWyCYNrsUmDo6zWxvlJhLGswI', 'id': 'Ugx0m2kkvLpSArur1M14AaABAg', 'snippet': {'videoId': 'XRYjrJJZAME', 'textDisplay': 'Bolsonaro é um covarde, não tem responsabilidade, não honra o seu cargo de presidente.Assistindo a balbúrdia nas estradas do Brasil e não faz nada p amenizar o sofrimento das pessoas que estão impossibilitadas de ir e vir!', 'textOriginal': 'Bolsonaro é um covarde, não tem responsabilidade, não honra o seu cargo de presidente.Assistindo a balbúrdia nas estradas do Brasil e não faz nada p amenizar o sofrimento das pessoas que estão impossibilitadas de ir e vir!', 'authorDisplayName': 'fatima romao', 'authorProfileImageUrl': 'https://yt3.ggpht.com/ytc/AGIKgqOdgbTtiNzVUyypxUgauwE5LJhbm1NZuQQJqbZDTA=s48-c-k-c0x00ffffff-no-rj', 'authorChannelUrl': 'http://www.youtube.com/channel/UCLr0AHK84SJ5VkcifvlNBrA', 'authorChannelId': {'value': 'UCLr0AHK84SJ5VkcifvlNBrA'}, 'canRate': True, 'viewerRating': 'none', 'likeCount': 0, 'publishedAt': '2022-10-31T23:55:24Z', 'updatedAt': '2022-10-31T23:55:24Z'}}, 'canReply': True, 'totalReplyCount': 0, 'isPublic': True}",,UCLr0AHK84SJ5VkcifvlNBrA,2022-10-31T23:55:24Z,"Bolsonaro é um covarde, não tem responsabilidade, não honra o seu cargo de presidente.Assistindo a balbúrdia nas estradas do Brasil e não faz nada p amenizar o sofrimento das pessoas que estão impossibilitadas de ir e vir!",,2023-06-07 12:46:29.357383
youtube#commentThread,qW5QYMJfPsQQmyaw7hw05dAv1vc,UgzGm8Y4zK4GD1H6H294AaABAg,"{'videoId': 'XRYjrJJZAME', 'topLevelComment': {'kind': 'youtube#comment', 'etag': 'Co2TNtQ8_Pwrnw9LkF7ao2evN24', 'id': 'UgzGm8Y4zK4GD1H6H294AaABAg', 'snippet': {'videoId': 'XRYjrJJZAME', 'textDisplay': '13❤', 'textOriginal': '13❤', 'authorDisplayName': 'Sandra Regina da Rosa', 'authorProfileImageUrl': 'https://yt3.ggpht.com/ytc/AGIKgqMYSTzrEdThPfsvrY0EgOycDPK9a2QB1SNTbg=s48-c-k-c0x00ffffff-no-rj', 'authorChannelUrl': 'http://www.youtube.com/channel/UCL9p9R8Nrl0CxhC3gwjXzhg', 'authorChannelId': {'value': 'UCL9p9R8Nrl0CxhC3gwjXzhg'}, 'canRate': True, 'viewerRating': 'none', 'likeCount': 2, 'publishedAt': '2022-10-31T23:54:56Z', 'updatedAt': '2022-10-31T23:54:56Z'}}, 'canReply': True, 'totalReplyCount': 0, 'isPublic': True}",,UCL9p9R8Nrl0CxhC3gwjXzhg,2022-10-31T23:54:56Z,13❤,,2023-06-07 12:46:29.357383
youtube#commentThread,AqNh6vsHiYyRuYmPmdkcR1BuX-0,Ugw7x_XfkhLTYMgdORx4AaABAg,"{'videoId': 'XRYjrJJZAME', 'topLevelComment': {'kind': 'youtube#comment', 'etag': '0bTYYq-T1E01hAMjQUF3m93C_zg', 'id': 'Ugw7x_XfkhLTYMgdORx4AaABAg', 'snippet': {'videoId': 'XRYjrJJZAME', 'textDisplay': 'Bando d vagabundos burros', 'textOriginal': 'Bando d vagabundos burros', 'authorDisplayName': 'Ricardo', 'authorProfileImageUrl': 'https://yt3.ggpht.com/ytc/AGIKgqOouEPHYTQqSsyIT6FxZZsSb2AHEBMjmwrXVOWc_YjKF6Ez0oELMF6kdtrw4O8h=s48-c-k-c0x00ffffff-no-rj', 'authorChannelUrl': 'http://www.youtube.com/channel/UC1Rre_2RtUwPCGL7EyQ-dKg', 'authorChannelId': {'value': 'UC1Rre_2RtUwPCGL7EyQ-dKg'}, 'canRate': True, 'viewerRating': 'none', 'likeCount': 0, 'publishedAt': '2022-10-31T23:54:52Z', 'updatedAt': '2022-10-31T23:54:52Z'}}, 'canReply': True, 'totalReplyCount': 0, 'isPublic': True}",,UC1Rre_2RtUwPCGL7EyQ-dKg,2022-10-31T23:54:52Z,Bando d vagabundos burros,,2023-06-07 12:46:29.357383
youtube#commentThread,1wjeE5FZmDU2g7GFcPDydInOyEE,Ugw6IJuwaFEXztJHe9h4AaABAg,"{'videoId': 'XRYjrJJZAME', 'topLevelComment': {'kind': 'youtube#comment', 'etag': 'NIWigLon_gJq7oRR3EbcEAaPllo', 'id': 'Ugw6IJuwaFEXztJHe9h4AaABAg', 'snippet': {'videoId': 'XRYjrJJZAME', 'textDisplay': 'Esse sujeito é um covarde que se esconde e deixa os bobos que o apoiam   darem a cara a tapa agindo como bandidos.', 'textOriginal': 'Esse sujeito é um covarde que se esconde e deixa os bobos que o apoiam   darem a cara a tapa agindo como bandidos.', 'authorDisplayName': 'Cecilia Helena de Matos Mota', 'authorProfileImageUrl': 'https://yt3.ggpht.com/ytc/AGIKgqOhj2f8jep2KvVdAh622G0cncI6euJBHiyYYwwhORg=s48-c-k-c0x00ffffff-no-rj', 'authorChannelUrl': 'http://www.youtube.com/channel/UCx9W-FqpaJmadMTD-IuXukg', 'authorChannelId': {'value': 'UCx9W-FqpaJmadMTD-IuXukg'}, 'canRate': True, 'viewerRating': 'none', 'likeCount': 8, 'publishedAt': '2022-10-31T23:54:37Z', 'updatedAt': '2022-10-31T23:54:37Z'}}, 'canReply': True, 'totalReplyCount': 0, 'isPublic': True}",,UCx9W-FqpaJmadMTD-IuXukg,2022-10-31T23:54:37Z,Esse sujeito é um covarde que se esconde e deixa os bobos que o apoiam   darem a cara a tapa agindo como bandidos.,,2023-06-07 12:46:29.357383
youtube#commentThread,oKYmvARMggqENsyt_YEC2cQ0nn4,Ugz62siN-UsTTMnwthx4AaABAg,"{'videoId': 'XRYjrJJZAME', 'topLevelComment': {'kind': 'youtube#comment', 'etag': 'y_y5FURL3gASoay44ih8QU_ECHg', 'id': 'Ugz62siN-UsTTMnwthx4AaABAg', 'snippet': {'videoId': 'XRYjrJJZAME', 'textDisplay': 'Com certeza 🙏🙏😘 13', 'textOriginal': 'Com certeza 🙏🙏😘 13', 'authorDisplayName': 'Ana Barros', 'authorProfileImageUrl': 'https://yt3.ggpht.com/ytc/AGIKgqPEclljAmszFs74zlZ_u6izByGzu-87DZ3P2DT856oKmSZzCq5mN3uTdjPcyvYi=s48-c-k-c0x00ffffff-no-rj', 'authorChannelUrl': 'http://www.youtube.com/channel/UCakJQ2gFIbJxUMgykv-2png', 'authorChannelId': {'value': 'UCakJQ2gFIbJxUMgykv-2png'}, 'canRate': True, 'viewerRating': 'none', 'likeCount': 5, 'publishedAt': '2022-10-31T23:54:22Z', 'updatedAt': '2022-10-31T23:54:22Z'}}, 'canReply': True, 'totalReplyCount': 0, 'isPublic': True}",,UCakJQ2gFIbJxUMgykv-2png,2022-10-31T23:54:22Z,Com certeza 🙏🙏😘 13,,2023-06-07 12:46:29.357383
youtube#commentThread,pvvXCw7JJMMl5lELT_I10IMyIUA,UgwqsctdRIyK4oT7acJ4AaABAg,"{'videoId': 'XRYjrJJZAME', 'topLevelComment': {'kind': 'youtube#comment', 'etag': 'kjCyM30TI_qLXoMK_J_dsUPSy7s', 'id': 'UgwqsctdRIyK4oT7acJ4AaABAg', 'snippet': {'videoId': 'XRYjrJJZAME', 'textDisplay': 'Silêncio de golpe!!!!', 'textOriginal': 'Silêncio de golpe!!!!', 'authorDisplayName': 'katylane moura', 'authorProfileImageUrl': 'https://yt3.ggpht.com/ytc/AGIKgqP3yyQGM2blb5sOOs5bJynz4fWZeBLI5AflEjuDzA=s48-c-k-c0x00ffffff-no-rj', 'authorChannelUrl': 'http://www.youtube.com/channel/UCEUBGNg8YvL-niz_sLDcbgg', 'authorChannelId': {'value': 'UCEUBGNg8YvL-niz_sLDcbgg'}, 'canRate': True, 'viewerRating': 'none', 'likeCount': 2, 'publishedAt': '2022-10-31T23:54:02Z', 'updatedAt': '2022-10-31T23:54:02Z'}}, 'canReply': True, 'totalReplyCount': 0, 'isPublic': True}",,UCEUBGNg8YvL-niz_sLDcbgg,2022-10-31T23:54:02Z,Silêncio de golpe!!!!,,2023-06-07 12:46:29.357383
youtube#commentThread,VptkNKzrQgPrhPDMUnyK2kc26Jc,Ugz_AEeufL8e1PL58NJ4AaABAg,"{'videoId': 'XRYjrJJZAME', 'topLevelComment': {'kind': 'youtube#comment', 'etag': 'uQAtAwFiu0ktEFAfvfLiV0F90YQ', 'id': 'Ugz_AEeufL8e1PL58NJ4AaABAg', 'snippet': {'videoId': 'XRYjrJJZAME', 'textDisplay': 'Não de palcos aos gados...deixa eles morrendo na estrada', 'textOriginal': 'Não de palcos aos gados...deixa eles morrendo na estrada', 'authorDisplayName': 'Cláudia Gomes Diniz', 'authorProfileImageUrl': 'https://yt3.ggpht.com/ytc/AGIKgqO3HrypOspyXtid7YlPojm2EFTWeDxes6xddA=s48-c-k-c0x00ffffff-no-rj', 'authorChannelUrl': 'http://www.youtube.com/channel/UC-nSEchezIFb1Fyd8s3LRvw', 'authorChannelId': {'value': 'UC-nSEchezIFb1Fyd8s3LRvw'}, 'canRate': True, 'viewerRating': 'none', 'likeCount': 5, 'publishedAt': '2022-10-31T23:53:53Z', 'updatedAt': '2022-10-31T23:53:53Z'}}, 'canReply': True, 'totalReplyCount': 0, 'isPublic': True}",,UC-nSEchezIFb1Fyd8s3LRvw,2022-10-31T23:53:53Z,Não de palcos aos gados...deixa eles morrendo na estrada,,2023-06-07 12:46:29.357383
youtube#commentThread,K4fK38N1RHM0tc8g8j7PrPU2ICY,UgyZcdZYMD-wVvbBXFp4AaABAg,"{'videoId': 'XRYjrJJZAME', 'topLevelComment': {'kind': 'youtube#comment', 'etag': 'EAXqLeNQoLfSVzLzUwtfshTyZR4', 'id': 'UgyZcdZYMD-wVvbBXFp4AaABAg', 'snippet': {'videoId': 'XRYjrJJZAME', 'textDisplay': 'isso não vem dos caminhoneiro.. mas sim dos empresários do agro e transportadoras com dinheiro do orçamento secreto fortalecendo por fora..', 'textOriginal': 'isso não vem dos caminhoneiro.. mas sim dos empresários do agro e transportadoras com dinheiro do orçamento secreto fortalecendo por fora..', 'authorDisplayName': 'jairo pereira', 'authorProfileImageUrl': 'https://yt3.ggpht.com/ytc/AGIKgqMvxHnDdVM-q5gJFqmUweBftFeOtS4kpZnoPjafxw=s48-c-k-c0x00ffffff-no-rj', 'authorChannelUrl': 'http://www.youtube.com/channel/UCG1kqzfplBJATXIrVS27x7w', 'authorChannelId': {'value': 'UCG1kqzfplBJATXIrVS27x7w'}, 'canRate': True, 'viewerRating': 'none', 'likeCount': 48, 'publishedAt': '2022-10-31T23:53:45Z', 'updatedAt': '2022-10-31T23:53:45Z'}}, 'canReply': True, 'totalReplyCount': 2, 'isPublic': True}","{'comments': [{'kind': 'youtube#comment', 'etag': 'XAekpsvd9mH7k2PDr5J1mO5dMwM', 'id': 'UgyZcdZYMD-wVvbBXFp4AaABAg.9hrw-MGhplJ9ht6x7upyxc', 'snippet': {'videoId': 'XRYjrJJZAME', 'textDisplay': '@Mirian Ordakowski verdade verdadeira', 'textOriginal': '@Mirian Ordakowski verdade verdadeira', 'parentId': 'UgyZcdZYMD-wVvbBXFp4AaABAg', 'authorDisplayName': 'Cleuza Oliveira Ulian', 'authorProfileImageUrl': 'https://yt3.ggpht.com/ytc/AGIKgqNLfyFFhU0xh0z5GuQbpqUiia5wu8DYcwTuBnwdoW2KL9mfPebyvpJR-1-HDc1V=s48-c-k-c0x00ffffff-no-rj', 'authorChannelUrl': 'http://www.youtube.com/channel/UCZ_FL_csuuu5yS1CYVEUiLA', 'authorChannelId': {'value': 'UCZ_FL_csuuu5yS1CYVEUiLA'}, 'canRate': True, 'viewerRating': 'none', 'likeCount': 1, 'publishedAt': '2022-11-01T10:57:24Z', 'updatedAt': '2022-11-01T10:57:24Z'}}, {'kind': 'youtube#comment', 'etag': 'xcR4YXA0outlO63U4fbVxRWePJY', 'id': 'UgyZcdZYMD-wVvbBXFp4AaABAg.9hrw-MGhplJ9hs5xaCqALp', 'snippet': {'videoId': 'XRYjrJJZAME', 'textDisplay': 'Os autônomos são massa de manobra, meio idiotas por se deixarem usar.', 'textOriginal': 'Os autônomos são massa de manobra, meio idiotas por se deixarem usar.', 'parentId': 'UgyZcdZYMD-wVvbBXFp4AaABAg', 'authorDisplayName': 'Mirian Ordakowski', 'authorProfileImageUrl': 'https://yt3.ggpht.com/ytc/AGIKgqP-J3U0XO0fIvVQm658R-5f1-ONrRs0Zp95fA=s48-c-k-c0x00ffffff-no-rj', 'authorChannelUrl': 'http://www.youtube.com/channel/UCGmw9YN5UJV3Lgw3T3cmq-w', 'authorChannelId': {'value': 'UCGmw9YN5UJV3Lgw3T3cmq-w'}, 'canRate': True, 'viewerRating': 'none', 'likeCount': 2, 'publishedAt': '2022-11-01T01:29:29Z', 'updatedAt': '2022-11-01T01:29:29Z'}}]}",UCG1kqzfplBJATXIrVS27x7w,2022-10-31T23:53:45Z,isso não vem dos caminhoneiro.. mas sim dos empresários do agro e transportadoras com dinheiro do orçamento secreto fortalecendo por fora..,,2023-06-07 12:46:29.357383
youtube#commentThread,r4NkCh1h4WLmtZU0R8YxG85H7bY,Ugzaj4Bce7Dv2n8JLF94AaABAg,"{'videoId': 'XRYjrJJZAME', 'topLevelComment': {'kind': 'youtube#comment', 'etag': 'fNBQ2vXPrMJuX2EpPmMTOn3Y0mU', 'id': 'Ugzaj4Bce7Dv2n8JLF94AaABAg', 'snippet': {'videoId': 'XRYjrJJZAME', 'textDisplay': 'Meu parabéns amigo pela sua palavras sabias 🙏🏼🙏🏽👏👏👏🤝🤝🇧🇷🇧🇷', 'textOriginal': 'Meu parabéns amigo pela sua palavras sabias 🙏🏼🙏🏽👏👏👏🤝🤝🇧🇷🇧🇷', 'authorDisplayName': 'Reginaldo Negrão', 'authorProfileImageUrl': 'https://yt3.ggpht.com/ytc/AGIKgqMEoEWqzkVuy8DgnOKRYINulJGnKjP7zB8a2F4Et1aDMyi1oz7njFBEbTmGCRgN=s48-c-k-c0x00ffffff-no-rj', 'authorChannelUrl': 'http://www.youtube.com/channel/UCM2m2AWbHbfVIfQ4PCHWhfg', 'authorChannelId': {'value': 'UCM2m2AWbHbfVIfQ4PCHWhfg'}, 'canRate': True, 'viewerRating': 'none', 'likeCount': 67, 'publishedAt': '2022-10-31T23:53:43Z', 'updatedAt': '2022-10-31T23:53:43Z'}}, 'canReply': True, 'totalReplyCount': 0, 'isPublic': True}",,UCM2m2AWbHbfVIfQ4PCHWhfg,2022-10-31T23:53:43Z,Meu parabéns amigo pela sua palavras sabias 🙏🏼🙏🏽👏👏👏🤝🤝🇧🇷🇧🇷,,2023-06-07 12:46:29.357383
youtube#commentThread,bzcOgmInTFHUhOqYAo8WzKN2SY0,UgyjmeAcfaqB8DX90Qh4AaABAg,"{'videoId': 'XRYjrJJZAME', 'topLevelComment': {'kind': 'youtube#comment', 'etag': 'T8gmgwvtf3vUPueO1bTE-jIqulU', 'id': 'UgyjmeAcfaqB8DX90Qh4AaABAg', 'snippet': {'videoId': 'XRYjrJJZAME', 'textDisplay': 'O gado é tão desinformado que vai atender os chamados do Bozo para fazer baderna e tentar desrespeitar as eleições. Será que eles sabem que se houver um golpe o país vá sofrer sansões de todo o mundo e aí sim, vai se tornar uma Venezuela.', 'textOriginal': 'O gado é tão desinformado que vai atender os chamados do Bozo para fazer baderna e tentar desrespeitar as eleições. Será que eles sabem que se houver um golpe o país vá sofrer sansões de todo o mundo e aí sim, vai se tornar uma Venezuela.', 'authorDisplayName': 'Rodrigo Andrade', 'authorProfileImageUrl': 'https://yt3.ggpht.com/ytc/AGIKgqOd3g0MrqjSruMiLVJ2JTqiKeCeyM-eogixrQ=s48-c-k-c0x00ffffff-no-rj', 'authorChannelUrl': 'http://www.youtube.com/channel/UCr6AfPJJFCNKcidWet0iDFA', 'authorChannelId': {'value': 'UCr6AfPJJFCNKcidWet0iDFA'}, 'canRate': True, 'viewerRating': 'none', 'likeCount': 0, 'publishedAt': '2022-10-31T23:53:28Z', 'updatedAt': '2022-10-31T23:53:28Z'}}, 'canReply': True, 'totalReplyCount': 0, 'isPublic': True}",,UCr6AfPJJFCNKcidWet0iDFA,2022-10-31T23:53:28Z,"O gado é tão desinformado que vai atender os chamados do Bozo para fazer baderna e tentar desrespeitar as eleições. Será que eles sabem que se houver um golpe o país vá sofrer sansões de todo o mundo e aí sim, vai se tornar uma Venezuela.",,2023-06-07 12:46:29.357383
youtube#commentThread,nsmsnLTRHk-TEj5DlUugAyD4aNE,UgwbY3Jzi3YZn8qn9Sl4AaABAg,"{'videoId': 'XRYjrJJZAME', 'topLevelComment': {'kind': 'youtube#comment', 'etag': '2Q-mHzwTgxMp6_mNtl0GlLA_pGw', 'id': 'UgwbY3Jzi3YZn8qn9Sl4AaABAg', 'snippet': {'videoId': 'XRYjrJJZAME', 'textDisplay': 'BOLSONARO É UM SER VIL E I ESCRÚPULOSO, SEMPRE VIVEU DE ROUBO E CRIMES GRAVISSIMO', 'textOriginal': 'BOLSONARO É UM SER VIL E I ESCRÚPULOSO, SEMPRE VIVEU DE ROUBO E CRIMES GRAVISSIMO', 'authorDisplayName': 'Antonio Paulo', 'authorProfileImageUrl': 'https://yt3.ggpht.com/ytc/AGIKgqO-vmY6NYkXReaW5Ae5FtBowbRI9LHkQ-LZllBelmA=s48-c-k-c0x00ffffff-no-rj', 'authorChannelUrl': 'http://www.youtube.com/channel/UCoK2nCSDdl6i_loPxgSvNnQ', 'authorChannelId': {'value': 'UCoK2nCSDdl6i_loPxgSvNnQ'}, 'canRate': True, 'viewerRating': 'none', 'likeCount': 0, 'publishedAt': '2022-10-31T23:53:04Z', 'updatedAt': '2022-10-31T23:53:04Z'}}, 'canReply': True, 'totalReplyCount': 0, 'isPublic': True}",,UCoK2nCSDdl6i_loPxgSvNnQ,2022-10-31T23:53:04Z,"BOLSONARO É UM SER VIL E I ESCRÚPULOSO, SEMPRE VIVEU DE ROUBO E CRIMES GRAVISSIMO",,2023-06-07 12:46:29.357383
youtube#commentThread,s57Xomad7Tr4Z7O0OiShHS3XbaE,Ugw9mjnbQ2yw6hNDBxJ4AaABAg,"{'videoId': 'XRYjrJJZAME', 'topLevelComment': {'kind': 'youtube#comment', 'etag': 'R0wFItA_ko3aUrgh3c8InyEP_zY', 'id': 'Ugw9mjnbQ2yw6hNDBxJ4AaABAg', 'snippet': {'videoId': 'XRYjrJJZAME', 'textDisplay': 'PAULO ACABOU O NOSSO SOFRIMENTO, LULA VENCEU O FASCISMO, TÔ MUITO FELIZ 👍👏😃🙏🌟❤️🙏', 'textOriginal': 'PAULO ACABOU O NOSSO SOFRIMENTO, LULA VENCEU O FASCISMO, TÔ MUITO FELIZ 👍👏😃🙏🌟❤️🙏', 'authorDisplayName': 'sirlene divina', 'authorProfileImageUrl': 'https://yt3.ggpht.com/ytc/AGIKgqNRAMq4zYw-Ry5Zo4zEksXWVo5-8ItcUWnwww=s48-c-k-c0x00ffffff-no-rj', 'authorChannelUrl': 'http://www.youtube.com/channel/UCX96hjYaZlRS1OkNUSiS7ag', 'authorChannelId': {'value': 'UCX96hjYaZlRS1OkNUSiS7ag'}, 'canRate': True, 'viewerRating': 'none', 'likeCount': 41, 'publishedAt': '2022-10-31T23:52:36Z', 'updatedAt': '2022-10-31T23:52:36Z'}}, 'canReply': True, 'totalReplyCount': 1, 'isPublic': True}","{'comments': [{'kind': 'youtube#comment', 'etag': '-Uly9ldo2mJwc_NkRS-_lvQ4WP0', 'id': 'Ugw9mjnbQ2yw6hNDBxJ4AaABAg.9hrvs1mTIoo9hs9Sm_tDuP', 'snippet': {'videoId': 'XRYjrJJZAME', 'textDisplay': 'Acabou fascismo estremismo de direita  como o de putim que assassina todo um povo que luta pela sua liberdade   que alivio para o vosso Brasil', 'textOriginal': 'Acabou fascismo estremismo de direita  como o de putim que assassina todo um povo que luta pela sua liberdade   que alivio para o vosso Brasil', 'parentId': 'Ugw9mjnbQ2yw6hNDBxJ4AaABAg', 'authorDisplayName': 'Teresa Faro', 'authorProfileImageUrl': 'https://yt3.ggpht.com/ytc/AGIKgqM5XcZGwjjZh_cDzXRuXGS80yEhWrNNZ-IV6EtLhOiVUT_4kDhDRIFRArtIwux9=s48-c-k-c0x00ffffff-no-rj', 'authorChannelUrl': 'http://www.youtube.com/channel/UCUk4wihfmz-e0eK4YyLjnVQ', 'authorChannelId': {'value': 'UCUk4wihfmz-e0eK4YyLjnVQ'}, 'canRate': True, 'viewerRating': 'none', 'likeCount': 0, 'publishedAt': '2022-11-01T02:00:06Z', 'updatedAt': '2022-11-01T02:00:06Z'}}]}",UCX96hjYaZlRS1OkNUSiS7ag,2022-10-31T23:52:36Z,"PAULO ACABOU O NOSSO SOFRIMENTO, LULA VENCEU O FASCISMO, TÔ MUITO FELIZ 👍👏😃🙏🌟❤️🙏",,2023-06-07 12:46:29.357383
youtube#commentThread,RxAS-bCxgRPlGY7Ey3M9BccBJvM,Ugx5oQ5UiylAH5q8SSZ4AaABAg,"{'videoId': 'XRYjrJJZAME', 'topLevelComment': {'kind': 'youtube#comment', 'etag': '-y_bEFbz99t-udfESvvY6GgC-Cs', 'id': 'Ugx5oQ5UiylAH5q8SSZ4AaABAg', 'snippet': {'videoId': 'XRYjrJJZAME', 'textDisplay': 'E um real psicopata . Doente mental mente assassina . Tem que ser internado no manicômio.', 'textOriginal': 'E um real psicopata . Doente mental mente assassina . Tem que ser internado no manicômio.', 'authorDisplayName': 'edvaldo torres', 'authorProfileImageUrl': 'https://yt3.ggpht.com/ytc/AGIKgqMzFXFAB4iGVDzAFgwSA3eumAJhv2NIoiASzBLyyg=s48-c-k-c0x00ffffff-no-rj', 'authorChannelUrl': 'http://www.youtube.com/channel/UCO8Cp5PdZvam1GMijkijBGQ', 'authorChannelId': {'value': 'UCO8Cp5PdZvam1GMijkijBGQ'}, 'canRate': True, 'viewerRating': 'none', 'likeCount': 0, 'publishedAt': '2022-10-31T23:52:29Z', 'updatedAt': '2022-10-31T23:52:29Z'}}, 'canReply': True, 'totalReplyCount': 0, 'isPublic': True}",,UCO8Cp5PdZvam1GMijkijBGQ,2022-10-31T23:52:29Z,E um real psicopata . Doente mental mente assassina . Tem que ser internado no manicômio.,,2023-06-07 12:46:29.357383
youtube#commentThread,rKoEGvfAE0LYzZydJGKQqWWZSJk,UgxFs1OtKcwbOnp3bt14AaABAg,"{'videoId': 'XRYjrJJZAME', 'topLevelComment': {'kind': 'youtube#comment', 'etag': 'is2oOSY6WdY8jcYJoujGL45Y0sk', 'id': 'UgxFs1OtKcwbOnp3bt14AaABAg', 'snippet': {'videoId': 'XRYjrJJZAME', 'textDisplay': 'Exatamente. Eles querem provocar. Se cairmos na provocação estaremos alimentando a ira desses tolos. Vamos continuar em paz', 'textOriginal': 'Exatamente. Eles querem provocar. Se cairmos na provocação estaremos alimentando a ira desses tolos. Vamos continuar em paz', 'authorDisplayName': 'sandra martins', 'authorProfileImageUrl': 'https://yt3.ggpht.com/ytc/AGIKgqOrvr7GoCN8SHEDQAr5KNBtk7misREFhYjxJQ=s48-c-k-c0x00ffffff-no-rj', 'authorChannelUrl': 'http://www.youtube.com/channel/UCFqecFZi7053nlzBVVqAqOw', 'authorChannelId': {'value': 'UCFqecFZi7053nlzBVVqAqOw'}, 'canRate': True, 'viewerRating': 'none', 'likeCount': 121, 'publishedAt': '2022-10-31T23:52:01Z', 'updatedAt': '2022-10-31T23:52:01Z'}}, 'canReply': True, 'totalReplyCount': 2, 'isPublic': True}","{'comments': [{'kind': 'youtube#comment', 'etag': 'RKOcql4Th7ugJse2d-W93RBFsds', 'id': 'UgxFs1OtKcwbOnp3bt14AaABAg.9hrvngTFXXM9hw0cScS3hO', 'snippet': {'videoId': 'XRYjrJJZAME', 'textDisplay': 'AGORA O LULA APOIA A EMENDAS DE RELATOR, O TAL DO ORÇAMENTO SECRETO QUE OS PETISTAS TANTO CRITICAVAM', 'textOriginal': 'AGORA O LULA APOIA A EMENDAS DE RELATOR, O TAL DO ORÇAMENTO SECRETO QUE OS PETISTAS TANTO CRITICAVAM', 'parentId': 'UgxFs1OtKcwbOnp3bt14AaABAg', 'authorDisplayName': 'Política Brasil', 'authorProfileImageUrl': 'https://yt3.ggpht.com/ytc/AGIKgqM7shAgdC37nnqf_dDkaHFNNq08sHhxYLoCO_2dsA=s48-c-k-c0x00ffffff-no-rj', 'authorChannelUrl': 'http://www.youtube.com/channel/UCJfaTEmCzhIHn_60gm2EyBw', 'authorChannelId': {'value': 'UCJfaTEmCzhIHn_60gm2EyBw'}, 'canRate': True, 'viewerRating': 'none', 'likeCount': 0, 'publishedAt': '2022-11-02T13:59:52Z', 'updatedAt': '2022-11-02T13:59:52Z'}}, {'kind': 'youtube#comment', 'etag': 'hN-CVDFb32ETfvobzcFcxBZPhws', 'id': 'UgxFs1OtKcwbOnp3bt14AaABAg.9hrvngTFXXM9ht6hqS6Ule', 'snippet': {'videoId': 'XRYjrJJZAME', 'textDisplay': 'Verdade verdadeira estamos na ordem policiais clo coloquem pra ordem m perdeu perdeu', 'textOriginal': 'Verdade verdadeira estamos na ordem policiais clo coloquem pra ordem m perdeu perdeu', 'parentId': 'UgxFs1OtKcwbOnp3bt14AaABAg', 'authorDisplayName': 'Cleuza Oliveira Ulian', 'authorProfileImageUrl': 'https://yt3.ggpht.com/ytc/AGIKgqNLfyFFhU0xh0z5GuQbpqUiia5wu8DYcwTuBnwdoW2KL9mfPebyvpJR-1-HDc1V=s48-c-k-c0x00ffffff-no-rj', 'authorChannelUrl': 'http://www.youtube.com/channel/UCZ_FL_csuuu5yS1CYVEUiLA', 'authorChannelId': {'value': 'UCZ_FL_csuuu5yS1CYVEUiLA'}, 'canRate': True, 'viewerRating': 'none', 'likeCount': 1, 'publishedAt': '2022-11-01T10:55:19Z', 'updatedAt': '2022-11-01T10:55:19Z'}}]}",UCFqecFZi7053nlzBVVqAqOw,2022-10-31T23:52:01Z,Exatamente. Eles querem provocar. Se cairmos na provocação estaremos alimentando a ira desses tolos. Vamos continuar em paz,,2023-06-07 12:46:29.357383
youtube#commentThread,P8I1UZ3sshVjyNTxr2Dj7LPlaGI,Ugwd2Z4dCh_zDk5APmB4AaABAg,"{'videoId': 'XRYjrJJZAME', 'topLevelComment': {'kind': 'youtube#comment', 'etag': 'QGs3nXfKhYDGy9QTFgwVai6a_Go', 'id': 'Ugwd2Z4dCh_zDk5APmB4AaABAg', 'snippet': {'videoId': 'XRYjrJJZAME', 'textDisplay': 'Cadeia pra estes bardeneiros', 'textOriginal': 'Cadeia pra estes bardeneiros', 'authorDisplayName': 'Adenir Batista Soares Adenir', 'authorProfileImageUrl': 'https://yt3.ggpht.com/ytc/AGIKgqNbG4HCc5lz-wLFQg2RzGdK_gybS38Jeefx1HpfPR-U4CazktBz2rmXTNKEM7Mf=s48-c-k-c0x00ffffff-no-rj', 'authorChannelUrl': 'http://www.youtube.com/channel/UCbondzgAzn862qeYnt_A6wg', 'authorChannelId': {'value': 'UCbondzgAzn862qeYnt_A6wg'}, 'canRate': True, 'viewerRating': 'none', 'likeCount': 38, 'publishedAt': '2022-10-31T23:51:34Z', 'updatedAt': '2022-10-31T23:51:34Z'}}, 'canReply': True, 'totalReplyCount': 0, 'isPublic': True}",,UCbondzgAzn862qeYnt_A6wg,2022-10-31T23:51:34Z,Cadeia pra estes bardeneiros,,2023-06-07 12:46:29.357383
youtube#commentThread,KwaqYQyKh80eNOQTZg1TBxhuYL8,UgwiR28tvgKGvlWqlCd4AaABAg,"{'videoId': 'XRYjrJJZAME', 'topLevelComment': {'kind': 'youtube#comment', 'etag': 'vZG3b8HpIprt7mLOEoQbPDHiXPg', 'id': 'UgwiR28tvgKGvlWqlCd4AaABAg', 'snippet': {'videoId': 'XRYjrJJZAME', 'textDisplay': 'Lula herói', 'textOriginal': 'Lula herói', 'authorDisplayName': 'Ivo Vian', 'authorProfileImageUrl': 'https://yt3.ggpht.com/ytc/AGIKgqO1iZW9Ri2Iq-ZHBhEM3Kym85uLbC9KTOhPsgDJXN57hANAvf5AxWZA_nta7_Oo=s48-c-k-c0x00ffffff-no-rj', 'authorChannelUrl': 'http://www.youtube.com/channel/UCjF7dsxi7lTWwBOXBCjDTRg', 'authorChannelId': {'value': 'UCjF7dsxi7lTWwBOXBCjDTRg'}, 'canRate': True, 'viewerRating': 'none', 'likeCount': 3, 'publishedAt': '2022-10-31T23:51:13Z', 'updatedAt': '2022-10-31T23:51:13Z'}}, 'canReply': True, 'totalReplyCount': 0, 'isPublic': True}",,UCjF7dsxi7lTWwBOXBCjDTRg,2022-10-31T23:51:13Z,Lula herói,,2023-06-07 12:46:29.357383
youtube#commentThread,KPOggZW2zB-6Y7dOxBqQqY8ieLA,UgyCpfvSLIscS-PPnW94AaABAg,"{'videoId': 'XRYjrJJZAME', 'topLevelComment': {'kind': 'youtube#comment', 'etag': '5Yz4ZfvxRYbOT0BxdFq0g8v_psQ', 'id': 'UgyCpfvSLIscS-PPnW94AaABAg', 'snippet': {'videoId': 'XRYjrJJZAME', 'textDisplay': 'Alucinados.', 'textOriginal': 'Alucinados.', 'authorDisplayName': 'Adelitalenz@gmail.com Lenz', 'authorProfileImageUrl': 'https://yt3.ggpht.com/ytc/AGIKgqMG52hgsz-dFkMFQ23WZkhcglvYvbxAnIyLwK3P6as=s48-c-k-c0x00ffffff-no-rj', 'authorChannelUrl': 'http://www.youtube.com/channel/UC8DCOydan-iVg5DYP_Hm1cw', 'authorChannelId': {'value': 'UC8DCOydan-iVg5DYP_Hm1cw'}, 'canRate': True, 'viewerRating': 'none', 'likeCount': 4, 'publishedAt': '2022-10-31T23:51:06Z', 'updatedAt': '2022-10-31T23:51:06Z'}}, 'canReply': True, 'totalReplyCount': 0, 'isPublic': True}",,UC8DCOydan-iVg5DYP_Hm1cw,2022-10-31T23:51:06Z,Alucinados.,,2023-06-07 12:46:29.357383
youtube#commentThread,bE285AOpxUuzg4sIYpdiOaOPTjA,UgwssGOwg4PKSTjRyBN4AaABAg,"{'videoId': 'XRYjrJJZAME', 'topLevelComment': {'kind': 'youtube#comment', 'etag': 'm4G1VmWSYUn-9F2vJ4MjvvjeozY', 'id': 'UgwssGOwg4PKSTjRyBN4AaABAg', 'snippet': {'videoId': 'XRYjrJJZAME', 'textDisplay': 'Com certeza bem a CARA DO CANALHA ele organizou antes. E os Caminhoneiros que fazem parte do GRUPO DE CANALHAS atenderam cambada de CANALHAS.', 'textOriginal': 'Com certeza bem a CARA DO CANALHA ele organizou antes. E os Caminhoneiros que fazem parte do GRUPO DE CANALHAS atenderam cambada de CANALHAS.', 'authorDisplayName': 'nadja maria da silva grosso', 'authorProfileImageUrl': 'https://yt3.ggpht.com/ytc/AGIKgqPmEGdptuil9ZOIWj3bnLaAZ5vFapcgtPHJ9Q=s48-c-k-c0x00ffffff-no-rj', 'authorChannelUrl': 'http://www.youtube.com/channel/UCdoBNcGHb_gSPoO7Phksk8Q', 'authorChannelId': {'value': 'UCdoBNcGHb_gSPoO7Phksk8Q'}, 'canRate': True, 'viewerRating': 'none', 'likeCount': 0, 'publishedAt': '2022-10-31T23:51:01Z', 'updatedAt': '2022-10-31T23:51:01Z'}}, 'canReply': True, 'totalReplyCount': 0, 'isPublic': True}",,UCdoBNcGHb_gSPoO7Phksk8Q,2022-10-31T23:51:01Z,Com certeza bem a CARA DO CANALHA ele organizou antes. E os Caminhoneiros que fazem parte do GRUPO DE CANALHAS atenderam cambada de CANALHAS.,,2023-06-07 12:46:29.357383
youtube#commentThread,eeOhsrxMc317m0bqIhwRJ8eyMmM,Ugz9FNRuOjRzniwMy5Z4AaABAg,"{'videoId': 'XRYjrJJZAME', 'topLevelComment': {'kind': 'youtube#comment', 'etag': 'U1PGjw2q3nojDl2wboJ_f5NgI5Y', 'id': 'Ugz9FNRuOjRzniwMy5Z4AaABAg', 'snippet': {'videoId': 'XRYjrJJZAME', 'textDisplay': 'Sim, o Bozo tá fazendo os Bolsominions fazer arruaça', 'textOriginal': 'Sim, o Bozo tá fazendo os Bolsominions fazer arruaça', 'authorDisplayName': 'Marta Ramoscosta', 'authorProfileImageUrl': 'https://yt3.ggpht.com/ytc/AGIKgqM_bw_gqiiQSGtBbLhcCR4mZjNAIh-ZP4pZ1g=s48-c-k-c0x00ffffff-no-rj', 'authorChannelUrl': 'http://www.youtube.com/channel/UCTVID5fAz7D0IQ2OL2FvaAg', 'authorChannelId': {'value': 'UCTVID5fAz7D0IQ2OL2FvaAg'}, 'canRate': True, 'viewerRating': 'none', 'likeCount': 0, 'publishedAt': '2022-10-31T23:50:42Z', 'updatedAt': '2022-10-31T23:50:42Z'}}, 'canReply': True, 'totalReplyCount': 0, 'isPublic': True}",,UCTVID5fAz7D0IQ2OL2FvaAg,2022-10-31T23:50:42Z,"Sim, o Bozo tá fazendo os Bolsominions fazer arruaça",,2023-06-07 12:46:29.357383
youtube#commentThread,9VqzHT8w0gugnrADiWxemOmUxBY,UgytUpWxC0cWPwvRGox4AaABAg,"{'videoId': 'XRYjrJJZAME', 'topLevelComment': {'kind': 'youtube#comment', 'etag': 'ei3jLw6Fuovc83mOjg8w2XM20d4', 'id': 'UgytUpWxC0cWPwvRGox4AaABAg', 'snippet': {'videoId': 'XRYjrJJZAME', 'textDisplay': 'E ninguém vai fazer nada contra esses arruaceiros?', 'textOriginal': 'E ninguém vai fazer nada contra esses arruaceiros?', 'authorDisplayName': 'Luiza Silveira', 'authorProfileImageUrl': 'https://yt3.ggpht.com/ytc/AGIKgqNxCDMaBb3SyJfZBr623NO9LAuGQl7WJu47Sw=s48-c-k-c0x00ffffff-no-rj', 'authorChannelUrl': 'http://www.youtube.com/channel/UCIe0VYbk2xpGDgk9FnYloZA', 'authorChannelId': {'value': 'UCIe0VYbk2xpGDgk9FnYloZA'}, 'canRate': True, 'viewerRating': 'none', 'likeCount': 22, 'publishedAt': '2022-10-31T23:50:36Z', 'updatedAt': '2022-10-31T23:50:36Z'}}, 'canReply': True, 'totalReplyCount': 1, 'isPublic': True}","{'comments': [{'kind': 'youtube#comment', 'etag': 'varm69PeI3nAjbUHffAR_T6tVB0', 'id': 'UgytUpWxC0cWPwvRGox4AaABAg.9hrvdOR7BbA9ht7CiBcTaT', 'snippet': {'videoId': 'XRYjrJJZAME', 'textDisplay': 'Cadê as polícias rodoviária polícia federal p orf  ot ordem', 'textOriginal': 'Cadê as polícias rodoviária polícia federal p orf  ot ordem', 'parentId': 'UgytUpWxC0cWPwvRGox4AaABAg', 'authorDisplayName': 'Cleuza Oliveira Ulian', 'authorProfileImageUrl': 'https://yt3.ggpht.com/ytc/AGIKgqNLfyFFhU0xh0z5GuQbpqUiia5wu8DYcwTuBnwdoW2KL9mfPebyvpJR-1-HDc1V=s48-c-k-c0x00ffffff-no-rj', 'authorChannelUrl': 'http://www.youtube.com/channel/UCZ_FL_csuuu5yS1CYVEUiLA', 'authorChannelId': {'value': 'UCZ_FL_csuuu5yS1CYVEUiLA'}, 'canRate': True, 'viewerRating': 'none', 'likeCount': 1, 'publishedAt': '2022-11-01T10:59:40Z', 'updatedAt': '2022-11-01T10:59:40Z'}}]}",UCIe0VYbk2xpGDgk9FnYloZA,2022-10-31T23:50:36Z,E ninguém vai fazer nada contra esses arruaceiros?,,2023-06-07 12:46:29.357383
youtube#commentThread,BTUrW58NrJ1my56XimuLg4UYfjc,Ugx8Xh_TbjRT65Rip1h4AaABAg,"{'videoId': 'XRYjrJJZAME', 'topLevelComment': {'kind': 'youtube#comment', 'etag': '7seMY5S2TDhwLMmrn9bs5niF_Ik', 'id': 'Ugx8Xh_TbjRT65Rip1h4AaABAg', 'snippet': {'videoId': 'XRYjrJJZAME', 'textDisplay': 'ALGUNS SÃO BURROS, A MAIORIA, QUERENDO UM POUQUINHO DE ATENÇÃO, INFELIZMENTE NOSSO BRASIL QUER VIVER NA MISÉRIA.', 'textOriginal': 'ALGUNS SÃO BURROS, A MAIORIA, QUERENDO UM POUQUINHO DE ATENÇÃO, INFELIZMENTE NOSSO BRASIL QUER VIVER NA MISÉRIA.', 'authorDisplayName': 'Luiz Pereira', 'authorProfileImageUrl': 'https://yt3.ggpht.com/Pp9iaSuHBohh6HEgap6pcKQphyv_qSES78C51R_7n1aFMHOCU9rHqcVIWH1_HhVCysvox7gMnNI=s48-c-k-c0x00ffffff-no-rj', 'authorChannelUrl': 'http://www.youtube.com/channel/UCz4uRinMFcG5G9nnL3XKRBQ', 'authorChannelId': {'value': 'UCz4uRinMFcG5G9nnL3XKRBQ'}, 'canRate': True, 'viewerRating': 'none', 'likeCount': 2, 'publishedAt': '2022-10-31T23:50:35Z', 'updatedAt': '2022-10-31T23:50:35Z'}}, 'canReply': True, 'totalReplyCount': 0, 'isPublic': True}",,UCz4uRinMFcG5G9nnL3XKRBQ,2022-10-31T23:50:35Z,"ALGUNS SÃO BURROS, A MAIORIA, QUERENDO UM POUQUINHO DE ATENÇÃO, INFELIZMENTE NOSSO BRASIL QUER VIVER NA MISÉRIA.",,2023-06-07 12:46:29.357383
youtube#commentThread,F2HJQb9LCtrixJUfYyRsilutyl0,Ugz_KoG8Www2-Fh8Xex4AaABAg,"{'videoId': 'XRYjrJJZAME', 'topLevelComment': {'kind': 'youtube#comment', 'etag': 'XmCc26GXgZcL7p_4a8lP9y-KRfA', 'id': 'Ugz_KoG8Www2-Fh8Xex4AaABAg', 'snippet': {'videoId': 'XRYjrJJZAME', 'textDisplay': 'Pura verdade que vc disse', 'textOriginal': 'Pura verdade que vc disse', 'authorDisplayName': 'Jonas Lopes', 'authorProfileImageUrl': 'https://yt3.ggpht.com/UXJ1b1jz2t_pGuZbZLmoonFxAiXoaI8pFNIpkf7HX09BiWjUMsOtpRKxFRa8WYrJD5KgHM6kcA=s48-c-k-c0x00ffffff-no-rj', 'authorChannelUrl': 'http://www.youtube.com/channel/UCfP7lW49ky9CkQbYufnILug', 'authorChannelId': {'value': 'UCfP7lW49ky9CkQbYufnILug'}, 'canRate': True, 'viewerRating': 'none', 'likeCount': 11, 'publishedAt': '2022-10-31T23:50:26Z', 'updatedAt': '2022-10-31T23:50:26Z'}}, 'canReply': True, 'totalReplyCount': 0, 'isPublic': True}",,UCfP7lW49ky9CkQbYufnILug,2022-10-31T23:50:26Z,Pura verdade que vc disse,,2023-06-07 12:46:29.357383
youtube#commentThread,F2V-rmDxQfKKFr-JIFa-eK6rar0,UgwV4A8QBlca-6CVYlZ4AaABAg,"{'videoId': 'XRYjrJJZAME', 'topLevelComment': {'kind': 'youtube#comment', 'etag': 'MXxGwUs0hG6_dJy9rtHXaqa3yCM', 'id': 'UgwV4A8QBlca-6CVYlZ4AaABAg', 'snippet': {'videoId': 'XRYjrJJZAME', 'textDisplay': 'CAMINHONEIROS PELEGOS! NÃO VALEM NADA...', 'textOriginal': 'CAMINHONEIROS PELEGOS! NÃO VALEM NADA...', 'authorDisplayName': 'Carvalho', 'authorProfileImageUrl': 'https://yt3.ggpht.com/ba4ETEyDy-4qkp3-DhTvPbenc126LsB4HLEvyN_xOY_d2n6Jo_5daHYsoAuniO5RCc0CaylaJQ=s48-c-k-c0x00ffffff-no-rj', 'authorChannelUrl': 'http://www.youtube.com/channel/UCw2_TRNkN13ihLzvDg8BlPw', 'authorChannelId': {'value': 'UCw2_TRNkN13ihLzvDg8BlPw'}, 'canRate': True, 'viewerRating': 'none', 'likeCount': 0, 'publishedAt': '2022-10-31T23:50:12Z', 'updatedAt': '2022-10-31T23:50:12Z'}}, 'canReply': True, 'totalReplyCount': 0, 'isPublic': True}",,UCw2_TRNkN13ihLzvDg8BlPw,2022-10-31T23:50:12Z,CAMINHONEIROS PELEGOS! NÃO VALEM NADA...,,2023-06-07 12:46:29.357383
youtube#commentThread,e3ZXOLuEF8z24VKVHoQAJqLh70A,UgwYT2GMt8vLRK0SXfl4AaABAg,"{'videoId': 'XRYjrJJZAME', 'topLevelComment': {'kind': 'youtube#comment', 'etag': '3LZNaFRx3-YpkE4KWSNrvbHMj_4', 'id': 'UgwYT2GMt8vLRK0SXfl4AaABAg', 'snippet': {'videoId': 'XRYjrJJZAME', 'textDisplay': 'LADRÃO É BOLSONARO E SUA FAMÍLIA INTEIRA E SEUS AMIGOS MILICIANOS E SEUS AMIGOS FALSOS PASTORES. ADEUS ACIMA DE TUDO ! VAMOS PROTEGER LULA E A VITÓRIA DO VOTO SOBERANO ! NÃO DEIXEMOS XINGAREM LULA !', 'textOriginal': 'LADRÃO É BOLSONARO E SUA FAMÍLIA INTEIRA E SEUS AMIGOS MILICIANOS E SEUS AMIGOS FALSOS PASTORES. ADEUS ACIMA DE TUDO ! VAMOS PROTEGER LULA E A VITÓRIA DO VOTO SOBERANO ! NÃO DEIXEMOS XINGAREM LULA !', 'authorDisplayName': 'RENATA GERIBELLO', 'authorProfileImageUrl': 'https://yt3.ggpht.com/92WRJe3GhJ1GVVowsDzeAhkhGjH0kTjI1J249jIdNvjDoDgQwqRT96bpeSO31QilpAITdhk_wg=s48-c-k-c0x00ffffff-no-rj', 'authorChannelUrl': 'http://www.youtube.com/channel/UC44C4Ekwma-pjh2mc3dwOSA', 'authorChannelId': {'value': 'UC44C4Ekwma-pjh2mc3dwOSA'}, 'canRate': True, 'viewerRating': 'none', 'likeCount': 0, 'publishedAt': '2022-10-31T23:49:56Z', 'updatedAt': '2022-10-31T23:49:56Z'}}, 'canReply': True, 'totalReplyCount': 0, 'isPublic': True}",,UC44C4Ekwma-pjh2mc3dwOSA,2022-10-31T23:49:56Z,LADRÃO É BOLSONARO E SUA FAMÍLIA INTEIRA E SEUS AMIGOS MILICIANOS E SEUS AMIGOS FALSOS PASTORES. ADEUS ACIMA DE TUDO ! VAMOS PROTEGER LULA E A VITÓRIA DO VOTO SOBERANO ! NÃO DEIXEMOS XINGAREM LULA !,,2023-06-07 12:46:29.357383
youtube#commentThread,5p3O86ka8AWkjyHj3w39qbzsy2w,UgzV7YSxkyr7aF186lF4AaABAg,"{'videoId': 'XRYjrJJZAME', 'topLevelComment': {'kind': 'youtube#comment', 'etag': '4xgPbOVgawcsXIndjBi7yKkVL1I', 'id': 'UgzV7YSxkyr7aF186lF4AaABAg', 'snippet': {'videoId': 'XRYjrJJZAME', 'textDisplay': 'Esse Bolsonaro nunca MAIS vai ser Presidente, Pau que nasce torto morre torto', 'textOriginal': 'Esse Bolsonaro nunca MAIS vai ser Presidente, Pau que nasce torto morre torto', 'authorDisplayName': 'Iracema Conceicao', 'authorProfileImageUrl': 'https://yt3.ggpht.com/ytc/AGIKgqMFDzlctY7VwjUoY0kAIXLcvjwm7xAw-8jpJw=s48-c-k-c0x00ffffff-no-rj', 'authorChannelUrl': 'http://www.youtube.com/channel/UCuyAf5c_-Qs8lFDRVGUYP6w', 'authorChannelId': {'value': 'UCuyAf5c_-Qs8lFDRVGUYP6w'}, 'canRate': True, 'viewerRating': 'none', 'likeCount': 0, 'publishedAt': '2022-10-31T23:49:53Z', 'updatedAt': '2022-10-31T23:49:53Z'}}, 'canReply': True, 'totalReplyCount': 0, 'isPublic': True}",,UCuyAf5c_-Qs8lFDRVGUYP6w,2022-10-31T23:49:53Z,"Esse Bolsonaro nunca MAIS vai ser Presidente, Pau que nasce torto morre torto",,2023-06-07 12:46:29.357383
youtube#commentThread,TCtHp3hhWbN_oJOVqDLZhvhoY1g,UgwEYadOZzpBrBP1GO94AaABAg,"{'videoId': 'XRYjrJJZAME', 'topLevelComment': {'kind': 'youtube#comment', 'etag': '7SmQU5sNyBuk0hUwbIYYle7VoQw', 'id': 'UgwEYadOZzpBrBP1GO94AaABAg', 'snippet': {'videoId': 'XRYjrJJZAME', 'textDisplay': 'Bolsonaro, e o que a Bíblia fala: O diabo virá, para matar, roubar e destruir.<br>Alguma dúvida.', 'textOriginal': 'Bolsonaro, e o que a Bíblia fala: O diabo virá, para matar, roubar e destruir.\nAlguma dúvida.', 'authorDisplayName': 'Edivete dos Santos Bacalhau', 'authorProfileImageUrl': 'https://yt3.ggpht.com/ytc/AGIKgqNQnaJEdoBAOAPERh6eCqJv4YBIuvSTvp-mEQ=s48-c-k-c0x00ffffff-no-rj', 'authorChannelUrl': 'http://www.youtube.com/channel/UCtV6T_fuR-LyiqyJJ8lx9eA', 'authorChannelId': {'value': 'UCtV6T_fuR-LyiqyJJ8lx9eA'}, 'canRate': True, 'viewerRating': 'none', 'likeCount': 0, 'publishedAt': '2022-10-31T23:49:39Z', 'updatedAt': '2022-10-31T23:50:23Z'}}, 'canReply': True, 'totalReplyCount': 0, 'isPublic': True}",,UCtV6T_fuR-LyiqyJJ8lx9eA,2022-10-31T23:49:39Z,"Bolsonaro, e o que a Bíblia fala: O diabo virá, para matar, roubar e destruir.
Alguma dúvida.",,2023-06-07 12:46:29.357383
youtube#commentThread,AeVV9YcACPpaHT5h6KOUGraIh5k,UgzpLYT-1xGf010G6bB4AaABAg,"{'videoId': 'XRYjrJJZAME', 'topLevelComment': {'kind': 'youtube#comment', 'etag': 'qiMjG7JvxlfQDBnSK208tGQBpeQ', 'id': 'UgzpLYT-1xGf010G6bB4AaABAg', 'snippet': {'videoId': 'XRYjrJJZAME', 'textDisplay': 'Esses caminhoneiros estão fazendo isso é pq ele quer. Ele quer ver o Brasil pegar fogo pq está derrotado, graças ao nosso pai Santo é todo poderoso', 'textOriginal': 'Esses caminhoneiros estão fazendo isso é pq ele quer. Ele quer ver o Brasil pegar fogo pq está derrotado, graças ao nosso pai Santo é todo poderoso', 'authorDisplayName': 'Maria Socorroalmeidademenezes', 'authorProfileImageUrl': 'https://yt3.ggpht.com/ytc/AGIKgqNJHamKXyemVo24jAYFI9tuX5M1cYQQcmWx1g=s48-c-k-c0x00ffffff-no-rj', 'authorChannelUrl': 'http://www.youtube.com/channel/UCH0fkubRkRcgU1gSWzBocOg', 'authorChannelId': {'value': 'UCH0fkubRkRcgU1gSWzBocOg'}, 'canRate': True, 'viewerRating': 'none', 'likeCount': 5, 'publishedAt': '2022-10-31T23:49:38Z', 'updatedAt': '2022-10-31T23:49:38Z'}}, 'canReply': True, 'totalReplyCount': 0, 'isPublic': True}",,UCH0fkubRkRcgU1gSWzBocOg,2022-10-31T23:49:38Z,"Esses caminhoneiros estão fazendo isso é pq ele quer. Ele quer ver o Brasil pegar fogo pq está derrotado, graças ao nosso pai Santo é todo poderoso",,2023-06-07 12:46:29.357383
youtube#commentThread,z6EyGM0zR5V2JSHZRwhp-_9DgT4,UgzJB1WTjH1QC0UJdC54AaABAg,"{'videoId': 'XRYjrJJZAME', 'topLevelComment': {'kind': 'youtube#comment', 'etag': 'aQ8GS7Gj2PcI8OTHRn5Kpl7TGpI', 'id': 'UgzJB1WTjH1QC0UJdC54AaABAg', 'snippet': {'videoId': 'XRYjrJJZAME', 'textDisplay': 'Esses bolsobandidos não passarão', 'textOriginal': 'Esses bolsobandidos não passarão', 'authorDisplayName': 'Daniel Akatsuki', 'authorProfileImageUrl': 'https://yt3.ggpht.com/ytc/AGIKgqNbqf4li_K9cpJ8U2wdUDlvDLwHwLaZAmq5jU08=s48-c-k-c0x00ffffff-no-rj', 'authorChannelUrl': 'http://www.youtube.com/channel/UCN4MWbd0rguHbcY9VL0yX5w', 'authorChannelId': {'value': 'UCN4MWbd0rguHbcY9VL0yX5w'}, 'canRate': True, 'viewerRating': 'none', 'likeCount': 0, 'publishedAt': '2022-10-31T23:49:23Z', 'updatedAt': '2022-10-31T23:49:23Z'}}, 'canReply': True, 'totalReplyCount': 0, 'isPublic': True}",,UCN4MWbd0rguHbcY9VL0yX5w,2022-10-31T23:49:23Z,Esses bolsobandidos não passarão,,2023-06-07 12:46:29.357383
youtube#commentThread,AMmvZ1e5r4IU4LHIBpiI3dX-vtg,UgwvbogrQZ9uyK5vEEx4AaABAg,"{'videoId': 'XRYjrJJZAME', 'topLevelComment': {'kind': 'youtube#comment', 'etag': 'c-wHeGQqfjcJ-ncYhG-WNgvlKLI', 'id': 'UgwvbogrQZ9uyK5vEEx4AaABAg', 'snippet': {'videoId': 'XRYjrJJZAME', 'textDisplay': 'Não tem como parar com isso. Será que o povo não percebe que isso não vai mudar o resultado das eleições. Tem que ser feito alguma coisa. E hora de BOLSONARO, pagar por tudo que fez. Hora da colheita BOLSONARO 🙄🙄🙄', 'textOriginal': 'Não tem como parar com isso. Será que o povo não percebe que isso não vai mudar o resultado das eleições. Tem que ser feito alguma coisa. E hora de BOLSONARO, pagar por tudo que fez. Hora da colheita BOLSONARO 🙄🙄🙄', 'authorDisplayName': 'maria bernadete costa', 'authorProfileImageUrl': 'https://yt3.ggpht.com/ytc/AGIKgqM3Mhpg4TfeYqqZVpxahitw2qxL1uTYYacG7A=s48-c-k-c0x00ffffff-no-rj', 'authorChannelUrl': 'http://www.youtube.com/channel/UC-FOiwBhDzLQP41x1IRnv6g', 'authorChannelId': {'value': 'UC-FOiwBhDzLQP41x1IRnv6g'}, 'canRate': True, 'viewerRating': 'none', 'likeCount': 75, 'publishedAt': '2022-10-31T23:49:19Z', 'updatedAt': '2022-10-31T23:49:19Z'}}, 'canReply': True, 'totalReplyCount': 2, 'isPublic': True}","{'comments': [{'kind': 'youtube#comment', 'etag': 'ZmC_Bsg7LyhaNc-UvuAIiQUevuQ', 'id': 'UgwvbogrQZ9uyK5vEEx4AaABAg.9hrvUxim0Lz9ht7HYFLoJI', 'snippet': {'videoId': 'XRYjrJJZAME', 'textDisplay': 'Verdade verdadeira aceitar respeitar lula ackimim', 'textOriginal': 'Verdade verdadeira aceitar respeitar lula ackimim', 'parentId': 'UgwvbogrQZ9uyK5vEEx4AaABAg', 'authorDisplayName': 'Cleuza Oliveira Ulian', 'authorProfileImageUrl': 'https://yt3.ggpht.com/ytc/AGIKgqNLfyFFhU0xh0z5GuQbpqUiia5wu8DYcwTuBnwdoW2KL9mfPebyvpJR-1-HDc1V=s48-c-k-c0x00ffffff-no-rj', 'authorChannelUrl': 'http://www.youtube.com/channel/UCZ_FL_csuuu5yS1CYVEUiLA', 'authorChannelId': {'value': 'UCZ_FL_csuuu5yS1CYVEUiLA'}, 'canRate': True, 'viewerRating': 'none', 'likeCount': 0, 'publishedAt': '2022-11-01T11:00:19Z', 'updatedAt': '2022-11-01T11:00:19Z'}}, {'kind': 'youtube#comment', 'etag': 'IB5RjwRB1_a9a7g-VZQ7eHNu9z4', 'id': 'UgwvbogrQZ9uyK5vEEx4AaABAg.9hrvUxim0Lz9hrydj29B7j', 'snippet': {'videoId': 'XRYjrJJZAME', 'textDisplay': 'Mas é o que o VERME está querendo, tumultuar e derramar sangue,pois ele gosta da MORTE 😢😢', 'textOriginal': 'Mas é o que o VERME está querendo, tumultuar e derramar sangue,pois ele gosta da MORTE 😢😢', 'parentId': 'UgwvbogrQZ9uyK5vEEx4AaABAg', 'authorDisplayName': 'devoltaparaopassado ', 'authorProfileImageUrl': 'https://yt3.ggpht.com/A-Nl8H5UpFhDMdMsqOim36k6nGCoqOOJgHKRU9fWqL5fnvp21n-1eYWzYV4JWvvqs1ugoIM0Y5g=s48-c-k-c0x00ffffff-no-rj', 'authorChannelUrl': 'http://www.youtube.com/channel/UCc5ADxkxUkvloumxGVnQKfg', 'authorChannelId': {'value': 'UCc5ADxkxUkvloumxGVnQKfg'}, 'canRate': True, 'viewerRating': 'none', 'likeCount': 1, 'publishedAt': '2022-11-01T00:16:52Z', 'updatedAt': '2022-11-01T00:16:52Z'}}]}",UC-FOiwBhDzLQP41x1IRnv6g,2022-10-31T23:49:19Z,"Não tem como parar com isso. Será que o povo não percebe que isso não vai mudar o resultado das eleições. Tem que ser feito alguma coisa. E hora de BOLSONARO, pagar por tudo que fez. Hora da colheita BOLSONARO 🙄🙄🙄",,2023-06-07 12:46:29.357383
youtube#commentThread,vPTdwIvzwEIk4tTVgSHs-U9IfUY,UgxfeYPXu8Td7O2BAXt4AaABAg,"{'videoId': 'XRYjrJJZAME', 'topLevelComment': {'kind': 'youtube#comment', 'etag': 'hmmbUiMLUKiR7l5T0XstM3NAbVI', 'id': 'UgxfeYPXu8Td7O2BAXt4AaABAg', 'snippet': {'videoId': 'XRYjrJJZAME', 'textDisplay': 'Esse bosonaro e seus filhos desonestos tem que ser banido do Brasil. Urgente sao criminosos', 'textOriginal': 'Esse bosonaro e seus filhos desonestos tem que ser banido do Brasil. Urgente sao criminosos', 'authorDisplayName': 'edvaldo torres', 'authorProfileImageUrl': 'https://yt3.ggpht.com/ytc/AGIKgqMzFXFAB4iGVDzAFgwSA3eumAJhv2NIoiASzBLyyg=s48-c-k-c0x00ffffff-no-rj', 'authorChannelUrl': 'http://www.youtube.com/channel/UCO8Cp5PdZvam1GMijkijBGQ', 'authorChannelId': {'value': 'UCO8Cp5PdZvam1GMijkijBGQ'}, 'canRate': True, 'viewerRating': 'none', 'likeCount': 0, 'publishedAt': '2022-10-31T23:49:03Z', 'updatedAt': '2022-10-31T23:49:03Z'}}, 'canReply': True, 'totalReplyCount': 0, 'isPublic': True}",,UCO8Cp5PdZvam1GMijkijBGQ,2022-10-31T23:49:03Z,Esse bosonaro e seus filhos desonestos tem que ser banido do Brasil. Urgente sao criminosos,,2023-06-07 12:46:29.357383
youtube#commentThread,EAEifC4odgPMVTfHFezaEtD4n_s,UgwSmSlcZFzUopGOBx94AaABAg,"{'videoId': 'XRYjrJJZAME', 'topLevelComment': {'kind': 'youtube#comment', 'etag': 'sR3RJTkIBnF8a5VrHsVseLUX0oU', 'id': 'UgwSmSlcZFzUopGOBx94AaABAg', 'snippet': {'videoId': 'XRYjrJJZAME', 'textDisplay': 'Esse psicopata plantou o ódio e o medo na população brasileira. No grupo da minha família 5 saíram por não aceitar a derrota do minto! É lamentável, tomará que ele faça logo uma declaração reconhecendo a vitória do Lula🙏', 'textOriginal': 'Esse psicopata plantou o ódio e o medo na população brasileira. No grupo da minha família 5 saíram por não aceitar a derrota do minto! É lamentável, tomará que ele faça logo uma declaração reconhecendo a vitória do Lula🙏', 'authorDisplayName': 'Rose Rey', 'authorProfileImageUrl': 'https://yt3.ggpht.com/ytc/AGIKgqNJF2DZD3UvhPDIileBviekhGUzb0D9puB6IZWn9rA=s48-c-k-c0x00ffffff-no-rj', 'authorChannelUrl': 'http://www.youtube.com/channel/UC5ZLkGNkZ9IhAQvEuyUzpwg', 'authorChannelId': {'value': 'UC5ZLkGNkZ9IhAQvEuyUzpwg'}, 'canRate': True, 'viewerRating': 'none', 'likeCount': 72, 'publishedAt': '2022-10-31T23:49:02Z', 'updatedAt': '2022-10-31T23:49:02Z'}}, 'canReply': True, 'totalReplyCount': 11, 'isPublic': True}","{'comments': [{'kind': 'youtube#comment', 'etag': 'MM5E0OIorBJ-buI9iip16FJL0vE', 'id': 'UgwSmSlcZFzUopGOBx94AaABAg.9hrvSotrkCA9huJSv3Botm', 'snippet': {'videoId': 'XRYjrJJZAME', 'textDisplay': 'Parabéns, Rose Rei,um amigo meu que eu tinha como Irmão também se afastou, de mim por causa da Vitória  de Lula, MAS   EU Digo Sem e  Sem Medo LULA 13 A Luta Continua,,,,', 'textOriginal': 'Parabéns, Rose Rei,um amigo meu que eu tinha como Irmão também se afastou, de mim por causa da Vitória  de Lula, MAS   EU Digo Sem e  Sem Medo LULA 13 A Luta Continua,,,,', 'parentId': 'UgwSmSlcZFzUopGOBx94AaABAg', 'authorDisplayName': 'Jose Maria', 'authorProfileImageUrl': 'https://yt3.ggpht.com/ytc/AGIKgqMA1w_i70fA9NlI_RqEtrqqB2HfJuFbB2eVrA=s48-c-k-c0x00ffffff-no-rj', 'authorChannelUrl': 'http://www.youtube.com/channel/UCoj10YiQ2F__qXZdStF8nfg', 'authorChannelId': {'value': 'UCoj10YiQ2F__qXZdStF8nfg'}, 'canRate': True, 'viewerRating': 'none', 'likeCount': 0, 'publishedAt': '2022-11-01T22:05:58Z', 'updatedAt': '2022-11-01T22:05:58Z'}}, {'kind': 'youtube#comment', 'etag': 'NVl8ueCM1Yhe-KeRWFv99mQq1hY', 'id': 'UgwSmSlcZFzUopGOBx94AaABAg.9hrvSotrkCA9htLVysGkdV', 'snippet': {'videoId': 'XRYjrJJZAME', 'textDisplay': 'O minto deixou discípulos.', 'textOriginal': 'O minto deixou discípulos.', 'parentId': 'UgwSmSlcZFzUopGOBx94AaABAg', 'authorDisplayName': 'Tania Maria', 'authorProfileImageUrl': 'https://yt3.ggpht.com/aSyAPHBeH6nVSgSFzLChHFxT-Imncie1eYzo8JCn_5OihFkoqo4pGWyoeB-7VW3lZc5WMuPeCqA=s48-c-k-c0x00ffffff-no-rj', 'authorChannelUrl': 'http://www.youtube.com/channel/UCCf8Or78kCRqJUq7Lqc6JIQ', 'authorChannelId': {'value': 'UCCf8Or78kCRqJUq7Lqc6JIQ'}, 'canRate': True, 'viewerRating': 'none', 'likeCount': 1, 'publishedAt': '2022-11-01T13:04:38Z', 'updatedAt': '2022-11-01T13:04:38Z'}}, {'kind': 'youtube#comment', 'etag': 'pWpzz6Y_hrYIN0Qj9YWdk_mM7ag', 'id': 'UgwSmSlcZFzUopGOBx94AaABAg.9hrvSotrkCA9hsG8sYjnE3', 'snippet': {'videoId': 'XRYjrJJZAME', 'textDisplay': '@Rita Acacia Nicolau parabéns pelo seu comentário!<br>Hj mais cedo eu estava falando sobre isso com meu irmão,<br>Concordo plenamente quando vc fala de mantermos a distância de pessoas tóxicas ainda que estas são do nosso sangue, é lamentável mas vamos fazer o quê?<br>Eles  se deixam  levar de uma forma tão fanática , que se torna insuportável a convivência.', 'textOriginal': '@Rita Acacia Nicolau parabéns pelo seu comentário!\nHj mais cedo eu estava falando sobre isso com meu irmão,\nConcordo plenamente quando vc fala de mantermos a distância de pessoas tóxicas ainda que estas são do nosso sangue, é lamentável mas vamos fazer o quê?\nEles  se deixam  levar de uma forma tão fanática , que se torna insuportável a convivência.', 'parentId': 'UgwSmSlcZFzUopGOBx94AaABAg', 'authorDisplayName': 'Andreza Pereira Leite', 'authorProfileImageUrl': 'https://yt3.ggpht.com/ytc/AGIKgqM7hbXWp4d_2v-gCJKRdhnp1f3scOMaC5RP5g=s48-c-k-c0x00ffffff-no-rj', 'authorChannelUrl': 'http://www.youtube.com/channel/UClVXHqkuSa5gSQg7iw7IT3w', 'authorChannelId': {'value': 'UClVXHqkuSa5gSQg7iw7IT3w'}, 'canRate': True, 'viewerRating': 'none', 'likeCount': 3, 'publishedAt': '2022-11-01T02:58:33Z', 'updatedAt': '2022-11-01T02:58:33Z'}}, {'kind': 'youtube#comment', 'etag': 'SCM708ylGFe1qSM-PGDQYjJETIQ', 'id': 'UgwSmSlcZFzUopGOBx94AaABAg.9hrvSotrkCA9hs7k-jIF3s', 'snippet': {'videoId': 'XRYjrJJZAME', 'textDisplay': '@Rita Acacia Nicolau : O mundo já reconheceu a vitória do Lula, e portanto eles estão desesperados querendo instaurar o caos social.', 'textOriginal': '@Rita Acacia Nicolau : O mundo já reconheceu a vitória do Lula, e portanto eles estão desesperados querendo instaurar o caos social.', 'parentId': 'UgwSmSlcZFzUopGOBx94AaABAg', 'authorDisplayName': 'Alexison Alcantara do Nascimento', 'authorProfileImageUrl': 'https://yt3.ggpht.com/ytc/AGIKgqPW6Zsakw_o_ElfiLMYw2aGlVn0F16kbom6Og=s48-c-k-c0x00ffffff-no-rj', 'authorChannelUrl': 'http://www.youtube.com/channel/UC0fzlt3QLKjo3M_7EFCypQw', 'authorChannelId': {'value': 'UC0fzlt3QLKjo3M_7EFCypQw'}, 'canRate': True, 'viewerRating': 'none', 'likeCount': 0, 'publishedAt': '2022-11-01T01:45:06Z', 'updatedAt': '2022-11-01T01:45:06Z'}}, {'kind': 'youtube#comment', 'etag': 'ETAVS0mpIPemB6dc1Q8vk_8fFfs', 'id': 'UgwSmSlcZFzUopGOBx94AaABAg.9hrvSotrkCA9hs7Eclpv5d', 'snippet': {'videoId': 'XRYjrJJZAME', 'textDisplay': 'Verdade!! As famílias estão sendo dívidas, os bolsonarista não aceitam quem pensam diferente deles, muito triste.', 'textOriginal': 'Verdade!! As famílias estão sendo dívidas, os bolsonarista não aceitam quem pensam diferente deles, muito triste.', 'parentId': 'UgwSmSlcZFzUopGOBx94AaABAg', 'authorDisplayName': 'Sandra Izabel Alves Ribeiro', 'authorProfileImageUrl': 'https://yt3.ggpht.com/ytc/AGIKgqPqdAWdSqXWujrxqBJIZ3YXlDHdrJ5QKM8pYw=s48-c-k-c0x00ffffff-no-rj', 'authorChannelUrl': 'http://www.youtube.com/channel/UCbEwcchgVbYjP0WJzutTCyA', 'authorChannelId': {'value': 'UCbEwcchgVbYjP0WJzutTCyA'}, 'canRate': True, 'viewerRating': 'none', 'likeCount': 3, 'publishedAt': '2022-11-01T01:40:41Z', 'updatedAt': '2022-11-01T01:40:41Z'}}]}",UC5ZLkGNkZ9IhAQvEuyUzpwg,2022-10-31T23:49:02Z,"Esse psicopata plantou o ódio e o medo na população brasileira. No grupo da minha família 5 saíram por não aceitar a derrota do minto! É lamentável, tomará que ele faça logo uma declaração reconhecendo a vitória do Lula🙏",,2023-06-07 12:46:29.357383
youtube#commentThread,q61XpIe_ePpDdXQjGo3_fRoNwNI,UgxuzTfpPTxUb00eSId4AaABAg,"{'videoId': 'XRYjrJJZAME', 'topLevelComment': {'kind': 'youtube#comment', 'etag': 'fI-GJDtYqv56LvA9Dr2HudZ6-wM', 'id': 'UgxuzTfpPTxUb00eSId4AaABAg', 'snippet': {'videoId': 'XRYjrJJZAME', 'textDisplay': 'É o próprio Satanás.', 'textOriginal': 'É o próprio Satanás.', 'authorDisplayName': 'Cassia Cristina', 'authorProfileImageUrl': 'https://yt3.ggpht.com/ytc/AGIKgqMMiHO8HJruVQFejdYe6U6C1hIhvPezb-1TCHz8HQ=s48-c-k-c0x00ffffff-no-rj', 'authorChannelUrl': 'http://www.youtube.com/channel/UC6AH46fqv2tuh0lcNarJ-jQ', 'authorChannelId': {'value': 'UC6AH46fqv2tuh0lcNarJ-jQ'}, 'canRate': True, 'viewerRating': 'none', 'likeCount': 2, 'publishedAt': '2022-10-31T23:49:00Z', 'updatedAt': '2022-10-31T23:49:00Z'}}, 'canReply': True, 'totalReplyCount': 0, 'isPublic': True}",,UC6AH46fqv2tuh0lcNarJ-jQ,2022-10-31T23:49:00Z,É o próprio Satanás.,,2023-06-07 12:46:29.357383
youtube#commentThread,9590KDyxcPpieh8kBMS1iSxhXkE,Ugxw2ayANGvPeRYBUc54AaABAg,"{'videoId': 'XRYjrJJZAME', 'topLevelComment': {'kind': 'youtube#comment', 'etag': 'hASPZUHHRScT4-cnBPX-kq5G_PY', 'id': 'Ugxw2ayANGvPeRYBUc54AaABAg', 'snippet': {'videoId': 'XRYjrJJZAME', 'textDisplay': '&quot;POLÍCIA PARA QUEM PRECISA,POLÍCIA PARA QUEM PRECISA DE POLÍCIA 🚔 &quot;<br>TITÃNS', 'textOriginal': '""POLÍCIA PARA QUEM PRECISA,POLÍCIA PARA QUEM PRECISA DE POLÍCIA 🚔 ""\nTITÃNS', 'authorDisplayName': 'Carvalho', 'authorProfileImageUrl': 'https://yt3.ggpht.com/ba4ETEyDy-4qkp3-DhTvPbenc126LsB4HLEvyN_xOY_d2n6Jo_5daHYsoAuniO5RCc0CaylaJQ=s48-c-k-c0x00ffffff-no-rj', 'authorChannelUrl': 'http://www.youtube.com/channel/UCw2_TRNkN13ihLzvDg8BlPw', 'authorChannelId': {'value': 'UCw2_TRNkN13ihLzvDg8BlPw'}, 'canRate': True, 'viewerRating': 'none', 'likeCount': 21, 'publishedAt': '2022-10-31T23:48:55Z', 'updatedAt': '2022-10-31T23:49:33Z'}}, 'canReply': True, 'totalReplyCount': 3, 'isPublic': True}","{'comments': [{'kind': 'youtube#comment', 'etag': 'LPf4QrJLNeaJdcqjyiGZQgkdEvw', 'id': 'Ugxw2ayANGvPeRYBUc54AaABAg.9hrvS-ECRpW9hshO5-iAvJ', 'snippet': {'videoId': 'XRYjrJJZAME', 'textDisplay': 'Polícia serve para bater, humilhar e matar nas favelas e periferias deste país tão desigual e proteger o patrimônio dos poderosos.', 'textOriginal': 'Polícia serve para bater, humilhar e matar nas favelas e periferias deste país tão desigual e proteger o patrimônio dos poderosos.', 'parentId': 'Ugxw2ayANGvPeRYBUc54AaABAg', 'authorDisplayName': 'Noris Regina M Borges', 'authorProfileImageUrl': 'https://yt3.ggpht.com/ytc/AGIKgqOBuZ1xs6qFHNvBs1TMEdtgZgbgbBq8vM5-bDRl8w=s48-c-k-c0x00ffffff-no-rj', 'authorChannelUrl': 'http://www.youtube.com/channel/UCBRVPoxz0TouUYawDdRcucA', 'authorChannelId': {'value': 'UCBRVPoxz0TouUYawDdRcucA'}, 'canRate': True, 'viewerRating': 'none', 'likeCount': 1, 'publishedAt': '2022-11-01T07:05:17Z', 'updatedAt': '2022-11-01T07:05:17Z'}}, {'kind': 'youtube#comment', 'etag': 'ei0Zwid1ei3UNrrsWIKfdvOzsnA', 'id': 'Ugxw2ayANGvPeRYBUc54AaABAg.9hrvS-ECRpW9hs4-iG5USj', 'snippet': {'videoId': 'XRYjrJJZAME', 'textDisplay': 'CARVALHO...<br>SE FOSSE GREVE DE TRABALHADO<br>RES , ESSES PARASITAS DE FARDAS , JA TERIAM METIDO A PORRADA NOS MESMOS...!!!!!!!!!!!<br>VIVA A DEMOCRACIA E AO PRESIDENTE ( ETERNO ) LUIS INACIO LULA DA SILVA E A TODOS OS CANAIS DEMOCRATICOS POR NOS LIVRARMOS DESTE PARASITA E SUAS QUADRILHAS DE NEOS FACISTAS...!!!!!!!!!!!!!!!!!!!!<br>PARABENS AO POVO BRASILEIRO QUE VOTOU CONTRA O NAZIS BOZO....!!!!!!!!!!!!!!!!!!!!!!!!!!!!!!!!!!!!!!!!!!!!!!!!!!!', 'textOriginal': 'CARVALHO...\nSE FOSSE GREVE DE TRABALHADO\nRES , ESSES PARASITAS DE FARDAS , JA TERIAM METIDO A PORRADA NOS MESMOS...!!!!!!!!!!!\nVIVA A DEMOCRACIA E AO PRESIDENTE ( ETERNO ) LUIS INACIO LULA DA SILVA E A TODOS OS CANAIS DEMOCRATICOS POR NOS LIVRARMOS DESTE PARASITA E SUAS QUADRILHAS DE NEOS FACISTAS...!!!!!!!!!!!!!!!!!!!!\nPARABENS AO POVO BRASILEIRO QUE VOTOU CONTRA O NAZIS BOZO....!!!!!!!!!!!!!!!!!!!!!!!!!!!!!!!!!!!!!!!!!!!!!!!!!!!', 'parentId': 'Ugxw2ayANGvPeRYBUc54AaABAg', 'authorDisplayName': 'Joseir Dos Santos Souza', 'authorProfileImageUrl': 'https://yt3.ggpht.com/ytc/AGIKgqOC0QPoF8ioay1Cvd7LvQ9-TWtyj7H5cHxwKg=s48-c-k-c0x00ffffff-no-rj', 'authorChannelUrl': 'http://www.youtube.com/channel/UC2R729OVGksxBug7hAZoW5A', 'authorChannelId': {'value': 'UC2R729OVGksxBug7hAZoW5A'}, 'canRate': True, 'viewerRating': 'none', 'likeCount': 1, 'publishedAt': '2022-11-01T01:12:26Z', 'updatedAt': '2022-11-01T01:12:26Z'}}, {'kind': 'youtube#comment', 'etag': 'A3Rh3Uxzy_itfxqBanzv8HQ7sjM', 'id': 'Ugxw2ayANGvPeRYBUc54AaABAg.9hrvS-ECRpW9hrwpPpZQok', 'snippet': {'videoId': 'XRYjrJJZAME', 'textDisplay': 'Quem  o cidadão  de bem mais teme? Os criminosos e  marginais  ou está Polícia Militar e  federal  corrompida? Depois dos.políticos  o que o.povo mais teme é  a polícia militar.', 'textOriginal': 'Quem  o cidadão  de bem mais teme? Os criminosos e  marginais  ou está Polícia Militar e  federal  corrompida? Depois dos.políticos  o que o.povo mais teme é  a polícia militar.', 'parentId': 'Ugxw2ayANGvPeRYBUc54AaABAg', 'authorDisplayName': 'Antonio Helvecio', 'authorProfileImageUrl': 'https://yt3.ggpht.com/ytc/AGIKgqO3Sm-AqqgOFzPHcJk1VhCmQLkQ0pFD-dsgviJ3d8d6A08HcJLJbtAkhBkbn0cz=s48-c-k-c0x00ffffff-no-rj', 'authorChannelUrl': 'http://www.youtube.com/channel/UCA74IzcMwYq8PzxtgCtVK-g', 'authorChannelId': {'value': 'UCA74IzcMwYq8PzxtgCtVK-g'}, 'canRate': True, 'viewerRating': 'none', 'likeCount': 3, 'publishedAt': '2022-11-01T00:00:59Z', 'updatedAt': '2022-11-01T00:00:59Z'}}]}",UCw2_TRNkN13ihLzvDg8BlPw,2022-10-31T23:48:55Z,"""POLÍCIA PARA QUEM PRECISA,POLÍCIA PARA QUEM PRECISA DE POLÍCIA 🚔 ""
TITÃNS",,2023-06-07 12:46:29.357383
youtube#commentThread,dznVjS8b9uzLe41GGfXzc4Q_ke0,UgySXRwMay889hfAi6x4AaABAg,"{'videoId': 'XRYjrJJZAME', 'topLevelComment': {'kind': 'youtube#comment', 'etag': '0s4EjlUTLB-HTxm3rSmy6ecH3_Y', 'id': 'UgySXRwMay889hfAi6x4AaABAg', 'snippet': {'videoId': 'XRYjrJJZAME', 'textDisplay': 'Gravataí , RS... presente.', 'textOriginal': 'Gravataí , RS... presente.', 'authorDisplayName': 'Wilson Nei da Silva', 'authorProfileImageUrl': 'https://yt3.ggpht.com/ytc/AGIKgqMzFcyjgTDYDP6GC7y4obBf_qXH7J0b8bMX0w=s48-c-k-c0x00ffffff-no-rj', 'authorChannelUrl': 'http://www.youtube.com/channel/UC_XVsUcBLRIt2uKaKUJCN9A', 'authorChannelId': {'value': 'UC_XVsUcBLRIt2uKaKUJCN9A'}, 'canRate': True, 'viewerRating': 'none', 'likeCount': 12, 'publishedAt': '2022-10-31T23:48:49Z', 'updatedAt': '2022-10-31T23:48:49Z'}}, 'canReply': True, 'totalReplyCount': 0, 'isPublic': True}",,UC_XVsUcBLRIt2uKaKUJCN9A,2022-10-31T23:48:49Z,"Gravataí , RS... presente.",,2023-06-07 12:46:29.357383
youtube#commentThread,o6v4owrp1AUzpmJJvR-RrruZ9_c,Ugy0LlP3VL77bpSXycx4AaABAg,"{'videoId': 'XRYjrJJZAME', 'topLevelComment': {'kind': 'youtube#comment', 'etag': 'HTCD7A2kTBZaK79UjhCtAX1Lem0', 'id': 'Ugy0LlP3VL77bpSXycx4AaABAg', 'snippet': {'videoId': 'XRYjrJJZAME', 'textDisplay': 'Bolsonaro apelou pra tudo e ainda assim perdeu do mesmo jeito, agora vai espernear muito e não aceitará o resultado, seus seguidores fanáticos deveriam ser presos junto com ele seus comparsas.', 'textOriginal': 'Bolsonaro apelou pra tudo e ainda assim perdeu do mesmo jeito, agora vai espernear muito e não aceitará o resultado, seus seguidores fanáticos deveriam ser presos junto com ele seus comparsas.', 'authorDisplayName': 'edson bueno', 'authorProfileImageUrl': 'https://yt3.ggpht.com/ytc/AGIKgqMppQkIYSBhLZZYjoYofx5_jdLWOvBbLAE8loHG2yBSDdlfpC2c0_FPZbHSudtR=s48-c-k-c0x00ffffff-no-rj', 'authorChannelUrl': 'http://www.youtube.com/channel/UCjQp9-3FLXofUfaU9F3epjg', 'authorChannelId': {'value': 'UCjQp9-3FLXofUfaU9F3epjg'}, 'canRate': True, 'viewerRating': 'none', 'likeCount': 1, 'publishedAt': '2022-10-31T23:48:46Z', 'updatedAt': '2022-10-31T23:48:46Z'}}, 'canReply': True, 'totalReplyCount': 0, 'isPublic': True}",,UCjQp9-3FLXofUfaU9F3epjg,2022-10-31T23:48:46Z,"Bolsonaro apelou pra tudo e ainda assim perdeu do mesmo jeito, agora vai espernear muito e não aceitará o resultado, seus seguidores fanáticos deveriam ser presos junto com ele seus comparsas.",,2023-06-07 12:46:29.357383
youtube#commentThread,C_9CYOxfS0yMF-hlRn3N19of-Bg,Ugw--O_RmYljkiRxy094AaABAg,"{'videoId': 'XRYjrJJZAME', 'topLevelComment': {'kind': 'youtube#comment', 'etag': 'UPHfqtLzlyHc4fjevCsOkqE2fno', 'id': 'Ugw--O_RmYljkiRxy094AaABAg', 'snippet': {'videoId': 'XRYjrJJZAME', 'textDisplay': 'Eu fiquei muito feliz com o resultado da eleição é Lula La', 'textOriginal': 'Eu fiquei muito feliz com o resultado da eleição é Lula La', 'authorDisplayName': 'Rosalia Keller', 'authorProfileImageUrl': 'https://yt3.ggpht.com/ytc/AGIKgqMEoEWqzkVuy8DgnOKRYINulJGnKjP7zB8a2F4Et1aDMyi1oz7njFBEbTmGCRgN=s48-c-k-c0x00ffffff-no-rj', 'authorChannelUrl': 'http://www.youtube.com/channel/UCnUrZ0fSjrndsBPHkVbgUCw', 'authorChannelId': {'value': 'UCnUrZ0fSjrndsBPHkVbgUCw'}, 'canRate': True, 'viewerRating': 'none', 'likeCount': 6, 'publishedAt': '2022-10-31T23:48:36Z', 'updatedAt': '2022-10-31T23:48:36Z'}}, 'canReply': True, 'totalReplyCount': 0, 'isPublic': True}",,UCnUrZ0fSjrndsBPHkVbgUCw,2022-10-31T23:48:36Z,Eu fiquei muito feliz com o resultado da eleição é Lula La,,2023-06-07 12:46:29.357383
youtube#commentThread,nYaZpjpzz1BRst0qe8GYrU432-4,Ugyp2XGmE9vhmIwL7uB4AaABAg,"{'videoId': 'XRYjrJJZAME', 'topLevelComment': {'kind': 'youtube#comment', 'etag': 'ebvJln0Wt7oNt1CEbnMghPWlVNA', 'id': 'Ugyp2XGmE9vhmIwL7uB4AaABAg', 'snippet': {'videoId': 'XRYjrJJZAME', 'textDisplay': 'Este desgoverno sempre foi baderneiro e continua ,só vai parar quando for preso.', 'textOriginal': 'Este desgoverno sempre foi baderneiro e continua ,só vai parar quando for preso.', 'authorDisplayName': 'Maria Brandão', 'authorProfileImageUrl': 'https://yt3.ggpht.com/ytc/AGIKgqNsRycjQJuI-AlzuZ_7XfXeCi_4dcM-3W1GdYMkE-LqoC2U27ho0zZZ-7hrir56=s48-c-k-c0x00ffffff-no-rj', 'authorChannelUrl': 'http://www.youtube.com/channel/UCX2hdGXPz186fLEoG2d2BaQ', 'authorChannelId': {'value': 'UCX2hdGXPz186fLEoG2d2BaQ'}, 'canRate': True, 'viewerRating': 'none', 'likeCount': 62, 'publishedAt': '2022-10-31T23:48:23Z', 'updatedAt': '2022-10-31T23:48:23Z'}}, 'canReply': True, 'totalReplyCount': 1, 'isPublic': True}","{'comments': [{'kind': 'youtube#comment', 'etag': 'vFf4dv4NkhwKT7cWvt5cWXkxf4I', 'id': 'Ugyp2XGmE9vhmIwL7uB4AaABAg.9hrvO5HKtVq9hs08CyQ9Bp', 'snippet': {'videoId': 'XRYjrJJZAME', 'textDisplay': 'Maria Brandão, foi um de centenas de motivos que o fez perdedor, óbvio, para o bem do povo brasileiro.', 'textOriginal': 'Maria Brandão, foi um de centenas de motivos que o fez perdedor, óbvio, para o bem do povo brasileiro.', 'parentId': 'Ugyp2XGmE9vhmIwL7uB4AaABAg', 'authorDisplayName': 'Alba Nisia', 'authorProfileImageUrl': 'https://yt3.ggpht.com/ytc/AGIKgqNGxLQvvItxHbX3u4Lpa6MfDUW5lUcAf_1lvQ=s48-c-k-c0x00ffffff-no-rj', 'authorChannelUrl': 'http://www.youtube.com/channel/UCj50yw815nDZ8M4ZFnfLd2w', 'authorChannelId': {'value': 'UCj50yw815nDZ8M4ZFnfLd2w'}, 'canRate': True, 'viewerRating': 'none', 'likeCount': 9, 'publishedAt': '2022-11-01T00:38:38Z', 'updatedAt': '2022-11-01T00:38:38Z'}}]}",UCX2hdGXPz186fLEoG2d2BaQ,2022-10-31T23:48:23Z,"Este desgoverno sempre foi baderneiro e continua ,só vai parar quando for preso.",,2023-06-07 12:46:29.357383
youtube#commentThread,5c7m6dQ0XzAJwsnI6Ygq5zDtdC0,UgwRFXcSp1maTlYeEMZ4AaABAg,"{'videoId': 'XRYjrJJZAME', 'topLevelComment': {'kind': 'youtube#comment', 'etag': 'Gh85XSyne6m35CQ-uLlD4S_8ors', 'id': 'UgwRFXcSp1maTlYeEMZ4AaABAg', 'snippet': {'videoId': 'XRYjrJJZAME', 'textDisplay': 'Bolsonaro está pensando como vai fugir do país', 'textOriginal': 'Bolsonaro está pensando como vai fugir do país', 'authorDisplayName': 'Luiz Cláudio Ferreira Moraes', 'authorProfileImageUrl': 'https://yt3.ggpht.com/hPwc0WaWFPzujycedPiuHOth4F0eyF4BOxXxmTxCLYDK1AnhDaa2buKy1I9O6HiyyDsjTRfO=s48-c-k-c0x00ffffff-no-rj', 'authorChannelUrl': 'http://www.youtube.com/channel/UCRnAzsiQA_xmWoc7LSke2xg', 'authorChannelId': {'value': 'UCRnAzsiQA_xmWoc7LSke2xg'}, 'canRate': True, 'viewerRating': 'none', 'likeCount': 45, 'publishedAt': '2022-10-31T23:48:17Z', 'updatedAt': '2022-10-31T23:48:17Z'}}, 'canReply': True, 'totalReplyCount': 0, 'isPublic': True}",,UCRnAzsiQA_xmWoc7LSke2xg,2022-10-31T23:48:17Z,Bolsonaro está pensando como vai fugir do país,,2023-06-07 12:46:29.357383
youtube#commentThread,lK6U6Pj8A2qEz2alBjVJKFLK6Co,UgxQLvimWoQ9-bWCT_14AaABAg,"{'videoId': 'XRYjrJJZAME', 'topLevelComment': {'kind': 'youtube#comment', 'etag': 'i0hiPHnZP_U6r0wdlqikFi_vD0w', 'id': 'UgxQLvimWoQ9-bWCT_14AaABAg', 'snippet': {'videoId': 'XRYjrJJZAME', 'textDisplay': 'É só o que ele sabe fazer ele e a turma dele por isso que eles perderam E vão continuar perdendo muito mais se depender do Nordeste eles não volta nunca mais', 'textOriginal': 'É só o que ele sabe fazer ele e a turma dele por isso que eles perderam E vão continuar perdendo muito mais se depender do Nordeste eles não volta nunca mais', 'authorDisplayName': 'França Alves', 'authorProfileImageUrl': 'https://yt3.ggpht.com/h-gIUozI4Fe0o9D4St4zevr5o7-tS-eKKbr1Zg8fPaBonBOUPtaiaMEBfimNknXvxkP-VB-vYw=s48-c-k-c0x00ffffff-no-rj', 'authorChannelUrl': 'http://www.youtube.com/channel/UCfNlaV_XRxKNnzw1eI2t_Xg', 'authorChannelId': {'value': 'UCfNlaV_XRxKNnzw1eI2t_Xg'}, 'canRate': True, 'viewerRating': 'none', 'likeCount': 60, 'publishedAt': '2022-10-31T23:48:09Z', 'updatedAt': '2022-10-31T23:48:09Z'}}, 'canReply': True, 'totalReplyCount': 1, 'isPublic': True}","{'comments': [{'kind': 'youtube#comment', 'etag': 'DwpAIcamxpfvXBNt-O7l7Zgz9I0', 'id': 'UgxQLvimWoQ9-bWCT_14AaABAg.9hrvMKvMGl59hs1-l4sy8v', 'snippet': {'videoId': 'XRYjrJJZAME', 'textDisplay': 'Isso mesmo França, a maioria do povo brasileiro decidiu pelo melhor para o nosso Brasil.', 'textOriginal': 'Isso mesmo França, a maioria do povo brasileiro decidiu pelo melhor para o nosso Brasil.', 'parentId': 'UgxQLvimWoQ9-bWCT_14AaABAg', 'authorDisplayName': 'Alba Nisia', 'authorProfileImageUrl': 'https://yt3.ggpht.com/ytc/AGIKgqNGxLQvvItxHbX3u4Lpa6MfDUW5lUcAf_1lvQ=s48-c-k-c0x00ffffff-no-rj', 'authorChannelUrl': 'http://www.youtube.com/channel/UCj50yw815nDZ8M4ZFnfLd2w', 'authorChannelId': {'value': 'UCj50yw815nDZ8M4ZFnfLd2w'}, 'canRate': True, 'viewerRating': 'none', 'likeCount': 6, 'publishedAt': '2022-11-01T00:46:14Z', 'updatedAt': '2022-11-01T00:46:14Z'}}]}",UCfNlaV_XRxKNnzw1eI2t_Xg,2022-10-31T23:48:09Z,É só o que ele sabe fazer ele e a turma dele por isso que eles perderam E vão continuar perdendo muito mais se depender do Nordeste eles não volta nunca mais,,2023-06-07 12:46:29.357383
youtube#commentThread,uayB920pBYnvhbCG0J-i8KA9ol0,Ugw7B7AhtgNw27YpA9F4AaABAg,"{'videoId': 'XRYjrJJZAME', 'topLevelComment': {'kind': 'youtube#comment', 'etag': 'iQydlpUywDlZ-AJX-mKMzNpnz2g', 'id': 'Ugw7B7AhtgNw27YpA9F4AaABAg', 'snippet': {'videoId': 'XRYjrJJZAME', 'textDisplay': 'Boa noite Parabéns..', 'textOriginal': 'Boa noite Parabéns..', 'authorDisplayName': 'Marco Perez silva', 'authorProfileImageUrl': 'https://yt3.ggpht.com/ytc/AGIKgqPbheqiYTjJK82HMQMR_6j8q6ESfJP4154JS2hllkYbvpezkGAT6DkkOSP5LsFE=s48-c-k-c0x00ffffff-no-rj', 'authorChannelUrl': 'http://www.youtube.com/channel/UCZJk3hWcTrCPBjAwpMWYVdQ', 'authorChannelId': {'value': 'UCZJk3hWcTrCPBjAwpMWYVdQ'}, 'canRate': True, 'viewerRating': 'none', 'likeCount': 13, 'publishedAt': '2022-10-31T23:47:59Z', 'updatedAt': '2022-10-31T23:47:59Z'}}, 'canReply': True, 'totalReplyCount': 0, 'isPublic': True}",,UCZJk3hWcTrCPBjAwpMWYVdQ,2022-10-31T23:47:59Z,Boa noite Parabéns..,,2023-06-07 12:46:29.357383
youtube#commentThread,_--A74CNwbH0XGtSyQmJ4g66iwg,UgyHVG_9cVRGPp4mtWt4AaABAg,"{'videoId': 'XRYjrJJZAME', 'topLevelComment': {'kind': 'youtube#comment', 'etag': 'FapgQOXsszzChxKKQxQ1DCkrEF8', 'id': 'UgyHVG_9cVRGPp4mtWt4AaABAg', 'snippet': {'videoId': 'XRYjrJJZAME', 'textDisplay': 'Parem de ser irresponsáveis, parem de jogar uns contra os outros, vocês já chamaram metade do país de fascistas, agora está se dividindo entre sul e sudeste, contra nordeste parem de ser irresponsáveis.', 'textOriginal': 'Parem de ser irresponsáveis, parem de jogar uns contra os outros, vocês já chamaram metade do país de fascistas, agora está se dividindo entre sul e sudeste, contra nordeste parem de ser irresponsáveis.', 'authorDisplayName': 'claudio ferro de oliveira', 'authorProfileImageUrl': 'https://yt3.ggpht.com/ytc/AGIKgqPhttVO1aKDfytKGRA2MX3MQw7NkUwBpKsfpbpixw=s48-c-k-c0x00ffffff-no-rj', 'authorChannelUrl': 'http://www.youtube.com/channel/UCUBJ0WuXtiMhEy2RZGI3QKQ', 'authorChannelId': {'value': 'UCUBJ0WuXtiMhEy2RZGI3QKQ'}, 'canRate': True, 'viewerRating': 'none', 'likeCount': 0, 'publishedAt': '2022-10-31T23:47:51Z', 'updatedAt': '2022-10-31T23:47:51Z'}}, 'canReply': True, 'totalReplyCount': 0, 'isPublic': True}",,UCUBJ0WuXtiMhEy2RZGI3QKQ,2022-10-31T23:47:51Z,"Parem de ser irresponsáveis, parem de jogar uns contra os outros, vocês já chamaram metade do país de fascistas, agora está se dividindo entre sul e sudeste, contra nordeste parem de ser irresponsáveis.",,2023-06-07 12:46:29.357383
youtube#commentThread,eP6-8IoNtE8z9w9AoKUhYtnZE24,Ugxj2fGuFQoHG-PyDbN4AaABAg,"{'videoId': 'XRYjrJJZAME', 'topLevelComment': {'kind': 'youtube#comment', 'etag': 'HKNC4_Y1UlwOTmwcWVeYkYzNV5g', 'id': 'Ugxj2fGuFQoHG-PyDbN4AaABAg', 'snippet': {'videoId': 'XRYjrJJZAME', 'textDisplay': 'Boa Noite 🌙', 'textOriginal': 'Boa Noite 🌙', 'authorDisplayName': 'Aida Caldas', 'authorProfileImageUrl': 'https://yt3.ggpht.com/ytc/AGIKgqPEclljAmszFs74zlZ_u6izByGzu-87DZ3P2DT856oKmSZzCq5mN3uTdjPcyvYi=s48-c-k-c0x00ffffff-no-rj', 'authorChannelUrl': 'http://www.youtube.com/channel/UCtwKJ_ZBbl4WrB5PL9Qw2tA', 'authorChannelId': {'value': 'UCtwKJ_ZBbl4WrB5PL9Qw2tA'}, 'canRate': True, 'viewerRating': 'none', 'likeCount': 2, 'publishedAt': '2022-10-31T23:47:51Z', 'updatedAt': '2022-10-31T23:47:51Z'}}, 'canReply': True, 'totalReplyCount': 0, 'isPublic': True}",,UCtwKJ_ZBbl4WrB5PL9Qw2tA,2022-10-31T23:47:51Z,Boa Noite 🌙,,2023-06-07 12:46:29.357383
youtube#commentThread,k_mLpWRW9xKazMwW4yiGJ65MLR8,UgxUZmO_H4DC1CSNu_R4AaABAg,"{'videoId': 'XRYjrJJZAME', 'topLevelComment': {'kind': 'youtube#comment', 'etag': 'v1MidpTzxA6YpPHneYPuI8hJVIA', 'id': 'UgxUZmO_H4DC1CSNu_R4AaABAg', 'snippet': {'videoId': 'XRYjrJJZAME', 'textDisplay': 'Esse bosta do bolsonaro tem um espírito de brigas, de contendas, ele ser de alma vazia não tem deus no coração.  Resumindo ele tem que ser preso . Sou nordestina com orgulho .', 'textOriginal': 'Esse bosta do bolsonaro tem um espírito de brigas, de contendas, ele ser de alma vazia não tem deus no coração.  Resumindo ele tem que ser preso . Sou nordestina com orgulho .', 'authorDisplayName': 'Jussara Jerônima', 'authorProfileImageUrl': 'https://yt3.ggpht.com/ytc/AGIKgqO3u2Zpv1QBccgEc55T5IiXPu6_MmYKHADxoAOAsJ0XN4IEpeUc3TOQxWRVvNth=s48-c-k-c0x00ffffff-no-rj', 'authorChannelUrl': 'http://www.youtube.com/channel/UCC8YTxGuFldH9K2Ep_spkfw', 'authorChannelId': {'value': 'UCC8YTxGuFldH9K2Ep_spkfw'}, 'canRate': True, 'viewerRating': 'none', 'likeCount': 0, 'publishedAt': '2022-10-31T23:47:45Z', 'updatedAt': '2022-10-31T23:47:45Z'}}, 'canReply': True, 'totalReplyCount': 0, 'isPublic': True}",,UCC8YTxGuFldH9K2Ep_spkfw,2022-10-31T23:47:45Z,"Esse bosta do bolsonaro tem um espírito de brigas, de contendas, ele ser de alma vazia não tem deus no coração.  Resumindo ele tem que ser preso . Sou nordestina com orgulho .",,2023-06-07 12:46:29.357383
youtube#commentThread,KcUYC2VDY8UwhB90UMA1kjSZXzA,UgyaCJXG3rqM3qux7Ih4AaABAg,"{'videoId': 'XRYjrJJZAME', 'topLevelComment': {'kind': 'youtube#comment', 'etag': 'Hk90YFj3LSMAwwYBj6JA5j9KC7w', 'id': 'UgyaCJXG3rqM3qux7Ih4AaABAg', 'snippet': {'videoId': 'XRYjrJJZAME', 'textDisplay': 'Ele demorou para reconhecer a vitória do Biden.... Ele é ruim!!!! Perverso!!!!', 'textOriginal': 'Ele demorou para reconhecer a vitória do Biden.... Ele é ruim!!!! Perverso!!!!', 'authorDisplayName': 'Lory Alves', 'authorProfileImageUrl': 'https://yt3.ggpht.com/kgM0lJLzJdqUHxyKbR9kjZJ8ghykYvNllOazZHsqWU36HeN2xJyfO_tGF1Ns2GnQ05mV793Klw=s48-c-k-c0x00ffffff-no-rj', 'authorChannelUrl': 'http://www.youtube.com/channel/UCtjOaDlgt0wDwJZfWfbYqtA', 'authorChannelId': {'value': 'UCtjOaDlgt0wDwJZfWfbYqtA'}, 'canRate': True, 'viewerRating': 'none', 'likeCount': 0, 'publishedAt': '2022-10-31T23:47:44Z', 'updatedAt': '2022-10-31T23:47:44Z'}}, 'canReply': True, 'totalReplyCount': 0, 'isPublic': True}",,UCtjOaDlgt0wDwJZfWfbYqtA,2022-10-31T23:47:44Z,Ele demorou para reconhecer a vitória do Biden.... Ele é ruim!!!! Perverso!!!!,,2023-06-07 12:46:29.357383
youtube#commentThread,RKkJyive4wwFWy9xbith2SJMeIc,UgzWQZsVrbbEHNEmGAF4AaABAg,"{'videoId': 'XRYjrJJZAME', 'topLevelComment': {'kind': 'youtube#comment', 'etag': 'FxrDJ_4hnQTZsW6mjZ_a8KdFGEg', 'id': 'UgzWQZsVrbbEHNEmGAF4AaABAg', 'snippet': {'videoId': 'XRYjrJJZAME', 'textDisplay': 'Todos nós sabemos que Bolsonaro está por trás desses atos', 'textOriginal': 'Todos nós sabemos que Bolsonaro está por trás desses atos', 'authorDisplayName': 'Ana Amélia Ferraz', 'authorProfileImageUrl': 'https://yt3.ggpht.com/Q7uqYF5sWZGrZdHQBUxcw4xoYZm8svP6lwZj4j0_ZA9Q0bMtjGf1rrnJMwZYKnNMseZcZWfXGQ=s48-c-k-c0x00ffffff-no-rj', 'authorChannelUrl': 'http://www.youtube.com/channel/UCXVFwPih4sMU2Koq9Xupz8A', 'authorChannelId': {'value': 'UCXVFwPih4sMU2Koq9Xupz8A'}, 'canRate': True, 'viewerRating': 'none', 'likeCount': 16, 'publishedAt': '2022-10-31T23:47:34Z', 'updatedAt': '2022-10-31T23:47:34Z'}}, 'canReply': True, 'totalReplyCount': 0, 'isPublic': True}",,UCXVFwPih4sMU2Koq9Xupz8A,2022-10-31T23:47:34Z,Todos nós sabemos que Bolsonaro está por trás desses atos,,2023-06-07 12:46:29.357383
youtube#commentThread,bFsA4tzAIlWjSbiz20SK9cgb_4s,UgwSq3xEHQk-MvfoXS54AaABAg,"{'videoId': 'XRYjrJJZAME', 'topLevelComment': {'kind': 'youtube#comment', 'etag': 'rLP7zKL-tRB_TO75R0xplo8Y5YM', 'id': 'UgwSq3xEHQk-MvfoXS54AaABAg', 'snippet': {'videoId': 'XRYjrJJZAME', 'textDisplay': 'Temos que ignorar, já sofremos tantos. Temos que fortalecer nosso presidente Lula.', 'textOriginal': 'Temos que ignorar, já sofremos tantos. Temos que fortalecer nosso presidente Lula.', 'authorDisplayName': 'MAURÍLIA JOPHILIS DA SILVA', 'authorProfileImageUrl': 'https://yt3.ggpht.com/ytc/AGIKgqOg-hQ5SvoJaur7ftPQwhCcNficiFECKKLxuQ=s48-c-k-c0x00ffffff-no-rj', 'authorChannelUrl': 'http://www.youtube.com/channel/UC-TJgVaUZ-wyUxN5gPsrNng', 'authorChannelId': {'value': 'UC-TJgVaUZ-wyUxN5gPsrNng'}, 'canRate': True, 'viewerRating': 'none', 'likeCount': 61, 'publishedAt': '2022-10-31T23:47:32Z', 'updatedAt': '2022-10-31T23:47:32Z'}}, 'canReply': True, 'totalReplyCount': 0, 'isPublic': True}",,UC-TJgVaUZ-wyUxN5gPsrNng,2022-10-31T23:47:32Z,"Temos que ignorar, já sofremos tantos. Temos que fortalecer nosso presidente Lula.",,2023-06-07 12:46:29.357383
youtube#commentThread,B1vV7NRytzJmzMQ6qYWzbRVWUhU,UgylLp3r4MRLlQy38A94AaABAg,"{'videoId': 'XRYjrJJZAME', 'topLevelComment': {'kind': 'youtube#comment', 'etag': 'GfK9Xeg4oAMFAcK1ockhODqOrCE', 'id': 'UgylLp3r4MRLlQy38A94AaABAg', 'snippet': {'videoId': 'XRYjrJJZAME', 'textDisplay': 'As desordem começa logo pelo o próprio mandatário isso não e camionheiro é sim pelo o agro', 'textOriginal': 'As desordem começa logo pelo o próprio mandatário isso não e camionheiro é sim pelo o agro', 'authorDisplayName': 'Amaro Rodrigues', 'authorProfileImageUrl': 'https://yt3.ggpht.com/ytc/AGIKgqMsxeCvb0CcByzh8dRaNY5-oGwHbtwx_10eiQ=s48-c-k-c0x00ffffff-no-rj', 'authorChannelUrl': 'http://www.youtube.com/channel/UCkYQJ609g8M4YuGfM3-g0wg', 'authorChannelId': {'value': 'UCkYQJ609g8M4YuGfM3-g0wg'}, 'canRate': True, 'viewerRating': 'none', 'likeCount': 31, 'publishedAt': '2022-10-31T23:47:24Z', 'updatedAt': '2022-10-31T23:47:24Z'}}, 'canReply': True, 'totalReplyCount': 1, 'isPublic': True}","{'comments': [{'kind': 'youtube#comment', 'etag': 'IghKDqDjxFS-Uh5L4FApMCJI7I0', 'id': 'UgylLp3r4MRLlQy38A94AaABAg.9hrvGpvs2ny9ht7467-t3J', 'snippet': {'videoId': 'XRYjrJJZAME', 'textDisplay': 'Verdade verdadeira', 'textOriginal': 'Verdade verdadeira', 'parentId': 'UgylLp3r4MRLlQy38A94AaABAg', 'authorDisplayName': 'Cleuza Oliveira Ulian', 'authorProfileImageUrl': 'https://yt3.ggpht.com/ytc/AGIKgqNLfyFFhU0xh0z5GuQbpqUiia5wu8DYcwTuBnwdoW2KL9mfPebyvpJR-1-HDc1V=s48-c-k-c0x00ffffff-no-rj', 'authorChannelUrl': 'http://www.youtube.com/channel/UCZ_FL_csuuu5yS1CYVEUiLA', 'authorChannelId': {'value': 'UCZ_FL_csuuu5yS1CYVEUiLA'}, 'canRate': True, 'viewerRating': 'none', 'likeCount': 0, 'publishedAt': '2022-11-01T10:58:29Z', 'updatedAt': '2022-11-01T10:58:29Z'}}]}",UCkYQJ609g8M4YuGfM3-g0wg,2022-10-31T23:47:24Z,As desordem começa logo pelo o próprio mandatário isso não e camionheiro é sim pelo o agro,,2023-06-07 12:46:29.357383
youtube#commentThread,NQW3PQarlHbDVeNM7pYXeJZLXN0,UgzUatLkQ4AzUcHuv714AaABAg,"{'videoId': 'XRYjrJJZAME', 'topLevelComment': {'kind': 'youtube#comment', 'etag': 'PGqNqTM5G1_3eRJZaretJHq5oeA', 'id': 'UgzUatLkQ4AzUcHuv714AaABAg', 'snippet': {'videoId': 'XRYjrJJZAME', 'textDisplay': 'Viva a Democracia!❤❤❤❤❤❤❤❤❤❤❤❤❤', 'textOriginal': 'Viva a Democracia!❤❤❤❤❤❤❤❤❤❤❤❤❤', 'authorDisplayName': 'Maria Santos', 'authorProfileImageUrl': 'https://yt3.ggpht.com/ytc/AGIKgqO4N1JosMhvoxiqkMe59bT2M9lwSmE_PejA0t3oUifN0-rFD6HU5shVE_Hvppyf=s48-c-k-c0x00ffffff-no-rj', 'authorChannelUrl': 'http://www.youtube.com/channel/UCGL39rWUSpD0Il5YCXXqzug', 'authorChannelId': {'value': 'UCGL39rWUSpD0Il5YCXXqzug'}, 'canRate': True, 'viewerRating': 'none', 'likeCount': 2, 'publishedAt': '2022-10-31T23:47:20Z', 'updatedAt': '2022-10-31T23:47:20Z'}}, 'canReply': True, 'totalReplyCount': 0, 'isPublic': True}",,UCGL39rWUSpD0Il5YCXXqzug,2022-10-31T23:47:20Z,Viva a Democracia!❤❤❤❤❤❤❤❤❤❤❤❤❤,,2023-06-07 12:46:29.357383
youtube#commentThread,c4wy-11F_JIAmi3sv9s3HBNg69E,UgxZ9qXVGpV8oA-eKMR4AaABAg,"{'videoId': 'XRYjrJJZAME', 'topLevelComment': {'kind': 'youtube#comment', 'etag': '2E6Oc6vHpJZ4Xrzgq2VIpym5iPE', 'id': 'UgxZ9qXVGpV8oA-eKMR4AaABAg', 'snippet': {'videoId': 'XRYjrJJZAME', 'textDisplay': 'Bolsonaro sempre foi bandido!', 'textOriginal': 'Bolsonaro sempre foi bandido!', 'authorDisplayName': 'Vera Cristina do Carmo', 'authorProfileImageUrl': 'https://yt3.ggpht.com/ytc/AGIKgqObtXJCe6fu6zHFEeiHxBj-O0iXLuzYqYDJjA=s48-c-k-c0x00ffffff-no-rj', 'authorChannelUrl': 'http://www.youtube.com/channel/UCMJ2PQ7enKwdyZriz_TCeOw', 'authorChannelId': {'value': 'UCMJ2PQ7enKwdyZriz_TCeOw'}, 'canRate': True, 'viewerRating': 'none', 'likeCount': 0, 'publishedAt': '2022-10-31T23:47:17Z', 'updatedAt': '2022-10-31T23:47:17Z'}}, 'canReply': True, 'totalReplyCount': 0, 'isPublic': True}",,UCMJ2PQ7enKwdyZriz_TCeOw,2022-10-31T23:47:17Z,Bolsonaro sempre foi bandido!,,2023-06-07 12:46:29.357383
youtube#commentThread,Rez2uDhoOcvJu2cjECXKyHMbU10,UgwNzfFgitKVSL-NNdh4AaABAg,"{'videoId': 'XRYjrJJZAME', 'topLevelComment': {'kind': 'youtube#comment', 'etag': 'ay6Yn6hdY6lQMhgYLB3n6LaLIIw', 'id': 'UgwNzfFgitKVSL-NNdh4AaABAg', 'snippet': {'videoId': 'XRYjrJJZAME', 'textDisplay': 'O DESORDEIRO ESTIMULANDO A DESORDEM... PERDEU BOZO...VAZA!', 'textOriginal': 'O DESORDEIRO ESTIMULANDO A DESORDEM... PERDEU BOZO...VAZA!', 'authorDisplayName': 'Macelo Josecosta', 'authorProfileImageUrl': 'https://yt3.ggpht.com/ytc/AGIKgqOM5EhlgxbAfmcbn5XyQW3WjJH2woDPatx-ZA=s48-c-k-c0x00ffffff-no-rj', 'authorChannelUrl': 'http://www.youtube.com/channel/UCqZ7G1uxmBD6InYwFtTPd7Q', 'authorChannelId': {'value': 'UCqZ7G1uxmBD6InYwFtTPd7Q'}, 'canRate': True, 'viewerRating': 'none', 'likeCount': 11, 'publishedAt': '2022-10-31T23:46:41Z', 'updatedAt': '2022-10-31T23:46:41Z'}}, 'canReply': True, 'totalReplyCount': 0, 'isPublic': True}",,UCqZ7G1uxmBD6InYwFtTPd7Q,2022-10-31T23:46:41Z,O DESORDEIRO ESTIMULANDO A DESORDEM... PERDEU BOZO...VAZA!,,2023-06-07 12:46:29.357383
youtube#commentThread,s_6gPGmrWA9kEcDftXsNJbmolBc,Ugz-jq_h0ZPchdHIHpV4AaABAg,"{'videoId': 'XRYjrJJZAME', 'topLevelComment': {'kind': 'youtube#comment', 'etag': 'wua-EUWonZZpfcxQXBaGeDcoieg', 'id': 'Ugz-jq_h0ZPchdHIHpV4AaABAg', 'snippet': {'videoId': 'XRYjrJJZAME', 'textDisplay': 'Eles querem o caos pra ter o pretexto de acionar as forças armadas<br>Vamos ficar atentos!<br>Xandão tem que entrar em cena logo', 'textOriginal': 'Eles querem o caos pra ter o pretexto de acionar as forças armadas\nVamos ficar atentos!\nXandão tem que entrar em cena logo', 'authorDisplayName': 'Gloria Santos', 'authorProfileImageUrl': 'https://yt3.ggpht.com/ytc/AGIKgqN3_keQD5jjIZh9lai_0v-gyRJGDsOCmJ32ntn4Afk=s48-c-k-c0x00ffffff-no-rj', 'authorChannelUrl': 'http://www.youtube.com/channel/UCDqjfE5hoiB9wKakin5xjbA', 'authorChannelId': {'value': 'UCDqjfE5hoiB9wKakin5xjbA'}, 'canRate': True, 'viewerRating': 'none', 'likeCount': 0, 'publishedAt': '2022-10-31T23:46:28Z', 'updatedAt': '2022-10-31T23:46:28Z'}}, 'canReply': True, 'totalReplyCount': 0, 'isPublic': True}",,UCDqjfE5hoiB9wKakin5xjbA,2022-10-31T23:46:28Z,"Eles querem o caos pra ter o pretexto de acionar as forças armadas
Vamos ficar atentos!
Xandão tem que entrar em cena logo",,2023-06-07 12:46:29.357383
youtube#commentThread,E6Ar6xf9RfgEmfEy-Tx4Yt1ObDA,Ugzj19gA1idKL0ieQNJ4AaABAg,"{'videoId': 'XRYjrJJZAME', 'topLevelComment': {'kind': 'youtube#comment', 'etag': 'XnqdZgzA32ntzQexzL0w0WrwkkY', 'id': 'Ugzj19gA1idKL0ieQNJ4AaABAg', 'snippet': {'videoId': 'XRYjrJJZAME', 'textDisplay': 'O presidente Lula salvou a nosso democracia correndo estava correndo risco de morte...', 'textOriginal': 'O presidente Lula salvou a nosso democracia correndo estava correndo risco de morte...', 'authorDisplayName': 'Airton Musicando', 'authorProfileImageUrl': 'https://yt3.ggpht.com/XuczeBYVvKdulalxJO9o5x885f5Exi0sUIYVe781bSeGrZkSyTdZTdQTUO45qr40GBHIldZeXw=s48-c-k-c0x00ffffff-no-rj', 'authorChannelUrl': 'http://www.youtube.com/channel/UCDHYRbPFqsysC5s4FY4r34Q', 'authorChannelId': {'value': 'UCDHYRbPFqsysC5s4FY4r34Q'}, 'canRate': True, 'viewerRating': 'none', 'likeCount': 73, 'publishedAt': '2022-10-31T23:46:17Z', 'updatedAt': '2022-10-31T23:48:21Z'}}, 'canReply': True, 'totalReplyCount': 1, 'isPublic': True}","{'comments': [{'kind': 'youtube#comment', 'etag': '8uQ-9QEoiJSwRgI9P3oxqTC9Qo0', 'id': 'Ugzj19gA1idKL0ieQNJ4AaABAg.9hrv8gTzmlv9hs1LXNsttB', 'snippet': {'videoId': 'XRYjrJJZAME', 'textDisplay': 'Não existe democracia  na direita', 'textOriginal': 'Não existe democracia  na direita', 'parentId': 'Ugzj19gA1idKL0ieQNJ4AaABAg', 'authorDisplayName': 'Mirtes Muller', 'authorProfileImageUrl': 'https://yt3.ggpht.com/ytc/AGIKgqPntKUglHrRkKMf1sra5SsSRtkgtV6K0AGRLg=s48-c-k-c0x00ffffff-no-rj', 'authorChannelUrl': 'http://www.youtube.com/channel/UCRSD2HeU4rIov2y1thJIhsw', 'authorChannelId': {'value': 'UCRSD2HeU4rIov2y1thJIhsw'}, 'canRate': True, 'viewerRating': 'none', 'likeCount': 0, 'publishedAt': '2022-11-01T00:49:12Z', 'updatedAt': '2022-11-01T00:49:12Z'}}]}",UCDHYRbPFqsysC5s4FY4r34Q,2022-10-31T23:46:17Z,O presidente Lula salvou a nosso democracia correndo estava correndo risco de morte...,,2023-06-07 12:46:29.357383
youtube#commentThread,4yzAkeDvQd0K5F08Tkp99dquwp8,UgzNIKFkrEaEY2dV8Bd4AaABAg,"{'videoId': 'XRYjrJJZAME', 'topLevelComment': {'kind': 'youtube#comment', 'etag': 'g_kQ2PYJsxpqSoXj_qD5r3Ek66I', 'id': 'UgzNIKFkrEaEY2dV8Bd4AaABAg', 'snippet': {'videoId': 'XRYjrJJZAME', 'textDisplay': 'Só lamento ....não  sei se escolhemos mesmo ou foi escolhido pelo ativismo judicial....será  que continuará  o mesmo tratamento agora com esse PRESIDENTE  QUE JÁ  DESTRUIU uma vez nosso país....', 'textOriginal': 'Só lamento ....não  sei se escolhemos mesmo ou foi escolhido pelo ativismo judicial....será  que continuará  o mesmo tratamento agora com esse PRESIDENTE  QUE JÁ  DESTRUIU uma vez nosso país....', 'authorDisplayName': 'Deane Hoffmeister', 'authorProfileImageUrl': 'https://yt3.ggpht.com/ytc/AGIKgqOHLhrGCe0XJZeRdyuluDq_l7t1uJ5th6FeldMo5FA=s48-c-k-c0x00ffffff-no-rj', 'authorChannelUrl': 'http://www.youtube.com/channel/UC4xPnF6EtRJzgnY38ul3CPg', 'authorChannelId': {'value': 'UC4xPnF6EtRJzgnY38ul3CPg'}, 'canRate': True, 'viewerRating': 'none', 'likeCount': 3, 'publishedAt': '2022-10-31T23:45:49Z', 'updatedAt': '2022-10-31T23:45:49Z'}}, 'canReply': True, 'totalReplyCount': 0, 'isPublic': True}",,UC4xPnF6EtRJzgnY38ul3CPg,2022-10-31T23:45:49Z,Só lamento ....não  sei se escolhemos mesmo ou foi escolhido pelo ativismo judicial....será  que continuará  o mesmo tratamento agora com esse PRESIDENTE  QUE JÁ  DESTRUIU uma vez nosso país....,,2023-06-07 12:46:29.357383
youtube#commentThread,jDnm_uP7xRgf3LBQzfxBV6j2hoM,UgwTHhE49BTWnjQZ0pR4AaABAg,"{'videoId': 'XRYjrJJZAME', 'topLevelComment': {'kind': 'youtube#comment', 'etag': '1y6JWWfK-iA7TVBckrb-FaRRluA', 'id': 'UgwTHhE49BTWnjQZ0pR4AaABAg', 'snippet': {'videoId': 'XRYjrJJZAME', 'textDisplay': 'MAMADEIRA DE PIROKA PARA OS NAZISTAS E FASCISTAS!!!', 'textOriginal': 'MAMADEIRA DE PIROKA PARA OS NAZISTAS E FASCISTAS!!!', 'authorDisplayName': 'marcos M', 'authorProfileImageUrl': 'https://yt3.ggpht.com/XXjXtEmFcSa8iktPBtwQV5K4oyfgnvdFOhCgXrydI1eCm3R6Tn0wYicGedTz6fpgRYWxOHgYLgk=s48-c-k-c0x00ffffff-no-rj', 'authorChannelUrl': 'http://www.youtube.com/channel/UCr1P0eVt9caNlzRe5GJJcwA', 'authorChannelId': {'value': 'UCr1P0eVt9caNlzRe5GJJcwA'}, 'canRate': True, 'viewerRating': 'none', 'likeCount': 0, 'publishedAt': '2022-10-31T23:45:47Z', 'updatedAt': '2022-10-31T23:45:47Z'}}, 'canReply': True, 'totalReplyCount': 0, 'isPublic': True}",,UCr1P0eVt9caNlzRe5GJJcwA,2022-10-31T23:45:47Z,MAMADEIRA DE PIROKA PARA OS NAZISTAS E FASCISTAS!!!,,2023-06-07 12:46:29.357383
youtube#commentThread,8v75qDkbyytZdMDmKLekgqucL-M,Ugw9yKsLwJeC5GFGa4t4AaABAg,"{'videoId': 'XRYjrJJZAME', 'topLevelComment': {'kind': 'youtube#comment', 'etag': 'TzBZpQUg8MUgG1453kPjNNOCqSg', 'id': 'Ugw9yKsLwJeC5GFGa4t4AaABAg', 'snippet': {'videoId': 'XRYjrJJZAME', 'textDisplay': 'Bolsonaro é o melhor presidente do Brasil', 'textOriginal': 'Bolsonaro é o melhor presidente do Brasil', 'authorDisplayName': 'Maria Emilia Luiz Guedes', 'authorProfileImageUrl': 'https://yt3.ggpht.com/ytc/AGIKgqPsjcXHMUqNHJGwVtJAudr4vne4JI2C8x_qExoY=s48-c-k-c0x00ffffff-no-rj', 'authorChannelUrl': 'http://www.youtube.com/channel/UC5l4XmjwK5YKpjPnloTLS2g', 'authorChannelId': {'value': 'UC5l4XmjwK5YKpjPnloTLS2g'}, 'canRate': True, 'viewerRating': 'none', 'likeCount': 0, 'publishedAt': '2022-10-31T23:45:46Z', 'updatedAt': '2022-10-31T23:45:46Z'}}, 'canReply': True, 'totalReplyCount': 7, 'isPublic': True}","{'comments': [{'kind': 'youtube#comment', 'etag': 'HOI-WyFCs6ez2umwM71qkePiwcc', 'id': 'Ugw9yKsLwJeC5GFGa4t4AaABAg.9hrv4ve5sd39hsBlAMnxbm', 'snippet': {'videoId': 'XRYjrJJZAME', 'textDisplay': 'Maria Emília,. Leva pra tua casa', 'textOriginal': 'Maria Emília,. Leva pra tua casa', 'parentId': 'Ugw9yKsLwJeC5GFGa4t4AaABAg', 'authorDisplayName': 'Dalva Mira', 'authorProfileImageUrl': 'https://yt3.ggpht.com/ytc/AGIKgqPYFAMuu3wuXWfooFzlPXv3NRgeoPeikSNy9B00E_qP8zLNKAMuxNDAIUxNYzJ0=s48-c-k-c0x00ffffff-no-rj', 'authorChannelUrl': 'http://www.youtube.com/channel/UCDgbEK_qQAj2S_nqDd_p9zQ', 'authorChannelId': {'value': 'UCDgbEK_qQAj2S_nqDd_p9zQ'}, 'canRate': True, 'viewerRating': 'none', 'likeCount': 1, 'publishedAt': '2022-11-01T02:20:13Z', 'updatedAt': '2022-11-01T02:23:30Z'}}, {'kind': 'youtube#comment', 'etag': 'ETkpoFZliwL-lCWeITlLdNwo46c', 'id': 'Ugw9yKsLwJeC5GFGa4t4AaABAg.9hrv4ve5sd39hsA3mCYyd4', 'snippet': {'videoId': 'XRYjrJJZAME', 'textDisplay': 'Tem gente que é cega', 'textOriginal': 'Tem gente que é cega', 'parentId': 'Ugw9yKsLwJeC5GFGa4t4AaABAg', 'authorDisplayName': 'Dalva Mira', 'authorProfileImageUrl': 'https://yt3.ggpht.com/ytc/AGIKgqPYFAMuu3wuXWfooFzlPXv3NRgeoPeikSNy9B00E_qP8zLNKAMuxNDAIUxNYzJ0=s48-c-k-c0x00ffffff-no-rj', 'authorChannelUrl': 'http://www.youtube.com/channel/UCDgbEK_qQAj2S_nqDd_p9zQ', 'authorChannelId': {'value': 'UCDgbEK_qQAj2S_nqDd_p9zQ'}, 'canRate': True, 'viewerRating': 'none', 'likeCount': 1, 'publishedAt': '2022-11-01T02:05:25Z', 'updatedAt': '2022-11-01T02:19:44Z'}}, {'kind': 'youtube#comment', 'etag': 'XRt6KSqDDELCVSipkfNKBUC9m1s', 'id': 'Ugw9yKsLwJeC5GFGa4t4AaABAg.9hrv4ve5sd39hs8AleRHFN', 'snippet': {'videoId': 'XRYjrJJZAME', 'textDisplay': 'Pergunta para os familiares dos quase setecentos mil mortos por omissão, se eles tb acham...Nunca se viu tanto desemprego e o povo na miséria. Acorda, vc está em outro planeta!', 'textOriginal': 'Pergunta para os familiares dos quase setecentos mil mortos por omissão, se eles tb acham...Nunca se viu tanto desemprego e o povo na miséria. Acorda, vc está em outro planeta!', 'parentId': 'Ugw9yKsLwJeC5GFGa4t4AaABAg', 'authorDisplayName': 'Valdete ribeiro', 'authorProfileImageUrl': 'https://yt3.ggpht.com/ytc/AGIKgqNTP8ueNumocSs8d06ZoaV6RZ9QDunbBeS3ow=s48-c-k-c0x00ffffff-no-rj', 'authorChannelUrl': 'http://www.youtube.com/channel/UCuMnnXWTVK54L-AjNJvZCwA', 'authorChannelId': {'value': 'UCuMnnXWTVK54L-AjNJvZCwA'}, 'canRate': True, 'viewerRating': 'none', 'likeCount': 1, 'publishedAt': '2022-11-01T01:48:54Z', 'updatedAt': '2022-11-01T01:48:54Z'}}, {'kind': 'youtube#comment', 'etag': 'R8HtHb3jOheM2mUGA9x17IU5of8', 'id': 'Ugw9yKsLwJeC5GFGa4t4AaABAg.9hrv4ve5sd39hrzM4nHh_W', 'snippet': {'videoId': 'XRYjrJJZAME', 'textDisplay': '@levy de oliveira santos santos Concordo plenamente com vc!! <br>A minha mensagem acima foi pra aquela que acha que o CBozo é presidente do Brasil.<br>Tamo Junto Companheiro!!!', 'textOriginal': '@levy de oliveira santos santos Concordo plenamente com vc!! \nA minha mensagem acima foi pra aquela que acha que o CBozo é presidente do Brasil.\nTamo Junto Companheiro!!!', 'parentId': 'Ugw9yKsLwJeC5GFGa4t4AaABAg', 'authorDisplayName': 'Anastácia Maria', 'authorProfileImageUrl': 'https://yt3.ggpht.com/ytc/AGIKgqN5cbMG-cAi4HfjUvh8bPMgvxXowqrO-VIbzg=s48-c-k-c0x00ffffff-no-rj', 'authorChannelUrl': 'http://www.youtube.com/channel/UCEmSiXHc1Vymd7qHsoTONGA', 'authorChannelId': {'value': 'UCEmSiXHc1Vymd7qHsoTONGA'}, 'canRate': True, 'viewerRating': 'none', 'likeCount': 1, 'publishedAt': '2022-11-01T00:23:04Z', 'updatedAt': '2022-11-01T00:23:04Z'}}, {'kind': 'youtube#comment', 'etag': 'xIiXvdcccwz7u2E42q5FIYFCDPU', 'id': 'Ugw9yKsLwJeC5GFGa4t4AaABAg.9hrv4ve5sd39hrxCIyWEbU', 'snippet': {'videoId': 'XRYjrJJZAME', 'textDisplay': '@Anastácia Maria tem que ter dó  do Roberto Jefferson  e Carla zambelli  aprendizes do  falso mito', 'textOriginal': '@Anastácia Maria tem que ter dó  do Roberto Jefferson  e Carla zambelli  aprendizes do  falso mito', 'parentId': 'Ugw9yKsLwJeC5GFGa4t4AaABAg', 'authorDisplayName': 'levy de oliveira santos santos', 'authorProfileImageUrl': 'https://yt3.ggpht.com/ytc/AGIKgqPM5rWzB-zg3XmUpreC0CijaUSmYPUGnciTog=s48-c-k-c0x00ffffff-no-rj', 'authorChannelUrl': 'http://www.youtube.com/channel/UCAw1e953uFqJfd-2d5BTe_A', 'authorChannelId': {'value': 'UCAw1e953uFqJfd-2d5BTe_A'}, 'canRate': True, 'viewerRating': 'none', 'likeCount': 2, 'publishedAt': '2022-11-01T00:04:15Z', 'updatedAt': '2022-11-01T00:04:15Z'}}]}",UC5l4XmjwK5YKpjPnloTLS2g,2022-10-31T23:45:46Z,Bolsonaro é o melhor presidente do Brasil,,2023-06-07 12:46:29.357383
youtube#commentThread,fLBC4bxMwGHQtViz0VoM6dQTdlc,UgwhqUFlBYlxGkNlrQJ4AaABAg,"{'videoId': 'XRYjrJJZAME', 'topLevelComment': {'kind': 'youtube#comment', 'etag': '6-HI6WSp5wXQ3MXtDNqFO9Ix484', 'id': 'UgwhqUFlBYlxGkNlrQJ4AaABAg', 'snippet': {'videoId': 'XRYjrJJZAME', 'textDisplay': 'Ese homem veio pra acabar com nosa pas e o demonio e agora coloca os endemoniados pra fazer baterna nas estradas', 'textOriginal': 'Ese homem veio pra acabar com nosa pas e o demonio e agora coloca os endemoniados pra fazer baterna nas estradas', 'authorDisplayName': 'Luiz Costa', 'authorProfileImageUrl': 'https://yt3.ggpht.com/ytc/AGIKgqOhplu9XKsaxx7CuODijGaY-RLvZ-1yxMVcxZWg5eB27brAt4AbTVRB1hrpSyI5=s48-c-k-c0x00ffffff-no-rj', 'authorChannelUrl': 'http://www.youtube.com/channel/UCGu3x-FLUMpkIE9zhpO-5mA', 'authorChannelId': {'value': 'UCGu3x-FLUMpkIE9zhpO-5mA'}, 'canRate': True, 'viewerRating': 'none', 'likeCount': 33, 'publishedAt': '2022-10-31T23:45:42Z', 'updatedAt': '2022-10-31T23:45:42Z'}}, 'canReply': True, 'totalReplyCount': 1, 'isPublic': True}","{'comments': [{'kind': 'youtube#comment', 'etag': '6imWp6ej6KxbYO6qVIQu4RG13gI', 'id': 'UgwhqUFlBYlxGkNlrQJ4AaABAg.9hrv4QG_Mxv9ht-2PKfyh-', 'snippet': {'videoId': 'XRYjrJJZAME', 'textDisplay': 'Com certeza esse homem é um representante das trevas, é sua nisso causar mortes, brigas e caos social. Mas Deus não permitirá esse demônio a perturbar todo o país.', 'textOriginal': 'Com certeza esse homem é um representante das trevas, é sua nisso causar mortes, brigas e caos social. Mas Deus não permitirá esse demônio a perturbar todo o país.', 'parentId': 'UgwhqUFlBYlxGkNlrQJ4AaABAg', 'authorDisplayName': 'Alessandra D', 'authorProfileImageUrl': 'https://yt3.ggpht.com/ytc/AGIKgqPNKkKDkLbggoJvdYPPBiY3I55hYRg8HcsQJXO4-eRtlbHWISykMGsrGRb6RbJi=s48-c-k-c0x00ffffff-no-rj', 'authorChannelUrl': 'http://www.youtube.com/channel/UCI4xo3DZJ-vITok4lmvfjMw', 'authorChannelId': {'value': 'UCI4xo3DZJ-vITok4lmvfjMw'}, 'canRate': True, 'viewerRating': 'none', 'likeCount': 0, 'publishedAt': '2022-11-01T09:48:21Z', 'updatedAt': '2022-11-01T09:48:21Z'}}]}",UCGu3x-FLUMpkIE9zhpO-5mA,2022-10-31T23:45:42Z,Ese homem veio pra acabar com nosa pas e o demonio e agora coloca os endemoniados pra fazer baterna nas estradas,,2023-06-07 12:46:29.357383
youtube#commentThread,aeV7bUih6S3Go6YFholETcxaGhs,Ugxzo1s81bUNbYmgRM54AaABAg,"{'videoId': 'XRYjrJJZAME', 'topLevelComment': {'kind': 'youtube#comment', 'etag': '_Ry2DSQzvA3reFyF6qtu6G4-BVM', 'id': 'Ugxzo1s81bUNbYmgRM54AaABAg', 'snippet': {'videoId': 'XRYjrJJZAME', 'textDisplay': 'São baderneiros  irresponsáveis.', 'textOriginal': 'São baderneiros  irresponsáveis.', 'authorDisplayName': 'Maria Helena', 'authorProfileImageUrl': 'https://yt3.ggpht.com/ytc/AGIKgqMMN-_l94y766UTvT8qwujKKWd96j10olF4BA=s48-c-k-c0x00ffffff-no-rj', 'authorChannelUrl': 'http://www.youtube.com/channel/UC2Rej-hwAO7ieqEgiH2Mnxw', 'authorChannelId': {'value': 'UC2Rej-hwAO7ieqEgiH2Mnxw'}, 'canRate': True, 'viewerRating': 'none', 'likeCount': 7, 'publishedAt': '2022-10-31T23:45:38Z', 'updatedAt': '2022-10-31T23:45:38Z'}}, 'canReply': True, 'totalReplyCount': 0, 'isPublic': True}",,UC2Rej-hwAO7ieqEgiH2Mnxw,2022-10-31T23:45:38Z,São baderneiros  irresponsáveis.,,2023-06-07 12:46:29.357383
youtube#commentThread,RLFAdhSgHT9TxThQXM7U4crOj18,UgwFoaUYvTFQb1yykgN4AaABAg,"{'videoId': 'XRYjrJJZAME', 'topLevelComment': {'kind': 'youtube#comment', 'etag': 'Kn5zXD5JW9Idjir4EZM-zyPZ4tI', 'id': 'UgwFoaUYvTFQb1yykgN4AaABAg', 'snippet': {'videoId': 'XRYjrJJZAME', 'textDisplay': 'Ta na cara quê ta envolvido nestas manifestação. Não se posicionou até agora', 'textOriginal': 'Ta na cara quê ta envolvido nestas manifestação. Não se posicionou até agora', 'authorDisplayName': 'Carlos Roberto', 'authorProfileImageUrl': 'https://yt3.ggpht.com/ytc/AGIKgqOhVfjPeCMQ3Aa1Qrip0SlEXckD3ooJL5xV5hjcXy6UdOobTe_m-JKDRiah-m_m=s48-c-k-c0x00ffffff-no-rj', 'authorChannelUrl': 'http://www.youtube.com/channel/UCIAJKaIgXUadVZkI5yO-tlA', 'authorChannelId': {'value': 'UCIAJKaIgXUadVZkI5yO-tlA'}, 'canRate': True, 'viewerRating': 'none', 'likeCount': 91, 'publishedAt': '2022-10-31T23:45:22Z', 'updatedAt': '2022-10-31T23:45:22Z'}}, 'canReply': True, 'totalReplyCount': 4, 'isPublic': True}","{'comments': [{'kind': 'youtube#comment', 'etag': '3LJnpAUZp0XUkXKIr8UZcUclg5I', 'id': 'UgwFoaUYvTFQb1yykgN4AaABAg.9hrv1yhkLh-9hw0euuL6nj', 'snippet': {'videoId': 'XRYjrJJZAME', 'textDisplay': 'AGORA O LULA APOIA A EMENDAS DE RELATOR, O TAL DO ORÇAMENTO SECRETO QUE OS PETISTAS TANTO CRITICAVAM', 'textOriginal': 'AGORA O LULA APOIA A EMENDAS DE RELATOR, O TAL DO ORÇAMENTO SECRETO QUE OS PETISTAS TANTO CRITICAVAM', 'parentId': 'UgwFoaUYvTFQb1yykgN4AaABAg', 'authorDisplayName': 'Política Brasil', 'authorProfileImageUrl': 'https://yt3.ggpht.com/ytc/AGIKgqM7shAgdC37nnqf_dDkaHFNNq08sHhxYLoCO_2dsA=s48-c-k-c0x00ffffff-no-rj', 'authorChannelUrl': 'http://www.youtube.com/channel/UCJfaTEmCzhIHn_60gm2EyBw', 'authorChannelId': {'value': 'UCJfaTEmCzhIHn_60gm2EyBw'}, 'canRate': True, 'viewerRating': 'none', 'likeCount': 0, 'publishedAt': '2022-11-02T14:00:12Z', 'updatedAt': '2022-11-02T14:00:12Z'}}, {'kind': 'youtube#comment', 'etag': '9jaD6jpn8_KQWFl0TGwxZUEEbos', 'id': 'UgwFoaUYvTFQb1yykgN4AaABAg.9hrv1yhkLh-9ht6CSo9wWN', 'snippet': {'videoId': 'XRYjrJJZAME', 'textDisplay': 'Tá bem sumido😆😆😆😆🤦\u200d♀️🤦\u200d♀️🤦\u200d♀️', 'textOriginal': 'Tá bem sumido😆😆😆😆🤦\u200d♀️🤦\u200d♀️🤦\u200d♀️', 'parentId': 'UgwFoaUYvTFQb1yykgN4AaABAg', 'authorDisplayName': 'Mariana Goncalves', 'authorProfileImageUrl': 'https://yt3.ggpht.com/ytc/AGIKgqPbheqiYTjJK82HMQMR_6j8q6ESfJP4154JS2hllkYbvpezkGAT6DkkOSP5LsFE=s48-c-k-c0x00ffffff-no-rj', 'authorChannelUrl': 'http://www.youtube.com/channel/UC2Q-qxFpGPhNfpZhHrjNgng', 'authorChannelId': {'value': 'UC2Q-qxFpGPhNfpZhHrjNgng'}, 'canRate': True, 'viewerRating': 'none', 'likeCount': 1, 'publishedAt': '2022-11-01T10:50:53Z', 'updatedAt': '2022-11-01T10:50:53Z'}}, {'kind': 'youtube#comment', 'etag': 'bfxcRKdXMyO9jVF1ov5R-QRsn3I', 'id': 'UgwFoaUYvTFQb1yykgN4AaABAg.9hrv1yhkLh-9hse1d8UBNY', 'snippet': {'videoId': 'XRYjrJJZAME', 'textDisplay': 'O mandante é o Maldito Bozo e todo o mundo sabe.', 'textOriginal': 'O mandante é o Maldito Bozo e todo o mundo sabe.', 'parentId': 'UgwFoaUYvTFQb1yykgN4AaABAg', 'authorDisplayName': 'Marluce Mares', 'authorProfileImageUrl': 'https://yt3.ggpht.com/ytc/AGIKgqODmEjME03HwtK5TOfCyYNxUZefgyDqZ2YN6ySvimlcFyamAUQ_I3EkP2nLGFGV=s48-c-k-c0x00ffffff-no-rj', 'authorChannelUrl': 'http://www.youtube.com/channel/UCJP1-NlA4o8IBRvisJXIJqQ', 'authorChannelId': {'value': 'UCJP1-NlA4o8IBRvisJXIJqQ'}, 'canRate': True, 'viewerRating': 'none', 'likeCount': 0, 'publishedAt': '2022-11-01T06:36:00Z', 'updatedAt': '2022-11-01T06:36:00Z'}}, {'kind': 'youtube#comment', 'etag': 'GAIlAHt5PkfQ_2-t6EnDit3tbjU', 'id': 'UgwFoaUYvTFQb1yykgN4AaABAg.9hrv1yhkLh-9hs3hnAqscA', 'snippet': {'videoId': 'XRYjrJJZAME', 'textDisplay': 'Ele espera que o povo tome o poder de novo pra ele kkkk por isso que ele ainda nao se manifestou pq pensa que poderá cancelar essa eleição', 'textOriginal': 'Ele espera que o povo tome o poder de novo pra ele kkkk por isso que ele ainda nao se manifestou pq pensa que poderá cancelar essa eleição', 'parentId': 'UgwFoaUYvTFQb1yykgN4AaABAg', 'authorDisplayName': 'marli bignotto', 'authorProfileImageUrl': 'https://yt3.ggpht.com/ytc/AGIKgqMq2kNJ-xOioIf2RsuTM_L3ecxHC9yKFDsYHQ=s48-c-k-c0x00ffffff-no-rj', 'authorChannelUrl': 'http://www.youtube.com/channel/UC6GBUCn9tZdk6MxaE7Np-wA', 'authorChannelId': {'value': 'UC6GBUCn9tZdk6MxaE7Np-wA'}, 'canRate': True, 'viewerRating': 'none', 'likeCount': 7, 'publishedAt': '2022-11-01T01:09:51Z', 'updatedAt': '2022-11-01T01:09:51Z'}}]}",UCIAJKaIgXUadVZkI5yO-tlA,2022-10-31T23:45:22Z,Ta na cara quê ta envolvido nestas manifestação. Não se posicionou até agora,,2023-06-07 12:46:29.357383
youtube#commentThread,ZmrhH9HjTcShlo5auxqvLCFOSTg,Ugy3rPld3aR7-hhAnYt4AaABAg,"{'videoId': 'XRYjrJJZAME', 'topLevelComment': {'kind': 'youtube#comment', 'etag': 'ZCEJdqHvXfymdSC9ZFsVQCLbIls', 'id': 'Ugy3rPld3aR7-hhAnYt4AaABAg', 'snippet': {'videoId': 'XRYjrJJZAME', 'textDisplay': 'Que vergonha pra esses caminhoneiros e pro bolsonaro.muita vergonha.', 'textOriginal': 'Que vergonha pra esses caminhoneiros e pro bolsonaro.muita vergonha.', 'authorDisplayName': 'Márcia  Castro', 'authorProfileImageUrl': 'https://yt3.ggpht.com/E-L6EtKNwctNRtv7rH80sP5wEzItMXVOt5LpFBSXPy-Sr8wB0SwXgliD5vAQvYA0UoXz3JIytw4=s48-c-k-c0x00ffffff-no-rj', 'authorChannelUrl': 'http://www.youtube.com/channel/UC8sXFgCRS7owhgL0_WYCqZw', 'authorChannelId': {'value': 'UC8sXFgCRS7owhgL0_WYCqZw'}, 'canRate': True, 'viewerRating': 'none', 'likeCount': 10, 'publishedAt': '2022-10-31T23:45:21Z', 'updatedAt': '2022-10-31T23:45:21Z'}}, 'canReply': True, 'totalReplyCount': 7, 'isPublic': True}","{'comments': [{'kind': 'youtube#comment', 'etag': 'x9xMYwg30tRRaByP3NFkjbb0u28', 'id': 'Ugy3rPld3aR7-hhAnYt4AaABAg.9hrv1wIdMR59huZpG3MvBR', 'snippet': {'videoId': 'XRYjrJJZAME', 'textDisplay': '@Jeancarlo Mattos que isso amigo o Lula foi um bom presidente. Vc vai ver quando investigar o Bolsonaro, vc vai descobrir coisas que vc nunca imaginou .se prepare', 'textOriginal': '@Jeancarlo Mattos que isso amigo o Lula foi um bom presidente. Vc vai ver quando investigar o Bolsonaro, vc vai descobrir coisas que vc nunca imaginou .se prepare', 'parentId': 'Ugy3rPld3aR7-hhAnYt4AaABAg', 'authorDisplayName': 'Márcia  Castro', 'authorProfileImageUrl': 'https://yt3.ggpht.com/E-L6EtKNwctNRtv7rH80sP5wEzItMXVOt5LpFBSXPy-Sr8wB0SwXgliD5vAQvYA0UoXz3JIytw4=s48-c-k-c0x00ffffff-no-rj', 'authorChannelUrl': 'http://www.youtube.com/channel/UC8sXFgCRS7owhgL0_WYCqZw', 'authorChannelId': {'value': 'UC8sXFgCRS7owhgL0_WYCqZw'}, 'canRate': True, 'viewerRating': 'none', 'likeCount': 0, 'publishedAt': '2022-11-02T00:28:58Z', 'updatedAt': '2022-11-02T00:28:58Z'}}, {'kind': 'youtube#comment', 'etag': 'MxOpnJBiB24j3Oky2RQHNqSRdoo', 'id': 'Ugy3rPld3aR7-hhAnYt4AaABAg.9hrv1wIdMR59huQq15xwel', 'snippet': {'videoId': 'XRYjrJJZAME', 'textDisplay': '@Márcia  Castro MARCIA eu não perdi nada por que não preciso de política para viver não tô nem aí pro bolsonaro, o que me incomoda é ver o pingaiada Lulaladrão ser eleito depois de toda sujeira que ele é o PT fizeram isso me deixa muito triste de viver em um país onde não tem justiça', 'textOriginal': '@Márcia  Castro MARCIA eu não perdi nada por que não preciso de política para viver não tô nem aí pro bolsonaro, o que me incomoda é ver o pingaiada Lulaladrão ser eleito depois de toda sujeira que ele é o PT fizeram isso me deixa muito triste de viver em um país onde não tem justiça', 'parentId': 'Ugy3rPld3aR7-hhAnYt4AaABAg', 'authorDisplayName': 'Jeancarlo Mattos', 'authorProfileImageUrl': 'https://yt3.ggpht.com/ytc/AGIKgqOshpVaDKj4s5o-7jXHhnXDbzCCdYw7Mp1Ti1LMl3DDUYYemkqzXmucrxYR9SWs=s48-c-k-c0x00ffffff-no-rj', 'authorChannelUrl': 'http://www.youtube.com/channel/UClosrBU0fB7gfYPOBG7v7ng', 'authorChannelId': {'value': 'UClosrBU0fB7gfYPOBG7v7ng'}, 'canRate': True, 'viewerRating': 'none', 'likeCount': 0, 'publishedAt': '2022-11-01T23:10:26Z', 'updatedAt': '2022-11-01T23:10:26Z'}}, {'kind': 'youtube#comment', 'etag': 'DsjyravwwXJo2zSrQ072fsrFWkQ', 'id': 'Ugy3rPld3aR7-hhAnYt4AaABAg.9hrv1wIdMR59huPitdBCNr', 'snippet': {'videoId': 'XRYjrJJZAME', 'textDisplay': '@Jeancarlo Mattos vcs perdeu tem que aceitar a derrota e que ném futebol , depois do jogo já era , quem ganha comemora quem perde fica triste , mais e a vida ,', 'textOriginal': '@Jeancarlo Mattos vcs perdeu tem que aceitar a derrota e que ném futebol , depois do jogo já era , quem ganha comemora quem perde fica triste , mais e a vida ,', 'parentId': 'Ugy3rPld3aR7-hhAnYt4AaABAg', 'authorDisplayName': 'Márcia  Castro', 'authorProfileImageUrl': 'https://yt3.ggpht.com/E-L6EtKNwctNRtv7rH80sP5wEzItMXVOt5LpFBSXPy-Sr8wB0SwXgliD5vAQvYA0UoXz3JIytw4=s48-c-k-c0x00ffffff-no-rj', 'authorChannelUrl': 'http://www.youtube.com/channel/UC8sXFgCRS7owhgL0_WYCqZw', 'authorChannelId': {'value': 'UC8sXFgCRS7owhgL0_WYCqZw'}, 'canRate': True, 'viewerRating': 'none', 'likeCount': 0, 'publishedAt': '2022-11-01T23:00:43Z', 'updatedAt': '2022-11-01T23:01:03Z'}}, {'kind': 'youtube#comment', 'etag': 'A-Tkb-p2N2M5iYhgoVbngSKZgbk', 'id': 'Ugy3rPld3aR7-hhAnYt4AaABAg.9hrv1wIdMR59huPap4Yx8o', 'snippet': {'videoId': 'XRYjrJJZAME', 'textDisplay': '@Jeancarlo Mattos duvido vc neca ter tomado umas kkkkkkkk', 'textOriginal': '@Jeancarlo Mattos duvido vc neca ter tomado umas kkkkkkkk', 'parentId': 'Ugy3rPld3aR7-hhAnYt4AaABAg', 'authorDisplayName': 'Márcia  Castro', 'authorProfileImageUrl': 'https://yt3.ggpht.com/E-L6EtKNwctNRtv7rH80sP5wEzItMXVOt5LpFBSXPy-Sr8wB0SwXgliD5vAQvYA0UoXz3JIytw4=s48-c-k-c0x00ffffff-no-rj', 'authorChannelUrl': 'http://www.youtube.com/channel/UC8sXFgCRS7owhgL0_WYCqZw', 'authorChannelId': {'value': 'UC8sXFgCRS7owhgL0_WYCqZw'}, 'canRate': True, 'viewerRating': 'none', 'likeCount': 0, 'publishedAt': '2022-11-01T22:59:37Z', 'updatedAt': '2022-11-01T22:59:37Z'}}, {'kind': 'youtube#comment', 'etag': 'VlHkqr8cGIagUNmc9aPWU2NBNkQ', 'id': 'Ugy3rPld3aR7-hhAnYt4AaABAg.9hrv1wIdMR59htXD9O-Nx9', 'snippet': {'videoId': 'XRYjrJJZAME', 'textDisplay': '@Márcia  Castro Esse é problema nesse país levam na brincadeira coisa séria quero ver quando os petralhas comessar a roubar se vão achar engraçado', 'textOriginal': '@Márcia  Castro Esse é problema nesse país levam na brincadeira coisa séria quero ver quando os petralhas comessar a roubar se vão achar engraçado', 'parentId': 'Ugy3rPld3aR7-hhAnYt4AaABAg', 'authorDisplayName': 'Jeancarlo Mattos', 'authorProfileImageUrl': 'https://yt3.ggpht.com/ytc/AGIKgqOshpVaDKj4s5o-7jXHhnXDbzCCdYw7Mp1Ti1LMl3DDUYYemkqzXmucrxYR9SWs=s48-c-k-c0x00ffffff-no-rj', 'authorChannelUrl': 'http://www.youtube.com/channel/UClosrBU0fB7gfYPOBG7v7ng', 'authorChannelId': {'value': 'UClosrBU0fB7gfYPOBG7v7ng'}, 'canRate': True, 'viewerRating': 'none', 'likeCount': 0, 'publishedAt': '2022-11-01T14:46:55Z', 'updatedAt': '2022-11-01T14:46:55Z'}}]}",UC8sXFgCRS7owhgL0_WYCqZw,2022-10-31T23:45:21Z,Que vergonha pra esses caminhoneiros e pro bolsonaro.muita vergonha.,,2023-06-07 12:46:29.357383
youtube#commentThread,bBD3r2I776umTltjzQa8htZO9C4,UgwCYh9ErkPPqPmLsd14AaABAg,"{'videoId': 'XRYjrJJZAME', 'topLevelComment': {'kind': 'youtube#comment', 'etag': '5NDacKdS0S3NsbmY1-vVh-ecVOM', 'id': 'UgwCYh9ErkPPqPmLsd14AaABAg', 'snippet': {'videoId': 'XRYjrJJZAME', 'textDisplay': 'Boa noite Paulo! Eu não tinha dúvida de que esse bandido fascista iria aprontar mais 🤔😏', 'textOriginal': 'Boa noite Paulo! Eu não tinha dúvida de que esse bandido fascista iria aprontar mais 🤔😏', 'authorDisplayName': 'Langia Maria', 'authorProfileImageUrl': 'https://yt3.ggpht.com/ytc/AGIKgqMSvmV5PRe7xJkagnwk-3tG9dA-Wwmpl3EZwg=s48-c-k-c0x00ffffff-no-rj', 'authorChannelUrl': 'http://www.youtube.com/channel/UCoGF-sxSl6ICTgb9og9cQVg', 'authorChannelId': {'value': 'UCoGF-sxSl6ICTgb9og9cQVg'}, 'canRate': True, 'viewerRating': 'none', 'likeCount': 184, 'publishedAt': '2022-10-31T23:45:03Z', 'updatedAt': '2022-10-31T23:45:03Z'}}, 'canReply': True, 'totalReplyCount': 9, 'isPublic': True}","{'comments': [{'kind': 'youtube#comment', 'etag': '6ALT_z35KkvOEvTTC0cOWE5oGts', 'id': 'UgwCYh9ErkPPqPmLsd14AaABAg.9hrv-jbVXFW9hw0d_q9QFG', 'snippet': {'videoId': 'XRYjrJJZAME', 'textDisplay': 'AGORA O LULA APOIA A EMENDAS DE RELATOR, O TAL DO ORÇAMENTO SECRETO QUE OS PETISTAS TANTO CRITICAVAM', 'textOriginal': 'AGORA O LULA APOIA A EMENDAS DE RELATOR, O TAL DO ORÇAMENTO SECRETO QUE OS PETISTAS TANTO CRITICAVAM', 'parentId': 'UgwCYh9ErkPPqPmLsd14AaABAg', 'authorDisplayName': 'Política Brasil', 'authorProfileImageUrl': 'https://yt3.ggpht.com/ytc/AGIKgqM7shAgdC37nnqf_dDkaHFNNq08sHhxYLoCO_2dsA=s48-c-k-c0x00ffffff-no-rj', 'authorChannelUrl': 'http://www.youtube.com/channel/UCJfaTEmCzhIHn_60gm2EyBw', 'authorChannelId': {'value': 'UCJfaTEmCzhIHn_60gm2EyBw'}, 'canRate': True, 'viewerRating': 'none', 'likeCount': 0, 'publishedAt': '2022-11-02T14:00:01Z', 'updatedAt': '2022-11-02T14:00:01Z'}}, {'kind': 'youtube#comment', 'etag': 'yEvJj1muZWeKtJDWPGtXfA27NAA', 'id': 'UgwCYh9ErkPPqPmLsd14AaABAg.9hrv-jbVXFW9htU38tsJbm', 'snippet': {'videoId': 'XRYjrJJZAME', 'textDisplay': 'Com certeza,e isso é só o começo, lutamos tanto pra tirar ele daí,mas os fanáticos não deixam, gente só queremos viver em paz.Chega de ódio.', 'textOriginal': 'Com certeza,e isso é só o começo, lutamos tanto pra tirar ele daí,mas os fanáticos não deixam, gente só queremos viver em paz.Chega de ódio.', 'parentId': 'UgwCYh9ErkPPqPmLsd14AaABAg', 'authorDisplayName': 'Iolanda Vieira', 'authorProfileImageUrl': 'https://yt3.ggpht.com/ytc/AGIKgqMe15jHNxgOquMxxpwOetpmMAXM0w5l7KVSGQ=s48-c-k-c0x00ffffff-no-rj', 'authorChannelUrl': 'http://www.youtube.com/channel/UCVGLZXfk6Phy3qkSDlYY5cw', 'authorChannelId': {'value': 'UCVGLZXfk6Phy3qkSDlYY5cw'}, 'canRate': True, 'viewerRating': 'none', 'likeCount': 1, 'publishedAt': '2022-11-01T14:19:20Z', 'updatedAt': '2022-11-01T14:19:20Z'}}, {'kind': 'youtube#comment', 'etag': 'NgnIJ5iXMQ4AR_DM2anlkEgChDQ', 'id': 'UgwCYh9ErkPPqPmLsd14AaABAg.9hrv-jbVXFW9htTkkCEQSa', 'snippet': {'videoId': 'XRYjrJJZAME', 'textDisplay': '@Marluce Mares Com certeza, só Deus 🙏', 'textOriginal': '@Marluce Mares Com certeza, só Deus 🙏', 'parentId': 'UgwCYh9ErkPPqPmLsd14AaABAg', 'authorDisplayName': 'Iolanda Vieira', 'authorProfileImageUrl': 'https://yt3.ggpht.com/ytc/AGIKgqMe15jHNxgOquMxxpwOetpmMAXM0w5l7KVSGQ=s48-c-k-c0x00ffffff-no-rj', 'authorChannelUrl': 'http://www.youtube.com/channel/UCVGLZXfk6Phy3qkSDlYY5cw', 'authorChannelId': {'value': 'UCVGLZXfk6Phy3qkSDlYY5cw'}, 'canRate': True, 'viewerRating': 'none', 'likeCount': 0, 'publishedAt': '2022-11-01T14:16:41Z', 'updatedAt': '2022-11-01T14:16:41Z'}}, {'kind': 'youtube#comment', 'etag': 'GTdDM-vSUOfA6qFHBp7NsLwjOTA', 'id': 'UgwCYh9ErkPPqPmLsd14AaABAg.9hrv-jbVXFW9htH-Ka-lCH', 'snippet': {'videoId': 'XRYjrJJZAME', 'textDisplay': 'Eu também não', 'textOriginal': 'Eu também não', 'parentId': 'UgwCYh9ErkPPqPmLsd14AaABAg', 'authorDisplayName': 'Mari Braz', 'authorProfileImageUrl': 'https://yt3.ggpht.com/ytc/AGIKgqMMrK3XYUUXsSxQaEYoDCfg_D3SDPACd1WxzDXrSbrpUuT04IxWA5AIqItFud_V=s48-c-k-c0x00ffffff-no-rj', 'authorChannelUrl': 'http://www.youtube.com/channel/UC9h-fnAFTjt43CUXgUYrLnw', 'authorChannelId': {'value': 'UC9h-fnAFTjt43CUXgUYrLnw'}, 'canRate': True, 'viewerRating': 'none', 'likeCount': 0, 'publishedAt': '2022-11-01T12:25:13Z', 'updatedAt': '2022-11-01T12:25:13Z'}}, {'kind': 'youtube#comment', 'etag': 'Dy4AeTUmHAIfoyXHa6blQAaj2fs', 'id': 'UgwCYh9ErkPPqPmLsd14AaABAg.9hrv-jbVXFW9hstEqawdP8', 'snippet': {'videoId': 'XRYjrJJZAME', 'textDisplay': 'O AMOR,A.VERDADE SENHOR DEUS ARRANCA AS MÁSCARAS MUITAS COISAS VIRAM A TONA.', 'textOriginal': 'O AMOR,A.VERDADE SENHOR DEUS ARRANCA AS MÁSCARAS MUITAS COISAS VIRAM A TONA.', 'parentId': 'UgwCYh9ErkPPqPmLsd14AaABAg', 'authorDisplayName': 'Alice Nunes De Oliveira Carneiro', 'authorProfileImageUrl': 'https://yt3.ggpht.com/ytc/AGIKgqOr7vYOFqfaiqI8Q2XmdZ3aaB1OJTSU2Z6bvd2O5Q=s48-c-k-c0x00ffffff-no-rj', 'authorChannelUrl': 'http://www.youtube.com/channel/UCxZarJZIUMHG75ULekPI3ZA', 'authorChannelId': {'value': 'UCxZarJZIUMHG75ULekPI3ZA'}, 'canRate': True, 'viewerRating': 'none', 'likeCount': 3, 'publishedAt': '2022-11-01T08:48:53Z', 'updatedAt': '2022-11-01T08:48:53Z'}}]}",UCoGF-sxSl6ICTgb9og9cQVg,2022-10-31T23:45:03Z,Boa noite Paulo! Eu não tinha dúvida de que esse bandido fascista iria aprontar mais 🤔😏,,2023-06-07 12:46:29.357383
youtube#commentThread,BgoHtG-lYycHsHXu3hoVs8fYpYI,UgwFqFwxyCAiZEBrFvF4AaABAg,"{'videoId': 'XRYjrJJZAME', 'topLevelComment': {'kind': 'youtube#comment', 'etag': 'N1qhNhmt_kBdUvpV7CfVpVRhAVU', 'id': 'UgwFqFwxyCAiZEBrFvF4AaABAg', 'snippet': {'videoId': 'XRYjrJJZAME', 'textDisplay': 'Vamos pedir a Força Nacional de Segurança pública para intimar e escoltar esses caminhoneiros arruaceiros.', 'textOriginal': 'Vamos pedir a Força Nacional de Segurança pública para intimar e escoltar esses caminhoneiros arruaceiros.', 'authorDisplayName': 'Marcos Oliveira', 'authorProfileImageUrl': 'https://yt3.ggpht.com/ytc/AGIKgqNXMq1tQPerzK2hsmB-J9NahhH3DuUTApq36Q=s48-c-k-c0x00ffffff-no-rj', 'authorChannelUrl': 'http://www.youtube.com/channel/UCX3WlGG9PsyYR31Xlx_7iNQ', 'authorChannelId': {'value': 'UCX3WlGG9PsyYR31Xlx_7iNQ'}, 'canRate': True, 'viewerRating': 'none', 'likeCount': 81, 'publishedAt': '2022-10-31T23:44:51Z', 'updatedAt': '2022-10-31T23:44:51Z'}}, 'canReply': True, 'totalReplyCount': 17, 'isPublic': True}","{'comments': [{'kind': 'youtube#comment', 'etag': 'FB2KyX5VvFH3Jl9e11Pir6CMuO0', 'id': 'UgwFqFwxyCAiZEBrFvF4AaABAg.9hruzGs5IT79hs9lSVWclH', 'snippet': {'videoId': 'XRYjrJJZAME', 'textDisplay': '@Sophie Ofc oi', 'textOriginal': '@Sophie Ofc oi', 'parentId': 'UgwFqFwxyCAiZEBrFvF4AaABAg', 'authorDisplayName': 'macaco loko', 'authorProfileImageUrl': 'https://yt3.ggpht.com/ytc/AGIKgqO9V_wKF8Yz4-R2Axe6r2D_q2eQPju5mjMtjvIC4QjH0O7SbGUI4AiW1PuRUXkj=s48-c-k-c0x00ffffff-no-rj', 'authorChannelUrl': 'http://www.youtube.com/channel/UC2nBn3t4hRq64HK8Y6mB-Cg', 'authorChannelId': {'value': 'UC2nBn3t4hRq64HK8Y6mB-Cg'}, 'canRate': True, 'viewerRating': 'none', 'likeCount': 0, 'publishedAt': '2022-11-01T02:02:47Z', 'updatedAt': '2022-11-01T02:02:47Z'}}, {'kind': 'youtube#comment', 'etag': '5FJN0WDBcUY95nb2VzvXGI2isz8', 'id': 'UgwFqFwxyCAiZEBrFvF4AaABAg.9hruzGs5IT79hs0kXDiHbG', 'snippet': {'videoId': 'XRYjrJJZAME', 'textDisplay': '@Jeancarlo MattosKKKKKKKK<br>Perdeu porra já era &quot;talquei&quot;<br>        Pode CHORAR babaca é LIVRE.', 'textOriginal': '@Jeancarlo MattosKKKKKKKK\nPerdeu porra já era ""talquei""\n        Pode CHORAR babaca é LIVRE.', 'parentId': 'UgwFqFwxyCAiZEBrFvF4AaABAg', 'authorDisplayName': 'devoltaparaopassado ', 'authorProfileImageUrl': 'https://yt3.ggpht.com/A-Nl8H5UpFhDMdMsqOim36k6nGCoqOOJgHKRU9fWqL5fnvp21n-1eYWzYV4JWvvqs1ugoIM0Y5g=s48-c-k-c0x00ffffff-no-rj', 'authorChannelUrl': 'http://www.youtube.com/channel/UCc5ADxkxUkvloumxGVnQKfg', 'authorChannelId': {'value': 'UCc5ADxkxUkvloumxGVnQKfg'}, 'canRate': True, 'viewerRating': 'none', 'likeCount': 0, 'publishedAt': '2022-11-01T00:44:01Z', 'updatedAt': '2022-11-01T00:44:01Z'}}, {'kind': 'youtube#comment', 'etag': 'NJS6yYTTzpHLc0PvCtPlSz386v0', 'id': 'UgwFqFwxyCAiZEBrFvF4AaABAg.9hruzGs5IT79hs0iQmI6KW', 'snippet': {'videoId': 'XRYjrJJZAME', 'textDisplay': '\u200b@macaco loko oi', 'textOriginal': '\u200b@macaco loko oi', 'parentId': 'UgwFqFwxyCAiZEBrFvF4AaABAg', 'authorDisplayName': 'Sophie Ofc', 'authorProfileImageUrl': 'https://yt3.ggpht.com/_yvsYGLKko0A_oevQUHvFg0wV6_WeQxW0pG6pWaDHpjvfYHG23btR23pdkzEgGdhoZKRr5C8=s48-c-k-c0x00ffffff-no-rj', 'authorChannelUrl': 'http://www.youtube.com/channel/UC4NSN7D4g8EjmT5QmwUTPZg', 'authorChannelId': {'value': 'UC4NSN7D4g8EjmT5QmwUTPZg'}, 'canRate': True, 'viewerRating': 'none', 'likeCount': 1, 'publishedAt': '2022-11-01T00:43:43Z', 'updatedAt': '2022-11-01T00:43:43Z'}}, {'kind': 'youtube#comment', 'etag': 'adthII2FtcJm7eMl4NQSzfimCX0', 'id': 'UgwFqFwxyCAiZEBrFvF4AaABAg.9hruzGs5IT79hs0gHgJ2y5', 'snippet': {'videoId': 'XRYjrJJZAME', 'textDisplay': 'Sou camioneiro e estou parado aqui no pará santana do araguia ..contra minha vontade e a polícia esta apoiando eles.', 'textOriginal': 'Sou camioneiro e estou parado aqui no pará santana do araguia ..contra minha vontade e a polícia esta apoiando eles.', 'parentId': 'UgwFqFwxyCAiZEBrFvF4AaABAg', 'authorDisplayName': 'Altair Miersch', 'authorProfileImageUrl': 'https://yt3.ggpht.com/m0sOKc3R1RsUJ-LAxVc6NfC-37U3IBtZ0M9wypxdUGfkrCBSBv5UZhWsXRdOroGhCtT8oOtDTw=s48-c-k-c0x00ffffff-no-rj', 'authorChannelUrl': 'http://www.youtube.com/channel/UCuk6g14RZ4-RqCiiOr74L7g', 'authorChannelId': {'value': 'UCuk6g14RZ4-RqCiiOr74L7g'}, 'canRate': True, 'viewerRating': 'none', 'likeCount': 2, 'publishedAt': '2022-11-01T00:43:26Z', 'updatedAt': '2022-11-01T00:44:19Z'}}, {'kind': 'youtube#comment', 'etag': 'PSgTZleFS0m0dnUem3VHUryAits', 'id': 'UgwFqFwxyCAiZEBrFvF4AaABAg.9hruzGs5IT79hs0g6IerWk', 'snippet': {'videoId': 'XRYjrJJZAME', 'textDisplay': 'Sou camioneiro e estou parado aqui no pará santana do araguia ..contra minha vontade e a polícia esta apoiando', 'textOriginal': 'Sou camioneiro e estou parado aqui no pará santana do araguia ..contra minha vontade e a polícia esta apoiando', 'parentId': 'UgwFqFwxyCAiZEBrFvF4AaABAg', 'authorDisplayName': 'Altair Miersch', 'authorProfileImageUrl': 'https://yt3.ggpht.com/m0sOKc3R1RsUJ-LAxVc6NfC-37U3IBtZ0M9wypxdUGfkrCBSBv5UZhWsXRdOroGhCtT8oOtDTw=s48-c-k-c0x00ffffff-no-rj', 'authorChannelUrl': 'http://www.youtube.com/channel/UCuk6g14RZ4-RqCiiOr74L7g', 'authorChannelId': {'value': 'UCuk6g14RZ4-RqCiiOr74L7g'}, 'canRate': True, 'viewerRating': 'none', 'likeCount': 4, 'publishedAt': '2022-11-01T00:43:24Z', 'updatedAt': '2022-11-01T00:43:24Z'}}]}",UCX3WlGG9PsyYR31Xlx_7iNQ,2022-10-31T23:44:51Z,Vamos pedir a Força Nacional de Segurança pública para intimar e escoltar esses caminhoneiros arruaceiros.,,2023-06-07 12:46:29.357383
youtube#commentThread,uvsJ6cBtG9-osD1VFvLVoomLSF8,Ugy10IglJo5i4g1udFN4AaABAg,"{'videoId': 'XRYjrJJZAME', 'topLevelComment': {'kind': 'youtube#comment', 'etag': 'yMBKFfvlSqa8HNulV9282GlHTzY', 'id': 'Ugy10IglJo5i4g1udFN4AaABAg', 'snippet': {'videoId': 'XRYjrJJZAME', 'textDisplay': 'Obrigado por ir pra Cima desses Lixos Deputado Paulo Pimenta', 'textOriginal': 'Obrigado por ir pra Cima desses Lixos Deputado Paulo Pimenta', 'authorDisplayName': 'Carlinhos Ribeiro', 'authorProfileImageUrl': 'https://yt3.ggpht.com/ytc/AGIKgqMDQQeGYK9ZNmwI5Wk5tWXNN4ztComd6B2cMmvefSXRGSFQq2ENPC6lrGML_Giu=s48-c-k-c0x00ffffff-no-rj', 'authorChannelUrl': 'http://www.youtube.com/channel/UCpT84ib24nuMWqTnwVMgN6w', 'authorChannelId': {'value': 'UCpT84ib24nuMWqTnwVMgN6w'}, 'canRate': True, 'viewerRating': 'none', 'likeCount': 1, 'publishedAt': '2022-10-31T23:44:37Z', 'updatedAt': '2022-10-31T23:44:37Z'}}, 'canReply': True, 'totalReplyCount': 0, 'isPublic': True}",,UCpT84ib24nuMWqTnwVMgN6w,2022-10-31T23:44:37Z,Obrigado por ir pra Cima desses Lixos Deputado Paulo Pimenta,,2023-06-07 12:46:29.357383
youtube#commentThread,kM1rNYrJaWHZHnabX6XAOWB91CM,UgxebBN4Yk10S_uXlOZ4AaABAg,"{'videoId': 'XRYjrJJZAME', 'topLevelComment': {'kind': 'youtube#comment', 'etag': 'EKj1u8zf3Cs1Fi4DzoY9kyNi2cg', 'id': 'UgxebBN4Yk10S_uXlOZ4AaABAg', 'snippet': {'videoId': 'XRYjrJJZAME', 'textDisplay': 'PRF GENTE, TA NA HORA JÁ', 'textOriginal': 'PRF GENTE, TA NA HORA JÁ', 'authorDisplayName': 'victor', 'authorProfileImageUrl': 'https://yt3.ggpht.com/ytc/AGIKgqO5dBxxt2toOHnqLnYjOGn8TzQT8Rgwf7EfRA=s48-c-k-c0x00ffffff-no-rj', 'authorChannelUrl': 'http://www.youtube.com/channel/UCqgbl8e6rICYbm2jvftWEHw', 'authorChannelId': {'value': 'UCqgbl8e6rICYbm2jvftWEHw'}, 'canRate': True, 'viewerRating': 'none', 'likeCount': 20, 'publishedAt': '2022-10-31T23:44:34Z', 'updatedAt': '2022-10-31T23:44:34Z'}}, 'canReply': True, 'totalReplyCount': 1, 'isPublic': True}","{'comments': [{'kind': 'youtube#comment', 'etag': '2ow3uYgiXZtFvGBctsTTNSjf28A', 'id': 'UgxebBN4Yk10S_uXlOZ4AaABAg.9hruxA4izDv9hs5_hW73_-', 'snippet': {'videoId': 'XRYjrJJZAME', 'textDisplay': 'VICTOR...<br>E RESPONSABILIDADE DA POLICIA <br>FEDERAL ACABAR COM ESTA BADERNA...!!!!!!!!!!!<br>NAO ADIANTAM CHORAR...E LULA <br>LAAAAAAAAAAAAAAAAAAAAAAAA', 'textOriginal': 'VICTOR...\nE RESPONSABILIDADE DA POLICIA \nFEDERAL ACABAR COM ESTA BADERNA...!!!!!!!!!!!\nNAO ADIANTAM CHORAR...E LULA \nLAAAAAAAAAAAAAAAAAAAAAAAA', 'parentId': 'UgxebBN4Yk10S_uXlOZ4AaABAg', 'authorDisplayName': 'Joseir Dos Santos Souza', 'authorProfileImageUrl': 'https://yt3.ggpht.com/ytc/AGIKgqOC0QPoF8ioay1Cvd7LvQ9-TWtyj7H5cHxwKg=s48-c-k-c0x00ffffff-no-rj', 'authorChannelUrl': 'http://www.youtube.com/channel/UC2R729OVGksxBug7hAZoW5A', 'authorChannelId': {'value': 'UC2R729OVGksxBug7hAZoW5A'}, 'canRate': True, 'viewerRating': 'none', 'likeCount': 1, 'publishedAt': '2022-11-01T01:26:13Z', 'updatedAt': '2022-11-01T01:26:13Z'}}]}",UCqgbl8e6rICYbm2jvftWEHw,2022-10-31T23:44:34Z,"PRF GENTE, TA NA HORA JÁ",,2023-06-07 12:46:29.357383
youtube#commentThread,mdfcyoSpeXoq3bidDDS3IO_SM44,UgzGXkauscOZfBcLdPZ4AaABAg,"{'videoId': 'XRYjrJJZAME', 'topLevelComment': {'kind': 'youtube#comment', 'etag': 'tCVDOTpS7LTqyCMZcT3DYmu-KZU', 'id': 'UgzGXkauscOZfBcLdPZ4AaABAg', 'snippet': {'videoId': 'XRYjrJJZAME', 'textDisplay': 'Lula é  ladrao e vergonho do Brasil', 'textOriginal': 'Lula é  ladrao e vergonho do Brasil', 'authorDisplayName': 'Maria Emilia Luiz Guedes', 'authorProfileImageUrl': 'https://yt3.ggpht.com/ytc/AGIKgqPsjcXHMUqNHJGwVtJAudr4vne4JI2C8x_qExoY=s48-c-k-c0x00ffffff-no-rj', 'authorChannelUrl': 'http://www.youtube.com/channel/UC5l4XmjwK5YKpjPnloTLS2g', 'authorChannelId': {'value': 'UC5l4XmjwK5YKpjPnloTLS2g'}, 'canRate': True, 'viewerRating': 'none', 'likeCount': 0, 'publishedAt': '2022-10-31T23:44:33Z', 'updatedAt': '2022-10-31T23:44:33Z'}}, 'canReply': True, 'totalReplyCount': 0, 'isPublic': True}",,UC5l4XmjwK5YKpjPnloTLS2g,2022-10-31T23:44:33Z,Lula é  ladrao e vergonho do Brasil,,2023-06-07 12:46:29.357383
youtube#commentThread,-biobZZ8VCr5-15019jb8s2dxXw,Ugw7V8l4ihEwEIINnG14AaABAg,"{'videoId': 'XRYjrJJZAME', 'topLevelComment': {'kind': 'youtube#comment', 'etag': 'D5_m84SuFObitN_ztjAL-GBszBw', 'id': 'Ugw7V8l4ihEwEIINnG14AaABAg', 'snippet': {'videoId': 'XRYjrJJZAME', 'textDisplay': 'Parabéns Pimenta, pela eleição do nosso presidente Lula!', 'textOriginal': 'Parabéns Pimenta, pela eleição do nosso presidente Lula!', 'authorDisplayName': 'Luiz Cláudio Ferreira Moraes', 'authorProfileImageUrl': 'https://yt3.ggpht.com/hPwc0WaWFPzujycedPiuHOth4F0eyF4BOxXxmTxCLYDK1AnhDaa2buKy1I9O6HiyyDsjTRfO=s48-c-k-c0x00ffffff-no-rj', 'authorChannelUrl': 'http://www.youtube.com/channel/UCRnAzsiQA_xmWoc7LSke2xg', 'authorChannelId': {'value': 'UCRnAzsiQA_xmWoc7LSke2xg'}, 'canRate': True, 'viewerRating': 'none', 'likeCount': 101, 'publishedAt': '2022-10-31T23:44:32Z', 'updatedAt': '2022-10-31T23:44:32Z'}}, 'canReply': True, 'totalReplyCount': 3, 'isPublic': True}","{'comments': [{'kind': 'youtube#comment', 'etag': 'vWVd9Ym_kxfXptscx_crUhvFtyA', 'id': 'Ugw7V8l4ihEwEIINnG14AaABAg.9hruwtIlYyQ9hs2V-FtdNC', 'snippet': {'videoId': 'XRYjrJJZAME', 'textDisplay': 'É verdade, nunca pensei que o brasil chegasse a onde chegou, <br>Um presidente totalmente desequilibrado com  outros contraditoriados protestantes, maria vai com as outras chegou na pior baderna dos últimos tempos 🤮🤮🐺💰👹🪱🪱🪱', 'textOriginal': 'É verdade, nunca pensei que o brasil chegasse a onde chegou, \nUm presidente totalmente desequilibrado com  outros contraditoriados protestantes, maria vai com as outras chegou na pior baderna dos últimos tempos 🤮🤮🐺💰👹🪱🪱🪱', 'parentId': 'Ugw7V8l4ihEwEIINnG14AaABAg', 'authorDisplayName': 'bene chagas', 'authorProfileImageUrl': 'https://yt3.ggpht.com/ytc/AGIKgqOfixtSxggEU2SUncVJ-Dm2NZTqHrw_hd-0HIblVyJPivHafz_CePSQuBJdTgD-=s48-c-k-c0x00ffffff-no-rj', 'authorChannelUrl': 'http://www.youtube.com/channel/UC88v-DQ5s35kEees36MEwKw', 'authorChannelId': {'value': 'UC88v-DQ5s35kEees36MEwKw'}, 'canRate': True, 'viewerRating': 'none', 'likeCount': 1, 'publishedAt': '2022-11-01T00:59:14Z', 'updatedAt': '2022-11-01T00:59:14Z'}}, {'kind': 'youtube#comment', 'etag': 'ssg837u3_haZf6hIyrLxOQCGT40', 'id': 'Ugw7V8l4ihEwEIINnG14AaABAg.9hruwtIlYyQ9hs1GMfryJ_', 'snippet': {'videoId': 'XRYjrJJZAME', 'textDisplay': 'Cercado de golpustas. Tuc tac.', 'textOriginal': 'Cercado de golpustas. Tuc tac.', 'parentId': 'Ugw7V8l4ihEwEIINnG14AaABAg', 'authorDisplayName': 'Mirtes Muller', 'authorProfileImageUrl': 'https://yt3.ggpht.com/ytc/AGIKgqPntKUglHrRkKMf1sra5SsSRtkgtV6K0AGRLg=s48-c-k-c0x00ffffff-no-rj', 'authorChannelUrl': 'http://www.youtube.com/channel/UCRSD2HeU4rIov2y1thJIhsw', 'authorChannelId': {'value': 'UCRSD2HeU4rIov2y1thJIhsw'}, 'canRate': True, 'viewerRating': 'none', 'likeCount': 0, 'publishedAt': '2022-11-01T00:48:30Z', 'updatedAt': '2022-11-01T00:48:30Z'}}, {'kind': 'youtube#comment', 'etag': '9kaJFzUqAO3Jjy2-UcidF1CdKts', 'id': 'Ugw7V8l4ihEwEIINnG14AaABAg.9hruwtIlYyQ9hrzrK3GIMB', 'snippet': {'videoId': 'XRYjrJJZAME', 'textDisplay': 'Bolsonaro não está obrigado ninguém a ir pra estrada não seu ignorante. O povo é que não está aceitando o resultado da eleição.o povo tem esse direito.para de falar asneira.é lava essa boca suja,contaminada de tanta maldade.', 'textOriginal': 'Bolsonaro não está obrigado ninguém a ir pra estrada não seu ignorante. O povo é que não está aceitando o resultado da eleição.o povo tem esse direito.para de falar asneira.é lava essa boca suja,contaminada de tanta maldade.', 'parentId': 'Ugw7V8l4ihEwEIINnG14AaABAg', 'authorDisplayName': 'Marly Homem', 'authorProfileImageUrl': 'https://yt3.ggpht.com/ytc/AGIKgqM8ANzHOxgD6-kE0hpRUz2sS_A_PIlTX9P9=s48-c-k-c0x00ffffff-no-rj', 'authorChannelUrl': 'http://www.youtube.com/channel/UCIClJGNuyF6R5F1kQ_xZouA', 'authorChannelId': {'value': 'UCIClJGNuyF6R5F1kQ_xZouA'}, 'canRate': True, 'viewerRating': 'none', 'likeCount': 0, 'publishedAt': '2022-11-01T00:27:28Z', 'updatedAt': '2022-11-01T00:27:28Z'}}]}",UCRnAzsiQA_xmWoc7LSke2xg,2022-10-31T23:44:32Z,"Parabéns Pimenta, pela eleição do nosso presidente Lula!",,2023-06-07 12:46:29.357383
youtube#commentThread,MypwdhMx4vnVutszMMbY3MfyPSU,UgwZ1G6qC2yM0LJV34d4AaABAg,"{'videoId': 'XRYjrJJZAME', 'topLevelComment': {'kind': 'youtube#comment', 'etag': 'tMsEsIFcvd-0SagCl4EJdlJGxL8', 'id': 'UgwZ1G6qC2yM0LJV34d4AaABAg', 'snippet': {'videoId': 'XRYjrJJZAME', 'textDisplay': 'Bolsonaro está se enterrando vivo!', 'textOriginal': 'Bolsonaro está se enterrando vivo!', 'authorDisplayName': 'Rosemarie Broker Bone', 'authorProfileImageUrl': 'https://yt3.ggpht.com/ytc/AGIKgqOU-T930vJzn9_tEXsaTCrCtXPtf2XYGiWx5ZmhEQ=s48-c-k-c0x00ffffff-no-rj', 'authorChannelUrl': 'http://www.youtube.com/channel/UCTwo6_lJv6_ZS7o3JB5Dt3w', 'authorChannelId': {'value': 'UCTwo6_lJv6_ZS7o3JB5Dt3w'}, 'canRate': True, 'viewerRating': 'none', 'likeCount': 54, 'publishedAt': '2022-10-31T23:44:15Z', 'updatedAt': '2022-10-31T23:44:15Z'}}, 'canReply': True, 'totalReplyCount': 0, 'isPublic': True}",,UCTwo6_lJv6_ZS7o3JB5Dt3w,2022-10-31T23:44:15Z,Bolsonaro está se enterrando vivo!,,2023-06-07 12:46:29.357383
